36 252
0 1
0 2
0 3
0 4
0 5
0 6
0 7
0 8
0 9
0 10
0 11
0 12
0 13
0 14
1 2
1 3
1 4
1 5
1 15
1 16
1 17
1 18
1 19
1 20
1 21
1 22
1 23
2 6
2 8
2 10
2 21
2 22
2 23
2 27
2 29
2 31
2 32
2 34
2 35
3 7
3 9
3 13
3 18
3 20
3 22
3 26
3 30
3 32
3 33
3 34
3 35
4 11
4 12
4 14
4 16
4 21
4 23
4 25
4 28
4 30
4 32
4 33
4 34
5 12
5 13
5 14
5 17
5 19
5 20
5 27
5 28
5 29
5 31
5 33
5 35
6 7
6 10
6 14
6 15
6 17
6 18
6 19
6 25
6 28
6 30
6 32
6 35
7 9
7 14
7 15
7 16
7 20
7 21
7 24
7 27
7 28
7 29
7 34
8 9
8 11
8 13
8 17
8 18
8 19
8 21
8 24
8 25
8 27
8 33
8 34
9 12
9 16
9 17
9 19
9 23
9 25
9 26
9 29
9 31
9 32
10 11
10 12
10 16
10 17
10 20
10 22
10 24
10 26
10 29
10 30
10 33
11 13
11 15
11 16
11 18
11 20
11 26
11 27
11 28
11 31
11 32
12 15
12 19
12 21
12 24
12 26
12 30
12 31
12 34
12 35
13 15
13 22
13 23
13 24
13 25
13 28
13 29
13 30
13 35
14 18
14 22
14 23
14 24
14 25
14 26
14 27
14 31
14 33
15 16
15 17
15 18
15 23
15 24
15 31
15 34
15 35
16 19
16 22
16 25
16 27
16 29
16 33
16 35
17 20
17 23
17 25
17 26
17 28
17 33
17 34
18 19
18 21
18 26
18 29
18 30
18 31
18 33
19 22
19 24
19 27
19 28
19 30
19 32
20 21
20 24
20 25
20 27
20 30
20 31
20 32
21 24
21 25
21 26
21 28
21 29
21 35
22 24
22 25
22 26
22 28
22 31
22 34
23 24
23 26
23 27
23 29
23 30
23 32
24 32
24 33
25 30
25 31
25 35
26 27
26 28
26 35
27 30
27 34
27 35
28 29
28 32
28 34
29 30
29 31
29 33
30 34
31 32
31 34
32 33
32 35
33 34
33 35
