36 252
0 1
0 2
0 3
0 4
0 5
0 6
0 7
0 8
0 9
0 10
0 11
0 12
0 13
0 14
1 2
1 3
1 4
1 5
1 15
1 16
1 17
1 18
1 19
1 20
1 21
1 22
1 23
2 9
2 12
2 13
2 16
2 19
2 23
2 25
2 26
2 29
2 33
2 34
2 35
3 8
3 12
3 14
3 17
3 18
3 22
3 27
3 28
3 30
3 33
3 34
3 35
4 5
4 10
4 11
4 22
4 23
4 25
4 26
4 28
4 30
4 31
4 32
4 35
5 13
5 14
5 20
5 21
5 24
5 27
5 29
5 31
5 32
5 33
5 34
6 8
6 9
6 10
6 14
6 15
6 18
6 19
6 21
6 23
6 31
6 32
6 34
6 35
7 11
7 12
7 13
7 14
7 15
7 19
7 21
7 22
7 23
7 24
7 28
7 29
7 30
8 9
8 11
8 17
8 20
8 22
8 23
8 24
8 25
8 29
8 31
8 33
9 13
9 16
9 20
9 21
9 22
9 26
9 27
9 28
9 30
9 32
10 11
10 12
10 16
10 17
10 18
10 21
10 24
10 26
10 27
10 29
10 35
11 15
11 16
11 19
11 20
11 25
11 27
11 30
11 33
11 34
12 15
12 18
12 20
12 26
12 28
12 29
12 31
12 32
12 33
13 15
13 17
13 18
13 24
13 25
13 27
13 30
13 31
13 35
14 16
14 17
14 19
14 24
14 25
14 26
14 28
14 32
14 34
15 16
15 17
15 20
15 22
15 31
15 32
15 34
15 35
16 17
16 23
16 24
16 27
16 28
16 32
16 33
17 21
17 25
17 26
17 29
17 30
17 31
18 19
18 20
18 23
18 24
18 25
18 27
18 30
18 32
19 21
19 22
19 25
19 26
19 27
19 31
19 33
20 21
20 24
20 25
20 26
20 28
20 34
21 28
21 29
21 30
21 33
21 35
22 24
22 26
22 27
22 29
22 32
22 35
23 24
23 28
23 29
23 30
23 31
23 34
24 26
24 33
24 35
25 28
25 29
25 32
25 35
26 30
26 31
26 34
27 28
27 29
27 31
27 34
28 31
28 35
29 32
29 34
30 32
30 33
30 34
31 33
32 33
33 35
34 35
