36 252
32 23
32 35
32 6
32 8
32 24
32 10
32 18
32 26
32 12
32 20
32 17
32 0
32 31
32 30
23 35
23 6
23 8
23 24
23 28
23 22
23 1
23 3
23 13
23 25
23 14
23 5
23 16
35 0
35 31
35 30
35 14
35 5
35 16
35 21
35 27
35 33
35 15
35 2
35 4
6 20
6 17
6 30
6 13
6 25
6 14
6 29
6 34
6 2
6 4
6 7
6 19
8 24
8 10
8 26
8 1
8 5
8 11
8 29
8 21
8 33
8 2
8 7
8 19
24 18
24 12
24 3
24 16
24 9
24 34
24 27
24 15
24 4
24 7
24 19
10 26
10 31
10 30
10 28
10 22
10 3
10 13
10 9
10 29
10 15
10 2
10 4
18 12
18 0
18 30
18 28
18 22
18 1
18 25
18 11
18 34
18 33
18 2
18 4
26 20
26 17
26 28
26 25
26 14
26 16
26 11
26 34
26 27
26 33
26 15
12 20
12 17
12 22
12 13
12 14
12 5
12 9
12 29
12 21
12 33
12 15
20 31
20 28
20 1
20 25
20 5
20 9
20 21
20 27
20 4
20 7
17 0
17 22
17 3
17 13
17 16
17 11
17 21
17 27
17 2
17 19
0 31
0 28
0 3
0 25
0 5
0 11
0 29
0 15
0 7
0 19
31 22
31 1
31 13
31 16
31 9
31 34
31 33
31 7
31 19
30 1
30 3
30 14
30 11
30 9
30 29
30 34
30 21
30 27
28 22
28 3
28 14
28 5
28 34
28 21
28 4
28 19
22 1
22 14
22 16
22 29
22 27
22 2
22 7
1 13
1 25
1 11
1 21
1 27
1 15
1 19
3 13
3 25
3 9
3 21
3 27
3 33
3 7
13 5
13 11
13 34
13 33
13 15
13 4
25 16
25 9
25 29
25 33
25 15
25 2
14 11
14 9
14 33
14 15
14 7
14 19
5 11
5 9
5 29
5 34
5 27
5 2
16 11
16 9
16 29
16 34
16 21
16 4
11 9
11 4
11 7
9 2
9 19
29 34
29 21
29 15
29 7
34 27
34 33
34 19
21 33
21 4
21 19
27 15
27 2
27 7
33 2
33 7
15 4
15 19
2 4
2 19
4 7
