36 252
28 19
28 23
28 12
28 1
28 17
28 6
28 2
28 32
28 0
28 27
28 31
28 18
28 15
28 25
19 23
19 12
19 1
19 17
19 9
19 26
19 33
19 4
19 24
19 10
19 29
19 7
19 34
23 18
23 15
23 25
23 29
23 7
23 34
23 11
23 35
23 22
23 3
23 8
23 21
12 27
12 31
12 25
12 24
12 10
12 29
12 13
12 30
12 8
12 21
12 14
12 5
1 17
1 6
1 32
1 33
1 7
1 20
1 13
1 11
1 22
1 8
1 14
1 5
17 2
17 0
17 4
17 34
17 16
17 30
17 35
17 3
17 21
17 14
17 5
6 32
6 15
6 25
6 9
6 26
6 4
6 24
6 16
6 13
6 3
6 8
6 21
2 0
2 18
2 25
2 9
2 26
2 33
2 10
2 20
2 30
2 22
2 8
2 21
32 27
32 31
32 9
32 10
32 29
32 34
32 20
32 30
32 35
32 22
32 3
0 27
0 31
0 26
0 24
0 29
0 7
0 16
0 13
0 11
0 22
0 3
27 15
27 9
27 33
27 10
27 7
27 16
27 11
27 35
27 21
27 14
31 18
31 26
31 4
31 24
31 34
31 20
31 11
31 35
31 8
31 5
18 15
18 9
18 4
18 10
18 7
18 20
18 13
18 3
18 14
18 5
15 26
15 33
15 24
15 34
15 16
15 30
15 22
15 14
15 5
25 33
25 4
25 29
25 20
25 16
25 13
25 30
25 11
25 35
9 26
9 4
9 29
9 7
9 30
9 11
9 21
9 5
26 33
26 29
26 34
26 13
26 35
26 8
26 14
33 24
33 10
33 20
33 11
33 35
33 3
33 5
4 24
4 10
4 16
4 11
4 35
4 22
4 14
24 7
24 20
24 30
24 22
24 3
24 21
10 34
10 16
10 13
10 22
10 3
10 8
29 20
29 16
29 22
29 3
29 14
29 5
7 20
7 16
7 13
7 30
7 35
7 8
34 20
34 16
34 13
34 30
34 11
34 21
20 16
20 21
20 14
16 8
16 5
13 30
13 11
13 3
13 14
30 35
30 22
30 5
11 22
11 21
11 5
35 3
35 8
35 14
22 8
22 14
3 21
3 5
8 21
8 5
21 14
