36 252
8 30
8 23
8 11
8 20
8 33
8 27
8 10
8 32
8 24
8 13
8 19
8 14
8 21
8 5
30 23
30 11
30 20
30 33
30 15
30 1
30 17
30 4
30 12
30 28
30 6
30 0
30 9
23 14
23 21
23 5
23 6
23 0
23 9
23 2
23 34
23 29
23 35
23 7
23 25
11 13
11 19
11 5
11 12
11 28
11 6
11 16
11 26
11 7
11 25
11 22
11 18
20 33
20 27
20 32
20 17
20 0
20 31
20 16
20 2
20 29
20 7
20 22
20 18
33 10
33 24
33 4
33 9
33 3
33 26
33 34
33 35
33 25
33 22
33 18
27 32
27 21
27 5
27 15
27 1
27 4
27 12
27 3
27 16
27 35
27 7
27 25
10 24
10 14
10 5
10 15
10 1
10 17
10 28
10 31
10 26
10 29
10 7
10 25
32 13
32 19
32 15
32 28
32 6
32 9
32 31
32 26
32 34
32 29
32 35
24 13
24 19
24 1
24 12
24 6
24 0
24 3
24 16
24 2
24 29
24 35
13 21
13 15
13 17
13 28
13 0
13 3
13 2
13 34
13 25
13 22
19 14
19 1
19 4
19 12
19 9
19 31
19 2
19 34
19 7
19 18
14 21
14 15
14 4
14 28
14 0
14 31
14 16
14 35
14 22
14 18
21 1
21 17
21 12
21 9
21 3
21 26
21 29
21 22
21 18
5 17
5 4
5 6
5 31
5 3
5 16
5 26
5 2
5 34
15 1
15 4
15 6
15 0
15 26
15 2
15 25
15 18
1 17
1 6
1 9
1 16
1 34
1 7
1 22
17 12
17 28
17 31
17 2
17 34
17 35
17 18
4 12
4 28
4 3
4 2
4 34
4 29
4 22
12 0
12 31
12 26
12 29
12 35
12 25
28 9
28 3
28 16
28 29
28 35
28 7
6 31
6 3
6 29
6 35
6 22
6 18
0 31
0 3
0 16
0 26
0 34
0 7
9 31
9 3
9 16
9 26
9 2
9 25
31 3
31 25
31 22
3 7
3 18
16 26
16 2
16 35
16 22
26 34
26 29
26 18
2 29
2 25
2 18
34 35
34 7
34 22
29 7
29 22
35 25
35 18
7 25
7 18
25 22
