28 168
24 8
24 25
24 12
24 17
24 6
24 16
24 14
24 15
24 26
24 1
24 18
24 20
8 25
8 12
8 17
8 6
8 16
8 14
8 21
8 10
8 7
8 19
8 0
25 12
25 17
25 6
25 16
25 15
25 21
25 23
25 4
25 5
25 9
12 17
12 6
12 16
12 26
12 10
12 23
12 11
12 3
12 27
17 6
17 16
17 1
17 7
17 4
17 11
17 2
17 22
6 16
6 18
6 19
6 5
6 3
6 2
6 13
16 20
16 0
16 9
16 27
16 22
16 13
14 15
14 26
14 1
14 18
14 20
14 21
14 10
14 7
14 19
14 0
15 26
15 1
15 18
15 20
15 21
15 23
15 4
15 5
15 9
26 1
26 18
26 20
26 10
26 23
26 11
26 3
26 27
1 18
1 20
1 7
1 4
1 11
1 2
1 22
18 20
18 19
18 5
18 3
18 2
18 13
20 0
20 9
20 27
20 22
20 13
21 10
21 7
21 19
21 0
21 23
21 4
21 5
21 9
10 7
10 19
10 0
10 23
10 11
10 3
10 27
7 19
7 0
7 4
7 11
7 2
7 22
19 0
19 5
19 3
19 2
19 13
0 9
0 27
0 22
0 13
23 4
23 5
23 9
23 11
23 3
23 27
4 5
4 9
4 11
4 2
4 22
5 9
5 3
5 2
5 13
9 27
9 22
9 13
11 3
11 27
11 2
11 22
3 27
3 2
3 13
27 22
27 13
2 22
2 13
22 13
