28 168
5 23
5 13
5 0
5 12
5 4
5 15
5 6
5 22
5 18
5 2
5 16
5 26
23 13
23 0
23 12
23 4
23 15
23 6
23 24
23 1
23 20
23 21
23 3
13 0
13 12
13 4
13 15
13 22
13 24
13 9
13 8
13 17
13 7
0 12
0 4
0 15
0 18
0 1
0 9
0 14
0 10
0 25
12 4
12 15
12 2
12 20
12 8
12 14
12 11
12 19
4 15
4 16
4 21
4 17
4 10
4 11
4 27
15 26
15 3
15 7
15 25
15 19
15 27
6 22
6 18
6 2
6 16
6 26
6 24
6 1
6 20
6 21
6 3
22 18
22 2
22 16
22 26
22 24
22 9
22 8
22 17
22 7
18 2
18 16
18 26
18 1
18 9
18 14
18 10
18 25
2 16
2 26
2 20
2 8
2 14
2 11
2 19
16 26
16 21
16 17
16 10
16 11
16 27
26 3
26 7
26 25
26 19
26 27
24 1
24 20
24 21
24 3
24 9
24 8
24 17
24 7
1 20
1 21
1 3
1 9
1 14
1 10
1 25
20 21
20 3
20 8
20 14
20 11
20 19
21 3
21 17
21 10
21 11
21 27
3 7
3 25
3 19
3 27
9 8
9 17
9 7
9 14
9 10
9 25
8 17
8 7
8 14
8 11
8 19
17 7
17 10
17 11
17 27
7 25
7 19
7 27
14 10
14 25
14 11
14 19
10 25
10 11
10 27
25 19
25 27
11 19
11 27
19 27
