28 168
13 10
13 21
13 22
13 19
13 18
13 7
13 4
13 11
13 14
13 3
13 23
13 17
10 21
10 22
10 19
10 18
10 7
10 4
10 6
10 12
10 26
10 1
10 9
21 22
21 19
21 18
21 7
21 11
21 6
21 25
21 2
21 5
21 0
22 19
22 18
22 7
22 14
22 12
22 25
22 16
22 24
22 20
19 18
19 7
19 3
19 26
19 2
19 16
19 15
19 8
18 7
18 23
18 1
18 5
18 24
18 15
18 27
7 17
7 9
7 0
7 20
7 8
7 27
4 11
4 14
4 3
4 23
4 17
4 6
4 12
4 26
4 1
4 9
11 14
11 3
11 23
11 17
11 6
11 25
11 2
11 5
11 0
14 3
14 23
14 17
14 12
14 25
14 16
14 24
14 20
3 23
3 17
3 26
3 2
3 16
3 15
3 8
23 17
23 1
23 5
23 24
23 15
23 27
17 9
17 0
17 20
17 8
17 27
6 12
6 26
6 1
6 9
6 25
6 2
6 5
6 0
12 26
12 1
12 9
12 25
12 16
12 24
12 20
26 1
26 9
26 2
26 16
26 15
26 8
1 9
1 5
1 24
1 15
1 27
9 0
9 20
9 8
9 27
25 2
25 5
25 0
25 16
25 24
25 20
2 5
2 0
2 16
2 15
2 8
5 0
5 24
5 15
5 27
0 20
0 8
0 27
16 24
16 20
16 15
16 8
24 20
24 15
24 27
20 8
20 27
15 8
15 27
8 27
