28 168
15 11
15 6
15 23
15 27
15 2
15 25
15 10
15 22
15 5
15 21
15 16
15 12
11 6
11 23
11 27
11 2
11 25
11 10
11 0
11 4
11 3
11 8
11 24
6 23
6 27
6 2
6 25
6 22
6 0
6 1
6 7
6 20
6 18
23 27
23 2
23 25
23 5
23 4
23 1
23 9
23 26
23 19
27 2
27 25
27 21
27 3
27 7
27 9
27 13
27 17
2 25
2 16
2 8
2 20
2 26
2 13
2 14
25 12
25 24
25 18
25 19
25 17
25 14
10 22
10 5
10 21
10 16
10 12
10 0
10 4
10 3
10 8
10 24
22 5
22 21
22 16
22 12
22 0
22 1
22 7
22 20
22 18
5 21
5 16
5 12
5 4
5 1
5 9
5 26
5 19
21 16
21 12
21 3
21 7
21 9
21 13
21 17
16 12
16 8
16 20
16 26
16 13
16 14
12 24
12 18
12 19
12 17
12 14
0 4
0 3
0 8
0 24
0 1
0 7
0 20
0 18
4 3
4 8
4 24
4 1
4 9
4 26
4 19
3 8
3 24
3 7
3 9
3 13
3 17
8 24
8 20
8 26
8 13
8 14
24 18
24 19
24 17
24 14
1 7
1 20
1 18
1 9
1 26
1 19
7 20
7 18
7 9
7 13
7 17
20 18
20 26
20 13
20 14
18 19
18 17
18 14
9 26
9 19
9 13
9 17
26 19
26 13
26 14
19 17
19 14
13 17
13 14
17 14
