28 168
24 12
24 3
24 6
24 14
24 16
24 27
24 22
24 26
24 2
24 13
24 17
24 25
12 3
12 6
12 14
12 16
12 27
12 22
12 5
12 0
12 10
12 11
12 7
3 6
3 14
3 16
3 27
3 26
3 5
3 20
3 15
3 4
3 9
6 14
6 16
6 27
6 2
6 0
6 20
6 1
6 8
6 19
14 16
14 27
14 13
14 10
14 15
14 1
14 21
14 18
16 27
16 17
16 11
16 4
16 8
16 21
16 23
27 25
27 7
27 9
27 19
27 18
27 23
22 26
22 2
22 13
22 17
22 25
22 5
22 0
22 10
22 11
22 7
26 2
26 13
26 17
26 25
26 5
26 20
26 15
26 4
26 9
2 13
2 17
2 25
2 0
2 20
2 1
2 8
2 19
13 17
13 25
13 10
13 15
13 1
13 21
13 18
17 25
17 11
17 4
17 8
17 21
17 23
25 7
25 9
25 19
25 18
25 23
5 0
5 10
5 11
5 7
5 20
5 15
5 4
5 9
0 10
0 11
0 7
0 20
0 1
0 8
0 19
10 11
10 7
10 15
10 1
10 21
10 18
11 7
11 4
11 8
11 21
11 23
7 9
7 19
7 18
7 23
20 15
20 4
20 9
20 1
20 8
20 19
15 4
15 9
15 1
15 21
15 18
4 9
4 8
4 21
4 23
9 19
9 18
9 23
1 8
1 19
1 21
1 18
8 19
8 21
8 23
19 18
19 23
21 18
21 23
18 23
