28 168
26 23
26 4
26 15
26 18
26 22
26 27
26 21
26 3
26 5
26 8
26 17
26 7
23 4
23 15
23 18
23 22
23 27
23 21
23 1
23 11
23 0
23 25
23 12
4 15
4 18
4 22
4 27
4 3
4 1
4 10
4 6
4 2
4 16
15 18
15 22
15 27
15 5
15 11
15 10
15 14
15 24
15 19
18 22
18 27
18 8
18 0
18 6
18 14
18 13
18 20
22 27
22 17
22 25
22 2
22 24
22 13
22 9
27 7
27 12
27 16
27 19
27 20
27 9
21 3
21 5
21 8
21 17
21 7
21 1
21 11
21 0
21 25
21 12
3 5
3 8
3 17
3 7
3 1
3 10
3 6
3 2
3 16
5 8
5 17
5 7
5 11
5 10
5 14
5 24
5 19
8 17
8 7
8 0
8 6
8 14
8 13
8 20
17 7
17 25
17 2
17 24
17 13
17 9
7 12
7 16
7 19
7 20
7 9
1 11
1 0
1 25
1 12
1 10
1 6
1 2
1 16
11 0
11 25
11 12
11 10
11 14
11 24
11 19
0 25
0 12
0 6
0 14
0 13
0 20
25 12
25 2
25 24
25 13
25 9
12 16
12 19
12 20
12 9
10 6
10 2
10 16
10 14
10 24
10 19
6 2
6 16
6 14
6 13
6 20
2 16
2 24
2 13
2 9
16 19
16 20
16 9
14 24
14 19
14 13
14 20
24 19
24 13
24 9
19 20
19 9
13 20
13 9
20 9
