35 280
0 1
0 2
0 3
0 4
0 5
0 6
0 7
0 8
0 9
0 10
0 11
0 12
0 13
0 14
0 15
0 16
1 2
1 3
1 4
1 5
1 6
1 7
1 17
1 18
1 19
1 20
1 21
1 22
1 23
1 24
1 25
2 8
2 9
2 12
2 13
2 16
2 18
2 20
2 23
2 24
2 25
2 27
2 32
2 33
2 34
3 4
3 11
3 13
3 14
3 16
3 19
3 22
3 23
3 24
3 27
3 28
3 30
3 31
3 34
4 10
4 12
4 15
4 16
4 17
4 21
4 24
4 25
4 28
4 29
4 30
4 32
4 33
5 7
5 11
5 12
5 14
5 16
5 18
5 19
5 21
5 25
5 26
5 29
5 31
5 33
5 34
6 7
6 8
6 10
6 14
6 15
6 22
6 23
6 24
6 25
6 26
6 27
6 29
6 31
6 32
7 9
7 13
7 15
7 20
7 21
7 22
7 28
7 30
7 31
7 32
7 33
7 34
8 9
8 10
8 14
8 16
8 17
8 19
8 21
8 22
8 24
8 26
8 30
8 33
8 34
9 11
9 15
9 16
9 17
9 19
9 20
9 23
9 25
9 28
9 29
9 30
9 31
10 11
10 13
10 14
10 17
10 18
10 20
10 21
10 25
10 27
10 28
10 31
10 33
11 13
11 15
11 19
11 20
11 21
11 23
11 24
11 26
11 27
11 29
11 33
12 13
12 14
12 15
12 17
12 20
12 22
12 25
12 26
12 27
12 29
12 30
12 34
13 17
13 18
13 22
13 23
13 26
13 30
13 31
13 32
13 33
14 18
14 19
14 20
14 23
14 28
14 29
14 30
14 32
14 34
15 17
15 18
15 19
15 24
15 26
15 27
15 28
15 32
15 34
16 18
16 21
16 22
16 26
16 27
16 28
16 29
16 31
16 32
17 18
17 19
17 21
17 22
17 23
17 29
17 31
17 34
18 19
18 20
18 24
18 26
18 28
18 31
18 32
19 22
19 25
19 27
19 30
19 32
19 33
20 21
20 22
20 24
20 27
20 28
20 29
20 30
21 23
21 26
21 27
21 30
21 32
21 34
22 26
22 27
22 28
22 29
22 33
23 25
23 26
23 28
23 29
23 32
23 34
24 26
24 29
24 30
24 31
24 33
24 34
25 26
25 27
25 28
25 30
25 31
25 33
26 28
26 30
27 31
27 32
27 34
28 33
28 34
29 31
29 32
29 33
30 31
30 32
31 34
32 33
33 34
