35 280
0 1
0 2
0 3
0 4
0 5
0 6
0 7
0 8
0 9
0 10
0 11
0 12
0 13
0 14
0 15
0 16
1 2
1 3
1 4
1 5
1 6
1 7
1 17
1 18
1 19
1 20
1 21
1 22
1 23
1 24
1 25
2 9
2 11
2 12
2 14
2 16
2 18
2 21
2 22
2 23
2 25
2 29
2 32
2 33
2 34
3 10
3 11
3 13
3 14
3 15
3 17
3 20
3 21
3 24
3 25
3 30
3 31
3 32
3 34
4 8
4 12
4 13
4 15
4 16
4 19
4 20
4 22
4 23
4 24
4 29
4 30
4 31
4 33
5 6
5 7
5 12
5 14
5 16
5 20
5 24
5 25
5 26
5 27
5 28
5 29
5 30
5 34
6 7
6 11
6 13
6 15
6 21
6 22
6 23
6 26
6 27
6 28
6 31
6 32
6 33
7 8
7 9
7 10
7 17
7 18
7 19
7 29
7 30
7 31
7 32
7 33
7 34
8 10
8 13
8 14
8 16
8 18
8 19
8 21
8 23
8 25
8 27
8 28
8 31
8 34
9 10
9 11
9 15
9 16
9 18
9 19
9 20
9 22
9 24
9 27
9 28
9 30
9 32
10 12
10 15
10 17
10 22
10 23
10 24
10 25
10 26
10 28
10 33
10 34
11 13
11 16
11 17
11 19
11 23
11 24
11 26
11 27
11 29
11 31
11 34
12 13
12 14
12 17
12 19
12 20
12 22
12 26
12 27
12 32
12 33
12 34
13 17
13 18
13 22
13 25
13 27
13 28
13 29
13 30
13 32
14 15
14 18
14 19
14 21
14 24
14 26
14 28
14 29
14 31
14 32
15 18
15 20
15 21
15 23
15 26
15 27
15 29
15 30
15 33
16 17
16 20
16 21
16 25
16 26
16 28
16 30
16 31
16 33
17 18
17 19
17 20
17 21
17 26
17 28
17 29
17 33
18 20
18 22
18 25
18 26
18 27
18 29
18 31
19 21
19 23
19 24
19 26
19 27
19 30
19 32
20 23
20 27
20 28
20 31
20 32
20 34
21 22
21 27
21 28
21 30
21 33
21 34
22 24
22 26
22 28
22 30
22 31
22 34
23 25
23 26
23 28
23 29
23 32
23 34
24 25
24 27
24 28
24 29
24 31
24 33
25 26
25 27
25 30
25 32
25 33
26 30
26 31
27 33
27 34
28 29
28 32
29 30
29 33
29 34
30 32
30 34
31 32
31 33
31 34
32 33
