35 280
0 1
0 2
0 3
0 4
0 5
0 6
0 7
0 8
0 9
0 10
0 11
0 12
0 13
0 14
0 15
0 16
1 2
1 3
1 4
1 5
1 6
1 7
1 17
1 18
1 19
1 20
1 21
1 22
1 23
1 24
1 25
2 4
2 9
2 12
2 14
2 15
2 21
2 23
2 24
2 25
2 26
2 30
2 31
2 33
2 34
3 4
3 10
3 11
3 15
3 16
3 18
3 20
3 23
3 24
3 27
3 29
3 32
3 33
3 34
4 8
4 13
4 16
4 19
4 22
4 25
4 28
4 29
4 30
4 31
4 32
4 34
5 6
5 7
5 10
5 12
5 13
5 20
5 23
5 25
5 26
5 27
5 28
5 30
5 32
5 34
6 7
6 8
6 11
6 14
6 18
6 19
6 21
6 26
6 29
6 31
6 32
6 33
6 34
7 9
7 15
7 16
7 17
7 22
7 24
7 27
7 28
7 29
7 30
7 31
7 33
8 11
8 12
8 14
8 16
8 17
8 18
8 22
8 24
8 25
8 26
8 27
8 28
8 34
9 13
9 14
9 15
9 16
9 17
9 18
9 19
9 20
9 23
9 26
9 28
9 29
9 34
10 11
10 12
10 13
10 15
10 17
10 19
10 21
10 22
10 24
10 26
10 29
10 30
10 34
11 14
11 15
11 17
11 19
11 20
11 23
11 25
11 28
11 30
11 31
11 33
12 13
12 16
12 18
12 19
12 21
12 23
12 24
12 27
12 28
12 31
12 33
13 14
13 17
13 18
13 20
13 22
13 25
13 29
13 31
13 32
13 33
14 20
14 21
14 22
14 23
14 24
14 27
14 29
14 30
14 32
15 18
15 21
15 22
15 25
15 26
15 27
15 28
15 31
15 32
16 17
16 19
16 20
16 21
16 26
16 27
16 30
16 32
16 33
17 18
17 21
17 22
17 23
17 25
17 30
17 33
17 34
18 20
18 21
18 24
18 28
18 31
18 32
18 34
19 20
19 21
19 22
19 23
19 26
19 28
19 29
19 31
20 24
20 25
20 26
20 27
20 30
20 31
21 25
21 27
21 29
21 30
21 32
22 23
22 24
22 26
22 27
22 31
22 32
23 27
23 28
23 32
23 33
23 34
24 26
24 28
24 29
24 30
24 33
25 26
25 27
25 28
25 29
25 33
26 32
26 33
26 34
27 29
27 31
27 34
28 29
28 30
28 32
29 33
29 34
30 31
30 32
30 34
31 33
31 34
32 33
