35 280
0 1
0 2
0 3
0 4
0 5
0 6
0 7
0 8
0 9
0 10
0 11
0 12
0 13
0 14
0 15
0 16
1 2
1 3
1 4
1 5
1 6
1 7
1 17
1 18
1 19
1 20
1 21
1 22
1 23
1 24
1 25
2 9
2 11
2 14
2 15
2 16
2 17
2 19
2 22
2 23
2 25
2 29
2 30
2 32
2 34
3 8
3 12
3 13
3 15
3 16
3 18
3 19
3 21
3 24
3 25
3 29
3 30
3 31
3 33
4 6
4 9
4 10
4 11
4 13
4 18
4 20
4 23
4 24
4 29
4 31
4 32
4 33
4 34
5 7
5 8
5 10
5 12
5 14
5 17
5 20
5 21
5 22
5 30
5 31
5 32
5 33
5 34
6 7
6 11
6 12
6 16
6 21
6 23
6 25
6 26
6 27
6 28
6 30
6 32
6 33
7 13
7 14
7 15
7 22
7 24
7 25
7 26
7 27
7 28
7 29
7 31
7 34
8 9
8 11
8 14
8 15
8 18
8 20
8 21
8 23
8 25
8 26
8 28
8 31
8 32
9 12
9 13
9 16
9 17
9 20
9 22
9 24
9 25
9 27
9 28
9 31
9 32
10 11
10 12
10 13
10 14
10 17
10 18
10 19
10 20
10 25
10 26
10 27
10 29
10 30
11 15
11 17
11 19
11 21
11 22
11 26
11 28
11 29
11 31
11 33
12 16
12 17
12 19
12 23
12 24
12 26
12 28
12 30
12 31
12 34
13 15
13 18
13 19
13 21
13 22
13 27
13 28
13 30
13 32
13 34
14 16
14 18
14 19
14 23
14 24
14 27
14 28
14 29
14 32
14 33
15 17
15 20
15 23
15 24
15 26
15 27
15 30
15 33
15 34
16 18
16 20
16 21
16 22
16 26
16 27
16 29
16 33
16 34
17 18
17 21
17 24
17 25
17 27
17 28
17 33
17 34
18 22
18 23
18 25
18 26
18 28
18 33
18 34
19 21
19 22
19 23
19 24
19 26
19 27
19 31
19 32
20 21
20 22
20 23
20 24
20 26
20 27
20 29
20 30
21 27
21 28
21 29
21 32
21 34
22 26
22 28
22 30
22 31
22 33
23 27
23 28
23 30
23 31
23 34
24 26
24 28
24 29
24 32
24 33
25 26
25 27
25 29
25 30
25 31
25 32
26 32
26 34
27 31
27 33
28 29
28 30
29 30
29 31
29 34
30 32
30 33
31 33
31 34
32 33
32 34
