35 280
0 1
0 2
0 3
0 4
0 5
0 6
0 7
0 8
0 9
0 10
0 11
0 12
0 13
0 14
0 15
0 16
1 2
1 3
1 4
1 5
1 6
1 7
1 17
1 18
1 19
1 20
1 21
1 22
1 23
1 24
1 25
2 7
2 13
2 14
2 15
2 16
2 18
2 20
2 21
2 24
2 30
2 31
2 32
2 33
2 34
3 5
3 9
3 12
3 14
3 15
3 19
3 23
3 24
3 25
3 28
3 29
3 30
3 32
3 34
4 6
4 8
4 10
4 13
4 16
4 22
4 23
4 24
4 25
4 28
4 29
4 31
4 32
4 33
5 7
5 11
5 12
5 16
5 21
5 22
5 23
5 26
5 27
5 28
5 31
5 33
5 34
6 7
6 10
6 11
6 15
6 19
6 20
6 25
6 26
6 27
6 29
6 30
6 33
6 34
7 8
7 9
7 17
7 18
7 26
7 27
7 28
7 29
7 30
7 31
7 32
8 9
8 11
8 12
8 13
8 17
8 20
8 22
8 23
8 24
8 26
8 30
8 32
8 34
9 10
9 11
9 14
9 17
9 19
9 21
9 24
9 25
9 27
9 31
9 32
9 33
10 14
10 15
10 16
10 17
10 18
10 21
10 23
10 24
10 26
10 27
10 28
10 34
11 13
11 14
11 18
11 19
11 20
11 21
11 22
11 28
11 29
11 33
11 34
12 13
12 15
12 16
12 17
12 18
12 20
12 24
12 25
12 26
12 27
12 29
12 33
13 15
13 18
13 19
13 21
13 23
13 25
13 27
13 28
13 30
13 31
14 16
14 18
14 20
14 22
14 23
14 25
14 26
14 29
14 30
14 31
15 17
15 19
15 21
15 22
15 26
15 29
15 31
15 32
15 34
16 17
16 19
16 20
16 22
16 27
16 28
16 30
16 32
16 33
17 18
17 19
17 20
17 22
17 25
17 28
17 31
17 34
18 19
18 23
18 24
18 26
18 28
18 29
18 33
19 22
19 23
19 27
19 30
19 32
19 33
20 21
20 23
20 25
20 27
20 29
20 32
20 34
21 22
21 24
21 25
21 26
21 27
21 28
21 32
22 24
22 26
22 29
22 30
22 31
23 26
23 27
23 31
23 32
23 34
24 27
24 29
24 30
24 33
24 34
25 26
25 28
25 30
25 31
25 33
26 30
26 32
26 33
27 29
27 30
27 31
28 29
28 30
28 32
28 34
29 31
29 32
30 34
31 33
31 34
32 33
33 34
