35 280
0 1
0 2
0 3
0 4
0 5
0 6
0 7
0 8
0 9
0 10
0 11
0 12
0 13
0 14
0 15
0 16
1 2
1 3
1 4
1 5
1 6
1 7
1 17
1 18
1 19
1 20
1 21
1 22
1 23
1 24
1 25
2 3
2 9
2 12
2 13
2 15
2 19
2 22
2 23
2 25
2 28
2 30
2 31
2 33
2 34
3 8
3 11
3 14
3 16
3 18
3 21
3 24
3 25
3 29
3 31
3 32
3 33
3 34
4 7
4 13
4 14
4 15
4 16
4 18
4 20
4 23
4 25
4 26
4 27
4 29
4 30
4 34
5 7
5 9
5 10
5 14
5 16
5 17
5 21
5 22
5 23
5 27
5 28
5 31
5 32
5 34
6 7
6 10
6 11
6 13
6 15
6 19
6 20
6 21
6 24
6 27
6 30
6 31
6 32
6 33
7 8
7 12
7 22
7 24
7 26
7 28
7 29
7 30
7 32
7 33
7 34
8 9
8 10
8 15
8 16
8 17
8 18
8 19
8 20
8 24
8 26
8 28
8 33
8 34
9 11
9 12
9 15
9 17
9 20
9 21
9 23
9 24
9 27
9 29
9 30
9 34
10 12
10 13
10 16
10 17
10 18
10 21
10 23
10 25
10 26
10 30
10 31
10 33
11 12
11 14
11 16
11 18
11 19
11 22
11 23
11 24
11 26
11 27
11 30
11 32
12 13
12 18
12 20
12 21
12 22
12 25
12 26
12 28
12 29
12 32
13 14
13 17
13 18
13 19
13 24
13 27
13 28
13 29
13 31
13 34
14 15
14 17
14 19
14 21
14 23
14 26
14 28
14 29
14 32
14 33
15 17
15 20
15 22
15 25
15 26
15 27
15 31
15 32
15 33
16 19
16 20
16 22
16 25
16 27
16 28
16 29
16 30
16 31
17 18
17 19
17 22
17 24
17 25
17 29
17 30
17 32
18 20
18 22
18 23
18 27
18 32
18 33
18 34
19 20
19 21
19 22
19 26
19 28
19 30
19 34
20 21
20 23
20 28
20 29
20 31
20 32
21 25
21 26
21 27
21 29
21 33
21 34
22 26
22 27
22 29
22 31
22 33
23 24
23 26
23 28
23 30
23 31
23 33
24 25
24 26
24 27
24 28
24 29
24 31
25 26
25 27
25 28
25 30
25 32
26 31
26 34
27 28
27 33
27 34
28 32
28 33
29 30
29 31
29 33
30 32
30 33
30 34
31 32
31 34
32 34
