35 280
0 1
0 2
0 3
0 4
0 5
0 6
0 7
0 8
0 9
0 10
0 11
0 12
0 13
0 14
0 15
0 16
1 2
1 3
1 4
1 5
1 6
1 7
1 17
1 18
1 19
1 20
1 21
1 22
1 23
1 24
1 25
2 7
2 9
2 12
2 13
2 15
2 18
2 19
2 23
2 24
2 27
2 29
2 32
2 33
2 34
3 7
3 8
3 13
3 14
3 16
3 17
3 20
3 21
3 22
3 27
3 29
3 31
3 33
3 34
4 6
4 8
4 10
4 11
4 13
4 18
4 21
4 23
4 24
4 28
4 30
4 31
4 33
4 34
5 6
5 9
5 10
5 14
5 15
5 19
5 21
5 22
5 25
5 27
5 28
5 31
5 32
5 33
6 12
6 14
6 16
6 20
6 24
6 25
6 26
6 29
6 30
6 32
6 33
6 34
7 11
7 15
7 16
7 22
7 23
7 25
7 26
7 28
7 30
7 31
7 32
7 34
8 9
8 10
8 11
8 14
8 19
8 20
8 22
8 23
8 24
8 26
8 27
8 32
8 34
9 11
9 12
9 13
9 17
9 19
9 20
9 21
9 25
9 30
9 31
9 32
9 34
10 13
10 15
10 16
10 17
10 18
10 22
10 23
10 25
10 27
10 29
10 30
10 32
11 12
11 15
11 17
11 21
11 22
11 24
11 25
11 26
11 28
11 29
11 33
12 14
12 16
12 18
12 20
12 21
12 22
12 23
12 27
12 28
12 29
12 30
13 16
13 18
13 19
13 20
13 25
13 26
13 28
13 29
13 31
13 33
14 15
14 17
14 18
14 19
14 23
14 26
14 28
14 29
14 31
14 34
15 17
15 18
15 20
15 24
15 26
15 27
15 30
15 31
15 33
16 17
16 19
16 21
16 24
16 26
16 27
16 28
16 30
16 32
17 18
17 19
17 21
17 24
17 25
17 29
17 30
17 34
18 20
18 21
18 22
18 26
18 28
18 32
18 34
19 22
19 23
19 24
19 26
19 28
19 30
19 33
20 22
20 24
20 25
20 26
20 27
20 30
20 31
21 23
21 26
21 27
21 31
21 32
21 33
22 28
22 29
22 30
22 32
22 33
23 25
23 26
23 27
23 29
23 30
23 31
24 27
24 28
24 29
24 31
24 32
25 26
25 27
25 28
25 29
25 34
26 32
26 33
27 28
27 33
27 34
28 31
28 34
29 31
29 32
29 33
30 31
30 33
30 34
31 32
32 34
33 34
