35 280
0 1
0 2
0 3
0 4
0 5
0 6
0 7
0 8
0 9
0 10
0 11
0 12
0 13
0 14
0 15
0 16
1 2
1 3
1 4
1 5
1 6
1 7
1 17
1 18
1 19
1 20
1 21
1 22
1 23
1 24
1 25
2 6
2 8
2 9
2 14
2 15
2 18
2 21
2 22
2 23
2 26
2 30
2 31
2 33
2 34
3 7
3 8
3 11
3 12
3 13
3 19
3 22
3 23
3 24
3 27
3 28
3 31
3 33
3 34
4 6
4 10
4 13
4 14
4 16
4 17
4 20
4 21
4 22
4 27
4 28
4 32
4 33
4 34
5 7
5 9
5 10
5 13
5 15
5 18
5 21
5 24
5 25
5 27
5 29
5 31
5 32
5 33
6 12
6 15
6 16
6 19
6 24
6 25
6 28
6 29
6 30
6 31
6 32
6 34
7 11
7 14
7 16
7 20
7 23
7 25
7 26
7 29
7 30
7 32
7 33
7 34
8 9
8 12
8 13
8 14
8 17
8 20
8 21
8 24
8 25
8 28
8 29
8 30
8 33
9 11
9 14
9 16
9 18
9 19
9 20
9 22
9 25
9 27
9 28
9 31
9 32
10 11
10 12
10 14
10 15
10 17
10 19
10 21
10 23
10 25
10 26
10 28
10 31
10 33
11 15
11 16
11 17
11 18
11 19
11 21
11 22
11 28
11 29
11 30
11 34
12 13
12 16
12 18
12 19
12 20
12 21
12 23
12 26
12 29
12 31
12 32
13 15
13 17
13 18
13 22
13 25
13 26
13 27
13 30
13 32
13 34
14 17
14 19
14 23
14 24
14 26
14 27
14 29
14 32
14 34
15 20
15 22
15 23
15 24
15 26
15 27
15 28
15 29
15 30
16 17
16 18
16 20
16 24
16 26
16 27
16 30
16 31
16 33
17 18
17 22
17 23
17 24
17 25
17 29
17 30
17 31
18 21
18 23
18 24
18 26
18 28
18 32
18 34
19 21
19 22
19 24
19 25
19 26
19 27
19 30
19 32
20 21
20 22
20 23
20 25
20 26
20 27
20 28
20 29
21 27
21 29
21 30
21 33
21 34
22 26
22 29
22 31
22 32
22 33
23 27
23 28
23 30
23 31
23 32
24 26
24 27
24 28
24 29
24 33
25 26
25 28
25 30
25 31
25 34
26 33
26 34
27 30
27 31
27 34
28 32
28 33
28 34
29 31
29 32
29 34
30 32
30 33
31 33
31 34
32 33
