35 280
0 1
0 2
0 3
0 4
0 5
0 6
0 7
0 8
0 9
0 10
0 11
0 12
0 13
0 14
0 15
0 16
1 2
1 3
1 4
1 5
1 6
1 7
1 17
1 18
1 19
1 20
1 21
1 22
1 23
1 24
1 25
2 6
2 8
2 11
2 13
2 15
2 17
2 23
2 24
2 25
2 27
2 28
2 30
2 33
2 34
3 7
3 10
3 11
3 14
3 15
3 19
3 22
3 24
3 25
3 26
3 27
3 29
3 31
3 33
4 7
4 8
4 9
4 12
4 14
4 20
4 23
4 24
4 25
4 26
4 29
4 30
4 32
4 34
5 6
5 9
5 10
5 13
5 16
5 18
5 22
5 24
5 25
5 26
5 28
5 30
5 31
5 32
6 14
6 15
6 16
6 19
6 20
6 21
6 29
6 30
6 31
6 32
6 33
6 34
7 12
7 13
7 16
7 21
7 22
7 23
7 27
7 28
7 31
7 32
7 33
7 34
8 9
8 14
8 15
8 16
8 18
8 20
8 21
8 22
8 25
8 26
8 27
8 28
8 33
9 10
9 13
9 15
9 18
9 19
9 21
9 23
9 24
9 27
9 29
9 31
9 34
10 11
10 13
10 14
10 17
10 20
10 21
10 23
10 25
10 28
10 29
10 32
10 33
11 12
11 14
11 16
11 18
11 19
11 21
11 23
11 24
11 26
11 28
11 30
11 34
12 13
12 15
12 16
12 17
12 18
12 19
12 20
12 25
12 28
12 29
12 30
12 31
13 17
13 19
13 20
13 22
13 26
13 27
13 30
13 33
13 34
14 17
14 18
14 20
14 22
14 27
14 30
14 31
14 32
14 34
15 17
15 19
15 22
15 23
15 26
15 28
15 29
15 31
15 32
16 17
16 18
16 21
16 24
16 26
16 27
16 29
16 32
16 33
17 18
17 20
17 22
17 23
17 24
17 27
17 29
17 32
18 19
18 22
18 23
18 25
18 31
18 33
18 34
19 20
19 21
19 25
19 26
19 27
19 32
19 34
20 21
20 24
20 26
20 28
20 31
20 33
21 22
21 23
21 27
21 28
21 29
21 30
22 26
22 28
22 29
22 30
22 34
23 26
23 30
23 31
23 32
23 33
24 26
24 27
24 28
24 29
24 31
24 34
25 27
25 28
25 29
25 30
25 32
25 33
26 30
26 32
26 33
27 30
27 31
27 32
28 31
28 32
28 34
29 30
29 33
29 34
30 31
31 33
32 34
33 34
