35 280
0 1
0 2
0 3
0 4
0 5
0 6
0 7
0 8
0 9
0 10
0 11
0 12
0 13
0 14
0 15
0 16
1 2
1 3
1 4
1 5
1 6
1 7
1 17
1 18
1 19
1 20
1 21
1 22
1 23
1 24
1 25
2 5
2 9
2 11
2 14
2 16
2 18
2 22
2 24
2 25
2 29
2 30
2 31
2 32
2 34
3 4
3 10
3 13
3 15
3 16
3 18
3 21
3 23
3 24
3 26
3 30
3 32
3 33
3 34
4 6
4 12
4 15
4 16
4 17
4 19
4 25
4 27
4 28
4 29
4 31
4 32
4 34
5 7
5 10
5 14
5 15
5 19
5 20
5 23
5 27
5 28
5 29
5 30
5 33
5 34
6 7
6 8
6 11
6 12
6 20
6 22
6 24
6 26
6 27
6 30
6 31
6 33
6 34
7 8
7 9
7 13
7 21
7 23
7 25
7 26
7 28
7 29
7 31
7 32
7 33
8 9
8 13
8 14
8 16
8 17
8 18
8 19
8 21
8 24
8 27
8 28
8 30
8 34
9 10
9 12
9 15
9 17
9 18
9 19
9 22
9 25
9 26
9 32
9 33
9 34
10 11
10 12
10 13
10 19
10 20
10 21
10 24
10 25
10 26
10 27
10 29
10 34
11 12
11 13
11 15
11 18
11 21
11 22
11 23
11 25
11 27
11 28
11 30
11 31
12 14
12 17
12 18
12 20
12 23
12 24
12 28
12 29
12 32
12 33
13 16
13 17
13 19
13 20
13 22
13 23
13 29
13 30
13 31
13 32
14 15
14 16
14 17
14 20
14 21
14 23
14 24
14 26
14 27
14 31
14 32
15 17
15 19
15 21
15 22
15 26
15 28
15 30
15 31
15 33
16 18
16 20
16 22
16 25
16 26
16 27
16 28
16 29
16 33
17 20
17 21
17 22
17 23
17 25
17 29
17 30
17 34
18 19
18 20
18 21
18 23
18 28
18 31
18 33
18 34
19 20
19 22
19 24
19 27
19 28
19 31
19 32
20 25
20 26
20 30
20 31
20 33
21 24
21 25
21 27
21 29
21 31
21 33
22 23
22 24
22 26
22 27
22 29
22 33
23 26
23 27
23 28
23 32
23 34
24 26
24 28
24 29
24 30
24 32
25 26
25 27
25 28
25 30
25 32
26 28
26 31
26 34
27 32
27 33
27 34
28 29
28 30
29 31
29 33
29 34
30 32
30 33
30 34
31 32
31 34
32 33
