35 280
0 1
0 2
0 3
0 4
0 5
0 6
0 7
0 8
0 9
0 10
0 11
0 12
0 13
0 14
0 15
0 16
1 2
1 3
1 4
1 5
1 6
1 7
1 17
1 18
1 19
1 20
1 21
1 22
1 23
1 24
1 25
2 7
2 9
2 11
2 13
2 14
2 17
2 18
2 21
2 23
2 28
2 31
2 32
2 33
2 34
3 6
3 8
3 9
3 15
3 16
3 19
3 21
3 23
3 24
3 27
3 29
3 31
3 32
3 33
4 7
4 8
4 10
4 13
4 14
4 21
4 22
4 24
4 25
4 27
4 29
4 30
4 31
4 34
5 6
5 13
5 14
5 15
5 16
5 18
5 19
5 20
5 22
5 27
5 28
5 30
5 33
5 34
6 10
6 11
6 12
6 22
6 23
6 25
6 26
6 30
6 31
6 32
6 33
6 34
7 12
7 15
7 16
7 20
7 24
7 25
7 26
7 28
7 29
7 32
7 33
7 34
8 10
8 14
8 15
8 16
8 17
8 18
8 20
8 21
8 23
8 26
8 30
8 32
8 34
9 12
9 13
9 14
9 16
9 17
9 19
9 21
9 22
9 25
9 26
9 29
9 30
9 33
10 11
10 12
10 14
10 17
10 18
10 19
10 22
10 24
10 28
10 29
10 32
10 33
11 12
11 13
11 15
11 17
11 19
11 20
11 21
11 24
11 26
11 27
11 31
11 34
12 16
12 18
12 20
12 21
12 23
12 25
12 27
12 28
12 29
12 30
13 15
13 18
13 22
13 23
13 24
13 26
13 27
13 29
13 30
13 32
14 19
14 20
14 23
14 25
14 26
14 27
14 28
14 31
14 33
15 17
15 19
15 20
15 25
15 28
15 29
15 30
15 31
15 32
16 17
16 18
16 22
16 24
16 26
16 27
16 28
16 31
16 34
17 18
17 20
17 22
17 24
17 25
17 30
17 31
17 33
18 19
18 23
18 25
18 27
18 29
18 32
18 34
19 21
19 24
19 25
19 26
19 28
19 29
19 34
20 21
20 22
20 23
20 26
20 27
20 29
20 33
21 22
21 27
21 28
21 30
21 32
21 34
22 26
22 28
22 29
22 31
22 32
23 24
23 26
23 28
23 29
23 30
23 31
24 26
24 27
24 28
24 30
24 33
25 26
25 27
25 30
25 31
25 32
26 32
26 34
27 31
27 32
27 33
28 30
28 31
28 32
29 31
29 33
29 34
30 33
30 34
31 34
32 33
33 34
