35 280
0 1
0 2
0 3
0 4
0 5
0 6
0 7
0 8
0 9
0 10
0 11
0 12
0 13
0 14
0 15
0 16
1 2
1 3
1 4
1 5
1 6
1 7
1 17
1 18
1 19
1 20
1 21
1 22
1 23
1 24
1 25
2 10
2 12
2 14
2 15
2 16
2 17
2 19
2 21
2 23
2 25
2 27
2 29
2 33
2 34
3 6
3 9
3 11
3 14
3 15
3 20
3 22
3 24
3 25
3 28
3 29
3 31
3 33
3 34
4 7
4 9
4 12
4 13
4 16
4 18
4 19
4 22
4 23
4 28
4 31
4 32
4 33
4 34
5 7
5 10
5 11
5 13
5 14
5 18
5 21
5 24
5 25
5 27
5 30
5 31
5 32
5 34
6 8
6 13
6 15
6 16
6 21
6 22
6 23
6 25
6 26
6 27
6 28
6 30
6 32
7 8
7 15
7 16
7 17
7 20
7 24
7 26
7 29
7 30
7 32
7 33
7 34
8 9
8 10
8 11
8 13
8 17
8 19
8 20
8 22
8 23
8 27
8 29
8 30
8 34
9 11
9 12
9 16
9 17
9 18
9 20
9 21
9 25
9 26
9 27
9 31
9 34
10 12
10 13
10 15
10 19
10 20
10 21
10 22
10 24
10 26
10 28
10 31
10 34
11 12
11 14
11 17
11 19
11 21
11 23
11 24
11 28
11 30
11 32
11 33
12 15
12 18
12 22
12 23
12 24
12 25
12 26
12 29
12 30
12 32
13 14
13 17
13 18
13 23
13 25
13 26
13 28
13 29
13 31
13 33
14 16
14 18
14 19
14 20
14 22
14 26
14 27
14 29
14 32
14 33
15 17
15 18
15 20
15 27
15 28
15 30
15 31
15 32
15 33
16 19
16 21
16 24
16 26
16 27
16 28
16 29
16 30
16 31
17 18
17 19
17 24
17 25
17 26
17 27
17 28
17 33
18 20
18 21
18 22
18 27
18 28
18 29
18 30
19 20
19 22
19 25
19 28
19 30
19 31
19 32
20 21
20 23
20 26
20 29
20 31
20 32
21 23
21 26
21 28
21 30
21 33
21 34
22 24
22 26
22 27
22 30
22 33
22 34
23 24
23 27
23 29
23 31
23 32
23 33
24 26
24 27
24 28
24 29
24 31
25 26
25 29
25 30
25 31
25 32
25 34
26 32
26 33
27 31
27 32
27 34
28 29
28 32
28 34
29 30
29 34
30 31
30 33
31 33
32 34
33 34
