35 280
0 1
0 2
0 3
0 4
0 5
0 6
0 7
0 8
0 9
0 10
0 11
0 12
0 13
0 14
0 15
0 16
1 2
1 3
1 4
1 5
1 6
1 7
1 17
1 18
1 19
1 20
1 21
1 22
1 23
1 24
1 25
2 6
2 10
2 13
2 14
2 16
2 18
2 23
2 24
2 25
2 26
2 29
2 30
2 33
2 34
3 4
3 9
3 12
3 14
3 15
3 19
3 20
3 21
3 24
3 29
3 30
3 32
3 33
3 34
4 5
4 11
4 13
4 15
4 17
4 23
4 25
4 26
4 28
4 30
4 31
4 32
4 34
5 7
5 10
5 12
5 16
5 19
5 22
5 24
5 26
5 27
5 28
5 29
5 31
5 34
6 7
6 8
6 15
6 16
6 17
6 20
6 22
6 27
6 30
6 31
6 32
6 33
6 34
7 9
7 11
7 14
7 18
7 21
7 25
7 27
7 28
7 29
7 31
7 32
7 33
8 9
8 12
8 13
8 15
8 16
8 17
8 18
8 19
8 21
8 24
8 25
8 28
8 31
8 34
9 10
9 11
9 12
9 18
9 20
9 22
9 23
9 25
9 29
9 30
9 31
9 34
10 11
10 13
10 14
10 17
10 19
10 20
10 22
10 24
10 28
10 30
10 31
10 33
11 15
11 16
11 17
11 18
11 19
11 21
11 23
11 26
11 27
11 30
11 33
12 14
12 16
12 17
12 22
12 23
12 24
12 25
12 26
12 27
12 32
12 33
13 14
13 15
13 19
13 21
13 22
13 23
13 25
13 27
13 29
13 31
13 32
14 17
14 18
14 20
14 21
14 26
14 27
14 28
14 32
14 34
15 18
15 20
15 22
15 24
15 26
15 27
15 28
15 29
15 33
16 19
16 20
16 21
16 23
16 26
16 28
16 29
16 30
16 32
17 19
17 20
17 23
17 25
17 27
17 28
17 33
17 34
18 19
18 22
18 23
18 24
18 26
18 28
18 32
18 34
19 21
19 22
19 29
19 32
19 33
19 34
20 21
20 22
20 23
20 26
20 28
20 29
20 31
21 24
21 25
21 26
21 27
21 30
21 31
22 25
22 26
22 27
22 30
22 32
23 24
23 27
23 29
23 31
23 32
24 27
24 28
24 30
24 31
24 33
25 26
25 28
25 29
25 30
25 33
26 31
26 33
26 34
27 29
27 30
27 34
28 29
28 30
28 32
29 33
29 34
30 32
30 34
31 32
31 33
31 34
32 33
