35 280
0 1
0 2
0 3
0 4
0 5
0 6
0 7
0 8
0 9
0 10
0 11
0 12
0 13
0 14
0 15
0 16
1 2
1 3
1 4
1 5
1 6
1 7
1 17
1 18
1 19
1 20
1 21
1 22
1 23
1 24
1 25
2 7
2 9
2 11
2 14
2 15
2 17
2 22
2 23
2 24
2 28
2 29
2 31
2 33
2 34
3 5
3 8
3 13
3 15
3 16
3 18
3 19
3 20
3 23
3 29
3 31
3 32
3 33
3 34
4 6
4 10
4 12
4 13
4 16
4 17
4 22
4 23
4 25
4 28
4 29
4 30
4 32
4 34
5 8
5 14
5 15
5 16
5 21
5 22
5 24
5 25
5 26
5 27
5 28
5 30
5 34
6 9
6 11
6 13
6 15
6 18
6 21
6 24
6 25
6 27
6 30
6 31
6 32
6 33
7 10
7 12
7 14
7 16
7 19
7 20
7 24
7 25
7 26
7 30
7 31
7 32
7 33
8 9
8 10
8 11
8 12
8 17
8 18
8 19
8 24
8 25
8 28
8 29
8 30
8 31
9 10
9 14
9 16
9 17
9 18
9 19
9 21
9 23
9 27
9 30
9 33
9 34
10 13
10 15
10 17
10 19
10 20
10 22
10 25
10 26
10 27
10 31
10 34
11 12
11 13
11 16
11 18
11 20
11 22
11 23
11 24
11 26
11 27
11 28
11 31
12 14
12 15
12 18
12 19
12 21
12 22
12 23
12 26
12 29
12 30
12 32
13 14
13 19
13 20
13 21
13 24
13 26
13 28
13 29
13 33
13 34
14 18
14 20
14 21
14 25
14 27
14 28
14 29
14 32
14 34
15 17
15 21
15 22
15 26
15 27
15 29
15 31
15 32
15 33
16 17
16 20
16 23
16 26
16 27
16 28
16 30
16 32
16 33
17 18
17 20
17 21
17 24
17 26
17 28
17 29
17 32
18 20
18 22
18 25
18 26
18 32
18 33
18 34
19 21
19 22
19 23
19 24
19 27
19 28
19 32
19 33
20 21
20 22
20 27
20 29
20 30
20 31
21 23
21 26
21 28
21 30
21 31
22 27
22 28
22 30
22 33
22 34
23 25
23 26
23 27
23 29
23 31
23 34
24 26
24 27
24 29
24 30
24 32
24 34
25 26
25 27
25 28
25 29
25 31
25 33
26 33
26 34
27 29
27 32
28 31
28 32
28 33
29 30
29 33
30 31
30 33
30 34
31 32
31 34
32 34
