35 280
0 1
0 2
0 3
0 4
0 5
0 6
0 7
0 8
0 9
0 10
0 11
0 12
0 13
0 14
0 15
0 16
1 2
1 3
1 4
1 5
1 6
1 7
1 17
1 18
1 19
1 20
1 21
1 22
1 23
1 24
1 25
2 6
2 11
2 12
2 13
2 16
2 21
2 23
2 24
2 25
2 28
2 31
2 32
2 33
2 34
3 7
3 13
3 14
3 15
3 16
3 19
3 20
3 22
3 25
3 29
3 30
3 32
3 33
3 34
4 5
4 6
4 9
4 15
4 16
4 17
4 19
4 24
4 26
4 27
4 29
4 31
4 32
4 34
5 7
5 9
5 10
5 11
5 18
5 21
5 22
5 28
5 29
5 30
5 31
5 32
5 33
6 8
6 14
6 15
6 18
6 23
6 25
6 26
6 27
6 28
6 29
6 30
6 33
7 10
7 12
7 14
7 20
7 23
7 24
7 26
7 27
7 28
7 30
7 31
7 34
8 9
8 10
8 11
8 14
8 15
8 18
8 19
8 20
8 22
8 23
8 24
8 28
8 32
8 34
9 11
9 12
9 16
9 17
9 20
9 22
9 23
9 25
9 26
9 30
9 33
9 34
10 12
10 13
10 16
10 17
10 18
10 19
10 23
10 25
10 27
10 28
10 29
10 32
11 13
11 14
11 19
11 20
11 21
11 24
11 25
11 27
11 29
11 30
11 31
12 14
12 15
12 17
12 21
12 22
12 24
12 25
12 26
12 27
12 32
12 33
13 15
13 16
13 17
13 18
13 22
13 23
13 24
13 26
13 29
13 30
13 31
14 17
14 18
14 19
14 21
14 26
14 29
14 31
14 33
14 34
15 17
15 20
15 21
15 22
15 27
15 28
15 30
15 31
15 32
16 18
16 19
16 20
16 21
16 26
16 27
16 28
16 33
16 34
17 18
17 19
17 21
17 23
17 25
17 30
17 31
17 34
18 20
18 21
18 24
18 26
18 30
18 32
18 33
19 22
19 24
19 25
19 27
19 28
19 31
19 33
20 21
20 23
20 25
20 26
20 27
20 31
20 32
21 22
21 27
21 28
21 29
21 34
22 23
22 24
22 26
22 28
22 29
22 33
23 27
23 29
23 31
23 33
23 34
24 26
24 27
24 30
24 32
24 34
25 26
25 28
25 29
25 30
25 32
26 28
26 29
26 31
27 29
27 30
27 33
28 30
28 31
28 34
29 32
29 34
30 33
30 34
31 32
31 33
32 33
32 34
