35 280
0 1
0 2
0 3
0 4
0 5
0 6
0 7
0 8
0 9
0 10
0 11
0 12
0 13
0 14
0 15
0 16
1 2
1 3
1 4
1 5
1 6
1 7
1 17
1 18
1 19
1 20
1 21
1 22
1 23
1 24
1 25
2 8
2 10
2 14
2 15
2 16
2 17
2 20
2 21
2 22
2 24
2 28
2 29
2 31
2 33
3 9
3 11
3 14
3 15
3 16
3 18
3 20
3 21
3 23
3 25
3 27
3 30
3 31
3 32
4 7
4 12
4 14
4 15
4 16
4 18
4 19
4 24
4 25
4 26
4 27
4 28
4 33
4 34
5 6
5 13
5 14
5 15
5 16
5 17
5 19
5 22
5 23
5 26
5 29
5 30
5 32
5 34
6 7
6 9
6 10
6 12
6 21
6 23
6 24
6 27
6 29
6 31
6 32
6 33
6 34
7 8
7 11
7 13
7 20
7 22
7 25
7 28
7 30
7 31
7 32
7 33
7 34
8 10
8 11
8 13
8 15
8 19
8 20
8 21
8 23
8 24
8 26
8 27
8 30
8 34
9 10
9 12
9 13
9 14
9 18
9 19
9 20
9 21
9 22
9 26
9 28
9 31
9 34
10 12
10 15
10 17
10 18
10 19
10 22
10 25
10 27
10 30
10 32
10 33
11 12
11 13
11 14
11 17
11 18
11 22
11 23
11 24
11 27
11 28
11 29
11 32
12 16
12 17
12 20
12 23
12 24
12 25
12 26
12 28
12 29
12 30
13 16
13 17
13 18
13 19
13 21
13 25
13 26
13 29
13 31
13 33
14 17
14 22
14 24
14 26
14 27
14 30
14 31
14 33
14 34
15 18
15 23
15 25
15 26
15 28
15 29
15 31
15 32
15 34
16 19
16 20
16 21
16 27
16 28
16 29
16 30
16 32
16 33
17 18
17 21
17 23
17 25
17 28
17 30
17 33
17 34
18 19
18 20
18 24
18 29
18 32
18 33
18 34
19 22
19 23
19 24
19 27
19 28
19 30
19 31
20 22
20 23
20 26
20 29
20 30
20 33
20 34
21 24
21 25
21 26
21 27
21 28
21 32
21 34
22 25
22 26
22 27
22 28
22 29
22 32
23 26
23 27
23 28
23 31
23 33
24 26
24 29
24 30
24 31
24 32
25 26
25 27
25 29
25 30
25 31
26 32
26 33
27 29
27 33
27 34
28 31
28 32
28 34
29 31
29 34
30 31
30 32
30 34
31 33
32 33
