35 280
0 1
0 2
0 3
0 4
0 5
0 6
0 7
0 8
0 9
0 10
0 11
0 12
0 13
0 14
0 15
0 16
1 2
1 3
1 4
1 5
1 6
1 7
1 17
1 18
1 19
1 20
1 21
1 22
1 23
1 24
1 25
2 7
2 11
2 13
2 15
2 16
2 20
2 23
2 24
2 25
2 27
2 30
2 31
2 33
2 34
3 6
3 12
3 14
3 15
3 16
3 21
3 22
3 24
3 25
3 26
3 29
3 32
3 33
3 34
4 5
4 7
4 11
4 14
4 15
4 17
4 19
4 21
4 27
4 28
4 29
4 30
4 32
4 33
5 6
5 8
5 9
5 16
5 18
5 20
5 24
5 26
5 28
5 29
5 30
5 31
5 33
6 10
6 13
6 14
6 18
6 22
6 23
6 27
6 28
6 30
6 31
6 32
6 34
7 9
7 10
7 12
7 19
7 23
7 25
7 26
7 28
7 29
7 31
7 32
7 34
8 9
8 11
8 13
8 14
8 16
8 17
8 19
8 22
8 23
8 24
8 25
8 29
8 31
8 32
9 10
9 12
9 15
9 17
9 18
9 22
9 24
9 25
9 27
9 28
9 33
9 34
10 12
10 13
10 14
10 17
10 20
10 21
10 23
10 24
10 26
10 27
10 29
10 30
11 12
11 13
11 14
11 18
11 20
11 21
11 22
11 23
11 28
11 29
11 33
11 34
12 16
12 18
12 19
12 20
12 21
12 22
12 30
12 31
12 32
12 33
13 15
13 18
13 19
13 21
13 24
13 25
13 26
13 28
13 30
13 32
14 17
14 19
14 20
14 25
14 26
14 27
14 31
14 33
14 34
15 16
15 17
15 18
15 19
15 22
15 26
15 27
15 29
15 30
15 34
16 17
16 20
16 21
16 23
16 26
16 27
16 28
16 31
16 32
17 18
17 20
17 21
17 23
17 25
17 30
17 32
17 34
18 19
18 21
18 23
18 26
18 31
18 33
18 34
19 20
19 22
19 24
19 26
19 27
19 31
19 32
20 22
20 24
20 26
20 28
20 30
20 34
21 24
21 25
21 27
21 28
21 29
21 31
22 23
22 25
22 27
22 28
22 29
22 30
23 26
23 27
23 29
23 32
23 33
24 27
24 29
24 32
24 33
24 34
25 26
25 28
25 30
25 31
25 33
26 28
26 29
26 33
27 28
27 31
27 33
28 32
28 34
29 30
29 31
29 34
30 31
30 32
30 33
31 34
32 33
32 34
