35 280
0 1
0 2
0 3
0 4
0 5
0 6
0 7
0 8
0 9
0 10
0 11
0 12
0 13
0 14
0 15
0 16
1 2
1 3
1 4
1 5
1 6
1 7
1 17
1 18
1 19
1 20
1 21
1 22
1 23
1 24
1 25
2 6
2 10
2 11
2 14
2 16
2 18
2 20
2 21
2 25
2 29
2 31
2 32
2 33
2 34
3 7
3 12
3 13
3 14
3 16
3 19
3 21
3 23
3 25
3 26
3 28
3 29
3 30
3 33
4 6
4 9
4 13
4 15
4 16
4 18
4 19
4 22
4 24
4 26
4 29
4 30
4 31
4 34
5 7
5 9
5 10
5 14
5 16
5 20
5 22
5 23
5 24
5 27
5 28
5 30
5 31
5 32
6 8
6 12
6 15
6 23
6 24
6 25
6 27
6 28
6 30
6 32
6 33
6 34
7 11
7 13
7 15
7 17
7 22
7 25
7 26
7 27
7 31
7 32
7 33
7 34
8 10
8 11
8 12
8 13
8 16
8 17
8 19
8 21
8 22
8 24
8 25
8 27
8 28
8 31
9 10
9 13
9 14
9 15
9 17
9 18
9 21
9 23
9 25
9 27
9 28
9 29
9 34
10 12
10 15
10 19
10 20
10 22
10 23
10 25
10 26
10 29
10 31
10 33
11 14
11 15
11 16
11 17
11 18
11 19
11 23
11 24
11 26
11 27
11 29
11 32
12 13
12 14
12 17
12 18
12 20
12 22
12 23
12 26
12 30
12 32
12 34
13 18
13 20
13 21
13 24
13 27
13 29
13 31
13 32
13 33
14 17
14 18
14 19
14 24
14 28
14 30
14 31
14 33
14 34
15 17
15 19
15 20
15 21
15 26
15 28
15 30
15 32
15 33
16 20
16 21
16 22
16 26
16 27
16 28
16 29
16 30
16 34
17 20
17 21
17 22
17 24
17 25
17 29
17 30
17 34
18 19
18 20
18 22
18 25
18 26
18 27
18 28
18 32
19 21
19 22
19 23
19 27
19 30
19 31
19 33
20 21
20 24
20 26
20 27
20 30
20 33
21 23
21 28
21 31
21 32
21 34
22 28
22 29
22 32
22 33
22 34
23 24
23 26
23 27
23 29
23 32
23 34
24 26
24 28
24 29
24 31
24 33
25 26
25 27
25 28
25 29
25 30
25 31
26 28
26 31
26 34
27 30
27 33
27 34
28 32
28 33
29 30
29 32
29 33
30 31
30 32
31 32
31 34
33 34
