35 280
0 1
0 2
0 3
0 4
0 5
0 6
0 7
0 8
0 9
0 10
0 11
0 12
0 13
0 14
0 15
0 16
1 2
1 3
1 4
1 5
1 6
1 7
1 17
1 18
1 19
1 20
1 21
1 22
1 23
1 24
1 25
2 6
2 8
2 11
2 15
2 16
2 18
2 21
2 23
2 25
2 26
2 28
2 31
2 32
2 34
3 6
3 9
3 12
3 15
3 16
3 19
3 22
3 24
3 25
3 27
3 29
3 31
3 33
3 34
4 7
4 8
4 11
4 13
4 14
4 19
4 21
4 24
4 25
4 26
4 29
4 30
4 33
4 34
5 7
5 9
5 12
5 13
5 14
5 18
5 22
5 23
5 25
5 27
5 28
5 30
5 32
5 34
6 10
6 13
6 14
6 20
6 21
6 22
6 28
6 29
6 30
6 31
6 32
6 33
7 10
7 15
7 16
7 20
7 23
7 24
7 26
7 27
7 30
7 31
7 32
7 33
8 11
8 12
8 14
8 16
8 17
8 18
8 20
8 22
8 25
8 27
8 30
8 31
8 33
9 11
9 12
9 13
9 15
9 17
9 19
9 20
9 21
9 25
9 26
9 30
9 31
9 32
10 13
10 14
10 15
10 16
10 17
10 18
10 19
10 20
10 25
10 26
10 27
10 28
10 29
11 13
11 15
11 19
11 20
11 22
11 23
11 24
11 27
11 28
11 29
11 32
12 14
12 16
12 18
12 20
12 21
12 23
12 24
12 26
12 28
12 29
12 33
13 17
13 18
13 21
13 24
13 27
13 28
13 31
13 33
13 34
14 17
14 19
14 22
14 23
14 26
14 29
14 31
14 32
14 34
15 17
15 18
15 22
15 23
15 26
15 29
15 30
15 33
15 34
16 17
16 19
16 21
16 24
16 27
16 28
16 30
16 32
16 34
17 18
17 19
17 21
17 22
17 23
17 24
17 30
17 31
18 20
18 24
18 25
18 29
18 32
18 33
18 34
19 20
19 23
19 25
19 28
19 32
19 33
19 34
20 21
20 22
20 26
20 27
20 32
20 33
21 23
21 26
21 27
21 29
21 30
21 34
22 24
22 26
22 27
22 28
22 30
22 34
23 27
23 28
23 29
23 31
23 33
24 26
24 28
24 29
24 31
24 32
25 26
25 27
25 28
25 29
25 30
25 31
26 28
26 31
26 34
27 29
27 31
27 34
28 30
28 33
29 30
29 32
30 32
30 33
31 32
31 33
32 34
33 34
