35 280
0 1
0 2
0 3
0 4
0 5
0 6
0 7
0 8
0 9
0 10
0 11
0 12
0 13
0 14
0 15
0 16
1 2
1 3
1 4
1 5
1 6
1 7
1 17
1 18
1 19
1 20
1 21
1 22
1 23
1 24
1 25
2 7
2 11
2 13
2 14
2 15
2 19
2 23
2 24
2 25
2 29
2 31
2 32
2 33
2 34
3 6
3 10
3 12
3 14
3 16
3 20
3 21
3 22
3 25
3 30
3 31
3 32
3 33
3 34
4 5
4 7
4 8
4 13
4 16
4 21
4 22
4 24
4 26
4 28
4 29
4 30
4 31
4 33
5 6
5 8
5 10
5 15
5 18
5 19
5 23
5 27
5 28
5 30
5 31
5 32
5 34
6 9
6 12
6 15
6 17
6 24
6 25
6 26
6 27
6 28
6 29
6 33
6 34
7 9
7 11
7 16
7 17
7 18
7 20
7 26
7 27
7 30
7 32
7 33
7 34
8 10
8 11
8 12
8 13
8 17
8 19
8 20
8 22
8 25
8 26
8 29
8 32
8 34
9 11
9 12
9 15
9 16
9 17
9 19
9 21
9 22
9 23
9 28
9 29
9 30
9 32
10 11
10 14
10 16
10 17
10 18
10 21
10 23
10 24
10 27
10 29
10 32
10 33
11 12
11 18
11 21
11 22
11 24
11 25
11 27
11 28
11 31
11 34
12 13
12 18
12 19
12 20
12 23
12 24
12 26
12 30
12 31
12 33
13 14
13 15
13 17
13 20
13 21
13 23
13 25
13 27
13 28
13 30
13 33
14 15
14 16
14 17
14 18
14 19
14 22
14 24
14 26
14 28
14 30
14 34
15 18
15 20
15 21
15 22
15 26
15 27
15 29
15 31
15 32
16 19
16 20
16 23
16 25
16 26
16 27
16 28
16 29
16 31
17 18
17 20
17 24
17 25
17 28
17 29
17 30
17 32
18 19
18 20
18 21
18 26
18 28
18 31
18 33
19 21
19 23
19 25
19 26
19 29
19 30
19 34
20 22
20 23
20 27
20 29
20 31
20 34
21 22
21 25
21 27
21 29
21 30
21 33
22 23
22 24
22 26
22 28
22 32
22 34
23 24
23 27
23 28
23 32
23 33
24 26
24 27
24 29
24 30
24 31
25 26
25 27
25 28
25 31
25 32
26 27
26 32
26 33
27 30
27 34
28 31
28 33
28 34
29 31
29 33
29 34
30 31
30 32
30 34
31 32
32 33
33 34
