35 280
0 1
0 2
0 3
0 4
0 5
0 6
0 7
0 8
0 9
0 10
0 11
0 12
0 13
0 14
0 15
0 16
1 2
1 3
1 4
1 5
1 6
1 7
1 17
1 18
1 19
1 20
1 21
1 22
1 23
1 24
1 25
2 5
2 8
2 10
2 14
2 16
2 19
2 21
2 24
2 25
2 29
2 30
2 31
2 32
2 34
3 4
3 9
3 14
3 15
3 16
3 18
3 20
3 23
3 24
3 27
3 30
3 32
3 33
3 34
4 7
4 8
4 12
4 13
4 23
4 24
4 25
4 26
4 27
4 28
4 29
4 31
4 34
5 6
5 11
5 13
5 15
5 17
5 20
5 23
5 28
5 29
5 31
5 32
5 33
5 34
6 7
6 11
6 12
6 16
6 18
6 21
6 22
6 26
6 27
6 29
6 30
6 33
6 34
7 9
7 10
7 15
7 19
7 22
7 25
7 26
7 28
7 30
7 31
7 32
7 33
8 10
8 12
8 13
8 16
8 17
8 19
8 20
8 22
8 23
8 26
8 30
8 33
8 34
9 10
9 11
9 13
9 14
9 17
9 18
9 19
9 22
9 24
9 29
9 31
9 33
9 34
10 15
10 16
10 17
10 18
10 21
10 23
10 25
10 27
10 28
10 29
10 33
11 13
11 14
11 16
11 17
11 19
11 23
11 24
11 25
11 26
11 27
11 28
11 30
12 13
12 14
12 15
12 17
12 18
12 21
12 22
12 24
12 28
12 29
12 30
12 32
13 18
13 19
13 20
13 21
13 25
13 27
13 31
13 32
13 33
14 15
14 20
14 21
14 22
14 23
14 25
14 26
14 29
14 30
14 31
15 17
15 19
15 20
15 21
15 26
15 27
15 28
15 32
15 34
16 18
16 20
16 22
16 24
16 26
16 27
16 28
16 31
16 32
17 18
17 22
17 23
17 24
17 25
17 26
17 32
17 34
18 20
18 21
18 25
18 28
18 30
18 31
18 34
19 20
19 21
19 22
19 24
19 27
19 28
19 30
19 34
20 22
20 25
20 26
20 28
20 29
20 33
21 23
21 24
21 26
21 27
21 31
21 33
22 23
22 27
22 29
22 31
22 32
23 27
23 28
23 30
23 31
23 33
24 26
24 28
24 29
24 32
24 33
25 26
25 27
25 29
25 30
25 32
26 31
26 33
26 34
27 29
27 32
27 34
28 29
28 30
28 31
29 33
29 34
30 32
30 33
30 34
31 32
31 34
32 33
