35 280
0 1
0 2
0 3
0 4
0 5
0 6
0 7
0 8
0 9
0 10
0 11
0 12
0 13
0 14
0 15
0 16
1 2
1 3
1 4
1 5
1 6
1 7
1 17
1 18
1 19
1 20
1 21
1 22
1 23
1 24
1 25
2 3
2 9
2 11
2 13
2 14
2 17
2 21
2 22
2 25
2 30
2 31
2 32
2 33
2 34
3 8
3 12
3 15
3 16
3 20
3 21
3 23
3 24
3 27
3 28
3 31
3 33
3 34
4 6
4 13
4 14
4 15
4 16
4 18
4 19
4 21
4 22
4 26
4 27
4 29
4 33
4 34
5 7
5 8
5 10
5 13
5 14
5 22
5 23
5 24
5 25
5 27
5 28
5 29
5 32
5 33
6 7
6 10
6 11
6 12
6 19
6 20
6 24
6 29
6 30
6 31
6 32
6 33
6 34
7 9
7 15
7 16
7 18
7 23
7 25
7 26
7 28
7 30
7 31
7 32
7 34
8 10
8 13
8 15
8 16
8 17
8 18
8 19
8 20
8 25
8 29
8 30
8 31
8 33
9 12
9 13
9 14
9 16
9 17
9 19
9 20
9 24
9 25
9 26
9 28
9 29
9 34
10 11
10 12
10 13
10 17
10 19
10 21
10 22
10 23
10 26
10 28
10 31
10 34
11 12
11 14
11 15
11 17
11 18
11 20
11 23
11 25
11 26
11 27
11 32
11 33
12 16
12 18
12 21
12 22
12 24
12 25
12 27
12 28
12 29
12 30
13 18
13 20
13 21
13 24
13 26
13 27
13 30
13 32
13 34
14 15
14 19
14 20
14 22
14 23
14 27
14 28
14 29
14 30
14 31
15 17
15 18
15 21
15 24
15 26
15 28
15 29
15 31
15 32
16 17
16 19
16 22
16 23
16 26
16 27
16 30
16 32
16 33
17 18
17 19
17 22
17 23
17 24
17 29
17 32
17 34
18 20
18 22
18 25
18 27
18 28
18 30
18 34
19 20
19 21
19 25
19 27
19 28
19 31
19 32
20 23
20 24
20 26
20 28
20 30
20 33
21 23
21 25
21 26
21 28
21 29
21 30
21 32
22 24
22 26
22 28
22 30
22 31
22 33
23 26
23 27
23 29
23 30
23 34
24 26
24 27
24 29
24 31
24 32
25 26
25 27
25 29
25 31
25 33
26 31
26 33
27 31
27 32
27 34
28 32
28 33
28 34
29 30
29 33
29 34
30 31
30 32
31 34
32 33
33 34
