35 280
0 1
0 2
0 3
0 4
0 5
0 6
0 7
0 8
0 9
0 10
0 11
0 12
0 13
0 14
0 15
0 16
1 2
1 3
1 4
1 5
1 6
1 7
1 17
1 18
1 19
1 20
1 21
1 22
1 23
1 24
1 25
2 3
2 10
2 12
2 14
2 15
2 17
2 20
2 22
2 24
2 28
2 31
2 32
2 33
2 34
3 8
3 11
3 13
3 16
3 18
3 22
3 23
3 25
3 27
3 29
3 31
3 32
3 34
4 7
4 9
4 10
4 13
4 16
4 18
4 19
4 21
4 24
4 30
4 31
4 32
4 33
4 34
5 6
5 8
5 9
5 14
5 15
5 17
5 19
5 23
5 25
5 29
5 30
5 31
5 33
5 34
6 7
6 12
6 13
6 16
6 20
6 22
6 23
6 26
6 27
6 28
6 30
6 33
6 34
7 11
7 14
7 15
7 21
7 24
7 25
7 26
7 27
7 28
7 29
7 32
7 34
8 9
8 10
8 11
8 14
8 18
8 20
8 21
8 23
8 24
8 27
8 28
8 30
8 34
9 10
9 12
9 16
9 17
9 20
9 21
9 22
9 25
9 26
9 29
9 32
9 34
10 13
10 15
10 19
10 22
10 23
10 24
10 25
10 26
10 27
10 28
10 33
11 13
11 14
11 16
11 17
11 19
11 20
11 21
11 25
11 26
11 28
11 31
11 33
12 14
12 15
12 16
12 18
12 19
12 20
12 21
12 23
12 26
12 27
12 31
12 32
13 15
13 17
13 18
13 20
13 23
13 26
13 29
13 30
13 32
13 33
14 18
14 19
14 22
14 24
14 26
14 29
14 30
14 32
14 33
15 17
15 18
15 21
15 25
15 27
15 28
15 29
15 30
15 31
16 17
16 19
16 22
16 24
16 27
16 28
16 29
16 30
16 31
17 18
17 19
17 20
17 24
17 26
17 28
17 29
17 34
18 19
18 21
18 22
18 26
18 27
18 30
18 34
19 23
19 25
19 27
19 28
19 32
19 33
20 21
20 24
20 25
20 27
20 30
20 32
20 33
21 22
21 23
21 28
21 29
21 31
21 33
22 25
22 26
22 28
22 29
22 30
22 33
23 24
23 26
23 28
23 29
23 31
23 32
24 26
24 27
24 29
24 30
24 31
25 26
25 27
25 30
25 31
25 32
26 31
26 34
27 29
27 33
27 34
28 30
28 32
28 34
29 32
29 33
30 31
30 32
31 33
31 34
32 34
33 34
