35 280
0 1
0 2
0 3
0 4
0 5
0 6
0 7
0 8
0 9
0 10
0 11
0 12
0 13
0 14
0 15
0 16
1 2
1 3
1 4
1 5
1 6
1 7
1 17
1 18
1 19
1 20
1 21
1 22
1 23
1 24
1 25
2 7
2 12
2 13
2 14
2 15
2 18
2 21
2 22
2 25
2 26
2 27
2 28
2 33
2 34
3 6
3 9
3 11
3 13
3 14
3 18
3 19
3 20
3 21
3 30
3 31
3 32
3 33
3 34
4 6
4 8
4 9
4 15
4 16
4 17
4 21
4 23
4 24
4 27
4 28
4 31
4 33
4 34
5 7
5 8
5 10
5 13
5 14
5 19
5 22
5 23
5 24
5 27
5 29
5 31
5 32
5 33
6 10
6 12
6 16
6 22
6 23
6 25
6 26
6 29
6 30
6 32
6 33
6 34
7 11
7 15
7 16
7 20
7 24
7 25
7 28
7 29
7 30
7 31
7 32
7 34
8 9
8 10
8 14
8 15
8 17
8 18
8 20
8 22
8 25
8 27
8 30
8 32
8 34
9 11
9 13
9 15
9 19
9 20
9 22
9 24
9 25
9 26
9 28
9 29
9 33
10 12
10 14
10 16
10 18
10 19
10 20
10 21
10 24
10 26
10 28
10 29
10 34
11 12
11 14
11 16
11 17
11 20
11 21
11 22
11 23
11 27
11 28
11 29
11 32
12 13
12 15
12 17
12 18
12 20
12 23
12 24
12 27
12 29
12 30
12 33
13 16
13 17
13 19
13 22
13 24
13 26
13 27
13 30
13 31
13 34
14 17
14 21
14 23
14 25
14 26
14 28
14 30
14 31
14 33
15 18
15 19
15 21
15 23
15 26
15 29
15 30
15 31
15 32
16 17
16 18
16 19
16 25
16 26
16 27
16 28
16 31
16 32
17 18
17 21
17 22
17 24
17 25
17 29
17 30
17 31
18 19
18 20
18 22
18 28
18 31
18 32
18 33
19 21
19 23
19 25
19 27
19 28
19 29
19 30
20 23
20 24
20 25
20 26
20 27
20 31
20 34
21 24
21 26
21 27
21 29
21 32
21 34
22 23
22 26
22 28
22 29
22 32
22 34
23 26
23 27
23 28
23 30
23 31
24 26
24 28
24 30
24 32
24 33
25 26
25 27
25 29
25 30
25 33
26 31
26 32
27 32
27 33
27 34
28 30
28 33
28 34
29 31
29 33
29 34
30 32
30 34
31 33
31 34
32 33
