3600 8640
0 2583
0 2841
0 3242
1 881
1 1570
1 3008
2 2170
2 3032
2 3050
3 2048
3 2572
3 3470
4 2904
4 3036
4 3242
5 286
5 2819
5 3174
6 368
6 1043
6 1364
7 712
7 1276
7 2331
8 11
8 1372
8 2070
9 1169
9 1559
9 1790
9 1973
9 2417
9 2643
9 3122
9 3201
9 3213
9 3314
9 3413
9 3459
10 93
10 1152
10 3361
11 260
11 834
11 839
11 972
11 1544
11 1961
11 2349
11 2953
11 3165
11 3374
11 3442
12 74
12 361
12 1595
13 1826
13 2281
13 2601
14 2080
14 2766
14 3272
15 30
15 1622
15 1849
16 288
16 1507
16 1878
17 634
17 1348
17 3361
18 88
18 282
18 2131
19 1072
19 1143
19 3501
20 1090
20 2717
20 3416
21 1100
21 1915
21 2476
22 1762
22 2126
22 2236
23 1614
23 2875
23 3055
24 923
24 929
24 2086
25 414
25 1624
25 1752
25 2330
25 2494
25 2718
25 2842
25 2905
25 3198
25 3550
25 3559
25 3574
26 313
26 1032
26 1429
26 1556
26 1641
26 1744
26 2077
26 2079
26 2606
26 2754
26 2863
26 3520
27 106
27 1386
27 2601
28 654
28 710
28 2070
29 107
29 1884
29 1985
30 388
30 674
30 1716
30 1957
30 2302
30 2390
30 2416
30 3102
30 3233
30 3260
30 3561
31 1993
31 2438
31 2747
32 1086
32 2578
32 3036
33 1413
33 3430
33 3501
34 328
34 778
34 2203
35 689
35 1356
35 3050
36 663
36 1516
36 1677
37 328
37 487
37 1858
38 135
38 304
38 2912
39 328
39 1408
39 3008
40 345
40 498
40 3528
41 345
41 2438
41 3383
42 479
42 2021
42 2142
43 163
43 338
43 527
43 849
43 1377
43 2247
43 2302
43 2459
43 2568
43 2634
43 2996
43 3554
44 115
44 1874
44 2140
45 1317
45 2012
45 2764
46 124
46 450
46 708
46 761
46 826
46 1112
46 2011
46 2270
46 2560
46 2684
46 3395
46 3466
47 486
47 1887
47 2370
48 1355
48 1460
48 3492
49 1337
49 1473
49 1511
49 1718
49 1868
49 2191
49 2452
49 2703
49 3165
49 3264
49 3483
49 3569
50 437
50 1423
50 1445
51 172
51 1486
51 2215
52 1139
52 2210
52 3551
53 370
53 2750
53 3571
54 1458
54 2022
54 2966
55 328
55 1834
55 2830
56 574
56 2875
56 2923
57 865
57 1364
57 2287
58 150
58 200
58 969
58 1473
58 1905
58 2343
58 2419
58 2447
58 2634
58 2738
58 2769
58 3502
59 179
59 1256
59 1282
60 327
60 511
60 2238
61 81
61 1318
61 2316
62 256
62 1858
62 2106
63 288
63 732
63 2717
64 464
64 715
64 2583
65 227
65 410
65 607
65 650
65 1225
65 1828
65 2414
65 2660
65 2721
65 2725
65 3068
65 3130
66 71
66 362
66 458
66 1212
66 1428
66 1691
66 1721
66 1882
66 2828
66 2872
66 3003
66 3329
67 126
67 127
67 165
67 356
67 743
67 1380
67 1555
67 2445
67 2774
67 2882
67 3134
67 3326
68 113
68 537
68 697
68 1141
68 1249
68 1381
68 1571
68 3157
68 3230
68 3236
68 3249
68 3531
69 654
69 2012
69 2975
70 116
70 1982
70 2895
71 3103
71 3473
72 369
72 1833
72 1886
73 318
73 441
73 1052
73 1496
73 1529
73 1655
73 1712
73 2099
73 2662
73 2833
73 3234
73 3398
74 102
74 317
74 622
74 741
74 773
74 1960
74 2427
74 2461
74 2720
74 2773
74 3581
75 152
75 166
75 329
75 904
75 1142
75 1488
75 1784
75 1927
75 2163
75 2190
75 2469
75 3591
76 499
76 2057
76 2121
77 2100
77 2554
77 3498
78 87
78 259
78 775
78 1353
78 1841
78 2726
78 2733
78 2928
78 3075
78 3089
78 3098
78 3206
79 1095
79 2246
79 2740
80 881
80 2661
80 2975
81 337
81 364
81 1130
81 1186
81 1241
81 1283
81 1494
81 1564
81 1788
81 2787
81 3087
82 1840
82 2332
82 3269
83 848
83 2583
83 3182
84 1227
84 1839
84 2962
85 175
85 244
85 279
85 291
85 296
85 1150
85 1334
85 1855
85 1871
85 1879
85 3107
85 3130
86 270
86 277
86 712
87 107
87 2396
88 211
88 876
88 1986
88 2266
88 2282
88 2588
88 2767
88 2976
88 3162
88 3215
88 3472
89 943
89 1437
89 1502
89 1606
89 1979
89 2259
89 2308
89 2313
89 2612
89 3172
89 3321
89 3368
90 1386
90 1622
90 2534
91 1484
91 2061
91 3386
92 1853
92 2628
92 3286
93 257
93 386
93 506
93 1427
93 1543
93 2168
93 2292
93 2458
93 3200
93 3247
93 3567
94 1317
94 2052
94 3396
95 301
95 449
95 619
95 1526
95 1601
95 1975
95 2183
95 3042
95 3083
95 3176
95 3261
95 3410
96 368
96 486
96 3030
97 1376
97 2336
97 2599
98 272
98 979
98 1408
99 2239
99 2804
99 3347
100 479
100 1700
100 3036
101 1445
101 2111
101 2370
102 249
102 621
103 237
103 1709
103 1774
103 1810
103 2085
103 2432
103 2541
103 2869
103 3022
103 3310
103 3456
103 3544
104 2431
104 2443
104 2695
105 588
105 1376
105 1984
106 113
106 428
106 580
106 733
106 1065
106 1402
106 1764
106 2326
106 2795
106 2834
106 3078
107 402
107 931
107 1170
107 2004
107 2432
107 2605
107 2788
107 3105
107 3122
107 3508
108 710
108 2331
108 2956
109 1460
109 1837
109 3506
110 688
110 925
110 1274
110 1397
110 1456
110 1603
110 1675
110 2024
110 2540
110 2557
110 2640
110 3276
111 499
111 1874
111 3151
112 161
112 740
112 1878
113 1387
114 2694
114 2780
114 2867
115 513
115 903
115 1310
115 1392
115 1489
115 1787
115 2733
115 2869
115 3019
115 3413
115 3589
116 149
116 291
116 1044
116 1725
116 1977
116 2257
116 2566
116 2866
116 3237
116 3481
116 3598
117 599
117 1694
117 2325
118 1192
118 2070
118 3277
119 500
119 837
119 2171
120 304
120 863
120 926
121 2140
121 2171
121 2829
122 689
122 1399
122 2793
123 1578
123 1677
123 3382
124 2080
124 2287
125 1605
125 1946
125 3193
126 1348
126 2474
127 1947
127 2409
128 3071
128 3449
128 3452
129 2215
129 2250
129 2583
130 617
130 3123
130 3189
131 895
131 1189
131 1260
132 325
132 385
132 3182
133 1425
133 2121
133 2332
134 326
134 979
134 2321
135 169
135 243
135 348
135 372
135 688
135 907
135 1500
135 1684
135 1730
135 2172
135 3366
136 1413
136 1993
136 3138
137 621
137 1202
137 2838
138 1086
138 1638
138 1833
139 2311
139 2757
139 3024
140 408
140 1480
140 1768
140 1851
140 1954
140 2455
140 2505
140 2724
140 3001
140 3170
140 3349
140 3454
141 229
141 294
141 509
141 754
141 820
141 1191
141 1495
141 1727
141 1795
141 2270
141 3005
141 3513
142 2793
142 2819
142 3240
143 1578
143 1595
143 1983
144 846
144 2080
144 3530
145 577
145 979
145 2314
146 253
146 891
146 3186
147 299
147 600
147 841
147 861
147 1008
147 1651
147 2092
147 2922
147 3054
147 3060
147 3375
147 3545
148 998
148 3125
148 3532
149 2061
149 2757
150 1275
150 2992
151 278
151 2000
151 2171
152 2478
152 2962
153 270
153 361
153 1854
154 242
154 1229
154 1829
155 531
155 2106
155 3269
156 781
156 853
156 929
157 178
157 304
157 1566
158 1884
158 2816
158 3238
159 1318
159 2921
159 3593
160 1295
160 2083
160 3353
161 347
161 350
161 521
161 538
161 913
161 1419
161 1521
161 2243
161 2701
161 2990
161 3184
162 712
162 1136
162 2132
163 809
163 3195
164 333
164 1962
164 2301
165 322
165 3240
166 2431
166 3158
167 1985
167 3530
167 3571
168 855
168 863
168 2895
169 1333
169 3319
170 877
170 2169
170 3238
171 2989
171 3071
171 3416
172 316
172 398
172 823
172 1112
172 1758
172 1911
172 1916
172 2399
172 2506
172 2625
172 2939
173 191
173 268
173 2764
174 404
174 473
174 1595
175 486
175 3386
176 588
176 663
176 1825
177 268
177 663
177 1984
178 587
178 1191
178 1463
178 1528
178 1541
178 2450
178 2504
178 2751
178 2924
178 3328
178 3356
179 382
179 537
179 969
179 1436
179 1792
179 2159
179 2234
179 2346
179 2893
179 2954
179 3480
180 247
180 1021
180 1126
180 1766
180 1888
180 1979
180 2523
180 2810
180 2880
180 3056
180 3578
180 3598
181 617
181 731
181 2989
182 748
182 1460
182 1837
183 1058
183 1620
183 2912
184 1484
184 1843
184 2083
185 256
185 274
185 2080
186 498
186 731
186 2616
187 1102
187 1125
187 1703
188 863
188 1406
188 1834
189 2199
189 3444
189 3532
190 635
190 734
190 2616
191 276
191 593
191 843
191 1417
191 1786
191 1958
191 2305
191 2493
191 2533
191 2721
191 3349
192 2491
192 3386
192 3564
193 1118
193 1295
193 1823
194 342
194 2000
194 3103
195 968
195 981
195 1408
196 313
196 469
196 765
196 1135
196 1495
196 1543
196 1773
196 2053
196 2351
196 2951
196 3309
196 3511
197 1230
197 2239
197 2765
198 209
198 2249
198 3097
199 1043
199 2431
199 3335
200 1775
200 2677
201 464
201 1106
201 2111
202 403
202 1703
202 2097
203 321
203 1018
203 1487
203 1527
203 1628
203 2030
203 2303
203 2957
203 2981
203 3263
203 3480
203 3568
204 1581
204 2215
204 2740
205 282
205 2070
205 2376
206 320
206 647
206 3009
207 1013
207 2478
207 2803
208 626
208 755
208 3025
209 1212
209 1368
209 1501
209 1699
209 2085
209 2101
209 2307
209 2365
209 2712
209 2798
209 2885
210 899
210 2549
210 2985
211 1190
211 3058
212 1271
212 1890
212 1915
213 325
213 2050
213 2750
214 327
214 479
214 2860
215 1058
215 1113
215 1413
216 988
216 1158
216 2578
217 1346
217 3106
217 3304
218 854
218 1028
218 1104
218 1117
218 1459
218 1629
218 1808
218 2767
218 2991
218 2998
218 3000
218 3496
219 1276
219 1505
219 3455
220 846
220 2010
220 3473
221 345
221 3052
221 3071
222 374
222 696
222 888
222 1076
222 1542
222 1876
222 1902
222 2029
222 2958
222 3081
222 3407
222 3566
223 430
223 779
223 2697
224 1887
224 2491
224 2860
225 1425
225 3441
225 3538
226 1180
226 1485
226 1825
227 2409
227 2934
228 462
228 704
228 1230
229 3118
229 3193
230 370
230 1025
230 2061
231 385
231 3166
231 3573
232 2100
232 2362
232 3238
233 328
233 540
233 1106
234 617
234 1982
234 3580
235 1886
235 1991
235 2766
236 647
236 986
236 3214
237 621
237 3008
238 812
238 1230
238 2762
239 821
239 2121
239 2210
240 1605
240 1703
240 2132
241 981
241 1416
241 2830
242 931
242 984
242 1235
242 1582
242 1752
242 2389
242 2401
242 3176
242 3306
242 3413
242 3599
243 2410
243 2614
244 928
244 2090
245 812
245 2106
245 3174
246 642
246 1899
246 3007
247 1184
247 2661
248 809
248 1572
248 1849
249 615
249 643
249 1168
249 1305
249 1415
249 1569
249 2946
249 3124
249 3163
249 3428
249 3493
250 277
250 1698
250 3235
251 1297
251 2070
251 2601
252 292
252 772
252 1177
252 1185
252 1240
252 1604
252 2313
252 2484
252 2848
252 2981
252 3224
252 3388
253 768
253 795
253 869
253 1308
253 1651
253 1738
253 2167
253 2358
253 2620
253 3341
253 3379
254 1407
254 1626
254 2384
255 1180
255 2056
255 2580
256 888
256 1219
256 1530
256 1662
256 1758
256 2154
256 2395
256 2451
256 2688
256 2693
257 2201
257 3275
258 939
258 1229
258 3506
259 485
259 2670
260 277
260 2956
261 575
261 855
261 2407
262 271
262 1113
262 2301
263 531
263 2132
263 3150
264 574
264 1136
264 1614
265 734
265 1158
265 2762
266 1605
266 2875
266 3062
267 1471
267 1586
267 3304
268 718
268 807
268 1034
268 1038
268 1573
268 1683
268 1802
268 2182
268 2881
268 3292
269 485
269 781
269 2702
270 603
270 758
270 800
270 1098
270 1926
270 1989
270 2120
270 2884
270 3216
270 3350
271 387
271 472
271 1281
271 1442
271 1559
271 1680
271 2689
271 2716
271 2719
271 2855
271 3029
272 878
272 1244
272 1272
272 1645
272 1705
272 2009
272 2445
272 2451
272 2593
272 2758
272 2832
273 1423
273 1507
273 3441
274 285
274 450
274 776
274 822
274 825
274 1162
274 2036
274 2584
274 2675
274 2889
274 3023
275 445
275 1465
275 1717
276 540
276 588
277 868
277 1083
277 1396
277 1491
277 2125
277 2182
277 2792
277 3340
277 3447
278 1036
278 1298
278 1339
278 1354
278 1882
278 1972
278 2462
278 2632
278 2683
278 2938
278 3561
279 763
279 2727
280 709
280 1453
280 3018
281 1531
281 1761
281 2565
282 857
282 936
282 1016
282 1081
282 1301
282 1913
282 1935
282 2016
282 2525
282 3211
283 881
283 1143
283 2321
284 535
284 636
284 1238
284 1338
284 1593
284 1908
284 2167
284 2429
284 2783
284 3049
284 3094
284 3183
285 437
285 1551
286 520
286 856
286 927
286 1362
286 1618
286 1836
286 1943
286 2241
286 2289
286 2855
286 3400
287 479
287 1486
287 2549
288 611
288 682
288 690
288 1185
288 1212
288 1493
288 1747
288 1862
288 2272
288 2323
289 368
289 855
289 3084
290 1423
290 1953
290 2122
291 2478
292 2867
292 3097
293 624
293 1125
293 2661
294 1139
294 2890
295 1192
295 2022
295 2132
296 1507
296 1702
297 437
297 2215
297 3532
298 1440
298 2673
298 2764
299 689
299 1372
300 1239
300 2396
300 3382
301 679
301 740
302 623
302 730
302 810
302 970
302 1201
302 1764
302 1803
302 2150
302 2368
302 2551
302 2746
302 3199
303 2111
303 2730
303 3166
304 645
304 886
304 1036
304 1616
304 1860
304 1936
304 3014
304 3316
304 3540
305 473
305 1333
305 1993
306 1139
306 1260
306 3166
307 1118
307 1364
307 1854
308 853
308 1798
308 2904
309 1125
309 1858
309 3580
310 1022
310 1100
310 2170
311 342
311 722
311 883
312 324
312 703
312 944
312 1075
312 1443
312 2045
312 2221
312 2267
312 2290
312 2608
312 2609
312 2771
313 1777
314 405
314 1413
314 3036
315 1551
315 1611
315 2583
316 998
316 2080
317 894
317 2780
318 2023
318 2820
319 647
319 778
319 979
320 373
320 468
320 687
320 959
320 1075
320 1639
320 1741
320 1881
320 2009
320 2084
320 3167
321 2654
321 3218
322 428
322 801
322 836
322 1060
322 1068
322 1576
322 1633
322 2082
322 2801
322 3247
322 3414
323 440
323 1840
323 2574
324 1993
324 2410
325 340
325 1077
325 1463
325 1862
325 2240
325 2739
325 2896
325 3296
325 3420
325 3464
326 407
326 562
326 784
326 799
326 801
326 878
326 1231
326 1335
326 1859
326 2151
326 2213
327 523
327 657
327 1548
327 2185
327 2352
327 2863
327 2988
327 3179
327 3287
327 3536
328 1730
328 1736
328 1741
328 2294
328 2360
328 2503
328 3153
329 1834
329 1919
330 1069
330 2033
330 2146
331 1445
331 2737
331 3573
332 863
332 981
332 1498
333 819
333 1023
333 1026
333 1726
333 1789
333 2020
333 2465
333 2610
333 2658
333 2827
333 3207
334 891
334 2192
334 2396
335 821
335 899
335 1118
336 2906
336 3523
336 3593
337 434
337 2906
338 2971
338 3299
339 390
339 399
339 1700
340 1139
340 2207
341 376
341 447
341 481
341 559
341 602
341 665
341 1194
341 1769
341 1795
341 2165
341 2588
341 3511
342 495
342 611
342 717
342 1110
342 2632
342 2698
342 2712
342 2898
342 3142
342 3308
343 998
343 1554
343 1583
344 372
344 720
344 782
344 1208
344 1236
344 1972
344 2284
344 2309
344 2504
344 2784
344 3291
344 3509
345 637
345 692
345 838
345 864
345 1301
345 1340
345 2252
345 2461
345 3152
346 833
346 2750
346 3227
347 631
347 850
348 981
348 1834
349 1440
349 1698
349 2569
350 2873
350 3182
351 1701
351 2491
351 2676
352 942
352 956
352 2012
353 949
353 1025
353 2080
354 400
354 484
354 687
354 827
354 1124
354 1269
354 1591
354 1885
354 1896
354 2508
354 2611
354 3572
355 1717
355 2904
355 3151
356 2321
356 3009
357 2410
357 2747
357 3189
358 1465
358 2654
358 3024
359 1152
359 1798
359 2474
360 403
360 1256
360 2070
361 856
361 1154
361 1393
361 1644
361 1648
361 2018
361 2219
361 2424
361 2800
361 2919
362 2104
362 2146
363 2126
363 3498
363 3528
364 1070
364 3286
365 561
365 776
365 1246
365 1862
365 1894
365 1907
365 1916
365 2177
365 2276
365 2763
365 3026
365 3488
366 1129
366 1416
366 1484
367 487
367 624
367 1406
368 666
368 914
368 1379
368 2049
368 2208
368 2563
368 2705
368 2943
368 3160
369 592
369 594
369 1308
369 1538
369 1852
369 1944
369 2299
369 2805
369 3001
369 3115
369 3154
370 978
370 1562
370 1658
370 1767
370 2165
370 2211
370 2275
370 2871
370 3043
370 3520
371 1798
371 2321
371 2618
372 1586
373 983
373 3470
374 1192
374 1695
375 796
375 1111
375 1129
376 1929
376 2199
377 1282
377 3449
377 3492
378 403
378 1702
378 2442
379 1033
379 1890
379 2203
380 991
380 2132
380 3270
381 1118
381 2431
381 3272
382 1307
382 1794
383 1408
383 2057
383 3470
384 1982
384 2661
384 3071
385 1269
385 1330
385 1525
385 1565
385 2153
385 2258
385 2310
385 2925
385 3293
385 3554
386 2873
386 2972
387 423
387 2499
388 906
388 2824
389 1586
389 3383
389 3498
390 501
390 1011
390 1352
390 1479
390 1767
390 2035
390 2060
390 2464
390 2595
390 2846
390 3481
391 2291
391 3030
391 3227
392 2122
392 3007
392 3192
393 1295
393 3419
393 3441
394 1145
394 2816
394 3319
395 1202
395 1890
395 2012
396 1299
396 1510
396 3229
397 740
397 2841
397 3551
398 1315
398 2473
399 791
399 1002
399 1339
399 1464
399 2007
399 2147
399 3085
399 3203
399 3255
399 3500
399 3584
400 865
400 2407
401 1843
401 2132
401 3593
402 564
402 883
403 410
403 442
403 555
403 950
403 1733
403 2305
403 2466
403 3074
403 3230
404 630
404 1383
404 1443
404 1466
404 1807
404 1959
404 1981
404 2212
404 2369
404 2886
404 3136
405 1035
405 1128
405 1160
405 2275
405 2352
405 2629
405 2814
405 2916
405 2945
405 3309
405 3491
406 2056
406 2912
406 2971
407 1040
407 3240
408 1086
408 3542
409 574
409 631
409 939
410 2644
411 949
411 1985
411 2740
412 1406
412 1498
412 2830
413 991
413 1614
413 2766
414 821
414 3353
415 533
415 1348
415 1694
416 863
416 2410
416 3319
417 715
417 846
417 949
418 1387
418 3390
418 3506
419 1878
419 3277
419 3416
420 1307
420 2037
420 2985
421 2043
421 2090
421 3434
422 796
422 1100
422 2942
423 773
423 1232
423 1836
423 1921
423 2136
423 2242
423 2509
423 3126
423 3191
423 3201
423 3222
424 485
424 711
424 1985
425 1025
425 1118
425 2000
426 1854
426 2010
426 2778
427 1227
427 3018
427 3050
428 3186
429 1440
429 2520
429 3487
430 527
430 1056
430 1274
430 1411
430 1523
430 2053
430 2077
430 2448
430 2629
430 2736
430 3421
431 1646
431 1849
431 2050
432 1158
432 1580
432 1638
433 778
433 981
433 3008
434 676
434 1037
434 1291
434 1713
434 1792
434 1974
434 2145
434 3251
434 3280
434 3285
434 3488
435 621
435 1983
435 3229
436 1839
436 2187
436 3530
437 922
437 1493
437 2399
437 2413
437 2870
437 3104
437 3251
437 3296
437 3389
438 2083
438 2262
438 2472
439 2104
439 2374
439 2376
440 769
440 1044
440 1466
440 1800
440 1969
440 1992
440 2277
440 2665
440 3176
440 3301
440 3433
441 1072
441 3096
442 2131
442 2875
443 476
443 1202
443 2476
444 1090
444 1697
444 2131
445 501
445 940
445 1188
445 1341
445 1524
445 2029
445 2147
445 2845
445 3048
445 3095
445 3287
446 707
446 792
446 2942
447 1991
447 2972
448 1109
448 1770
448 2169
449 954
449 3434
450 1315
451 2695
451 2816
451 2867
452 1295
452 2037
452 2210
453 649
453 1297
453 2673
454 491
454 492
454 995
454 1556
454 1647
454 1724
454 1756
454 2382
454 2623
454 2814
454 3184
454 3228
455 1985
455 2048
455 2203
456 1140
456 1552
456 1734
456 2103
456 2143
456 2283
456 2528
456 2725
456 3237
456 3344
456 3380
456 3427
457 1265
457 1485
457 2950
458 1843
458 2950
459 1572
459 1775
459 3378
460 929
460 1833
460 3058
461 466
461 590
461 665
461 910
461 1028
461 1561
461 1587
461 2261
461 2813
461 3211
461 3467
461 3586
462 1369
462 1438
462 1457
462 1824
462 1828
462 2546
462 2645
462 2927
462 3302
462 3502
462 3539
463 498
463 621
463 1762
464 1032
464 1481
464 1509
464 2275
464 2279
464 2394
464 2537
464 2711
464 2736
464 3202
465 575
465 1320
465 2331
466 1090
466 2131
467 2080
467 2583
467 2697
468 981
468 2203
469 1516
469 1605
470 2473
470 3125
470 3272
471 1070
471 1152
471 1701
472 1407
472 1516
473 480
473 959
473 964
473 1585
473 1931
473 2124
473 2161
473 2248
473 2731
473 3021
474 1425
474 2083
474 2170
475 722
475 2749
475 3347
476 669
476 802
476 1094
476 1724
476 2452
476 2497
476 2929
476 2995
476 3083
476 3196
476 3438
477 575
477 712
477 2033
478 635
478 986
478 1580
479 729
479 1030
479 2183
479 2449
479 2794
479 2845
479 3389
479 3488
480 1113
480 2410
481 833
481 3272
482 928
482 1581
482 2737
483 2142
483 2443
483 2824
484 1118
484 2374
485 571
485 660
485 1079
485 1080
485 1383
485 3148
485 3301
485 3428
485 3474
486 1649
486 1824
486 1965
486 2469
486 2930
486 3045
486 3237
486 3284
486 3500
487 774
487 966
487 1021
487 1089
487 1250
487 1358
487 1642
487 1920
487 2493
487 3076
488 575
488 1505
488 2748
489 1486
489 1596
489 3523
490 1825
490 2556
490 3487
491 1062
491 1100
492 850
492 2622
493 1230
493 1256
493 2992
494 734
494 1013
494 2580
495 1189
495 2581
496 1073
496 1217
496 1220
496 1689
496 2230
496 2610
496 2636
496 2658
496 2756
496 3029
496 3317
496 3342
497 504
497 1425
497 3419
498 643
498 1232
498 1592
498 2223
498 2318
498 2322
498 2800
498 3411
498 3451
499 678
499 1124
499 1187
499 1671
499 1931
499 1955
499 2206
499 2267
499 2512
499 2524
500 693
500 769
500 1074
500 1273
500 1664
500 1889
500 2732
500 3142
500 3217
500 3329
500 3448
501 1887
502 957
502 1985
502 3008
503 635
503 1793
503 3286
504 543
504 640
504 1037
504 2075
504 2357
504 2752
504 2839
504 2874
504 2987
504 3225
504 3371
505 2122
505 2867
505 2942
506 939
506 1884
507 1040
507 1143
507 3323
508 1033
508 1621
508 3008
509 1886
509 2473
510 1256
510 1697
510 2281
511 699
511 995
511 1345
511 1652
511 1658
511 1666
511 1779
511 2053
511 2108
511 3202
511 3439
512 1295
512 1794
512 2332
513 1033
513 1388
514 731
514 1333
514 3383
515 790
515 1566
515 3565
516 1793
516 1853
516 2616
517 1190
517 2972
517 3477
518 1355
518 2678
518 2762
519 2616
519 2628
519 3123
520 794
520 905
521 850
521 2717
522 1646
522 3084
522 3335
523 942
523 1158
524 588
524 1761
524 2764
525 577
525 2192
525 2245
526 1239
526 1407
526 3462
527 2915
528 624
528 880
528 3573
529 1621
529 1791
529 2695
530 983
530 1722
530 2050
531 965
531 1132
531 1279
531 1508
531 1542
531 1625
531 2525
531 2617
531 3404
531 3549
532 3024
532 3144
532 3218
533 703
533 964
533 1537
533 1577
533 1588
533 1735
533 1914
533 1996
533 2437
533 2679
533 3301
534 1962
534 2022
534 2956
535 1227
535 3025
536 809
536 2133
536 3240
537 1355
538 1698
538 3487
539 2678
539 2862
539 3565
540 705
540 1049
540 1412
540 1631
540 1812
540 1820
540 1888
540 2264
540 3002
540 3313
541 614
541 2374
541 2862
542 1376
542 2442
542 2644
543 1507
543 3007
544 894
544 1962
544 3382
545 2100
545 2614
545 3542
546 991
546 3062
546 3235
547 846
547 1611
547 2835
548 1260
548 1372
548 1515
549 2249
549 2336
549 2950
550 1106
550 1376
550 1406
551 617
551 635
551 1993
552 2362
552 2695
552 2793
553 1711
553 2321
553 3235
554 1840
554 1843
554 2171
555 1063
555 1136
556 1025
556 2010
556 2581
557 1007
557 1465
557 2521
558 2393
558 3096
558 3430
559 956
559 3281
560 1299
560 1717
560 1762
561 2311
561 3523
562 1554
562 2971
563 877
563 1058
563 1086
564 659
564 1250
564 1392
564 1412
564 1533
564 1549
564 1623
564 1778
564 2206
564 2552
564 2991
565 781
565 2554
565 3478
566 721
566 1109
566 3186
567 1698
567 2033
567 2618
568 881
568 1387
568 3449
569 631
569 952
569 3452
570 1317
570 2536
570 3238
571 1762
571 2906
572 721
572 891
572 2003
573 847
573 954
573 1626
574 938
574 1469
574 1546
574 1952
574 2350
574 2483
574 2621
574 2623
574 3011
575 1151
575 1179
575 1309
575 1396
575 1560
575 1785
575 2018
575 2498
576 1109
576 2396
576 2816
577 1522
577 1745
577 2040
577 2447
577 2459
577 2949
577 3016
577 3148
577 3209
577 3322
578 1440
578 1505
578 2556
579 1783
579 2934
579 2956
580 1299
580 2245
581 2695
581 2778
581 3304
582 614
582 2384
582 2407
583 1883
583 2097
583 3052
584 1471
584 2443
584 2912
585 983
585 1118
585 2407
586 891
586 906
586 2100
587 1605
587 3419
588 752
588 944
588 1187
588 1336
588 1920
588 2248
588 2466
588 2984
589 755
589 1632
589 3018
590 1063
590 3277
591 2554
591 2694
591 2900
592 2435
592 2670
593 1376
593 2673
594 711
594 923
595 1685
595 2780
595 3478
596 1256
596 2824
596 2973
597 734
597 1853
597 3528
598 2052
598 2325
598 3519
599 893
599 938
599 1577
599 1676
599 1799
599 2213
599 2312
599 2334
599 2593
599 2882
599 3136
600 1886
600 2003
601 716
601 3009
601 3099
602 655
602 1854
603 855
603 2374
604 734
604 1289
604 2409
605 1275
605 2599
605 2966
606 1458
606 2547
606 2578
607 1159
607 2765
608 707
608 1202
608 1823
609 1677
609 2022
609 2820
610 1356
610 1632
610 2362
611 2694
612 709
612 1440
612 2565
613 1289
613 1793
613 2765
614 747
614 819
614 909
614 1023
614 2041
614 2603
614 2716
614 2770
614 2802
614 3040
615 1211
615 1453
616 755
616 1839
616 2521
617 838
617 919
617 1659
617 1821
617 1979
617 2297
617 2350
617 2481
618 700
618 3286
618 3593
619 2709
619 2835
620 1317
620 2654
620 2799
621 737
621 1764
621 2191
621 2372
621 2377
621 2392
621 2812
622 3416
622 3528
623 2443
623 2778
624 684
624 888
624 1049
624 1451
624 1606
624 2274
624 2503
624 2597
624 2711
625 1700
625 2804
625 3530
626 788
626 1123
626 1293
626 2130
626 2600
626 2807
626 3082
626 3341
626 3405
626 3537
626 3570
627 1072
627 2393
627 3186
628 1484
628 1596
628 2932
629 779
629 1614
629 2473
630 1296
630 1348
631 802
631 993
631 1035
631 1133
631 1252
631 1345
631 1641
631 2849
631 3223
632 865
632 2057
632 2374
633 709
633 1761
633 2750
634 749
634 836
634 977
634 2064
634 2094
634 2260
634 2334
634 2538
634 2758
634 2897
634 3297
635 935
635 995
635 1268
635 1641
635 1954
635 2073
635 2775
635 2916
636 3030
636 3032
637 2410
637 2443
638 1003
638 1399
638 1685
639 895
639 2370
639 3573
640 2314
640 3473
641 712
641 1516
641 3275
642 996
642 1432
642 1938
642 1940
642 2231
642 2333
642 2356
642 2456
642 2475
642 2545
642 3398
643 1621
644 1063
644 1883
644 2989
645 654
645 1638
646 727
646 916
646 1137
646 1349
646 1462
646 1562
646 1895
646 2060
646 2174
646 2401
646 3337
646 3515
647 1231
647 2088
647 2312
647 2693
647 2768
647 2774
647 2897
647 2899
647 3588
648 906
648 2782
648 3563
649 1148
649 2110
649 2141
649 2466
649 2587
649 2655
649 2662
649 3107
649 3266
649 3330
649 3344
650 734
650 1775
651 655
651 2565
651 3227
652 1131
652 1265
652 2083
653 1190
653 1677
653 2199
654 887
654 1020
654 1375
654 1401
654 2017
654 2051
654 2309
654 2922
654 3442
655 750
655 867
655 947
655 1000
655 1032
655 1349
655 1479
655 2108
655 2903
655 3491
656 1622
656 2793
656 3009
657 1551
657 2904
658 1534
658 1953
658 2184
659 1275
659 2749
660 796
660 3229
661 1823
661 2992
661 3523
662 1478
662 2236
662 3378
663 843
663 1055
663 1175
663 1470
663 1690
663 1753
663 1948
663 2913
663 3417
664 958
664 1425
664 1946
665 3058
666 928
666 2962
667 1793
667 3123
667 3528
668 792
668 1015
668 3229
669 2906
669 2942
670 1143
670 2100
670 3430
671 1307
671 2122
671 2793
672 926
672 1058
672 2971
673 848
673 1024
673 1878
674 2518
674 2819
675 1445
675 2019
675 2314
676 796
676 3070
677 1365
677 2080
677 3532
678 1282
678 3390
679 975
679 1151
679 1197
679 2120
679 3112
679 3266
679 3354
679 3370
679 3436
679 3468
679 3556
680 715
680 880
680 2201
681 1136
681 1453
681 2973
682 2184
682 3007
683 1982
683 2090
683 2501
684 2111
684 2697
685 845
685 1165
685 1241
685 1450
685 1537
685 1727
685 1981
685 2359
685 2440
685 2657
685 3325
685 3556
686 2106
686 2860
686 3530
687 704
688 2438
689 962
689 1375
689 2150
689 2381
689 2390
689 2633
689 2659
689 3028
689 3485
690 1534
690 2122
691 2614
691 2816
691 3346
692 1983
692 3286
693 2023
693 2336
694 709
694 1069
694 2207
695 965
695 992
695 1130
695 1359
695 2128
695 2196
695 2228
695 2263
695 2526
695 2529
695 2876
695 3512
696 2376
696 3269
697 2782
697 2973
698 1484
698 2311
698 2521
699 2972
699 3299
700 876
700 1082
700 1097
700 1494
700 1587
700 2139
700 2400
700 3129
700 3208
700 3253
700 3475
701 763
701 998
701 1586
702 1825
702 1930
702 2565
703 923
704 2119
704 2233
704 2430
704 2535
704 2558
704 2836
704 2910
704 3443
704 3568
704 3587
705 1286
705 1982
706 855
706 2518
706 2730
707 980
707 1133
707 1304
707 1756
707 1818
707 2001
707 2500
707 3042
707 3406
707 3483
708 3532
708 3573
709 1038
709 1254
709 1391
709 1540
709 1597
709 2444
709 2760
709 3425
710 842
710 960
710 1017
710 1083
710 1511
710 2013
710 2786
710 3161
710 3372
710 3401
711 1085
711 1176
711 1294
711 1347
711 2098
711 2155
711 2365
711 2541
711 3098
711 3267
712 765
712 1174
712 1277
712 1359
712 1942
712 2071
712 2924
713 949
713 2804
713 2860
714 1581
714 3242
714 3571
715 823
715 911
715 916
715 2154
715 2516
715 2560
715 2577
715 2589
715 3023
716 1206
716 1618
716 1809
716 2254
716 2302
716 2582
716 3047
716 3119
716 3222
716 3348
716 3595
717 837
717 2950
718 2146
718 2331
719 778
719 884
719 983
720 1372
720 1638
721 788
721 1008
721 1147
721 1668
721 2197
721 2651
721 3094
721 3127
721 3154
721 3435
722 1017
722 1199
722 1808
722 2166
722 2349
722 2502
722 3003
722 3077
722 3274
722 3404
723 790
723 1598
723 2391
724 1022
724 2142
724 2311
725 1100
725 2446
725 2906
726 1102
726 1531
726 3353
727 865
727 2581
728 2052
728 2599
728 3492
729 1022
729 1346
730 2362
730 3099
731 857
731 1010
731 1687
731 2773
731 2852
731 2961
731 2969
731 3409
731 3592
732 1064
732 1138
732 1385
732 1530
732 2103
732 2109
732 3051
732 3107
732 3225
732 3393
732 3541
733 1399
733 1621
734 829
734 1438
734 2015
734 2139
734 3017
734 3503
735 1086
735 1515
735 1580
736 1761
736 1930
736 3182
737 968
737 1033
738 1386
738 1407
738 1460
739 1477
739 1580
739 1984
740 1115
740 1252
740 1410
740 2896
740 3015
740 3184
740 3204
740 3262
740 3305
741 923
741 1578
742 1515
742 1660
742 2614
743 2765
743 3565
744 983
744 1583
744 2730
745 884
745 1307
745 2438
746 891
746 1317
746 2169
747 1613
747 3166
748 756
748 760
748 1633
748 1842
748 1873
748 1910
748 2031
748 2129
748 2415
748 3259
748 3321
749 1554
749 2915
750 846
750 2491
751 895
751 2019
751 2133
752 1440
752 3108
753 821
753 1946
753 3441
754 942
754 3519
755 861
755 1182
755 1593
755 1891
755 2130
755 3065
755 3079
755 3183
755 3219
756 1883
756 2661
757 1129
757 1839
757 2654
758 3455
758 3487
759 1265
759 1781
759 2370
760 1386
760 3449
761 1886
761 3477
762 1899
762 2023
762 2895
763 1373
763 1747
763 2143
763 2189
763 2395
763 2573
763 2655
763 2776
763 3371
763 3457
764 2316
764 3519
764 3593
765 3462
766 1632
766 1886
766 3096
767 905
767 1711
767 3334
768 1095
768 1839
769 3384
770 1477
770 1781
770 2336
771 939
771 1777
771 3319
772 3052
772 3580
773 2900
774 1286
774 2931
775 1095
775 3571
776 2215
777 1346
777 2824
777 3383
778 1108
778 1157
778 1705
778 2119
778 2161
778 2290
778 2611
778 2631
779 938
779 1424
779 2205
779 2363
779 2394
779 2684
779 2876
779 2952
779 3258
779 3461
780 926
780 2443
780 3498
781 1232
781 1944
781 2040
781 2101
781 2214
781 2285
781 2734
781 2854
781 3581
782 1139
782 1566
783 939
783 1711
783 2396
784 2409
784 3565
785 1483
785 1991
785 3519
786 2005
786 3542
786 3565
787 979
787 2819
787 3099
788 3530
789 1315
789 2766
789 3532
790 951
790 1417
790 1491
790 1597
790 1753
790 2123
790 2256
790 2315
790 2796
790 2936
791 2215
791 3571
792 882
792 1292
792 1367
792 1609
792 1713
792 2497
792 2624
792 2787
792 3428
792 3596
793 1515
793 1583
793 1947
794 872
794 1217
794 2091
794 2093
794 2095
794 2112
794 2386
794 3040
794 3177
794 3201
794 3244
795 1211
795 2353
796 835
796 1186
796 1409
796 1797
796 2001
796 2929
796 3145
796 3493
797 1033
797 1829
797 3174
798 1113
798 1143
798 3138
799 1348
799 2904
800 1646
800 3486
801 3009
802 1299
803 883
803 899
803 2841
804 1613
804 2934
804 3150
805 1635
805 2353
805 2900
806 957
806 3444
806 3470
807 1531
807 2332
808 2033
808 2520
808 3270
809 1506
809 1568
809 1939
809 2066
809 2285
809 2553
809 2642
809 2769
809 3474
810 2192
810 2554
811 1620
811 2518
811 3299
812 1066
812 1398
812 1726
812 1790
812 2253
812 2653
812 2753
812 3231
812 3363
812 3407
813 1159
813 1613
813 2022
814 1227
814 3218
814 3288
815 1015
815 2325
815 2709
816 1929
816 2022
816 2501
817 1271
817 1483
817 2199
818 1877
818 3419
818 3473
819 3486
820 2766
820 3131
821 1258
821 1742
821 1750
821 1804
821 2823
821 2839
821 3133
821 3364
822 956
822 2572
823 1365
824 2766
824 3058
824 3477
825 2186
825 3444
826 1614
826 1748
827 2121
827 3492
828 1386
828 3323
828 3390
829 1070
829 1877
830 837
830 3062
830 3593
831 1748
831 2473
831 2923
832 1333
832 2443
832 3416
833 1039
833 1160
833 2060
833 2298
833 2418
833 2586
833 2754
833 3020
833 3202
833 3402
834 2104
834 2790
835 2549
835 3593
836 979
837 1104
837 1344
837 1564
837 2196
837 2388
837 2828
837 2970
837 3198
837 3294
838 3288
839 2829
839 3430
840 1131
840 1211
840 2491
841 906
841 1356
842 1356
842 1826
843 1069
844 1069
844 1930
844 2332
845 986
845 3593
846 1704
846 1723
846 1767
846 2298
846 2585
846 3132
846 3599
847 1378
847 1497
847 1582
847 1742
847 1772
847 1805
847 2388
847 2656
847 2663
847 2857
847 3066
848 1012
848 1107
848 1149
848 1252
848 1316
848 1647
848 2008
848 3188
848 3204
848 3521
849 1620
849 1777
850 874
850 1975
850 2008
850 2027
850 2240
850 3110
850 3188
850 3465
850 3468
851 2301
851 2384
851 3486
852 1698
852 2569
852 2622
853 858
853 1245
853 1599
853 1831
853 2134
853 2458
853 2480
853 2809
853 3115
853 3208
854 2599
854 2890
855 1377
855 1565
855 1665
855 1684
855 1927
855 2837
855 3303
856 1677
857 2717
858 1070
858 2472
859 991
859 3055
859 3214
860 1184
860 1853
860 1993
861 2170
862 1109
862 2003
862 2187
863 1103
863 1208
863 1280
863 1869
863 2265
863 2557
863 3153
864 1333
864 3304
865 963
865 1723
865 1749
865 1751
865 2220
865 3013
865 3133
865 3243
866 1069
866 1598
866 1947
867 2287
867 2570
868 1122
868 1613
869 1062
869 1632
870 1043
870 1145
870 1578
871 1677
871 2501
871 3150
872 1078
872 3462
873 989
873 1159
873 2762
874 1878
874 2622
875 1701
875 2048
875 3270
876 2578
877 1248
877 1470
877 1845
877 2065
877 2296
877 2664
877 2826
877 2858
877 2993
877 3282
878 2915
879 894
879 1386
879 2819
880 933
880 999
880 1160
880 1266
880 2108
880 2423
880 2952
880 3092
880 3421
880 3520
881 1060
881 1325
881 1584
881 1865
881 1999
881 2308
881 2883
881 3494
882 1762
882 2785
883 901
883 1310
883 1691
883 1925
883 2123
883 2380
883 2792
883 3031
883 3292
884 1639
884 1863
884 1885
884 2081
884 2917
884 2927
884 2957
884 2986
884 3376
884 3526
885 1899
885 2790
885 3096
886 3166
886 3193
887 1122
887 1697
889 2749
889 3038
889 3097
890 1078
890 1229
890 3334
891 1196
891 1903
891 2381
891 2664
891 2685
891 2690
891 3164
892 1781
892 2472
892 2491
893 1748
893 3055
894 927
894 1559
894 1592
894 2254
894 2734
894 2847
894 3177
894 3273
894 3355
895 982
895 1036
895 2304
895 2413
895 3026
895 3053
895 3102
895 3291
895 3345
896 1122
896 2104
896 3430
897 1271
897 1770
897 3108
898 1109
898 1317
898 3218
899 980
899 1291
899 1688
899 2452
899 2893
899 3013
899 3343
899 3391
899 3594
900 1364
900 1399
900 2443
901 1611
901 1823
902 968
902 1985
902 1988
903 2499
903 2835
904 1125
904 1498
905 921
905 1156
905 1545
905 1680
905 2687
905 2690
905 2733
905 2891
905 3105
905 3200
906 1050
906 1201
906 1401
906 2181
906 2439
906 3446
906 3527
906 3575
907 1406
907 1416
908 2184
908 2661
908 3052
909 1113
909 1239
910 1070
910 2578
911 1854
911 2766
912 2384
912 2391
912 2678
913 2201
913 2565
914 1125
914 1834
915 954
915 2021
915 2709
916 3530
917 1282
917 2601
917 2985
918 2281
918 2580
918 2644
919 1460
919 3452
920 1748
920 2132
920 2618
921 1200
921 1239
922 1953
922 3551
923 1608
923 2076
923 2403
923 2800
923 2886
923 3021
923 3266
923 3516
924 2785
924 2906
924 3229
925 1777
925 3334
926 930
926 1236
926 1420
926 1500
926 2231
926 2395
926 3051
926 3300
926 3426
927 2934
928 1218
928 1488
928 1937
928 2116
928 2257
928 2546
928 2822
928 3085
928 3380
929 945
929 1085
929 1768
929 1850
929 1880
929 2579
929 3037
929 3379
929 3435
930 1620
930 3138
931 2499
932 1485
932 2694
932 2942
933 1858
933 2111
934 1453
934 1930
934 3353
935 1833
935 2921
936 1697
936 2097
937 1583
937 2050
937 2057
939 1274
939 1656
939 1714
939 1806
939 2382
939 2417
939 2687
940 2126
940 2574
941 1111
941 1722
941 2915
942 1097
942 1827
942 1900
942 1994
942 2261
942 2282
942 2517
942 2531
942 2657
943 2184
943 3288
944 3492
945 1211
945 2187
946 1991
946 2473
946 3058
947 1190
947 3272
948 1505
948 2748
948 3519
949 1137
949 2649
949 2651
949 2726
949 2783
949 3095
949 3341
949 3566
950 989
950 1984
951 1930
951 2210
952 1169
952 1204
952 1306
952 1397
952 2317
952 2448
952 2623
952 2744
952 3064
952 3149
952 3200
953 1372
953 2838
953 2975
954 1031
954 1895
954 1992
954 2055
954 2585
954 3122
954 3397
954 3574
954 3589
955 1551
955 2201
955 2250
956 1223
956 1430
956 1602
956 1911
956 2047
956 2063
956 2987
956 3285
956 3367
957 1014
957 1337
957 1353
957 2081
957 2233
957 2607
957 2667
957 2953
957 2999
957 3161
958 967
958 1004
958 1138
958 1357
958 1504
958 1682
958 1750
958 2047
958 2189
958 3220
958 3280
959 1516
960 1202
960 1988
961 2438
961 3304
961 3416
962 2695
962 3099
963 1425
963 1823
964 2435
965 1783
966 1878
966 1982
967 2199
967 3523
968 1014
968 1157
968 1183
968 1709
968 1741
968 1865
968 2415
968 3057
968 3075
969 3118
970 2431
970 3383
971 2005
971 2057
971 2730
972 1613
972 2331
973 1413
973 2056
973 3189
974 2301
974 2862
974 2934
975 1318
975 2569
976 1660
976 1685
976 3498
977 2321
977 3240
978 3182
978 3227
979 1324
979 1380
979 2084
979 2510
979 2642
979 3348
980 1915
981 1049
981 1089
981 1314
981 1323
981 2028
981 2700
982 1486
982 1534
983 1210
983 1371
983 1749
983 1955
983 2825
983 3293
983 3443
984 2021
984 3434
985 2126
985 2474
985 3151
986 1213
986 1283
986 1323
986 1645
986 1736
986 1799
986 2074
986 2329
986 2505
987 1388
987 1829
987 2291
988 1429
988 1594
988 1627
988 1779
988 1872
988 1900
988 2761
988 2845
988 2945
988 3114
988 3463
989 1053
989 1334
989 1370
989 1438
989 1492
989 1739
989 1786
989 2283
989 2306
989 2519
990 1190
990 2186
990 3281
991 1546
991 1676
991 1875
991 2529
991 2736
991 3092
991 3324
991 3466
992 1192
992 3150
993 3055
993 3334
994 1701
994 1988
994 3235
996 1660
996 2867
997 2384
997 3269
997 3506
998 1264
998 1389
998 2274
998 2832
998 2958
998 3023
998 3051
998 3588
999 1106
999 1315
1000 2740
1000 2750
1001 1783
1001 2501
1001 3281
1002 3227
1002 3242
1003 1360
1003 1506
1003 1575
1003 1745
1003 2347
1003 2368
1003 2436
1003 2540
1003 2685
1003 2891
1003 3597
1004 1295
1004 3538
1005 1211
1005 2336
1005 2737
1006 2478
1006 3030
1006 3335
1007 1248
1007 1293
1007 1759
1007 1814
1007 1934
1007 2078
1007 2303
1007 2429
1007 2550
1007 2555
1007 2691
1008 1062
1009 1057
1009 1177
1009 1193
1009 1934
1009 2159
1009 2237
1009 2430
1009 2948
1009 3090
1009 3175
1009 3387
1009 3526
1010 2410
1010 3304
1011 2757
1011 3386
1012 2556
1012 3487
1013 1218
1013 1771
1013 2306
1013 2341
1013 2419
1013 3068
1013 3254
1013 3284
1013 3376
1013 3587
1014 2246
1015 1466
1015 1588
1015 2046
1015 2155
1015 2285
1015 2949
1015 3089
1015 3124
1015 3145
1015 3392
1016 1192
1016 1826
1017 3430
1018 2122
1018 3099
1019 1211
1019 2043
1019 3229
1020 1260
1020 3542
1021 2717
1022 1410
1022 1678
1022 1818
1022 1992
1022 2164
1022 2389
1022 2591
1022 3438
1022 3468
1023 1159
1024 1419
1024 1647
1024 1678
1024 2463
1024 2681
1024 2701
1024 2861
1024 3223
1024 3261
1024 3420
1024 3436
1025 1087
1025 1235
1025 1479
1025 2055
1025 2577
1025 3243
1025 3402
1025 3429
1026 2301
1026 2374
1027 1991
1027 2890
1027 3193
1028 2022
1029 1840
1029 2249
1029 2262
1030 2757
1030 2932
1031 1829
1031 2499
1033 2004
1033 2293
1033 2339
1033 2365
1033 2397
1033 2977
1033 3146
1034 2391
1034 3166
1035 1853
1037 2199
1038 2210
1039 2740
1039 3182
1040 1380
1040 1776
1040 1910
1040 1987
1040 2064
1040 2168
1040 2251
1040 2795
1040 2853
1040 2883
1041 2122
1041 2554
1041 3097
1042 1777
1042 2518
1042 2915
1043 1648
1043 1923
1043 1978
1043 2098
1043 2268
1043 2327
1043 2480
1043 3403
1043 3591
1044 1102
1045 1190
1045 1458
1045 3131
1046 1825
1046 2673
1046 3108
1047 1870
1047 2830
1047 2895
1048 1613
1048 1870
1048 3335
1050 1372
1050 1632
1051 1122
1051 2033
1051 2956
1052 2249
1052 2895
1053 1297
1053 2644
1054 1962
1054 3084
1054 3150
1055 1761
1055 2673
1056 2614
1056 3334
1057 1570
1057 2122
1058 1444
1058 1830
1058 1864
1058 2519
1058 2682
1058 3130
1058 3369
1058 3427
1059 1580
1059 1853
1059 2316
1060 2238
1061 2023
1061 2262
1061 2950
1062 1133
1062 1173
1062 1222
1062 1305
1062 1434
1062 1452
1062 2650
1062 2834
1062 2995
1063 1081
1063 1195
1063 1976
1063 1986
1063 2016
1063 2340
1063 2843
1063 3190
1063 3517
1064 1180
1064 1702
1065 1256
1065 1837
1066 1947
1066 2384
1067 1227
1067 1632
1067 2170
1068 1478
1068 3096
1069 1198
1069 2152
1069 2759
1069 2792
1069 2806
1069 3479
1069 3552
1070 1331
1070 1426
1070 1815
1070 1967
1070 2282
1070 2426
1070 3044
1071 1078
1071 1837
1071 3449
1072 1716
1072 2013
1072 2193
1072 2226
1072 2349
1072 2710
1072 2938
1072 3143
1072 3239
1073 1159
1073 2862
1074 1695
1074 2207
1075 2348
1076 1365
1076 1858
1077 2332
1077 3193
1078 1474
1078 1789
1078 2317
1078 2344
1078 2417
1078 2635
1078 2719
1078 2955
1078 3518
1079 2325
1079 3434
1080 2086
1080 2246
1081 2070
1082 1131
1082 1152
1083 3084
1084 1498
1084 1919
1084 3335
1085 2435
1086 1574
1086 1900
1086 1964
1086 2117
1086 2988
1086 3017
1086 3381
1087 3125
1087 3530
1088 2580
1088 2762
1088 2934
1089 1106
1090 1155
1090 1508
1090 1811
1090 1986
1090 2096
1090 2252
1090 2590
1090 2969
1090 3190
1091 2661
1091 3039
1091 3323
1092 2207
1092 3193
1092 3551
1093 1095
1093 1985
1093 3227
1094 2021
1094 3018
1095 1119
1095 1188
1095 1902
1095 2174
1095 2577
1095 3082
1095 3094
1095 3132
1096 1408
1096 1516
1096 2747
1097 1458
1098 2668
1098 3272
1099 1843
1099 2446
1099 2749
1100 1526
1100 1609
1100 1715
1100 1997
1100 2849
1100 3343
1100 3569
1101 2012
1101 2199
1101 2578
1102 1421
1102 1517
1102 1569
1102 2194
1102 2894
1102 2937
1102 2940
1102 3358
1102 3425
1103 1646
1103 2820
1104 3097
1105 1833
1105 2644
1105 2737
1106 1216
1106 1502
1106 1503
1106 1662
1106 1732
1106 2958
1106 3141
1107 2520
1107 2569
1108 1554
1108 3240
1109 1738
1109 2181
1109 2615
1109 2858
1109 2891
1109 3028
1109 3091
1110 2146
1110 2829
1111 1166
1111 1226
1111 1367
1111 1875
1111 1952
1111 2684
1111 2699
1111 3012
1111 3495
1111 3504
1112 2111
1113 1217
1113 1909
1113 2425
1113 2481
1113 2609
1113 2714
1113 2775
1114 1131
1114 1781
1114 2061
1115 2021
1115 3455
1116 1698
1116 2331
1116 3270
1117 1843
1117 2942
1118 1462
1118 1704
1118 3035
1118 3128
1118 3289
1119 1700
1119 2106
1120 2097
1120 2281
1120 2875
1121 1583
1121 1614
1121 2915
1122 1337
1122 2193
1122 2378
1122 2637
1122 2983
1122 3010
1122 3077
1122 3510
1123 1227
1123 3030
1124 1794
1125 1502
1125 1901
1125 2118
1125 2200
1125 2338
1125 3249
1125 3351
1126 2501
1126 3386
1127 2003
1127 3050
1127 3058
1128 1777
1128 2972
1129 1257
1129 1293
1129 1404
1129 1908
1129 1996
1129 2745
1129 2856
1129 3136
1129 3596
1130 1843
1131 1331
1131 1599
1131 1624
1131 1772
1131 2035
1131 2999
1131 3109
1131 3583
1132 2374
1132 2829
1134 2438
1134 2830
1134 3319
1135 1798
1135 2873
1136 1261
1136 1816
1136 2127
1136 2128
1136 2699
1136 2894
1136 3283
1136 3351
1137 3125
1138 3007
1139 1448
1139 1942
1139 2453
1139 2864
1139 3316
1139 3332
1139 3522
1140 1825
1140 2249
1141 1282
1141 2992
1142 1416
1142 2973
1143 1429
1143 1633
1143 1666
1143 1674
1143 1933
1143 2352
1143 3369
1144 2473
1144 3131
1144 3477
1145 1535
1145 1673
1145 2468
1145 2540
1145 2604
1145 2810
1145 2919
1145 3197
1145 3499
1145 3553
1146 2249
1146 2446
1146 2694
1147 2353
1147 2676
1148 2393
1148 2520
1149 2565
1149 2873
1150 2580
1150 3138
1151 3487
1152 1181
1152 1538
1152 2214
1152 2666
1152 2878
1152 3037
1152 3403
1152 3557
1153 1260
1153 1566
1153 3193
1154 1983
1154 2435
1155 1458
1155 2097
1156 1829
1156 1985
1157 1406
1158 1215
1158 1287
1158 1480
1158 1864
1158 2296
1158 2364
1158 2366
1158 3135
1159 1422
1159 1836
1159 1951
1159 2715
1159 2847
1159 2963
1159 3399
1161 2536
1161 2932
1161 3144
1162 2111
1162 2766
1163 1849
1163 2819
1163 3563
1164 2410
1164 3383
1164 3416
1165 1483
1165 3477
1166 1296
1166 2906
1167 1887
1167 3103
1167 3378
1168 1510
1168 2236
1169 3506
1170 2291
1170 3174
1171 1365
1171 1554
1171 1722
1172 1962
1172 2580
1172 2765
1173 1791
1173 2677
1174 1703
1174 3062
1175 3281
1175 3462
1176 2291
1176 3478
1177 2793
1178 1694
1178 2906
1178 2923
1179 1870
1179 3486
1180 1945
1180 1965
1180 1990
1180 2072
1180 2257
1180 2269
1180 2414
1180 2519
1180 2655
1181 2142
1181 3158
1182 2169
1182 3288
1183 1621
1183 2291
1184 1205
1184 1253
1184 1268
1184 1332
1184 1340
1184 1469
1184 1687
1184 1728
1184 2425
1184 3172
1185 1423
1186 3523
1187 2747
1188 2804
1189 1590
1189 1616
1189 1637
1189 1640
1189 1716
1189 1721
1189 1844
1189 1998
1189 3203
1189 3509
1190 1495
1190 2063
1190 2211
1190 2328
1190 2418
1190 2813
1191 1275
1192 1439
1192 1672
1192 2096
1192 2502
1192 2742
1192 3041
1192 3336
1193 1794
1193 2985
1194 1458
1194 1886
1195 2975
1195 3288
1196 2187
1196 3096
1197 1595
1197 1702
1198 2644
1198 2764
1199 2376
1199 3486
1200 1442
1200 1519
1200 1921
1200 2095
1200 2219
1200 2582
1200 2789
1200 2847
1200 3004
1200 3279
1200 3458
1201 2793
1202 1290
1202 2343
1202 2637
1202 2865
1202 2953
1202 3034
1202 3343
1203 1953
1203 2171
1203 2694
1204 2994
1204 3055
1205 3288
1205 3416
1206 1388
1206 3382
1207 2311
1207 2932
1207 3564
1208 2912
1209 2083
1209 2835
1209 3269
1210 1918
1210 2121
1211 1517
1211 2464
1211 2743
1211 2918
1211 3154
1211 3180
1213 1406
1213 1883
1214 2199
1214 2570
1214 3281
1215 1833
1215 3542
1216 2697
1216 3573
1218 2133
1219 1554
1219 2005
1220 1598
1220 3084
1221 1770
1221 2764
1221 2838
1222 1478
1222 2245
1223 1271
1223 2578
1224 1286
1224 1507
1224 1953
1225 1984
1225 2281
1226 1620
1226 2005
1227 1338
1227 1898
1227 2486
1227 2807
1227 3054
1227 3590
1228 1988
1228 2472
1228 2618
1229 1281
1229 1328
1229 2371
1229 2744
1229 2788
1229 3126
1229 3177
1229 3363
1229 3589
1230 1381
1230 1671
1230 2341
1230 2515
1230 2596
1230 2954
1230 2959
1230 2986
1231 1620
1233 2325
1233 2435
1233 2747
1234 1406
1234 2921
1234 3039
1235 1611
1236 2830
1237 2022
1237 2934
1237 3084
1238 1694
1238 2654
1239 2025
1239 2289
1239 2643
1239 2756
1239 3126
1239 3273
1239 3518
1239 3529
1240 1307
1240 3099
1241 2921
1242 1695
1242 2106
1242 2376
1243 1356
1243 2838
1243 3039
1244 2921
1244 3214
1245 1711
1245 3361
1246 1445
1246 1534
1247 1613
1247 1783
1247 1962
1248 2052
1249 1386
1249 1478
1250 2336
1251 1364
1251 2695
1251 3383
1253 3390
1253 3452
1254 1825
1254 3182
1255 1783
1255 1929
1255 2820
1256 1686
1256 1846
1256 2118
1256 2495
1256 3156
1256 3453
1257 1834
1257 2757
1258 1794
1258 2207
1259 1399
1259 2192
1259 2867
1260 1280
1260 1354
1260 1500
1260 1541
1260 2707
1260 2777
1260 2781
1261 2131
1261 2281
1262 1531
1262 1825
1262 2750
1263 2169
1263 2989
1263 3032
1264 1507
1264 2912
1265 1412
1265 1497
1265 1642
1265 1889
1265 2135
1265 2345
1265 2743
1265 2842
1265 3450
1266 2583
1266 3125
1267 1722
1267 2923
1267 2971
1268 3189
1269 1583
1270 1299
1270 1478
1270 2677
1271 1579
1271 1690
1271 2051
1271 2065
1271 2191
1271 2517
1271 3034
1271 3226
1272 1365
1272 1583
1273 1465
1273 2709
1275 1436
1275 1973
1275 2014
1275 2222
1275 2253
1275 2371
1275 2998
1275 3522
1276 1312
1276 1393
1276 1499
1276 1539
1276 1665
1276 2404
1276 2941
1276 3257
1276 3340
1276 3370
1277 2348
1277 2972
1278 1874
1278 1918
1278 2052
1279 2104
1279 3486
1280 1586
1281 2534
1282 1398
1282 1667
1282 2592
1282 2927
1282 3210
1282 3490
1282 3587
1283 3519
1284 1355
1284 2239
1284 2409
1285 1598
1285 1613
1285 2301
1286 1385
1286 1747
1286 1935
1286 2252
1286 2701
1286 3015
1286 3188
1286 3578
1286 3592
1287 1317
1287 3138
1288 2000
1288 2314
1288 3441
1289 1444
1289 1710
1289 1827
1289 1912
1289 2114
1289 2877
1289 2993
1289 3170
1289 3179
1289 3463
1290 1946
1290 3195
1291 2992
1292 3070
1292 3523
1294 2778
1294 3158
1295 1378
1295 2255
1295 2330
1295 2874
1295 3013
1295 3268
1296 1577
1296 1797
1296 1932
1296 2087
1296 2429
1296 2441
1296 2567
1296 2600
1296 2624
1296 2791
1297 1336
1297 1963
1297 1976
1297 2411
1297 2639
1297 2721
1297 3283
1297 3453
1297 3531
1298 1581
1298 2677
1299 1756
1299 1997
1299 2358
1299 2946
1299 3121
1299 3127
1299 3545
1300 1703
1300 2043
1300 2973
1301 1878
1302 1471
1302 1660
1302 2554
1303 1465
1303 1510
1303 2860
1304 2906
1304 3097
1305 1717
1306 1711
1306 1884
1307 1329
1307 1382
1307 1532
1307 1801
1307 2244
1307 2555
1307 2558
1308 1781
1309 1854
1309 2668
1310 2599
1311 2104
1311 2749
1311 3174
1312 1578
1312 1854
1313 1388
1313 2106
1313 2239
1314 1376
1314 1858
1315 2148
1315 2457
1315 2674
1315 2711
1315 2925
1315 2974
1315 3053
1315 3548
1316 2201
1316 2750
1317 1444
1317 1690
1317 1759
1317 1796
1317 3381
1318 1661
1318 1914
1318 1994
1318 2067
1318 2074
1318 2369
1318 2980
1318 3005
1318 3241
1319 1717
1319 2236
1319 3229
1320 1350
1320 1670
1320 1773
1320 2127
1320 2722
1320 3216
1320 3332
1320 3340
1320 3356
1320 3512
1320 3525
1321 1698
1321 1702
1321 2393
1322 1387
1322 1407
1322 3449
1323 2975
1324 2133
1324 2702
1325 1386
1325 1460
1326 2003
1326 2393
1326 2790
1327 1853
1327 3071
1327 3189
1328 2678
1328 3118
1329 2410
1329 3470
1330 2750
1330 3551
1331 1635
1332 3055
1332 3449
1333 1414
1333 1628
1333 2045
1333 2557
1333 2558
1333 2714
1333 3526
1334 2056
1335 2474
1335 3214
1336 1702
1338 3024
1339 3378
1340 2989
1341 2311
1341 3036
1342 1458
1342 2749
1342 3150
1343 2476
1343 2549
1343 2992
1344 2749
1344 2942
1345 3123
1346 1601
1346 1706
1346 2480
1346 2878
1346 2887
1346 3061
1346 3140
1346 3232
1346 3298
1347 2431
1347 3245
1348 1404
1348 1546
1348 1645
1348 2205
1348 2216
1348 2619
1348 2899
1349 2061
1350 3275
1350 3462
1351 1581
1351 2245
1351 3103
1352 1484
1352 2090
1353 2203
1354 1917
1355 1731
1355 2524
1355 2645
1355 2836
1355 3156
1355 3231
1355 3376
1355 3576
1356 1544
1356 1936
1356 2284
1356 2707
1356 2892
1356 3226
1356 3510
1357 2314
1357 2581
1358 1874
1358 2262
1359 2875
1360 2702
1360 3378
1361 2126
1361 2860
1361 3384
1362 1578
1362 1929
1363 1685
1363 2122
1363 2446
1364 1784
1364 2098
1364 2576
1364 2888
1364 2997
1364 3199
1364 3424
1365 1420
1365 1503
1365 2584
1365 2597
1365 2768
1365 2776
1365 3541
1366 2048
1366 2246
1366 3008
1367 1694
1368 2171
1368 3192
1369 2580
1369 2628
1370 1775
1370 2628
1371 1794
1371 3492
1372 1449
1372 1579
1372 2378
1372 2728
1372 3401
1372 3540
1373 1878
1373 3192
1374 1791
1374 2236
1374 2245
1375 1632
1376 1533
1376 2342
1376 2345
1376 2367
1376 2503
1376 3578
1377 2050
1378 3018
1379 1416
1379 1919
1381 2985
1382 2169
1382 2654
1383 2709
1384 1717
1384 3286
1384 3498
1385 3192
1386 1846
1386 2602
1386 2955
1386 3222
1387 1650
1387 1922
1387 2129
1387 2136
1387 2254
1387 2495
1387 2635
1387 3120
1388 1459
1388 2166
1388 2432
1388 2653
1388 2789
1388 3081
1388 3400
1388 3415
1389 1858
1389 2804
1390 1849
1390 2702
1390 3195
1391 1794
1391 2824
1392 2146
1393 3272
1394 2132
1394 3038
1394 3070
1395 1416
1395 1694
1395 3564
1396 1605
1397 3299
1398 2409
1399 1693
1399 1980
1399 2383
1399 2812
1399 2911
1399 3137
1399 3527
1400 1478
1400 1837
1400 2601
1401 3050
1402 2236
1402 2677
1403 1877
1403 1988
1403 3470
1404 2325
1405 1580
1405 2921
1405 3123
1406 1820
1406 1881
1406 2039
1406 2280
1407 1714
1407 1740
1407 2093
1407 2465
1407 2744
1407 2933
1407 3459
1408 1885
1408 2039
1408 2088
1408 2124
1408 2221
1408 2729
1408 3443
1409 1614
1409 1694
1410 2748
1411 2518
1411 2971
1413 1576
1413 1779
1413 2710
1413 2863
1413 2883
1413 3248
1413 3259
1414 2614
1414 2830
1415 1890
1415 1983
1416 2087
1416 2200
1416 2408
1416 2692
1416 2887
1416 3153
1417 3108
1418 2050
1418 3113
1418 3182
1419 2994
1420 1507
1421 1930
1421 3018
1422 2534
1422 3382
1423 1654
1423 2189
1423 2355
1423 2967
1423 3026
1423 3225
1423 3312
1423 3398
1424 3214
1424 3452
1425 1688
1425 2069
1425 2656
1425 2905
1425 3205
1425 3289
1426 1458
1426 1483
1427 2321
1427 3270
1428 1953
1428 3478
1430 1877
1430 3532
1431 1947
1431 2239
1431 2862
1432 2912
1432 3383
1433 1870
1433 2050
1433 2518
1434 2187
1434 3050
1435 2192
1435 2677
1435 2702
1436 3195
1437 2122
1437 3052
1439 2104
1439 2407
1440 1855
1440 1945
1440 2068
1440 2528
1440 2575
1440 3417
1441 1887
1441 2215
1441 3227
1442 1884
1443 2435
1445 1616
1445 1669
1445 1957
1445 1972
1445 2781
1445 2879
1445 3548
1446 1899
1446 2520
1446 2727
1447 2097
1447 2975
1447 2989
1448 2332
1448 3113
1449 2362
1449 3050
1450 2325
1450 3151
1451 2973
1451 3580
1452 1510
1452 1762
1453 1476
1453 1657
1453 1977
1453 2338
1453 2548
1453 2665
1453 3418
1453 3460
1454 1930
1454 2121
1454 2824
1455 1849
1455 2915
1455 3299
1456 2192
1456 3346
1457 2677
1457 3195
1458 2016
1458 2594
1458 2779
1458 3000
1459 2104
1460 1469
1460 1667
1460 1671
1460 1922
1460 2562
1460 2635
1461 1471
1461 1510
1461 3528
1462 3473
1463 2210
1464 2061
1464 2860
1465 1547
1465 1969
1465 2408
1465 2514
1465 2669
1465 3093
1465 3232
1467 2291
1467 2670
1467 2694
1468 2022
1468 2895
1468 3281
1470 2838
1471 1655
1471 2178
1471 2320
1471 2355
1471 2492
1471 2704
1471 3359
1471 3426
1472 1929
1472 2764
1472 3462
1473 1946
1474 2862
1474 3269
1475 2601
1475 2973
1475 3106
1476 1531
1476 2170
1477 1649
1477 1851
1477 1937
1477 2304
1477 2460
1477 2533
1477 2638
1477 2743
1477 3255
1477 3548
1478 1980
1478 2042
1478 2251
1478 2377
1478 2495
1478 2551
1480 1515
1481 1858
1481 3573
1482 1515
1482 1722
1482 3565
1483 1587
1483 2278
1483 2364
1483 2988
1483 3005
1483 3162
1483 3367
1483 3463
1484 2224
1484 2566
1484 2567
1484 2794
1484 2857
1484 3198
1485 1512
1485 1871
1485 2204
1485 2528
1485 2713
1485 2732
1485 2833
1485 2885
1485 3422
1486 1669
1486 1974
1486 2272
1486 2675
1486 2739
1486 2914
1486 3312
1486 3505
1487 1794
1487 2992
1488 3030
1489 2291
1489 3347
1490 1837
1490 3323
1490 3449
1491 2146
1492 1962
1492 2409
1493 3113
1494 3528
1496 3007
1496 3498
1497 1701
1498 1720
1498 1730
1498 2567
1498 2856
1498 2902
1498 3160
1498 3232
1498 3318
1499 2748
1499 3487
1501 2086
1501 2291
1503 2106
1504 1507
1504 1534
1505 1866
1505 2067
1505 2120
1505 2232
1505 2243
1505 3265
1505 3521
1505 3556
1506 2245
1507 1737
1507 2072
1507 2688
1507 3344
1508 2070
1509 2080
1509 2201
1510 1524
1510 1928
1510 2032
1510 2198
1510 2545
1510 2772
1510 2808
1511 2048
1512 1899
1512 2820
1513 1570
1513 2819
1513 3009
1514 1983
1514 2616
1514 3416
1515 1892
1515 1936
1515 2114
1515 2309
1515 2375
1515 2640
1516 2112
1516 2290
1516 2641
1516 2722
1516 3518
1516 3562
1517 1762
1518 2521
1518 2536
1518 3346
1519 2534
1519 2934
1520 2348
1520 3108
1520 3281
1521 2583
1521 2750
1522 2133
1522 3009
1523 1620
1523 1849
1524 3384
1525 1598
1525 2111
1526 3018
1527 2121
1527 2985
1528 2332
1528 3551
1529 2003
1529 3430
1530 2912
1531 1755
1531 2152
1531 2575
1531 2630
1531 2741
1531 2936
1531 3173
1532 1570
1532 2184
1533 2262
1534 1655
1534 2456
1534 2484
1534 2490
1534 2870
1534 3371
1534 3393
1535 2169
1535 2932
1536 1825
1536 2442
1536 2764
1537 2052
1538 2780
1539 1646
1539 2407
1540 2043
1540 3353
1541 1598
1542 1626
1543 2583
1544 1697
1545 2192
1545 3238
1547 2932
1547 3396
1548 2474
1548 3242
1549 3151
1549 3492
1550 1685
1550 2184
1550 3097
1551 1594
1551 1916
1551 2007
1551 2157
1551 2179
1551 2489
1551 2914
1551 3311
1552 2090
1552 2478
1553 2599
1553 2749
1553 3118
1554 1799
1554 1893
1554 2084
1554 2216
1554 2729
1554 3134
1555 2391
1555 2762
1556 1853
1557 1695
1557 2332
1557 2950
1558 2037
1558 2057
1558 3492
1560 1646
1560 2374
1561 2570
1561 3131
1562 2491
1563 1677
1563 3108
1563 3462
1564 2132
1565 1849
1566 1802
1566 1971
1566 2230
1566 2402
1566 2564
1566 2603
1566 2925
1566 3479
1567 1826
1567 2097
1567 3277
1568 2677
1568 2816
1569 1781
1570 1809
1570 2150
1570 2383
1570 2415
1570 2510
1570 2708
1570 2981
1570 3446
1571 1919
1571 2824
1572 1771
1572 1868
1572 2014
1572 2137
1572 2234
1572 2459
1572 2696
1572 2850
1572 2865
1572 3302
1573 2644
1573 3108
1574 1793
1574 2762
1575 2396
1575 3238
1576 3323
1578 2223
1578 2498
1578 2818
1578 3171
1578 3279
1578 3350
1579 1883
1580 1850
1580 1852
1580 1912
1580 1958
1580 2138
1580 2859
1581 1649
1581 1835
1581 1998
1581 2157
1581 2846
1581 3048
1581 3440
1582 3269
1583 2361
1583 2511
1583 2693
1583 3072
1583 3504
1584 1837
1584 3390
1585 2438
1585 3189
1586 1940
1586 2682
1586 2688
1586 3014
1586 3271
1586 3307
1586 3541
1588 3434
1589 2829
1589 2966
1589 3174
1590 2171
1590 3473
1591 1722
1591 2730
1592 2900
1593 2962
1594 2474
1595 1880
1595 2110
1595 2299
1595 2322
1595 2608
1595 2679
1595 3267
1595 3484
1596 1872
1596 2177
1596 2591
1596 3140
1596 3194
1596 3251
1596 3287
1596 3394
1596 3410
1596 3579
1597 2332
1598 1683
1598 2041
1598 2148
1598 2784
1598 3316
1598 3524
1599 2547
1600 1834
1600 2973
1600 3335
1601 2311
1602 1677
1602 2570
1603 3501
1603 3542
1604 1953
1604 3007
1605 2128
1605 2864
1605 2884
1605 3178
1605 3257
1605 3331
1606 1919
1607 2111
1607 2473
1607 3532
1608 1983
1608 2668
1609 3097
1610 2070
1610 2131
1610 3277
1611 1895
1611 1970
1611 2240
1611 2681
1611 2840
1611 2935
1611 3305
1611 3391
1612 2238
1612 3138
1612 3189
1613 1927
1613 2049
1613 2230
1613 2786
1614 2156
1614 2385
1614 2624
1614 2745
1614 2815
1615 2867
1615 2900
1615 3478
1617 1982
1617 3030
1617 3346
1618 3347
1619 1638
1619 2614
1619 3501
1620 2361
1620 2385
1620 2758
1620 3134
1620 3307
1621 1663
1621 1718
1621 1774
1621 2551
1621 2720
1621 3034
1621 3482
1622 2136
1622 2180
1622 2479
1622 2510
1622 2544
1622 2568
1622 3355
1622 3400
1622 3458
1623 1829
1623 2140
1624 2336
1625 1826
1625 3277
1626 1746
1626 1789
1626 2494
1626 2851
1626 3046
1626 3217
1626 3306
1626 3336
1626 3445
1627 3242
1627 3361
1628 3470
1629 2446
1629 3038
1630 1917
1630 2111
1630 2737
1631 2262
1631 2599
1632 1950
1632 2144
1632 2559
1632 3127
1632 3412
1634 1685
1634 2192
1634 2695
1635 1760
1635 1780
1635 1944
1635 1978
1635 2292
1635 2412
1635 2496
1635 2579
1635 3061
1635 3129
1636 2023
1636 2694
1636 3097
1637 1887
1637 2677
1638 2024
1638 2038
1638 2324
1638 2707
1638 2797
1638 3072
1638 3170
1639 2057
1640 2019
1640 3430
1642 2599
1643 1677
1643 1783
1643 2895
1644 3281
1644 3382
1646 2049
1646 2153
1646 2172
1646 2190
1646 2485
1646 2996
1648 3346
1650 2534
1650 2819
1651 2236
1652 1777
1652 3275
1653 2547
1653 3528
1653 3593
1654 2184
1654 3192
1656 2614
1656 3299
1657 1781
1657 3229
1658 2697
1659 2661
1659 2931
1660 1674
1660 2024
1660 2181
1660 2652
1660 2659
1660 2710
1660 3164
1660 3471
1661 2748
1661 3487
1662 2804
1663 1915
1663 2838
1664 2210
1664 3269
1665 3486
1666 3036
1667 1918
1668 2236
1668 3050
1669 3007
1670 3193
1670 3419
1672 1783
1672 3062
1673 2536
1673 3024
1674 2790
1675 2410
1675 2830
1676 3452
1677 1769
1677 2387
1677 3004
1678 3455
1679 1849
1679 1870
1679 2730
1680 3382
1681 2820
1681 3150
1681 3281
1682 2000
1682 2803
1683 3565
1684 2501
1685 1699
1685 1803
1685 2475
1685 2492
1685 2848
1685 2854
1686 1919
1686 3106
1687 3052
1688 2010
1689 2862
1689 3486
1691 2829
1692 1720
1692 1780
1692 2026
1692 2183
1692 2522
1692 2591
1692 2692
1692 2809
1692 2821
1692 3093
1692 3221
1692 3403
1693 2431
1693 3304
1694 1814
1694 2212
1694 2224
1694 2902
1694 3537
1695 1740
1695 1752
1695 2020
1695 2344
1695 2617
1695 2663
1695 3320
1695 3397
1696 2246
1696 2670
1696 2785
1697 1733
1697 2096
1697 2229
1697 2340
1697 2525
1697 3401
1697 3531
1698 2099
1698 2141
1698 3265
1698 3507
1698 3521
1699 2900
1700 1835
1700 1872
1700 1928
1700 2669
1700 2944
1700 3536
1700 3566
1700 3577
1701 1995
1701 2412
1701 2595
1701 2607
1701 2918
1701 3208
1701 3559
1702 1712
1702 2143
1702 2403
1702 2513
1702 2735
1702 3181
1703 1765
1703 1952
1703 1963
1703 2815
1703 3418
1703 3512
1703 3517
1704 2581
1705 3009
1706 2443
1706 2782
1707 1762
1707 1781
1707 2043
1708 1833
1708 1984
1708 2370
1709 1890
1710 2628
1710 2762
1711 1760
1711 1987
1711 2909
1711 2951
1711 3414
1711 3547
1711 3557
1712 2520
1713 3593
1714 2499
1715 2021
1715 3353
1717 2273
1717 2320
1717 2356
1717 2671
1717 2944
1717 2979
1718 2012
1719 2476
1719 2985
1719 3523
1720 3384
1721 2000
1722 2310
1722 2385
1722 2451
1722 2571
1722 2797
1722 3588
1723 2000
1724 2236
1725 2501
1725 2931
1726 3565
1727 2578
1728 2931
1728 3580
1729 2536
1729 3032
1729 3288
1731 1918
1731 3390
1732 1919
1732 3580
1733 2601
1734 1761
1734 2023
1735 2709
1735 2785
1736 3039
1737 2717
1737 3192
1738 3096
1739 2765
1739 2934
1740 2862
1742 2170
1743 1919
1743 2043
1743 2875
1744 3275
1744 3299
1745 2677
1746 2210
1746 2950
1748 2263
1748 2279
1748 2433
1748 2483
1748 2619
1748 3012
1748 3421
1748 3555
1749 3486
1750 3419
1751 1854
1751 2431
1753 2644
1754 1918
1754 2673
1754 2747
1755 2121
1755 3106
1757 2301
1757 3084
1757 3166
1758 3125
1759 3151
1760 2474
1761 1871
1761 1990
1761 2232
1761 2379
1761 2968
1761 3507
1762 1960
1762 3145
1762 3460
1762 3482
1763 2249
1763 2942
1763 3478
1765 2923
1765 3055
1766 3071
1766 3580
1768 1886
1769 2186
1770 1864
1770 1903
1770 2117
1770 2300
1770 2539
1770 2691
1770 2877
1770 2913
1770 2926
1771 2677
1772 2262
1773 2348
1774 2203
1775 1861
1775 2116
1775 2209
1775 2836
1775 2930
1775 2960
1775 2986
1775 3490
1776 1798
1776 3235
1777 2235
1777 2394
1777 3092
1777 3149
1777 3555
1778 1918
1778 2799
1780 3245
1781 2218
1781 2595
1781 3435
1781 3437
1782 1886
1782 3050
1782 3186
1783 2266
1783 3000
1783 3117
1783 3399
1783 3467
1784 3245
1785 2569
1785 3455
1786 2281
1787 1884
1787 2246
1788 2547
1788 2616
1790 3118
1791 1846
1791 2082
1791 2337
1791 2746
1791 2812
1791 2853
1791 3120
1791 3121
1791 3157
1792 2476
1793 1828
1793 1861
1793 1967
1793 2107
1793 2306
1793 2400
1793 3135
1794 2069
1794 2162
1794 2630
1794 2982
1795 3275
1796 2838
1796 3108
1797 2923
1798 1819
1798 2496
1798 2542
1798 2687
1798 2801
1798 3064
1798 3469
1800 2043
1800 3386
1801 2121
1801 2992
1802 1947
1803 2816
1804 2083
1804 3018
1805 2336
1805 2472
1806 2994
1806 3452
1807 2785
1807 3434
1808 3174
1809 3240
1810 1829
1810 3347
1811 1826
1811 2376
1812 1984
1812 2442
1813 2336
1813 2370
1813 2676
1814 1839
1815 2572
1815 2628
1816 2923
1816 3452
1817 1825
1817 2520
1817 2569
1818 3018
1819 2583
1819 3275
1820 1858
1821 3052
1821 3416
1822 2239
1822 2499
1822 3118
1823 1904
1823 2145
1823 2346
1823 2428
1823 2823
1823 3196
1823 3569
1824 2803
1825 1879
1825 3265
1826 1913
1826 2378
1826 3190
1826 3230
1826 3442
1826 3453
1827 3036
1829 2380
1829 2482
1829 2928
1829 3314
1829 3489
1830 1993
1830 2238
1831 2353
1831 2780
1832 2083
1832 3038
1832 3564
1833 2114
1833 2329
1833 2533
1833 2686
1833 2723
1834 1932
1834 2224
1834 3006
1834 3093
1834 3298
1835 2491
1837 2509
1837 2933
1837 3047
1837 3157
1837 3355
1838 2005
1838 2915
1838 2923
1839 2006
1839 2227
1839 2441
1839 2651
1839 3219
1839 3590
1840 2135
1840 2204
1840 2514
1840 2698
1840 2828
1840 3320
1840 3365
1840 3445
1841 2740
1841 3530
1842 2203
1842 3099
1843 2373
1843 3059
1843 3066
1843 3142
1843 3550
1844 2790
1844 3563
1845 2654
1845 3151
1847 2291
1847 2962
1847 3571
1848 2730
1848 3182
1848 3551
1849 2235
1849 2447
1849 3595
1850 3131
1851 2644
1852 3058
1853 2329
1853 2481
1853 2724
1853 3439
1854 1906
1854 2211
1854 3020
1854 3395
1855 2249
1856 3299
1856 3319
1856 3334
1857 2499
1857 2678
1857 2890
1858 2457
1858 2648
1858 3368
1859 1947
1859 2762
1860 1917
1860 3103
1861 2580
1863 1988
1863 3444
1865 3099
1866 2556
1866 2622
1867 2090
1867 2491
1867 2757
1868 3538
1869 2438
1869 2614
1870 1926
1870 2163
1870 2208
1870 2265
1870 2941
1870 3366
1870 3554
1873 2793
1873 3008
1874 2345
1874 2380
1874 2398
1874 2434
1874 2605
1874 2844
1874 2998
1874 3313
1875 2473
1876 2239
1876 3174
1877 2036
1877 2107
1877 2195
1877 2233
1877 2506
1877 2527
1877 2917
1877 3475
1878 1888
1878 2109
1878 2367
1878 2969
1879 2023
1880 2670
1881 3008
1882 2581
1883 2017
1883 2259
1883 2294
1883 2700
1883 2892
1883 2947
1883 3494
1884 2091
1884 2289
1884 2542
1884 2615
1884 2685
1884 2928
1886 2813
1886 2859
1886 3215
1887 1937
1887 2462
1887 2470
1887 3295
1887 3311
1887 3577
1889 2249
1890 1960
1890 1980
1890 2202
1890 2703
1890 2746
1890 3078
1890 3411
1891 2536
1891 3052
1892 2005
1892 2391
1893 2316
1893 3214
1894 3242
1894 3532
1896 2010
1896 3486
1897 1930
1897 2043
1897 2170
1898 2169
1898 3052
1899 2141
1899 2355
1899 2490
1899 2513
1899 2755
1899 3067
1899 3143
1901 2601
1901 2824
1902 2860
1903 2536
1904 2146
1904 2250
1905 2890
1905 2985
1906 2080
1906 2473
1907 1917
1907 3007
1908 3396
1909 2056
1909 2238
1910 2238
1911 3444
1912 3542
1913 2131
1914 3151
1915 2392
1915 2646
1915 2738
1915 2850
1915 2983
1915 3161
1915 3196
1915 3374
1917 2638
1917 2870
1917 2974
1917 3233
1917 3312
1917 3339
1917 3509
1917 3514
1918 2162
1918 2176
1918 2248
1918 2508
1918 2771
1918 2959
1919 2543
1919 2648
1919 2894
1919 3418
1920 2644
1921 1962
1922 3323
1923 2431
1923 2670
1924 2171
1924 2950
1924 3038
1925 2250
1925 2476
1926 2407
1928 2574
1929 1948
1929 2063
1929 2219
1929 2319
1929 3408
1929 3432
1929 3562
1930 2068
1930 2188
1930 2881
1930 2982
1931 2442
1932 3564
1933 1993
1933 2056
1934 2169
1935 3416
1938 2554
1938 3501
1939 2192
1939 3378
1940 2443
1941 2086
1941 2353
1941 2435
1942 3419
1943 2668
1943 3281
1945 2023
1946 2527
1946 2850
1946 2874
1946 2924
1946 3327
1946 3332
1946 3534
1947 2315
1947 2324
1947 2571
1947 2827
1947 3297
1948 2348
1949 2574
1949 3024
1949 3396
1950 2187
1950 2236
1951 2956
1951 3150
1953 2109
1953 2712
1953 2739
1953 2763
1953 3457
1954 2316
1955 2037
1956 1988
1956 2203
1956 2246
1957 2133
1958 2737
1959 3151
1959 3519
1961 2033
1961 3084
1962 2241
1962 2660
1962 2802
1962 3342
1963 2131
1964 2409
1964 2628
1965 2090
1966 2549
1966 2906
1966 3070
1967 3444
1968 2569
1968 3455
1968 3519
1969 2950
1970 2215
1970 2873
1971 2050
1971 2111
1973 2678
1974 2311
1975 3455
1976 2875
1977 3434
1978 2142
1981 2799
1982 2089
1982 2342
1982 3172
1982 3185
1982 3197
1983 2734
1983 3073
1983 3191
1983 3409
1983 3482
1984 2256
1984 2455
1984 2639
1984 2806
1984 3076
1985 2046
1985 2286
1985 3019
1987 3270
1988 2535
1988 2983
1988 3109
1988 3165
1988 3206
1989 2569
1989 2748
1990 2249
1991 2011
1991 2328
1991 2351
1991 2450
1991 2657
1991 3241
1991 3522
1993 2335
1993 2716
1993 2756
1993 3244
1994 3477
1995 2083
1995 2336
1996 3214
1997 2994
1998 3378
1999 2203
1999 2793
2000 2354
2000 2357
2000 2421
2000 2527
2000 3337
2001 2446
2002 2291
2002 2740
2002 3025
2003 2042
2003 2082
2003 2144
2003 2620
2003 2795
2003 3143
2004 3347
2005 2156
2005 2324
2005 2768
2005 2832
2005 3293
2005 3572
2006 3024
2006 3032
2007 2740
2008 2994
2009 3240
2010 2255
2010 2467
2010 2576
2010 2823
2010 2825
2010 3337
2010 3338
2011 3131
2012 2278
2012 2392
2012 2728
2012 2826
2012 2892
2012 2913
2013 2104
2014 2985
2015 3123
2015 3286
2017 2838
2018 2287
2019 2160
2019 2247
2019 2439
2019 2544
2019 2683
2019 3239
2019 3485
2019 3514
2019 3595
2020 3506
2021 2027
2021 2277
2021 2821
2021 3140
2021 3406
2021 3436
2022 2526
2022 2976
2022 3549
2023 2058
2023 2135
2023 2798
2023 3360
2025 2348
2025 3506
2026 2824
2026 3304
2027 2748
2028 2316
2028 3039
2029 3530
2030 2169
2030 3396
2031 3039
2031 3580
2032 2616
2032 3498
2033 2786
2033 2796
2033 2817
2033 3216
2033 3257
2033 3292
2034 2331
2034 2556
2034 2618
2035 2676
2036 2199
2037 2188
2037 2508
2037 2760
2037 3173
2037 3205
2037 3364
2037 3387
2037 3480
2038 2100
2038 3319
2039 2203
2040 2785
2041 2956
2042 2321
2043 2741
2043 2866
2043 3163
2043 3351
2044 2061
2044 2472
2044 2676
2045 3189
2046 2670
2047 2549
2048 2637
2048 2910
2048 2917
2048 3075
2048 3374
2048 3583
2048 3585
2050 2674
2050 3315
2050 3524
2050 3572
2051 3039
2052 2206
2052 2300
2052 2369
2052 2671
2052 2772
2052 3111
2054 2376
2054 2407
2054 2829
2055 2841
2056 2296
2056 2725
2056 2877
2056 3300
2056 3307
2056 3381
2057 2119
2057 2162
2057 2310
2057 3128
2057 3338
2058 2446
2058 3478
2059 2314
2059 2702
2059 3240
2061 2298
2061 2420
2061 2918
2061 3048
2061 3577
2062 2090
2062 2820
2062 2931
2064 3009
2065 2764
2066 2314
2066 3009
2067 3455
2068 2750
2069 2210
2070 2590
2070 3236
2070 3510
2071 3193
2071 3538
2072 2727
2073 2628
2073 3528
2074 3070
2075 2581
2075 2803
2076 2353
2076 2670
2077 2972
2078 2574
2078 2932
2079 2238
2079 3036
2080 2174
2080 2423
2081 2572
2083 2970
2083 3306
2083 3397
2085 2670
2086 2286
2086 2299
2086 2327
2086 2977
2086 3089
2086 3310
2086 3385
2086 3424
2087 2757
2088 3240
2089 2820
2089 3386
2090 2420
2090 2665
2090 2880
2090 2937
2091 3382
2092 3018
2092 3032
2093 2348
2094 2762
2094 3565
2095 2396
2097 2590
2097 3063
2097 3211
2097 3283
2097 3472
2099 2727
2100 2178
2100 2226
2100 2475
2100 2640
2100 3028
2100 3248
2101 2867
2102 2985
2102 3118
2102 3195
2103 2727
2104 2271
2104 2898
2104 3031
2105 2912
2105 2915
2105 3138
2106 2274
2106 3095
2106 3155
2106 3336
2107 2547
2110 2748
2111 2304
2112 3506
2113 2249
2113 2393
2113 2820
2115 2867
2115 3498
2115 3501
2116 2803
2117 3138
2118 2782
2121 2159
2121 2444
2121 3268
2122 2422
2122 2626
2123 2331
2124 2348
2125 2556
2125 3270
2126 2333
2126 2454
2126 2650
2126 2669
2126 2704
2126 2946
2126 3111
2127 3062
2129 3390
2130 3024
2131 2779
2131 2907
2131 2947
2131 3431
2132 3117
2132 3461
2132 3525
2133 2357
2133 2908
2133 2930
2133 3220
2133 3339
2133 3539
2134 2142
2134 3245
2137 2518
2137 2702
2138 2370
2138 2644
2139 3444
2140 2182
2140 2428
2140 2796
2140 2898
2140 2935
2140 3003
2140 3508
2140 3552
2140 3594
2142 2408
2142 2965
2142 3006
2142 3318
2142 3373
2142 3410
2144 3131
2145 2985
2146 2482
2146 2605
2146 3274
2146 3357
2146 3391
2147 2491
2148 2730
2149 2581
2149 3419
2149 3444
2151 2391
2151 2765
2152 2210
2153 2518
2154 3532
2155 2246
2156 2971
2157 3227
2158 2819
2158 3347
2158 3382
2160 2362
2160 2824
2161 3462
2163 3084
2164 2835
2164 3434
2165 2287
2166 2966
2167 3530
2168 2618
2169 2487
2169 3278
2170 2330
2170 3083
2170 3406
2170 3425
2171 2323
2171 3031
2171 3116
2171 3274
2172 2895
2173 2547
2173 3070
2173 3286
2175 2250
2175 2873
2175 3242
2176 2599
2176 3151
2177 2549
2178 2867
2179 3036
2179 3361
2180 3174
2180 3382
2184 2507
2184 3175
2184 3246
2184 3263
2184 3543
2185 2215
2185 3361
2186 2278
2186 2506
2186 2517
2186 2752
2186 3027
2186 3250
2186 3280
2186 3432
2186 3560
2187 2295
2187 2783
2187 2805
2187 3082
2187 3437
2187 3545
2188 2782
2190 2956
2192 2468
2192 2615
2192 2680
2193 2829
2194 2676
2194 3229
2195 2581
2195 3538
2196 3070
2197 3096
2197 3238
2198 3151
2198 3361
2199 2531
2199 2939
2199 3169
2200 3335
2201 2488
2201 2840
2201 2920
2201 2951
2201 3469
2201 3476
2202 2291
2202 3008
2203 2372
2203 2708
2204 2336
2205 3055
2207 2881
2207 2936
2207 3205
2207 3268
2207 3328
2207 3352
2207 3445
2208 2956
2209 2314
2209 2478
2210 2831
2210 3320
2212 3214
2213 3361
2214 2353
2215 2561
2215 2920
2215 3114
2216 2921
2217 2975
2217 3323
2217 3580
2218 2262
2218 2737
2220 2778
2220 3272
2221 3462
2222 3193
2222 3477
2223 2435
2225 2574
2225 2709
2225 2950
2226 2238
2227 3025
2227 3032
2228 3038
2228 3593
2229 2376
2229 3277
2231 3304
2232 2520
2234 2890
2235 2971
2236 2500
2236 2849
2237 2536
2237 2654
2238 2627
2238 2652
2238 2868
2238 2945
2239 2371
2239 2592
2239 3207
2239 3213
2239 3533
2241 2534
2242 2934
2242 3382
2243 2520
2244 2536
2244 3396
2245 2419
2245 2462
2245 2613
2245 2960
2245 3203
2245 3302
2246 2649
2246 3069
2246 3105
2246 3489
2247 2819
2249 2755
2250 2401
2250 2585
2250 2861
2250 2896
2250 3429
2250 3465
2250 3594
2251 3186
2253 2499
2255 2476
2256 2764
2258 2565
2258 3113
2259 3323
2260 2391
2260 2409
2261 2547
2262 2460
2262 2732
2262 3180
2262 3559
2263 3235
2264 2717
2264 2931
2265 2501
2266 2966
2267 2673
2268 2668
2268 3144
2269 2478
2269 3386
2270 3058
2271 2966
2271 3347
2272 3551
2273 2574
2273 2860
2276 3192
2276 3551
2277 2835
2279 3299
2280 2316
2280 2975
2281 2587
2281 2735
2281 2984
2281 3236
2281 3517
2283 3138
2284 3542
2286 2785
2287 2404
2287 2418
2287 2467
2287 2589
2287 3035
2287 3086
2287 3350
2288 2301
2288 2407
2288 2862
2291 2372
2292 2904
2293 3030
2293 3571
2294 2316
2295 3186
2295 3238
2297 3055
2297 3390
2300 2654
2301 2564
2301 2715
2301 3244
2301 3529
2303 2536
2305 2580
2307 2554
2307 2780
2308 3039
2311 2761
2311 2821
2311 3104
2311 3536
2312 2921
2313 2989
2314 2546
2314 3233
2314 3284
2314 3345
2315 3166
2316 2440
2316 2593
2316 2723
2316 2899
2317 2499
2318 2534
2318 2780
2319 2668
2319 3382
2320 2616
2321 2326
2321 2337
2321 2868
2321 3259
2322 2668
2323 3478
2325 2608
2325 2791
2325 2980
2325 3021
2325 3433
2326 3096
2327 2778
2328 3275
2331 2884
2331 3010
2331 3290
2331 3552
2332 3217
2332 3364
2333 2616
2334 2474
2335 3071
2335 3123
2336 3313
2337 3186
2338 2875
2339 2740
2339 2962
2340 3277
2341 3470
2342 2717
2343 3538
2344 2384
2346 2549
2347 2614
2347 3144
2348 2387
2348 2631
2348 2719
2348 3331
2350 3449
2351 2570
2353 2686
2353 2859
2353 3267
2353 3437
2353 3454
2354 2572
2354 3419
2356 3528
2358 3050
2359 3455
2359 3487
2360 2921
2360 2975
2361 2923
2362 2383
2362 2532
2362 2922
2362 3091
2362 3164
2362 3260
2363 2766
2363 2923
2364 3036
2366 2628
2366 2765
2367 2931
2368 2867
2370 2974
2370 3085
2370 3180
2370 3349
2370 3440
2373 3062
2373 3070
2374 2502
2374 2825
2374 2941
2374 3317
2375 3319
2375 3501
2376 2526
2376 2598
2376 2851
2376 3117
2377 2695
2379 2556
2379 2569
2381 3501
2382 3055
2384 2715
2384 2770
2384 3317
2384 3342
2384 3533
2386 2499
2386 2534
2387 2764
2388 3564
2389 2709
2390 3106
2391 2511
2391 2753
2391 2797
2391 3207
2391 3479
2393 2456
2393 2967
2393 3359
2393 3360
2393 3362
2393 3422
2396 2855
2396 3019
2396 3064
2396 3489
2396 3567
2397 3025
2397 3227
2398 2749
2398 2890
2399 3242
2400 2572
2402 2730
2402 3573
2403 3455
2404 2668
2405 2932
2405 3218
2405 3346
2406 2950
2406 3384
2406 3434
2407 2610
2407 3338
2407 3404
2409 2596
2409 2963
2409 3135
2410 2430
2410 2957
2411 2442
2411 2727
2412 2547
2413 3007
2414 3138
2416 2790
2416 3103
2420 3564
2421 3444
2421 3538
2422 3288
2422 3580
2423 2873
2424 3144
2424 3158
2425 3123
2426 2616
2426 3593
2427 2435
2427 2668
2428 2841
2431 2467
2431 2563
2431 3385
2433 3062
2433 3270
2434 2966
2434 3118
2435 3181
2435 3330
2435 3354
2436 3319
2436 3346
2437 2799
2437 3519
2438 2609
2438 2948
2438 2961
2438 3568
2439 3106
2440 3070
2441 3396
2442 2493
2442 2587
2442 2771
2442 2964
2442 2968
2442 3417
2443 2961
2443 3221
2444 2782
2445 2971
2446 2497
2446 2885
2446 3224
2446 3294
2446 3543
2448 3319
2449 2521
2449 3564
2450 3118
2453 3118
2453 3477
2454 2799
2454 2904
2455 2737
2457 2697
2458 2474
2460 2676
2461 2616
2463 2622
2463 2717
2464 2472
2465 3269
2468 2614
2469 3025
2470 2478
2470 2737
2471 2678
2471 2804
2471 3174
2472 2666
2472 2667
2472 2842
2472 3129
2472 3585
2473 2589
2473 2889
2474 2561
2474 2671
2474 2808
2476 2935
2476 3133
2476 3289
2476 3357
2476 3483
2477 2578
2477 3477
2477 3519
2478 2943
2478 3255
2478 3440
2478 3539
2479 3099
2479 3240
2482 2599
2483 3214
2484 3192
2485 2501
2485 2830
2486 2536
2486 2989
2487 2521
2487 3144
2488 2622
2488 3182
2489 2841
2489 2873
2490 3498
2491 2566
2491 3402
2492 3501
2494 2835
2496 3361
2498 3272
2499 3273
2499 3582
2500 2994
2501 2755
2501 2833
2501 3360
2504 3166
2505 3123
2507 2989
2507 3580
2509 2819
2511 3542
2512 2599
2512 2799
2513 2556
2514 3434
2515 3390
2515 3492
2516 2697
2516 2873
2518 2544
2518 2769
2518 3016
2518 3119
2520 3139
2520 3290
2520 3447
2521 2530
2521 2706
2521 2807
2521 3049
2521 3194
2521 3499
2522 2782
2522 3383
2523 3030
2523 3144
2524 3449
2529 2618
2530 3384
2530 3396
2531 2838
2532 3106
2532 3563
2534 2643
2534 3047
2534 3073
2534 3581
2535 2572
2536 2858
2537 2873
2537 3125
2538 2904
2538 3214
2539 3151
2539 3396
2541 2694
2542 3334
2543 2601
2543 2782
2545 3286
2547 2666
2547 3159
2547 3162
2547 3503
2548 2709
2548 3386
2549 2752
2549 2787
2549 3104
2549 3169
2550 3024
2550 3384
2552 2890
2552 2966
2553 2785
2553 2900
2554 3137
2554 3224
2554 3246
2554 3597
2555 3218
2556 2662
2556 2817
2556 2990
2556 3362
2559 3058
2559 3186
2560 3272
2561 3036
2562 3055
2562 3071
2563 3245
2564 2956
2565 2586
2565 3043
2565 3315
2565 3464
2565 3558
2568 3563
2569 2990
2569 3325
2569 3370
2570 2594
2570 2871
2570 3020
2570 3215
2570 3423
2570 3432
2570 3513
2571 3542
2572 2939
2572 3187
2572 3327
2572 3503
2572 3560
2573 3007
2573 3441
2574 2692
2574 2706
2574 3298
2574 3318
2574 3448
2575 3182
2576 3272
2578 3179
2578 3241
2578 3250
2579 2780
2580 2639
2580 2963
2580 3427
2581 2908
2581 3116
2581 3327
2582 3174
2583 3547
2583 3558
2584 3125
2586 3571
2588 3131
2592 2762
2594 3058
2596 2678
2597 2804
2598 3062
2598 3150
2599 3508
2600 2654
2601 2954
2601 3120
2601 3576
2602 3449
2602 3506
2603 3084
2604 2668
2604 3158
2606 2994
2606 3123
2607 2618
2611 3470
2612 2931
2612 3071
2613 2702
2613 2816
2614 3149
2616 3253
2617 2804
2618 3258
2618 3414
2618 3447
2618 3583
2619 3452
2620 3238
2621 2994
2621 3334
2622 3015
2622 3139
2622 3223
2622 3262
2622 3497
2622 3558
2625 2766
2625 3573
2626 2661
2626 2989
2627 2790
2627 3501
2628 3068
2628 3159
2628 3475
2629 3275
2630 2782
2631 2747
2632 3473
2633 2824
2633 3563
2634 2702
2636 2956
2636 3166
2638 3573
2641 2764
2641 3281
2642 2803
2644 3002
2645 3470
2646 3195
2646 3538
2647 2730
2647 2750
2647 3113
2648 2661
2649 3571
2650 3229
2652 3430
2653 2804
2654 2706
2654 3252
2656 3353
2658 2934
2659 3238
2660 2762
2661 3141
2661 3388
2663 2835
2664 3218
2667 3270
2668 3004
2668 3546
2670 2888
2670 3101
2670 3146
2672 2942
2672 2966
2672 3038
2673 2731
2673 2735
2673 3002
2673 3074
2673 3076
2674 3166
2675 3242
2676 2805
2676 3163
2676 3379
2676 3450
2676 3460
2677 3584
2678 2827
2678 3081
2678 3155
2678 3210
2679 2747
2680 3144
2680 3319
2681 3551
2682 2915
2683 2790
2686 3131
2689 3462
2689 3506
2690 2816
2691 2799
2694 2854
2694 2872
2694 2977
2695 3078
2695 3446
2695 3597
2696 2992
2696 3118
2697 2754
2697 3324
2697 3476
2697 3491
2697 3555
2698 3038
2699 3055
2700 2921
2702 3256
2702 3377
2702 3392
2703 2838
2704 3286
2705 2778
2705 3158
2708 3323
2709 2866
2709 2937
2709 3365
2713 3097
2713 3478
2714 2747
2717 3152
2717 3204
2717 3457
2718 2757
2718 3038
2720 3229
2722 2972
2723 3123
2724 2921
2726 3227
2727 2984
2727 3074
2727 3354
2727 3362
2727 3484
2727 3516
2728 3039
2729 3009
2730 2996
2730 3464
2731 3492
2737 3053
2737 3450
2737 3500
2738 3419
2740 3043
2740 3295
2740 3544
2741 3018
2742 2804
2742 3269
2745 2906
2747 2886
2747 2964
2747 3167
2748 3181
2748 3261
2748 3325
2748 3516
2749 2976
2749 3415
2749 3467
2750 3497
2751 2890
2751 3477
2753 2862
2757 2902
2757 2970
2757 3066
2757 3194
2759 3166
2759 3565
2760 3106
2761 2860
2763 3113
2765 3017
2765 3210
2765 3231
2765 3297
2766 3012
2766 3086
2767 3150
2770 2934
2772 2904
2773 3286
2774 2915
2775 3071
2776 2912
2777 2830
2777 2912
2778 2911
2778 3035
2778 3101
2778 3535
2778 3591
2779 3277
2780 2949
2780 3191
2780 3256
2780 3474
2781 3103
2782 2965
2782 3260
2782 3485
2784 3193
2785 3098
2785 3256
2785 3433
2785 3493
2788 2835
2789 2819
2790 3077
2790 3234
2790 3248
2790 3372
2791 3214
2793 3057
2793 3263
2793 3348
2794 3024
2798 2942
2799 2808
2799 2844
2799 2979
2799 2980
2799 3282
2801 3270
2802 2862
2803 2879
2803 2901
2803 3102
2803 3209
2803 3377
2803 3514
2804 2851
2806 3108
2809 3158
2810 2962
2811 2931
2811 2962
2811 3346
2814 3123
2815 3452
2816 3137
2816 3276
2816 3322
2817 3235
2818 3144
2818 3245
2820 3303
2820 3366
2820 3598
2822 3025
2822 3335
2824 3173
2826 3108
2829 3041
2829 3372
2829 3415
2829 3496
2830 3014
2830 3303
2831 3113
2831 3193
2834 3378
2835 3314
2835 3429
2835 3515
2837 2956
2837 3335
2838 3250
2838 3367
2839 3538
2840 3242
2841 2920
2841 3110
2841 3357
2841 3420
2841 3515
2841 3599
2843 3039
2843 3052
2844 3492
2846 2860
2848 2942
2852 3071
2852 3288
2853 3096
2856 3564
2857 3038
2860 3579
2861 3113
2862 3046
2864 3538
2865 3419
2867 3543
2868 3323
2869 3174
2871 3272
2872 3192
2873 2909
2873 3497
2875 2940
2875 3495
2875 3525
2876 3270
2878 3245
2879 3563
2880 2895
2882 2904
2887 3384
2888 3158
2889 3573
2890 3088
2890 3213
2890 3363
2893 3523
2895 3100
2895 3408
2895 3422
2897 2971
2900 3037
2900 3073
2900 3115
2900 3148
2900 3392
2901 3441
2901 3473
2903 3182
2903 3571
2904 3114
2904 3557
2905 3018
2906 3124
2907 2975
2907 3052
2908 3441
2909 3275
2910 3444
2911 3383
2912 2978
2914 3532
2915 3300
2916 2994
2919 3245
2921 3333
2923 3466
2923 3596
2926 3218
2926 3238
2929 3097
2931 3033
2931 3100
2931 3553
2932 3183
2932 3252
2932 3570
2932 3590
2933 3390
2938 3563
2940 2973
2942 3246
2943 3025
2944 3384
2947 3288
2948 3470
2950 3352
2952 3299
2955 3390
2959 3449
2960 3195
2962 3022
2962 3045
2962 3185
2962 3405
2964 3492
2965 3304
2966 3059
2966 3294
2966 3586
2967 3498
2968 3108
2971 3271
2971 3504
2972 3178
2972 3469
2972 3513
2972 3547
2973 3141
2973 3160
2973 3368
2975 3226
2975 3321
2978 3304
2978 3498
2979 3361
2982 3106
2985 3156
2987 3523
2989 3079
2989 3431
2991 3118
2992 3088
2992 3387
2992 3576
2993 3138
2994 2995
2994 3262
2994 3439
2997 3158
2997 3335
2999 3235
3001 3131
3006 3384
3007 3359
3008 3168
3008 3206
3009 3377
3010 3084
3011 3071
3011 3390
3016 3195
3022 3227
3024 3278
3024 3394
3025 3033
3025 3056
3025 3197
3025 3456
3027 3441
3027 3523
3029 3189
3030 3219
3030 3544
3030 3553
3032 3049
3032 3080
3032 3405
3032 3412
3032 3570
3033 3144
3036 3579
3038 3087
3038 3329
3039 3063
3039 3431
3040 3189
3041 3486
3042 3353
3044 3070
3044 3528
3045 3335
3046 3506
3050 3065
3050 3212
3052 3080
3054 3353
3056 3346
3057 3323
3058 3375
3058 3454
3059 3097
3060 3131
3060 3186
3061 3158
3062 3087
3062 3258
3062 3549
3063 3288
3065 3353
3067 3186
3067 3430
3069 3227
3069 3530
3070 3253
3070 3333
3072 3565
3079 3218
3080 3218
3084 3399
3086 3125
3088 3195
3090 3218
3090 3396
3091 3501
3096 3212
3096 3375
3099 3168
3099 3175
3099 3527
3100 3386
3101 3245
3103 3116
3103 3147
3103 3239
3103 3291
3103 3584
3106 3221
3106 3249
3106 3373
3108 3562
3109 3270
3110 3113
3111 3361
3112 3487
3112 3519
3113 3305
3113 3328
3113 3505
3119 3563
3121 3378
3125 3132
3125 3395
3125 3476
3128 3486
3131 3212
3138 3271
3139 3487
3144 3185
3144 3276
3146 3478
3147 3430
3147 3563
3150 3408
3150 3586
3152 3277
3155 3347
3158 3171
3158 3385
3159 3444
3167 3462
3168 3323
3169 3441
3171 3346
3178 3462
3186 3234
3187 3473
3187 3538
3189 3369
3189 3529
3192 3296
3192 3308
3192 3505
3195 3254
3195 3264
3199 3304
3209 3240
3214 3326
3218 3499
3220 3473
3228 3334
3228 3452
3229 3411
3235 3247
3235 3290
3235 3461
3235 3585
3238 3575
3242 3295
3243 3473
3245 3424
3245 3535
3245 3546
3252 3384
3254 3378
3264 3419
3269 3352
3269 3574
3275 3331
3275 3423
3277 3472
3277 3592
3278 3346
3279 3281
3282 3396
3285 3441
3286 3451
3288 3388
3299 3309
3299 3324
3308 3478
3310 3478
3311 3571
3315 3551
3319 3471
3322 3378
3326 3361
3330 3455
3333 3519
3334 3459
3334 3567
3334 3582
3335 3535
3339 3563
3345 3563
3346 3546
3347 3407
3347 3458
3347 3496
3353 3412
3353 3438
3356 3538
3358 3386
3358 3434
3365 3384
3373 3383
3378 3502
3380 3386
3383 3426
3389 3523
3393 3441
3394 3564
3396 3537
3409 3528
3416 3451
3423 3477
3430 3561
3434 3448
3444 3534
3452 3495
3455 3484
3456 3571
3465 3551
3470 3490
3471 3542
3473 3534
3477 3511
3481 3564
3487 3507
3494 3580
3501 3575
3506 3582
3524 3573
3532 3560
3533 3565
3540 3542
3550 3564
