1620 3888
0 316
0 678
0 915
1 423
1 728
1 1583
2 764
2 933
2 1499
3 142
3 411
3 833
3 906
3 921
3 1018
3 1200
3 1335
3 1365
3 1483
3 1500
3 1538
4 316
4 1433
4 1473
5 491
5 1117
5 1322
6 357
6 849
6 1050
7 434
7 508
7 1010
8 282
8 929
8 1094
9 252
9 913
9 1433
10 761
10 796
10 1582
11 211
11 1064
11 1499
12 118
12 434
12 1147
13 63
13 261
13 1269
14 38
14 302
14 490
15 600
15 606
15 1526
16 621
16 849
16 1501
17 122
17 455
17 1550
18 49
18 400
18 638
18 649
18 791
18 873
18 1099
18 1234
18 1240
18 1302
18 1450
18 1486
19 335
19 484
19 1458
20 445
20 757
20 926
21 423
21 762
21 1364
22 719
22 793
22 978
23 450
23 1062
23 1345
24 452
24 525
24 1613
25 423
25 622
25 953
26 255
26 955
26 1064
27 225
27 989
27 1114
28 124
28 942
28 1356
29 385
29 1101
29 1114
30 469
30 473
30 1124
31 190
31 211
31 1458
32 85
32 108
32 470
32 618
32 668
32 851
32 1201
32 1288
32 1383
32 1447
32 1539
32 1548
33 450
33 796
33 1110
34 741
34 818
34 1171
35 484
35 758
35 1434
36 450
36 764
36 1151
37 619
37 739
37 1377
38 162
38 459
38 769
38 786
38 938
38 972
38 1023
38 1179
38 1218
38 1412
38 1516
39 482
39 1046
39 1092
40 312
40 925
40 1125
41 211
41 263
41 1347
42 359
42 665
42 1062
43 815
43 1258
43 1306
44 126
44 653
44 1079
45 271
45 600
45 920
46 1088
46 1094
46 1370
47 555
47 753
47 1147
48 110
48 727
48 734
48 871
48 892
48 1045
48 1071
48 1250
48 1292
48 1378
48 1491
48 1575
49 509
49 913
50 219
50 1010
50 1439
51 358
51 359
51 1602
52 789
52 991
52 1456
53 358
53 1029
53 1582
54 574
54 939
54 1501
55 186
55 1077
55 1613
56 290
56 528
56 1025
57 74
57 109
57 136
57 220
57 315
57 697
57 749
57 772
57 876
57 930
57 946
57 966
58 737
58 925
58 1025
59 129
59 202
59 305
59 333
59 661
59 825
59 875
59 1001
59 1011
59 1207
59 1543
59 1587
60 118
60 473
60 1195
61 358
61 978
61 1120
62 105
62 107
62 134
62 346
62 349
62 565
62 964
62 1052
62 1238
62 1292
62 1519
62 1563
63 207
63 478
63 488
63 651
63 865
63 893
63 1389
63 1420
63 1452
63 1502
63 1554
64 445
64 853
64 1602
65 70
65 159
65 217
65 386
65 394
65 494
65 515
65 812
65 938
65 1014
65 1103
65 1430
66 1105
66 1269
66 1573
67 449
67 1188
67 1306
68 312
68 327
68 733
69 1230
69 1321
69 1480
70 622
70 764
71 609
71 747
71 818
72 1082
72 1094
72 1171
73 90
73 257
73 280
73 291
73 365
73 444
73 471
73 603
73 709
73 744
73 943
73 1475
74 615
74 1596
75 191
75 1021
75 1522
76 355
76 1124
76 1509
77 82
77 175
77 1082
78 248
78 699
78 1253
79 747
79 1457
79 1485
80 311
80 728
80 910
81 733
81 1187
81 1269
82 148
82 180
82 293
82 337
82 655
82 820
82 826
82 949
82 998
82 1170
82 1528
83 347
83 1094
83 1596
84 98
84 674
84 708
84 730
84 801
84 905
84 1034
84 1052
84 1245
84 1275
84 1405
84 1606
85 1322
85 1550
86 173
86 1062
86 1120
87 926
87 955
87 1253
88 141
88 1077
88 1125
89 195
89 340
89 473
90 225
90 1171
91 551
91 989
91 1088
92 699
92 933
92 1347
93 118
93 230
93 297
94 219
94 796
94 978
95 385
95 606
95 827
96 439
96 1202
96 1364
97 265
97 289
97 631
97 698
97 718
97 970
97 1096
97 1157
97 1252
97 1305
97 1471
97 1537
98 818
98 1277
99 242
99 1489
99 1499
100 790
100 856
100 1392
101 592
101 1055
101 1243
102 226
102 232
102 352
102 446
102 522
102 901
102 957
102 1036
102 1308
102 1496
102 1497
102 1535
103 625
103 913
103 1526
104 449
104 1069
104 1124
105 222
105 261
106 535
106 652
106 678
107 358
107 941
108 195
108 1124
109 822
109 1084
110 294
110 469
111 255
111 1112
111 1351
112 294
112 991
112 1048
113 434
113 635
113 1187
114 584
114 600
114 1024
115 686
115 1046
115 1120
116 483
116 719
116 1079
117 450
117 955
117 1347
118 174
118 304
118 461
118 788
118 865
118 1026
118 1085
118 1332
118 1383
119 574
119 1298
119 1489
120 652
120 725
120 1347
121 152
121 1322
121 1570
122 168
122 461
122 467
122 511
122 568
122 640
122 838
122 1049
122 1137
122 1239
122 1565
123 385
123 574
123 953
124 140
124 460
124 486
124 524
124 712
124 742
124 924
124 1316
124 1397
124 1422
124 1529
125 495
125 1055
125 1351
126 544
126 553
126 1026
126 1111
126 1155
126 1172
126 1327
126 1329
126 1390
126 1415
126 1493
127 199
127 236
127 257
127 309
127 693
127 716
127 962
127 1030
127 1131
127 1354
127 1488
127 1560
128 1024
128 1046
128 1112
129 219
129 1079
130 219
130 941
130 1048
131 469
131 1147
131 1330
132 340
132 686
132 978
133 733
133 1330
133 1573
134 177
134 359
135 430
135 1377
135 1520
136 186
136 252
137 606
137 1063
137 1613
138 592
138 997
138 1074
139 381
139 1000
139 1522
140 152
140 914
141 149
141 164
141 585
141 601
141 604
141 1098
141 1160
141 1379
141 1422
141 1428
141 1544
142 1082
142 1445
143 953
143 1466
143 1489
144 249
144 326
144 576
144 712
144 763
144 1022
144 1235
144 1265
144 1281
144 1437
144 1512
144 1531
145 592
145 977
145 1473
146 725
146 920
146 1046
147 425
147 897
147 1116
148 1088
148 1520
149 160
149 1029
150 606
150 615
150 914
151 222
151 764
151 1112
152 277
152 497
152 593
152 828
152 946
152 969
152 1153
152 1248
152 1251
152 1603
153 1055
153 1342
153 1433
154 175
154 439
154 1583
155 1050
155 1161
155 1501
156 263
156 445
156 1266
157 364
157 592
157 1342
158 163
158 1025
158 1473
159 439
159 1062
160 663
160 718
160 734
160 779
160 931
160 1022
160 1197
160 1245
160 1355
160 1505
160 1518
161 959
161 1277
161 1446
162 434
162 1377
163 260
163 448
163 554
163 754
163 803
163 983
163 1038
163 1072
163 1252
163 1432
163 1516
164 283
164 381
165 1171
165 1351
165 1499
166 469
166 1044
166 1558
167 621
167 849
167 937
168 1093
168 1299
169 312
169 1466
169 1501
170 664
170 757
170 1480
171 425
171 469
171 1269
172 686
172 1448
172 1456
173 280
173 374
173 544
173 564
173 670
173 682
173 705
173 935
173 1119
173 1271
173 1331
174 425
174 683
175 292
175 296
175 314
175 329
175 396
175 567
175 589
175 1016
175 1500
175 1571
176 733
176 1557
176 1600
177 197
177 232
177 432
177 541
177 636
177 908
177 1014
177 1119
177 1246
177 1338
177 1438
178 443
178 733
178 1010
179 725
179 1024
179 1501
180 484
180 917
181 433
181 436
181 588
181 603
181 857
181 962
181 1047
181 1217
181 1286
181 1352
181 1556
181 1593
182 439
182 484
182 669
183 695
183 1247
183 1253
184 793
184 1010
184 1105
185 261
185 473
185 985
186 204
186 273
186 286
186 299
186 524
186 802
186 1167
186 1229
186 1419
186 1441
187 686
187 1029
187 1501
188 451
188 795
188 942
189 484
189 606
189 622
190 350
190 569
190 636
190 769
190 781
190 954
190 1066
190 1470
190 1490
190 1523
190 1564
191 343
191 433
191 457
191 981
191 1091
191 1146
191 1156
191 1193
191 1207
191 1220
191 1391
192 481
192 1183
192 1266
193 242
193 481
193 535
194 255
194 263
194 1129
195 341
195 402
195 511
195 565
195 674
195 727
195 1237
195 1368
195 1389
195 1597
196 430
196 520
196 827
197 450
197 551
198 335
198 481
198 827
199 866
199 1306
200 221
200 242
200 1435
201 652
201 837
201 1055
202 757
202 1509
203 688
203 863
203 1202
204 1024
204 1306
205 1364
205 1446
205 1550
206 332
206 347
206 653
207 434
207 1093
208 385
208 926
208 1183
209 687
209 1120
209 1600
210 218
210 234
210 696
210 735
210 736
210 754
210 810
210 1001
210 1219
210 1286
210 1304
210 1388
211 217
211 454
211 613
211 657
211 842
211 950
211 1004
211 1126
211 1561
212 592
212 818
212 1485
213 785
213 1116
213 1147
214 263
214 1101
214 1241
215 357
215 725
215 1230
216 385
216 535
216 1291
217 1084
218 1021
218 1074
219 247
219 295
219 544
219 573
219 855
219 1115
219 1320
219 1551
220 941
220 1392
221 331
221 409
221 424
221 560
221 580
221 770
221 945
221 1231
221 1272
221 1475
221 1551
222 279
222 306
222 341
222 530
222 672
222 842
222 938
222 954
222 1056
222 1451
223 297
223 1093
223 1456
224 255
224 725
224 1205
225 276
225 376
225 492
225 722
225 928
225 963
225 1087
225 1410
225 1513
225 1611
226 248
226 555
227 622
227 1109
227 1298
228 678
228 795
228 1082
229 664
229 1069
229 1435
230 267
230 339
230 377
230 885
230 1012
230 1228
230 1256
230 1267
230 1289
230 1310
230 1425
231 288
231 332
231 846
232 933
233 1000
233 1195
233 1586
234 985
234 1069
235 622
235 625
235 728
236 271
236 753
237 904
237 910
237 1602
238 606
238 942
238 1506
239 509
239 790
239 819
240 300
240 688
240 904
241 301
241 737
241 1533
242 365
242 501
242 838
242 851
242 970
242 1134
242 1142
242 1227
242 1408
243 449
243 669
243 687
244 360
244 538
244 1226
245 856
245 987
245 1321
246 294
246 490
246 746
247 1105
247 1573
248 539
248 639
248 680
248 697
248 744
248 890
248 1039
248 1198
248 1271
248 1396
249 452
249 495
250 1063
250 1342
250 1456
251 853
251 1114
251 1403
252 390
252 470
252 677
252 878
252 1078
252 1134
252 1153
252 1177
252 1239
252 1486
253 385
253 1298
253 1457
254 282
254 795
254 1055
255 375
255 454
255 624
255 631
255 738
255 743
255 756
255 1194
256 491
256 1074
256 1306
257 1069
258 535
258 1351
258 1398
259 678
259 741
259 977
260 455
260 491
261 353
261 568
261 668
261 892
261 1073
261 1225
261 1275
261 1536
261 1607
262 939
262 1046
262 1457
263 305
263 529
263 835
263 999
263 1146
263 1337
263 1487
263 1488
264 1116
264 1188
264 1241
265 1117
265 1520
266 761
266 1079
266 1260
267 1392
267 1485
268 312
268 357
268 1457
269 729
269 837
269 899
270 818
270 915
270 1398
271 296
271 336
271 577
271 813
271 844
271 940
271 960
271 1300
271 1361
271 1555
272 955
272 1266
272 1448
273 1021
273 1230
274 451
274 495
274 528
275 302
275 739
275 794
276 278
276 747
277 920
277 1021
278 407
278 650
278 694
278 765
278 766
278 862
278 884
278 949
278 1199
278 1208
278 1483
279 469
279 1602
280 822
281 1092
281 1558
281 1602
282 378
282 420
282 435
282 650
282 654
282 943
282 1477
282 1511
282 1580
282 1618
283 324
283 382
283 487
283 527
283 601
283 641
283 843
283 1265
283 1300
283 1431
283 1512
284 619
284 1187
284 1570
285 555
285 863
285 1522
286 483
286 1322
287 1084
287 1129
287 1446
288 460
288 507
288 755
288 839
288 882
288 891
288 1007
288 1203
288 1221
288 1232
288 1341
289 520
289 790
290 447
290 599
290 934
290 948
290 1098
290 1203
290 1281
290 1393
290 1440
290 1441
290 1603
291 978
291 1247
292 311
292 746
293 917
293 1445
294 353
294 401
294 475
294 542
294 553
294 674
294 759
294 1132
294 1543
295 719
295 1582
296 853
297 339
297 361
297 540
297 872
297 876
297 878
297 1324
297 1369
297 1414
297 1482
298 1125
298 1377
298 1473
299 509
299 987
300 417
300 488
300 792
300 824
300 882
300 911
300 1121
300 1217
300 1278
300 1436
300 1540
301 378
301 416
301 493
301 507
301 645
301 722
301 742
301 821
301 948
301 1136
301 1479
302 429
302 476
302 591
302 726
302 740
302 771
302 1304
302 1450
302 1459
302 1567
303 443
303 551
303 1557
304 571
304 819
305 449
306 678
306 818
307 866
307 870
307 1129
308 699
308 870
308 1064
309 758
309 888
310 669
310 1403
310 1509
311 382
311 441
311 572
311 748
311 773
311 889
311 1131
311 1236
311 1259
311 1283
312 645
312 895
312 1060
312 1138
312 1196
312 1218
312 1387
312 1525
313 320
313 1330
313 1499
314 584
314 910
315 819
315 1079
316 342
316 412
316 530
316 730
316 811
316 922
316 1071
316 1140
316 1234
316 1401
317 977
317 1433
317 1485
318 481
318 926
318 1114
319 678
319 1205
319 1499
320 516
320 545
320 755
320 808
320 833
320 859
320 867
320 998
320 1252
320 1262
320 1479
321 897
321 1183
321 1434
322 551
322 933
322 1062
323 451
323 584
323 1050
324 584
324 621
325 818
325 989
325 1342
326 381
326 452
327 448
327 515
327 726
327 936
327 954
327 1040
327 1223
327 1336
327 1400
327 1427
327 1541
328 406
328 1063
328 1173
329 606
329 1084
330 725
330 904
330 1074
331 635
331 997
332 676
332 690
332 716
332 879
332 1054
332 1363
332 1463
332 1527
332 1589
332 1614
333 359
333 793
334 761
334 1105
334 1187
335 379
335 518
335 580
335 589
335 864
335 1031
335 1186
335 1348
335 1349
335 1353
336 451
336 621
337 728
337 758
338 360
338 897
338 1610
339 831
340 415
340 611
340 668
340 670
340 1037
340 1047
340 1193
340 1206
340 1286
340 1565
341 665
342 592
342 831
343 1188
343 1480
344 955
344 991
344 1247
345 508
345 920
345 1025
346 853
346 1241
347 362
347 398
347 414
347 660
347 711
347 883
347 995
347 1254
347 1497
347 1498
348 695
348 796
348 1093
349 789
349 1558
350 739
350 741
351 1074
351 1258
351 1480
352 1202
352 1247
353 1558
354 445
354 866
354 1101
355 427
355 444
355 611
355 735
355 1030
355 1091
355 1206
355 1319
355 1382
355 1540
355 1604
356 635
356 1024
356 1025
357 717
357 861
357 973
357 1102
357 1197
357 1494
357 1507
357 1578
357 1595
358 446
358 971
358 1066
358 1162
358 1331
358 1430
358 1495
358 1579
359 723
359 814
359 876
359 1320
359 1339
359 1464
359 1493
359 1524
360 468
360 500
360 533
360 576
360 646
360 656
360 986
360 1279
360 1428
360 1431
361 571
361 1485
362 795
362 1088
363 615
363 669
363 1210
364 400
364 420
364 614
364 706
364 810
364 909
364 928
364 1011
364 1359
364 1467
364 1508
365 1586
366 910
366 1114
366 1610
367 369
367 831
367 1457
368 483
368 619
368 1573
369 485
369 492
369 623
369 694
369 811
369 877
369 919
369 957
369 1421
369 1511
369 1591
370 1226
370 1318
370 1583
371 381
371 538
371 897
372 737
372 899
372 1050
373 406
373 795
373 1370
374 719
374 761
375 463
375 937
376 927
376 1398
377 1092
377 1448
378 846
379 600
379 1586
380 452
380 528
380 846
381 395
381 413
381 648
381 809
381 845
381 944
381 1317
381 1350
382 1050
383 991
383 1110
383 1260
384 555
384 1109
384 1364
385 501
385 765
385 797
385 805
385 976
385 1348
386 1364
386 1372
387 653
387 683
387 1187
388 932
388 1105
388 1557
389 551
389 555
389 822
390 1173
390 1321
391 473
391 509
391 1291
392 538
392 1509
392 1610
393 967
393 1321
393 1570
394 1277
394 1550
395 635
395 688
396 538
396 1109
397 525
397 1088
397 1557
398 1439
398 1600
399 1351
399 1521
399 1550
400 1243
401 719
401 1064
402 1110
402 1558
403 815
403 904
403 1112
404 652
404 1372
404 1521
405 455
405 1116
405 1356
406 408
406 489
406 522
406 660
406 749
406 868
406 877
406 998
406 1200
406 1294
407 785
407 1434
408 615
408 987
409 927
409 1291
410 445
410 1074
410 1112
411 785
411 1114
412 747
412 1243
413 1226
413 1403
414 733
414 932
415 1069
415 1258
416 621
416 939
417 967
417 1356
418 796
418 955
418 1015
419 571
419 1093
419 1392
420 525
421 683
421 1000
421 1187
422 481
422 625
422 790
423 569
423 787
423 1143
423 1176
423 1246
423 1274
423 1413
423 1430
423 1571
424 1000
424 1299
425 561
425 607
425 911
425 1204
425 1225
425 1368
425 1514
425 1545
425 1599
426 978
426 1092
426 1124
427 456
427 997
428 652
428 1398
428 1499
429 549
429 904
430 514
430 703
430 803
430 867
430 992
430 1142
430 1189
430 1194
430 1312
430 1518
431 822
431 1202
431 1345
432 1064
432 1345
433 1124
434 561
434 886
434 936
434 1095
434 1212
434 1416
434 1432
435 837
435 1588
436 1124
436 1258
437 932
437 1147
437 1202
438 574
438 1161
438 1558
439 543
439 608
439 636
439 829
439 1107
439 1162
439 1375
439 1424
440 508
440 683
440 1573
441 563
441 753
442 793
442 1048
442 1079
443 545
443 651
443 912
443 1118
443 1169
443 1242
443 1368
443 1497
443 1517
443 1607
444 664
445 523
445 792
445 881
445 964
445 994
445 1455
445 1567
446 450
447 926
447 1588
448 619
449 586
449 611
449 628
449 1005
449 1211
449 1352
449 1462
449 1530
450 534
450 553
450 620
450 624
450 778
450 950
451 576
451 648
451 666
451 763
451 1144
451 1160
451 1236
451 1544
452 707
452 813
452 896
452 1002
452 1259
452 1379
452 1428
452 1598
453 729
453 747
453 1114
454 866
455 474
455 618
455 696
455 751
455 802
455 828
455 882
455 1081
455 1133
456 519
456 602
456 881
456 891
456 893
456 1006
456 1081
456 1123
456 1204
456 1282
456 1556
457 1403
457 1583
458 997
458 1000
458 1526
459 733
459 737
460 914
461 997
462 846
462 1055
462 1205
463 552
463 572
463 681
463 940
463 945
463 992
463 1264
463 1305
463 1349
463 1486
463 1532
464 747
464 977
464 1342
465 592
465 856
465 913
466 1077
466 1356
466 1613
467 1322
467 1372
468 1000
468 1188
469 651
469 800
469 1034
469 1201
469 1238
469 1565
470 520
471 1291
471 1526
472 758
472 1434
472 1445
473 474
473 566
473 594
473 854
473 1061
473 1134
473 1297
474 1372
475 796
475 933
476 997
476 1433
477 563
477 888
477 1082
478 753
478 762
479 528
479 1076
479 1077
480 929
480 1243
480 1433
481 557
481 642
481 806
481 900
481 968
481 1148
481 1208
482 585
482 590
482 633
482 689
482 745
482 1019
482 1022
482 1331
482 1338
482 1453
482 1578
483 559
483 751
483 814
483 852
483 883
483 969
483 1212
483 1327
483 1589
484 889
484 960
484 1027
484 1270
484 1365
484 1413
484 1562
485 1345
485 1596
486 988
486 1613
487 528
487 837
488 897
489 989
489 1345
490 556
490 595
490 605
490 894
490 1100
490 1249
490 1276
490 1406
490 1426
490 1541
491 588
491 626
491 771
491 909
491 1128
491 1181
491 1206
491 1553
491 1587
492 1183
493 926
493 1077
494 959
494 1445
495 601
495 706
495 724
495 798
495 1087
495 1136
495 1221
495 1527
495 1580
496 678
496 1151
496 1351
497 1024
497 1480
498 584
498 913
498 1230
499 753
499 1439
499 1557
500 897
500 1583
501 1151
502 699
502 1253
502 1266
503 622
503 987
503 1247
504 652
504 1151
504 1171
505 746
505 1183
505 1403
506 932
506 1370
506 1439
507 1520
508 596
508 656
508 809
508 916
508 958
508 1068
508 1216
508 1272
508 1574
509 640
509 772
509 851
509 1215
509 1251
509 1324
509 1532
509 1534
510 987
510 1063
510 1596
511 985
512 691
512 899
512 1356
513 733
513 739
513 939
514 1161
514 1533
515 741
516 1434
516 1596
517 870
517 933
517 955
518 942
518 1063
519 904
519 1188
520 547
520 640
520 713
520 783
520 900
520 976
520 1061
520 1475
520 1577
521 953
521 1109
521 1458
522 747
523 688
523 1116
524 942
525 641
525 660
525 720
525 775
525 840
525 902
525 1144
525 1280
525 1410
526 729
526 846
526 1588
527 795
527 1613
528 590
528 648
528 931
528 1002
528 1431
528 1476
528 1529
529 1260
529 1509
530 1171
531 687
531 746
531 1114
532 652
532 870
532 1112
533 669
533 785
534 1129
534 1499
535 545
535 548
535 713
535 847
535 923
535 950
535 1340
535 1461
536 761
536 1439
536 1573
537 941
537 1062
537 1602
538 543
538 586
538 643
538 659
538 715
538 1220
538 1413
538 1614
539 551
539 1202
540 941
540 1173
541 665
541 941
542 863
542 910
543 728
546 725
546 870
546 1351
547 937
547 1521
548 1269
548 1520
549 617
549 630
549 717
549 738
549 784
549 842
549 907
549 994
549 1013
549 1057
549 1303
550 563
550 584
550 932
551 711
551 877
551 971
551 980
551 1481
551 1581
552 625
552 1586
554 937
554 1520
555 556
555 608
555 704
555 1274
555 1328
555 1502
555 1514
556 1188
557 1298
557 1466
558 691
558 1088
558 1434
559 888
559 1557
560 793
560 1342
561 1015
562 729
562 927
562 1171
563 577
563 603
563 1054
563 1083
563 1285
563 1337
563 1382
563 1402
563 1608
564 686
564 1124
565 915
566 959
566 1322
567 625
567 1458
568 1124
569 1062
570 977
570 989
570 1243
571 581
571 667
571 671
571 732
571 817
571 850
571 1178
571 1414
571 1612
572 1024
573 733
573 1187
574 734
574 919
574 1060
574 1148
574 1214
574 1507
574 1572
574 1606
575 959
575 1205
575 1521
577 1600
578 815
578 1299
578 1433
579 793
579 1187
579 1439
580 913
581 789
581 1448
582 1048
582 1110
582 1253
583 737
583 1046
583 1466
584 658
584 673
584 707
584 1264
584 1270
584 1354
585 849
586 1403
587 846
587 929
587 1351
588 985
589 622
590 1161
591 592
591 1299
592 677
592 1484
592 1532
592 1615
593 1230
593 1306
594 1015
594 1299
595 1202
595 1522
596 1024
596 1125
597 695
597 926
597 1448
598 932
598 1029
598 1610
599 899
599 1101
600 631
600 638
600 677
600 703
600 770
600 1261
600 1283
600 1534
602 688
602 1241
604 1120
604 1161
605 739
605 815
606 860
606 903
606 945
606 968
606 1233
607 762
607 932
608 1445
609 817
609 922
609 1089
609 1149
609 1164
609 1240
609 1267
609 1508
609 1551
609 1591
609 1615
610 728
610 1082
610 1434
612 866
612 904
612 1266
613 915
613 1112
614 729
614 1094
615 643
615 671
615 1033
615 1149
615 1186
615 1256
615 1311
615 1463
616 737
616 1076
616 1298
617 741
617 764
618 959
619 700
619 865
619 951
619 1366
619 1412
619 1460
619 1574
619 1599
620 695
620 870
621 895
621 984
621 1197
621 1257
621 1259
621 1471
621 1518
622 697
622 1375
622 1561
622 1564
622 1585
623 1466
623 1485
624 699
625 770
625 805
625 1033
625 1417
625 1562
625 1590
625 1605
626 1069
626 1124
627 987
627 1088
627 1506
628 1480
628 1522
629 1029
629 1403
629 1600
630 915
630 1129
632 737
632 739
632 1105
633 753
633 1403
634 827
634 1205
634 1550
635 637
635 700
635 760
635 776
635 1279
635 1423
635 1568
635 1592
637 1299
637 1586
638 856
639 762
639 1345
641 942
642 1291
642 1499
643 888
644 925
644 1084
644 1109
645 1050
646 785
646 1403
647 937
647 1050
647 1161
649 831
649 977
650 989
652 724
652 738
652 982
652 1135
652 1359
653 723
653 828
653 841
653 1108
653 1163
653 1346
653 1366
653 1416
653 1419
654 747
654 1183
655 758
655 1364
656 688
657 725
657 741
658 664
658 753
659 785
659 1318
661 991
661 1044
662 687
662 785
662 1318
663 937
663 1533
664 748
664 768
664 857
664 999
664 1165
664 1287
664 1363
664 1555
665 708
665 767
665 800
665 1043
665 1455
665 1472
665 1491
665 1495
665 1536
666 1094
666 1613
667 1392
667 1473
669 690
669 1003
669 1156
669 1350
669 1444
669 1571
669 1601
670 789
671 1243
672 739
672 1446
673 728
673 853
675 757
675 904
675 1101
676 1557
676 1570
678 709
678 1280
678 1380
678 1513
678 1618
679 849
679 1457
679 1558
680 1173
680 1458
681 856
681 1433
682 793
682 796
683 685
683 823
683 852
683 869
683 1400
683 1516
683 1554
683 1592
684 914
684 988
684 1077
685 739
685 1117
686 1043
686 1052
686 1378
686 1425
686 1503
686 1578
686 1612
687 689
687 862
687 986
687 1008
687 1104
687 1220
687 1301
687 1317
688 704
688 710
688 1005
688 1017
688 1391
688 1406
689 932
690 1063
691 803
691 821
691 826
691 847
691 1041
691 1200
691 1242
691 1315
691 1341
691 1537
692 1092
692 1253
692 1456
693 757
693 1021
694 729
695 743
695 947
695 1026
695 1065
695 1198
695 1222
695 1263
695 1309
696 1117
698 1291
698 1521
699 721
699 834
699 1053
699 1086
699 1172
699 1290
699 1332
700 1573
701 920
701 1000
701 1125
702 1243
702 1456
702 1506
703 870
704 794
705 1247
705 1435
706 1205
707 1533
708 1092
709 729
710 1480
710 1509
711 1330
712 1076
713 1489
714 757
714 1241
714 1266
715 1063
715 1210
716 1082
717 1024
718 1050
719 723
719 778
719 788
719 1086
719 1309
719 1478
719 1552
720 729
720 1055
721 926
721 991
722 837
724 929
725 1122
725 1314
725 1451
725 1567
726 863
727 1044
728 844
728 903
728 1018
728 1353
728 1444
729 731
729 1136
729 1152
729 1182
730 1445
731 1398
731 1435
732 819
732 831
733 777
733 1168
733 1293
735 1124
736 815
736 1480
737 782
737 984
737 1192
737 1336
737 1507
739 812
739 1138
739 1432
739 1504
740 1112
740 1241
741 1140
741 1179
741 1237
741 1238
741 1374
741 1536
742 1101
743 933
744 1582
745 1600
745 1610
746 844
746 1199
746 1270
746 1284
746 1455
746 1492
746 1519
746 1619
747 1214
747 1334
747 1576
747 1581
748 1600
749 1506
750 1092
750 1120
750 1501
751 1321
752 837
752 888
752 1356
753 777
753 1104
753 1442
753 1498
753 1545
754 967
755 899
756 757
756 764
757 981
757 1004
757 1285
757 1373
757 1530
758 775
758 1083
758 1313
758 1335
758 1363
758 1380
758 1500
759 1260
759 1448
760 1188
760 1318
761 875
761 952
761 1089
761 1231
761 1293
761 1390
761 1524
762 804
762 898
762 901
762 1107
762 1175
762 1185
762 1406
762 1481
763 837
764 781
764 1075
764 1314
764 1325
764 1340
764 1487
765 1266
766 926
766 1489
767 853
767 904
768 888
768 917
769 915
771 1480
772 1321
773 913
773 920
774 819
774 1015
774 1456
775 1171
776 1195
776 1526
777 1370
778 1044
779 1046
779 1050
780 796
780 1044
780 1064
781 1084
782 953
782 1125
783 927
783 1586
784 1347
784 1351
785 845
785 893
785 911
785 944
785 1528
786 815
786 863
787 925
787 1458
788 955
789 973
789 1019
789 1020
789 1130
789 1145
789 1289
789 1405
789 1491
790 858
790 878
790 1135
790 1189
790 1233
790 1348
790 1408
790 1469
791 818
791 1473
792 1188
793 880
793 1164
793 1168
793 1190
793 1329
794 848
794 972
794 1040
794 1090
794 1132
794 1175
794 1362
794 1399
794 1547
794 1619
795 928
795 961
795 1152
795 1313
795 1468
795 1598
796 814
796 816
796 1332
796 1346
797 925
797 1466
798 988
798 1210
799 899
799 988
799 1520
800 915
801 977
801 1364
802 1570
804 863
804 1188
805 1521
806 953
806 1457
807 822
807 987
807 1458
808 937
808 1377
809 1188
810 1048
811 1342
812 915
813 1050
815 873
815 994
815 1040
815 1122
815 1128
815 1484
816 1079
816 1570
817 1063
818 871
818 1395
818 1421
818 1429
819 885
819 1078
819 1228
819 1333
819 1384
819 1464
819 1474
820 897
820 1114
821 988
822 901
822 947
822 1290
822 1357
822 1465
822 1546
822 1585
823 1093
823 1147
824 988
824 1322
825 1110
825 1448
826 1596
827 970
827 982
827 996
827 1078
827 1215
827 1482
827 1594
827 1605
829 1298
829 1458
830 853
830 1183
830 1610
831 983
831 993
831 1214
831 1244
831 1418
831 1429
831 1584
832 989
832 1457
832 1473
833 1088
834 1247
834 1448
835 904
835 926
836 977
836 1277
836 1558
837 879
837 1166
837 1232
837 1379
837 1467
838 856
839 942
839 1077
840 1370
840 1596
841 1321
841 1322
843 914
843 1094
845 1610
846 1359
846 1394
846 1449
846 1512
846 1544
846 1611
847 1330
848 1188
848 1202
849 1157
849 1312
849 1326
849 1476
849 1531
849 1575
849 1606
850 1342
850 1506
852 1010
853 862
853 889
853 1132
853 1249
853 1559
854 997
854 1093
855 1342
855 1586
856 946
856 1061
856 1167
856 1384
856 1482
856 1539
857 927
858 959
858 1351
859 1151
859 1269
860 913
860 1586
861 1029
861 1092
863 975
863 979
863 1059
863 1492
863 1504
863 1559
864 1489
864 1521
866 1154
866 1165
866 1207
866 1209
866 1325
866 1402
866 1462
867 1117
868 1434
868 1520
869 1570
869 1573
870 1004
870 1013
870 1127
870 1305
870 1487
871 1364
872 987
872 1079
873 997
874 1069
874 1116
874 1299
875 941
879 988
880 1243
880 1586
881 1522
883 1210
884 910
884 1403
885 1473
886 1010
886 1570
887 939
887 1050
887 1588
888 995
888 1003
888 1163
888 1221
888 1360
888 1449
890 987
890 1084
891 967
892 1110
894 1298
894 1550
895 899
896 942
896 1094
897 1006
897 1317
897 1407
897 1483
897 1601
898 1109
898 1445
899 924
899 1032
899 1273
899 1580
899 1611
900 1151
902 1082
902 1398
903 1458
904 1224
904 1519
905 1161
905 1466
906 1520
906 1596
907 1046
907 1230
908 1120
908 1582
909 1260
910 960
910 964
910 1100
910 1301
910 1362
910 1472
912 1499
912 1520
913 1096
913 1127
913 1194
913 1361
914 1031
914 1097
914 1144
914 1417
914 1440
914 1441
914 1598
915 1073
915 1314
915 1404
915 1427
916 1299
916 1526
917 1016
917 1018
917 1054
917 1280
917 1371
917 1443
917 1468
917 1538
917 1560
918 1173
918 1506
918 1596
919 1473
920 1057
920 1102
920 1229
920 1264
920 1409
920 1423
921 1183
921 1226
922 989
923 1171
923 1205
924 926
925 1058
925 1059
925 1141
925 1148
925 1276
925 1375
925 1399
926 1154
927 1030
927 1042
927 1227
927 1271
927 1465
927 1608
927 1618
929 1001
929 1152
929 1166
929 1180
929 1302
929 1410
929 1553
929 1615
930 1063
930 1088
931 1120
932 1131
932 1323
932 1502
932 1555
933 1111
933 1126
933 1461
933 1552
933 1579
934 942
934 1321
935 985
935 1092
936 1117
937 1041
937 1127
937 1261
937 1408
937 1594
939 1023
939 1032
939 1058
939 1184
939 1223
939 1344
939 1494
940 1230
941 1190
941 1327
941 1333
941 1346
941 1478
942 1033
942 1248
942 1393
943 1398
944 1583
947 1448
948 1266
949 1226
951 1000
951 1010
952 1342
952 1526
953 979
953 1196
953 1344
953 1424
953 1426
953 1547
955 1106
955 1155
955 1396
955 1546
956 1021
956 1024
956 1321
957 1088
958 997
958 1586
959 982
959 1059
959 1090
959 1137
959 1426
959 1470
961 1557
961 1596
962 1435
963 1055
963 1094
965 1151
965 1291
965 1489
966 1247
966 1458
967 969
967 990
967 1137
967 1181
967 1297
967 1419
967 1447
967 1515
968 1521
971 1064
972 1074
973 1120
974 1000
974 1024
974 1076
975 1298
975 1372
976 1499
977 1045
977 1056
977 1404
977 1591
978 1020
978 1039
978 1158
978 1338
978 1390
978 1465
979 1550
980 1269
980 1370
981 1260
983 1125
984 1588
985 1020
985 1080
985 1091
985 1201
985 1352
985 1503
985 1604
986 1226
987 1153
987 1333
987 1339
988 990
988 1081
988 1262
988 1393
988 1449
989 993
989 1182
989 1496
989 1572
990 1116
991 1106
991 1178
991 1198
991 1263
991 1290
991 1425
992 1347
993 1466
995 1570
996 1351
996 1372
997 1278
997 1288
997 1593
999 1306
1000 1017
1000 1095
1000 1542
1002 1318
1003 1506
1005 1021
1006 1147
1007 1116
1007 1322
1008 1509
1008 1583
1009 1084
1009 1173
1009 1247
1010 1268
1010 1293
1010 1307
1010 1366
1010 1592
1011 1258
1012 1063
1012 1243
1013 1205
1014 1109
1015 1049
1015 1172
1015 1288
1015 1309
1015 1310
1015 1414
1015 1460
1015 1554
1016 1434
1017 1318
1019 1501
1021 1128
1021 1165
1021 1337
1021 1459
1021 1616
1023 1439
1024 1361
1025 1051
1025 1235
1025 1344
1025 1387
1025 1418
1025 1422
1025 1542
1027 1109
1027 1583
1028 1151
1028 1330
1028 1520
1029 1104
1029 1119
1029 1145
1029 1158
1029 1437
1029 1476
1031 1506
1032 1533
1034 1110
1035 1109
1035 1202
1035 1277
1036 1269
1036 1557
1037 1092
1037 1582
1038 1258
1038 1322
1039 1435
1041 1117
1042 1247
1042 1582
1043 1558
1044 1100
1044 1111
1044 1275
1044 1295
1044 1296
1044 1559
1044 1619
1045 1445
1046 1060
1046 1145
1046 1257
1046 1326
1047 1509
1048 1146
1048 1209
1048 1295
1048 1524
1048 1530
1048 1553
1048 1617
1049 1195
1050 1312
1051 1377
1051 1485
1053 1101
1053 1448
1055 1240
1055 1388
1055 1587
1055 1617
1056 1398
1057 1501
1058 1076
1062 1158
1062 1308
1062 1367
1062 1453
1062 1563
1063 1360
1063 1417
1064 1065
1064 1113
1064 1308
1064 1340
1064 1415
1065 1347
1066 1109
1067 1101
1067 1183
1067 1489
1068 1076
1068 1230
1069 1080
1069 1123
1069 1193
1069 1278
1069 1608
1070 1187
1070 1330
1070 1439
1071 1277
1072 1076
1072 1485
1073 1602
1074 1099
1074 1303
1074 1343
1074 1504
1074 1541
1075 1446
1075 1458
1076 1098
1076 1196
1076 1244
1076 1423
1076 1609
1077 1097
1077 1235
1077 1248
1077 1273
1077 1411
1079 1438
1079 1495
1079 1549
1079 1563
1080 1509
1082 1170
1082 1287
1082 1365
1082 1381
1083 1210
1084 1143
1084 1353
1084 1424
1084 1562
1085 1392
1085 1456
1086 1093
1087 1588
1088 1311
1088 1576
1089 1586
1090 1298
1092 1178
1092 1292
1093 1155
1093 1228
1093 1548
1093 1599
1094 1294
1094 1371
1094 1380
1095 1573
1096 1347
1097 1321
1099 1299
1101 1106
1101 1208
1101 1222
1101 1411
1102 1112
1103 1129
1103 1458
1105 1218
1105 1223
1105 1255
1105 1307
1105 1498
1105 1517
1107 1277
1108 1210
1108 1557
1109 1367
1109 1444
1110 1249
1110 1362
1110 1415
1110 1492
1110 1552
1112 1374
1112 1386
1112 1454
1113 1129
1113 1151
1114 1385
1114 1511
1114 1566
1115 1243
1115 1526
1116 1224
1116 1319
1116 1420
1116 1593
1117 1412
1117 1418
1117 1510
1117 1515
1117 1609
1118 1345
1118 1370
1120 1323
1120 1442
1120 1531
1121 1147
1121 1226
1122 1241
1123 1195
1124 1130
1125 1184
1125 1281
1125 1510
1125 1529
1125 1568
1126 1151
1129 1373
1129 1374
1129 1451
1129 1461
1129 1564
1130 1582
1133 1258
1133 1377
1135 1550
1138 1439
1139 1372
1139 1445
1139 1446
1140 1398
1141 1457
1141 1489
1142 1521
1143 1298
1147 1185
1147 1460
1147 1597
1147 1607
1149 1456
1150 1210
1150 1370
1150 1570
1151 1213
1151 1242
1154 1241
1156 1610
1157 1533
1159 1330
1159 1345
1159 1557
1160 1318
1161 1250
1161 1257
1161 1437
1161 1471
1161 1595
1162 1446
1163 1370
1164 1526
1166 1205
1167 1173
1168 1573
1169 1439
1169 1573
1170 1277
1171 1404
1171 1468
1171 1477
1173 1251
1173 1311
1173 1464
1173 1549
1173 1585
1174 1226
1174 1318
1174 1610
1175 1522
1176 1202
1176 1445
1177 1392
1177 1521
1179 1446
1180 1258
1180 1260
1181 1377
1182 1183
1183 1301
1183 1528
1184 1298
1185 1600
1186 1613
1187 1212
1187 1517
1187 1574
1188 1616
1189 1291
1190 1260
1191 1291
1191 1435
1191 1586
1192 1457
1192 1501
1195 1217
1195 1272
1195 1319
1195 1343
1195 1450
1195 1484
1195 1548
1199 1610
1202 1452
1202 1545
1203 1613
1204 1226
1205 1213
1205 1386
1205 1469
1209 1509
1210 1232
1210 1287
1210 1394
1210 1560
1210 1569
1211 1583
1211 1610
1213 1398
1215 1392
1216 1318
1216 1522
1219 1322
1219 1377
1222 1253
1224 1522
1225 1330
1226 1350
1226 1385
1226 1420
1227 1526
1229 1480
1230 1283
1230 1454
1230 1542
1230 1568
1231 1243
1233 1489
1234 1485
1236 1533
1237 1602
1239 1291
1241 1284
1241 1303
1241 1436
1241 1472
1243 1421
1244 1377
1245 1457
1246 1446
1247 1328
1247 1481
1250 1457
1253 1289
1253 1296
1253 1543
1253 1546
1253 1612
1254 1269
1254 1345
1255 1370
1255 1600
1256 1342
1258 1459
1258 1515
1258 1604
1258 1617
1260 1296
1260 1320
1260 1388
1260 1462
1261 1347
1262 1588
1263 1266
1265 1318
1266 1273
1266 1397
1266 1566
1267 1506
1268 1269
1268 1439
1269 1315
1269 1597
1274 1277
1276 1372
1277 1335
1277 1443
1277 1490
1279 1522
1282 1322
1282 1356
1284 1602
1285 1306
1291 1539
1291 1594
1294 1557
1295 1448
1297 1550
1298 1387
1299 1383
1299 1540
1299 1556
1300 1533
1302 1342
1304 1306
1306 1376
1306 1391
1306 1409
1307 1330
1310 1392
1313 1398
1315 1499
1316 1321
1316 1613
1318 1407
1318 1601
1321 1409
1323 1403
1324 1521
1325 1347
1326 1533
1328 1345
1329 1582
1330 1389
1330 1535
1334 1466
1334 1473
1336 1439
1339 1392
1341 1588
1343 1433
1345 1576
1345 1579
1347 1373
1347 1386
1349 1526
1351 1467
1354 1600
1355 1466
1355 1558
1356 1358
1356 1394
1356 1440
1356 1479
1356 1527
1357 1435
1357 1582
1358 1520
1358 1588
1360 1583
1364 1381
1364 1401
1364 1470
1364 1538
1367 1446
1369 1456
1369 1473
1370 1535
1370 1589
1371 1398
1372 1447
1372 1469
1372 1490
1372 1547
1376 1509
1376 1522
1377 1400
1377 1537
1378 1602
1381 1434
1382 1435
1384 1521
1385 1434
1392 1549
1392 1584
1395 1445
1395 1558
1396 1448
1397 1588
1399 1550
1401 1558
1402 1480
1403 1407
1405 1602
1411 1588
1416 1573
1427 1446
1429 1433
1433 1508
1433 1534
1434 1443
1435 1477
1435 1513
1435 1577
1436 1522
1438 1602
1442 1610
1445 1523
1446 1561
1452 1600
1453 1582
1454 1501
1456 1474
1456 1584
1463 1583
1466 1494
1466 1575
1473 1609
1474 1485
1478 1570
1480 1488
1485 1510
1485 1572
1489 1566
1489 1605
1493 1570
1496 1596
1501 1505
1503 1582
1505 1533
1506 1569
1506 1590
1506 1614
1509 1616
1514 1600
1523 1550
1525 1533
1525 1588
1526 1577
1533 1595
1569 1583
1581 1596
1590 1613
1603 1613
