1620 3888
0 220
0 415
0 638
1 794
1 1195
1 1612
2 80
2 1000
2 1275
3 447
3 1127
3 1223
4 163
4 493
4 1555
5 375
5 592
5 1361
6 21
6 41
6 89
6 320
6 460
6 702
6 704
6 1237
6 1404
6 1448
6 1521
6 1610
7 364
7 1049
7 1361
8 331
8 546
8 1497
9 111
9 220
9 926
10 114
10 161
10 173
10 371
10 806
10 902
10 964
10 1036
10 1085
10 1342
10 1480
10 1495
11 689
11 1134
11 1390
12 382
12 745
12 1260
13 18
13 146
13 301
13 527
13 656
13 747
13 1185
13 1288
13 1335
13 1376
13 1443
13 1578
14 314
14 398
14 654
14 753
14 858
14 889
14 1033
14 1171
14 1254
14 1270
14 1427
14 1439
15 207
15 422
15 451
15 646
15 676
15 760
15 930
15 1158
15 1375
15 1474
15 1493
15 1581
16 850
16 1075
16 1281
17 254
17 783
17 1560
18 763
18 1209
19 275
19 735
19 945
20 544
20 779
20 1572
21 548
21 834
22 634
22 876
22 1088
23 507
23 519
23 783
24 430
24 931
24 1115
25 195
25 335
25 1442
26 505
26 695
26 1010
27 44
27 764
27 882
28 218
28 533
28 1104
29 421
29 681
29 1599
30 1023
30 1225
30 1262
31 245
31 548
31 1565
32 365
32 952
32 1078
33 61
33 217
33 272
33 406
33 473
33 513
33 589
33 720
33 887
33 1145
33 1162
33 1283
34 325
34 1070
34 1126
35 375
35 436
35 1360
36 143
36 364
36 876
37 695
37 1153
37 1592
38 200
38 329
38 369
39 75
39 168
39 228
39 234
39 413
39 531
39 618
39 842
39 874
39 897
39 1040
39 1520
40 624
40 1124
40 1349
41 532
41 1115
42 913
42 994
42 1572
43 175
43 345
43 546
44 50
44 87
44 144
44 156
44 923
44 942
44 1064
44 1148
44 1433
44 1487
44 1567
45 180
45 370
45 1228
46 195
46 335
46 514
47 137
47 807
47 814
48 111
48 532
48 968
49 200
49 546
49 1583
50 346
50 508
51 157
51 377
51 846
51 898
51 1030
51 1044
51 1091
51 1114
51 1378
51 1426
51 1511
51 1546
52 1103
52 1351
52 1434
53 183
53 293
53 1260
54 265
54 296
54 442
54 471
54 579
54 600
54 623
54 635
54 778
54 892
54 1278
54 1324
55 334
55 1163
55 1478
56 163
56 280
56 345
57 847
57 913
57 1555
58 412
58 634
58 1061
59 776
59 1164
59 1193
60 260
60 273
60 559
60 598
60 1107
60 1222
60 1268
60 1272
60 1330
60 1357
60 1365
60 1502
61 1412
61 1558
62 595
62 1260
62 1279
63 167
63 773
63 1336
64 145
64 1037
64 1576
65 533
65 814
65 1381
66 334
66 533
66 905
67 73
67 159
67 262
67 310
67 566
67 686
67 780
67 902
67 915
67 925
67 1123
67 1194
68 636
68 931
68 1381
69 396
69 681
69 1601
70 224
70 370
70 901
71 100
71 626
71 1184
72 972
72 1115
72 1127
73 446
73 932
74 357
74 706
74 804
75 329
75 1115
76 388
76 501
76 1275
77 160
77 372
77 972
78 149
78 208
78 412
79 501
79 732
79 1252
80 132
80 320
80 413
80 846
80 1092
80 1133
80 1156
80 1286
80 1308
80 1328
80 1607
81 370
81 1541
81 1582
82 789
82 829
82 945
83 208
83 1010
83 1518
84 391
84 412
84 1421
85 298
85 604
85 789
86 783
86 856
86 1049
87 636
87 1223
88 95
88 340
88 611
88 663
88 835
88 1173
88 1217
88 1218
88 1229
88 1485
88 1503
88 1525
89 876
89 945
90 932
90 1195
90 1287
91 133
91 175
91 509
92 305
92 452
92 1583
93 226
93 865
93 1601
94 952
94 1211
94 1262
95 149
95 1558
96 172
96 268
96 279
96 428
96 746
96 982
96 1014
96 1099
96 1198
96 1419
96 1534
96 1589
97 994
97 1049
97 1601
98 508
98 636
98 1602
99 507
99 1193
99 1281
100 142
100 186
100 193
100 578
100 584
100 622
100 854
100 1056
100 1152
100 1462
100 1604
101 631
101 1078
101 1279
102 298
102 972
102 1231
103 251
103 432
103 985
104 380
104 1088
104 1124
105 122
105 313
105 647
105 667
105 790
105 798
105 886
105 1068
105 1356
105 1371
105 1378
105 1508
106 339
106 429
106 477
106 739
106 832
106 839
106 844
106 1212
106 1267
106 1405
106 1512
106 1527
107 375
107 1103
107 1361
108 592
108 918
108 1497
109 119
109 415
109 532
110 763
110 893
110 1565
111 306
111 326
111 437
111 753
111 906
111 1041
111 1150
111 1246
111 1254
111 1302
112 195
112 208
112 1008
113 624
113 1336
113 1353
114 421
114 764
115 364
115 776
115 1289
116 970
116 1153
116 1524
117 782
117 1008
117 1134
118 776
118 1225
118 1316
119 278
119 326
119 613
119 1006
119 1021
119 1028
119 1120
119 1123
119 1348
119 1430
119 1447
120 234
120 269
120 482
120 703
120 742
120 785
120 824
120 1201
120 1239
120 1404
120 1426
120 1505
121 143
121 575
121 856
122 131
122 251
123 251
123 345
123 658
124 190
124 355
124 431
124 569
124 580
124 623
124 1169
124 1176
124 1365
124 1369
124 1403
124 1543
125 131
125 587
125 1004
126 745
126 1143
126 1225
127 254
127 865
127 1281
128 251
128 1599
128 1612
129 503
129 917
129 1566
130 695
130 1070
130 1336
131 276
131 657
131 694
131 767
131 957
131 999
131 1101
131 1284
131 1491
131 1511
132 928
132 967
133 190
133 207
133 214
133 414
133 518
133 659
133 770
133 910
133 974
133 1321
133 1379
134 490
134 1231
134 1566
135 952
135 1010
135 1556
136 325
136 773
136 1332
137 383
137 713
137 756
137 902
137 984
137 1148
137 1318
137 1372
137 1406
137 1410
137 1443
138 303
138 348
138 353
138 355
138 728
138 911
138 1047
138 1077
138 1131
138 1271
138 1301
138 1384
139 777
139 1134
139 1545
140 247
140 292
140 494
140 602
140 822
140 828
140 899
140 1112
140 1132
140 1403
140 1493
140 1509
141 693
141 1061
141 1514
142 1008
142 1383
143 151
143 170
143 291
143 650
143 705
143 1080
143 1081
143 1181
143 1543
143 1617
144 644
144 918
145 271
145 283
145 342
145 820
145 951
145 973
145 1114
145 1203
145 1356
145 1464
145 1571
146 917
146 1394
147 382
147 649
147 1209
148 345
148 994
148 1434
149 297
149 403
149 477
149 662
149 799
149 940
149 1173
149 1267
149 1295
149 1297
150 503
150 567
150 1612
151 779
151 945
152 510
152 689
152 1252
153 241
153 1088
153 1211
154 275
154 1175
154 1412
155 375
155 856
155 1281
156 334
156 346
157 868
157 1560
158 505
158 533
158 1353
159 177
159 952
160 374
160 456
160 590
160 594
160 616
160 641
160 725
160 788
160 937
160 1429
160 1486
161 1163
161 1381
162 244
162 294
162 555
162 778
162 852
162 1018
162 1039
162 1079
162 1156
162 1242
162 1416
162 1559
163 381
163 1053
163 1083
163 1202
163 1233
163 1296
163 1362
163 1368
163 1569
163 1589
164 754
164 794
164 1591
165 1126
165 1226
165 1312
166 710
166 920
166 1332
167 202
167 351
167 363
167 394
167 484
167 560
167 711
167 1125
167 1304
167 1498
167 1522
168 253
168 280
169 382
169 1023
169 1134
170 1127
170 1412
171 764
171 920
171 1228
172 493
172 1568
173 649
173 1518
174 486
174 882
174 1175
175 199
175 283
175 506
175 845
175 1101
175 1154
175 1171
175 1251
175 1373
175 1509
176 490
176 629
176 1163
177 437
177 463
177 465
177 522
177 562
177 630
177 679
177 757
177 853
177 907
177 1445
178 325
178 1066
178 1353
179 391
179 779
179 847
180 495
180 687
180 716
180 796
180 830
180 838
180 1050
180 1089
180 1230
180 1300
180 1439
181 244
181 360
181 399
181 461
181 714
181 780
181 831
181 883
181 969
181 1477
181 1481
181 1544
182 293
182 1000
182 1558
183 206
183 250
183 343
183 516
183 1087
183 1283
183 1366
183 1397
183 1440
183 1454
183 1557
184 258
184 345
184 681
185 436
185 776
185 1023
186 510
186 876
187 330
187 397
187 398
187 515
187 520
187 619
187 736
187 1013
187 1097
187 1186
187 1266
187 1352
188 251
188 606
188 1442
189 391
189 501
189 1113
190 1168
191 245
191 1332
191 1336
192 486
192 777
192 872
193 539
193 1583
194 985
194 1360
194 1568
195 339
195 340
195 429
195 476
195 867
195 1199
195 1217
195 1224
195 1280
196 804
196 985
196 1514
197 384
197 928
197 1193
198 985
198 1351
198 1591
199 323
199 926
200 344
200 389
200 441
200 758
200 836
200 840
200 1317
200 1534
200 1535
200 1536
201 783
201 945
201 1434
202 1167
202 1331
203 546
203 875
203 1184
204 261
204 304
204 489
204 504
204 571
204 852
204 933
204 1024
204 1177
204 1194
204 1263
204 1479
205 369
205 486
205 1108
206 430
206 970
207 1545
208 343
208 420
208 537
208 698
208 1031
208 1119
208 1121
208 1250
208 1391
209 295
209 1331
209 1336
210 430
210 1010
210 1390
211 547
211 914
211 1287
212 447
212 1000
212 1023
213 644
213 1168
213 1602
214 384
214 681
215 764
215 1223
215 1602
216 305
216 763
216 783
217 707
217 950
218 228
218 349
218 578
218 650
218 699
218 715
218 1077
218 1237
218 1245
218 1247
218 1605
219 323
219 380
219 1184
220 237
220 306
220 314
220 538
220 701
220 734
220 889
220 980
220 1125
220 1462
221 945
221 1124
221 1596
222 254
222 548
222 693
223 464
223 634
223 1020
224 236
224 265
224 492
224 659
224 911
224 1080
224 1132
224 1140
224 1200
224 1502
224 1593
225 754
225 945
225 1279
226 276
226 411
226 669
226 703
226 943
226 1074
226 1092
226 1356
226 1388
226 1409
226 1422
227 567
227 1407
227 1596
228 945
229 1211
229 1252
229 1587
230 545
230 829
230 1552
231 529
231 652
231 672
231 799
231 822
231 887
231 1212
231 1217
231 1344
231 1379
231 1386
231 1573
232 388
232 1000
232 1340
233 364
233 918
233 1184
234 1061
235 950
235 1000
235 1067
236 1168
236 1316
237 415
237 638
238 587
238 1319
238 1592
239 415
239 1312
239 1331
240 435
240 735
240 847
241 260
241 394
241 553
241 601
241 815
241 843
241 971
241 1150
241 1513
241 1550
241 1554
242 631
242 901
242 1541
243 595
243 1113
243 1143
244 258
245 351
245 405
245 463
245 674
245 1107
245 1309
245 1320
245 1346
245 1348
245 1523
246 499
246 909
246 1075
247 509
247 927
248 682
248 968
248 1594
249 510
249 577
249 1506
250 847
250 1067
251 269
251 444
251 781
251 1046
251 1203
251 1308
251 1611
252 851
252 932
252 1226
253 321
253 341
253 402
253 556
253 608
253 702
253 995
253 1060
253 1277
253 1433
253 1466
254 466
254 674
254 708
254 826
254 944
254 1034
254 1501
254 1515
254 1542
255 295
255 604
255 1545
256 346
256 421
256 547
257 391
257 829
257 1043
258 344
258 487
258 489
258 561
258 675
258 768
258 845
258 990
258 1138
258 1476
259 689
259 970
259 1262
260 510
261 438
261 1231
262 490
262 745
263 372
263 1225
263 1594
264 391
264 1008
264 1228
265 631
266 493
266 994
266 1591
267 941
267 1262
267 1530
268 331
268 1349
269 877
270 346
270 920
270 1353
271 587
271 819
272 847
272 1070
273 952
273 1134
274 868
274 1049
274 1555
275 492
275 569
275 596
275 864
275 1065
275 1073
275 1090
275 1473
275 1516
275 1605
276 1612
277 783
277 1193
277 1333
278 280
278 1048
279 345
279 1049
280 434
280 437
280 643
280 861
280 1129
280 1205
280 1282
280 1521
280 1536
281 329
281 875
281 1484
282 533
282 1124
282 1500
283 421
284 447
284 707
284 777
285 305
285 509
285 928
286 464
286 644
286 865
287 318
287 371
287 504
287 550
287 552
287 679
287 984
287 1021
287 1161
287 1323
287 1481
287 1494
288 972
288 1209
288 1506
289 375
289 793
289 945
290 412
290 782
290 1262
291 1231
291 1524
292 681
292 1293
293 425
293 982
293 992
293 1016
293 1085
293 1249
293 1250
293 1344
293 1437
293 1531
294 967
294 1407
295 483
295 485
295 688
295 788
295 983
295 1376
295 1398
295 1548
295 1550
295 1553
296 642
296 1541
297 941
297 1260
298 328
298 665
298 792
298 842
298 1064
298 1130
298 1157
298 1269
298 1343
298 1521
299 819
299 851
299 1153
300 1037
300 1207
300 1537
301 745
301 1281
302 773
302 1061
302 1565
303 1231
303 1412
304 396
304 1220
305 426
305 586
305 625
305 646
305 1069
305 1196
305 1224
305 1295
305 1559
306 926
307 533
307 735
307 950
308 447
308 1164
308 1537
309 391
309 735
309 1572
310 1381
310 1478
311 435
311 446
311 779
312 436
312 1361
312 1434
313 921
313 1417
314 1048
315 505
315 732
315 773
316 1136
316 1143
316 1279
317 1051
317 1207
317 1565
318 847
318 932
319 642
319 1103
319 1353
320 794
321 604
321 754
322 804
322 877
322 1565
323 405
323 584
323 598
323 700
323 884
323 1033
323 1425
323 1450
323 1504
323 1505
324 547
324 604
324 1518
325 363
325 512
325 591
325 862
325 1183
325 1299
325 1523
325 1550
325 1557
326 329
327 658
327 1281
327 1514
328 920
328 1127
329 680
329 702
329 712
329 757
329 1248
329 1343
329 1368
329 1374
330 370
330 1353
331 350
331 434
331 675
331 680
331 741
331 786
331 1011
331 1109
331 1146
331 1449
332 810
332 1349
332 1576
333 432
333 539
333 1530
334 352
334 371
334 738
334 747
334 837
334 880
334 925
334 1072
334 1227
335 417
335 472
335 632
335 639
335 662
335 799
335 979
335 1142
335 1259
335 1345
336 872
336 1037
336 1067
337 453
337 582
337 659
337 663
337 673
337 724
337 979
337 1236
337 1403
337 1405
337 1461
337 1487
338 391
338 446
338 575
339 1558
340 1394
341 532
341 1596
342 681
342 1566
343 913
344 1497
345 817
345 1248
345 1314
345 1388
345 1492
345 1546
346 407
346 542
346 697
346 718
346 719
346 1036
346 1372
346 1432
347 763
347 1514
347 1576
348 436
348 876
349 380
349 510
350 532
350 1484
351 505
352 807
352 914
353 1175
353 1524
354 682
354 805
354 1500
355 430
356 621
356 732
356 1020
357 368
357 440
357 581
357 843
357 904
357 906
357 961
357 1165
357 1307
357 1358
357 1467
358 372
358 507
358 1075
359 1478
359 1518
359 1594
360 438
360 1175
361 404
361 560
361 665
361 666
361 697
361 903
361 937
361 956
361 983
361 1144
361 1418
361 1466
362 629
362 807
362 1281
363 693
364 524
364 558
364 648
364 1059
364 1384
364 1461
364 1474
364 1605
365 427
365 479
365 549
365 686
365 1100
365 1210
365 1471
365 1494
365 1519
365 1526
365 1539
366 1262
366 1537
366 1587
367 985
367 1182
367 1565
368 805
368 1500
369 434
369 676
369 825
369 833
369 848
369 1093
369 1172
369 1423
369 1487
369 1528
370 442
370 623
370 890
370 962
370 975
370 1039
370 1436
370 1590
372 475
372 553
372 656
372 670
372 924
372 1147
372 1183
372 1327
372 1418
373 682
373 865
373 1484
374 804
374 1037
375 495
375 524
375 746
375 817
375 965
375 1013
375 1160
376 380
376 539
376 1497
377 834
377 877
378 508
378 517
378 877
379 507
379 805
379 1565
380 500
380 609
380 803
380 980
380 1052
380 1216
380 1402
380 1455
381 1051
381 1360
382 483
382 494
382 808
382 910
382 924
382 981
382 1119
382 1208
382 1375
383 547
383 1163
384 468
384 844
384 979
384 1050
384 1079
384 1111
384 1186
384 1196
384 1509
384 1525
385 498
385 787
385 873
385 894
385 912
385 1098
385 1203
385 1411
385 1422
385 1469
385 1511
385 1579
386 510
386 634
386 1124
387 432
387 626
387 710
388 557
388 574
388 733
388 774
388 816
388 1258
388 1322
388 1386
388 1440
388 1603
389 1207
389 1560
390 1312
390 1500
390 1576
391 481
391 791
391 938
391 1138
391 1399
392 548
392 773
392 1514
393 486
393 508
393 1127
394 501
395 850
395 914
395 1612
396 399
396 481
396 555
396 743
396 836
396 863
396 888
396 1109
396 1251
396 1314
397 631
397 1421
398 1223
399 928
400 604
400 968
400 1166
401 587
401 819
401 932
402 789
402 1594
403 519
403 1583
404 710
404 732
405 689
406 514
406 1078
407 1381
407 1602
408 499
408 807
408 1394
409 493
409 1067
409 1167
410 519
410 928
410 1293
411 1407
411 1442
412 525
412 761
412 867
412 1002
412 1052
412 1137
412 1152
412 1240
413 567
414 514
414 917
415 462
415 643
415 757
415 843
415 1197
415 1270
415 1334
415 1427
416 503
416 851
416 1319
417 1168
417 1293
418 763
418 793
418 1193
419 490
419 779
419 1442
420 452
420 941
421 511
421 607
421 726
421 831
421 1024
421 1284
421 1338
421 1547
422 1136
422 1193
423 567
423 1552
423 1591
424 447
424 595
424 1506
425 514
425 707
426 1108
426 1136
427 503
427 1126
428 1518
428 1572
429 909
430 535
430 554
430 1055
430 1065
430 1080
430 1157
430 1305
430 1433
431 689
431 1023
432 460
432 669
432 700
432 869
432 874
432 898
432 946
432 1035
432 1488
433 507
433 1360
433 1582
435 487
435 572
435 651
435 743
435 765
435 1135
435 1137
435 1257
435 1452
435 1510
436 453
436 588
436 596
436 650
436 1158
436 1159
436 1414
436 1586
438 583
438 801
438 949
438 951
438 1036
438 1179
438 1219
438 1256
438 1373
438 1491
439 505
439 1066
439 1421
440 893
440 1349
441 532
441 644
442 928
443 548
443 634
443 1008
444 834
444 1051
445 917
445 1075
445 1442
446 1106
446 1145
446 1315
446 1380
446 1419
446 1437
446 1440
446 1482
446 1494
447 760
447 929
447 1172
447 1367
447 1486
447 1561
447 1609
448 493
448 804
448 1312
449 1193
449 1220
449 1293
450 789
450 901
450 1088
451 519
451 595
452 632
452 761
452 1062
452 1212
452 1229
452 1244
452 1259
452 1503
452 1512
452 1606
453 1184
454 1333
454 1351
454 1582
455 621
455 882
455 1051
456 950
456 1182
457 464
457 1500
457 1576
458 1134
458 1506
458 1587
459 913
459 1010
459 1260
460 1061
461 546
461 1220
462 926
462 1020
463 1226
464 502
464 671
464 833
464 907
464 959
464 1028
464 1216
464 1354
464 1462
465 649
465 682
466 507
466 1576
467 1182
467 1340
467 1537
468 927
468 1316
469 1316
469 1417
469 1558
470 499
470 514
470 1316
471 789
471 1587
472 921
472 1164
473 1000
473 1037
474 544
474 575
474 847
475 649
475 1545
476 1193
476 1583
477 1442
478 875
478 994
478 1104
479 587
479 1226
480 508
480 926
480 1103
481 488
482 539
482 710
483 1594
484 621
484 885
485 649
485 1225
486 641
486 857
486 919
486 955
486 1096
486 1581
486 1585
486 1619
487 488
488 694
488 722
488 740
488 820
488 870
488 1055
488 1215
488 1306
488 1519
488 1540
489 928
490 555
490 583
490 605
490 726
490 748
490 768
490 1161
490 1190
491 932
491 1390
491 1412
492 1556
493 574
493 823
493 1162
493 1165
493 1178
493 1328
493 1551
494 1108
495 1351
496 532
496 1568
496 1601
497 1211
497 1289
497 1541
498 794
498 1592
499 511
499 721
499 787
499 822
499 949
499 1321
499 1335
499 1371
499 1396
500 548
500 941
501 619
501 651
501 1045
501 1111
501 1162
501 1300
501 1472
501 1598
502 893
502 1104
503 667
503 949
503 1055
503 1337
503 1338
503 1468
503 1562
503 1579
504 629
505 530
505 601
505 1174
505 1232
505 1327
505 1397
505 1398
506 539
506 638
507 579
507 625
507 1032
507 1376
507 1456
507 1613
508 996
508 1095
508 1241
508 1352
508 1439
508 1517
508 1561
509 515
509 663
509 1029
509 1206
509 1242
509 1300
509 1345
509 1527
509 1563
510 594
510 635
510 986
510 1285
510 1451
510 1577
511 1195
512 1010
512 1287
513 872
513 1340
514 557
514 568
514 828
514 1221
514 1267
514 1441
514 1503
515 1167
516 1390
516 1556
517 639
517 721
517 752
517 832
517 835
517 886
517 912
517 976
517 1009
517 1125
517 1364
518 918
518 1541
519 585
519 645
519 953
519 1079
519 1141
519 1244
519 1280
519 1563
520 882
520 926
521 1075
521 1209
521 1333
522 1163
522 1390
523 901
523 1552
523 1587
524 1351
525 1134
525 1530
526 575
526 950
526 1066
527 909
527 1417
528 913
528 1070
528 1143
529 917
529 1316
530 693
530 1332
531 856
531 876
532 630
532 842
532 1423
532 1492
532 1569
533 591
533 756
533 1019
533 1192
533 1276
533 1465
534 638
534 1020
534 1048
535 952
535 1070
536 847
536 994
536 1518
537 1113
537 1136
538 621
538 1332
539 610
539 617
539 654
539 916
539 1022
539 1272
539 1320
540 547
540 905
540 1126
541 1113
541 1164
541 1260
542 972
542 1228
543 807
543 905
543 1381
544 561
544 627
544 690
544 722
544 888
544 1002
544 1005
544 1122
544 1315
544 1598
545 678
545 897
545 958
545 965
545 1090
545 1181
545 1234
545 1237
545 1271
545 1303
545 1499
546 661
546 722
546 791
546 821
546 852
546 1190
546 1257
547 552
547 750
547 809
547 925
547 1016
547 1219
547 1600
548 785
548 874
548 1152
548 1201
548 1401
548 1488
549 851
549 1004
550 952
550 968
551 834
551 1061
551 1596
552 1381
553 1336
554 851
554 1592
556 972
556 1175
557 1524
558 1360
558 1434
559 1088
559 1252
560 782
561 851
562 773
562 819
563 901
563 1333
563 1361
564 876
564 1066
564 1500
565 706
565 994
565 1568
566 968
566 1390
567 633
567 647
567 1133
567 1362
567 1411
567 1416
567 1496
567 1610
568 913
568 1000
569 1319
570 970
570 1134
570 1211
571 575
571 1442
572 941
572 1421
573 606
573 706
573 707
574 1043
575 677
575 748
575 969
575 1019
575 1090
575 1135
575 1301
576 1070
576 1260
576 1518
577 599
577 795
577 811
577 896
577 989
577 1189
577 1208
577 1222
577 1240
577 1429
577 1615
578 1088
579 1361
580 631
580 1582
581 1182
581 1275
582 1316
582 1541
583 1127
584 1497
585 793
585 1333
586 595
586 776
587 888
587 895
587 1138
587 1257
587 1305
587 1347
587 1468
588 1168
588 1497
589 706
589 1043
590 1207
590 1340
591 1228
592 724
592 751
592 930
592 939
592 1003
592 1017
592 1077
592 1446
592 1516
592 1617
593 805
593 1104
593 1166
594 1262
595 611
595 639
595 641
595 839
595 1121
595 1155
595 1444
596 1124
597 777
597 1000
597 1363
598 693
599 777
599 1225
600 1333
600 1360
601 1209
602 776
602 1545
603 634
603 885
603 1166
604 806
604 907
604 924
604 992
604 1082
604 1084
604 1120
605 735
605 909
606 731
606 823
606 943
606 1007
606 1044
606 1213
606 1416
606 1483
606 1520
606 1610
607 917
607 1592
608 931
608 1556
609 626
609 1583
610 689
610 693
611 921
612 917
612 921
612 1612
613 693
613 1226
614 794
614 1220
614 1407
615 624
615 876
615 1104
616 1164
616 1363
617 634
617 1184
618 834
618 1383
619 1293
620 621
620 1417
620 1612
621 839
621 894
621 996
621 1142
621 1235
621 1371
621 1485
622 682
622 885
624 677
624 738
624 997
624 1232
624 1247
624 1299
624 1329
624 1392
624 1406
625 793
626 685
626 742
626 860
626 908
626 1027
626 1107
626 1171
626 1265
626 1458
627 1008
627 1421
628 921
628 985
628 1223
629 698
629 780
629 790
629 808
629 873
629 963
629 1071
629 1094
629 1185
630 1048
631 737
631 749
631 838
631 841
631 1018
631 1278
631 1400
632 909
633 928
633 1407
634 685
634 701
634 715
634 1350
634 1504
635 1552
636 666
636 900
636 1072
636 1148
636 1219
636 1261
636 1326
636 1495
636 1547
637 945
637 1113
637 1552
638 1089
638 1246
638 1274
638 1302
638 1352
638 1450
638 1458
638 1595
640 644
640 776
640 1363
642 687
642 692
642 771
642 778
642 881
642 1097
642 1176
642 1200
642 1264
642 1415
643 968
644 680
644 861
644 1105
644 1236
644 1574
644 1581
644 1609
645 776
645 1136
646 1164
647 1592
648 1168
648 1583
649 671
649 991
649 1016
649 1269
649 1277
649 1430
649 1580
651 829
652 1067
652 1078
653 1078
653 1153
653 1390
654 681
655 1051
655 1361
655 1591
656 1333
657 893
657 1037
658 660
658 758
658 891
658 1074
658 1091
658 1105
658 1354
658 1449
658 1515
658 1528
660 875
660 1182
661 927
661 1601
662 1394
664 952
664 1153
664 1412
665 1175
666 1228
667 794
668 1066
668 1104
668 1124
669 877
670 763
670 807
671 968
672 707
672 913
673 1484
673 1602
674 1061
675 1184
676 1363
677 1340
678 789
678 1279
679 970
681 821
681 908
681 1206
681 1450
681 1491
682 701
682 744
682 755
682 1120
682 1455
682 1528
682 1574
683 893
683 1166
683 1500
684 754
684 1582
684 1587
685 1497
686 1572
687 1421
688 763
688 1075
689 795
689 860
689 971
689 1290
689 1355
689 1593
690 1043
690 1113
691 920
691 1209
691 1537
692 901
692 928
693 1102
693 1265
693 1311
693 1413
693 1445
694 1226
695 769
695 818
695 998
695 1307
695 1480
695 1539
695 1557
695 1562
695 1600
696 706
696 810
696 1207
697 1421
698 1225
699 1066
699 1349
700 782
703 1051
704 967
704 1407
705 1078
705 1175
706 733
706 879
706 1025
706 1045
706 1187
706 1286
706 1589
707 802
707 816
707 1038
707 1096
707 1310
707 1313
707 1328
708 773
708 1383
709 1010
709 1126
709 1336
710 824
710 946
710 960
710 988
710 1240
710 1401
710 1425
710 1522
711 1043
711 1252
712 868
712 1591
713 914
713 1075
714 735
714 1442
715 1587
716 1049
716 1361
717 782
717 972
717 1332
718 1478
718 1566
719 931
719 1223
720 1167
720 1275
721 1612
723 807
723 1417
723 1442
724 1583
725 1088
725 1134
726 1175
727 754
727 1115
727 1594
728 735
728 856
729 1043
729 1067
729 1275
730 932
730 970
730 1078
731 794
731 1596
732 734
732 752
732 772
732 954
732 1102
732 1292
732 1513
732 1523
733 1167
734 921
735 1116
735 1177
735 1181
735 1315
735 1392
736 1049
736 1351
737 829
737 1412
738 914
739 921
739 1136
740 1556
740 1592
741 994
741 1500
742 782
743 851
744 893
744 1349
745 798
745 1012
745 1031
745 1058
745 1273
745 1469
745 1479
745 1481
746 1601
747 814
748 1394
749 1103
749 1228
750 764
750 1566
751 1049
751 1360
752 885
753 1020
754 1053
754 1234
754 1269
754 1324
754 1496
754 1577
754 1584
755 1104
755 1576
756 914
758 804
759 793
759 856
759 1434
760 1484
761 1143
762 804
762 1340
762 1506
763 892
763 953
763 1501
763 1533
763 1564
764 880
764 903
764 923
764 978
764 1095
764 1256
764 1318
765 1113
765 1167
766 914
766 1126
766 1478
767 805
767 950
768 1220
769 1004
769 1312
770 927
770 1293
771 829
771 1524
772 782
772 920
773 860
773 884
773 1006
773 1255
773 1272
774 872
774 950
775 850
775 1225
775 1260
776 910
776 919
776 1017
776 1172
777 981
777 1017
777 1169
777 1355
777 1474
777 1502
777 1586
779 864
779 883
779 922
779 933
779 997
779 1192
779 1271
781 1560
781 1601
782 1022
782 1189
782 1239
782 1488
782 1529
783 891
783 965
783 1185
783 1273
783 1459
783 1575
784 856
784 1279
784 1552
785 1530
786 1104
786 1555
787 921
788 920
789 991
789 1057
789 1204
789 1362
789 1377
789 1451
790 914
791 851
792 931
792 1319
793 1012
793 1071
793 1288
793 1303
793 1515
793 1549
793 1570
794 1007
794 1040
794 1156
794 1233
794 1377
795 952
796 926
796 1223
797 1070
797 1319
797 1390
798 905
800 805
800 1037
800 1599
801 1417
801 1592
802 1275
802 1407
803 1008
803 1061
804 1034
804 1146
804 1191
804 1389
804 1453
805 959
805 993
805 1238
805 1408
805 1464
805 1501
806 913
807 1012
807 1424
807 1459
807 1553
807 1613
808 1143
809 913
809 1594
810 815
810 993
810 998
810 1041
810 1110
810 1178
810 1334
810 1341
810 1389
810 1618
811 1008
811 1530
812 1075
812 1394
812 1417
813 885
813 926
813 1048
814 873
814 964
814 1042
814 1058
814 1068
814 1227
814 1253
814 1406
814 1600
815 1048
816 1037
817 1555
818 905
818 1478
819 870
819 936
819 999
819 1307
819 1311
819 1341
819 1348
819 1519
820 1004
821 868
823 1000
824 1383
825 865
825 1166
826 985
826 1207
827 932
827 952
827 1524
828 1417
829 1005
829 1121
829 1149
829 1170
829 1436
829 1584
830 1360
830 1434
831 1231
832 1164
833 1560
834 1022
834 1027
834 1339
834 1401
834 1409
834 1425
834 1529
835 1136
836 1184
837 905
837 1075
838 1353
840 865
840 1182
841 928
841 1582
844 918
845 1601
846 1442
847 915
847 982
847 1100
847 1258
848 931
848 1168
849 851
849 1004
849 1599
850 1068
850 1076
850 1098
850 1119
850 1161
850 1194
850 1288
850 1459
850 1544
851 999
851 1420
851 1571
853 1166
853 1594
854 1124
854 1587
855 1108
855 1363
855 1484
856 864
856 1204
856 1245
856 1448
856 1584
857 1164
857 1506
858 882
858 1103
859 877
859 1360
859 1591
861 875
862 1209
862 1331
863 875
863 1497
865 1146
865 1428
865 1546
865 1549
865 1575
865 1611
866 1048
866 1252
866 1312
867 1260
868 1074
868 1160
868 1198
868 1205
868 1251
868 1476
868 1569
868 1611
869 1383
869 1596
870 1599
871 872
871 913
871 1558
872 1286
872 1344
872 1367
872 1435
872 1441
872 1483
872 1551
875 990
875 1099
875 1423
875 1428
875 1453
875 1490
876 1402
876 1465
876 1499
876 1516
877 944
877 1086
877 1235
877 1296
877 1393
877 1431
878 1209
878 1545
878 1594
879 1182
879 1312
880 931
881 1078
881 1113
882 929
882 976
882 1086
882 1089
882 1326
882 1370
882 1432
883 1394
884 1211
885 1216
885 1246
885 1270
885 1302
885 1395
885 1427
885 1463
886 917
887 1524
889 1048
890 901
890 1220
891 1565
892 1351
893 973
893 987
893 1456
893 1457
893 1542
893 1618
894 917
895 1226
895 1599
896 1211
896 1390
897 1124
898 1051
899 917
899 1558
900 920
900 1421
901 1018
901 1032
901 1176
901 1564
901 1577
903 1353
904 1048
904 1331
905 963
905 1098
905 1329
905 1342
905 1410
905 1443
906 1252
908 926
909 933
909 943
909 969
909 1030
909 1173
909 1308
909 1424
911 1319
912 1417
913 1419
913 1580
914 1063
914 1469
914 1480
914 1578
915 1153
916 926
916 927
917 1179
917 1424
918 1093
918 1132
918 1159
918 1188
918 1218
918 1345
918 1369
919 1484
920 995
920 1001
920 1147
920 1498
921 1086
921 1304
921 1463
921 1517
922 1037
922 1066
923 1381
926 1197
926 1395
927 935
927 951
927 1033
927 1284
927 1314
927 1458
927 1476
928 1007
928 1190
929 1231
930 1023
931 1095
931 1188
931 1236
931 1326
931 1372
932 947
932 1151
932 1306
932 1562
934 950
934 1207
934 1506
935 1566
935 1599
936 1287
936 1312
937 1209
938 1167
938 1279
939 1168
939 1184
940 1008
940 1143
941 960
941 1056
941 1122
941 1189
941 1199
941 1350
941 1399
942 1115
942 1319
944 1182
945 948
945 1301
946 1061
947 1126
947 1592
948 1049
948 1281
950 973
950 997
950 1191
950 1614
952 1087
952 1447
953 1281
954 1043
954 1331
955 1223
955 1231
956 1332
956 1530
957 1340
957 1576
958 1281
958 1434
959 1349
960 1134
961 1104
961 1576
962 1113
962 1412
963 1612
964 1126
966 1333
966 1565
966 1576
967 1053
967 1057
967 1139
967 1213
967 1382
967 1508
967 1520
967 1579
967 1607
968 1214
968 1255
968 1309
968 1311
968 1374
970 1123
970 1128
970 1210
970 1214
970 1222
970 1616
971 1587
972 978
972 1261
972 1292
972 1522
972 1548
974 1108
974 1225
975 1103
975 1421
976 985
977 1051
977 1351
977 1568
978 1421
980 1166
981 1262
983 1506
984 1478
985 996
985 1083
985 1409
985 1426
986 1211
986 1331
987 1104
987 1312
988 1008
988 1262
989 1088
989 1537
990 1583
991 1115
992 1478
993 1104
994 1160
994 1202
994 1437
994 1535
995 1231
998 1226
1000 1025
1000 1573
1000 1585
1001 1115
1001 1175
1002 1353
1003 1108
1003 1289
1004 1006
1004 1110
1004 1306
1004 1309
1004 1347
1004 1358
1004 1445
1005 1167
1008 1062
1008 1452
1009 1020
1009 1332
1010 1015
1010 1128
1010 1145
1010 1258
1010 1531
1011 1182
1011 1560
1013 1360
1014 1275
1014 1591
1015 1067
1015 1572
1019 1037
1020 1197
1020 1254
1020 1274
1020 1304
1020 1455
1020 1604
1021 1390
1023 1059
1023 1096
1023 1140
1023 1357
1023 1435
1023 1615
1024 1127
1025 1407
1026 1134
1026 1225
1026 1289
1027 1530
1028 1594
1029 1043
1029 1103
1030 1407
1031 1545
1032 1351
1034 1051
1035 1383
1035 1530
1037 1392
1037 1470
1038 1518
1038 1558
1039 1582
1040 1407
1041 1331
1042 1075
1042 1381
1043 1186
1043 1230
1043 1510
1043 1554
1044 1394
1045 1067
1046 1394
1046 1407
1047 1541
1047 1556
1048 1274
1048 1374
1048 1395
1049 1054
1049 1303
1049 1414
1050 1167
1051 1364
1051 1387
1051 1517
1052 1383
1054 1103
1054 1360
1056 1061
1057 1591
1058 1612
1059 1108
1060 1319
1060 1602
1061 1239
1061 1339
1062 1260
1063 1066
1063 1381
1064 1556
1065 1541
1066 1116
1066 1180
1066 1227
1066 1410
1067 1221
1067 1313
1067 1380
1067 1460
1069 1281
1069 1333
1070 1174
1070 1250
1070 1322
1070 1380
1070 1616
1071 1075
1072 1602
1073 1127
1073 1524
1075 1273
1076 1143
1076 1545
1078 1131
1078 1436
1078 1473
1078 1603
1081 1319
1081 1541
1082 1209
1082 1225
1083 1361
1084 1115
1084 1552
1085 1594
1087 1319
1088 1290
1088 1324
1088 1325
1088 1507
1091 1601
1092 1394
1093 1602
1094 1260
1094 1545
1097 1228
1099 1500
1100 1163
1101 1566
1102 1336
1103 1111
1103 1298
1103 1595
1104 1534
1105 1166
1106 1518
1106 1555
1108 1141
1108 1155
1108 1359
1108 1586
1108 1609
1109 1583
1110 1287
1112 1168
1112 1541
1113 1204
1113 1234
1113 1400
1114 1612
1115 1129
1115 1144
1115 1608
1116 1340
1117 1195
1117 1417
1117 1566
1118 1126
1118 1153
1118 1195
1122 1228
1124 1384
1124 1448
1124 1617
1126 1341
1126 1358
1126 1397
1127 1131
1127 1370
1127 1466
1127 1477
1128 1319
1129 1596
1130 1552
1130 1594
1133 1220
1134 1285
1135 1572
1136 1142
1136 1170
1136 1486
1136 1532
1136 1619
1137 1228
1139 1592
1139 1612
1140 1211
1141 1164
1143 1149
1143 1199
1143 1366
1143 1531
1144 1231
1147 1506
1149 1164
1150 1312
1151 1163
1151 1572
1153 1323
1153 1337
1153 1347
1153 1482
1153 1540
1154 1293
1154 1316
1155 1193
1157 1602
1158 1289
1159 1583
1163 1214
1163 1447
1163 1479
1163 1482
1163 1544
1164 1391
1164 1485
1165 1207
1166 1430
1166 1438
1166 1597
1166 1604
1167 1298
1167 1513
1167 1588
1168 1525
1168 1527
1168 1567
1169 1211
1170 1260
1174 1287
1175 1263
1175 1385
1175 1561
1177 1394
1178 1182
1179 1195
1180 1228
1180 1336
1182 1387
1182 1470
1183 1252
1184 1280
1184 1295
1184 1606
1187 1555
1187 1591
1188 1484
1191 1537
1192 1340
1193 1242
1193 1297
1193 1606
1195 1215
1195 1305
1195 1411
1195 1420
1195 1508
1195 1539
1196 1220
1198 1434
1200 1582
1201 1596
1202 1275
1205 1568
1206 1316
1207 1428
1207 1431
1207 1449
1207 1489
1208 1289
1209 1291
1209 1613
1210 1412
1211 1265
1211 1320
1213 1220
1215 1319
1218 1293
1220 1264
1220 1278
1220 1563
1221 1412
1223 1235
1223 1364
1223 1385
1223 1595
1224 1497
1225 1493
1226 1255
1226 1467
1226 1540
1226 1571
1228 1232
1229 1442
1230 1293
1231 1241
1231 1473
1233 1552
1238 1333
1238 1514
1241 1363
1243 1262
1243 1289
1243 1545
1244 1497
1245 1596
1247 1500
1248 1568
1249 1555
1249 1572
1252 1291
1252 1334
1252 1398
1252 1588
1253 1287
1253 1478
1256 1478
1259 1558
1261 1353
1262 1268
1262 1507
1263 1566
1264 1582
1266 1361
1266 1434
1268 1390
1275 1389
1275 1475
1275 1483
1275 1489
1276 1336
1276 1421
1277 1552
1279 1391
1279 1415
1279 1510
1279 1590
1279 1598
1281 1538
1282 1591
1282 1601
1283 1572
1285 1537
1287 1337
1287 1342
1287 1454
1287 1467
1287 1526
1289 1310
1289 1365
1289 1367
1289 1585
1289 1593
1290 1331
1291 1336
1292 1530
1293 1298
1293 1405
1293 1559
1294 1434
1294 1555
1294 1601
1296 1351
1297 1497
1299 1421
1310 1363
1312 1408
1312 1489
1313 1340
1316 1359
1316 1369
1316 1375
1317 1500
1317 1555
1318 1602
1321 1558
1322 1572
1323 1572
1325 1552
1325 1582
1327 1331
1329 1381
1330 1331
1330 1587
1331 1472
1332 1463
1332 1472
1332 1554
1332 1588
1333 1542
1333 1553
1335 1442
1336 1454
1338 1417
1339 1530
1340 1457
1340 1464
1343 1596
1346 1383
1346 1514
1349 1408
1349 1438
1349 1465
1349 1490
1349 1535
1350 1383
1351 1414
1351 1446
1353 1399
1353 1452
1354 1484
1355 1541
1357 1541
1359 1545
1360 1564
1361 1393
1361 1533
1363 1370
1363 1385
1363 1435
1363 1444
1363 1532
1366 1518
1368 1601
1373 1599
1377 1568
1378 1599
1379 1417
1381 1578
1382 1552
1382 1568
1383 1404
1383 1413
1383 1529
1386 1412
1387 1514
1388 1560
1390 1471
1393 1568
1394 1512
1396 1566
1396 1592
1400 1524
1402 1587
1407 1551
1412 1415
1413 1565
1418 1537
1420 1556
1422 1599
1429 1587
1431 1514
1432 1602
1434 1446
1438 1576
1441 1518
1444 1537
1451 1582
1453 1560
1456 1514
1457 1599
1460 1524
1460 1558
1461 1497
1468 1556
1470 1506
1471 1524
1475 1555
1475 1568
1477 1566
1478 1547
1478 1580
1484 1536
1484 1567
1484 1597
1490 1555
1492 1591
1495 1566
1496 1568
1498 1530
1499 1596
1500 1618
1504 1583
1505 1530
1506 1507
1506 1532
1514 1570
1514 1575
1518 1573
1524 1590
1526 1592
1533 1582
1537 1548
1537 1619
1538 1560
1538 1565
1543 1556
1545 1615
1549 1565
1556 1608
1556 1616
1558 1603
1560 1570
1560 1574
1560 1597
1576 1614
1596 1607
1599 1614
1602 1608
