1800 4320
0 77
0 697
0 1462
1 948
1 1113
1 1233
2 404
2 544
2 639
2 679
2 921
2 1070
2 1127
2 1230
2 1256
2 1261
2 1358
2 1730
3 951
3 1126
3 1703
4 297
4 855
4 1350
5 301
5 944
5 1722
6 130
6 537
6 1248
7 360
7 659
7 767
7 991
7 1122
7 1125
7 1139
7 1441
7 1623
7 1666
7 1687
7 1724
8 311
8 1088
8 1698
9 675
9 1703
9 1728
10 31
10 134
10 136
10 491
10 961
10 1140
10 1198
10 1364
10 1490
10 1582
10 1601
10 1746
11 27
11 60
11 128
11 317
11 492
11 562
11 773
11 1063
11 1300
11 1423
11 1699
11 1714
12 175
12 1113
12 1367
13 139
13 1402
13 1553
14 649
14 1287
14 1439
15 146
15 537
15 1652
16 28
16 300
16 389
16 519
16 529
16 709
16 814
16 1015
16 1140
16 1163
16 1282
16 1687
17 259
17 319
17 623
18 23
18 156
18 481
18 532
18 668
18 705
18 755
18 900
18 908
18 1135
18 1541
18 1673
19 392
19 955
19 1126
20 88
20 547
20 1451
21 319
21 383
21 1119
22 311
22 362
22 1274
23 34
23 826
24 139
24 752
24 1503
25 223
25 335
25 1405
26 34
26 76
26 553
27 146
27 1557
28 779
28 847
29 427
29 1402
29 1516
30 278
30 398
30 532
30 816
30 918
30 937
30 1068
30 1197
30 1273
30 1506
30 1665
30 1689
31 171
31 454
32 463
32 865
32 1494
33 287
33 422
33 1593
34 112
34 386
34 508
34 570
34 625
34 902
34 1268
34 1291
34 1313
34 1497
35 124
35 1369
35 1411
36 337
36 882
36 1381
37 649
37 977
37 990
38 87
38 252
38 364
38 369
38 503
38 565
38 638
38 911
38 1035
38 1389
38 1542
38 1550
39 257
39 847
39 1165
40 812
40 957
40 1644
41 183
41 263
41 639
41 950
41 1010
41 1048
41 1080
41 1180
41 1231
41 1372
41 1581
41 1628
42 67
42 196
42 229
42 258
42 313
42 578
42 741
42 1146
42 1228
42 1308
42 1429
42 1631
43 95
43 671
43 1381
44 98
44 166
44 1618
45 257
45 790
45 1579
46 62
46 134
46 633
46 656
46 761
46 930
46 1043
46 1049
46 1299
46 1357
46 1600
46 1640
47 410
47 990
47 1386
48 410
48 810
48 1680
49 140
49 1538
49 1630
50 187
50 623
50 1248
51 235
51 520
51 1413
52 53
52 302
52 378
52 498
52 666
52 710
52 993
52 1170
52 1187
52 1384
52 1589
52 1734
53 383
53 1200
54 462
54 535
54 1179
55 451
55 1426
55 1799
56 68
56 292
56 486
56 788
56 1100
56 1106
56 1226
56 1302
56 1582
56 1616
56 1635
56 1773
57 235
57 594
57 1216
58 165
58 214
58 453
59 736
59 810
59 1210
60 624
60 1012
61 93
61 219
61 849
61 1072
61 1133
61 1302
61 1307
61 1437
61 1625
61 1632
61 1692
61 1699
62 882
62 1533
63 696
63 1367
63 1774
64 124
64 295
64 1426
65 1348
65 1374
65 1402
66 392
66 826
66 933
67 77
67 810
68 433
68 684
69 179
69 190
69 230
69 270
69 664
69 681
69 897
69 1297
69 1322
69 1478
69 1551
69 1739
70 410
70 1158
70 1630
71 198
71 356
71 432
72 455
72 1126
72 1759
73 202
73 267
73 464
73 580
73 620
73 635
73 1225
73 1267
73 1307
73 1481
73 1563
73 1772
74 118
74 947
74 1774
75 350
75 1088
75 1293
76 261
76 647
76 662
76 784
76 1065
76 1168
76 1281
76 1392
76 1410
76 1711
76 1739
77 90
77 145
77 330
77 776
77 781
77 807
77 1373
77 1603
77 1657
77 1659
78 1287
78 1397
78 1502
79 248
79 259
79 1046
80 356
80 579
80 790
81 512
81 1531
81 1533
82 222
82 260
82 1463
83 130
83 155
83 1795
84 1338
84 1722
84 1799
85 95
85 703
85 1147
86 118
86 1132
86 1479
87 88
87 454
88 122
88 143
88 237
88 254
88 456
88 1384
88 1525
88 1592
88 1619
88 1655
89 222
89 742
89 1397
90 1147
90 1698
91 247
91 358
91 1278
92 118
92 810
92 1393
93 451
93 828
94 137
94 181
94 284
94 357
94 735
94 780
94 834
94 1087
94 1339
94 1501
94 1673
94 1695
95 145
95 252
95 764
95 860
95 861
95 1155
95 1221
95 1339
95 1365
95 1709
96 248
96 684
96 1380
97 165
97 738
97 1479
98 626
98 644
98 678
98 770
98 962
98 965
98 1125
98 1157
98 1314
98 1601
98 1754
99 944
99 992
99 1422
100 223
100 584
100 675
101 608
101 977
101 1393
102 173
102 612
102 1530
103 303
103 380
103 452
103 558
103 887
103 899
103 971
103 1004
103 1112
103 1239
103 1469
103 1532
104 383
104 432
104 1528
105 248
105 624
105 1661
106 1274
106 1381
106 1593
107 410
107 1528
107 1629
108 455
108 1289
108 1356
109 412
109 1391
109 1753
110 197
110 409
110 749
110 991
110 1159
110 1215
110 1223
110 1340
110 1364
110 1433
110 1741
110 1773
111 205
111 334
111 669
112 951
112 1386
113 167
113 345
113 434
113 515
113 820
113 840
113 883
113 919
113 1004
113 1317
113 1450
113 1729
114 247
114 1046
114 1494
115 507
115 799
115 980
116 146
116 675
116 1402
117 392
117 1374
117 1776
118 194
118 304
118 783
118 928
118 938
118 1217
118 1301
118 1508
118 1534
119 454
119 1440
119 1702
120 248
120 335
120 704
121 125
121 318
121 419
121 637
121 802
121 900
121 937
121 1116
121 1401
121 1488
121 1662
121 1717
122 694
122 985
123 648
123 1533
123 1796
124 160
124 315
124 344
124 486
124 534
124 791
124 1151
124 1231
124 1626
124 1734
125 790
125 1643
126 855
126 982
126 1770
127 927
127 1446
127 1663
128 1233
128 1796
129 204
129 624
129 763
130 256
130 469
130 515
130 640
130 806
130 941
130 1570
130 1638
130 1766
130 1783
131 412
131 547
131 733
132 294
132 322
132 732
133 255
133 347
133 581
133 699
133 801
133 890
133 1188
133 1345
133 1362
133 1450
133 1455
133 1656
134 650
135 453
135 1167
135 1350
136 463
136 1407
137 752
137 1693
138 410
138 1462
138 1621
139 487
139 873
139 898
139 996
139 1058
139 1073
139 1215
139 1253
139 1595
139 1723
140 141
140 176
140 374
140 500
140 574
140 724
140 1075
140 1150
140 1420
140 1606
140 1761
141 944
141 1439
142 235
142 1101
142 1594
143 1405
143 1439
144 432
144 1283
144 1594
145 756
146 153
146 396
146 440
146 718
146 870
146 946
146 1437
146 1466
146 1521
147 200
147 264
147 448
147 513
147 854
147 1082
147 1116
147 1250
147 1300
147 1558
147 1646
147 1777
148 301
148 1756
148 1799
149 548
149 579
149 1283
150 495
150 612
150 1769
151 235
151 1326
151 1727
152 535
152 683
152 1770
153 335
153 1451
154 623
154 1200
154 1338
155 233
155 299
155 652
155 831
155 848
155 1039
155 1054
155 1532
155 1588
155 1589
155 1624
156 450
156 1703
157 548
157 836
157 1128
158 399
158 463
158 1440
159 650
159 748
159 1330
160 948
160 1462
161 171
161 1244
161 1424
162 1046
162 1119
162 1294
163 550
163 624
163 1165
164 579
164 752
164 1432
165 231
165 241
165 424
165 707
165 785
165 788
165 877
165 1254
165 1346
165 1571
166 519
166 819
166 857
166 966
166 1085
166 1309
166 1354
166 1535
166 1637
166 1640
166 1773
167 1572
167 1579
168 523
168 793
168 1500
169 716
169 847
169 1214
170 833
170 855
170 1618
171 598
171 867
171 872
171 966
171 1017
171 1071
171 1331
171 1496
171 1697
171 1704
172 187
172 1480
172 1737
173 180
173 1069
173 1229
173 1410
173 1499
173 1552
173 1605
173 1642
173 1667
173 1696
173 1798
174 301
174 383
174 541
175 236
175 349
175 420
175 588
175 668
175 925
175 1023
175 1153
175 1195
175 1558
175 1565
176 334
176 650
177 326
177 892
177 1618
178 305
178 321
178 376
178 701
178 909
178 1186
178 1382
178 1559
178 1625
178 1718
178 1744
178 1789
179 649
179 970
180 649
180 1216
181 727
181 969
182 309
182 1411
182 1621
183 350
183 414
184 280
184 382
184 542
184 672
184 919
184 956
184 1053
184 1131
184 1188
184 1430
184 1459
184 1647
185 597
185 697
185 793
186 455
186 579
186 1413
187 490
187 524
187 556
187 589
187 725
187 893
187 1107
187 1303
187 1467
187 1797
188 1218
188 1520
188 1701
189 399
189 1338
189 1790
190 612
190 927
191 553
191 612
191 990
192 223
192 427
192 1796
193 525
193 535
193 738
194 295
194 1090
195 297
195 548
195 1374
196 220
196 793
197 1032
197 1572
198 413
198 637
198 975
198 1072
198 1160
198 1276
198 1284
198 1320
198 1615
198 1707
198 1736
199 575
199 912
199 1367
200 575
200 858
201 810
201 894
201 1737
202 858
202 1735
203 214
203 451
203 1630
204 388
204 407
204 428
204 441
204 743
204 905
204 1010
204 1149
204 1166
204 1243
204 1246
205 313
205 424
205 470
205 567
205 866
205 910
205 1219
205 1225
205 1416
205 1610
205 1789
206 1214
206 1644
206 1731
207 335
207 412
207 1348
208 528
208 748
208 1167
209 410
209 994
209 1769
210 518
210 1185
210 1502
211 222
211 1142
211 1500
212 796
212 1113
212 1378
213 495
213 1520
213 1644
214 470
214 596
214 647
214 690
214 759
214 843
214 936
214 1079
214 1202
214 1673
215 248
215 334
215 584
216 528
216 796
216 1330
217 388
217 475
217 544
217 667
217 776
217 1062
217 1066
217 1152
217 1423
217 1476
217 1561
217 1682
218 1235
218 1330
218 1407
219 222
219 1245
220 242
220 468
220 489
220 557
220 661
220 928
220 1068
220 1231
220 1370
220 1448
220 1486
221 454
221 733
221 1088
222 282
222 353
222 596
222 1100
222 1197
222 1400
222 1581
222 1749
223 328
223 642
223 700
223 1011
223 1138
223 1205
223 1311
223 1513
223 1699
224 250
224 406
224 470
224 586
224 687
224 983
224 1030
224 1123
224 1257
224 1421
224 1616
224 1733
225 520
225 1409
225 1411
226 306
226 518
226 1483
227 518
227 799
227 1380
228 998
228 1164
228 1621
229 1167
229 1367
230 535
230 1644
231 433
231 1245
232 623
232 628
232 1579
233 836
233 1776
234 649
234 992
234 1158
235 236
235 585
235 891
235 908
235 1182
235 1347
235 1362
235 1491
236 969
237 463
237 1088
238 628
238 955
238 1591
239 826
239 1101
239 1661
240 625
240 634
240 651
240 689
240 936
240 1036
240 1095
240 1315
240 1322
240 1368
240 1499
240 1651
241 812
241 1185
242 992
242 1500
243 271
243 722
243 1528
244 675
244 1235
244 1594
245 268
245 376
245 620
245 791
245 886
245 915
245 1252
245 1365
245 1385
245 1431
245 1540
245 1635
246 455
246 952
246 1369
247 391
247 434
247 446
247 482
247 536
247 699
247 875
247 942
247 1086
247 1614
248 250
248 1038
248 1066
248 1303
248 1395
248 1452
248 1571
249 450
249 967
249 1710
250 1453
251 738
251 957
251 1218
252 311
253 260
253 1005
253 1538
254 301
254 716
255 526
255 1644
256 1528
256 1553
257 366
257 428
257 1014
257 1043
257 1318
257 1526
257 1585
257 1615
257 1627
257 1730
258 453
258 1710
259 606
259 708
259 754
259 797
259 901
259 1269
259 1524
259 1742
259 1752
259 1757
260 279
260 792
260 939
260 1079
260 1144
260 1150
260 1653
260 1656
260 1664
260 1755
261 1530
261 1703
262 799
262 1663
262 1753
263 433
263 454
264 553
264 1446
265 520
265 804
265 826
266 727
266 994
266 1240
267 855
267 1235
268 433
268 1350
269 453
269 669
269 1376
270 410
270 1289
271 409
271 499
271 545
271 614
271 737
271 1015
271 1271
271 1314
271 1327
271 1425
271 1482
272 363
272 482
272 492
272 540
272 787
272 1131
272 1205
272 1265
272 1343
272 1436
272 1475
272 1521
273 322
273 947
273 1262
274 1000
274 1245
274 1756
275 648
275 745
275 1652
276 512
276 526
276 927
277 548
277 1393
277 1579
278 295
278 992
279 518
279 1727
280 1046
280 1440
281 547
281 944
281 1005
282 727
282 1630
283 550
283 963
283 1185
284 669
284 892
285 836
285 1367
285 1413
286 624
286 804
286 1705
287 478
287 546
287 896
287 911
287 1091
287 1313
287 1473
287 1517
287 1584
287 1588
287 1603
288 1142
288 1158
288 1502
289 309
289 1164
289 1680
290 632
290 977
290 1672
291 432
291 1393
291 1413
292 1447
292 1503
293 722
293 994
293 1158
294 340
294 487
294 501
294 577
294 916
294 924
294 935
294 981
294 1109
294 1260
294 1534
295 765
295 997
295 1048
295 1089
295 1148
295 1308
295 1387
295 1460
295 1725
296 704
296 1012
296 1531
297 402
297 418
297 484
297 561
297 678
297 984
297 1186
297 1267
297 1282
297 1697
298 594
298 697
298 1099
299 1424
299 1728
300 427
300 889
301 344
301 811
301 1052
301 1169
301 1286
301 1577
301 1624
301 1678
302 1480
302 1722
303 543
303 628
304 1185
304 1381
305 414
305 671
306 346
306 527
306 783
306 785
306 972
306 983
306 1272
306 1472
306 1580
306 1590
306 1712
307 422
307 1338
307 1702
308 624
308 703
308 1446
309 330
309 622
309 659
309 751
309 1209
309 1280
309 1284
309 1408
309 1425
309 1584
310 1283
310 1289
310 1759
311 456
311 506
311 765
311 928
311 1187
311 1286
311 1498
311 1522
311 1684
312 543
312 912
312 948
313 594
314 671
314 1245
314 1722
315 810
315 1164
316 671
316 1176
316 1698
317 1553
317 1652
318 512
318 865
319 408
319 640
319 818
319 953
319 1224
319 1249
319 1467
319 1469
319 1606
319 1665
320 1367
320 1591
320 1594
321 1235
321 1654
322 367
322 706
322 765
322 1033
322 1238
322 1270
322 1472
322 1486
322 1683
322 1792
323 1378
323 1409
323 1447
324 439
324 543
324 1652
325 763
325 1694
325 1710
326 355
326 394
326 413
326 460
326 532
326 786
326 821
326 979
326 1227
326 1361
326 1646
327 669
327 1032
327 1503
328 1652
328 1748
329 466
329 1158
329 1326
330 1728
331 392
331 450
331 969
332 462
332 963
332 1012
333 510
333 541
333 1795
334 359
334 413
334 566
334 825
334 1077
334 1247
334 1529
334 1578
334 1717
335 411
335 589
335 667
335 798
335 1050
335 1177
335 1544
335 1757
336 454
336 643
336 1447
337 395
337 425
337 464
337 496
337 698
337 913
337 1186
337 1318
337 1371
337 1613
337 1695
338 340
338 479
338 480
338 571
338 616
338 1102
338 1124
338 1145
338 1159
338 1183
338 1485
338 1548
339 537
339 1348
339 1796
340 858
341 1032
341 1611
341 1774
342 1240
342 1426
342 1480
343 969
343 982
343 1463
344 1480
345 579
345 669
346 466
346 525
347 573
347 1142
348 779
348 796
348 1654
349 507
349 525
350 435
350 491
350 638
350 822
350 966
350 968
350 1130
350 1212
350 1655
350 1745
351 636
351 648
351 1735
352 738
352 1214
352 1470
353 828
353 1557
354 1128
354 1413
354 1591
355 865
355 1663
356 395
356 431
356 459
356 750
356 830
356 930
356 945
356 1127
356 1243
356 1336
357 1538
357 1572
358 560
358 740
358 803
358 878
358 931
358 960
358 1188
358 1239
358 1471
358 1495
358 1638
359 1409
359 1422
360 410
360 628
361 512
361 799
361 858
362 380
362 428
362 530
362 644
362 646
362 652
362 814
362 1127
362 1236
362 1783
362 1785
363 1348
363 1748
364 1176
364 1214
365 579
365 636
365 882
366 1381
366 1654
367 1283
367 1462
368 636
368 732
368 1557
369 463
369 1293
370 414
370 1000
370 1350
371 1000
371 1179
371 1483
372 752
372 982
372 1538
373 694
373 1293
373 1794
374 992
374 1799
375 836
375 1244
375 1407
376 1713
377 1411
377 1462
377 1756
378 399
378 793
379 1200
379 1424
379 1776
380 541
381 782
381 1663
381 1702
382 433
382 1652
383 606
383 831
383 1045
383 1279
383 1433
383 1504
383 1732
383 1797
384 512
384 553
384 1743
385 694
385 1158
385 1759
386 1374
386 1728
387 1391
387 1405
387 1611
388 967
389 1447
389 1618
390 696
390 889
390 1413
391 414
391 1652
392 505
392 784
392 813
392 879
392 1091
392 1315
392 1445
392 1541
393 608
393 748
393 1113
394 636
394 1643
395 1132
396 1748
396 1796
397 1262
397 1367
397 1374
398 523
398 1790
399 631
399 880
399 968
399 1169
399 1443
399 1507
399 1646
399 1662
399 1679
400 1119
400 1737
400 1799
401 526
401 1470
401 1727
402 427
402 1660
403 495
403 1287
403 1759
404 929
404 1380
405 1262
405 1502
405 1737
406 414
406 1245
407 462
407 1244
408 510
408 1748
409 1147
410 1144
410 1222
410 1229
410 1271
411 809
411 826
412 536
412 611
412 718
412 1237
412 1255
412 1311
412 1430
412 1598
412 1619
414 461
414 540
414 620
414 788
414 1053
414 1332
414 1353
415 439
415 512
415 1520
416 671
416 828
416 1756
417 722
417 990
417 1289
418 693
418 1407
419 1538
419 1618
420 858
420 1663
421 1060
421 1119
421 1248
422 660
422 695
422 710
422 1035
422 1169
422 1249
422 1273
422 1308
422 1370
422 1545
423 553
423 1143
423 1698
424 727
425 796
425 1618
426 882
426 1378
426 1520
427 640
427 899
427 1323
427 1375
427 1512
427 1521
427 1670
427 1754
429 1278
429 1644
429 1743
430 833
430 1654
430 1775
431 855
431 1381
432 762
432 856
432 888
432 960
432 1093
432 1258
432 1627
432 1729
433 435
433 482
433 586
433 1108
433 1154
433 1718
433 1772
434 1727
435 1426
436 809
436 948
436 1409
437 1530
437 1663
437 1743
438 636
438 985
438 998
439 475
439 497
439 700
439 846
439 954
439 1189
439 1250
439 1343
439 1466
439 1692
440 804
440 1405
441 600
441 756
442 1142
442 1672
442 1727
443 796
443 1167
443 1409
444 1165
444 1426
444 1453
445 894
445 1462
445 1680
446 1390
446 1794
447 1386
447 1393
447 1759
448 927
448 1743
449 1142
449 1178
449 1702
450 570
450 800
450 848
450 1037
450 1050
450 1115
450 1175
450 1404
450 1586
451 839
451 918
451 939
451 1106
451 1372
451 1556
451 1596
451 1648
451 1686
452 748
452 1432
453 476
453 566
453 580
453 973
453 1121
453 1377
453 1382
453 1733
454 559
454 631
454 720
454 1309
454 1332
454 1458
455 465
455 599
455 655
455 757
455 1093
455 1270
455 1508
455 1600
456 1338
457 600
457 957
457 1432
458 584
458 1294
458 1643
459 608
459 1533
460 969
460 1500
461 684
461 828
462 676
462 780
462 820
462 931
462 1094
462 1120
462 1230
462 1371
462 1767
463 1071
463 1154
463 1180
463 1333
463 1353
463 1637
463 1782
464 889
465 608
465 1216
466 601
466 728
466 829
466 1002
466 1097
466 1109
466 1252
466 1335
466 1576
466 1668
467 736
467 1330
467 1763
468 929
468 1756
469 541
469 847
471 669
471 1143
471 1538
472 808
472 927
472 1143
473 502
473 836
473 951
474 948
474 998
474 1680
475 1012
476 1572
476 1643
477 594
477 763
477 826
478 1374
478 1703
479 947
479 1759
480 612
480 648
481 1143
481 1463
483 495
483 970
483 1179
484 696
484 1594
485 1502
485 1680
485 1774
486 671
487 1611
488 865
488 1113
488 1142
489 952
489 1090
490 1621
490 1799
491 643
492 543
493 507
493 929
493 1165
494 858
494 1391
494 1451
495 582
495 685
495 758
495 1008
495 1020
495 1083
495 1162
495 1592
496 1235
496 1350
497 745
497 1663
498 541
498 623
499 756
499 1503
500 523
500 1390
501 696
501 1128
502 856
502 941
502 971
502 1122
502 1271
502 1285
502 1567
502 1587
502 1639
502 1649
502 1732
503 716
503 1698
504 1348
504 1531
504 1557
505 951
505 1289
506 808
506 1593
507 563
507 719
507 848
507 1010
507 1123
507 1261
507 1428
507 1571
507 1708
508 1126
508 1516
509 1218
509 1274
509 1731
510 652
510 740
510 883
510 999
510 1203
510 1275
510 1285
510 1323
510 1634
510 1688
511 836
511 1594
511 1763
512 562
512 777
512 979
512 1001
512 1153
512 1679
513 799
513 1611
514 752
514 1032
514 1779
515 833
516 537
516 889
516 1660
517 722
517 1462
517 1737
518 925
518 1056
518 1206
518 1335
518 1428
518 1455
518 1518
518 1720
519 779
520 521
520 529
520 767
520 798
520 1115
520 1314
520 1349
520 1547
520 1765
521 573
521 1594
522 543
522 1164
522 1178
523 797
523 806
523 899
523 932
523 1047
523 1545
523 1688
523 1706
523 1797
524 944
524 1680
525 824
525 844
525 995
525 1006
525 1084
525 1345
525 1461
525 1492
525 1755
526 538
526 653
526 776
526 904
526 1051
526 1082
526 1255
526 1620
526 1716
527 535
527 550
528 574
528 817
528 1028
528 1173
528 1299
528 1325
528 1349
528 1535
528 1578
528 1746
529 1629
530 1090
530 1214
531 716
531 808
531 1088
533 790
533 1617
533 1794
534 597
534 929
535 721
535 864
535 1098
535 1264
535 1489
535 1518
535 1642
536 858
537 670
537 678
537 709
537 943
537 1067
537 1205
537 1469
537 1688
538 553
538 1663
539 826
539 969
539 1703
540 1391
541 563
541 702
541 838
541 876
541 1404
541 1517
541 1609
542 1494
542 1794
543 571
543 941
543 986
543 1058
543 1203
543 1263
543 1324
544 550
545 1244
545 1779
546 836
546 1200
547 569
547 724
547 1024
547 1068
547 1168
547 1232
547 1368
547 1460
547 1726
548 585
548 729
548 823
548 934
548 1093
548 1156
548 1359
548 1547
549 1287
549 1326
549 1483
550 800
550 843
550 1065
550 1105
550 1149
550 1193
550 1546
550 1651
551 847
551 1090
551 1274
552 684
552 1245
552 1713
553 1297
553 1315
553 1339
553 1696
553 1780
553 1781
554 847
554 1660
554 1775
555 1005
555 1409
555 1643
556 1046
556 1705
557 736
557 1790
558 1200
558 1795
559 1426
559 1713
560 752
560 1579
561 643
561 1167
562 745
563 1694
564 703
564 1244
564 1698
565 957
565 1381
566 752
567 684
567 1463
568 1348
568 1405
568 1661
569 1293
569 1405
570 933
571 711
572 990
572 1530
572 1759
573 668
573 726
573 729
573 753
573 805
573 863
573 920
573 1306
573 1505
573 1633
574 1643
575 777
575 794
575 908
575 1027
575 1412
575 1428
575 1492
575 1505
575 1569
575 1604
576 1216
576 1672
576 1710
577 1032
577 1753
578 1128
578 1330
579 1435
579 1465
579 1495
579 1504
579 1615
579 1649
580 1330
581 1218
581 1446
582 1470
582 1533
583 1088
583 1176
583 1274
584 815
584 870
584 1058
584 1067
584 1102
584 1104
584 1191
584 1295
584 1512
585 809
586 828
587 756
587 1210
587 1698
588 933
588 1672
589 955
590 1413
590 1424
590 1763
591 643
591 836
591 1147
592 636
592 782
592 1376
593 980
593 994
593 1727
594 739
594 800
594 920
594 978
594 1118
594 1121
594 1331
594 1788
595 1411
595 1617
595 1680
596 994
597 660
597 706
597 741
597 816
597 903
597 1024
597 1301
597 1477
597 1628
597 1684
598 632
598 1731
599 977
599 1378
600 603
600 721
600 840
600 878
600 921
600 1103
600 1110
600 1681
600 1695
600 1719
601 1262
601 1680
602 892
602 994
602 1005
603 855
603 1143
604 1390
604 1405
604 1743
605 1326
605 1502
605 1769
606 1248
607 1338
607 1480
607 1756
608 663
608 1018
608 1074
608 1198
608 1519
608 1535
608 1585
608 1751
609 1005
609 1439
609 1799
610 649
610 727
610 763
611 1293
611 1439
612 619
612 655
612 688
612 746
612 898
612 1352
612 1444
613 1101
613 1164
613 1409
614 809
614 1660
615 697
615 1330
615 1367
616 1753
616 1774
617 632
617 812
617 1407
618 742
618 793
618 1248
619 1289
619 1393
621 1618
621 1660
621 1795
622 1538
622 1629
623 749
623 856
623 1047
623 1199
623 1435
623 1622
623 1624
624 807
624 846
624 904
624 1070
624 1177
624 1758
625 1530
626 847
626 1618
627 1424
627 1516
627 1528
628 888
628 1275
628 1327
628 1344
628 1484
628 1504
628 1715
628 1766
629 1128
629 1424
629 1594
630 809
630 1594
630 1672
631 1494
632 753
632 866
632 884
632 1175
632 1193
632 1377
632 1491
632 1560
632 1631
633 1216
633 1393
634 992
634 1287
635 1557
635 1611
636 849
636 945
636 1408
636 1612
636 1627
636 1717
637 1376
638 733
639 1453
641 980
641 1479
641 1483
642 696
642 1402
643 884
643 906
643 976
643 1081
643 1118
643 1566
643 1637
643 1740
644 1775
645 970
645 1378
645 1393
646 779
646 1660
647 763
648 873
648 1033
648 1133
648 1196
648 1265
648 1366
648 1534
648 1707
649 843
649 853
649 879
649 902
649 1232
649 1780
650 658
650 663
650 712
650 819
650 1111
650 1174
650 1201
650 1211
650 1765
651 763
651 1463
653 703
653 704
654 1240
654 1463
654 1630
655 1386
656 977
656 1283
657 756
657 1407
657 1591
658 809
658 1411
659 892
660 736
661 1426
661 1722
662 1158
662 1439
663 1447
664 1064
664 1470
665 894
665 1630
665 1769
666 1702
666 1790
667 1705
669 795
669 960
669 987
669 1124
669 1215
669 1341
670 711
670 1516
671 714
671 974
671 1097
671 1136
671 1342
671 1772
672 1451
672 1753
673 1440
673 1451
673 1743
674 808
674 1000
674 1381
675 907
675 984
675 1091
675 1156
675 1260
675 1268
675 1360
675 1641
676 683
676 1064
677 1060
677 1528
677 1579
679 704
679 763
680 1350
680 1611
680 1735
681 722
681 1126
682 998
682 1210
682 1728
683 846
683 886
683 1019
683 1063
683 1117
683 1136
683 1162
683 1561
683 1668
683 1681
684 719
684 940
684 973
684 1202
684 1329
684 1568
684 1580
685 1158
685 1356
686 1405
686 1440
686 1446
687 738
687 1185
688 1158
688 1701
689 927
689 1703
690 933
690 982
691 1005
691 1248
691 1390
692 894
692 990
692 1126
693 867
693 976
693 1078
693 1134
693 1211
693 1325
693 1379
693 1382
693 1416
693 1429
693 1481
694 717
694 772
694 835
694 1019
694 1266
694 1444
694 1543
694 1721
694 1750
695 1088
695 1728
696 823
696 946
696 1055
696 1191
696 1313
696 1445
696 1784
697 997
697 1025
697 1029
697 1078
697 1219
697 1370
697 1377
697 1583
698 779
698 833
699 1432
700 1557
701 1735
701 1753
702 1060
702 1338
703 769
703 1029
703 1209
703 1228
703 1473
703 1476
703 1493
703 1690
704 1026
704 1063
704 1149
704 1189
704 1220
704 1383
704 1657
704 1764
705 799
705 1672
706 1090
707 1099
707 1463
708 1480
708 1621
709 1235
710 865
711 922
711 946
711 1038
711 1253
711 1259
711 1360
711 1456
711 1513
711 1529
711 1670
712 1422
712 1643
713 793
713 865
713 1338
714 808
714 1132
715 1233
715 1531
715 1652
716 764
716 827
716 993
716 1148
716 1236
716 1301
716 1398
716 1486
717 1470
717 1520
718 1661
719 1705
720 865
720 1390
721 1012
722 792
722 1003
722 1009
722 1122
722 1484
722 1575
722 1605
723 1113
723 1164
723 1553
724 1480
725 985
725 1294
726 1278
726 1326
727 939
727 973
727 1135
727 1251
727 1257
727 1392
727 1651
728 980
728 1185
729 1101
730 967
730 1064
730 1185
731 745
731 947
731 1796
732 787
732 898
732 938
732 1072
732 1161
732 1242
732 1312
732 1434
732 1485
732 1539
733 758
733 775
733 1052
733 1187
733 1363
733 1398
733 1464
733 1750
733 1782
734 1283
734 1356
734 1386
735 933
735 1463
736 781
736 866
736 923
736 1121
736 1379
736 1387
736 1690
736 1778
737 892
737 1617
738 874
738 884
738 1096
738 1172
738 1331
738 1580
738 1720
739 967
739 1694
740 796
741 1790
742 821
742 839
742 900
742 903
742 953
742 1022
742 1448
742 1460
742 1545
742 1791
743 1380
743 1426
744 756
744 1629
744 1779
745 787
745 830
745 1008
745 1018
745 1043
745 1266
745 1549
745 1777
746 947
746 1032
747 809
747 1661
747 1694
748 768
748 883
748 1049
748 1134
748 1241
748 1316
748 1613
748 1638
749 1386
750 1176
750 1654
751 948
751 1737
752 910
752 1159
752 1394
752 1511
752 1729
753 1216
754 804
754 951
755 782
755 1500
756 769
756 991
756 1081
756 1120
756 1358
756 1496
757 1579
757 1594
758 1794
759 969
759 1143
760 1701
760 1759
760 1769
761 796
761 912
762 790
762 882
763 1175
763 1272
763 1489
763 1682
763 1738
764 1593
766 1446
766 1644
766 1727
767 1660
768 1618
768 1654
769 808
770 889
770 1748
771 1245
771 1447
771 1779
772 1356
772 1769
773 1533
773 1663
774 812
774 1274
774 1470
775 985
775 1701
777 1753
778 1164
778 1369
778 1756
779 786
779 965
779 1316
779 1351
779 1355
779 1488
779 1601
780 855
781 1369
782 825
782 854
782 895
782 1022
782 1160
782 1355
782 1677
782 1679
782 1689
783 1176
784 927
785 1731
786 1693
789 998
789 1411
789 1737
790 825
790 949
790 1133
790 1280
790 1312
790 1361
790 1468
791 1245
792 1769
793 896
793 1387
793 1389
793 1457
793 1665
793 1678
794 980
794 1453
795 1099
795 1643
796 1004
796 1031
796 1074
796 1211
796 1570
797 1060
798 1694
799 805
799 891
799 926
799 1013
799 1141
799 1461
801 1470
801 1743
802 933
802 1500
803 1391
803 1727
804 881
804 893
804 1037
804 1042
804 1066
804 1220
804 1311
804 1474
805 969
806 1748
807 1743
808 842
808 1087
808 1385
808 1550
808 1659
808 1781
809 1028
809 1037
809 1157
809 1306
809 1687
810 1003
810 1029
810 1270
810 1304
810 1442
810 1602
811 865
811 1790
812 844
812 983
812 1098
812 1118
812 1206
812 1329
812 1417
812 1704
813 1386
813 1516
814 1618
815 1516
815 1748
816 1439
817 1376
817 1422
818 1390
818 1422
819 1378
820 957
821 933
822 865
822 1440
823 1235
824 1479
824 1502
826 876
826 1054
826 1546
826 1560
826 1708
827 1274
827 1795
828 857
828 1151
828 1223
828 1288
828 1346
828 1431
828 1490
829 1621
829 1774
830 1378
831 1338
832 912
832 1411
832 1553
833 1129
833 1201
833 1239
833 1325
833 1357
833 1519
833 1634
833 1691
834 1654
834 1770
835 977
835 1179
836 1321
836 1496
836 1609
836 1715
837 1240
837 1245
837 1557
838 1591
838 1776
839 1326
840 1274
841 892
841 982
841 1572
842 1147
842 1210
844 963
845 992
845 1293
845 1451
847 999
847 1243
847 1256
847 1522
847 1532
849 947
850 912
850 1326
850 1702
851 952
851 1132
851 1185
852 1274
852 1432
852 1770
853 967
853 1463
854 865
855 1014
855 1031
855 1316
855 1559
855 1564
857 1779
858 909
858 1418
858 1459
858 1595
858 1632
859 1128
859 1374
859 1774
860 1088
860 1090
861 1000
861 1176
862 1283
862 1413
862 1579
863 1397
863 1727
864 967
864 1479
865 1213
865 1786
867 889
868 882
868 1132
868 1654
869 1593
869 1728
869 1790
870 1374
871 994
871 1422
871 1538
872 1147
872 1591
873 1759
874 980
874 1064
875 1405
875 1753
876 1380
877 1453
877 1705
878 1214
879 1530
880 1178
880 1397
881 1101
881 1694
882 1018
882 1166
882 1256
882 1320
882 1564
882 1785
885 1119
885 1705
885 1794
886 1502
887 1248
887 1748
888 1060
889 1007
889 1156
889 1559
889 1658
889 1685
889 1740
890 1326
890 1672
891 933
892 1076
892 1150
892 1488
892 1511
892 1650
892 1677
893 1516
894 1171
894 1327
894 1406
894 1551
894 1639
894 1664
894 1724
894 1798
895 1618
895 1693
896 1088
897 963
897 1218
901 955
901 1661
902 927
903 992
904 1210
905 929
905 1453
906 1710
906 1731
907 1128
907 1262
909 1557
910 1643
911 1790
912 964
912 1023
912 1141
912 1213
912 1241
912 1507
912 1519
913 1143
913 1770
914 929
914 1240
914 1799
915 1381
915 1698
916 1483
916 1680
917 1147
917 1503
917 1629
918 1142
919 1278
920 977
921 1244
922 1032
922 1553
923 1099
923 1710
924 1374
924 1763
925 1453
926 1113
926 1763
927 1277
927 1501
927 1552
927 1709
929 1154
929 1332
929 1556
929 1725
929 1745
929 1749
930 1520
931 1274
932 1422
932 1494
933 1251
933 1296
933 1505
933 1689
934 1591
934 1763
935 1502
935 1621
936 967
937 969
938 1262
940 1294
940 1453
942 985
942 1440
943 955
943 1402
944 1080
944 1170
944 1400
944 1449
944 1556
944 1626
944 1752
945 1579
947 949
947 975
947 981
947 996
947 1190
947 1475
948 1174
948 1184
948 1349
948 1415
948 1442
948 1771
949 1557
950 1165
950 1380
951 1067
951 1107
951 1310
951 1344
951 1544
951 1670
951 1787
952 981
952 1148
952 1161
952 1196
952 1514
952 1597
952 1602
952 1684
952 1712
953 1790
954 1553
954 1796
955 1291
955 1321
955 1456
955 1474
955 1509
955 1512
955 1567
956 1432
956 1727
957 1044
957 1236
957 1403
957 1471
957 1487
957 1522
957 1536
958 1090
958 1293
958 1338
959 1240
959 1326
959 1500
961 1618
961 1660
962 1447
962 1775
963 972
963 1040
963 1069
963 1181
963 1573
963 1681
963 1720
963 1738
964 1164
964 1233
965 1795
967 972
967 1026
967 1070
967 1392
967 1560
968 1390
969 1022
969 1027
969 1497
970 978
970 1019
970 1034
970 1036
970 1410
970 1491
970 1600
970 1633
970 1751
971 1553
974 1350
974 1713
975 1735
976 1235
977 1020
977 1117
977 1182
977 1499
977 1739
978 1672
979 1702
980 1098
980 1195
980 1454
980 1573
980 1590
980 1656
982 987
982 1103
982 1135
982 1371
982 1574
982 1709
982 1781
984 1413
985 1083
985 1204
985 1280
985 1395
985 1647
985 1736
985 1742
986 1531
986 1796
987 1693
988 1164
988 1617
988 1737
989 1000
989 1012
989 1502
990 1036
990 1040
990 1264
990 1277
990 1281
990 1298
992 1290
992 1464
992 1619
992 1711
993 1293
994 1056
994 1345
994 1406
994 1420
994 1596
995 1630
995 1727
996 1356
997 1790
998 1276
998 1373
998 1441
998 1468
998 1473
998 1482
998 1650
999 1200
1000 1151
1000 1226
1000 1563
1000 1607
1000 1668
1000 1718
1001 1446
1001 1530
1002 1142
1002 1287
1003 1621
1005 1111
1005 1224
1005 1290
1005 1515
1005 1578
1005 1706
1006 1185
1006 1483
1007 1374
1007 1594
1008 1218
1009 1369
1009 1680
1011 1531
1011 1735
1012 1020
1012 1034
1012 1097
1012 1438
1012 1540
1012 1721
1013 1178
1013 1367
1014 1132
1015 1101
1016 1090
1016 1593
1016 1698
1017 1167
1017 1235
1021 1101
1021 1629
1021 1660
1023 1763
1024 1500
1025 1167
1025 1763
1026 1165
1027 1672
1028 1164
1030 1479
1030 1731
1031 1775
1032 1295
1032 1324
1032 1366
1032 1418
1032 1434
1033 1774
1034 1701
1035 1776
1038 1643
1039 1380
1039 1694
1040 1644
1041 1143
1041 1572
1041 1693
1042 1348
1042 1451
1044 1088
1044 1132
1045 1126
1045 1779
1046 1059
1046 1284
1046 1468
1046 1562
1046 1592
1046 1612
1046 1750
1047 1119
1048 1756
1049 1178
1050 1101
1051 1390
1051 1451
1052 1090
1053 1796
1054 1453
1055 1703
1055 1776
1056 1278
1057 1099
1057 1330
1057 1350
1059 1293
1059 1701
1060 1192
1060 1340
1060 1427
1060 1467
1060 1577
1060 1589
1060 1649
1061 1446
1061 1451
1061 1494
1062 1294
1062 1661
1064 1084
1064 1105
1064 1206
1064 1272
1064 1298
1064 1438
1064 1667
1064 1719
1065 1463
1069 1470
1071 1447
1073 1262
1073 1753
1074 1178
1075 1248
1075 1494
1076 1422
1076 1630
1077 1294
1077 1402
1078 1128
1079 1240
1080 1240
1081 1424
1082 1530
1083 1293
1084 1731
1085 1660
1085 1775
1086 1713
1086 1796
1087 1530
1088 1510
1088 1671
1089 1439
1089 1500
1090 1384
1090 1403
1090 1550
1092 1119
1092 1480
1092 1680
1094 1214
1094 1432
1095 1439
1095 1769
1096 1274
1096 1644
1099 1202
1099 1247
1099 1257
1099 1394
1099 1481
1099 1631
1099 1744
1100 1735
1101 1125
1101 1173
1101 1174
1101 1537
1102 1553
1103 1654
1104 1376
1104 1705
1105 1479
1106 1557
1107 1661
1108 1391
1108 1796
1109 1737
1110 1147
1110 1165
1111 1376
1112 1233
1112 1528
1113 1207
1113 1263
1113 1357
1113 1443
1113 1569
1114 1402
1114 1643
1114 1705
1115 1661
1116 1702
1117 1701
1119 1395
1119 1449
1119 1474
1119 1544
1119 1555
1120 1165
1123 1294
1124 1779
1126 1199
1126 1229
1126 1292
1126 1340
1126 1352
1128 1141
1128 1565
1128 1569
1128 1778
1129 1330
1129 1409
1130 1494
1130 1702
1131 1713
1132 1365
1132 1472
1132 1542
1132 1607
1132 1676
1134 1409
1136 1483
1137 1178
1137 1233
1137 1411
1138 1451
1138 1661
1139 1244
1139 1503
1140 1775
1142 1347
1142 1396
1142 1507
1142 1791
1143 1221
1143 1251
1143 1511
1143 1767
1144 1287
1145 1262
1145 1611
1146 1210
1146 1462
1147 1230
1147 1246
1147 1666
1147 1768
1152 1210
1152 1446
1153 1611
1155 1210
1155 1244
1157 1629
1158 1368
1158 1608
1158 1664
1160 1643
1161 1774
1162 1216
1163 1775
1163 1795
1164 1388
1164 1765
1165 1336
1165 1682
1165 1760
1165 1785
1166 1795
1167 1201
1167 1225
1167 1685
1167 1744
1167 1778
1168 1287
1170 1756
1171 1369
1171 1621
1172 1407
1172 1710
1173 1411
1176 1318
1176 1385
1176 1514
1176 1536
1176 1564
1176 1683
1177 1294
1178 1184
1178 1565
1178 1604
1178 1691
1178 1786
1179 1181
1179 1189
1179 1252
1179 1342
1179 1423
1179 1719
1179 1758
1179 1793
1180 1713
1181 1770
1182 1710
1183 1503
1183 1572
1184 1553
1185 1489
1185 1568
1185 1683
1190 1520
1190 1652
1191 1348
1192 1289
1192 1503
1193 1694
1194 1210
1194 1617
1194 1776
1195 1380
1196 1262
1197 1326
1198 1409
1199 1503
1200 1334
1200 1577
1200 1586
1200 1645
1200 1708
1200 1783
1203 1528
1204 1391
1204 1494
1207 1397
1207 1702
1208 1278
1208 1391
1208 1432
1209 1776
1210 1583
1210 1584
1210 1764
1212 1407
1212 1447
1213 1397
1214 1317
1214 1417
1214 1498
1214 1671
1214 1676
1216 1281
1216 1322
1216 1721
1216 1762
1216 1793
1217 1283
1217 1369
1218 1298
1218 1417
1218 1543
1218 1599
1218 1642
1218 1716
1219 1710
1220 1294
1221 1530
1222 1369
1222 1737
1223 1447
1224 1494
1226 1722
1227 1538
1227 1775
1228 1369
1232 1769
1233 1253
1233 1285
1233 1295
1233 1343
1233 1548
1233 1766
1234 1235
1234 1374
1234 1413
1235 1523
1235 1754
1237 1390
1237 1446
1238 1369
1238 1393
1240 1288
1240 1302
1240 1506
1240 1791
1241 1378
1242 1520
1242 1796
1244 1566
1244 1659
1244 1741
1244 1760
1245 1354
1245 1364
1245 1648
1246 1770
1247 1572
1248 1273
1248 1323
1248 1414
1248 1747
1249 1500
1250 1533
1254 1294
1254 1380
1255 1440
1258 1432
1258 1572
1259 1294
1259 1376
1260 1367
1261 1426
1262 1399
1262 1418
1262 1784
1263 1411
1264 1470
1265 1520
1266 1644
1267 1654
1268 1776
1269 1294
1269 1794
1274 1542
1275 1553
1276 1794
1277 1356
1278 1347
1278 1419
1278 1454
1278 1554
1278 1716
1278 1755
1279 1386
1279 1503
1282 1748
1283 1352
1283 1602
1283 1751
1283 1762
1286 1293
1287 1406
1287 1444
1287 1575
1287 1636
1288 1735
1289 1291
1289 1433
1289 1622
1289 1674
1289 1798
1290 1480
1292 1356
1292 1393
1293 1458
1296 1694
1296 1703
1297 1759
1299 1447
1300 1520
1303 1794
1304 1411
1304 1722
1305 1350
1305 1557
1305 1753
1306 1413
1307 1753
1309 1407
1310 1402
1310 1748
1312 1735
1317 1770
1319 1617
1319 1629
1319 1693
1320 1579
1321 1528
1324 1402
1326 1443
1326 1786
1328 1520
1328 1531
1328 1663
1329 1479
1330 1697
1330 1740
1330 1789
1333 1390
1333 1702
1334 1453
1334 1694
1335 1479
1336 1795
1337 1391
1337 1652
1337 1713
1338 1398
1338 1626
1341 1432
1341 1579
1342 1502
1344 1424
1346 1713
1348 1360
1348 1375
1348 1692
1348 1714
1350 1416
1350 1632
1350 1658
1351 1447
1351 1660
1353 1426
1354 1503
1355 1538
1356 1366
1356 1478
1356 1485
1356 1636
1356 1696
1358 1770
1359 1367
1359 1424
1361 1376
1362 1397
1363 1439
1363 1451
1367 1379
1369 1415
1369 1583
1372 1480
1373 1776
1374 1513
1375 1652
1376 1394
1376 1452
1376 1610
1376 1761
1378 1526
1378 1691
1378 1746
1378 1762
1380 1421
1380 1492
1380 1586
1381 1671
1381 1712
1381 1792
1383 1661
1383 1705
1386 1427
1386 1509
1386 1551
1386 1605
1388 1462
1388 1722
1389 1728
1390 1562
1390 1647
1391 1450
1391 1562
1391 1675
1393 1465
1393 1597
1396 1483
1396 1769
1397 1506
1397 1554
1397 1576
1397 1608
1397 1686
1399 1483
1399 1621
1400 1426
1401 1693
1401 1775
1402 1452
1402 1548
1403 1795
1404 1453
1405 1459
1405 1464
1405 1620
1407 1685
1407 1768
1407 1788
1408 1794
1409 1640
1409 1761
1412 1611
1412 1663
1413 1537
1414 1422
1414 1440
1415 1722
1419 1446
1419 1470
1420 1693
1421 1705
1422 1527
1422 1653
1422 1726
1424 1517
1424 1567
1424 1768
1425 1693
1426 1477
1427 1779
1429 1763
1430 1611
1431 1722
1432 1570
1432 1634
1434 1759
1435 1528
1436 1531
1436 1553
1437 1531
1438 1770
1439 1448
1439 1527
1440 1606
1440 1675
1440 1706
1441 1693
1442 1756
1445 1728
1446 1657
1449 1621
1451 1614
1453 1461
1454 1630
1455 1630
1456 1748
1457 1593
1457 1776
1458 1593
1462 1508
1462 1597
1462 1690
1463 1596
1463 1733
1465 1594
1466 1735
1470 1487
1470 1549
1471 1770
1475 1533
1476 1743
1477 1756
1478 1530
1479 1514
1479 1738
1479 1792
1480 1527
1480 1749
1482 1538
1483 1540
1483 1608
1483 1669
1484 1629
1487 1731
1490 1503
1493 1617
1493 1728
1494 1598
1494 1620
1495 1572
1497 1694
1498 1795
1500 1686
1500 1747
1501 1698
1502 1590
1509 1703
1510 1776
1510 1790
1515 1630
1515 1693
1516 1555
1516 1587
1516 1674
1516 1715
1516 1757
1518 1731
1520 1585
1523 1660
1523 1748
1524 1680
1524 1799
1525 1701
1525 1794
1526 1533
1528 1724
1528 1787
1529 1705
1530 1574
1531 1561
1531 1758
1531 1777
1533 1539
1533 1543
1533 1700
1536 1593
1537 1672
1538 1623
1539 1652
1541 1694
1546 1710
1547 1672
1549 1701
1552 1759
1554 1672
1555 1661
1557 1707
1558 1753
1563 1713
1566 1591
1568 1731
1572 1610
1572 1723
1573 1731
1574 1698
1575 1630
1576 1769
1579 1732
1581 1799
1582 1779
1587 1591
1588 1591
1591 1645
1591 1787
1593 1655
1593 1676
1593 1782
1595 1774
1598 1743
1599 1727
1599 1743
1603 1617
1604 1763
1607 1698
1609 1728
1611 1614
1611 1625
1612 1617
1613 1775
1616 1713
1617 1623
1617 1736
1617 1771
1621 1771
1622 1779
1628 1722
1629 1639
1629 1650
1629 1741
1633 1710
1635 1756
1636 1701
1641 1763
1641 1774
1644 1667
1644 1700
1645 1728
1648 1735
1653 1693
1654 1658
1654 1767
1662 1663
1666 1779
1669 1737
1669 1774
1674 1703
1675 1794
1677 1775
1678 1702
1700 1701
1701 1793
1703 1780
1704 1710
1705 1742
1711 1769
1713 1745
1714 1735
1722 1725
1723 1779
1726 1799
1730 1795
1731 1788
1734 1799
1737 1752
1743 1764
1747 1790
1760 1770
1763 1784
