1440 3456
0 338
0 1177
0 1276
1 504
1 1085
1 1278
2 21
2 743
2 965
3 409
3 576
3 657
4 51
4 210
4 241
4 261
4 319
4 364
4 474
4 599
4 964
4 982
4 1181
4 1293
5 51
5 178
5 277
5 302
5 416
5 494
5 838
5 904
5 913
5 969
5 1285
5 1437
6 504
6 736
6 934
7 213
7 502
7 517
8 260
8 577
8 1174
9 271
9 687
9 1154
10 220
10 249
10 756
11 844
11 1140
11 1316
12 564
12 1325
12 1410
13 39
13 1015
13 1379
14 167
14 394
14 1435
15 424
15 1334
15 1358
16 148
16 190
16 235
16 363
16 724
16 752
16 843
16 1042
16 1084
16 1269
16 1326
16 1437
17 39
17 1139
17 1154
18 114
18 225
18 267
18 282
18 355
18 643
18 703
18 885
18 1001
18 1075
18 1156
18 1386
19 260
19 296
19 1140
20 264
20 421
20 1096
21 170
21 214
21 226
21 301
21 649
21 924
21 974
21 1056
21 1100
21 1288
21 1383
22 128
22 577
22 1276
23 405
23 1101
23 1286
24 94
24 729
24 1309
25 185
25 259
25 429
25 557
25 785
25 872
25 874
25 967
25 1102
25 1199
25 1308
25 1327
26 323
26 657
26 863
27 33
27 350
27 943
28 552
28 1214
28 1306
29 761
29 780
29 1330
30 1062
30 1294
30 1380
31 97
31 635
31 721
32 1024
32 1225
32 1318
33 37
33 459
33 462
33 587
33 763
33 897
33 1010
33 1064
33 1091
33 1253
33 1420
34 844
34 1028
34 1352
35 713
35 864
35 1292
36 424
36 433
36 837
37 512
37 1369
38 1094
38 1104
38 1133
39 337
39 507
39 548
39 779
39 818
39 899
39 1007
39 1018
39 1063
39 1338
40 531
40 1000
40 1423
41 128
41 252
41 1278
42 166
42 766
42 1028
43 94
43 232
43 1185
44 95
44 657
44 1133
45 378
45 568
45 1358
46 859
46 861
46 1207
47 99
47 512
47 1361
48 668
48 1079
48 1332
49 88
49 251
49 362
49 448
49 510
49 588
49 589
49 628
49 708
49 806
49 982
49 1311
50 880
50 1047
50 1219
51 1165
52 642
52 1246
52 1352
53 221
53 495
53 597
54 159
54 721
54 956
55 157
55 182
55 401
55 477
55 520
55 838
55 839
55 1064
55 1328
55 1349
55 1364
55 1422
56 291
56 861
56 985
57 535
57 539
57 646
58 504
58 668
58 844
59 370
59 380
59 422
59 431
59 582
59 754
59 1105
59 1155
59 1175
59 1231
59 1281
59 1383
60 439
60 648
60 859
61 247
61 503
61 1096
62 675
62 736
62 1286
63 512
63 1286
63 1310
64 151
64 400
64 1219
65 261
65 527
65 529
65 656
65 752
65 862
65 865
65 909
65 973
65 1303
65 1312
65 1349
66 73
66 1041
66 1306
67 341
67 376
67 419
67 526
67 829
67 842
67 1040
67 1059
67 1202
67 1269
67 1342
67 1404
68 128
68 518
68 1309
69 94
69 266
69 291
70 176
70 222
70 229
70 352
70 579
70 613
70 740
70 874
70 1016
70 1061
70 1189
70 1399
71 299
71 381
71 1101
72 815
72 1267
72 1300
73 107
73 226
73 246
73 796
73 803
73 1073
73 1146
73 1193
73 1224
73 1241
73 1323
74 675
74 756
74 859
75 175
75 282
75 311
75 372
75 514
75 641
75 781
75 826
75 1082
75 1178
75 1333
75 1439
76 99
76 354
76 1104
77 249
77 581
77 761
78 424
78 780
78 1209
79 156
79 261
79 355
79 538
79 853
79 879
79 913
79 948
79 1186
79 1227
79 1251
79 1301
80 350
80 555
80 1058
81 221
81 672
81 1258
82 128
82 217
82 291
83 121
83 665
83 729
84 120
84 296
84 1139
85 291
85 1207
85 1260
86 220
86 933
86 957
87 421
87 687
87 1122
88 252
88 816
89 101
89 635
89 1334
90 618
90 739
90 1286
91 356
91 531
91 749
92 512
92 672
92 1058
93 121
93 570
93 1058
94 316
94 599
94 647
94 789
94 1179
94 1215
94 1345
94 1353
94 1393
95 284
95 664
95 666
95 772
95 820
95 830
95 832
95 887
95 984
95 1216
95 1321
96 825
96 1174
96 1198
97 191
97 358
97 501
97 548
97 746
97 854
97 908
97 919
97 944
97 1071
97 1109
98 268
98 939
98 956
99 204
99 207
99 438
99 479
99 598
99 686
99 817
99 966
99 1007
99 1166
100 354
100 381
100 912
101 127
101 152
101 328
101 414
101 629
101 695
101 732
101 814
101 915
101 1018
101 1110
102 174
102 816
102 1209
103 193
103 1024
103 1230
104 128
104 816
104 1225
105 464
105 568
105 671
106 227
106 642
106 995
107 687
107 1325
108 1024
108 1315
108 1363
109 132
109 315
109 347
109 528
109 691
109 845
109 899
109 960
109 972
109 1277
109 1360
109 1433
110 1000
110 1041
110 1142
111 234
111 1219
111 1238
112 220
112 400
112 535
113 149
113 151
113 400
114 577
114 934
115 260
115 602
115 1435
116 482
116 848
116 1238
117 141
117 153
117 231
117 313
117 317
117 329
117 669
117 923
117 1037
117 1076
117 1112
117 1336
118 296
118 458
118 1379
119 234
119 322
119 870
120 277
120 289
120 290
120 532
120 666
120 764
120 797
120 862
120 883
120 1247
120 1327
121 152
121 486
121 707
121 763
121 812
121 889
121 966
121 1005
121 1150
121 1290
122 816
122 884
122 1316
123 1085
123 1140
123 1325
124 760
124 771
124 1343
125 344
125 1113
125 1188
126 244
126 581
126 1361
127 556
127 1332
128 241
128 831
128 991
128 1060
128 1196
128 1262
128 1337
129 884
129 1062
129 1132
130 189
130 338
130 1085
131 458
131 495
131 575
132 359
132 1352
133 495
133 956
133 1270
134 368
134 836
134 1197
135 252
135 1133
135 1309
136 933
136 1142
136 1214
137 408
137 1246
137 1380
138 271
138 456
138 646
139 377
139 410
139 465
139 474
139 610
139 1048
139 1051
139 1191
139 1210
139 1235
139 1302
139 1321
140 359
140 518
140 1174
141 1234
141 1258
142 409
142 720
142 939
143 247
143 648
143 1316
144 383
144 433
144 1278
145 880
145 939
145 1423
146 166
146 266
146 1435
147 1113
147 1214
147 1320
148 663
148 1230
149 269
149 292
149 452
149 516
149 674
149 688
149 782
149 905
149 1026
149 1256
149 1434
150 244
150 837
150 1330
151 169
151 331
151 365
151 375
151 634
151 834
151 1030
151 1045
151 1187
151 1192
152 1361
153 1101
153 1272
154 404
154 1050
154 1354
155 611
155 1352
155 1358
156 1279
156 1309
157 192
157 193
158 159
158 409
158 1197
159 525
159 537
159 824
159 906
159 946
159 1054
159 1077
159 1138
159 1388
159 1404
160 408
160 424
160 1320
161 285
161 340
161 420
161 643
161 654
161 860
161 944
161 970
161 1277
161 1307
161 1378
161 1388
162 213
162 743
162 1032
163 374
163 1047
163 1260
164 409
164 1104
164 1234
165 394
165 530
165 863
166 438
166 472
166 484
166 644
166 877
166 914
166 1018
166 1151
166 1298
166 1415
167 358
167 505
167 508
167 601
167 712
167 1090
167 1095
167 1108
167 1237
167 1425
167 1433
168 374
168 672
168 793
169 743
169 825
170 502
170 756
171 296
171 531
171 933
172 734
172 761
172 1002
173 405
173 859
173 965
174 306
174 307
174 343
174 585
174 678
174 742
174 748
174 873
174 898
174 1148
174 1281
175 577
175 1382
176 1343
176 1395
177 659
177 668
177 1354
178 385
178 1418
179 408
179 1032
179 1096
180 1104
180 1292
180 1358
181 264
181 281
181 943
182 201
182 458
183 281
183 394
183 1049
184 1352
184 1354
184 1435
185 291
185 439
186 1188
186 1343
186 1363
187 597
187 1246
187 1270
188 244
188 965
188 1002
189 507
189 559
189 591
189 619
189 796
189 858
189 888
189 917
189 1011
189 1339
189 1424
190 861
190 1379
191 602
191 1198
192 275
192 287
192 295
192 407
192 522
192 731
192 1043
192 1138
192 1152
192 1221
192 1371
193 496
193 706
193 769
193 792
193 798
193 1023
193 1076
193 1129
193 1206
193 1374
194 249
194 383
194 965
195 344
195 734
195 743
196 864
196 1133
196 1234
197 412
197 741
197 1332
198 404
198 564
198 1278
199 956
199 1379
199 1423
200 359
200 729
200 1382
201 216
201 490
201 498
201 554
201 651
201 807
201 1134
201 1150
201 1204
201 1366
201 1426
202 231
202 527
202 698
202 699
202 810
202 838
202 1121
202 1171
202 1249
202 1289
202 1319
202 1402
203 729
203 1174
203 1246
204 864
204 1094
205 432
205 864
205 1358
206 881
206 1085
206 1294
207 903
207 1381
208 322
208 482
208 1219
209 354
209 767
209 815
210 943
210 1145
211 212
211 1300
211 1352
212 277
212 420
212 569
212 768
212 808
212 935
212 980
212 1108
212 1232
212 1253
212 1312
213 225
213 364
213 529
213 683
213 775
213 907
213 938
213 975
213 1285
213 1429
214 392
214 535
215 244
215 1297
215 1381
216 597
216 685
217 300
217 312
217 362
217 393
217 426
217 619
217 644
217 1081
217 1179
217 1190
217 1407
218 552
218 1244
218 1297
219 518
219 766
219 1035
220 431
220 443
220 497
220 546
220 857
220 890
220 992
220 1066
220 1255
221 233
221 413
221 540
221 696
221 852
221 1171
221 1239
221 1251
221 1371
221 1429
222 392
222 965
223 234
223 1049
223 1244
224 685
224 912
224 1279
225 483
226 456
227 543
227 595
227 716
227 774
227 845
227 919
227 949
227 1218
227 1229
227 1257
227 1313
228 531
228 700
228 1139
229 780
229 1306
230 570
230 1047
230 1101
231 354
232 241
232 445
232 563
232 806
232 812
232 868
232 1001
232 1053
232 1195
232 1350
232 1407
233 659
233 1197
234 332
234 351
234 373
234 387
234 758
234 828
234 905
234 988
234 1314
235 672
235 1101
236 271
236 1214
236 1330
237 713
237 1272
237 1352
238 458
238 721
238 939
239 323
239 943
239 1304
240 432
240 1142
240 1258
242 728
242 1297
242 1356
243 412
243 864
243 1234
244 478
244 549
244 600
244 625
244 702
244 950
244 1102
244 1428
245 760
245 844
245 1410
246 1244
246 1304
247 393
247 447
247 480
247 557
247 634
247 828
247 1003
247 1195
247 1217
247 1259
248 539
248 739
248 1291
249 348
249 414
249 422
249 748
249 950
249 966
249 1057
249 1189
249 1236
250 344
250 502
250 965
251 291
251 766
252 313
252 427
252 571
252 727
252 900
252 964
252 1031
252 1308
252 1353
253 392
253 1101
253 1291
254 1062
254 1085
254 1291
255 685
255 720
255 1294
256 483
256 659
256 934
257 385
257 761
257 1343
258 359
258 642
258 1267
259 1207
259 1363
260 446
260 485
260 738
260 778
260 1014
260 1070
260 1075
260 1183
260 1414
262 597
262 700
262 1379
263 288
263 884
263 1278
264 533
264 716
264 726
264 847
264 855
264 999
264 1048
264 1068
264 1168
264 1420
265 271
265 502
265 1297
266 390
266 448
266 480
266 609
266 658
266 888
266 1013
266 1337
266 1340
266 1350
267 495
267 729
268 369
268 487
268 722
268 784
268 824
268 830
268 883
268 899
268 1109
268 1168
268 1335
269 636
269 1316
270 848
270 1278
270 1316
271 411
271 515
271 565
271 835
271 917
271 924
271 1115
271 1169
272 848
272 985
272 1220
273 404
273 816
273 1380
274 761
274 1297
274 1361
275 323
275 385
276 483
276 1165
276 1382
278 350
278 458
278 1431
279 464
279 1033
279 1418
280 749
280 1274
280 1330
281 334
281 382
281 395
281 428
281 513
281 676
281 692
281 960
281 1071
281 1213
282 503
283 556
283 934
283 1028
284 1104
284 1292
285 530
285 1174
286 539
286 761
286 965
287 728
287 1395
288 292
288 545
288 584
288 620
288 624
288 711
288 725
288 941
288 1135
288 1199
288 1217
289 815
289 1279
290 521
290 648
291 532
291 800
291 893
291 894
291 952
291 1128
292 816
293 338
293 1316
293 1354
294 518
294 903
294 1300
295 575
295 659
296 324
296 526
296 751
296 781
296 954
296 993
296 1054
296 1097
297 642
297 863
297 1300
298 458
298 700
298 1033
299 349
299 413
299 508
299 605
299 849
299 853
299 975
299 1037
299 1117
299 1135
299 1390
300 1177
300 1325
301 552
301 1062
302 439
302 815
303 760
303 816
303 848
304 466
304 1113
304 1209
305 687
305 837
305 1113
306 433
306 636
307 957
307 1000
308 462
308 492
308 567
308 626
308 638
308 796
308 835
308 847
308 1136
308 1212
308 1259
308 1373
309 504
309 575
309 1197
310 568
310 794
310 1258
311 556
311 1435
312 1334
312 1435
313 1318
314 368
314 864
314 1094
315 524
315 721
316 816
316 1363
317 912
317 1094
318 502
318 552
318 1304
319 1079
319 1356
320 577
320 771
320 1096
321 555
321 1145
321 1309
322 365
322 375
322 386
322 388
322 431
322 452
322 742
322 988
322 1160
322 1342
323 511
323 631
323 680
323 774
323 1135
323 1161
323 1213
323 1287
323 1417
324 439
324 1000
325 642
325 741
325 1198
326 531
326 859
326 1343
327 405
327 521
327 734
328 354
328 864
329 1225
329 1315
330 659
330 720
330 1270
331 539
331 771
332 539
332 1035
333 356
333 432
333 1104
334 1274
334 1356
335 1049
335 1142
335 1395
336 359
336 575
336 597
337 642
337 721
338 514
338 551
338 709
338 711
338 1070
338 1097
338 1176
338 1282
338 1284
339 368
339 576
339 1172
340 939
340 1230
341 881
341 1318
342 939
342 1133
342 1197
343 1050
343 1139
344 580
344 1052
344 1089
344 1115
344 1119
344 1224
344 1231
344 1245
344 1403
345 495
345 564
345 780
346 1035
346 1096
346 1310
347 665
347 863
348 793
348 1172
349 693
349 760
350 407
350 416
350 437
350 554
350 706
350 973
350 978
350 1289
350 1436
351 392
351 771
352 1304
352 1361
353 555
353 1079
353 1185
354 420
354 745
354 759
354 833
354 930
354 1012
354 1412
355 1220
356 369
356 377
356 384
356 499
356 574
356 586
356 590
356 762
356 942
356 1247
357 837
357 1209
357 1332
358 359
359 398
359 714
359 866
359 1001
359 1239
359 1405
360 859
360 1188
360 1260
361 374
361 458
361 1423
362 859
363 570
363 1027
364 1279
365 848
366 495
366 518
366 1382
367 521
367 861
367 1188
368 427
368 522
368 537
368 586
368 673
368 833
368 887
368 1181
368 1348
369 439
370 1172
370 1381
371 780
371 1320
371 1332
372 700
372 1140
373 502
373 825
374 751
374 892
374 986
374 1063
374 1141
374 1175
374 1252
374 1326
374 1397
375 1230
376 456
376 1276
377 1041
378 479
378 499
378 594
378 608
378 673
378 759
378 772
378 930
378 936
378 1110
378 1153
379 517
379 646
379 1188
380 646
380 1002
381 496
381 705
381 727
381 810
381 813
381 996
381 1022
381 1184
381 1385
381 1387
382 555
382 1122
383 386
383 467
383 473
383 488
383 562
383 786
383 1143
383 1155
383 1162
383 1228
384 1145
384 1214
385 621
385 682
385 702
385 752
385 840
385 874
385 1044
385 1413
385 1419
386 793
387 400
387 1230
388 741
388 880
389 632
389 1267
389 1272
390 729
390 1035
391 825
391 1271
391 1295
392 606
392 625
392 634
392 753
392 769
392 1231
392 1389
392 1438
393 729
394 436
394 493
394 553
394 620
394 788
394 891
394 1036
394 1176
394 1313
395 530
395 1354
396 1085
396 1154
396 1410
397 1140
397 1177
397 1315
398 780
398 1380
399 602
399 671
399 934
400 489
400 758
400 886
400 898
400 1039
400 1155
400 1167
400 1202
401 597
401 1431
402 648
402 761
402 1395
403 439
403 700
403 933
404 481
404 493
404 566
404 662
404 718
404 738
404 1157
404 1178
404 1371
405 453
405 498
405 896
405 1128
405 1159
405 1170
405 1182
405 1200
405 1366
406 663
406 881
406 1276
407 1294
408 451
408 468
408 549
408 561
408 579
408 650
408 866
408 994
408 1136
409 574
409 608
409 871
409 964
409 984
409 1012
409 1043
409 1268
410 424
410 668
411 466
411 1306
412 486
412 573
412 759
412 809
412 876
412 914
412 947
412 959
412 1236
412 1338
413 1165
414 903
415 912
415 1142
415 1292
416 912
417 439
417 576
417 749
418 439
418 1139
418 1423
419 700
419 939
421 768
421 978
421 1005
421 1021
421 1029
421 1114
421 1212
421 1305
421 1392
421 1422
422 681
423 517
423 1165
423 1244
424 560
424 629
424 667
424 809
424 817
424 1092
424 1151
425 632
425 995
425 1297
426 1028
426 1137
427 1185
428 657
428 693
429 521
429 531
430 729
430 903
430 995
432 594
432 640
432 664
432 1083
432 1147
432 1153
432 1248
432 1249
432 1296
433 533
433 670
433 684
433 850
433 890
433 929
433 994
433 1210
433 1362
434 521
434 618
434 756
435 767
435 836
435 1219
436 504
436 1050
437 597
437 1286
438 524
439 832
439 922
439 1093
439 1312
440 483
440 618
440 1286
441 747
441 995
441 1267
442 934
442 1310
442 1382
443 636
443 1320
444 552
444 581
444 743
445 665
445 903
446 503
446 1382
447 482
447 539
448 521
449 570
449 575
449 912
450 564
450 881
450 1291
451 517
451 687
452 482
453 736
453 1431
454 483
454 848
454 1188
455 720
455 836
455 1133
456 471
456 660
456 679
456 997
456 1034
456 1052
456 1055
456 1129
456 1434
457 957
457 1145
457 1332
458 696
458 902
458 946
458 1335
458 1405
459 747
459 1260
460 1027
460 1047
460 1369
461 861
461 1033
461 1047
462 1122
463 1028
463 1260
463 1292
464 640
464 901
464 940
464 952
464 1021
464 1130
464 1253
464 1317
464 1326
464 1367
465 466
465 576
466 500
466 615
466 757
466 762
466 803
466 822
466 850
466 1216
466 1265
467 636
467 1209
468 761
468 1149
469 659
469 816
469 1085
470 648
470 1207
470 1225
471 880
471 1318
472 632
472 821
473 756
473 1381
474 555
475 524
475 1033
475 1132
476 1058
476 1096
476 1122
477 1058
477 1356
478 1271
478 1343
479 1234
480 518
481 844
481 957
482 604
482 614
482 689
482 753
482 945
482 1039
482 1167
482 1208
483 498
483 735
483 1107
483 1178
483 1183
483 1186
483 1256
484 681
484 1306
485 1410
485 1423
486 1381
487 1274
487 1306
488 734
488 1361
489 556
489 663
490 512
490 577
491 766
491 1154
491 1177
492 517
492 780
493 668
494 685
494 1258
495 563
495 601
495 650
495 746
495 972
495 1391
496 870
497 734
497 1381
499 1292
500 933
500 1295
501 1246
501 1267
502 689
502 948
502 1067
502 1080
502 1187
502 1323
503 510
503 603
503 622
503 626
503 1060
503 1150
503 1345
503 1375
503 1376
504 694
504 852
504 1183
504 1221
504 1264
504 1408
504 1439
505 747
505 1300
506 794
506 1049
506 1271
507 933
508 713
509 884
509 1188
509 1220
510 1315
511 1197
511 1271
512 541
512 558
512 603
512 814
512 868
512 1029
512 1236
513 681
513 728
514 1423
515 1041
515 1149
516 1207
516 1220
517 649
517 653
517 684
517 1164
517 1245
517 1265
517 1301
518 558
518 588
518 599
518 885
518 889
518 1190
519 693
519 1197
519 1395
520 1258
520 1279
521 940
521 1093
521 1106
521 1179
521 1203
521 1262
522 939
523 1015
523 1315
523 1410
524 573
524 591
524 677
524 732
524 791
524 986
524 1109
524 1124
524 1368
525 870
525 1198
526 836
527 685
528 556
528 1198
529 1185
530 595
530 621
530 689
530 1030
530 1118
530 1314
530 1346
530 1386
530 1394
531 800
531 830
531 904
531 961
531 980
531 1303
532 1343
533 1079
534 555
534 728
534 1304
535 562
535 723
535 742
535 777
535 892
535 987
535 1057
535 1065
535 1089
536 767
536 825
536 1382
537 720
538 1032
538 1244
539 613
539 792
539 1119
539 1266
539 1383
539 1428
540 912
540 1369
541 729
541 1300
542 1165
542 1174
542 1220
543 1122
543 1356
544 665
544 1297
544 1358
545 611
545 693
546 793
546 1238
547 1300
547 1304
547 1358
548 749
549 1306
550 552
550 1041
550 1330
551 1015
551 1318
552 559
552 638
552 801
552 822
552 1052
552 1144
553 1316
553 1410
554 956
555 716
555 737
555 841
555 1064
555 1114
555 1417
556 701
556 809
556 908
556 1166
556 1342
556 1378
556 1414
557 760
558 665
559 687
560 632
560 1137
561 821
561 1209
562 1238
563 1174
564 679
564 866
564 937
564 1011
564 1023
564 1072
564 1282
564 1408
565 743
565 1304
566 575
566 720
567 577
567 1035
568 699
568 772
568 942
568 1008
568 1019
568 1088
568 1111
568 1254
568 1406
569 665
569 1267
570 583
570 690
570 723
570 1029
570 1091
570 1171
570 1175
570 1421
571 648
571 1188
572 597
572 1033
572 1423
573 1334
574 681
575 652
575 698
575 775
575 853
575 981
575 1280
576 592
576 883
576 961
576 979
576 989
576 1153
576 1341
576 1406
577 628
577 789
577 1003
577 1283
577 1290
578 602
578 642
578 767
579 1330
580 756
580 1244
581 740
581 802
581 841
581 910
581 1169
581 1287
581 1323
581 1355
581 1401
582 1033
582 1369
583 739
583 1418
584 728
584 1272
585 1278
585 1320
586 657
587 815
587 861
588 1185
589 1276
589 1310
590 1133
590 1172
591 1000
592 681
592 1133
593 821
593 1050
593 1079
594 713
595 844
596 728
596 863
596 1172
597 751
597 824
597 1087
597 1416
598 635
598 1137
600 780
600 1149
601 642
602 629
602 641
602 686
602 886
602 947
602 1059
602 1160
602 1277
603 1431
604 743
604 1049
605 632
605 1352
606 646
606 793
607 1041
607 1139
607 1295
608 1094
609 1028
609 1334
610 943
610 1185
611 631
611 819
611 895
611 923
611 1022
611 1227
611 1237
611 1280
611 1322
611 1429
612 780
612 1096
612 1113
613 734
614 1230
614 1238
615 1139
615 1142
616 848
616 881
616 1015
617 1002
617 1027
617 1291
618 661
618 773
618 807
618 893
618 928
618 1127
618 1134
618 1163
618 1275
619 1015
620 1140
621 794
622 903
622 1286
623 657
623 1137
623 1306
624 648
624 771
625 734
626 771
627 657
627 793
627 1381
628 1318
630 672
630 739
630 1047
631 1316
632 790
632 802
632 936
632 1008
632 1147
632 1237
632 1398
633 713
633 1137
633 1332
635 691
635 784
635 914
635 1120
635 1180
635 1243
635 1252
635 1339
635 1372
636 662
636 725
636 831
636 1072
636 1123
636 1264
636 1311
636 1353
637 747
637 861
637 1058
638 1154
639 663
639 836
639 1423
640 1028
641 1028
642 676
642 784
642 1124
642 1378
643 825
644 671
645 646
645 743
645 756
646 801
646 804
646 1017
646 1073
646 1080
646 1240
647 766
647 859
648 702
648 776
648 800
648 846
648 1016
649 985
650 1085
651 675
651 1220
652 956
652 1246
653 837
653 1096
654 836
654 870
655 675
655 1027
655 1286
656 1271
656 1418
657 877
657 1057
657 1105
657 1218
657 1384
658 1015
658 1154
659 770
659 891
659 1014
659 1046
659 1072
659 1333
660 1291
660 1380
661 734
661 859
662 1085
663 875
663 954
663 1004
663 1006
663 1034
663 1077
663 1086
663 1160
664 864
665 676
665 715
665 919
665 1355
665 1398
665 1425
666 749
667 957
667 1079
668 857
668 976
668 1127
668 1148
668 1182
668 1223
668 1228
669 870
669 1291
670 1041
670 1113
671 823
671 867
671 1013
671 1036
671 1078
671 1082
671 1095
671 1248
671 1414
672 698
672 750
672 754
672 763
672 783
672 1065
672 1392
673 1234
674 1015
674 1062
675 717
675 765
675 894
675 1107
675 1201
675 1203
675 1223
675 1426
677 933
677 1154
678 756
678 1361
679 1294
680 720
680 1395
681 774
681 811
681 851
681 887
681 920
681 987
681 1194
682 825
682 1142
683 1220
683 1382
684 1214
685 731
685 733
685 897
685 902
685 918
685 1114
685 1206
686 1332
687 951
687 955
687 1003
687 1376
687 1411
687 1420
688 760
688 1278
690 793
690 1033
691 749
692 825
692 844
693 811
693 841
693 911
693 1099
693 1125
693 1152
693 1257
693 1419
694 957
694 1354
695 741
695 821
696 1246
697 1132
697 1140
697 1318
699 1142
700 710
700 797
700 958
700 1070
700 1077
700 1141
701 880
701 1238
703 736
703 1165
704 1145
704 1185
704 1356
705 1318
705 1363
706 720
707 1310
707 1431
708 1278
708 1363
709 1325
709 1380
710 934
710 1410
711 844
712 1272
712 1358
713 932
713 1019
713 1074
713 1151
713 1261
713 1322
713 1355
714 837
714 1085
715 747
715 1352
717 1050
717 1295
718 934
718 1220
719 903
719 1058
719 1369
720 839
720 852
720 1103
720 1419
721 755
721 832
721 961
721 1068
721 1247
721 1344
721 1416
722 1122
722 1330
723 1379
724 1033
724 1260
725 848
726 863
726 1356
727 1315
728 849
728 895
728 1103
728 1218
728 1401
728 1413
729 827
729 982
729 991
730 825
730 863
730 1354
731 1291
732 1137
733 956
733 1431
734 748
734 894
734 1056
734 1080
735 884
735 1207
736 738
736 782
736 879
736 926
736 938
736 1134
736 1233
736 1333
737 863
737 1274
739 769
739 968
739 1022
739 1037
739 1042
739 1201
739 1366
739 1370
740 1381
741 778
741 817
741 875
741 944
741 1082
741 1202
741 1359
741 1360
743 1193
743 1301
743 1314
743 1351
744 912
744 1024
744 1234
745 1024
745 1258
746 1352
747 862
747 904
747 922
747 970
747 1021
747 1173
747 1412
749 931
749 946
749 999
749 1087
749 1124
749 1377
750 1027
750 1418
753 1035
754 1379
755 1122
755 1306
756 1128
756 1399
756 1428
756 1438
757 794
757 1000
758 848
760 776
760 895
760 1123
760 1161
760 1176
760 1226
761 872
761 953
761 1396
761 1438
762 1079
764 933
764 1423
765 794
765 957
766 827
766 858
766 867
766 1020
766 1195
766 1262
766 1409
767 808
767 906
767 908
767 927
767 1173
767 1331
767 1360
767 1386
768 861
770 1278
770 1380
771 827
771 945
771 951
771 967
771 1190
771 1350
773 1050
773 1142
775 1272
776 1035
777 1172
777 1361
778 1028
779 1033
779 1177
780 1273
780 1362
780 1411
781 1410
782 1188
783 912
783 1270
785 1188
785 1225
786 816
786 1320
787 821
787 1137
787 1358
788 1028
788 1267
789 1315
790 1332
790 1334
791 1139
791 1325
792 1027
793 898
793 925
793 1119
793 1194
793 1288
794 1083
794 1127
794 1200
794 1211
794 1242
794 1319
794 1329
795 1140
795 1154
795 1380
797 1000
798 881
798 1380
799 1177
799 1318
799 1410
801 881
802 1300
803 1330
804 985
804 1113
805 880
805 1062
805 1276
806 1309
807 1027
808 1094
810 1234
811 863
812 1300
813 1027
813 1272
814 1381
815 1130
815 1222
815 1303
815 1305
815 1307
815 1324
815 1425
816 890
816 1408
818 1000
818 1325
819 1024
819 1101
820 1041
820 1079
821 947
821 976
821 1009
821 1051
821 1166
821 1261
821 1362
822 1149
823 1267
823 1354
825 1208
825 1242
825 1313
826 1174
826 1310
828 1002
829 1062
829 1315
831 1363
833 1104
834 1002
834 1035
835 1325
836 958
836 1043
836 1335
836 1377
836 1416
836 1430
837 937
837 953
837 1009
837 1061
837 1373
837 1391
839 1291
840 1049
840 1295
842 1047
842 1230
843 1271
843 1279
844 1038
844 1046
844 1095
844 1400
845 1300
846 985
846 1363
847 1058
848 926
848 997
848 1250
849 1316
850 1032
851 1137
851 1149
854 863
854 995
855 1145
855 1320
856 1260
856 1379
856 1418
857 1139
858 1132
859 1327
859 1337
859 1367
860 1049
860 1382
861 1078
861 1111
861 1296
861 1397
863 1263
863 1400
864 942
864 1008
864 1012
864 1341
865 1165
865 1309
867 1334
868 995
869 1079
869 1122
869 1320
870 916
870 1006
870 1039
870 1040
870 1045
870 1084
870 1331
871 1225
871 1309
872 1271
873 965
873 1381
875 1238
876 1094
876 1104
877 1330
878 880
878 1230
878 1418
879 1382
880 886
880 958
880 1054
880 1084
880 1126
881 924
881 1026
881 1126
881 1205
881 1224
882 1101
882 1369
882 1418
884 988
884 1055
884 1123
884 1167
884 1192
884 1205
884 1233
885 1246
888 1177
889 995
891 957
892 1369
893 965
896 1027
896 1431
897 1356
900 1024
900 1276
901 1292
901 1435
902 1286
903 959
903 1091
903 1204
903 1283
903 1392
905 1238
906 1230
907 1113
907 1244
909 1047
909 1395
910 995
910 1358
911 1304
911 1356
912 1083
912 1254
912 1349
913 1185
915 1104
915 1234
916 1024
916 1294
917 1096
918 943
918 1058
920 1330
920 1334
921 1133
921 1185
921 1225
922 1279
923 1027
925 1369
925 1379
926 1207
927 1049
927 1174
928 1101
928 1431
929 1145
929 1274
930 1133
931 1122
931 1149
932 995
932 1304
933 1148
933 1162
933 1180
933 1211
934 977
934 1097
934 1359
934 1375
935 1058
935 1260
936 1292
937 1246
938 1174
939 954
939 1069
939 1087
939 1331
940 1207
941 1354
941 1410
943 983
943 1125
943 1229
943 1263
943 1401
943 1422
945 1002
948 1113
949 1049
949 1354
950 1304
951 1310
952 1188
953 1306
955 1058
955 1274
956 993
956 1141
956 1239
956 1328
956 1377
957 1051
957 1143
957 1159
957 1275
959 1361
960 995
962 1132
962 1276
962 1410
963 1137
963 1172
963 1330
965 1017
965 1066
965 1203
967 1316
968 1002
968 1294
969 1047
969 1271
970 1094
971 1032
971 1041
971 1320
972 1267
973 1258
974 1032
974 1188
975 1270
976 1145
977 1140
977 1423
978 1356
979 1079
979 1214
980 1279
981 1258
981 1369
983 1079
983 1309
984 1172
985 1106
985 1233
985 1256
985 1308
985 1367
985 1403
985 1432
986 1015
987 1381
989 1041
989 1145
990 1279
990 1395
990 1418
991 1185
992 1000
992 1050
993 1033
994 1332
995 1108
995 1222
996 1219
996 1294
997 1132
998 1032
998 1209
998 1214
999 1306
1000 1120
1000 1228
1000 1347
1002 1089
1002 1288
1002 1374
1002 1399
1004 1062
1004 1318
1005 1369
1006 1047
1007 1334
1009 1320
1010 1096
1010 1274
1011 1140
1013 1137
1014 1220
1015 1055
1015 1098
1015 1372
1015 1409
1016 1271
1017 1244
1019 1104
1020 1137
1020 1435
1023 1062
1024 1121
1024 1158
1024 1370
1024 1390
1025 1172
1025 1306
1025 1334
1026 1132
1027 1389
1027 1390
1028 1090
1028 1111
1030 1244
1031 1207
1031 1343
1032 1067
1032 1240
1032 1373
1032 1403
1032 1411
1033 1065
1033 1372
1034 1315
1035 1199
1035 1376
1035 1407
1035 1427
1036 1352
1038 1267
1038 1435
1040 1418
1041 1164
1041 1211
1042 1369
1044 1047
1044 1279
1045 1238
1046 1050
1047 1317
1048 1209
1049 1156
1049 1187
1049 1400
1050 1092
1050 1162
1050 1191
1050 1200
1053 1246
1053 1382
1056 1244
1058 1130
1059 1238
1060 1318
1061 1149
1062 1073
1062 1115
1062 1250
1063 1132
1066 1361
1067 1165
1068 1330
1069 1198
1069 1219
1071 1300
1074 1297
1074 1300
1075 1310
1076 1219
1078 1292
1079 1357
1081 1132
1081 1154
1085 1129
1085 1273
1086 1219
1086 1418
1088 1260
1088 1435
1090 1354
1092 1145
1093 1343
1094 1110
1094 1121
1094 1324
1094 1387
1096 1144
1096 1146
1098 1140
1098 1276
1099 1272
1099 1316
1100 1113
1100 1207
1101 1266
1101 1374
1101 1426
1102 1395
1103 1271
1104 1147
1104 1406
1105 1361
1106 1260
1107 1431
1112 1230
1112 1294
1113 1136
1113 1351
1116 1258
1116 1292
1116 1295
1117 1267
1117 1358
1118 1295
1118 1395
1120 1154
1122 1131
1122 1210
1122 1263
1125 1297
1126 1315
1131 1145
1131 1209
1132 1243
1132 1284
1132 1340
1133 1138
1133 1293
1137 1338
1139 1143
1139 1329
1139 1339
1140 1226
1142 1159
1142 1223
1142 1394
1144 1325
1145 1216
1146 1154
1149 1168
1149 1241
1149 1344
1149 1384
1149 1415
1152 1271
1154 1282
1156 1198
1157 1197
1157 1270
1158 1219
1158 1291
1161 1272
1163 1220
1163 1431
1164 1209
1165 1280
1165 1299
1165 1351
1165 1365
1169 1244
1170 1220
1170 1286
1172 1213
1172 1257
1172 1415
1173 1234
1174 1186
1174 1375
1177 1205
1177 1250
1177 1252
1177 1368
1177 1434
1180 1325
1181 1225
1182 1295
1184 1225
1184 1276
1185 1268
1185 1365
1189 1297
1191 1332
1192 1238
1193 1297
1194 1361
1196 1310
1196 1315
1197 1206
1197 1364
1197 1413
1197 1436
1198 1232
1198 1324
1198 1346
1198 1412
1198 1430
1201 1431
1204 1310
1207 1240
1207 1245
1208 1244
1209 1255
1209 1357
1212 1274
1214 1241
1214 1321
1214 1329
1214 1347
1215 1225
1215 1278
1217 1343
1219 1269
1219 1388
1220 1439
1221 1270
1222 1352
1225 1311
1225 1432
1226 1354
1227 1270
1229 1274
1230 1385
1230 1430
1232 1234
1234 1307
1235 1274
1235 1320
1238 1281
1242 1395
1243 1379
1246 1273
1246 1433
1248 1260
1249 1295
1251 1272
1254 1295
1255 1278
1258 1387
1258 1421
1259 1310
1260 1305
1261 1334
1264 1380
1265 1320
1266 1294
1267 1322
1268 1363
1270 1299
1270 1402
1270 1405
1270 1421
1271 1394
1272 1299
1272 1370
1274 1344
1274 1357
1275 1295
1276 1336
1276 1345
1279 1289
1279 1365
1283 1431
1284 1315
1285 1309
1286 1290
1286 1328
1287 1356
1291 1385
1291 1436
1292 1319
1292 1341
1293 1363
1294 1364
1294 1389
1295 1347
1296 1435
1297 1417
1298 1332
1298 1358
1302 1309
1302 1356
1304 1396
1304 1398
1309 1348
1310 1393
1316 1427
1317 1379
1318 1393
1325 1340
1325 1409
1334 1384
1336 1363
1343 1427
1343 1432
1346 1382
1348 1363
1359 1435
1368 1379
1369 1402
1380 1391
1380 1424
1381 1396
1395 1437
1397 1418
1404 1423
1410 1424
