3060 7344
0 73
0 975
0 2411
1 438
1 1668
1 3053
2 1487
2 2140
2 2845
3 856
3 858
3 1420
4 1521
4 1875
4 1969
5 949
5 2634
5 2650
6 1145
6 2795
6 2967
7 2411
7 2923
7 2986
8 647
8 2432
8 2540
9 340
9 524
9 1436
10 174
10 1114
10 2814
11 153
11 2217
11 2650
12 476
12 2230
12 2897
13 1040
13 1448
13 1953
14 1208
14 2039
14 2376
15 682
15 1447
15 2582
16 525
16 2336
16 2364
17 598
17 1595
17 2540
18 133
18 875
18 2153
19 2245
19 2345
19 2986
20 1765
20 2382
20 2911
21 157
21 229
21 478
21 1099
21 1222
21 1282
21 1722
21 1869
21 1912
21 2726
21 2955
21 3004
22 654
22 1603
22 1824
23 1075
23 1907
23 2811
24 340
24 377
24 749
25 255
25 891
25 1548
25 1709
25 1836
25 2030
25 2145
25 2223
25 2305
25 2653
25 2876
25 2926
26 33
26 92
26 769
26 1048
26 1785
26 2060
26 2123
26 2385
26 2422
26 2480
26 2518
26 2708
27 1251
27 1668
27 1980
28 377
28 1186
28 2088
29 520
29 738
29 826
29 888
29 1024
29 1252
29 1316
29 1518
29 1960
29 2231
29 2286
29 2450
30 1126
30 1167
30 1394
30 1582
30 1683
30 1736
30 2218
30 2581
30 2695
30 2816
30 2889
30 2924
31 1557
31 2650
31 3017
32 244
32 589
32 1091
33 226
33 546
34 1997
34 2002
34 2142
35 1884
35 1939
35 2633
36 99
36 1397
36 2568
37 46
37 858
37 2034
38 1735
38 1811
38 1965
39 1123
39 1795
39 1996
40 692
40 2424
40 2923
41 109
41 130
41 308
41 350
41 481
41 1607
41 2048
41 2353
41 2395
41 2536
41 2794
41 2804
42 1603
42 1905
42 2627
43 687
43 875
43 1884
44 88
44 162
44 332
44 770
44 909
44 1177
44 1182
44 1372
44 1400
44 1710
44 1867
44 2461
45 1680
45 1730
45 3036
46 245
46 392
46 505
46 771
46 822
46 894
46 1798
46 2481
46 2678
46 2789
46 2996
47 1552
47 2274
47 2331
48 517
48 758
48 1576
49 172
49 354
49 497
49 634
49 1301
49 1404
49 1624
49 2021
49 2081
49 2146
49 2402
49 3007
50 1146
50 1896
50 2064
51 603
51 757
51 1780
52 674
52 1434
52 2635
53 1365
53 1853
53 2251
54 913
54 1342
54 1758
55 138
55 1962
55 2690
56 386
56 794
56 2142
57 136
57 161
57 219
57 821
57 892
57 1203
57 1663
57 1822
57 2105
57 2349
57 2404
57 2958
58 1040
58 1136
58 1162
59 543
59 964
59 2550
60 191
60 794
60 2399
61 207
61 322
61 628
61 802
61 1551
61 1554
61 1850
61 2157
61 2166
61 2719
61 2799
61 2937
62 809
62 2935
62 2940
63 922
63 2258
63 2961
64 981
64 1349
64 1397
65 72
65 587
65 614
65 908
65 1545
65 1849
65 2111
65 2373
65 2468
65 2500
65 2507
65 2927
66 1091
66 1102
66 2432
67 166
67 668
67 2383
68 975
68 1521
68 2012
69 1020
69 1962
69 2939
70 94
70 1791
70 1943
71 251
71 595
71 2140
72 179
72 2113
73 135
73 228
73 833
73 905
73 1054
73 1292
73 1573
73 1581
73 2693
73 2713
73 2903
74 867
74 1091
74 2909
75 150
75 479
75 2891
76 1510
76 1527
76 1557
77 1397
77 1561
77 2435
78 87
78 348
78 998
78 1094
78 1401
78 1437
78 1719
78 2334
78 2396
78 2445
78 2791
78 2880
79 1077
79 1622
79 2815
80 309
80 1526
80 2307
81 799
81 1909
81 2399
82 758
82 879
82 1658
83 469
83 1020
83 2754
84 491
84 1304
84 2525
85 625
85 1939
85 2112
86 476
86 2307
86 2727
87 975
87 1759
88 1308
88 1655
89 509
89 696
89 1034
89 1088
89 1192
89 1269
89 1568
89 1840
89 1858
89 2593
89 2877
89 3056
90 1356
90 1422
90 1727
90 1728
90 1749
90 2090
90 2178
90 2544
90 2557
90 2597
90 2711
90 2984
91 129
91 132
91 378
91 672
91 895
91 1839
91 2014
91 2395
91 2479
91 2648
91 2752
91 3027
92 537
92 2406
93 943
93 1109
93 1669
94 147
94 181
94 489
94 986
94 1677
94 1902
94 1906
94 2453
94 2567
94 2813
94 2890
95 473
95 975
95 2424
96 557
96 1338
96 2497
97 441
97 748
97 1680
98 355
98 1408
98 2834
99 305
99 596
99 1326
99 1385
99 1395
99 1435
99 1443
99 1507
99 1623
99 2570
99 2945
100 688
100 1567
100 2406
101 1791
101 2378
101 2399
102 161
102 320
102 694
102 787
102 924
102 1716
102 2114
102 2117
102 2267
102 2269
102 2639
102 3019
103 1119
103 1853
103 2258
104 1128
104 1173
104 1929
105 450
105 2552
105 2819
106 582
106 1361
106 1456
107 382
107 576
107 1251
108 535
108 1982
108 2725
109 809
109 3035
110 479
110 1585
110 2364
111 256
111 1128
111 2921
112 654
112 1014
112 2471
113 513
113 797
113 1561
114 280
114 825
114 1243
115 201
115 1824
115 2493
116 1715
116 2126
116 2498
117 589
117 923
117 1733
118 858
118 1092
118 1603
119 1336
119 2142
119 2658
120 1175
120 2034
120 2649
121 235
121 881
121 1177
121 1421
121 1821
121 1985
121 2484
121 2537
121 2666
121 3002
121 3032
121 3048
122 788
122 1490
122 1545
122 1744
122 1840
122 2129
122 2130
122 2183
122 2346
122 2682
122 2728
122 2990
123 1066
123 1308
123 2015
124 1162
124 1724
124 2751
125 625
125 2616
125 2865
126 535
126 1012
126 2542
127 438
127 2525
127 2972
128 513
128 832
128 1162
129 1884
129 3017
130 1939
130 1996
131 930
131 1344
131 2252
132 441
132 886
133 670
133 812
133 938
133 1500
133 1505
133 1977
133 2052
133 2261
133 2529
133 2533
133 2830
134 719
134 2541
134 2718
135 1195
135 2499
136 749
136 2378
137 344
137 1101
137 2034
138 230
138 414
138 601
138 673
138 1339
138 1814
138 2144
138 2176
138 2256
138 2703
138 2856
139 1250
139 1388
139 1833
140 574
140 1544
140 2012
141 1361
141 1645
141 2406
142 399
142 2064
142 2571
143 309
143 453
143 1943
144 212
144 651
144 988
144 1134
144 1157
144 1355
144 1551
144 1721
144 1796
144 2455
144 2544
144 3007
145 188
145 253
145 345
145 597
145 629
145 1407
145 1480
145 1726
145 1826
145 1832
145 2292
145 2850
146 421
146 1408
146 1997
147 1778
147 1803
148 534
148 1325
148 1685
149 503
149 2534
149 2702
150 316
150 544
150 686
150 854
150 860
150 870
150 1159
150 1382
150 2320
150 2875
150 2907
151 783
151 1380
151 2120
152 1542
152 2012
152 2184
153 193
153 351
153 467
153 485
153 972
153 1207
153 1670
153 2050
153 2922
153 3018
153 3027
154 226
154 513
154 1780
155 1109
155 2383
155 2545
156 1563
156 1953
156 2751
157 2411
157 2499
158 223
158 1561
158 2342
159 1114
159 1128
159 2011
160 618
160 1424
160 2126
161 1102
162 298
162 2578
163 299
163 2194
163 2525
164 875
164 2024
164 2406
165 631
165 1552
165 1913
166 285
166 770
166 1030
166 1337
166 1401
166 1590
166 1712
166 1812
166 2032
166 2207
166 2437
167 173
167 1106
167 2142
168 2406
168 2886
168 2967
169 225
169 764
169 1001
169 1170
169 1192
169 1357
169 1396
169 1578
169 1643
169 2191
169 2373
169 2472
170 505
170 1414
170 1430
170 1740
170 1793
170 1807
170 2035
170 2182
170 2310
170 2557
170 2612
170 2953
171 1345
171 1962
171 2542
172 600
172 1155
173 711
173 938
173 1330
173 1439
173 1713
173 1788
173 1952
173 2076
173 2924
173 2948
173 3054
174 484
174 684
174 689
174 873
174 940
174 1039
174 1431
174 1829
174 2291
174 2457
174 2736
175 487
175 1549
175 1878
176 197
176 1114
176 1399
177 762
177 1256
177 1442
178 312
178 2675
178 2868
179 289
179 658
179 733
179 1096
179 1165
179 1290
179 1309
179 1747
179 1840
179 2060
179 2696
180 255
180 392
180 544
180 610
180 1015
180 1188
180 1316
180 1719
180 1972
180 2365
180 2640
180 2689
181 1021
181 1208
182 268
182 436
182 460
182 667
182 690
182 1494
182 1745
182 2375
182 2596
182 2699
182 2926
182 2992
183 299
183 2376
183 2935
184 352
184 382
184 1173
185 1155
185 2281
185 2664
186 829
186 1361
186 2722
187 1078
187 2325
187 2725
188 692
188 2972
189 251
189 1434
189 1874
190 473
190 1519
190 3014
191 921
191 1071
191 1103
191 1111
191 1299
191 1445
191 2077
191 2349
191 2407
191 2512
191 2763
192 475
192 700
192 1121
192 1287
192 1311
192 1651
192 1762
192 1826
192 2181
192 2341
192 2709
192 2974
193 296
193 799
194 2406
194 2540
194 2633
195 312
195 1168
195 1388
196 1909
196 2109
196 2754
197 313
197 418
197 556
197 934
197 1691
197 1738
197 2013
197 2676
197 2864
197 2918
197 2938
198 654
198 1715
198 2690
199 299
199 1308
199 2578
200 548
200 879
200 2397
201 287
201 330
201 614
201 690
201 847
201 1266
201 2338
201 2631
201 2708
201 2877
201 3043
202 668
202 1066
202 3047
203 374
203 423
203 613
203 1172
203 1223
203 1321
203 1533
203 1559
203 1834
203 2130
203 2760
203 2899
204 1175
204 2411
204 2442
205 482
205 2511
205 2700
206 649
206 1865
206 2490
207 753
207 1155
208 676
208 1336
208 1853
209 1106
209 2845
209 3013
210 387
210 1474
210 2845
211 806
211 987
211 1569
211 1606
211 1648
211 1663
211 1904
211 1906
211 1930
211 2465
211 2531
211 3016
212 358
212 1345
213 656
213 1138
213 1462
214 507
214 821
214 883
214 927
214 966
214 1196
214 1354
214 1917
214 1946
214 2279
214 2607
214 2618
215 2196
215 2525
215 2854
216 2124
216 2216
216 3025
217 396
217 2188
217 2986
218 583
218 2471
218 2671
219 312
219 1941
220 377
220 794
220 1078
221 649
221 2258
221 2795
222 609
222 1755
222 1969
223 339
223 620
223 887
223 911
223 965
223 1230
223 1269
223 1656
223 1843
223 1930
223 2468
224 442
224 488
224 705
224 1692
224 1763
224 1764
224 1926
224 1993
224 2025
224 2380
224 2459
224 2916
225 2112
225 2677
226 289
226 516
226 531
226 1142
226 1362
226 1617
226 1816
226 1951
226 2629
226 2737
227 387
227 469
227 1342
228 453
228 2188
229 453
229 2160
230 1374
230 1853
231 757
231 832
231 2541
232 543
232 674
232 1181
233 635
233 817
233 898
233 1237
233 1362
233 1371
233 2508
233 2558
233 2699
233 2758
233 2898
233 3058
234 1028
234 1145
234 1673
235 491
235 1073
236 399
236 1715
236 2939
237 299
237 609
237 2490
238 309
238 856
238 1077
239 508
239 1842
239 2510
240 463
240 1636
240 2814
241 618
241 748
241 1397
242 1680
242 2852
242 3017
243 441
243 1907
243 2852
244 405
244 449
244 552
244 560
244 1080
244 1970
244 2062
244 2179
244 2348
244 2504
244 2821
245 850
245 2161
246 1733
246 2161
246 2649
247 2041
247 2498
247 2825
248 682
248 2067
248 2502
249 1331
249 1561
249 2205
250 985
250 2819
250 2825
251 359
251 1158
251 1303
251 1548
251 1854
251 1897
251 2306
251 2369
251 2731
251 2859
252 1625
252 2039
252 2296
253 829
253 2312
254 1969
254 2067
254 2556
255 2397
256 363
256 533
256 1156
256 1379
256 1432
256 1616
256 1628
256 1701
256 1790
256 2354
256 2684
257 535
257 576
257 2036
258 413
258 2299
258 2847
259 546
259 794
259 2967
260 1811
260 1905
260 2161
261 677
261 1106
261 1325
262 2649
262 2723
262 2823
263 886
263 943
263 1527
264 344
264 856
264 2965
265 1150
265 1982
265 2331
266 1092
266 1965
266 3035
267 563
267 1735
267 2627
268 930
268 1824
269 541
269 2012
269 2552
270 487
270 943
270 3021
271 543
271 2382
271 2692
272 2001
272 2064
272 2342
273 2460
273 2589
273 2604
274 1244
274 1540
274 2976
275 1077
275 2598
275 2895
276 1012
276 1331
276 2685
277 1325
277 1408
277 2441
278 1109
278 2120
278 2382
279 1021
279 2502
279 2893
280 379
280 750
280 870
280 1089
280 1234
280 1797
280 2072
280 2099
280 2231
280 2257
280 2560
281 463
281 2002
281 2441
282 582
282 1077
282 2370
283 1101
283 1707
283 2627
284 799
284 1565
284 2435
285 890
285 1521
286 656
286 1865
286 2690
287 1206
287 2664
288 1314
288 1755
288 2921
289 801
290 537
290 2490
290 2746
291 692
291 2230
291 2633
292 845
292 2230
292 2345
293 2704
293 2787
293 2845
294 333
294 497
294 745
294 1049
294 2066
294 2094
294 2157
294 2597
294 2613
294 2626
294 2766
294 2824
295 797
295 801
295 1380
296 935
296 1045
296 1248
296 1346
296 1546
296 2071
296 2171
296 2533
296 2617
296 2732
296 2904
297 1724
297 1828
297 2819
298 401
298 456
298 1247
298 1333
298 1558
298 1602
298 1650
298 2038
298 2131
298 2744
298 2988
299 401
299 808
299 1249
299 1393
299 1924
299 2207
299 2537
299 2855
300 335
300 1542
300 2897
301 507
301 1532
301 1792
301 1841
301 1954
301 2264
301 2359
301 2379
301 2405
301 2512
301 2547
301 2779
302 453
302 1833
302 2568
303 1093
303 2331
303 2725
304 413
304 914
304 2325
305 2322
305 2897
306 377
306 1791
306 2281
307 428
307 862
307 1003
307 1236
307 1511
307 1834
307 2144
307 2186
307 2280
307 2572
307 2789
307 2936
308 590
308 837
309 437
309 536
309 1005
309 1453
309 1574
309 1575
309 2315
309 2505
309 2873
310 1735
310 1884
310 2616
311 598
311 1077
311 1680
312 791
312 1502
312 1534
312 1760
312 2419
312 2454
312 2710
312 3039
312 3051
313 719
313 1667
314 762
314 798
314 2502
315 846
315 2064
315 2865
316 825
316 1614
317 554
317 1186
317 2598
318 1153
318 1820
318 1943
319 1102
319 1349
319 2664
320 1004
320 2580
321 1181
321 2787
321 2911
322 1655
322 2723
323 563
323 858
323 1905
324 1700
324 2650
324 2909
325 618
325 668
325 2847
326 656
326 922
326 2376
327 1092
327 2627
327 2685
328 541
328 1828
328 2644
329 1388
329 2578
329 2589
330 875
330 1565
331 508
331 1939
331 2645
332 2490
332 3047
333 1007
333 1365
334 1450
334 1758
334 2165
335 349
335 585
335 640
335 1115
335 1270
335 1326
335 1705
335 2195
335 2288
335 2581
335 3059
336 798
336 1014
336 2499
337 573
337 578
337 638
337 1457
337 1492
337 1742
337 1787
337 1915
337 2176
337 2409
337 2628
337 3034
338 1155
338 1328
338 2126
339 1791
339 2939
340 398
340 742
340 928
340 987
340 1104
340 1122
340 1822
340 2059
340 2482
340 2594
341 582
341 2893
341 2965
342 1021
342 1875
342 2510
343 395
343 830
343 947
343 1615
343 1978
343 1998
343 2047
343 2151
343 2452
343 2506
343 2594
343 3043
344 435
344 722
344 774
344 1041
344 1053
344 1240
344 1750
344 1920
344 2260
344 2678
345 541
345 3014
346 1552
346 2112
346 2296
347 469
347 1512
347 2140
348 2644
348 2923
349 2196
349 2589
350 534
350 2580
351 985
351 1733
352 664
352 907
352 1370
352 1954
352 1959
352 1974
352 1983
352 2116
352 2337
352 2930
352 3040
353 534
353 2109
353 2940
354 1424
354 3030
355 418
355 587
355 714
355 1908
355 2075
355 2295
355 2457
355 2747
355 2769
355 2857
355 2877
356 850
356 1277
356 2965
357 1110
357 1279
357 3025
358 567
358 659
358 1095
358 1191
358 1666
358 1948
358 2094
358 2224
358 2239
358 2262
358 2472
359 1109
359 1576
360 627
360 1448
360 2378
361 625
361 2817
361 2845
362 2417
362 2909
362 2946
363 1724
363 1741
364 624
364 840
364 2589
365 936
365 1542
365 1759
366 476
366 2258
366 2967
367 508
367 1123
367 1563
368 886
368 1601
368 1735
369 554
369 1658
369 1791
370 589
370 1654
370 2417
371 1377
371 1612
371 2685
372 413
372 450
372 2180
373 688
373 1645
373 2153
374 1073
374 2064
375 393
375 1032
375 1034
375 1444
375 1570
375 1646
375 1868
375 1904
375 2206
375 2539
375 2750
375 2927
376 1433
376 2307
376 2322
377 787
377 1458
377 1534
377 2187
377 2372
377 2407
377 2531
377 2607
378 583
378 2909
379 1073
379 1169
380 824
380 1054
380 1302
380 1360
380 1686
380 2057
380 2368
380 2630
380 2774
380 2837
380 2888
380 3004
381 795
381 949
381 2053
382 410
382 448
382 569
382 1027
382 1373
382 1672
382 2219
382 2272
382 2670
382 2769
383 798
383 1657
383 2780
384 762
384 1420
384 2815
385 2299
385 2599
385 2690
386 419
386 492
386 961
386 1065
386 1511
386 1813
386 1921
386 2063
386 2226
386 2409
386 3009
387 531
387 1064
387 1879
387 1885
387 1934
387 1950
387 2098
387 2369
387 2822
387 3019
388 1442
388 2645
388 2893
389 447
389 1418
389 1923
390 2208
390 2235
390 2891
391 744
391 2490
391 2967
392 1119
393 981
393 2342
394 1585
394 1625
394 2296
395 2939
395 3021
396 478
396 490
396 718
396 1005
396 1059
396 1204
396 1292
396 1577
396 1790
396 2163
396 2934
397 916
397 2814
397 2847
398 438
398 447
399 440
399 725
399 750
399 1105
399 1172
399 1773
399 1805
399 2183
399 2287
399 3003
400 528
400 1007
400 1563
401 624
402 1730
402 1779
402 2370
403 618
403 1377
403 1603
404 1420
404 1779
404 2893
405 2283
405 2965
406 1199
406 2011
406 2823
407 1399
407 2718
407 2811
408 1377
408 1399
408 2847
409 1735
409 2161
409 3035
410 421
410 438
411 753
411 1874
411 2252
412 506
412 946
412 1103
412 1163
412 1221
412 1706
412 1917
412 2237
412 2358
412 2367
412 2393
412 2752
413 555
413 811
413 920
413 967
413 1321
413 1731
413 2058
413 2379
413 2753
414 1462
414 1527
415 886
415 1905
415 2616
416 1073
416 2196
416 2524
417 1542
417 2322
417 2345
418 1735
419 1344
419 1811
420 1700
420 1733
420 2471
421 614
421 940
421 1289
421 1858
421 1873
421 2013
421 2016
421 2423
421 2788
421 2806
422 631
422 922
422 2384
423 2819
423 2998
424 957
424 1020
424 1130
425 1765
425 2635
425 2891
426 1179
426 1527
426 1842
427 922
427 1997
427 2441
428 1336
428 1962
429 524
429 2511
429 2568
430 1259
430 1338
430 1645
431 1066
431 1397
431 2534
432 2064
432 2299
432 2854
433 2180
433 2304
433 2525
434 1929
434 2034
434 2270
435 525
435 2823
436 2370
436 2471
437 2342
437 2823
438 1081
438 1090
438 1273
438 1302
438 2295
438 2562
438 2666
438 2717
439 1175
439 1195
439 1549
440 469
440 2165
441 984
441 1445
441 2006
441 2023
441 2247
441 2259
441 2279
441 2352
441 2849
442 1627
442 1636
443 913
443 1563
443 2281
444 981
444 2304
444 2392
445 845
445 1589
445 2161
446 736
446 1040
446 1563
447 915
447 1074
447 1327
447 1465
447 1722
447 1727
447 2576
447 2828
447 2836
447 2903
448 1436
448 3053
449 1778
449 2976
450 533
450 707
450 835
450 860
450 1922
450 2096
450 2286
450 2427
450 2592
450 2820
451 631
451 850
451 2700
452 576
452 2700
452 2921
453 545
453 553
453 939
453 1197
453 1701
453 2000
453 2190
453 2569
454 719
454 1199
454 2847
455 466
455 592
455 650
455 1423
455 1508
455 1555
455 2193
455 2244
455 2247
455 2358
455 2390
455 2959
456 2015
456 2383
457 692
457 1206
457 2253
458 1668
458 2490
458 2723
459 846
459 867
459 1758
460 1585
460 2188
461 809
461 1169
461 1308
462 503
462 618
462 832
463 714
463 1051
463 1194
463 1327
463 1749
463 1918
463 2016
463 2513
463 2846
463 2932
464 1377
464 1631
464 2011
465 1527
465 1884
465 2120
466 1527
466 2345
467 590
467 2909
468 793
468 1259
468 1791
469 604
469 1901
469 2076
469 2420
469 2636
469 2838
469 2840
469 3008
470 949
470 981
470 2635
471 518
471 625
471 931
472 1450
472 1715
472 2651
473 629
473 1517
473 1566
473 1863
473 1872
473 1955
473 2213
473 2292
473 2343
473 2925
474 631
474 656
474 1673
475 2196
475 2998
476 820
476 868
476 1061
476 1479
476 1804
476 2080
476 2090
476 2310
476 2894
477 682
477 1199
477 1631
478 1279
479 617
479 726
479 738
479 774
479 1426
479 1696
479 1899
479 2323
479 2741
479 2774
480 2304
480 2524
480 2552
481 528
481 687
482 588
482 662
482 1009
482 1198
482 1475
482 1714
482 2135
482 2150
482 2611
482 2707
482 2804
483 1112
483 1308
483 3026
484 1399
484 1667
485 2160
485 2675
486 1350
486 2545
486 2578
487 636
487 761
487 902
487 1043
487 1245
487 1525
487 2066
487 2544
487 2608
487 2975
488 669
488 794
489 837
489 1244
490 1153
490 1417
491 765
491 861
491 1466
491 1503
491 1940
491 2125
491 2341
491 2581
491 2843
491 2933
492 2441
492 2658
493 1442
493 1447
493 2011
494 1077
494 1907
494 3036
495 666
495 1411
495 2972
496 1388
496 2542
496 2882
497 2331
498 1418
498 1433
498 2442
499 676
499 1179
499 2692
500 856
500 1526
500 2598
501 1244
501 2951
501 3035
502 840
502 2542
502 2723
503 616
503 1029
503 1234
503 1239
503 1507
503 1664
503 1781
503 2212
503 2775
503 2982
504 600
504 1679
504 2770
505 2283
506 1179
506 2635
507 2725
508 1322
508 1987
508 2156
508 2234
508 2554
508 2622
508 2657
508 2794
508 2887
509 546
509 2113
510 677
510 1169
510 3024
511 793
511 840
511 1923
512 741
512 782
512 852
512 1161
512 1330
512 1579
512 1773
512 2098
512 2249
512 2316
512 2495
512 2748
513 786
513 869
513 1072
513 1539
513 2003
513 2214
513 2303
513 2388
513 2429
514 1929
514 2831
514 2835
515 554
515 2541
515 2814
516 1622
516 3055
517 942
517 955
517 992
517 1210
517 1231
517 1506
517 1864
517 2232
517 2528
517 2674
517 3016
518 527
518 1019
518 1067
518 1088
518 1357
518 2201
518 2365
518 2373
518 2396
518 2742
518 2968
519 1397
519 1614
519 2383
520 1512
520 2704
521 1331
521 2270
521 2886
522 1795
522 2251
522 2961
523 1279
523 2336
523 2493
524 1099
524 1144
524 1194
524 1422
524 1581
524 1689
524 2475
524 2562
524 2860
524 2913
525 686
525 766
525 1036
525 1116
525 1518
525 1536
525 2268
525 2309
525 2803
525 2888
526 1109
526 2664
526 2939
527 625
527 2571
528 594
528 781
528 855
528 969
528 1025
528 1937
528 2335
528 2439
528 2715
528 2745
529 828
529 1375
529 2723
530 535
530 828
530 995
531 1091
532 886
532 2633
532 2677
533 2184
534 780
534 980
534 1212
534 1333
534 1472
534 1748
534 2061
534 2816
534 3054
535 569
535 1301
535 1584
535 2116
535 2166
535 2585
535 2730
535 2801
536 1417
536 1820
537 655
537 1209
537 1334
537 1479
537 1600
537 1747
537 1808
537 1916
537 2233
537 2563
538 1803
538 2645
538 2650
539 603
539 1091
539 2140
540 809
540 1811
540 2645
541 661
541 712
541 900
541 1366
541 1818
541 2070
541 2414
541 2538
541 2850
542 669
542 906
542 2895
543 874
543 902
543 1129
543 1260
543 1376
543 1819
543 1897
543 2028
543 2653
544 1020
545 1004
545 2556
546 655
546 776
546 976
546 1087
546 1323
546 1849
546 2129
546 2319
546 2663
547 554
547 736
547 1361
548 834
548 953
548 1019
548 1088
548 1367
548 2101
548 2262
548 2366
548 2496
548 2507
548 2614
549 762
549 2235
549 2645
550 1636
550 2322
550 2895
551 923
551 1091
551 2768
552 1654
552 2909
553 2431
553 2675
554 755
554 1506
554 1574
554 1648
554 1764
554 1886
554 2242
554 2655
555 1169
555 2041
556 1344
556 1535
557 635
557 734
557 800
557 1137
557 1262
557 1902
557 2025
557 2095
557 2385
557 2631
557 2652
558 1544
558 1759
558 2808
559 1344
559 1603
559 2599
560 1244
560 1803
561 748
561 2541
561 3033
562 1833
562 2088
562 2868
563 710
563 1053
563 1174
563 1228
563 1238
563 1562
563 1586
563 2625
563 2963
563 2979
564 1189
564 1969
564 1980
565 1595
565 2024
565 3036
566 993
566 1563
566 2378
567 1093
567 2296
568 1168
568 1250
568 2868
569 1980
570 879
570 889
570 2216
571 708
571 760
571 1117
571 1602
571 1882
571 2003
571 2285
571 2317
571 2363
571 2400
571 2730
571 2979
572 1552
572 1771
572 2727
573 1699
573 2258
574 593
574 811
574 1642
574 1732
574 2078
574 2143
574 2195
574 2264
574 2665
574 2928
574 2957
575 1820
575 2160
575 2986
576 756
576 912
576 919
576 1131
576 1532
576 1639
576 1891
576 2601
576 2866
577 1365
577 1673
577 2961
578 1456
578 1595
579 669
579 825
579 1418
580 1377
580 2550
580 2823
581 1557
581 1601
581 1905
582 695
582 805
582 983
582 1505
582 1692
582 2290
582 2587
582 2611
582 2898
583 816
583 963
583 979
583 1218
583 1248
583 1802
583 2148
583 2332
583 2701
583 3031
584 2088
584 2383
584 2467
585 669
585 2307
586 1592
586 1657
586 2868
587 930
588 717
588 1779
589 653
589 754
589 1076
589 1341
589 1638
589 1802
589 2374
589 2991
589 3027
590 999
590 1659
590 1856
590 2084
590 2259
590 2367
590 2374
590 2492
590 2701
590 2863
591 1153
591 2522
591 2722
592 2160
592 3025
593 2644
593 2884
594 600
594 1456
595 1015
595 1578
595 1836
595 1852
595 1879
595 2496
595 2691
595 2765
595 2793
595 2797
595 2881
596 906
596 2345
597 1585
597 2184
598 630
598 670
598 963
598 1598
598 1670
598 1888
598 1890
598 2555
598 2559
598 2602
599 1567
599 1622
599 2502
600 1097
600 1264
600 1676
600 1709
600 2156
600 2565
600 2937
600 2992
600 3045
601 1824
601 2580
602 1565
602 2651
602 3021
603 739
603 885
603 1309
603 1539
603 1885
603 2173
603 2422
603 2516
603 2558
603 2663
604 867
604 1450
605 1576
605 2210
605 2216
606 1173
606 1982
606 2274
607 1519
607 1585
607 1741
608 688
608 1138
608 2815
609 657
609 909
609 1050
609 1353
609 1476
609 1497
609 1919
609 2185
609 2445
609 2705
610 1243
610 1512
611 845
611 2274
611 2895
612 692
612 1519
612 2499
613 2113
613 2854
615 1913
615 2216
615 2844
616 1349
616 1561
617 666
617 2336
618 853
618 1139
618 1174
618 2291
618 2669
618 2918
618 2999
619 890
619 1755
619 3047
620 931
620 1040
621 717
621 856
621 2627
622 1189
622 2511
622 2893
623 1199
623 1603
623 1612
624 628
624 634
624 708
624 1233
624 1736
624 1938
624 2461
624 2686
624 2744
624 2761
625 696
625 908
625 1095
625 2691
625 2862
625 2883
625 2952
626 850
626 2210
626 2929
627 852
627 1122
627 1307
627 1588
627 1672
627 1674
627 2154
627 2308
627 2572
627 2840
627 2996
628 2831
629 2805
630 1073
630 2935
631 1180
631 1400
631 1455
631 1514
631 1924
631 2026
631 2476
631 3011
632 1021
632 1259
632 2124
633 748
633 1526
633 2196
634 2882
635 1667
636 1434
636 2911
637 676
637 886
637 1510
638 1145
638 2251
639 943
639 1380
639 2564
640 654
640 914
641 783
641 1007
641 2153
642 1680
642 2811
642 2844
643 1561
643 1896
643 2392
644 1141
644 1175
644 1707
645 1700
645 1833
645 2160
646 1130
646 1408
646 2845
647 1319
647 1579
647 1786
647 1936
647 2093
647 2606
647 2721
647 2816
647 2830
647 2838
647 2964
648 975
648 1014
648 1021
649 681
649 820
649 904
649 976
649 991
649 1290
649 1806
649 2167
649 2386
649 2480
650 1527
650 2911
651 713
651 1625
652 1243
652 1342
652 2879
653 1091
653 2165
654 700
654 710
654 1062
654 1530
654 1834
654 2729
654 2944
654 2957
655 2658
656 670
656 751
656 862
656 1253
656 1877
656 2584
656 2904
656 3034
657 1350
657 2001
658 783
658 943
659 1585
659 2253
660 1236
660 1412
660 1591
660 1705
660 1743
660 1754
660 1762
660 1887
660 2078
660 2102
660 2625
660 2760
661 2253
661 2633
662 2815
662 2965
663 789
663 878
663 959
663 1183
663 1501
663 1810
663 2440
663 2566
663 2669
663 2747
663 2788
663 3037
664 1907
664 2325
665 1281
665 1667
665 2550
666 1133
666 1435
666 1597
666 1660
666 1753
666 2164
666 2309
666 2620
666 2684
666 3039
667 1874
667 3030
668 1083
668 1497
668 1554
668 1624
668 1698
668 1971
668 2059
668 2452
668 3045
669 1176
669 1509
669 1918
669 2426
669 2466
669 2619
669 2915
669 3038
671 1462
671 1535
671 1595
672 1256
672 2976
673 1344
673 3035
674 686
674 731
674 738
674 791
674 1113
674 2073
674 2314
674 2418
674 2716
674 2796
675 993
675 1448
675 2281
676 1363
676 1423
676 2132
676 2176
676 2193
676 2221
676 2575
676 2867
676 3009
677 1065
677 1416
677 1541
677 1637
677 1723
677 1952
677 2256
677 2932
677 2964
677 2984
678 728
678 775
678 1608
678 1832
678 2065
678 2082
678 2133
678 2239
678 2309
678 2323
678 2596
678 2920
679 1028
679 2002
679 2258
680 828
680 840
680 2882
681 801
681 2406
682 810
682 1265
682 1605
682 1661
682 1702
682 1910
682 2028
682 2087
682 2947
683 1066
683 2545
683 3021
684 1338
684 1612
685 936
685 2079
685 2976
687 896
687 1911
687 1979
687 2272
687 2308
687 2366
687 2472
687 2657
687 2952
687 3057
688 857
688 1100
688 1137
688 1991
688 2083
688 2487
688 2587
688 2655
688 3038
689 1138
689 2110
690 1344
691 1250
691 2399
691 2522
692 968
692 1726
692 2250
692 2416
692 2509
692 2624
692 2858
693 837
693 1259
693 1778
694 889
694 2270
695 1119
695 2540
696 2616
697 845
697 1365
697 2967
698 1601
698 1755
698 2704
699 1325
699 2589
699 3026
700 2041
701 2188
701 2252
701 2336
702 1685
702 1771
702 2604
703 890
703 1980
703 2700
704 2126
704 2196
704 2312
705 736
705 2722
706 1304
706 1715
706 2064
707 1162
707 2634
708 2545
709 1375
709 1685
709 2578
710 2110
711 1758
711 1865
712 875
712 2230
713 745
713 785
713 1060
713 1158
713 1191
713 1419
713 1496
713 1676
713 1711
713 2040
713 2170
714 1106
715 762
715 1779
715 2965
716 1679
716 2208
716 3013
717 849
717 997
717 1080
717 1214
717 1310
717 1467
717 1681
717 2260
717 2290
717 2681
718 1943
718 2598
719 1369
719 1425
719 1431
719 1810
719 1892
719 1918
719 2242
719 2444
719 3042
720 1012
720 1251
720 2208
721 1631
721 1896
721 2598
722 864
722 2835
723 1512
723 1758
723 2754
724 1195
724 1277
724 2780
725 957
725 2299
726 1528
726 1828
727 1020
727 2651
727 3013
728 2112
728 2253
729 795
729 1361
729 1567
730 1655
730 1982
730 2882
731 864
731 1243
732 753
732 1345
732 2770
733 2658
733 2967
734 1259
734 2770
735 906
735 1685
735 2196
736 905
736 1000
736 1016
736 1360
736 1630
736 1653
736 1826
736 1991
736 2726
737 748
737 1077
737 2757
739 1654
739 2754
740 1153
740 1896
740 2823
741 846
741 2165
742 1155
742 1565
743 2283
743 2376
743 2700
744 862
744 883
744 991
744 1071
744 1125
744 1187
744 1330
744 1334
744 1671
744 2838
744 2901
745 2112
746 886
746 1374
746 2120
747 1456
747 1996
747 3030
748 1072
748 1386
748 1503
748 1781
748 2086
748 2237
748 2276
749 872
749 887
749 918
749 1444
749 1460
749 1506
749 1677
749 1688
749 2311
749 2520
750 1576
751 2362
751 2746
752 1028
752 1448
752 1699
753 1496
753 1498
753 1550
753 1624
753 1937
753 2222
753 2680
753 2887
753 2926
754 1878
754 3055
755 1153
755 1941
756 1123
756 1442
757 1291
757 1800
757 2068
757 2086
757 2363
757 2421
757 2436
757 2451
757 2737
757 3012
758 884
758 1071
758 1354
758 1520
758 1725
758 2425
758 2428
758 2449
758 2639
758 3001
759 2556
759 2805
759 2868
760 943
760 3033
761 2442
761 2671
762 951
762 1107
762 1641
762 1848
762 1928
762 2048
762 2290
763 1450
763 2299
763 2939
764 879
764 2845
765 1685
765 2322
766 1528
766 2552
767 1996
767 2510
767 2911
768 1622
768 2041
768 2493
769 2153
769 2967
770 2001
771 1699
771 2704
772 1424
772 2378
772 2664
773 2312
773 2471
773 2599
774 1631
775 1519
775 2184
776 797
776 2886
777 1778
777 2580
777 2951
778 914
778 2034
778 2460
779 1028
779 1119
779 1795
780 2645
780 3035
781 1138
781 3030
782 993
782 1342
783 978
783 1154
783 1323
783 1477
783 1825
783 2084
783 2203
783 2479
783 3041
784 1028
784 1350
784 2525
785 1487
785 2884
786 1012
786 2120
787 799
788 1896
788 2001
789 1328
789 2770
790 1195
790 2270
790 2442
791 2383
792 1130
792 1679
792 2542
793 1005
793 1052
793 1306
793 1427
793 1606
793 1646
793 1656
793 1677
793 2190
793 2714
794 821
794 857
794 1290
794 1339
794 1723
794 2197
794 2233
795 1124
795 1137
795 1154
795 1348
795 1808
795 1967
795 1993
795 2480
795 2529
795 2720
796 829
796 1528
796 2986
797 1149
797 1371
797 1880
797 1934
797 2060
797 2451
797 2574
797 2910
797 2943
798 958
798 1311
798 1491
798 1682
798 1714
798 2553
798 2567
798 2661
798 3044
799 1218
799 1823
799 2105
799 2275
799 2394
799 2506
799 2548
799 2555
800 1361
800 2153
801 1358
801 1402
801 1665
801 1967
801 2095
801 2338
801 2532
801 2563
801 2663
802 1173
802 2727
803 832
803 1907
803 3017
804 1778
804 1820
804 2556
805 1622
805 1730
806 2392
806 2939
807 1102
807 1654
807 3055
808 1655
808 2545
809 1190
809 1193
809 1229
809 1713
809 2131
809 2218
809 2339
809 2606
810 1377
810 2835
811 2079
812 1119
812 2815
813 1350
813 2194
813 2524
814 840
814 1833
814 2088
815 1707
815 2460
815 2808
816 985
816 1878
817 1730
817 2815
818 1450
818 1576
818 1614
819 850
819 1189
819 2376
820 1365
822 2251
822 2879
823 1907
823 2541
823 3025
824 864
824 2552
825 888
825 952
825 1033
825 1055
825 1441
825 1484
825 1525
825 2694
825 2800
826 1549
826 1614
827 2180
827 2342
827 2524
828 1298
828 1419
828 1543
828 1737
828 2266
828 2400
828 2470
828 2535
828 2796
829 1278
829 1454
829 1469
829 1572
829 1763
829 2655
829 2713
829 2974
829 3004
830 957
830 2015
831 832
831 1730
831 2196
832 946
832 984
832 1225
832 1284
832 2263
832 2413
832 2843
833 1279
833 1820
834 1601
834 2571
835 1741
835 2556
836 1153
836 1631
836 2342
837 863
837 877
837 1254
837 1587
837 1839
837 2007
837 2405
837 2821
837 2977
838 1199
838 1328
838 2685
839 1313
839 1707
839 1929
840 917
840 1285
840 1683
840 2159
840 2419
840 2609
840 2969
841 933
841 935
841 1182
841 1212
841 1794
841 1924
841 1950
841 2114
841 2326
841 2339
841 2559
841 2771
842 1540
842 2411
842 2780
843 1021
843 1913
843 2497
844 1680
844 1980
844 2325
845 960
845 1226
845 1916
845 2147
845 2211
845 2386
845 2433
845 2557
846 990
846 1490
846 1559
846 1797
846 1901
846 2029
846 2273
846 2514
846 2764
847 931
847 3053
848 1336
848 1374
848 1462
849 1317
849 1657
850 1080
850 1347
850 1410
850 1697
850 1793
850 1861
850 2449
851 1014
851 2041
851 2599
852 1512
853 2205
853 2852
854 864
854 2467
855 1842
855 2780
856 868
856 954
856 960
856 1201
856 2198
856 2426
856 3059
857 1636
858 1098
858 1467
858 1876
858 2519
858 2646
858 2741
858 2802
858 2803
859 1314
859 1420
859 2034
860 2961
861 1014
861 2998
863 1256
863 2650
864 996
864 1098
864 1133
864 1684
864 1751
864 1960
864 1961
864 2082
865 925
865 975
865 2312
866 1075
866 1462
866 2002
867 971
867 1076
867 1451
867 1626
867 1773
867 2673
867 2674
867 2892
867 2900
868 2274
869 1208
869 2522
870 1549
871 1434
871 2550
871 2780
872 2281
872 2399
873 1735
873 3053
874 1474
874 1874
875 1124
875 1127
875 1566
875 1978
875 2137
875 2416
875 2494
876 957
876 1342
876 1962
877 1004
877 2497
878 1535
878 2110
879 955
879 1105
879 1695
879 1797
879 1854
879 2141
879 2577
879 2691
880 1397
880 1542
880 2431
881 1896
881 2180
882 1153
882 1526
882 2895
883 889
884 2283
884 2929
885 2370
885 3055
886 1221
886 1979
886 2494
886 2863
886 2968
887 957
888 2534
889 921
889 1231
889 1347
889 1468
889 1610
889 1647
889 1776
889 2236
889 2688
890 907
890 1515
890 1891
890 2334
890 2354
890 2445
890 2489
890 2668
890 2782
891 2493
891 3030
892 2088
892 2522
893 1066
893 2088
893 2891
894 1782
894 1965
895 1700
895 2217
896 1557
896 2633
897 1141
897 1733
897 1965
898 985
898 2252
899 1585
899 2160
899 2493
900 1759
900 2180
901 1093
901 2460
901 2727
902 1842
903 925
903 964
903 1314
904 1146
904 2746
905 1528
906 1297
906 1403
906 2055
906 2078
906 2125
906 2198
906 2729
906 2889
906 2962
907 2743
908 1601
909 1146
910 1549
910 2270
910 2604
911 981
911 1896
912 1968
912 2325
913 1006
913 1104
913 1629
913 2177
913 2272
913 2324
913 2420
913 2495
913 2637
913 2789
914 1495
914 1754
914 1792
914 1990
914 2271
914 2643
914 2662
914 2962
914 2973
915 1436
915 2281
916 1018
916 1103
916 1139
916 1261
916 1425
916 1485
916 1661
916 2279
916 2706
916 2963
916 2981
917 2208
917 2831
918 1943
918 2497
919 1969
919 2743
920 985
920 1112
921 1865
922 1457
922 2168
922 2401
922 2579
922 2610
922 2749
922 2932
922 3020
923 938
923 1359
923 1362
923 1461
923 1827
923 2394
923 2403
923 2516
923 2721
923 2943
924 1175
924 2210
925 1121
925 1324
925 1524
925 1767
925 1928
925 2228
925 2483
925 2707
925 2813
925 2970
926 2041
926 2252
926 2370
927 1865
927 2210
928 993
928 1795
929 1420
929 2307
929 2627
930 956
930 1289
930 1998
930 2091
930 2137
930 2385
930 2532
930 2593
930 2773
931 1001
931 1289
931 1367
931 1868
931 2075
931 2129
931 2246
931 2588
931 2696
932 964
932 1842
932 1996
933 1073
933 3036
934 1138
934 1824
935 1304
936 1432
936 1832
936 1870
936 2096
936 2389
936 2405
936 2621
936 2641
936 2874
936 2945
937 1592
937 2115
937 2322
939 1417
939 2598
940 1905
941 1450
941 2064
941 2929
942 2417
942 2700
943 989
943 1087
943 1241
943 2132
943 2388
943 2436
944 1778
944 1811
944 1909
945 1168
945 1375
945 2088
946 1680
947 1155
947 2378
948 1528
948 2805
948 2884
949 1087
949 1165
949 1202
949 2014
949 2118
949 2492
949 2595
949 2762
949 2776
950 964
950 1277
950 2411
951 1189
951 2827
952 1669
952 1878
953 1576
953 2845
954 1153
954 1730
955 2210
956 2110
956 2493
957 1135
957 1223
957 1904
957 2273
957 2526
957 2590
957 3006
958 1259
958 1913
959 1092
959 3053
960 2727
961 1962
961 2362
962 2722
962 2811
962 2814
963 2768
964 1056
964 1632
964 1702
964 2234
964 2504
964 2654
964 2715
964 3044
965 1780
965 2304
966 2079
966 2727
967 2471
967 2825
968 1828
968 2012
969 1123
969 1448
970 1549
970 1733
970 2382
971 1654
971 2217
972 1168
972 2188
973 1004
973 1540
973 1803
974 1510
974 1669
974 2015
975 1311
975 1366
975 1726
975 2360
975 2872
975 2955
976 1627
977 1110
977 2188
977 2844
978 981
978 1181
979 1833
979 2188
980 1308
980 2825
981 1029
981 1539
981 1720
981 1976
981 2451
981 2629
982 1073
982 1715
982 2113
983 1699
983 2024
984 1968
985 1062
985 1287
985 1494
985 1619
985 1743
985 1757
985 1895
986 1004
986 2976
987 2399
988 1771
988 1982
989 2015
989 2382
990 2299
990 2651
991 2001
992 1208
992 2844
993 1164
993 1633
993 1989
993 2219
993 2481
993 2636
993 2936
993 3057
994 1730
994 2307
994 2598
995 1148
995 1219
995 1586
995 1650
995 1800
995 1935
995 1949
995 1957
995 2388
995 2761
995 2810
996 1828
996 1837
997 1314
997 1707
998 1314
998 1969
999 2645
999 2976
1000 1014
1000 2424
1001 2616
1002 1093
1002 1913
1002 2376
1003 1595
1003 2746
1004 1022
1004 1315
1004 1790
1004 2229
1004 2356
1004 2469
1004 2821
1006 1668
1006 1939
1007 1202
1007 1348
1007 1593
1007 1639
1007 1721
1007 1959
1007 2478
1007 2622
1007 2809
1008 2827
1008 2865
1008 3047
1009 2582
1009 2645
1010 1408
1010 2011
1010 2235
1011 1645
1011 2446
1011 2497
1012 1228
1012 1543
1012 1687
1012 2415
1012 2436
1012 2503
1012 2744
1012 2960
1013 1128
1013 1411
1013 1969
1014 1324
1014 1352
1014 1407
1014 1454
1014 1743
1014 2018
1015 2787
1016 1519
1016 2312
1017 1328
1017 1397
1017 2852
1018 1631
1018 2550
1019 2865
1020 1064
1020 1252
1020 1307
1020 2316
1020 2408
1020 2495
1020 2636
1021 1107
1021 1171
1021 2135
1021 2654
1021 2709
1021 2896
1022 1259
1022 1803
1023 2397
1023 2787
1023 2879
1024 1724
1024 2961
1025 2645
1025 2677
1026 2015
1026 2545
1026 2702
1027 1146
1027 2723
1028 1867
1028 1922
1028 2168
1028 2320
1028 2357
1028 2450
1028 2537
1029 1331
1030 1755
1030 2921
1031 2115
1031 2230
1031 2795
1032 1780
1032 1896
1033 1175
1033 2604
1034 2634
1035 1075
1035 1680
1035 2541
1036 2627
1036 2835
1037 1654
1037 2432
1037 2768
1038 2024
1038 2153
1038 2633
1039 1344
1039 1456
1040 1278
1040 2203
1040 2321
1040 2492
1040 2648
1040 2820
1040 2927
1040 3056
1041 1317
1041 2950
1042 1874
1042 2635
1042 2692
1043 1150
1043 3024
1044 2499
1044 2604
1044 2986
1045 2854
1045 2935
1046 1654
1046 2165
1046 2909
1047 1313
1047 1549
1047 2411
1048 1175
1048 1331
1049 2053
1049 2258
1050 2511
1050 2865
1051 1673
1051 2142
1052 1941
1052 2392
1053 1092
1054 1953
1055 1195
1055 1313
1056 1765
1056 2011
1057 2001
1057 2036
1057 2723
1058 1128
1058 1436
1058 1528
1059 1244
1059 2556
1060 1962
1060 2208
1061 2115
1061 2253
1062 2312
1063 1474
1063 1765
1063 2787
1064 1758
1065 1627
1066 1089
1066 1353
1066 1558
1066 1590
1066 1664
1066 2454
1066 2716
1067 1884
1067 1905
1068 2109
1068 2854
1068 3036
1069 1878
1069 2382
1069 2442
1070 1112
1070 2041
1070 2819
1072 2811
1073 1084
1073 1398
1073 1546
1073 2289
1073 2346
1074 2897
1074 2986
1075 1267
1075 1340
1075 1457
1075 1538
1075 1883
1075 2232
1075 2300
1075 2390
1075 2546
1076 2946
1077 1346
1077 1973
1077 2398
1077 2508
1077 2843
1078 1187
1078 1485
1078 1725
1078 2006
1078 2134
1078 2236
1078 2393
1078 2404
1078 2515
1078 2779
1079 1685
1079 2411
1079 2460
1081 1281
1081 1528
1082 1828
1082 1896
1082 2524
1083 1565
1083 2378
1084 2525
1084 2757
1085 1350
1085 2109
1085 2376
1086 2245
1086 2834
1086 3024
1089 2205
1090 2524
1090 2805
1091 1452
1091 2548
1091 2818
1091 2861
1091 2910
1092 1644
1092 1690
1092 1807
1092 2013
1092 2138
1092 2457
1092 2968
1093 1514
1093 1516
1093 1964
1093 1995
1093 2600
1093 2673
1093 2784
1093 2989
1094 2616
1094 2879
1095 2677
1096 1510
1096 2564
1097 1338
1097 1345
1098 2823
1099 2897
1100 1953
1100 2722
1101 1188
1101 1488
1101 1717
1101 1793
1101 2154
1101 2177
1101 2802
1101 2832
1101 2936
1101 2997
1102 1248
1102 1359
1102 1438
1102 1670
1102 2047
1102 2372
1102 2833
1102 2848
1104 1448
1105 1614
1106 1255
1106 1265
1106 1368
1106 1786
1106 1975
1106 2423
1106 2724
1106 2881
1107 1667
1108 1657
1108 1755
1108 1969
1109 1135
1109 1245
1109 1558
1109 1580
1109 1615
1109 1695
1109 2377
1110 1163
1110 1604
1110 1799
1110 2477
1110 2546
1110 2575
1110 2615
1110 2849
1110 2867
1110 2914
1111 2079
1111 2725
1112 1193
1112 1333
1112 1356
1112 1391
1112 1637
1112 1860
1112 2289
1112 2560
1112 2869
1113 1442
1113 2208
1114 1463
1114 1605
1114 1682
1114 1810
1114 1928
1114 2135
1114 2652
1114 3052
1114 3058
1115 1685
1115 2757
1116 1837
1116 2180
1117 1173
1117 2542
1118 1771
1118 2034
1118 2808
1119 1272
1119 1276
1119 1488
1119 1787
1119 2010
1119 2486
1119 2521
1120 1795
1120 1953
1120 2634
1121 2499
1122 1563
1123 1154
1123 1216
1123 1553
1123 1942
1123 2455
1123 2595
1123 2824
1123 2930
1124 2540
1125 1595
1125 2690
1126 2331
1126 2604
1127 1557
1127 2677
1128 2057
1128 2087
1128 2297
1128 2344
1128 2717
1128 2782
1128 2801
1129 2467
1129 2635
1130 1211
1130 1318
1130 1368
1130 1419
1130 1511
1130 1513
1130 1852
1130 2464
1130 2856
1131 1173
1131 1668
1132 1208
1132 1941
1132 3033
1133 1585
1134 2382
1134 3024
1135 1565
1136 1383
1136 1432
1136 1752
1136 1963
1136 1966
1136 2204
1136 2238
1136 2450
1136 2753
1136 2875
1136 2956
1138 1178
1138 1692
1138 1742
1138 1945
1138 2156
1138 2222
1138 3037
1139 2685
1140 2312
1140 2757
1140 2998
1141 1414
1141 1769
1141 1999
1141 2104
1141 2192
1141 2344
1141 2573
1141 2585
1141 3046
1141 3050
1142 1654
1142 2140
1143 1199
1143 2550
1143 2835
1144 1923
1144 2431
1145 1276
1145 1312
1145 1479
1145 1721
1145 2386
1145 2543
1145 2579
1145 2660
1145 2824
1146 1246
1146 1334
1146 1772
1146 1931
1146 2074
1146 2207
1146 2328
1146 2990
1147 1375
1147 1923
1147 1943
1148 2120
1148 3033
1149 1780
1149 3033
1150 1191
1150 1216
1150 2081
1150 2491
1150 2660
1150 2711
1150 2719
1150 2809
1150 2842
1150 2942
1151 1258
1151 1673
1151 2384
1152 1544
1152 1837
1152 2805
1153 2169
1153 2190
1153 2398
1153 2410
1155 1353
1155 1812
1155 2371
1155 2387
1155 2971
1155 2999
1156 1281
1156 1969
1157 1589
1157 1669
1158 2940
1159 2442
1159 2534
1160 2124
1160 2522
1160 3033
1161 1342
1161 2754
1162 1538
1162 1613
1162 1886
1162 2020
1162 2086
1162 2119
1162 2697
1162 3042
1163 1181
1164 1668
1164 2677
1165 2120
1166 1563
1166 1996
1166 2053
1167 1388
1167 1655
1168 1204
1168 1215
1168 2000
1168 2609
1168 2638
1168 2759
1168 3031
1168 3039
1169 1200
1169 1472
1169 1728
1169 1757
1169 2038
1169 2199
1169 2501
1169 3029
1170 1625
1170 1939
1171 2312
1171 2499
1172 2651
1173 1219
1173 1404
1173 1543
1173 1769
1173 2301
1173 2772
1174 1199
1175 1402
1175 1610
1175 2056
1175 2248
1175 3001
1176 1361
1176 1627
1177 2194
1178 1595
1178 1853
1179 1271
1179 1295
1179 1415
1179 1481
1179 2121
1179 2221
1179 2300
1179 2352
1179 2777
1180 1595
1180 2002
1181 1280
1181 1413
1181 1555
1181 1958
1181 2145
1181 2352
1181 2776
1181 3010
1182 2376
1183 1456
1183 1824
1184 1837
1184 2884
1184 2972
1185 1878
1185 2432
1185 2909
1186 1646
1186 1843
1186 2315
1186 2410
1186 2429
1186 2710
1186 2870
1186 2958
1186 2985
1186 3012
1187 2210
1188 2251
1189 1475
1189 1891
1189 1903
1189 1986
1189 2337
1189 2355
1189 2674
1189 3011
1190 1544
1190 2109
1192 1601
1193 2545
1194 3024
1195 1282
1195 1343
1195 1582
1195 1618
1195 2360
1195 2504
1195 2632
1196 2274
1196 2325
1197 1244
1197 1411
1198 2743
1198 2827
1199 1445
1199 2051
1199 2393
1199 2517
1199 2618
1200 1589
1200 2441
1201 2725
1201 2795
1202 2406
1203 1909
1203 2768
1204 2431
1205 2644
1205 2808
1205 2940
1206 1818
1206 1955
1206 1979
1206 1998
1206 2005
1206 2261
1206 2430
1206 2720
1206 2790
1206 2839
1207 1279
1207 1833
1208 1514
1208 1783
1208 1883
1208 2381
1208 2661
1208 2970
1208 3012
1209 1365
1209 2795
1210 2165
1210 2743
1211 1345
1211 2208
1212 1544
1213 2036
1213 2490
1213 2831
1214 1277
1214 1782
1215 2088
1215 2364
1216 1365
1217 2184
1217 2325
1217 2976
1218 3036
1219 2208
1220 1896
1220 2113
1220 2490
1221 2650
1222 1528
1222 1953
1223 1450
1224 1923
1224 2743
1224 2893
1225 2811
1225 3033
1226 2307
1226 2725
1227 1361
1227 1535
1227 2815
1228 1349
1229 1256
1229 2580
1230 1941
1230 1943
1231 2817
1232 1589
1232 2142
1232 2825
1233 1982
1233 2723
1234 2383
1235 1668
1235 2001
1235 2882
1236 2299
1237 2471
1237 2493
1238 1824
1238 2599
1239 1592
1239 2431
1240 1603
1240 1735
1241 1374
1241 1557
1242 2700
1242 2827
1242 2893
1243 1446
1243 1536
1243 1696
1243 1817
1243 1922
1243 1963
1243 2042
1243 2408
1244 1587
1244 1628
1244 1634
1244 1734
1244 2117
1244 2255
1245 1510
1246 1350
1246 3047
1247 1350
1247 1655
1249 1258
1249 2109
1250 1458
1250 1556
1250 1933
1250 2164
1250 2609
1250 2716
1250 2733
1250 2829
1250 2958
1251 1464
1251 1949
1251 1974
1251 1981
1251 2344
1251 2400
1251 2402
1251 2778
1251 2799
1252 2879
1253 2540
1253 3036
1254 1741
1254 2325
1255 1997
1255 3053
1256 1596
1256 1659
1256 1748
1256 2027
1256 2150
1256 2439
1256 2561
1256 2657
1257 1375
1257 2542
1257 2831
1258 1372
1258 1697
1258 1761
1258 1877
1258 1903
1258 2381
1258 2434
1258 2610
1258 2771
1258 2989
1259 1734
1259 2122
1259 2311
1259 2465
1259 2970
1260 2011
1260 2780
1261 1399
1261 2126
1262 2370
1262 2502
1263 1881
1263 2525
1263 2805
1264 1874
1264 2493
1265 2235
1266 2110
1266 2252
1267 1673
1267 1853
1268 2253
1268 2345
1268 2795
1269 2751
1270 1592
1270 2345
1271 1374
1271 2345
1272 1563
1272 2194
1273 2245
1273 2281
1274 2039
1274 2274
1274 2460
1275 2001
1275 2113
1275 2304
1276 1462
1277 1547
1277 1587
1277 1638
1277 1649
1277 2149
1277 2229
1277 2812
1277 2818
1278 1795
1279 2300
1279 2332
1279 2569
1279 2596
1279 2605
1279 2759
1279 2959
1280 1842
1280 1874
1281 1537
1281 1584
1281 1605
1281 1686
1281 1769
1281 2412
1281 2458
1281 2489
1281 2778
1282 2923
1283 2034
1283 2627
1283 2950
1284 1526
1284 2757
1285 1655
1285 1685
1286 1700
1286 2188
1286 2675
1287 2599
1288 1424
1288 1612
1288 2998
1291 1941
1291 2124
1292 2160
1293 1424
1293 1565
1293 2281
1294 1715
1294 2819
1294 2847
1295 2160
1295 2844
1296 1388
1296 1943
1296 2511
1297 1592
1297 2897
1298 1442
1298 2467
1299 2325
1299 2727
1300 2002
1300 2376
1300 2384
1301 2727
1302 2067
1303 1345
1303 2884
1304 1391
1304 1888
1304 2033
1304 2069
1304 2130
1304 2199
1304 2257
1304 2484
1304 2712
1305 1462
1305 2251
1305 2258
1306 1388
1306 2827
1307 1758
1308 1846
1308 2285
1308 2377
1308 2686
1308 2761
1308 2960
1309 2886
1310 1540
1310 2283
1312 2002
1312 2961
1313 1358
1313 1364
1313 1468
1313 1678
1313 2518
1313 2639
1313 2786
1313 2995
1313 3050
1314 1390
1314 1635
1314 1660
1314 2553
1314 2570
1314 2668
1314 2896
1315 1411
1315 1820
1316 1342
1317 1320
1317 1390
1317 1678
1317 1708
1317 1798
1317 2056
1317 2104
1317 2643
1317 2802
1317 2928
1318 1336
1318 2690
1319 1685
1319 3026
1320 2331
1320 2808
1321 2126
1322 1448
1322 2053
1323 1510
1324 2923
1325 1652
1325 1977
1325 2218
1325 2403
1325 2642
1325 2748
1325 2901
1325 3008
1326 2115
1327 1589
1328 1378
1328 1562
1328 1698
1328 1781
1328 1829
1328 2263
1328 2938
1328 2981
1329 1535
1329 1853
1329 2384
1331 1358
1331 2106
1331 2151
1331 2275
1331 2810
1331 2833
1331 2979
1332 1433
1332 1997
1332 2814
1335 1953
1335 2312
1335 2424
1336 1504
1336 1723
1336 1830
1336 1893
1336 1915
1336 2022
1336 2139
1337 2511
1337 2929
1338 1496
1338 2293
1338 2669
1338 2673
1338 2807
1338 2890
1338 2938
1338 2966
1339 2441
1340 1658
1340 1913
1341 1540
1341 1654
1342 1382
1342 2347
1342 2443
1342 2464
1342 2840
1343 1540
1343 2510
1344 1530
1344 1830
1344 2625
1344 2647
1344 3037
1345 1486
1345 2174
1345 2535
1345 2613
1345 2698
1345 2942
1346 1968
1347 2571
1348 2564
1349 1364
1349 1402
1349 1844
1349 1957
1349 2123
1349 2317
1349 2506
1349 2530
1350 1712
1350 1985
1350 2476
1350 2686
1350 2771
1351 1980
1351 2743
1351 2921
1352 2126
1352 2757
1354 2746
1355 1679
1355 2112
1356 2441
1357 2929
1359 2946
1360 2986
1361 1766
1361 1770
1361 1945
1361 2197
1363 1557
1363 2120
1364 2886
1365 1787
1365 1796
1365 2037
1365 2168
1365 2351
1366 1519
1367 1601
1368 2397
1369 1433
1369 2834
1370 1969
1370 2700
1371 3055
1372 2935
1373 2001
1373 2831
1374 1508
1374 1604
1374 2244
1374 2350
1374 2409
1374 2477
1374 2777
1375 1427
1375 1736
1375 1760
1375 1933
1375 1947
1375 2781
1375 2885
1376 2735
1376 2891
1377 1562
1377 1892
1377 1917
1377 2006
1377 2077
1377 2783
1378 1424
1378 2847
1379 2868
1379 2972
1380 1545
1380 1568
1380 1806
1380 1951
1380 2233
1380 2327
1380 2422
1380 2588
1380 2762
1381 2053
1381 2153
1381 2564
1382 2704
1383 2498
1383 2552
1384 1733
1384 2909
1384 3055
1385 2205
1385 2431
1386 1612
1386 2205
1387 2112
1387 2296
1387 2336
1388 1571
1388 1831
1388 1938
1388 2209
1388 2470
1389 1433
1389 1549
1389 2568
1390 2965
1391 2534
1392 1521
1392 1759
1392 2923
1393 2001
1393 3047
1394 1771
1394 2411
1395 1741
1395 2012
1396 2571
1396 2616
1397 2099
1397 2103
1397 2106
1397 2413
1398 2534
1398 2825
1399 1501
1399 1509
1399 1560
1399 1886
1399 1914
1399 2513
1399 2517
1400 2109
1401 1969
1403 1636
1403 2307
1404 2725
1405 1614
1405 2825
1405 2854
1406 2322
1406 2599
1406 2808
1407 1953
1408 1729
1408 1815
1408 1952
1408 2093
1408 2793
1408 2846
1408 2947
1409 2184
1409 2336
1409 2424
1410 1965
1410 2950
1411 2096
1411 2282
1411 2489
1411 2738
1411 2934
1411 2956
1411 2993
1411 3028
1412 2041
1412 2312
1413 1434
1413 2891
1414 1878
1415 2735
1415 3017
1416 1673
1416 1997
1417 1620
1417 1843
1417 1906
1417 2209
1417 2311
1417 2750
1417 2781
1417 2919
1417 2969
1418 1507
1418 1847
1418 1857
1418 2000
1418 2054
1418 2103
1418 2163
1418 2871
1418 2913
1420 1708
1420 1861
1420 1920
1420 2062
1420 2240
1420 2611
1420 2812
1421 2342
1421 2552
1422 1997
1423 2115
1424 1550
1424 1590
1424 2185
1424 2594
1424 2937
1424 3022
1425 2998
1426 1837
1426 2552
1427 2511
1428 1447
1428 2235
1428 2550
1429 1929
1429 2823
1429 2882
1430 2649
1430 2671
1431 2502
1433 1484
1433 2083
1433 2197
1433 2198
1433 2288
1433 2459
1433 2513
1434 1440
1434 1483
1434 1702
1434 2108
1434 2223
1434 2243
1434 2333
1435 1657
1436 1686
1436 1871
1436 2158
1436 2656
1436 2806
1436 2857
1436 2978
1436 3048
1437 2012
1437 2499
1438 1700
1438 3036
1439 2024
1439 2432
1440 2467
1440 2735
1441 1636
1441 2568
1442 1859
1442 1959
1442 2227
1442 2724
1442 2804
1442 2947
1443 1875
1443 2364
1444 2939
1446 1614
1446 2442
1447 1594
1447 1852
1447 1908
1447 2016
1447 2642
1447 2739
1447 2948
1447 2964
1447 3015
1448 1469
1448 1593
1448 1653
1448 2294
1448 2521
1449 1669
1449 2120
1449 3021
1450 1744
1450 2072
1450 2141
1450 2249
1450 2278
1451 1658
1451 2700
1452 2217
1452 2417
1453 1631
1453 2304
1454 1519
1455 2039
1455 2124
1456 1738
1456 2487
1456 2584
1456 2792
1456 2887
1456 2916
1458 1941
1459 2522
1459 2598
1459 2718
1460 2216
1460 2718
1461 1878
1461 2217
1462 2351
1462 2361
1462 2401
1462 2792
1462 3009
1463 1645
1463 2370
1464 1929
1464 2067
1465 1997
1465 3024
1466 2524
1466 2854
1467 2895
1468 1909
1469 2751
1470 1622
1470 1645
1470 1667
1471 2754
1471 2935
1471 2951
1472 2545
1473 1837
1473 2940
1473 3014
1474 1695
1474 2019
1474 2170
1474 2174
1474 2223
1474 2254
1474 2473
1474 2603
1474 2797
1475 1923
1476 1923
1476 2571
1477 1561
1477 2735
1478 1622
1478 2252
1478 2471
1480 1741
1480 2336
1481 2188
1481 3025
1482 1824
1482 2162
1482 2252
1483 1842
1483 2382
1484 2431
1485 3017
1486 2446
1486 3030
1487 1580
1487 1768
1487 1851
1487 1879
1487 2284
1487 2333
1487 2577
1487 2653
1487 2698
1487 2912
1488 2704
1489 1526
1489 1968
1489 3036
1490 2929
1491 2312
1491 2923
1492 2002
1492 2844
1493 1765
1493 2510
1493 2550
1494 1622
1495 2012
1495 2940
1497 2702
1498 1679
1498 2446
1499 1521
1499 2499
1499 2644
1500 1699
1500 1779
1501 2502
1502 2702
1502 2891
1503 1730
1504 2110
1504 3035
1505 2251
1508 2692
1509 1997
1510 1739
1510 1800
1510 2003
1510 2350
1510 2503
1510 2762
1512 1513
1512 1633
1512 2098
1512 2420
1512 2907
1512 2954
1512 3006
1513 2939
1515 1755
1515 1875
1516 2417
1516 2446
1517 2012
1517 2180
1518 2467
1519 1651
1519 2213
1519 2414
1519 2624
1519 2641
1520 2270
1520 2951
1521 2189
1521 2330
1521 2365
1521 2668
1521 2705
1521 2826
1521 2878
1522 1645
1522 2162
1522 2886
1523 1592
1523 2205
1523 2568
1524 2124
1524 2497
1525 1733
1526 1598
1526 2171
1526 2391
1526 2898
1526 2908
1526 2933
1527 1799
1527 1915
1527 2121
1527 2226
1527 2914
1528 1684
1528 1988
1528 2107
1528 2127
1529 2235
1529 2467
1529 2542
1530 2685
1531 2274
1531 2307
1531 2795
1532 1680
1533 2498
1533 2847
1534 2522
1535 1937
1535 1987
1535 2380
1535 2565
1535 2587
1535 2736
1535 3034
1536 2891
1537 1837
1537 1881
1538 1968
1540 1632
1540 1861
1540 1866
1540 2007
1540 2798
1540 2861
1541 2002
1541 2834
1542 1609
1542 1660
1542 1894
1542 2054
1542 2055
1542 2212
1542 2265
1544 2127
1544 2155
1544 2170
1544 2306
1544 2368
1544 2698
1544 2973
1546 2109
1547 1654
1547 2217
1548 1765
1549 1801
1549 1817
1549 2871
1549 2915
1550 1982
1551 2331
1552 1718
1552 1948
1552 2381
1552 2448
1552 2551
1552 2892
1552 2966
1552 3023
1553 1980
1553 2582
1554 3030
1555 3017
1556 2383
1556 2891
1557 2138
1557 2259
1557 2742
1557 2752
1557 2839
1559 2939
1560 1636
1560 2834
1561 1925
1561 2173
1561 2206
1561 2737
1561 2776
1563 1572
1563 2357
1563 2983
1564 2342
1564 2598
1564 2835
1565 1844
1565 2091
1565 2430
1565 2755
1565 2833
1566 2253
1567 1784
1567 1785
1567 1900
1567 1926
1567 2122
1567 2338
1567 2773
1567 2890
1567 3058
1568 2064
1569 1658
1569 2718
1570 1791
1570 2651
1571 2088
1571 2675
1572 2634
1573 2245
1573 2897
1574 2522
1575 1896
1575 2835
1576 1578
1576 2019
1576 2514
1576 2688
1576 2862
1576 2912
1577 2568
1577 2675
1579 1865
1580 2817
1581 2345
1582 2460
1583 2511
1583 2571
1583 3047
1584 1929
1585 2268
1585 2605
1585 2659
1585 2874
1586 2435
1588 1795
1588 2281
1589 1637
1589 2066
1589 2128
1589 2310
1589 2491
1589 2683
1589 2860
1591 1603
1591 2110
1592 1635
1592 2009
1592 2103
1592 2523
1592 2620
1592 2621
1593 1996
1594 1962
1594 2845
1595 2043
1595 2463
1595 2533
1595 2610
1596 1996
1596 2677
1597 2088
1597 2675
1598 1907
1599 2580
1599 2645
1599 3026
1600 1865
1600 2001
1601 1643
1601 1644
1601 1719
1601 2826
1601 2883
1602 2578
1603 2317
1603 2415
1603 2810
1603 2981
1604 1842
1606 2497
1607 1811
1607 3026
1608 1625
1608 2230
1609 1875
1609 2868
1610 2951
1611 2039
1611 2331
1611 2727
1612 1971
1612 2387
1612 2413
1612 2566
1612 2676
1612 2963
1612 2982
1613 1680
1613 3025
1614 1664
1614 2029
1614 2199
1614 2200
1614 2289
1615 2651
1616 2364
1616 3014
1617 2754
1617 2946
1618 1771
1618 2589
1619 2370
1619 2493
1620 1791
1620 2497
1621 2331
1621 2411
1621 2589
1622 1880
1622 2391
1622 2516
1622 2652
1623 1759
1623 2184
1625 1995
1625 2215
1625 2613
1625 2614
1625 2842
1625 2952
1625 3023
1626 2216
1626 2743
1627 1747
1627 2083
1627 2134
1627 2139
1627 2327
1627 2349
1627 2607
1627 2703
1628 1820
1629 1795
1629 2378
1630 1795
1630 2751
1631 1751
1631 1809
1631 2803
1631 2902
1631 3046
1632 2604
1633 1758
1634 1803
1634 2497
1635 2364
1636 1770
1636 2444
1636 2583
1636 2871
1636 3059
1638 2946
1639 2582
1640 2208
1640 2467
1640 2582
1641 2511
1641 2743
1642 1759
1642 2940
1643 2865
1644 1884
1645 1993
1645 2453
1645 2532
1645 2708
1645 2758
1647 2283
1647 2865
1648 2216
1649 2510
1649 2604
1650 1655
1651 1953
1652 2024
1652 3055
1653 2634
1654 1934
1654 2394
1655 1687
1655 1947
1655 2021
1655 2285
1656 2522
1657 1894
1657 2220
1657 2240
1657 2334
1657 2483
1657 2654
1657 2878
1658 1688
1658 1703
1658 1783
1658 1986
1658 2097
1658 2688
1658 2734
1659 1803
1661 2823
1662 1874
1662 2397
1662 2704
1663 2281
1665 2270
1665 2435
1666 2230
1666 2336
1667 1714
1667 1784
1667 1932
1667 2087
1667 2228
1667 2440
1668 1873
1668 1931
1668 2116
1668 2308
1668 2857
1669 1801
1669 1819
1669 2017
1669 2243
1669 2626
1669 2711
1669 2851
1671 2362
1671 2384
1672 2677
1673 2089
1673 2361
1673 2463
1673 2628
1673 2687
1674 1939
1674 2036
1675 2296
1675 2795
1675 2897
1676 2446
1678 2649
1679 1737
1679 2094
1679 2284
1679 2293
1679 2306
1679 2603
1679 2842
1680 2171
1680 3040
1681 2815
1681 2893
1682 2893
1683 2578
1684 2180
1685 1713
1685 1938
1685 2632
1687 2545
1688 2722
1689 1881
1689 2281
1690 2161
1690 2580
1691 2502
1691 2814
1693 2001
1693 2746
1693 2967
1694 2079
1694 2498
1694 2808
1696 2467
1697 2743
1698 2998
1699 1927
1699 1984
1699 2351
1699 2543
1699 2689
1699 2832
1699 2983
1700 1895
1700 2374
1700 2555
1700 2617
1700 2759
1700 2949
1701 1778
1703 2210
1703 2817
1704 1755
1704 1759
1704 2499
1705 2808
1706 1968
1706 2852
1707 1732
1707 2044
1707 2240
1707 2646
1707 2662
1707 2678
1707 2931
1708 1875
1709 2252
1710 2525
1710 2961
1711 2542
1711 3013
1712 2490
1715 1731
1715 1887
1715 2273
1715 2280
1715 2682
1716 1778
1716 3035
1717 1965
1717 2283
1718 2460
1718 2725
1720 2205
1720 2435
1722 2345
1724 2042
1724 2058
1724 2172
1724 2320
1724 2321
1724 2389
1724 2667
1724 3028
1725 1865
1727 2834
1728 2142
1729 1962
1729 2397
1730 1890
1730 2071
1730 2474
1730 2505
1731 2998
1732 1771
1733 1992
1733 2148
1733 2182
1733 2851
1734 2976
1735 2519
1735 2612
1735 2742
1735 2788
1737 1962
1738 2110
1739 2382
1739 3021
1740 1782
1740 2950
1741 2009
1741 2049
1741 2265
1741 2547
1741 2920
1741 2956
1742 2384
1744 2571
1745 2110
1745 2162
1746 1778
1746 2497
1746 2976
1748 1811
1749 2245
1750 1905
1750 2685
1751 2627
1752 2180
1752 2819
1753 2556
1753 3014
1754 2322
1755 1972
1755 2201
1755 2202
1755 2872
1756 2064
1756 2304
1756 2490
1757 2498
1758 1936
1758 2287
1758 2443
1758 2901
1759 1990
1759 2009
1759 2509
1759 2925
1760 1833
1761 1782
1761 2700
1762 2471
1763 2718
1764 1953
1765 1851
1765 1910
1765 2017
1765 2314
1765 2975
1765 3010
1766 1953
1766 2718
1767 1875
1767 2780
1768 2397
1768 2754
1770 2658
1771 1855
1771 2081
1771 2157
1771 2643
1771 2784
1772 2036
1772 2882
1774 2692
1774 2735
1774 2787
1775 1881
1775 2036
1775 3053
1776 1782
1776 2929
1777 1853
1777 2002
1777 3025
1778 2007
1778 2149
1778 2934
1779 1944
1779 1945
1779 2010
1779 2380
1779 2391
1779 2487
1779 2508
1780 1958
1780 2008
1780 2106
1780 2118
1780 2530
1780 2775
1780 3041
1782 1862
1782 1866
1782 2062
1782 2425
1782 2623
1782 2997
1782 3011
1783 3025
1784 2370
1785 2162
1786 2441
1788 2540
1788 3055
1789 1896
1789 2525
1789 2552
1791 1822
1791 2045
1791 2528
1791 2590
1792 2498
1794 2140
1794 2951
1795 1927
1795 2622
1795 2745
1796 2053
1798 2627
1799 2897
1801 2671
1802 2650
1803 1841
1803 1870
1803 2049
1803 2149
1803 2395
1804 2161
1804 3024
1805 2534
1805 2817
1806 2658
1807 1811
1808 2886
1809 2649
1809 2831
1811 1814
1811 2022
1811 2117
1811 2469
1812 2702
1813 2110
1813 2580
1814 2110
1815 2550
1815 2582
1816 2370
1816 2432
1817 2534
1818 2296
1819 2911
1820 1847
1820 1869
1820 1898
1820 2638
1820 2714
1821 1828
1821 2304
1823 2432
1823 2946
1824 1921
1824 2022
1824 2102
1824 2736
1825 2053
1825 2406
1827 2671
1827 2909
1828 2427
1828 2586
1828 2753
1828 2888
1828 2925
1829 2446
1830 2580
1831 2208
1831 2723
1833 1898
1833 2163
1833 2164
1833 3051
1835 1941
1835 2088
1835 2399
1836 2704
1837 1871
1837 2340
1837 2713
1837 2717
1837 2726
1838 1909
1838 2140
1838 2935
1839 2645
1841 2184
1842 2017
1842 2193
1842 2679
1842 2876
1844 2768
1845 2039
1845 2112
1845 2230
1846 2383
1846 3021
1847 2675
1848 1923
1848 2700
1849 2064
1850 2578
1850 2882
1851 1874
1853 2226
1853 2543
1853 2584
1853 3020
1854 3021
1855 2039
1855 2725
1856 2564
1856 2634
1857 2245
1857 2511
1858 2162
1859 2542
1859 2891
1860 2471
1860 2498
1862 2210
1862 2865
1863 2552
1863 2644
1864 1913
1864 3025
1865 2043
1865 2186
1865 2328
1865 3008
1866 2965
1867 2524
1868 2751
1869 2188
1870 2325
1871 2067
1872 2424
1872 2972
1873 1881
1874 2318
1874 2640
1874 2765
1875 2620
1875 2681
1875 2791
1875 2931
1875 3044
1876 2307
1876 2965
1877 2002
1878 2004
1878 2050
1878 2949
1878 2980
1880 2432
1881 1889
1881 2057
1881 2107
1881 2482
1881 2769
1881 2836
1881 3032
1882 2435
1882 2685
1883 2216
1884 2023
1884 2132
1884 2350
1884 2367
1884 2790
1885 2946
1887 2362
1888 2109
1889 2524
1889 3014
1890 1968
1892 2126
1893 2362
1893 3013
1894 2364
1895 2671
1897 2787
1898 2431
1899 2627
1899 2823
1900 2497
1900 2770
1901 2417
1902 2446
1903 2283
1905 2488
1905 2747
1905 2864
1905 2953
1907 2020
1907 2071
1907 2237
1907 2359
1907 2601
1908 1997
1909 1950
1909 2255
1909 2298
1909 2356
1909 2372
1909 3001
1910 2780
1911 1996
1911 2645
1912 2115
1912 2245
1913 2068
1913 2214
1913 2434
1913 2813
1913 2985
1914 2541
1914 2722
1916 2258
1919 2827
1919 2929
1920 2895
1921 3035
1923 2032
1923 2209
1923 2906
1923 3000
1925 2564
1925 2635
1926 2153
1927 2194
1929 2004
1929 2056
1929 2182
1929 2902
1929 2994
1930 2651
1931 2831
1932 2011
1932 2067
1933 2675
1935 2545
1935 2578
1936 2746
1939 2219
1939 2262
1939 2439
1939 2494
1939 2839
1940 2312
1940 2847
1941 2214
1941 2740
1941 2750
1941 2873
1942 2406
1942 2564
1943 2159
1943 2465
1943 2539
1943 2870
1944 2251
1944 2540
1946 2399
1946 2658
1947 2589
1948 2230
1949 2542
1951 2886
1953 2340
1954 1968
1955 2230
1956 2245
1956 2431
1956 2827
1957 2685
1958 2564
1960 2891
1961 2336
1961 2868
1962 2881
1962 2954
1963 2961
1964 2165
1964 2770
1965 2090
1965 2211
1965 2488
1965 2683
1965 2980
1965 2994
1966 2751
1966 2811
1967 2967
1968 2225
1968 2276
1968 2302
1968 2941
1969 2330
1970 2411
1970 2510
1971 2126
1972 2616
1973 2196
1973 2852
1974 2036
1975 2011
1975 2582
1976 2564
1976 2735
1977 2432
1978 2162
1980 2227
1980 2301
1980 2359
1980 2478
1980 2941
1981 1982
1981 2727
1982 2527
1982 2766
1982 2971
1982 3045
1983 2053
1983 2582
1984 2540
1984 2815
1985 2961
1986 2165
1987 3030
1988 2940
1988 2972
1989 2690
1989 2950
1990 2884
1991 2718
1992 2217
1992 2432
1994 2649
1994 2835
1994 2882
1995 2230
1996 2092
1996 2222
1996 2565
1997 2128
1997 2444
1999 2161
1999 2671
2002 2037
2004 2161
2005 2153
2005 2540
2008 2342
2008 2392
2010 2024
2011 2108
2011 2412
2011 2706
2012 2202
2012 2485
2012 2621
2014 2751
2015 2019
2015 2577
2015 2608
2015 2731
2015 2755
2015 3049
2018 2196
2018 2847
2020 2844
2021 2831
2023 2650
2024 2602
2024 2720
2024 2721
2024 2904
2024 3005
2025 2406
2026 2283
2026 2743
2027 2582
2027 2893
2028 2510
2029 2817
2030 2635
2030 2911
2031 2165
2031 2217
2031 2946
2032 2865
2033 2935
2033 3036
2034 2143
2034 2220
2034 2681
2034 3050
2035 2795
2035 3024
2036 2295
2036 2301
2036 2324
2036 2806
2036 3057
2037 2194
2038 3026
2039 2100
2039 2224
2039 2434
2039 2807
2039 2900
2040 2770
2040 3030
2041 2148
2041 2699
2041 2949
2041 3018
2042 2194
2043 2362
2044 2270
2044 2649
2045 2216
2045 2722
2046 2126
2046 2299
2046 2819
2047 2435
2048 2582
2049 2079
2050 2471
2051 2126
2051 2814
2052 2384
2052 3036
2053 2227
2053 2660
2053 2745
2053 2866
2054 2205
2055 2115
2058 2552
2059 2664
2061 2884
2061 2935
2063 2690
2063 3013
2064 2696
2065 2188
2065 2493
2067 2107
2067 2354
2067 2585
2067 2772
2067 2993
2067 3052
2068 2522
2069 2113
2069 2299
2070 2424
2070 2805
2072 2817
2073 2088
2073 2702
2074 2113
2074 2342
2075 2162
2076 2746
2077 3017
2079 2271
2079 2515
2079 2601
2079 2941
2079 2977
2079 3040
2080 2725
2080 2895
2082 2364
2084 2751
2085 2304
2085 2598
2085 2823
2089 2194
2089 2258
2091 2633
2092 2692
2092 2780
2093 2142
2095 2162
2097 2417
2097 2743
2099 2702
2100 2417
2100 2770
2101 2616
2101 2929
2102 2685
2104 2270
2105 2951
2108 2510
2109 2267
2109 2456
2109 2822
2110 2241
2111 2392
2111 2751
2112 2366
2112 2600
2112 2659
2112 2942
2113 2278
2113 2588
2113 2764
2113 3003
2114 2754
2115 2121
2115 2147
2115 2475
2115 2477
2115 2903
2118 2735
2119 2852
2119 3033
2120 2319
2120 2363
2120 2608
2122 2446
2123 2270
2124 2232
2124 2429
2124 2448
2124 2567
2124 2734
2124 2989
2125 2589
2126 2341
2127 3014
2128 2245
2131 2825
2133 2160
2133 2252
2134 2399
2136 2210
2136 2283
2136 2571
2137 2664
2138 2616
2139 2441
2140 2267
2140 2316
2140 2443
2140 2473
2140 2574
2141 2534
2142 2642
2142 2703
2142 2749
2142 2869
2143 2331
2144 3013
2145 2692
2146 2578
2146 2723
2147 2296
2150 2235
2151 2768
2152 2252
2152 2787
2152 3030
2153 2167
2153 2563
2153 2595
2154 2362
2155 2935
2155 3026
2158 2524
2158 2972
2159 2827
2160 2375
2160 2546
2160 3031
2161 2178
2161 2438
2161 2997
2162 2430
2162 2500
2162 2647
2162 2672
2165 2277
2165 2551
2165 2807
2166 2274
2167 2886
2169 2304
2169 2835
2172 2180
2172 2498
2173 3033
2174 2940
2175 2727
2175 2795
2175 2895
2177 2690
2178 2795
2179 2217
2179 2946
2180 2250
2180 2774
2181 2757
2181 2847
2183 2865
2184 2204
2184 2523
2184 2977
2184 3028
2185 2383
2186 2384
2187 2768
2187 2951
2188 2390
2189 2616
2189 2704
2191 2397
2191 2817
2192 2723
2192 2835
2194 2286
2194 2294
2194 2579
2194 2875
2195 2599
2196 2484
2196 2695
2200 2205
2200 2702
2201 2879
2202 2923
2203 2650
2204 2556
2205 2263
2205 2530
2205 2987
2206 2304
2208 2730
2208 2885
2210 2298
2210 2763
2210 2995
2211 3024
2212 2568
2213 2923
2215 2253
2215 2336
2216 2277
2216 2355
2216 2428
2217 2701
2217 2853
2217 2861
2220 2965
2221 2897
2224 2253
2225 2541
2225 2844
2228 2893
2229 2976
2230 2659
2231 2442
2234 2692
2235 2478
2235 2536
2235 2796
2235 2866
2235 2930
2236 2746
2238 2541
2238 2634
2239 2296
2241 2599
2241 2685
2242 2811
2243 2692
2244 2897
2245 2482
2245 2656
2245 2906
2246 2392
2246 2634
2247 2635
2248 2435
2248 2886
2249 2417
2250 2644
2251 2294
2251 2313
2251 2357
2251 3005
2252 2605
2253 2433
2253 2600
2253 3023
2254 2817
2254 3021
2255 2580
2256 2658
2257 2825
2258 2455
2258 2809
2260 2307
2261 2406
2264 2819
2265 2644
2266 2582
2266 2891
2268 2868
2269 2399
2269 2768
2270 2298
2270 2800
2271 2819
2274 2402
2274 2512
2274 2515
2274 2784
2275 2664
2276 3017
2277 2700
2278 2865
2280 2599
2281 2452
2282 2868
2282 3014
2283 2438
2283 2812
2284 2940
2287 2417
2288 2895
2291 2770
2292 2499
2293 3030
2296 2343
2296 2416
2296 2894
2297 2502
2297 2550
2299 2346
2299 2917
2299 2944
2302 2811
2302 3025
2303 2541
2303 2852
2304 2990
2305 2845
2305 2879
2307 2398
2313 2704
2313 2950
2314 2735
2315 2722
2318 2735
2318 2911
2319 2564
2321 2541
2322 2329
2322 2426
2322 2695
2322 2957
2323 2868
2324 2677
2325 2549
2325 2665
2326 2940
2326 3026
2327 2967
2328 2967
2329 2589
2329 2757
2330 3047
2331 2632
2331 2662
2332 2675
2333 2787
2335 2510
2335 2692
2336 2375
2336 2641
2337 2921
2339 2884
2340 2986
2342 2586
2342 2728
2343 2633
2345 2575
2345 2894
2347 2939
2347 3013
2348 2604
2348 2780
2353 2650
2353 2976
2355 2417
2356 3035
2358 2735
2360 2986
2361 2844
2362 2481
2362 2637
2362 2856
2362 2899
2362 2944
2364 2738
2364 2767
2364 2829
2364 3051
2368 2972
2369 2397
2370 2908
2370 2943
2371 2383
2371 3047
2376 2448
2376 2463
2376 2623
2377 2702
2378 2531
2378 2562
2378 2656
2378 2836
2379 2808
2382 2491
2382 2597
2382 2694
2383 2987
2384 2462
2384 2602
2384 2732
2384 2792
2387 2847
2389 2556
2392 2520
2392 2590
2392 2870
2392 2919
2392 3056
2396 2704
2397 2473
2397 2862
2397 3015
2399 2710
2399 2848
2401 3025
2403 2540
2404 2658
2407 2658
2408 2704
2410 2718
2411 2800
2412 2502
2414 2972
2415 2435
2417 2966
2418 2542
2418 2582
2419 2675
2421 2811
2421 2852
2423 2834
2424 2538
2424 2858
2424 2874
2424 2920
2424 2974
2425 2571
2427 2498
2428 2817
2431 2576
2431 2583
2431 2915
2432 2558
2432 2991
2433 2897
2435 2518
2435 2756
2435 2775
2437 2571
2437 2827
2438 2950
2440 2814
2441 2447
2441 2687
2441 2948
2442 2466
2442 2583
2442 2786
2442 2851
2446 2551
2446 2566
2446 2900
2446 2918
2447 2825
2447 3024
2449 2865
2453 2770
2454 2467
2456 2884
2456 3026
2458 2556
2458 2921
2459 2658
2460 2719
2460 2766
2460 2928
2460 3007
2461 2545
2462 2690
2462 2746
2464 2651
2466 2568
2467 2733
2467 3010
2468 2634
2469 2951
2470 2831
2471 2501
2474 2757
2474 2852
2475 2986
2476 2935
2479 2634
2483 2510
2485 2808
2485 2884
2486 2879
2486 2950
2488 2580
2490 2670
2490 2728
2493 2647
2493 2680
2496 2817
2497 2661
2498 2665
2498 2917
2499 2538
2500 3053
2501 2819
2502 2707
2502 2758
2503 3033
2505 2895
2507 2616
2509 2552
2510 2553
2511 2576
2511 2969
2514 2534
2517 2998
2519 2685
2520 2651
2521 2961
2522 2539
2522 2919
2523 2644
2524 2712
2524 2855
2525 2586
2525 2978
2526 2664
2526 3021
2527 2578
2527 2831
2528 2718
2529 2633
2534 2987
2534 3029
2535 3013
2536 2893
2540 2732
2541 2592
2545 2591
2547 2976
2548 3055
2549 2808
2549 2819
2550 2724
2550 3052
2554 2780
2554 2911
2556 2767
2556 2782
2559 2854
2560 2854
2561 3026
2561 3035
2564 2648
2564 2905
2568 2638
2568 2828
2568 2906
2569 2986
2570 2868
2571 2764
2572 2950
2573 2823
2573 2831
2574 2946
2578 2960
2580 2612
2589 2606
2589 3054
2591 2825
2591 3026
2592 2751
2593 3053
2598 2714
2598 2740
2599 2899
2599 2962
2603 2884
2604 2693
2604 2786
2604 2955
2614 2677
2615 2635
2615 3017
2617 2768
2618 3017
2619 2814
2619 2834
2623 2743
2624 2805
2626 3024
2627 2841
2628 3025
2629 3033
2630 2884
2630 3014
2631 2886
2633 2672
2633 3043
2634 2667
2635 2679
2635 3041
2637 2950
2640 2845
2644 2872
2644 2945
2644 2973
2646 2950
2649 2772
2649 2778
2649 2801
2649 2980
2650 2905
2651 2954
2651 3049
2658 3038
2664 2672
2664 2756
2664 3049
2666 3014
2667 2811
2670 2882
2671 2694
2671 2853
2671 2991
2671 2994
2671 3018
2675 2829
2676 2770
2677 2790
2677 2794
2679 2787
2680 2787
2682 2854
2683 2795
2684 2805
2687 2834
2689 2950
2690 2760
2690 2996
2692 2914
2692 2975
2693 2923
2697 2718
2697 2814
2702 2733
2702 2988
2702 3022
2705 2921
2706 2835
2709 2923
2712 2757
2715 2911
2718 2873
2722 2740
2722 3016
2722 3042
2723 2902
2725 2799
2727 2779
2729 2808
2731 2817
2734 2844
2735 2849
2735 2876
2738 2805
2739 2834
2739 3053
2741 2835
2746 2748
2746 2763
2749 2834
2751 2905
2754 2797
2754 2859
2754 2910
2755 2939
2756 2768
2757 2889
2757 3002
2765 2879
2767 2972
2768 2785
2768 2922
2770 2892
2773 2886
2777 2911
2780 2896
2781 2827
2783 2814
2783 2998
2785 2946
2785 3055
2787 2992
2791 2921
2793 3013
2798 2909
2798 2946
2805 2837
2805 3048
2811 2820
2815 2908
2815 2916
2815 3005
2818 2909
2822 2951
2825 2984
2826 2879
2827 2828
2827 2913
2830 3055
2832 2879
2834 2860
2837 2940
2841 2895
2841 2965
2844 2959
2844 3020
2845 2859
2846 3053
2848 2951
2850 2923
2852 2933
2852 2982
2853 3055
2854 3002
2854 3029
2855 2961
2858 3014
2863 3017
2864 3053
2867 2911
2869 3024
2878 2921
2879 2907
2880 2921
2880 3047
2882 2885
2882 3046
2883 2929
2912 3021
2917 2998
2921 2993
2922 3036
2924 3026
2929 3000
2929 3003
2931 2965
2935 3019
2951 2995
2953 3035
2961 2983
2971 3030
2972 3032
2978 3014
2985 3033
2988 3021
2998 2999
3000 3047
3006 3013
3013 3015
3022 3047
