2640 5760
0 250
0 580
0 2456
1 1397
1 1581
1 1672
2 770
2 828
2 1497
3 126
3 1484
3 2219
4 477
4 859
4 867
4 922
4 1731
4 1867
4 2303
4 2562
5 564
5 1130
5 1184
6 85
6 1215
6 2190
7 181
7 1239
7 1414
8 851
8 1914
8 2282
9 1840
9 1904
9 2217
10 189
10 310
10 2502
11 458
11 1103
11 1733
12 37
12 691
12 714
13 277
13 787
13 1276
13 1336
13 1400
13 1597
13 2008
13 2135
14 196
14 622
14 776
15 600
15 1215
15 2192
16 48
16 303
16 1780
17 263
17 384
17 397
17 957
17 1111
17 1429
17 1522
17 2275
18 1269
18 1494
18 2187
19 190
19 1807
19 2338
20 380
20 739
20 2310
21 603
21 703
21 2090
22 122
22 2065
22 2564
23 160
23 183
23 385
23 618
23 1048
23 1156
23 1462
23 2141
24 674
24 1714
24 1787
25 555
25 1884
25 2500
26 155
26 373
26 480
26 864
26 1264
26 1820
26 2348
26 2517
27 163
27 233
27 722
27 1066
27 1250
27 1501
27 1589
27 2188
28 1063
28 2052
28 2512
29 579
29 827
29 1845
30 31
30 190
30 2074
31 73
31 568
31 877
31 1298
31 1437
31 2097
31 2528
32 1134
32 1924
32 2321
33 463
33 938
33 1784
34 209
34 2022
34 2559
35 1540
35 1660
35 1740
36 1259
36 1709
36 2504
37 107
37 164
37 305
37 538
37 587
37 1675
37 1797
38 728
38 1956
38 2581
39 408
39 580
39 2567
40 208
40 1327
40 1999
41 367
41 1081
41 1840
42 114
42 291
42 414
43 318
43 1407
43 1558
43 1886
43 1957
43 2008
43 2398
43 2556
44 634
44 1794
44 2557
45 197
45 752
45 800
45 820
45 873
45 1688
45 2059
45 2149
46 78
46 276
46 1904
47 291
47 627
47 2022
48 544
48 1170
48 1246
48 1569
48 1621
48 1654
48 1796
49 542
49 772
49 1114
49 1480
49 1730
49 2372
49 2508
49 2600
50 768
50 1081
50 1293
51 318
51 865
51 1048
51 1273
51 1451
51 2015
51 2168
51 2612
52 201
52 239
52 572
52 621
52 1024
52 1029
52 1998
52 2311
53 159
53 611
53 2525
54 230
54 483
54 721
54 933
54 1249
54 1250
54 1372
54 1539
55 771
55 1440
55 1865
56 774
56 1013
56 1899
57 509
57 810
57 1208
57 1358
57 1582
57 1938
57 2238
57 2254
58 418
58 883
58 2399
59 196
59 2167
59 2478
60 276
60 1982
60 2269
61 82
61 93
61 530
61 565
61 961
61 1634
61 1670
61 2337
62 897
62 1198
62 1207
62 1325
62 1798
62 2019
62 2058
62 2172
63 549
63 1212
63 2070
64 88
64 96
64 316
64 1044
64 1230
64 1387
64 2266
64 2449
65 1128
65 1757
65 1781
66 737
66 771
66 2457
67 320
67 2487
67 2559
68 497
68 696
68 915
68 1396
68 1511
68 1514
68 2264
68 2438
69 265
69 883
69 1067
70 1184
70 2170
70 2203
71 2242
71 2382
71 2619
72 1268
72 1365
72 2564
73 176
73 435
74 100
74 1091
74 2430
75 432
75 723
75 1672
76 261
76 588
76 636
76 1236
76 1455
76 1579
76 1828
76 1881
77 451
77 1212
77 1243
78 538
78 589
78 972
78 1763
78 2143
78 2200
78 2435
79 1011
79 1854
79 2109
80 1319
80 1438
80 2120
81 1708
81 2065
81 2599
82 1899
82 2045
83 449
83 950
83 1022
84 771
84 2037
84 2331
85 95
85 319
85 366
85 1248
85 1466
85 1939
85 1966
86 287
86 1121
86 2029
87 411
87 1157
87 1376
88 463
88 2518
89 910
89 1460
89 2109
90 908
90 2120
90 2198
91 619
91 2088
91 2446
92 686
92 2167
92 2301
93 709
93 1288
94 199
94 212
94 374
94 1377
94 1542
94 1761
94 2286
94 2381
95 938
95 2071
96 1555
96 1786
97 1785
97 2052
97 2193
98 421
98 1221
98 1892
99 506
99 740
99 1734
99 1773
99 2083
99 2260
99 2355
99 2356
100 343
100 346
100 1024
100 1435
100 1912
100 2329
100 2395
101 379
101 889
101 1262
102 1026
102 1909
102 2430
103 438
103 1476
103 1686
104 229
104 600
104 1074
105 207
105 707
105 2312
106 368
106 2082
106 2187
107 377
107 748
108 1376
108 1598
108 1952
109 124
109 421
109 1087
110 334
110 1130
110 2204
111 973
111 1287
111 2502
112 122
112 467
112 1740
113 326
113 1168
113 2599
114 376
114 462
114 740
114 1001
114 1272
114 2319
114 2522
115 1622
115 2070
115 2629
116 228
116 492
116 1266
116 2086
116 2144
116 2226
116 2313
116 2355
117 523
117 545
117 672
117 1633
117 1695
117 1806
117 1879
117 1997
118 950
118 1221
118 2167
119 807
119 1934
119 1952
120 821
120 1812
120 2596
121 299
121 357
121 460
121 1084
121 1959
121 2096
121 2277
121 2467
122 469
122 781
122 1366
122 2119
122 2367
122 2425
123 377
123 484
123 1846
124 548
124 1593
124 1626
124 1691
124 1801
124 2230
124 2285
125 1020
125 1615
125 2482
126 213
126 527
126 1101
126 1505
126 1585
126 2050
126 2214
127 1385
127 1577
127 2327
128 486
128 2598
128 2626
129 276
129 996
129 1125
130 195
130 472
130 900
130 958
130 2472
130 2513
130 2593
130 2602
131 181
131 728
131 1914
132 1349
132 1496
132 2382
133 207
133 2102
133 2350
134 831
134 975
134 2536
135 405
135 580
135 757
136 686
136 1193
136 2005
137 929
137 1639
137 1696
138 817
138 957
138 966
138 1286
138 1295
138 1525
138 1642
138 2201
139 1047
139 1194
139 1779
140 619
140 774
140 1448
141 294
141 1268
141 1708
142 1221
142 1395
142 1753
143 580
143 1232
143 1404
144 1055
144 1125
144 1584
145 519
145 2478
145 2511
146 209
146 751
146 1397
147 1074
147 1119
147 2301
148 223
148 1363
148 2368
149 346
149 364
149 1379
149 1466
149 1879
149 2390
149 2437
149 2584
150 233
150 322
150 563
150 1196
150 1199
150 1562
150 1680
150 2243
151 654
151 766
151 815
151 2067
151 2131
151 2246
151 2347
151 2348
152 386
152 1571
152 2426
153 573
153 763
153 1172
153 1488
153 1651
153 1830
153 2038
153 2333
154 927
154 1897
154 1924
155 1624
155 1632
156 446
156 1119
156 2295
157 1127
157 1382
157 2564
158 768
158 1598
158 1630
159 357
159 508
159 718
159 1405
159 1406
159 2038
159 2575
160 519
160 1864
161 711
161 908
161 1891
162 861
162 1483
162 1486
163 222
163 1686
164 774
164 1078
165 188
165 369
165 531
165 769
165 1101
165 1218
165 1611
165 2315
166 387
166 447
166 526
166 1514
166 1927
166 2056
166 2516
166 2519
167 2111
167 2477
167 2525
168 411
168 1819
168 1909
169 594
169 1840
169 2156
170 689
170 1067
170 1169
171 175
171 1064
171 1077
171 1426
171 1737
171 1773
171 2229
171 2272
172 689
172 725
172 2581
173 920
173 1306
173 1401
173 1492
173 1841
173 2362
173 2561
173 2627
174 1393
174 1612
174 1989
175 821
175 852
176 659
176 693
176 824
176 850
176 1800
176 1961
176 2114
177 465
177 1355
177 1503
177 1513
177 1869
177 1993
177 2194
177 2245
178 770
178 1818
178 1931
179 1121
179 1535
179 1617
180 790
180 2295
180 2629
181 206
181 524
181 1235
181 1357
181 1673
181 2000
182 597
182 1433
182 1667
182 1912
182 2053
182 2110
182 2393
182 2470
183 457
183 2571
184 599
184 880
184 2377
185 188
185 496
185 1361
185 2084
185 2177
185 2263
185 2496
185 2548
186 1130
186 1269
186 1568
187 831
187 1753
187 1762
188 333
189 503
189 597
189 992
189 1315
189 2353
189 2391
189 2412
190 203
190 225
190 1224
190 1280
190 1527
190 2379
191 1365
191 1708
191 2549
192 1438
192 2134
192 2236
193 848
193 1060
193 2251
194 390
194 605
194 702
194 1017
194 1625
194 2320
194 2373
194 2375
195 289
195 728
196 577
196 992
196 1458
196 1814
196 2003
196 2095
197 629
197 2111
198 717
198 1086
198 1364
198 1750
198 2348
198 2509
198 2537
198 2544
199 451
199 1659
200 201
200 271
200 415
200 845
200 1418
200 1808
200 2076
200 2420
201 1193
202 203
202 342
202 676
202 693
202 1398
202 1493
202 1852
202 2106
203 1059
204 278
204 471
204 1027
204 1090
204 2015
204 2091
204 2335
204 2623
205 229
205 1897
205 2512
206 1662
206 2022
207 812
207 858
207 1455
207 1538
207 1589
207 1803
208 341
208 1032
208 1064
208 1452
208 2009
208 2123
208 2174
209 241
209 1142
209 1479
209 1578
209 2346
209 2577
210 2299
210 2310
210 2596
211 603
211 2183
211 2529
212 834
212 1417
213 298
213 2635
214 527
214 794
214 1095
214 1126
214 1836
214 2116
214 2383
214 2579
215 1081
215 2242
215 2433
216 453
216 818
216 2159
217 1632
217 2434
217 2446
218 668
218 926
218 1871
219 1150
219 2377
219 2614
220 594
220 994
220 1787
221 942
221 1423
221 1914
222 378
222 508
222 847
222 1153
222 1346
222 1420
222 2400
223 373
223 387
223 550
223 1023
223 1181
223 1805
223 2450
224 479
224 1411
224 1507
224 1723
224 1913
224 2031
224 2414
224 2516
225 1757
225 2328
226 863
226 1130
226 1267
227 1238
227 1832
227 2536
228 2299
228 2324
229 299
229 378
229 712
229 1339
229 1905
229 2333
230 640
230 1759
231 487
231 963
231 2074
232 714
232 753
232 1780
233 761
234 816
234 1293
234 1500
235 1483
235 1884
235 1977
236 1584
236 2616
236 2635
237 1128
237 1832
237 2500
238 362
238 473
238 1665
239 890
239 2005
240 1238
240 1817
240 2256
241 2169
241 2518
242 641
242 1335
242 1897
243 275
243 674
243 994
244 337
244 668
244 2210
245 452
245 1238
245 2132
246 759
246 1121
246 1363
247 333
247 2152
247 2187
248 476
248 477
248 576
248 1005
248 1077
248 1808
248 2011
248 2603
249 449
249 714
249 2082
250 413
250 1018
250 1341
250 1399
250 1524
250 2488
250 2633
251 998
251 1448
251 2269
252 1575
252 1714
252 2619
253 499
253 1332
253 1974
254 758
254 900
254 1017
254 1384
254 1408
254 1656
254 1760
254 2480
255 1019
255 1404
255 1568
256 981
256 1284
256 2525
257 1293
257 2406
257 2639
258 751
258 1113
258 1785
259 723
259 1385
259 2617
260 1108
260 2005
260 2617
261 2004
261 2529
262 487
262 1494
262 2282
263 434
263 2134
264 641
264 1052
264 1133
265 884
265 1024
265 1043
265 1596
265 2077
265 2103
265 2231
266 894
266 1535
266 1962
267 576
267 789
267 1543
267 1680
267 1928
267 2216
267 2304
267 2608
268 678
268 1223
268 2099
269 890
269 1103
269 2404
270 1115
270 1355
270 1416
270 1712
270 2279
270 2314
270 2335
270 2453
271 1108
271 2327
272 1504
272 2340
272 2441
273 355
273 458
273 2005
274 289
274 803
274 1390
275 663
275 947
275 1110
275 1205
275 1342
275 1560
275 2475
276 566
276 578
276 1086
276 1372
276 2151
277 358
277 2208
278 1415
278 2179
279 564
279 1740
279 2599
280 697
280 741
280 1084
280 1208
280 1793
280 2146
280 2308
280 2389
281 785
281 796
281 917
281 1001
281 1297
281 1445
281 1700
281 1836
282 1203
282 1662
282 2461
283 529
283 645
283 1730
283 1743
283 1949
283 2043
283 2178
283 2388
284 306
284 1108
284 2327
285 363
285 1051
285 1177
285 1480
285 1874
285 2093
285 2283
285 2554
286 1376
286 1934
286 2434
287 582
287 826
287 1023
287 1266
287 1348
287 1870
287 1893
288 655
288 777
288 1012
288 1183
288 1201
288 1635
288 1728
288 2285
289 671
289 680
289 1625
289 2032
289 2178
289 2330
290 911
290 1592
290 2070
291 348
291 1107
291 1197
291 1963
291 2579
291 2610
292 467
292 2563
292 2599
293 445
293 867
293 974
293 1855
293 2207
293 2326
293 2583
293 2601
294 676
294 1175
294 1744
294 1853
294 2034
294 2212
294 2281
295 997
295 1018
295 1347
295 1441
295 1710
295 1992
295 2178
295 2501
296 926
296 1363
296 1979
297 882
297 1460
297 2639
298 442
298 872
298 1368
298 1983
298 2452
298 2562
298 2582
299 1150
300 904
300 1269
300 1448
301 506
301 1039
301 1141
301 1244
301 1311
301 1473
301 1693
301 2008
302 603
302 1222
302 1898
303 814
303 1076
303 1557
303 1679
303 2281
303 2349
303 2466
304 342
304 540
304 1139
304 1410
304 1470
304 1567
304 2294
304 2444
305 1271
305 1865
306 535
306 568
306 868
306 1250
306 1472
306 1549
306 1641
307 994
307 1226
307 2619
308 394
308 581
308 837
308 1009
308 1253
308 1503
308 1878
308 2388
309 1020
309 1157
309 1663
310 390
310 642
310 1242
310 1457
310 1604
310 2480
310 2513
311 1155
311 1190
311 1244
311 1323
311 1485
311 2124
311 2531
311 2618
312 678
312 1099
312 2136
313 1059
313 1128
313 1583
314 1165
314 1534
314 2195
315 403
315 841
315 1159
315 1231
315 1741
315 1748
315 2063
315 2104
316 1397
316 2559
317 1715
317 1809
317 2269
318 2183
319 1629
319 2064
320 840
320 1045
320 1179
320 1413
320 1694
320 1768
320 2149
321 703
321 2004
321 2350
322 1157
322 2482
323 1169
323 1904
323 2014
324 408
324 861
324 955
325 959
325 1388
325 2350
326 892
326 979
326 1177
326 1366
326 1620
326 2218
326 2467
327 577
327 741
327 773
327 1475
327 1732
327 1981
327 2273
327 2432
328 677
328 752
328 888
328 977
328 1142
328 1323
328 1387
328 1619
329 641
329 2411
329 2477
330 1686
330 2378
330 2632
331 894
331 1899
331 2088
332 635
332 748
332 1953
333 727
333 1100
333 1466
333 1707
333 2069
333 2386
334 546
334 701
334 1283
334 1559
334 1750
334 2387
334 2498
335 556
335 759
335 1953
336 831
336 1898
336 2251
337 658
337 677
337 752
337 860
337 1182
337 1603
337 2104
338 398
338 1802
338 2632
339 709
339 1216
339 2567
340 510
340 1995
340 2208
341 2046
341 2399
342 670
343 522
343 686
344 564
344 2004
344 2179
345 827
345 1615
345 2170
346 2162
347 1167
347 1528
347 2553
348 2179
348 2312
349 1424
349 1948
349 2534
350 570
350 2153
350 2183
351 486
351 1612
351 2190
352 1148
352 1736
352 1901
353 973
353 1499
353 1980
354 723
354 2399
354 2448
355 1418
355 1645
355 1777
355 1867
355 1928
355 2148
355 2229
356 359
356 511
356 520
356 895
356 1585
356 1896
356 2460
356 2547
357 1709
358 428
358 1045
358 1454
358 1459
358 2294
358 2453
358 2481
359 1022
359 2204
360 1157
360 2170
360 2392
361 536
361 1226
361 1762
362 500
362 1230
362 1274
362 1479
362 1503
362 1682
362 2230
363 579
363 2482
364 1496
364 1759
365 641
365 1074
365 1960
366 667
366 737
367 441
367 825
367 892
367 905
367 948
367 1576
367 1727
368 526
368 546
368 655
368 1270
368 1360
368 1816
368 2031
369 996
369 1022
370 619
370 1013
370 2113
371 418
371 1929
371 2526
372 723
372 1662
372 2327
373 1903
374 1516
374 2426
375 487
375 1395
375 2082
376 478
376 484
377 420
377 601
377 793
377 1210
377 1240
377 2239
378 1622
379 550
379 642
379 1143
379 2223
379 2373
379 2517
379 2602
380 653
380 1097
380 1177
380 1829
380 1910
380 2372
380 2554
381 620
381 716
381 1536
381 1593
381 1635
381 1748
381 1966
381 2523
382 391
382 1888
382 2563
383 934
383 1301
383 1915
384 1837
384 1854
385 1502
385 1901
386 501
386 786
386 936
386 947
386 1554
386 1972
386 2510
387 1617
388 1304
388 2136
388 2401
389 499
389 833
389 2448
390 1840
391 1315
391 1930
391 1968
391 2003
391 2293
391 2489
391 2560
392 1011
392 1583
392 2637
393 446
393 790
393 1842
394 1518
394 1630
395 1166
395 2256
395 2427
396 408
396 710
396 1665
397 491
397 710
398 1303
398 1542
398 2094
398 2202
398 2228
398 2394
398 2466
399 1068
399 1985
399 2109
400 583
400 1064
400 1270
400 1403
400 1764
400 1778
400 1926
400 2498
401 852
401 1389
401 1415
402 1780
402 1979
402 2557
403 2403
403 2530
404 1060
404 1082
404 2629
405 970
405 995
405 997
405 1373
405 1532
405 1853
405 2096
406 1016
406 1787
406 2089
407 536
407 1063
407 2511
408 460
408 1314
408 1347
408 1744
408 2405
409 803
409 1936
409 2592
410 804
410 890
410 1393
411 497
411 589
411 1437
411 1608
411 2137
411 2464
412 1556
412 2046
412 2125
413 833
413 1031
414 595
414 858
414 1297
414 2101
414 2105
414 2239
414 2241
415 424
415 710
416 1020
416 1812
416 2493
417 635
417 667
417 2099
418 591
418 943
418 1247
418 1687
418 1919
418 2415
419 1133
419 1255
419 2532
420 1784
420 2210
421 961
421 1229
421 1521
421 1730
421 2413
421 2638
422 2195
422 2378
422 2482
423 578
423 802
423 847
423 1066
423 1545
423 1558
423 2421
423 2568
424 442
424 976
424 1151
424 1495
424 1887
424 2326
424 2451
425 1121
425 1486
425 2368
426 1186
426 1568
426 1696
427 1929
427 1936
427 1990
428 510
428 1592
429 1133
429 1232
429 1851
430 1319
430 1953
430 2195
431 536
431 1665
431 2518
432 798
432 995
432 1111
432 1149
432 1151
432 1314
432 2076
433 2210
433 2350
433 2529
434 571
434 1061
434 1120
434 1137
434 1436
434 1449
434 2237
435 468
435 1331
435 1427
435 1442
435 2307
435 2379
435 2442
436 2099
436 2190
436 2338
437 628
437 744
437 930
437 1070
437 2264
437 2283
437 2359
437 2539
438 498
438 1400
438 1409
438 1473
438 2168
438 2257
438 2568
439 699
439 1156
439 1470
439 1769
439 2010
439 2314
439 2408
439 2628
440 1282
440 2158
440 2167
441 1652
441 2109
442 452
443 641
443 1622
443 1948
444 638
444 1311
444 1428
444 1582
444 1692
444 1739
444 2117
444 2243
445 944
445 1891
446 665
446 968
446 1814
446 1937
446 1981
446 2627
447 1779
447 2037
448 453
448 1571
448 2089
449 639
449 1062
449 1206
449 1679
449 1958
449 2063
450 790
450 1074
450 1571
451 941
451 1005
451 1477
451 1919
451 1954
451 2229
452 636
452 683
452 895
452 1038
452 2439
452 2540
453 585
453 780
453 795
453 1972
453 2286
453 2470
454 904
454 1483
454 2500
455 1349
455 1845
455 2363
456 709
456 1020
456 1291
457 705
457 801
457 819
457 846
457 1312
457 1917
457 2018
458 901
458 1122
458 1273
458 1808
458 1944
458 2492
459 556
459 973
459 1540
460 1802
461 525
461 986
461 2078
462 821
462 1552
463 829
463 1120
463 1185
463 1295
463 1479
463 2523
464 711
464 1203
464 2503
465 1812
465 2193
466 1652
466 1898
466 2078
467 1170
467 1386
467 2002
467 2157
467 2268
467 2490
468 1781
468 2617
469 1708
469 2312
470 558
470 1862
470 2100
471 1388
471 2321
472 942
472 2014
473 541
473 805
473 1093
473 1104
473 1173
473 1489
473 2177
474 1785
474 1842
474 2321
475 510
475 2199
475 2417
476 1075
476 2005
477 1288
478 679
478 1008
478 1104
478 1201
478 1328
478 1633
478 2520
479 739
479 1319
480 1478
480 1843
481 809
481 1516
481 2380
482 619
482 1837
482 2342
483 570
483 575
484 644
484 960
484 1006
484 1976
484 2019
484 2026
485 522
485 1327
485 2404
486 565
486 573
486 673
486 1452
486 1481
486 2027
487 1161
487 1360
487 1707
487 1967
487 2442
488 757
488 1019
488 2251
489 1016
489 2088
489 2360
490 580
490 1186
490 2532
491 798
491 919
491 1236
491 1648
491 1811
491 2515
491 2623
492 1555
492 2102
493 759
493 2350
493 2536
494 803
494 1630
494 2169
495 1795
495 2102
495 2363
496 2363
496 2619
497 771
498 1078
498 1845
499 1112
499 1122
499 1451
499 1860
499 1970
499 2552
500 1259
500 1785
501 1824
501 2029
502 682
502 699
502 967
502 1398
502 2055
502 2247
502 2481
502 2595
503 648
503 1390
504 686
504 983
504 2258
505 614
505 959
505 2132
506 2020
507 1652
507 2339
507 2571
508 1897
509 1047
509 2248
510 755
510 909
510 1473
510 1957
510 2606
511 549
511 2536
512 562
512 1274
512 1635
512 1918
512 2240
512 2284
512 2413
512 2428
513 1004
513 1756
513 2152
514 935
514 1884
514 2487
515 561
515 1102
515 1316
515 1591
515 1610
515 1869
515 1900
515 2623
516 522
516 1304
516 1393
517 815
517 878
517 980
517 1705
517 1935
517 2044
517 2115
517 2552
518 848
518 1824
518 2089
519 533
519 551
519 559
519 654
519 1882
519 2496
520 1632
520 2060
521 1871
521 1978
521 2549
522 572
522 1776
522 1941
522 2288
522 2545
523 1759
523 1767
524 1757
524 2197
525 590
525 893
525 1283
525 1296
525 1408
525 1580
525 1820
526 2120
527 1952
528 982
528 2120
528 2614
529 809
529 1319
530 907
530 1788
531 2357
531 2511
532 882
532 1931
532 2456
533 1478
533 1652
534 662
534 822
534 877
534 946
534 1159
534 1681
534 2051
534 2075
535 570
535 1125
536 679
536 782
536 1682
536 2084
536 2271
537 1528
537 2029
537 2251
538 1448
539 650
539 1194
539 1397
540 1592
540 1995
541 1974
541 2108
542 1078
542 1934
543 783
543 1395
543 1639
544 564
544 687
545 1649
545 2197
546 783
547 1786
547 2125
547 2504
548 714
548 2045
549 598
549 683
549 777
549 1401
549 2520
549 2570
550 986
551 1915
551 2340
552 1150
552 1259
552 1284
553 657
553 1898
553 2258
554 2161
554 2430
554 2530
555 1163
555 1251
555 1694
555 1755
555 1925
555 1938
555 2036
556 651
556 823
556 830
556 1009
556 2359
556 2467
557 883
557 2482
557 2581
558 924
558 1235
558 1258
558 1921
558 1997
558 2300
558 2588
559 934
559 1113
560 619
560 633
560 894
561 1388
561 1389
562 1717
562 2518
563 1291
563 1908
564 876
564 2165
564 2367
564 2587
565 816
566 1157
566 1843
567 1788
567 2380
567 2407
568 1842
569 575
569 944
569 2327
570 760
570 799
570 847
570 1199
570 1538
571 790
571 944
572 1026
573 2217
574 710
574 1577
574 1672
575 616
575 1144
575 1501
575 1701
575 1945
575 2528
576 1461
577 2629
578 1588
579 733
579 1545
579 1690
579 2087
579 2558
579 2625
580 680
580 1025
580 1743
581 1284
581 1709
582 1520
582 2190
583 1714
583 1815
584 780
584 811
584 941
584 971
584 1014
584 1021
584 1109
584 2094
585 674
585 2411
586 1223
586 2089
586 2403
587 1087
587 1784
588 2368
588 2536
589 2403
590 2082
590 2125
591 678
591 1588
592 648
592 768
592 2256
593 774
593 1074
593 1103
594 663
594 795
594 1636
594 1857
594 2006
594 2383
595 1271
595 1540
596 622
596 1291
596 1986
597 706
598 1512
598 1898
599 1827
599 1844
599 1847
599 2122
599 2270
599 2425
599 2531
600 749
600 999
600 1116
600 1481
600 2249
600 2575
601 691
601 2004
602 776
602 950
602 2158
603 705
603 1170
603 1482
603 1600
603 2587
604 1238
604 2132
604 2328
605 1127
605 2205
606 1216
606 2436
606 2639
607 650
607 1757
607 2224
608 2109
608 2136
608 2192
609 834
609 1031
609 1802
610 689
610 832
610 1892
611 632
611 712
611 764
611 1637
611 1673
611 1678
611 2366
612 1862
612 1875
612 2433
613 1658
613 1787
613 2267
614 916
614 1050
614 1191
614 1207
614 1947
614 2160
614 2541
615 827
615 1333
615 2267
616 1063
616 2295
617 816
617 1338
617 2626
618 1128
618 2078
619 961
619 1561
619 2452
620 668
620 2529
621 910
621 2258
622 964
622 1132
622 1508
622 1543
622 2486
622 2496
623 707
623 2065
623 2153
624 907
624 1709
624 2634
625 1304
625 1987
625 1999
626 1108
626 1877
626 1891
627 796
627 843
627 898
627 956
627 1628
627 2092
627 2213
628 748
628 2338
629 658
629 1263
629 1485
629 1603
629 1835
629 2346
629 2449
630 984
630 1081
630 2256
631 711
631 1461
631 1973
632 955
632 1232
633 1045
633 1198
633 1475
633 1858
633 1971
633 2054
633 2336
634 951
634 1007
634 1246
634 1396
634 1703
634 2137
634 2297
635 659
635 1070
635 1224
635 1422
635 2001
635 2308
636 759
637 1319
637 1518
637 1788
638 935
638 1491
639 668
639 1552
640 1124
640 1523
640 1614
640 1618
640 1707
640 2234
640 2304
641 1145
641 1379
641 1947
642 2401
643 1973
643 2441
643 2477
644 1438
644 2417
645 1439
645 1788
646 935
646 2102
646 2493
647 1103
647 2113
647 2130
648 896
648 932
648 1058
648 1164
648 1572
648 1727
649 668
649 703
649 938
650 773
650 1046
650 2336
650 2429
650 2458
650 2613
651 981
651 1499
652 1203
652 2108
652 2343
653 706
653 1439
654 1854
655 1221
656 1494
656 1719
656 2102
657 685
657 1434
657 1988
657 2076
657 2439
657 2582
657 2601
658 711
659 1807
660 907
660 1150
660 1260
661 954
661 1275
661 1409
661 1582
661 2280
661 2341
661 2398
661 2625
662 668
662 2403
663 1714
664 863
664 903
664 1888
665 1060
665 1063
666 1166
666 1238
666 1293
667 673
667 681
667 826
667 993
667 1080
667 2222
668 2140
668 2211
669 1499
669 1660
669 2563
670 1176
670 1539
670 1643
670 1695
670 1951
670 2247
670 2572
671 1169
671 1982
672 963
672 2382
673 1862
674 1095
674 1326
674 1351
674 1885
674 2057
675 1338
675 1862
675 2190
676 2419
677 2340
678 925
678 1032
678 1444
678 2317
678 2578
679 1575
680 1518
681 1338
681 1612
682 1759
682 2549
683 975
684 691
684 1729
684 2035
685 1484
685 2339
686 1092
686 1447
686 2103
686 2420
687 1094
687 1234
687 1312
687 1684
687 2002
687 2042
687 2176
688 1186
688 1512
688 1661
689 797
689 1220
689 1265
689 1463
689 1539
690 910
690 1078
690 1119
691 1606
691 1775
691 2105
691 2235
691 2523
692 1417
692 2030
692 2406
693 1757
694 2310
694 2461
694 2624
695 998
695 1078
695 2113
696 1948
696 1953
697 861
697 1363
698 1783
698 1931
698 2592
699 1260
700 736
700 1650
700 2299
701 1617
701 1843
702 728
702 2014
703 1234
703 1387
703 1748
703 1881
703 2346
704 1223
704 2136
704 2399
705 807
706 844
706 1446
706 1464
706 1543
706 1942
706 2087
707 800
707 1135
707 1928
707 2011
707 2393
707 2455
708 1556
708 1783
708 2407
709 733
709 775
709 844
709 1680
709 2142
710 970
710 1434
710 1547
710 1868
711 888
711 1195
711 1413
711 2455
712 2253
713 973
713 1091
713 1851
714 1431
714 1821
714 2122
714 2413
715 994
715 1575
715 1902
716 875
716 2071
717 1756
717 2434
718 1622
718 2512
719 1846
719 1960
719 2360
720 828
720 1818
720 1914
721 996
721 1055
722 1020
722 1555
723 1162
723 1834
723 1868
723 2578
724 1099
724 2089
724 2553
725 909
725 953
725 1572
725 1597
725 2330
725 2353
725 2566
726 1960
726 2130
726 2220
727 1113
727 1226
728 881
728 1041
728 1374
728 1704
729 1103
729 1448
729 1736
730 803
730 1203
730 1627
731 1166
731 2070
731 2614
732 1960
732 2132
732 2448
733 1986
734 1783
734 2599
734 2637
735 903
735 1269
735 1824
736 952
736 1138
736 1205
736 1352
736 2345
736 2470
736 2611
737 1007
737 1053
737 1116
737 1651
737 2015
737 2250
738 1335
738 1622
738 2220
739 1006
739 1065
739 1356
739 1442
739 1467
739 1883
740 1871
741 2500
742 911
742 1504
742 2342
743 1393
743 1862
743 2064
744 1948
744 2037
745 1075
745 1103
745 1702
746 1083
746 1627
746 1817
747 983
747 1520
747 2109
748 1599
748 1703
748 1889
748 2041
748 2483
749 1015
749 1267
750 1169
750 1222
750 2128
751 1044
751 1266
751 1602
751 1646
751 1694
751 2194
753 1180
753 1217
753 2047
753 2119
753 2124
753 2261
753 2431
754 1026
754 1052
754 2159
755 1390
755 2456
756 783
756 1714
756 2614
757 775
757 1347
757 1570
757 1747
757 2027
757 2174
758 929
758 1022
759 930
759 1115
759 2091
759 2450
760 761
760 1020
761 1578
761 1803
761 2101
761 2266
761 2313
761 2574
762 1217
762 1281
762 1471
762 1737
762 1760
762 1831
762 2270
762 2376
763 1015
763 1888
764 1802
764 2532
765 1148
765 1660
765 1787
766 1994
766 2635
767 927
767 1292
767 1622
768 1106
768 1160
768 1381
768 1965
768 2012
769 1484
769 1640
770 881
770 1204
770 1357
770 1427
770 1467
770 1522
771 808
771 1049
771 1599
771 1621
772 1809
772 2392
773 2088
774 912
774 1745
774 2118
774 2354
775 1015
776 1092
776 1209
776 1998
776 2207
776 2318
776 2543
777 1762
778 1075
778 1658
778 2291
779 882
779 1494
779 2037
780 1516
781 1168
781 2637
782 1627
782 1974
783 874
783 1426
783 1566
783 2009
783 2138
784 1497
784 2478
784 2616
785 852
785 2312
786 1099
786 2403
787 2134
787 2199
788 986
788 1121
788 1903
789 2152
789 2170
790 817
790 1318
790 1792
790 1950
791 1497
791 1914
791 1931
792 1202
792 1273
792 1371
792 1391
792 1498
792 2115
792 2369
792 2484
793 998
793 1865
794 1640
794 2434
795 1133
796 1397
797 1222
797 2192
798 851
799 1686
799 2512
800 1973
801 1059
801 1781
802 1031
802 2378
803 829
803 1425
803 2454
803 2566
804 901
804 912
804 1136
804 1344
804 1628
804 1697
804 2527
805 1082
805 2511
806 1232
806 1255
806 2411
807 857
807 1608
807 1735
807 1941
807 2077
807 2176
808 1215
808 2217
809 854
809 918
809 1085
809 1890
809 1984
809 2337
810 2487
810 2500
811 2407
811 2426
812 1461
812 2065
813 891
813 1465
813 1887
813 2028
813 2133
813 2453
813 2454
813 2601
814 1659
814 2557
815 1292
816 1664
816 1758
816 1778
816 2138
816 2185
817 1108
818 1034
818 1158
818 1342
818 1433
818 1791
818 2112
818 2121
819 935
819 1832
820 1894
820 1999
821 1039
821 1353
821 1920
821 2144
821 2233
822 1978
822 1982
823 861
823 2637
824 1819
824 2074
825 1781
825 2637
826 1460
827 1380
827 1895
827 2280
827 2334
827 2508
828 1860
828 1866
828 2028
828 2115
828 2551
828 2622
829 863
830 1259
830 1332
831 895
831 1201
831 1907
831 2278
831 2362
832 1058
832 1076
832 1302
832 1713
832 1765
832 1876
832 2034
833 1034
833 1069
833 1138
833 1371
833 1531
833 2226
834 1021
834 1073
834 2073
834 2215
834 2227
834 2349
835 1327
835 1717
835 2532
836 1134
836 1496
836 1762
837 1332
837 1980
838 1004
838 1736
838 2406
839 1212
839 1864
839 1924
840 1995
840 2088
841 2111
841 2210
842 1335
842 1846
842 2534
843 1004
843 2436
844 2378
845 944
845 2617
846 1068
846 2078
848 1023
848 1131
848 1228
848 1422
848 1554
848 1793
849 1019
849 1512
849 2567
850 1332
850 2338
851 1154
851 1204
851 1286
851 1436
851 1547
851 1605
852 876
852 1027
852 1197
852 2268
852 2356
853 1476
853 1802
853 2197
854 1148
854 1989
855 1892
855 2128
855 2433
856 984
856 1630
856 1934
857 1598
857 2434
858 1555
859 2340
859 2580
860 2253
860 2477
861 1373
861 1405
861 1620
861 1905
862 1130
862 1632
862 1639
863 887
863 1873
863 1965
863 2388
863 2479
864 929
864 2078
865 1068
865 1901
866 1383
866 1794
866 2322
867 2504
868 1819
868 2295
869 1075
869 1660
869 2100
870 1908
870 1986
870 2378
871 996
871 2060
871 2219
872 1837
872 1899
873 908
873 1203
874 994
874 1815
875 1053
875 1080
875 1565
875 1683
875 2069
875 2437
875 2447
876 2210
877 1733
878 1478
878 1924
879 1781
879 1985
879 2407
880 893
880 962
880 1217
880 1790
880 1859
880 2098
880 2560
881 1423
882 1490
882 2155
882 2254
882 2438
882 2622
883 1394
883 2151
883 2288
883 2317
883 2421
884 1304
884 2404
885 929
885 1382
885 2060
886 1640
886 2342
886 2635
887 984
887 1598
888 2111
889 1079
889 1299
889 1362
889 1368
889 1505
889 2131
889 2196
890 1746
890 2166
890 2202
890 2215
890 2420
891 1936
891 2343
892 1583
893 2071
894 906
894 989
894 1760
894 2384
894 2519
896 1011
896 1840
897 1415
897 1592
898 1333
898 2406
899 1103
899 1193
899 1393
900 1649
901 1702
902 944
902 2005
902 2327
903 1200
903 1559
903 1799
903 1940
903 2165
903 2490
904 1537
904 1814
904 1822
904 2336
904 2389
904 2397
905 1854
905 1955
906 2204
906 2434
907 1551
907 1841
907 1983
907 1984
907 2303
908 1227
908 1277
908 1411
908 1654
908 2633
909 2030
910 1318
910 1447
910 1721
910 2024
910 2145
911 1306
911 1308
911 1677
911 1850
911 2337
911 2562
912 2130
913 950
913 1818
913 2219
914 1293
914 2156
914 2436
915 1494
915 2248
916 1817
916 1851
917 1033
917 1915
918 2064
918 2267
919 1256
919 1629
920 1817
920 2614
921 1060
921 2401
921 2553
922 934
922 2441
923 1504
923 1877
923 2504
924 1496
924 1649
925 1577
925 2448
926 1289
926 1375
926 1431
926 1557
926 1741
926 2189
927 1036
927 1506
927 1514
927 1861
927 2095
927 2459
928 1068
928 1128
928 2571
929 1587
929 1859
929 2387
929 2576
930 1980
931 1500
931 2256
931 2598
932 2433
932 2461
933 2128
933 2382
934 977
934 1037
934 1603
934 1716
934 2116
935 1310
935 1732
935 1938
935 2389
936 1223
936 2553
937 2256
937 2436
937 2639
938 1231
938 1565
938 1606
938 2240
938 2285
939 1440
939 1817
939 2108
940 1460
940 1990
940 2291
941 1780
942 1187
942 1237
942 1357
942 1369
942 1432
942 1625
943 1288
943 1837
944 966
944 1549
944 1996
945 1262
945 1987
945 2399
946 1702
946 1819
947 1016
948 1019
948 1500
949 1520
949 2248
949 2639
950 1313
950 1487
950 2189
950 2315
951 1215
951 2457
952 1974
952 2417
953 1287
953 2128
954 963
954 2363
955 1225
955 2073
955 2096
955 2228
955 2422
955 2588
956 1013
956 1103
957 2417
958 1223
958 1903
959 1236
959 1371
959 1553
959 1970
959 2025
959 2578
960 994
960 2360
962 1284
962 1786
963 1643
963 2145
963 2307
963 2473
963 2476
964 1497
964 1595
965 1622
965 1779
965 1924
966 1119
967 1268
967 1631
968 1897
968 2070
969 1216
969 2156
969 2406
970 1936
971 1624
971 1875
972 1055
972 1982
973 2173
973 2206
973 2262
973 2620
974 1284
974 1504
975 1749
975 1813
975 2050
975 2080
975 2287
975 2494
976 1484
976 1898
977 2111
978 1955
978 2099
978 2192
979 1011
979 1781
980 1837
980 1936
981 1533
981 1607
981 1726
981 1826
981 1991
981 2181
982 1187
982 1342
982 1374
982 1723
982 1922
982 1954
982 2611
983 1029
983 1123
983 1792
983 1943
983 2410
983 2476
984 1089
984 1164
984 1233
984 1724
984 2147
985 1395
985 2071
985 2187
986 1587
986 2067
986 2265
986 2370
986 2537
987 1715
987 1736
987 2267
988 1119
988 1842
988 2629
989 1382
989 2377
990 1239
990 1243
990 2497
991 2089
991 2301
991 2426
992 1556
993 2136
993 2338
994 1798
994 1926
995 1665
996 1299
996 1880
996 2077
996 2545
997 2567
998 1745
998 1775
998 1821
998 2200
998 2483
999 1216
999 1888
1000 1854
1000 2078
1000 2339
1001 2035
1002 1854
1002 1898
1002 2571
1003 1540
1003 1658
1003 2563
1004 1095
1004 1124
1004 1380
1004 1711
1004 1857
1005 1450
1006 2134
1007 2217
1008 1496
1008 1864
1009 1807
1010 1292
1010 1779
1010 1897
1011 1042
1011 2107
1011 2358
1011 2416
1012 1395
1012 2158
1013 1136
1013 1797
1013 2200
1013 2273
1013 2397
1014 1659
1014 2497
1015 1072
1015 1241
1015 1303
1015 2215
1015 2409
1016 1198
1016 1251
1016 1544
1016 1890
1016 2374
1017 2020
1018 2030
1019 1042
1019 1296
1019 2387
1019 2615
1020 2117
1020 2216
1021 1978
1022 1214
1022 1289
1022 1580
1022 2080
1025 2030
1025 2203
1026 1667
1026 2103
1026 2332
1026 2584
1026 2636
1027 1794
1028 1581
1028 1624
1028 1824
1029 1484
1030 1345
1030 1588
1030 2399
1031 1348
1031 1690
1031 1916
1031 2049
1031 2228
1032 1262
1033 1037
1033 1211
1033 1326
1033 1857
1033 2214
1033 2396
1033 2610
1034 1650
1035 1165
1035 1756
1035 2392
1036 1307
1036 1661
1037 2198
1038 2350
1038 2368
1039 1649
1040 1404
1040 1512
1040 1977
1041 1287
1041 2502
1042 2419
1043 1222
1043 1588
1044 2022
1046 1568
1046 1624
1047 1412
1047 1490
1047 1590
1047 1738
1047 2075
1047 2459
1048 1715
1049 1415
1049 2557
1050 1832
1050 2448
1051 1534
1051 2637
1052 1182
1052 1317
1052 1468
1052 1912
1052 2491
1052 2585
1053 2190
1054 1845
1054 2378
1054 2392
1055 1088
1055 1257
1055 2013
1055 2421
1055 2509
1056 1349
1056 2074
1056 2187
1057 1365
1057 2328
1057 2419
1058 2242
1059 1235
1059 1872
1059 1961
1059 2463
1059 2613
1060 1421
1060 1642
1060 1657
1060 2237
1061 1108
1061 1119
1062 1087
1062 2071
1063 1153
1063 1613
1063 1641
1063 2177
1065 1439
1065 2120
1066 2512
1067 1419
1067 1600
1067 1684
1067 1776
1067 2145
1067 2410
1068 1105
1068 1771
1068 1882
1068 2408
1069 2324
1069 2596
1070 1865
1071 1862
1071 1989
1071 2404
1072 2156
1072 2436
1073 1979
1073 2291
1074 2038
1074 2527
1074 2541
1075 1344
1075 1418
1075 1451
1075 2484
1076 1365
1077 2497
1078 1350
1078 1792
1078 2398
1079 1903
1079 2046
1080 1215
1081 1876
1081 2292
1081 2353
1081 2416
1082 1346
1082 1472
1082 1937
1082 1945
1082 2084
1082 2225
1083 1412
1083 1599
1083 1751
1083 1764
1083 2138
1083 2297
1083 2604
1084 1486
1085 1439
1085 1518
1086 1615
1087 1180
1087 1375
1087 1775
1087 1844
1087 2428
1088 1904
1088 2269
1089 1184
1089 2162
1090 1215
1090 1502
1091 1437
1091 1738
1091 1751
1091 2181
1091 2468
1091 2636
1092 1571
1093 1322
1093 1627
1094 2090
1094 2529
1096 1345
1096 1837
1096 2526
1097 1438
1097 2324
1098 1982
1098 2205
1098 2217
1099 1515
1099 1693
1099 1739
1099 2375
1099 2602
1100 2219
1100 2511
1101 2258
1102 1864
1102 1924
1104 1226
1105 1301
1105 1864
1106 2162
1106 2199
1107 2035
1107 2534
1108 1701
1108 2583
1109 1629
1109 2021
1110 1660
1110 2267
1111 1388
1112 1322
1112 1807
1113 1118
1113 1343
1113 1836
1113 2245
1113 2610
1114 1598
1114 2302
1115 1389
1116 1169
1117 1133
1117 1345
1117 1956
1118 1575
1118 2357
1119 1123
1119 1671
1120 1846
1121 1131
1121 2056
1121 2517
1122 1502
1123 2302
1124 1809
1125 1463
1125 1501
1125 1685
1125 2234
1125 2572
1126 2198
1126 2340
1127 1359
1127 1656
1127 1856
1127 2223
1127 2391
1127 2593
1128 1310
1128 1482
1128 2176
1129 1640
1129 2219
1129 2258
1130 1774
1130 2062
1130 2157
1131 2298
1132 1307
1132 2167
1133 1247
1133 1885
1133 2364
1134 1316
1134 1462
1134 1633
1134 1655
1134 1882
1134 2550
1135 1733
1135 2159
1136 1736
1137 1424
1137 2169
1138 2170
1139 1631
1139 2549
1140 2269
1140 2331
1140 2403
1141 1415
1141 2322
1142 2529
1143 2046
1143 2635
1144 1819
1144 1842
1145 1767
1145 1934
1146 1781
1146 2074
1146 2327
1147 1239
1147 1292
1147 1864
1148 1380
1148 2092
1148 2244
1148 2471
1148 2475
1149 1194
1149 1577
1150 1253
1150 1281
1150 1405
1150 1850
1151 2005
1152 1719
1152 2511
1152 2619
1153 1812
1154 1854
1154 1929
1155 1658
1155 2090
1156 2109
1157 1735
1157 2334
1157 2509
1158 1974
1158 2134
1159 2553
1160 2078
1160 2419
1161 2152
1161 2357
1162 1332
1162 2482
1163 1494
1163 2427
1164 1293
1165 1350
1165 1430
1165 1521
1165 1895
1165 1949
1165 2554
1166 1492
1166 1699
1166 2150
1166 2160
1166 2604
1167 1421
1167 1457
1167 1530
1167 2223
1167 2261
1167 2309
1167 2425
1168 1290
1168 1369
1168 1374
1168 1465
1168 1866
1168 2489
1169 1526
1169 1830
1169 2499
1171 1952
1171 2204
1171 2446
1172 1216
1172 1267
1173 1575
1173 1762
1174 1486
1174 2203
1174 2503
1175 1500
1175 2328
1176 1902
1176 2242
1178 1696
1178 2251
1178 2567
1179 1186
1179 1662
1180 1659
1181 2029
1181 2298
1182 2525
1183 1649
1183 2224
1184 1336
1184 1381
1184 2488
1184 2490
1184 2606
1185 1630
1185 2343
1186 1992
1186 2016
1186 2289
1186 2615
1187 1783
1188 1291
1188 1650
1188 2152
1189 1226
1189 1915
1189 2357
1190 1660
1190 2183
1191 1424
1191 2360
1192 1851
1192 2411
1192 2532
1193 1300
1193 1303
1193 1320
1193 1697
1193 2227
1194 1469
1194 1506
1194 1752
1194 1868
1194 2354
1195 1894
1195 1994
1196 2052
1196 2493
1197 2065
1199 1555
1200 1267
1200 1630
1202 1931
1202 1990
1203 1586
1203 1996
1203 2583
1204 1269
1205 1243
1206 1486
1206 1979
1207 1846
1208 1977
1209 1221
1209 1282
1210 1540
1210 2035
1211 1640
1211 1952
1212 1510
1212 1673
1212 1922
1212 2362
1212 2550
1213 1460
1213 2190
1213 2298
1214 1584
1214 2219
1215 1830
1215 2612
1216 1570
1216 2202
1216 2227
1218 1282
1218 1818
1219 1595
1219 1818
1219 2478
1220 1729
1220 2433
1221 1329
1221 1378
1221 2182
1222 1721
1222 2042
1222 2288
1222 2476
1223 1311
1223 2373
1223 2485
1224 1332
1225 2162
1225 2197
1226 1718
1226 2007
1226 2609
1227 1363
1227 2203
1228 1512
1228 1528
1229 1899
1229 2626
1230 2169
1231 2529
1232 1838
1232 1992
1232 2079
1232 2423
1233 1500
1233 2078
1234 2183
1237 2502
1237 2581
1238 1254
1238 1755
1238 2106
1239 1401
1239 1655
1239 1954
1239 2278
1239 2366
1240 1424
1240 2236
1241 2406
1241 2639
1242 1382
1242 1708
1243 1369
1243 1704
1243 1791
1243 1839
1243 1913
1244 1794
1245 1665
1245 1837
1245 1990
1246 1415
1247 2502
1248 1875
1248 1989
1249 1631
1249 2152
1251 2441
1252 1335
1252 1953
1252 2037
1253 2504
1254 1494
1254 2487
1255 1321
1255 2160
1255 2164
1255 2173
1255 2181
1255 2185
1256 1532
1256 1609
1256 1728
1256 1744
1256 1823
1256 2542
1256 2613
1257 1588
1257 1686
1258 1423
1258 1757
1259 1993
1259 2017
1259 2043
1259 2479
1260 1585
1260 1677
1260 1813
1260 2007
1260 2305
1260 2444
1261 1307
1261 1779
1261 1977
1262 1722
1262 1790
1262 2207
1262 2293
1262 2306
1263 2312
1263 2322
1264 2021
1264 2204
1265 1287
1265 1390
1267 1453
1267 1930
1267 2400
1267 2591
1268 1313
1268 1567
1268 1638
1268 1647
1268 2163
1269 1967
1269 2273
1269 2275
1270 1639
1271 1810
1271 1976
1271 2235
1271 2316
1271 2325
1271 2483
1272 1335
1272 1424
1274 2430
1275 1349
1275 1719
1276 1592
1276 1995
1277 2324
1277 2557
1278 1345
1278 1871
1278 2497
1279 1417
1279 2436
1279 2456
1280 1335
1280 1499
1281 1815
1282 1289
1282 1638
1282 1725
1282 1958
1282 2440
1283 1696
1284 1548
1284 1731
1284 2206
1285 1491
1285 1719
1285 1795
1286 2134
1287 1394
1287 1432
1287 1607
1287 1653
1288 1334
1288 1906
1288 2148
1288 2186
1288 2400
1290 1516
1290 1556
1291 1446
1291 1618
1291 1645
1291 2011
1292 1316
1292 2361
1292 2445
1292 2550
1293 1509
1293 2191
1294 1497
1294 1985
1294 2193
1295 1424
1296 1639
1297 2534
1298 1909
1298 2331
1299 2616
1300 1393
1300 2021
1301 1343
1301 1462
1301 2246
1301 2424
1301 2486
1301 2548
1302 1612
1302 1875
1304 1530
1304 2079
1304 2123
1304 2209
1305 1389
1305 2193
1305 2368
1306 2208
1307 1315
1307 1822
1307 1981
1307 2318
1307 2631
1308 1788
1308 2626
1309 1639
1309 1843
1309 1962
1310 2132
1312 1376
1313 1595
1314 1936
1317 1973
1317 2580
1318 2302
1319 1464
1319 1910
1319 2283
1320 1624
1320 2404
1321 2564
1321 2598
1322 1391
1322 1801
1322 2121
1322 2271
1322 2284
1322 2345
1323 2312
1324 1388
1324 1629
1324 2224
1325 2088
1325 2380
1326 1333
1327 1594
1327 1838
1327 2231
1327 2255
1327 2309
1328 2236
1328 2534
1329 1484
1329 1595
1330 2242
1330 2324
1330 2624
1331 1583
1331 2327
1332 1391
1332 1564
1333 1523
1333 2244
1333 2276
1333 2383
1333 2621
1334 1345
1334 1929
1335 1800
1335 2264
1336 2417
1337 1439
1337 1534
1337 1986
1338 1488
1338 1670
1338 2174
1338 2249
1338 2474
1339 1414
1339 2525
1340 1417
1340 1982
1340 2530
1341 1363
1341 2503
1343 2340
1344 1733
1345 1477
1345 2317
1345 2443
1346 2052
1348 2580
1349 1695
1349 1721
1349 2410
1349 2442
1350 1598
1351 2156
1351 2205
1352 2159
1352 2426
1353 1383
1353 2020
1354 1376
1354 1615
1354 2331
1355 2052
1356 1534
1356 2324
1358 1845
1358 2493
1359 2232
1359 2502
1360 2071
1361 1719
1361 1902
1362 1478
1362 1994
1363 1679
1363 2277
1364 1617
1364 1639
1365 1443
1365 1532
1365 1852
1365 2405
1366 1783
1367 1592
1367 1794
1367 2360
1368 1640
1370 2120
1370 2503
1370 2624
1372 1584
1373 1802
1375 2082
1376 1482
1376 1596
1376 2545
1377 1875
1377 2021
1378 2258
1378 2616
1379 1598
1381 1476
1382 1471
1382 1580
1382 2320
1382 2472
1383 1400
1383 1739
1383 1957
1383 2260
1383 2485
1383 2618
1384 2377
1384 2446
1385 1586
1385 1742
1385 1768
1385 2000
1385 2016
1385 2351
1386 2179
1386 2210
1388 1547
1388 1579
1388 1823
1389 1811
1389 2250
1389 2465
1389 2612
1390 1676
1390 2040
1390 2135
1390 2292
1392 1832
1392 2328
1392 2427
1393 2166
1393 2231
1394 1663
1395 1932
1395 2498
1395 2516
1396 2331
1397 1963
1397 2000
1397 2180
1398 2382
1399 2299
1399 2632
1402 1414
1402 1780
1402 2301
1403 1450
1403 1987
1404 1573
1404 1768
1404 2154
1404 2252
1404 2501
1406 1414
1406 2253
1407 1502
1407 2090
1408 2060
1409 2302
1410 2328
1410 2382
1411 2624
1412 1909
1413 1999
1414 1510
1414 1863
1414 2422
1414 2423
1415 2184
1415 2618
1416 1785
1416 1812
1417 1681
1417 2094
1417 2163
1417 2565
1419 2128
1419 2192
1420 1888
1420 2526
1421 2403
1422 1483
1423 1510
1423 1742
1423 2180
1423 2366
1423 2463
1424 1976
1424 2058
1425 1891
1425 2108
1426 1987
1427 1438
1428 1845
1428 1884
1429 1652
1429 1929
1430 1934
1430 2302
1431 2071
1432 1956
1433 2426
1434 2005
1435 1476
1435 1767
1436 2417
1438 2139
1438 2296
1438 2414
1439 1874
1439 2414
1439 2539
1440 1541
1440 1566
1440 1703
1440 1738
1440 1778
1440 2150
1441 2203
1441 2456
1442 1914
1443 1979
1443 2433
1444 1987
1444 2046
1445 2065
1445 2179
1446 2478
1447 1484
1448 1628
1448 2432
1448 2589
1449 1528
1449 2363
1450 1777
1450 1831
1450 2009
1450 2233
1450 2356
1450 2506
1452 2567
1453 2512
1453 2526
1454 1894
1454 2088
1455 1491
1456 1784
1456 1892
1456 2035
1457 1903
1458 1661
1458 1779
1459 2193
1459 2592
1460 1674
1460 1935
1460 1943
1461 1616
1461 1645
1461 1688
1461 2053
1461 2352
1463 2382
1464 1534
1465 1931
1467 2074
1468 1786
1468 2441
1469 1962
1469 2113
1470 2634
1471 2446
1472 2295
1474 1595
1474 2158
1474 2258
1475 1581
1476 1558
1476 2147
1476 2584
1476 2588
1477 1552
1478 1644
1478 2361
1478 2424
1478 2537
1480 1534
1481 2457
1483 1732
1483 2238
1483 2277
1483 2607
1484 2586
1485 2065
1486 1557
1486 2450
1486 2633
1487 2549
1487 2616
1488 2457
1489 1936
1489 2518
1490 1884
1491 1772
1491 1789
1491 1849
1491 1964
1491 2313
1492 1815
1493 2132
1493 2427
1494 1849
1495 2342
1495 2536
1496 1643
1496 2085
1496 2126
1497 1725
1497 2314
1497 2315
1498 2299
1498 2448
1499 1666
1499 2114
1499 2239
1499 2325
1500 1852
1500 2012
1500 2358
1502 1771
1502 2250
1502 2257
1502 2484
1504 1716
1504 1983
1504 2148
1504 2603
1505 2342
1506 2161
1507 2198
1507 2503
1508 1818
1508 2616
1509 2419
1509 2598
1511 1535
1511 1779
1512 1657
1512 1747
1512 1907
1513 2295
1513 2321
1515 2099
1515 2399
1516 1668
1516 1968
1516 2374
1516 2628
1517 1612
1517 1629
1517 2433
1518 1521
1518 1710
1518 2479
1518 2600
1519 1862
1519 2197
1519 2291
1520 1705
1520 2024
1520 2155
1520 2222
1520 2274
1522 2282
1523 1756
1524 2170
1524 2199
1525 1528
1525 1719
1526 2099
1526 2109
1527 1540
1527 1948
1528 1613
1528 1937
1528 2495
1529 1884
1529 2161
1529 2248
1530 2099
1531 2203
1531 2632
1533 2502
1533 2581
1534 2139
1534 2218
1535 1805
1535 1861
1535 1932
1535 2031
1535 2048
1536 1784
1536 2169
1537 1581
1537 2088
1538 2090
1540 1800
1540 1991
1541 1909
1541 2161
1542 1978
1544 2487
1544 2580
1545 2632
1546 1665
1546 2343
1546 2592
1548 1973
1548 2125
1549 2617
1550 1904
1550 2205
1550 2457
1551 2070
1551 2208
1552 1647
1552 1687
1552 1734
1552 1741
1552 2565
1553 1577
1553 2399
1554 1568
1555 1623
1555 1964
1555 2577
1556 1790
1556 2371
1556 2591
1556 2631
1559 1632
1560 2089
1560 2380
1561 2045
1561 2626
1562 1615
1562 1663
1563 1627
1563 1891
1563 2343
1564 1577
1564 1663
1565 2082
1566 2598
1567 1759
1568 1940
1568 2072
1568 2546
1569 2324
1569 2503
1570 1908
1571 1671
1571 1678
1571 1863
1571 2311
1572 2232
1573 1696
1573 1824
1574 1865
1574 2064
1574 2563
1575 2305
1575 2386
1575 2462
1576 1696
1576 2419
1577 1804
1577 2469
1578 1786
1579 2448
1581 1752
1581 1872
1581 2542
1581 2546
1583 1668
1583 1769
1583 1917
1583 2221
1584 1596
1584 1611
1584 1941
1584 2196
1586 2242
1587 2571
1588 1653
1588 1776
1588 1946
1589 2183
1590 1717
1590 2530
1591 1901
1591 2457
1592 1841
1592 2481
1593 1753
1594 1987
1594 1994
1595 1880
1595 2196
1595 2440
1597 2456
1598 2323
1600 2339
1601 2198
1601 2324
1601 2461
1602 1894
1602 2487
1604 1956
1604 2232
1605 1652
1605 1837
1606 2169
1607 1956
1608 1615
1609 1649
1609 1753
1610 1785
1610 2295
1611 2060
1612 1782
1612 1921
1612 2175
1613 2629
1614 2187
1614 2357
1615 2013
1615 2129
1616 1702
1616 2159
1617 2048
1617 2354
1617 2514
1617 2519
1618 2170
1619 2065
1619 2322
1620 1980
1621 1794
1622 2627
1623 2035
1623 2153
1624 1761
1624 2166
1624 2370
1626 2430
1626 2518
1627 1737
1627 2150
1627 2506
1629 1713
1629 1761
1629 2447
1630 2043
1630 2062
1631 1879
1631 2066
1631 2085
1631 2234
1631 2538
1632 2080
1632 2265
1632 2384
1634 1908
1634 2526
1636 2205
1636 2639
1637 1659
1637 2301
1638 2616
1639 1799
1640 1813
1640 2460
1641 1842
1642 2363
1644 1999
1644 2635
1646 2298
1646 2596
1647 1978
1648 2350
1648 2448
1649 2260
1649 2320
1650 1698
1650 2129
1650 2304
1650 2334
1650 2488
1651 2192
1652 2107
1652 2246
1653 2482
1654 2310
1655 1924
1656 1708
1657 2029
1658 1666
1658 1754
1658 1944
1658 2475
1659 1796
1659 1863
1659 2122
1660 1969
1660 2492
1661 1896
1661 2146
1661 2154
1661 2238
1661 2494
1662 1770
1662 2180
1662 2252
1662 2469
1663 1834
1663 1946
1663 2093
1663 2558
1664 1851
1664 2564
1665 2044
1665 2454
1666 1740
1667 2477
1668 1985
1669 1815
1669 1817
1669 2070
1670 2598
1671 2130
1672 2033
1672 2118
1672 2458
1672 2459
1672 2514
1674 2156
1674 2248
1675 2113
1675 2302
1676 2014
1676 2343
1677 1709
1678 1780
1681 1904
1682 1936
1683 1875
1683 2064
1684 1898
1685 1759
1685 2152
1686 1690
1686 2151
1686 2556
1687 2497
1688 1786
1689 1953
1689 1980
1689 2368
1691 1733
1691 1974
1692 2102
1692 2500
1693 2493
1696 1747
1696 2358
1697 2404
1698 2199
1698 2203
1699 1851
1699 1960
1700 1736
1700 2022
1701 2617
1702 1801
1702 1918
1702 2097
1702 2393
1704 1783
1705 2291
1706 1740
1706 1865
1706 1989
1708 1720
1708 2185
1709 1905
1709 2376
1709 2597
1710 2014
1711 2267
1711 2392
1712 1995
1712 2592
1713 1862
1714 2019
1714 2344
1714 2609
1715 1763
1715 1771
1715 1900
1715 2092
1715 2569
1716 2580
1717 2051
1717 2079
1717 2230
1717 2329
1717 2636
1718 2198
1718 2634
1719 2237
1719 2473
1720 1851
1720 2598
1722 1877
1722 2167
1723 1815
1724 2419
1724 2571
1725 2219
1726 1851
1726 1909
1727 2205
1728 2020
1729 1765
1729 2182
1729 2241
1729 2533
1729 2538
1729 2638
1731 1877
1733 2053
1733 2284
1733 2573
1734 2534
1735 2331
1736 1963
1736 2276
1740 1889
1740 1930
1740 2371
1742 2022
1743 2014
1745 2302
1746 2021
1746 2404
1749 2060
1749 2204
1750 1962
1751 2161
1752 2022
1753 1816
1753 2240
1753 2520
1753 2521
1754 2183
1754 2322
1755 1795
1756 1763
1756 1933
1756 2508
1756 2524
1757 1917
1757 2542
1758 2256
1758 2419
1759 2039
1759 2533
1762 1806
1762 2026
1762 2522
1764 2598
1765 2128
1766 1978
1766 2030
1766 2436
1767 1939
1767 2069
1767 2085
1767 2323
1767 2332
1769 2407
1770 1891
1770 2242
1772 2153
1772 2350
1773 2179
1774 1824
1774 2282
1777 2497
1779 2033
1780 1844
1780 2381
1781 2628
1782 2064
1782 2404
1783 1968
1783 2028
1784 1821
1784 2241
1784 2316
1785 1878
1785 2605
1786 2455
1786 2590
1787 1791
1787 2510
1787 2611
1788 2061
1788 2374
1788 2471
1789 2493
1789 2500
1793 2338
1794 2172
1794 2465
1795 1923
1795 1967
1795 2290
1795 2438
1795 2505
1796 1979
1797 2269
1798 2236
1799 2204
1802 2300
1802 2423
1803 2035
1804 1807
1804 2482
1805 1962
1806 1864
1807 1834
1807 2017
1807 2369
1809 1895
1809 2143
1809 2365
1809 2544
1809 2621
1810 1846
1810 2236
1811 2321
1812 2225
1812 2243
1812 2355
1815 1839
1815 2597
1816 2158
1817 2164
1817 2191
1818 2010
1818 2279
1819 2379
1819 2468
1819 2573
1820 2571
1822 2629
1823 1875
1824 2429
1824 2615
1825 2156
1825 2256
1825 2406
1826 2253
1826 2504
1827 2401
1827 2599
1828 2102
1828 2153
1829 2195
1829 2637
1831 2108
1832 2025
1832 2106
1832 2540
1833 2312
1833 2564
1833 2599
1835 2111
1835 2340
1838 2430
1839 2120
1840 1848
1840 2057
1840 2593
1842 1869
1842 1945
1843 1933
1843 2013
1843 2067
1843 2365
1845 1886
1845 2473
1846 2201
1846 2319
1847 2253
1847 2322
1848 1982
1848 2457
1849 2363
1850 2634
1853 2224
1854 2424
1855 2046
1855 2167
1856 1903
1856 2401
1858 1899
1858 2446
1859 2082
1860 1990
1861 2037
1864 2445
1865 2297
1865 2385
1866 2592
1867 2526
1870 2441
1870 2632
1871 1919
1871 1920
1871 2063
1871 2163
1872 2224
1873 2169
1873 2343
1874 1953
1875 2515
1876 2461
1877 1887
1877 1988
1877 1996
1877 2543
1878 2518
1880 2635
1881 2210
1883 2236
1883 2417
1884 2146
1884 2341
1885 2426
1886 2302
1888 1906
1888 2062
1888 2371
1889 2064
1890 2407
1891 2059
1891 2351
1892 2039
1892 2066
1892 2081
1892 2105
1893 2559
1893 2596
1894 1971
1894 2016
1894 2036
1894 2252
1896 1994
1897 2068
1897 2561
1899 1975
1899 2589
1900 2217
1901 2143
1901 2213
1901 2402
1901 2524
1902 2066
1902 2171
1902 2533
1902 2555
1902 2609
1903 2306
1903 2375
1904 2032
1904 2127
1906 2512
1907 2339
1908 2087
1908 2186
1908 2216
1908 2409
1909 2173
1909 2329
1910 1986
1911 1931
1911 2030
1911 2248
1913 2614
1914 2275
1914 2296
1915 2194
1915 2386
1915 2579
1915 2605
1916 2203
1916 2299
1918 1974
1920 2534
1921 2291
1922 2497
1923 2427
1923 2487
1924 2347
1925 2380
1925 2580
1926 2614
1927 1962
1927 2446
1929 1975
1929 2044
1929 2452
1931 2552
1932 2120
1933 1952
1934 1965
1934 2390
1935 2100
1939 2357
1940 2282
1942 2159
1942 2232
1943 1955
1944 2100
1946 2581
1947 2130
1948 2068
1948 2114
1948 2319
1949 2045
1950 2130
1950 2301
1951 2461
1951 2619
1952 2384
1952 2544
1953 2385
1955 2024
1955 2107
1955 2141
1955 2408
1955 2499
1956 2391
1956 2415
1956 2620
1958 2060
1959 1980
1959 2637
1960 2025
1960 2058
1960 2164
1961 2328
1962 2056
1962 2118
1964 2596
1966 2082
1969 2090
1969 2322
1970 2299
1971 1995
1972 2301
1973 2098
1973 2266
1973 2577
1974 2369
1975 2342
1977 2095
1977 2287
1977 2289
1977 2547
1978 2127
1978 2535
1979 2034
1979 2394
1980 1991
1980 2017
1982 2023
1984 2626
1985 2141
1985 2279
1985 2444
1985 2595
1986 2110
1986 2412
1986 2608
1987 2027
1987 2474
1988 2592
1989 2041
1989 2061
1989 2447
1990 2274
1990 2347
1990 2361
1993 2518
1994 2123
1994 2149
1994 2287
1995 2055
1995 2133
1997 2020
1998 2301
1999 2131
1999 2494
1999 2547
2001 2136
2001 2190
2002 2557
2003 2232
2004 2104
2004 2211
2004 2268
2004 2316
2006 2411
2006 2426
2007 2624
2010 2193
2012 2571
2014 2023
2014 2566
2018 2132
2018 2500
2020 2126
2020 2472
2020 2521
2021 2265
2021 2429
2021 2546
2022 2458
2023 2192
2026 2534
2029 2072
2029 2308
2029 2607
2030 2135
2030 2622
2032 2192
2033 2161
2035 2325
2036 2559
2037 2137
2037 2290
2039 2619
2040 2128
2040 2581
2041 2563
2042 2339
2045 2081
2045 2182
2045 2428
2045 2600
2046 2543
2046 2560
2047 2322
2047 2525
2048 2446
2049 2298
2049 2441
2050 2634
2051 2161
2052 2083
2052 2117
2052 2144
2054 2360
2054 2380
2055 2208
2057 2639
2059 2503
2060 2189
2061 2267
2064 2471
2068 2220
2070 2278
2071 2576
2072 2089
2073 2632
2074 2221
2074 2296
2075 2430
2081 2158
2083 2596
2086 2298
2086 2559
2090 2168
2090 2188
2091 2193
2093 2378
2097 2530
2098 2504
2099 2255
2100 2175
2100 2274
2100 2349
2100 2394
2101 2153
2102 2574
2108 2271
2108 2272
2108 2604
2110 2232
2111 2211
2111 2491
2112 2170
2112 2299
2113 2514
2113 2527
2113 2589
2116 2624
2119 2401
2121 2417
2124 2253
2125 2270
2125 2293
2125 2431
2125 2576
2126 2197
2127 2530
2128 2572
2129 2392
2130 2333
2130 2575
2132 2594
2133 2193
2134 2345
2134 2606
2136 2309
2136 2499
2139 2310
2140 2530
2140 2553
2142 2526
2142 2626
2147 2199
2152 2621
2153 2188
2153 2352
2154 2251
2155 2156
2157 2199
2158 2586
2158 2638
2159 2395
2159 2412
2161 2254
2162 2300
2162 2332
2162 2556
2162 2568
2165 2199
2167 2311
2169 2201
2171 2382
2171 2461
2172 2208
2175 2197
2179 2233
2179 2465
2183 2257
2184 2208
2184 2360
2186 2626
2187 2307
2187 2505
2191 2427
2195 2218
2195 2372
2195 2539
2195 2558
2197 2463
2198 2305
2198 2418
2204 2370
2205 2416
2205 2513
2206 2253
2208 2294
2209 2430
2209 2532
2210 2235
2212 2549
2212 2564
2213 2267
2214 2434
2217 2249
2217 2402
2219 2263
2220 2323
2220 2364
2220 2390
2220 2541
2220 2585
2221 2617
2222 2298
2224 2405
2224 2515
2224 2521
2225 2512
2226 2310
2232 2292
2232 2631
2236 2344
2236 2522
2242 2418
2244 2392
2245 2559
2247 2328
2248 2290
2248 2551
2251 2289
2251 2570
2253 2491
2255 2401
2258 2451
2259 2380
2259 2441
2259 2487
2261 2599
2262 2504
2262 2525
2263 2357
2269 2464
2269 2524
2272 2377
2276 2436
2280 2378
2281 2433
2282 2397
2282 2432
2282 2505
2286 2407
2291 2466
2291 2492
2295 2528
2298 2507
2303 2342
2306 2635
2310 2418
2310 2630
2312 2352
2318 2478
2321 2402
2321 2445
2321 2569
2326 2592
2330 2343
2331 2435
2331 2468
2335 2368
2338 2385
2338 2607
2339 2451
2339 2570
2340 2396
2341 2493
2342 2439
2344 2360
2351 2461
2357 2437
2359 2368
2363 2555
2364 2477
2365 2434
2367 2563
2376 2614
2377 2431
2377 2506
2377 2597
2380 2510
2381 2497
2392 2625
2395 2477
2396 2624
2401 2495
2403 2495
2406 2535
2407 2489
2409 2567
2411 2415
2411 2443
2411 2585
2422 2532
2427 2540
2427 2594
2435 2553
2440 2549
2443 2502
2449 2529
2456 2535
2456 2551
2457 2569
2460 2634
2462 2624
2462 2634
2464 2553
2469 2617
2474 2567
2477 2590
2478 2548
2478 2608
2480 2564
2485 2493
2486 2511
2501 2532
2503 2630
2507 2580
2507 2632
2511 2555
2525 2531
2526 2603
2530 2573
2536 2582
2536 2594
2538 2619
2549 2565
2557 2587
2557 2630
2559 2605
2561 2629
2563 2591
2574 2596
2580 2590
2581 2620
2586 2616
2595 2634
