1760 3840
0 659
0 990
0 1139
1 415
1 522
1 1238
2 330
2 509
2 798
2 1229
2 1264
2 1293
2 1611
2 1703
3 139
3 177
3 1444
4 654
4 1531
4 1534
5 368
5 1256
5 1595
6 386
6 431
6 456
6 486
6 489
6 504
6 1095
6 1474
7 297
7 358
7 462
7 530
7 836
7 850
7 1413
7 1492
8 963
8 1029
8 1381
9 282
9 390
9 473
9 581
9 1376
9 1409
9 1468
9 1646
10 1170
10 1332
10 1586
11 105
11 251
11 352
12 819
12 1004
12 1675
13 96
13 319
13 539
13 777
13 932
13 1268
13 1274
13 1342
14 110
14 294
14 691
14 1202
14 1529
14 1615
14 1674
14 1686
15 75
15 126
15 1717
16 95
16 193
16 704
16 872
16 941
16 957
16 1192
16 1680
17 58
17 320
17 1114
18 1250
18 1269
18 1599
19 775
19 1609
19 1739
20 51
20 162
20 201
20 296
20 374
20 427
20 1169
20 1326
21 57
21 225
21 356
21 722
21 723
21 771
21 834
21 1670
22 1234
22 1312
22 1348
23 1036
23 1122
23 1401
24 608
24 635
24 1055
25 174
25 245
25 665
25 674
25 758
25 911
25 1108
25 1690
26 93
26 278
26 304
26 971
26 1066
26 1295
26 1511
26 1748
27 623
27 1183
27 1347
28 42
28 99
28 264
28 389
28 751
28 821
28 925
28 1058
29 579
29 981
29 1688
30 1408
30 1444
30 1693
31 347
31 738
31 755
32 251
32 774
32 1516
33 515
33 754
33 1603
34 754
34 760
34 789
35 326
35 1291
35 1483
36 81
36 747
36 1759
37 252
37 684
37 922
38 151
38 258
38 303
38 468
38 752
38 856
38 1161
38 1505
39 929
39 1142
39 1498
40 774
40 1439
40 1596
41 986
41 1412
41 1613
42 855
42 915
43 96
43 171
43 481
43 483
43 1017
43 1182
43 1330
43 1696
44 165
44 973
44 1044
45 393
45 423
45 507
45 529
45 994
45 1543
45 1646
45 1752
46 362
46 371
46 589
47 308
47 427
47 612
47 750
47 924
47 1008
47 1106
47 1385
48 1395
48 1443
48 1622
49 68
49 358
49 686
49 712
49 880
49 1309
49 1621
49 1752
50 655
50 1170
50 1444
51 208
51 1461
52 173
52 520
52 544
52 966
52 994
52 1394
52 1514
52 1567
53 80
53 195
53 439
53 793
53 1090
53 1095
53 1260
53 1294
54 76
54 613
54 1461
55 502
55 1548
55 1759
56 1329
56 1461
56 1639
57 226
57 990
58 299
58 336
58 876
58 896
58 1248
58 1253
58 1533
59 218
59 288
59 587
59 700
59 816
59 1030
59 1093
59 1186
60 406
60 813
60 1085
61 106
61 662
61 1571
62 191
62 809
62 1516
63 662
63 709
63 769
64 449
64 867
64 1037
64 1160
64 1338
64 1478
64 1682
64 1727
65 729
65 1152
65 1688
66 108
66 1447
66 1613
67 260
67 1481
67 1561
68 384
68 1088
69 990
69 1004
69 1234
70 277
70 421
70 463
70 576
70 976
70 1223
70 1283
70 1526
71 468
71 550
71 791
71 821
71 864
71 869
71 1270
71 1527
72 898
72 1239
72 1608
73 320
73 419
73 1107
74 257
74 352
74 1634
75 1049
75 1060
75 1074
75 1266
75 1335
75 1406
75 1626
76 176
76 306
76 402
76 451
76 560
76 782
76 848
77 514
77 591
77 813
78 142
78 149
78 1502
79 898
79 1454
79 1487
80 339
80 1029
81 625
81 700
81 842
81 846
81 1027
81 1252
81 1524
82 931
82 1065
82 1687
83 369
83 1044
83 1596
84 408
84 1194
84 1562
85 643
85 1195
85 1483
86 561
86 1403
86 1501
87 234
87 307
87 843
88 189
88 247
88 1136
89 167
89 190
89 206
89 370
89 908
89 925
89 1108
89 1757
90 113
90 849
90 1179
91 216
91 545
91 548
91 1294
91 1407
91 1506
91 1638
91 1703
92 276
92 901
92 1307
93 551
93 789
94 251
94 515
94 1556
95 300
95 937
96 1104
97 201
97 232
97 453
97 836
97 977
97 1020
97 1225
97 1393
98 567
98 1256
98 1412
99 646
99 1254
100 104
100 1353
100 1509
101 579
101 1494
101 1531
102 215
102 1399
102 1481
103 1236
103 1288
103 1713
104 312
104 427
104 468
104 1061
104 1316
104 1322
104 1328
105 802
105 964
105 1272
105 1279
105 1380
105 1648
105 1753
106 151
106 951
106 987
106 1053
106 1054
106 1433
106 1630
107 159
107 769
107 849
108 290
108 555
108 799
108 1062
108 1341
108 1500
108 1506
109 735
109 1488
109 1707
110 659
110 1596
111 874
111 897
111 1304
112 948
112 1538
112 1737
113 145
113 496
113 799
113 859
113 936
113 1009
113 1229
114 1028
114 1079
114 1687
115 1065
115 1344
115 1443
116 747
116 1546
116 1548
117 553
117 937
117 1438
118 235
118 264
118 325
118 378
118 592
118 1511
118 1528
118 1754
119 274
119 296
119 402
119 889
119 998
119 1141
119 1537
119 1602
120 355
120 1454
120 1551
121 774
121 819
121 1139
122 197
122 1142
122 1739
123 396
123 438
123 1548
124 218
124 316
124 375
124 395
124 587
124 625
124 776
124 1620
125 345
125 433
125 629
126 609
126 682
126 867
126 1331
126 1396
126 1512
126 1673
127 161
127 182
127 832
127 870
127 988
127 999
127 1012
127 1727
128 258
128 612
128 673
128 713
128 872
128 1054
128 1082
128 1154
129 518
129 809
129 849
130 217
130 1304
130 1348
131 237
131 708
131 867
131 1045
131 1146
131 1227
131 1539
131 1665
132 412
132 1200
132 1448
133 995
133 1517
133 1609
134 270
134 817
134 1010
134 1040
134 1115
134 1116
134 1326
134 1405
135 1240
135 1296
135 1687
136 479
136 580
136 602
136 969
136 1190
136 1424
136 1496
136 1584
137 153
137 525
137 959
138 175
138 349
138 382
138 873
138 1213
138 1244
138 1260
138 1377
139 508
139 524
139 752
139 1053
139 1297
139 1575
139 1620
140 300
140 1296
140 1399
141 897
141 1195
141 1689
142 186
142 491
142 677
142 1155
142 1354
142 1681
142 1742
143 711
143 1088
143 1636
144 511
144 597
144 699
144 905
144 982
144 1154
144 1525
144 1662
145 919
145 1531
146 367
146 696
146 1491
147 194
147 228
147 269
147 725
147 933
147 936
147 1155
147 1576
148 629
148 644
148 1702
149 209
149 323
149 439
149 785
149 877
149 896
149 1137
150 234
150 619
150 890
151 705
152 1344
152 1586
152 1698
153 329
153 346
153 761
153 949
153 1569
153 1590
153 1625
154 213
154 300
154 1130
155 1065
155 1296
155 1652
156 775
156 1273
156 1392
157 1085
157 1364
157 1712
158 721
158 981
158 1502
159 391
159 542
159 741
159 742
159 767
159 1100
159 1436
160 1076
160 1273
160 1671
161 898
161 1531
162 197
162 1741
163 1403
163 1713
163 1726
164 655
164 919
164 1032
165 243
165 395
165 583
165 1013
165 1075
165 1504
165 1529
166 432
166 945
166 1442
167 937
167 1132
168 573
168 754
168 789
169 329
169 470
169 688
169 1015
169 1217
169 1574
169 1627
169 1697
170 409
170 738
170 1454
171 534
171 1127
172 213
172 318
172 340
173 589
173 1206
174 408
174 1412
175 1002
175 1418
176 291
176 1639
177 431
177 730
177 737
177 854
177 1244
177 1262
177 1529
178 414
178 1352
178 1759
179 383
179 501
179 662
180 878
180 1164
180 1717
181 946
181 1609
181 1671
182 1374
182 1702
183 409
183 975
183 1558
184 412
184 655
184 1004
185 215
185 1403
185 1618
186 540
186 893
187 379
187 1127
187 1678
188 267
188 1447
188 1483
189 306
189 527
189 574
189 862
189 1141
189 1605
189 1623
190 945
190 1230
191 472
191 496
191 563
191 667
191 741
191 1351
191 1410
192 332
192 333
192 885
192 998
192 1030
192 1091
192 1283
192 1306
193 744
193 958
194 339
194 721
195 820
195 981
196 608
196 1064
196 1159
197 253
197 556
197 829
197 1078
197 1103
197 1493
198 424
198 656
198 1716
199 458
199 499
199 1509
200 948
200 1028
200 1132
201 291
202 450
202 540
202 1636
203 1333
203 1608
203 1739
204 466
204 596
204 1713
205 379
205 438
205 1104
206 918
206 1194
207 502
207 913
207 1214
208 289
208 441
208 703
208 850
208 875
208 1259
208 1359
209 689
209 820
210 280
210 301
210 485
210 803
210 978
210 989
210 1568
210 1746
211 571
211 720
211 1713
212 857
212 1016
212 1064
213 283
213 923
213 949
213 1227
213 1268
213 1301
214 409
214 448
214 1586
215 387
215 661
215 668
215 1023
215 1066
215 1431
216 831
216 1003
217 316
217 590
217 930
217 1082
217 1131
217 1402
217 1575
218 1594
219 1038
219 1206
219 1618
220 345
220 570
220 883
221 263
221 711
221 1038
222 466
222 515
222 1164
223 522
223 749
223 1599
224 396
224 789
224 1491
225 720
225 819
226 275
226 572
226 585
226 653
226 1118
226 1734
226 1745
227 246
227 582
227 779
227 847
227 965
227 1074
227 1289
227 1315
228 634
228 1678
229 1595
229 1671
229 1739
230 417
230 454
230 1232
230 1294
230 1311
230 1369
230 1388
230 1696
231 1179
231 1374
231 1454
232 1236
232 1691
233 339
233 1412
233 1448
234 261
234 535
234 671
234 758
234 1037
234 1367
235 1156
235 1207
236 1228
236 1636
236 1741
237 636
237 1713
238 443
238 948
238 1332
239 497
239 650
239 979
239 1243
239 1295
239 1543
239 1567
239 1697
240 305
240 647
240 1016
241 401
241 1551
241 1688
242 348
242 890
242 1255
243 514
243 1596
244 644
244 883
244 1531
245 432
245 1684
246 438
246 883
247 286
247 287
247 743
247 839
247 1520
247 1606
247 1635
248 369
248 409
248 414
249 378
249 500
249 504
249 546
249 828
249 1083
249 1260
249 1628
250 634
250 684
250 1624
251 455
251 773
251 1014
251 1042
251 1048
252 830
252 1119
252 1145
252 1446
252 1552
252 1573
252 1623
253 371
253 643
254 347
254 415
254 1561
255 563
255 605
255 768
255 942
255 1167
255 1219
255 1341
255 1611
256 320
256 338
256 1731
257 357
257 463
257 548
257 865
257 1062
257 1293
257 1565
258 1278
259 1032
259 1463
259 1624
260 322
260 457
260 783
260 822
260 888
260 1143
260 1287
261 348
261 1233
262 291
262 1384
262 1508
263 358
263 425
263 510
263 728
263 899
263 1351
263 1666
264 570
265 314
265 437
265 693
265 1128
265 1178
265 1513
265 1521
265 1550
266 307
266 729
266 1255
267 290
267 357
267 422
267 793
267 1144
267 1264
267 1311
268 689
268 981
268 1212
269 890
269 1047
270 946
270 1142
271 789
271 1139
271 1157
272 648
272 654
272 948
273 1332
273 1403
273 1743
274 1239
274 1634
275 458
275 1596
276 663
276 710
276 859
276 891
276 1199
276 1681
276 1701
277 736
277 1454
278 619
278 1434
279 809
279 1003
279 1016
280 1114
280 1660
281 813
281 1364
281 1689
282 1718
282 1743
283 579
283 1469
284 883
284 927
284 1702
285 648
285 960
285 1239
286 1055
286 1381
287 922
287 1463
288 414
288 1239
289 549
289 1236
290 636
291 380
291 441
291 690
291 997
291 1425
292 342
292 804
292 1363
293 561
293 1586
293 1693
294 774
294 973
295 432
295 1079
295 1652
296 1563
297 401
297 1618
298 474
298 916
298 1441
299 594
299 1361
300 708
300 1083
300 1525
300 1612
300 1617
301 655
301 1350
302 825
302 1448
302 1613
303 1254
303 1724
304 540
304 589
305 569
305 667
305 728
305 822
305 860
305 875
305 977
306 1383
307 382
307 456
307 940
307 1019
307 1362
307 1640
308 970
308 1142
309 471
309 1126
309 1204
309 1243
309 1345
309 1514
309 1627
309 1641
310 436
310 660
310 1403
311 494
311 703
311 977
311 1009
311 1456
311 1601
311 1626
311 1720
312 929
312 1235
313 720
313 993
313 1064
314 1304
314 1441
315 369
315 960
315 1698
316 1488
317 749
317 962
317 1107
318 624
318 642
318 1120
318 1166
318 1300
318 1566
318 1753
319 1218
319 1678
320 524
320 737
320 1172
320 1519
320 1535
321 929
321 970
321 1152
322 1051
322 1759
323 419
323 1122
324 590
324 682
324 870
324 1209
324 1215
324 1325
324 1391
324 1523
325 1064
325 1476
326 638
326 683
326 790
326 935
326 1173
326 1178
326 1317
327 416
327 562
327 1412
328 764
328 857
328 1296
329 1136
330 339
330 1447
331 1139
331 1459
331 1548
332 1374
332 1608
333 355
333 525
334 584
334 678
334 742
334 835
334 1005
334 1073
334 1124
334 1714
335 591
335 970
335 1021
336 401
336 1609
337 601
337 692
337 732
338 451
338 566
338 607
338 807
338 860
338 1165
338 1540
339 541
339 652
339 1062
339 1681
340 552
340 900
340 1084
340 1257
340 1327
340 1334
340 1521
341 591
341 1498
341 1731
342 422
342 429
342 473
342 545
342 649
342 686
342 1753
343 362
343 759
343 967
344 567
344 1218
344 1737
345 600
345 626
345 777
345 1267
345 1369
345 1738
346 564
346 1498
347 390
347 429
347 526
347 1398
347 1473
347 1496
348 585
348 853
348 983
348 1387
348 1423
348 1511
349 689
349 1156
350 412
350 1107
350 1660
351 406
351 412
351 1021
352 539
352 861
352 1024
352 1472
352 1607
352 1614
353 878
353 1418
353 1578
354 960
354 1352
354 1546
355 685
355 715
355 745
355 865
355 972
355 1650
356 843
356 1340
357 1502
359 735
359 755
359 1158
360 596
360 1240
360 1344
361 780
361 945
361 1412
362 544
362 672
362 719
362 880
362 979
362 1376
363 458
363 720
363 973
364 491
364 622
364 772
364 811
364 951
364 1023
364 1580
364 1621
365 408
365 573
365 660
366 945
366 1028
366 1684
367 781
367 877
367 1231
367 1258
367 1379
367 1428
367 1732
368 459
368 610
368 666
368 765
368 1099
368 1118
368 1318
369 375
369 691
369 730
369 1645
369 1705
370 1216
370 1639
371 631
371 835
371 1110
371 1115
371 1298
371 1543
372 436
372 986
372 1435
373 995
373 1241
373 1395
374 985
374 1383
375 1000
376 762
376 871
376 1491
377 617
377 1092
377 1340
378 687
379 506
379 905
379 941
379 1263
379 1342
379 1554
380 1564
380 1684
381 922
381 1200
381 1363
382 1240
383 753
383 840
383 879
383 942
383 1247
383 1486
383 1566
384 505
384 631
384 1117
384 1339
384 1373
384 1580
384 1637
385 1238
385 1333
385 1403
386 1240
386 1241
387 436
387 1288
388 696
388 1241
388 1384
389 433
389 1434
390 831
391 1085
391 1195
392 1130
392 1132
392 1463
393 450
393 589
394 903
394 1516
394 1594
395 871
396 598
396 826
396 907
396 1184
396 1252
396 1610
397 619
397 1152
397 1736
398 475
398 533
398 621
398 1007
398 1093
398 1237
398 1711
398 1747
399 571
399 608
399 1016
400 446
400 910
400 1250
401 892
401 1428
401 1557
401 1567
401 1631
402 1113
403 644
403 1156
403 1412
404 855
404 945
404 1624
405 1038
405 1080
405 1561
406 464
406 803
406 1077
406 1081
406 1495
406 1704
407 687
407 1156
407 1434
408 457
408 1066
408 1087
408 1343
408 1633
409 440
409 528
409 1134
409 1504
410 515
410 551
410 789
411 425
411 513
411 520
411 614
411 651
411 956
411 1096
411 1204
412 980
412 1193
412 1281
412 1320
413 523
413 812
413 815
413 1457
413 1604
413 1610
413 1633
413 1685
414 757
414 885
414 965
414 984
414 1075
415 940
415 1138
415 1425
415 1462
415 1464
415 1719
416 477
416 595
416 1205
416 1308
416 1382
416 1554
416 1674
417 934
417 985
418 897
418 1350
418 1395
419 420
419 892
419 1276
419 1310
419 1715
419 1722
420 770
420 981
421 709
421 1047
422 1003
423 711
423 1392
424 717
424 992
424 1187
424 1455
424 1510
424 1513
424 1644
425 1195
426 931
426 1240
426 1652
428 1064
428 1162
428 1434
429 1181
430 1183
430 1195
430 1502
431 1418
432 533
432 669
432 763
432 1121
432 1677
433 481
433 574
433 630
433 757
433 1336
433 1528
434 937
434 1036
434 1634
435 748
435 1216
435 1296
436 530
436 599
436 1160
436 1631
436 1750
437 502
437 1622
438 1027
438 1202
438 1261
438 1530
438 1579
439 1212
440 601
440 1044
441 1235
442 1079
442 1181
442 1743
443 575
443 680
443 1007
443 1096
443 1303
443 1378
443 1574
444 747
444 1234
444 1269
445 732
445 1036
445 1469
446 783
446 847
446 921
446 1087
446 1126
446 1398
446 1632
447 732
447 1608
447 1758
448 469
448 1112
448 1417
448 1421
448 1485
448 1555
448 1602
449 1130
449 1164
450 536
450 817
450 829
450 979
450 1005
450 1373
451 1035
452 634
452 1290
452 1475
453 1038
453 1212
454 594
454 1563
455 1021
455 1678
456 1065
457 1599
458 556
458 1024
458 1326
458 1637
458 1642
459 562
459 1609
460 759
460 789
460 1689
461 749
461 1029
461 1578
462 711
462 1273
463 1716
464 1079
464 1092
465 696
465 886
465 1561
466 492
466 679
466 681
466 1068
466 1331
466 1532
467 754
467 766
467 1712
469 1374
469 1487
470 1016
470 1188
471 910
471 1599
472 769
472 897
473 522
474 590
474 1006
474 1180
474 1436
474 1513
474 1605
474 1714
475 1228
475 1737
476 760
476 1162
476 1429
477 1347
477 1418
478 1442
478 1461
478 1564
479 1158
479 1307
480 963
480 1055
480 1107
481 883
482 561
482 948
482 1188
483 617
483 1547
484 643
484 755
484 769
485 1107
485 1418
486 738
486 1448
487 619
487 1233
487 1255
488 636
488 993
488 1130
489 986
489 1558
490 1044
490 1344
490 1383
491 1212
492 579
492 1758
493 1183
493 1489
493 1553
494 634
494 655
495 825
495 927
495 1156
496 1487
497 540
497 573
498 937
498 1254
498 1347
499 675
499 932
499 1014
499 1177
499 1565
499 1648
499 1725
500 644
500 825
501 580
501 714
501 741
501 852
501 1105
501 1222
501 1397
502 552
502 657
502 838
502 1123
502 1524
503 601
503 946
503 1333
504 689
505 644
505 1571
506 567
506 591
507 946
507 1181
508 1307
508 1707
509 538
509 901
510 1392
510 1671
511 958
511 1092
512 993
512 1288
512 1726
513 1025
513 1188
514 528
514 928
514 1313
514 1417
514 1537
514 1705
515 1251
515 1420
515 1451
515 1673
516 571
516 886
516 1683
517 564
517 601
517 1739
518 547
518 559
518 563
518 717
518 1042
518 1305
518 1479
519 643
519 1347
519 1489
520 1250
521 1104
521 1454
521 1724
522 794
522 884
522 921
522 944
522 969
523 1139
523 1671
524 1002
525 642
525 839
525 1217
525 1386
525 1526
525 1623
526 963
526 1599
527 570
527 1234
528 1608
529 759
529 893
530 1206
531 553
531 623
531 967
532 970
532 1731
532 1737
533 1132
534 777
534 1263
534 1316
534 1370
534 1530
534 1641
534 1663
535 890
535 1435
536 874
536 1556
537 916
537 1102
537 1170
538 560
538 607
538 799
538 808
538 1094
538 1346
538 1756
539 1687
540 554
540 631
540 1135
540 1492
541 689
541 995
542 1284
542 1689
543 629
543 927
543 1531
544 893
545 1547
546 748
546 915
547 774
547 1203
548 1483
549 763
549 887
549 1196
549 1246
549 1393
549 1497
549 1523
550 1290
550 1442
551 837
551 935
551 1168
551 1440
551 1471
551 1477
552 916
553 681
553 727
553 761
553 1302
553 1600
553 1655
554 721
554 967
555 809
555 1475
556 1235
557 619
557 1142
557 1556
558 1197
558 1469
558 1534
559 1076
559 1441
560 647
561 669
561 844
561 1007
561 1196
561 1265
562 722
562 812
562 1210
562 1346
562 1593
562 1749
564 622
564 740
564 868
564 987
564 1011
564 1699
565 1278
565 1571
565 1683
566 594
566 1102
567 926
567 1033
567 1070
567 1615
567 1749
568 707
568 1021
568 1203
569 886
569 1759
570 633
570 984
570 1017
570 1358
570 1414
571 827
571 1143
571 1582
571 1734
571 1754
572 1064
572 1713
573 592
573 983
573 1431
573 1440
573 1545
574 1675
575 764
575 1442
576 1353
576 1447
577 1139
577 1491
577 1603
578 920
578 1130
578 1713
579 718
579 877
579 1043
579 1569
580 643
581 1236
581 1476
582 709
582 1599
583 1000
583 1733
584 1076
584 1556
585 1216
586 754
586 774
586 871
587 1548
588 1203
588 1678
588 1731
589 1411
589 1545
589 1557
589 1627
591 1089
591 1382
591 1659
591 1711
592 619
593 1092
593 1102
593 1364
594 909
594 1023
594 1111
594 1276
594 1337
595 825
595 1256
596 1112
596 1182
596 1334
596 1694
596 1738
596 1751
597 705
597 1716
598 1562
598 1671
599 644
599 1063
600 617
600 1003
601 928
601 1306
601 1570
601 1728
602 692
602 991
603 814
603 938
603 1055
604 903
604 1029
604 1241
605 797
605 1759
606 809
606 1159
606 1547
607 1329
608 782
608 1245
608 1452
608 1559
608 1588
609 656
609 878
610 883
610 1228
611 874
611 1230
611 1233
612 1408
613 690
613 716
613 1175
613 1272
613 1520
613 1552
613 1757
614 1273
614 1284
615 1029
615 1517
615 1595
616 634
616 1230
616 1463
617 664
617 793
617 1111
617 1430
617 1638
618 766
618 916
618 1085
619 1450
619 1745
620 1028
620 1652
620 1718
621 648
621 1494
622 1278
623 923
623 941
623 1163
623 1274
623 1515
623 1662
624 831
624 1363
625 648
626 1162
626 1443
627 1044
627 1608
627 1698
628 973
628 1228
628 1594
629 666
629 723
629 1017
629 1261
629 1315
630 910
630 960
632 814
632 973
632 1538
633 960
633 1269
634 710
634 1150
634 1656
635 670
635 743
635 1198
635 1380
635 1446
635 1589
635 1619
636 879
636 1120
636 1131
636 1319
636 1703
637 1278
637 1361
637 1488
638 916
638 1689
639 1179
639 1344
639 1374
640 684
640 1004
640 1509
641 918
641 1254
641 1553
642 1102
643 817
643 1163
643 1755
644 698
644 1649
645 660
645 1216
645 1481
646 791
646 1191
646 1251
646 1356
646 1365
646 1604
646 1735
647 906
647 1280
647 1337
647 1357
647 1535
647 1577
648 701
648 776
648 885
648 1221
649 711
649 1758
650 759
650 1206
651 995
651 1595
652 825
652 986
653 973
653 1741
654 718
654 1015
654 1082
654 1093
654 1415
654 1499
655 713
655 1008
655 1519
656 750
656 1070
656 1097
656 1389
656 1406
656 1674
657 764
657 1586
658 1002
658 1444
658 1488
659 676
659 724
659 826
659 837
659 1042
659 1583
660 772
660 909
660 1208
660 1437
660 1748
661 696
661 1216
662 726
662 795
662 1050
662 1143
662 1222
663 890
663 1063
664 744
664 1361
665 855
665 1230
666 1538
667 1273
668 934
668 1088
669 1691
670 963
670 1195
671 729
671 1241
672 711
672 1076
673 800
673 1494
674 707
674 1255
675 1447
675 1634
676 754
676 1000
677 981
677 1483
678 1233
678 1624
679 993
679 1443
680 959
680 1016
681 1122
682 1687
683 709
683 1502
684 743
684 939
684 1146
684 1147
684 1416
685 1047
685 1291
686 692
687 999
687 1039
687 1257
687 1285
687 1585
687 1605
688 1158
688 1494
689 824
689 1311
689 1638
690 1329
691 1002
692 1043
692 1292
692 1532
692 1651
692 1695
693 766
693 1689
694 764
694 1188
694 1684
695 959
695 1136
695 1469
696 786
696 888
696 940
696 1208
697 843
697 1142
697 1688
698 1047
698 1618
699 748
699 937
700 1733
701 1548
701 1733
702 855
702 918
702 1132
703 1051
704 1092
704 1564
705 950
705 957
705 1008
705 1402
705 1415
705 1560
706 764
706 797
706 1200
707 710
707 933
707 1001
707 1048
707 1342
707 1367
708 1197
709 714
709 745
709 1201
709 1632
711 1292
711 1580
712 1038
712 1273
713 929
714 1683
715 736
715 975
716 1065
716 1363
717 1392
718 1702
719 1181
719 1739
720 765
720 1387
720 1450
720 1740
721 811
721 881
721 891
721 1137
721 1507
722 1595
723 1228
724 973
724 1439
725 735
725 901
726 886
726 1064
727 893
727 1489
728 849
729 771
729 808
729 1099
729 1149
729 1231
730 1439
731 913
731 1188
731 1442
732 761
732 887
732 914
732 1425
732 1700
733 1441
733 1716
733 1717
734 770
734 1312
734 1435
735 752
735 848
735 859
735 1190
735 1588
736 801
736 845
736 1346
736 1428
736 1505
736 1669
737 1488
738 969
738 988
738 1285
738 1377
738 1404
739 1055
739 1509
739 1594
740 946
740 1608
742 1304
744 982
744 1077
744 1176
744 1388
744 1482
744 1495
745 1063
746 1401
746 1534
746 1758
747 833
747 841
747 953
747 1372
747 1521
748 917
748 1192
748 1227
748 1427
748 1668
749 961
749 1398
749 1616
749 1619
749 1708
750 1290
751 775
751 958
753 913
753 1200
754 790
754 971
755 794
755 805
755 852
755 1390
755 1695
756 813
756 1044
756 1737
757 1269
758 1678
759 1056
759 1204
759 1557
759 1657
760 773
760 968
760 1168
760 1324
760 1331
760 1735
762 925
762 1083
762 1400
762 1427
762 1597
762 1604
762 1679
763 1332
764 833
764 1245
764 1247
765 990
766 866
766 954
766 1201
766 1471
766 1723
767 903
767 1350
768 849
768 1516
769 840
769 1026
769 1050
769 1584
770 788
770 896
770 1068
770 1131
770 1302
770 1727
771 1361
772 934
773 1736
774 907
774 1477
775 899
775 1057
775 1109
775 1360
775 1610
776 814
778 1538
778 1594
778 1596
779 960
779 1759
780 783
780 815
780 902
780 911
780 947
780 1431
780 1748
781 981
781 1534
782 1307
784 929
784 1290
784 1717
785 1534
785 1688
786 1157
786 1688
787 1047
787 1104
787 1250
788 800
788 920
789 1394
790 813
791 1041
792 916
792 1034
792 1693
794 1558
795 1158
795 1278
796 819
796 1170
796 1548
797 863
797 1050
797 1105
797 1120
797 1271
797 1710
798 809
798 1025
800 1180
800 1277
800 1319
800 1325
800 1415
800 1620
801 1206
801 1688
802 1065
802 1639
803 1731
804 863
804 879
804 900
804 1279
804 1301
804 1321
804 1386
805 1307
805 1571
806 1494
806 1534
806 1702
807 934
807 1034
808 1563
809 1486
809 1710
810 967
810 1036
810 1489
811 820
812 970
813 854
813 1471
813 1721
814 816
814 1059
814 1148
814 1305
814 1368
815 1194
816 1733
818 878
818 1381
818 1660
819 826
819 842
819 1118
819 1133
820 836
820 912
820 1356
820 1359
820 1742
821 1429
822 1546
823 1127
823 1197
823 1489
824 1029
824 1613
825 911
825 1343
825 1749
827 857
827 1159
828 1207
828 1434
829 1183
830 1055
830 1578
831 884
831 1144
831 1279
831 1292
831 1309
832 1122
832 1435
833 1214
834 1256
834 1609
835 1556
837 871
838 1269
838 1675
839 1113
840 1683
841 910
841 1675
842 1693
843 1018
843 1258
843 1314
843 1318
843 1756
844 1170
844 1214
845 1035
845 1256
846 990
846 1170
847 1291
848 857
849 1397
849 1426
849 1729
850 1212
851 901
851 919
851 1702
852 1183
853 1142
853 1736
854 1553
855 943
855 1072
855 1175
855 1679
856 1307
856 1488
857 1323
857 1536
857 1589
857 1664
858 1454
858 1558
858 1698
860 1159
861 1509
861 1741
862 1207
862 1304
863 920
864 918
864 1347
865 1353
866 1501
866 1718
868 1238
868 1288
869 937
869 1553
870 1234
871 1069
871 1202
871 1249
871 1645
872 1716
873 1448
873 1558
874 1153
874 1298
874 1419
874 1436
874 1458
875 919
876 981
876 1122
878 1086
878 1289
878 1456
878 1572
880 1392
881 1088
881 1212
882 1002
882 1553
882 1712
883 1466
883 1670
884 1181
886 895
886 947
886 1087
886 1591
887 1491
888 1238
889 985
889 1235
890 1124
890 1153
890 1682
891 1613
892 1595
893 1078
893 1116
893 1507
893 1515
894 1162
894 1181
894 1236
895 1051
895 1546
897 1174
897 1211
897 1397
897 1714
898 1022
898 1306
898 1470
898 1549
898 1555
899 1076
900 1197
901 1410
901 1500
901 1720
901 1729
902 1132
902 1562
903 1084
903 1211
903 1305
903 1362
903 1694
904 1333
904 1469
904 1498
905 1489
906 1444
906 1731
907 990
908 915
908 1041
909 1088
910 984
910 1060
910 1123
910 1456
912 1429
912 1547
913 1271
913 1303
913 1372
913 1559
913 1664
914 1157
914 1691
915 1069
915 1365
915 1422
915 1617
915 1685
916 953
916 992
917 1130
917 1197
918 1031
918 1192
918 1525
918 1655
919 1060
919 1086
919 1225
919 1656
920 930
920 1045
920 1264
920 1506
920 1566
921 963
922 964
922 1101
922 1323
922 1452
922 1616
923 1127
924 1152
924 1498
926 1347
926 1660
927 1117
927 1185
927 1449
927 1628
927 1750
928 1698
929 950
929 1169
929 1389
930 1122
931 974
931 1245
931 1612
931 1664
931 1668
931 1719
932 1652
933 1032
934 1248
934 1430
934 1577
934 1722
935 1712
936 1307
937 1072
938 1024
938 1098
938 1147
938 1328
938 1653
938 1654
938 1725
939 1130
939 1194
942 1546
943 1399
943 1639
944 1384
944 1561
945 1343
945 1367
945 1692
946 1109
946 1376
946 1493
947 1599
948 1186
948 1659
948 1677
949 1534
950 1408
951 1333
952 1233
952 1255
952 1435
953 1622
954 1079
954 1743
955 959
955 1494
955 1571
956 1029
956 1609
957 1353
958 997
958 1455
958 1661
958 1667
958 1709
959 1243
959 1299
959 1411
959 1499
960 1030
960 1504
961 1055
961 1114
962 1151
962 1368
962 1452
962 1573
962 1589
962 1635
962 1654
963 1101
963 1151
963 1375
964 991
965 1546
966 1603
966 1689
967 994
967 1103
967 1354
967 1405
968 1203
968 1556
970 1011
970 1275
970 1625
971 1603
972 1447
972 1716
973 1705
974 1107
974 1384
975 976
975 1125
975 1322
975 1370
975 1404
975 1470
976 1551
978 986
978 1200
980 1364
980 1731
982 1564
983 1434
985 1111
985 1149
985 1541
985 1706
985 1756
986 1320
986 1338
986 1377
987 1088
988 1207
989 1021
989 1364
990 1171
990 1592
991 1198
991 1247
991 1271
991 1320
991 1390
991 1568
992 1304
993 1045
993 1071
993 1734
993 1751
995 1090
995 1362
995 1375
995 1708
996 1145
996 1150
996 1385
996 1389
996 1520
996 1527
996 1658
996 1744
997 1442
998 1438
999 1558
1000 1422
1000 1477
1000 1579
1000 1597
1000 1686
1001 1127
1001 1218
1002 1013
1002 1474
1002 1721
1003 1219
1003 1356
1003 1371
1003 1696
1004 1098
1004 1100
1004 1211
1004 1746
1005 1736
1006 1113
1006 1207
1009 1702
1010 1152
1010 1739
1011 1469
1012 1348
1012 1675
1013 1439
1014 1363
1015 1571
1016 1167
1016 1540
1018 1241
1018 1255
1019 1029
1019 1395
1020 1235
1020 1461
1021 1165
1021 1432
1021 1535
1022 1344
1022 1487
1025 1049
1025 1150
1025 1220
1025 1289
1025 1341
1025 1378
1026 1291
1026 1683
1027 1139
1028 1189
1028 1196
1028 1237
1028 1690
1031 1036
1031 1438
1032 1199
1032 1220
1032 1416
1032 1601
1032 1658
1033 1418
1033 1553
1034 1128
1034 1166
1034 1176
1034 1337
1034 1386
1034 1704
1035 1149
1035 1229
1035 1280
1035 1314
1035 1500
1035 1593
1036 1068
1036 1515
1036 1590
1037 1233
1038 1135
1038 1359
1038 1631
1039 1214
1039 1622
1040 1235
1040 1741
1041 1355
1041 1358
1041 1360
1041 1528
1041 1667
1041 1679
1043 1401
1044 1089
1044 1602
1046 1195
1046 1273
1046 1517
1047 1641
1047 1701
1047 1750
1048 1731
1049 1352
1051 1225
1051 1351
1051 1357
1051 1426
1051 1540
1052 1288
1052 1332
1052 1501
1053 1361
1054 1707
1055 1323
1056 1250
1056 1517
1057 1139
1057 1562
1058 1564
1058 1671
1059 1228
1059 1596
1061 1254
1061 1707
1063 1223
1063 1345
1063 1449
1063 1576
1063 1663
1064 1287
1065 1112
1065 1213
1067 1401
1067 1443
1067 1713
1069 1157
1070 1439
1071 1236
1071 1403
1072 1194
1073 1392
1073 1736
1074 1475
1075 1698
1076 1419
1076 1510
1076 1752
1077 1102
1078 1624
1079 1173
1079 1409
1079 1482
1080 1110
1080 1295
1080 1354
1080 1373
1080 1413
1080 1507
1080 1545
1081 1689
1081 1712
1084 1443
1085 1174
1085 1178
1085 1394
1085 1657
1086 1269
1088 1460
1088 1742
1089 1712
1090 1613
1091 1383
1091 1634
1092 1232
1092 1704
1092 1730
1094 1256
1094 1551
1095 1156
1096 1475
1097 1353
1097 1441
1098 1463
1099 1340
1100 1395
1101 1284
1102 1321
1102 1550
1102 1577
1103 1230
1104 1267
1104 1322
1104 1345
1104 1598
1105 1683
1106 1235
1106 1724
1107 1464
1107 1533
1108 1624
1109 1595
1110 1636
1113 1119
1113 1140
1113 1336
1113 1414
1113 1585
1114 1151
1114 1281
1114 1310
1114 1522
1114 1719
1115 1183
1116 1230
1117 1158
1119 1136
1121 1687
1121 1718
1122 1319
1122 1478
1123 1234
1124 1230
1125 1374
1125 1487
1126 1269
1127 1177
1127 1267
1127 1472
1128 1170
1129 1350
1129 1463
1129 1509
1130 1396
1132 1146
1132 1633
1133 1234
1133 1350
1134 1214
1134 1344
1135 1238
1136 1166
1136 1283
1136 1321
1136 1650
1137 1483
1138 1241
1138 1481
1140 1329
1140 1383
1141 1329
1142 1231
1144 1547
1145 1639
1147 1350
1148 1395
1148 1516
1152 1258
1152 1423
1152 1493
1153 1624
1154 1353
1155 1613
1156 1427
1156 1617
1157 1184
1157 1379
1157 1497
1157 1597
1158 1433
1158 1499
1158 1649
1159 1219
1159 1299
1159 1357
1159 1574
1160 1448
1161 1438
1161 1551
1162 1182
1162 1251
1162 1468
1162 1754
1163 1553
1164 1324
1164 1391
1164 1406
1164 1445
1164 1665
1165 1444
1167 1547
1168 1603
1169 1724
1170 1172
1171 1548
1171 1693
1172 1408
1173 1501
1174 1284
1175 1216
1176 1364
1177 1687
1179 1410
1179 1470
1179 1541
1179 1555
1179 1672
1180 1348
1181 1242
1181 1581
1183 1584
1183 1676
1184 1603
1185 1571
1185 1636
1186 1494
1187 1501
1187 1564
1188 1299
1188 1349
1188 1747
1189 1332
1189 1691
1190 1571
1191 1212
1191 1547
1193 1350
1193 1408
1194 1237
1194 1539
1194 1677
1195 1616
1197 1274
1197 1300
1197 1569
1198 1363
1199 1678
1200 1380
1200 1424
1200 1695
1201 1483
1203 1451
1203 1583
1203 1607
1203 1648
1205 1439
1205 1717
1206 1253
1206 1715
1206 1732
1207 1327
1207 1643
1207 1647
1208 1399
1209 1312
1209 1675
1210 1498
1210 1562
1212 1371
1213 1241
1214 1327
1214 1421
1214 1542
1215 1578
1215 1691
1216 1450
1216 1612
1217 1469
1218 1382
1218 1530
1218 1598
1218 1662
1218 1680
1220 1290
1221 1594
1221 1733
1222 1291
1223 1291
1224 1481
1224 1491
1224 1688
1226 1312
1226 1374
1226 1531
1228 1637
1228 1659
1230 1416
1232 1361
1233 1576
1233 1701
1234 1336
1235 1518
1236 1672
1236 1706
1238 1413
1238 1473
1238 1591
1239 1526
1239 1544
1239 1570
1239 1650
1240 1272
1240 1282
1240 1485
1242 1501
1242 1718
1244 1660
1246 1348
1246 1578
1248 1340
1249 1439
1249 1459
1250 1411
1250 1663
1250 1697
1252 1459
1253 1595
1254 1355
1254 1467
1254 1744
1255 1682
1255 1692
1256 1275
1256 1457
1257 1586
1259 1691
1259 1726
1261 1352
1262 1347
1262 1712
1263 1459
1265 1288
1265 1743
1266 1381
1266 1418
1268 1489
1269 1626
1270 1707
1270 1724
1273 1426
1275 1562
1276 1340
1277 1488
1277 1733
1278 1297
1278 1460
1278 1560
1280 1329
1281 1418
1282 1363
1282 1639
1284 1619
1284 1666
1284 1676
1284 1755
1285 1312
1286 1441
1286 1564
1286 1743
1287 1683
1288 1437
1288 1480
1290 1467
1290 1552
1290 1606
1291 1587
1291 1723
1293 1613
1296 1464
1296 1522
1296 1559
1297 1340
1298 1736
1300 1622
1301 1622
1302 1401
1303 1684
1304 1325
1304 1585
1307 1536
1308 1553
1308 1660
1309 1758
1310 1444
1312 1478
1312 1549
1312 1647
1313 1712
1313 1737
1314 1563
1315 1459
1316 1454
1317 1718
1317 1743
1318 1361
1324 1401
1328 1716
1329 1536
1329 1588
1330 1443
1330 1476
1332 1542
1332 1747
1333 1460
1333 1480
1333 1625
1334 1395
1335 1578
1335 1660
1338 1618
1339 1538
1339 1741
1340 1388
1340 1630
1344 1537
1347 1721
1348 1445
1348 1484
1348 1512
1349 1475
1349 1517
1350 1592
1352 1466
1352 1572
1352 1587
1352 1632
1353 1644
1353 1653
1355 1429
1358 1434
1360 1564
1361 1722
1363 1607
1364 1482
1364 1730
1365 1562
1366 1551
1366 1634
1366 1707
1368 1509
1369 1547
1370 1724
1371 1429
1372 1586
1374 1570
1375 1578
1378 1517
1379 1481
1381 1484
1381 1523
1381 1573
1381 1708
1383 1417
1383 1518
1383 1544
1384 1473
1384 1522
1384 1640
1384 1700
1385 1717
1387 1399
1390 1758
1391 1652
1392 1458
1392 1490
1393 1726
1395 1479
1396 1435
1399 1668
1399 1745
1399 1757
1400 1429
1400 1562
1401 1673
1401 1751
1402 1494
1403 1699
1404 1698
1405 1624
1407 1447
1407 1502
1408 1601
1408 1656
1408 1746
1409 1501
1412 1628
1414 1675
1419 1736
1420 1429
1420 1476
1421 1698
1422 1491
1423 1556
1424 1758
1429 1685
1430 1563
1432 1498
1432 1737
1433 1683
1434 1582
1435 1503
1435 1665
1437 1618
1438 1544
1438 1565
1438 1614
1438 1669
1439 1579
1440 1603
1441 1490
1441 1709
1442 1690
1442 1744
1443 1485
1444 1533
1445 1687
1446 1463
1447 1614
1448 1503
1448 1568
1449 1618
1451 1736
1453 1491
1453 1508
1453 1691
1455 1743
1457 1498
1458 1556
1459 1466
1459 1598
1459 1686
1461 1462
1461 1661
1461 1700
1462 1508
1463 1539
1465 1487
1465 1563
1465 1726
1467 1684
1468 1726
1469 1600
1472 1652
1474 1660
1475 1572
1475 1611
1475 1658
1476 1581
1476 1582
1476 1735
1476 1738
1479 1594
1480 1561
1481 1591
1481 1640
1483 1676
1484 1691
1486 1759
1487 1706
1487 1729
1488 1630
1489 1680
1490 1516
1492 1561
1495 1718
1496 1558
1497 1508
1501 1709
1502 1723
1502 1755
1503 1618
1505 1634
1508 1590
1508 1600
1508 1651
1508 1728
1509 1629
1510 1516
1512 1652
1514 1517
1516 1583
1517 1666
1518 1563
1519 1693
1524 1546
1527 1684
1531 1720
1532 1534
1538 1642
1538 1670
1538 1711
1541 1726
1542 1693
1546 1710
1549 1702
1550 1693
1551 1593
1551 1732
1554 1737
1558 1647
1560 1707
1561 1699
1563 1672
1575 1733
1578 1635
1581 1726
1586 1643
1587 1599
1592 1675
1594 1654
1596 1740
1603 1657
1606 1639
1608 1651
1609 1715
1615 1717
1621 1636
1622 1643
1622 1694
1629 1716
1629 1724
1634 1655
1636 1642
1636 1649
1644 1717
1645 1733
1646 1739
1653 1724
1661 1684
1667 1671
1669 1707
1678 1692
1718 1730
1725 1741
1728 1758
1740 1741
