3080 6720
0 1625
0 1970
0 2550
1 900
1 2295
1 2794
2 71
2 506
2 842
2 1103
2 1761
2 2203
2 2292
2 2529
3 221
3 1256
3 1879
4 257
4 1167
4 1887
5 31
5 71
5 436
5 1888
5 2170
5 2202
5 2306
5 2894
6 1371
6 1903
6 2951
7 197
7 219
7 2550
8 416
8 1181
8 1320
8 1354
8 1875
8 2401
8 2727
8 2802
9 459
9 665
9 1501
9 1642
9 2211
9 2381
9 2453
9 2611
10 234
10 296
10 1312
10 1350
10 2171
10 2440
10 2723
10 2886
11 42
11 249
11 282
11 365
11 682
11 1000
11 1616
11 2989
12 361
12 2594
12 2994
13 151
13 411
13 1368
14 804
14 818
14 2275
15 1196
15 1313
15 2120
16 1493
16 2200
16 2839
17 261
17 828
17 987
17 1289
17 2432
17 2775
17 2840
17 2987
18 1208
18 2351
18 2560
19 145
19 1068
19 2924
20 812
20 977
20 1597
21 818
21 2279
21 2672
22 725
22 1484
22 1729
22 1935
22 2107
22 2129
22 2238
22 2510
23 135
23 159
23 241
23 880
23 1527
23 2153
23 2361
23 2663
24 1359
24 2456
24 2816
25 166
25 2540
25 2583
26 1456
26 2722
26 2796
27 100
27 1788
27 1877
28 225
28 1505
28 1787
28 2435
28 2809
28 2929
28 2989
28 3000
29 158
29 1561
29 2892
30 187
30 381
30 2622
31 2013
31 2914
32 124
32 618
32 848
33 955
33 982
33 1544
34 95
34 670
34 810
34 1036
34 1128
34 1201
34 1880
34 2825
35 413
35 793
35 940
36 468
36 1308
36 2620
37 196
37 1179
37 1367
37 2197
37 2218
37 2381
37 2513
37 2545
38 92
38 241
38 622
38 662
38 1020
38 1752
38 2380
38 2713
39 492
39 504
39 589
39 598
39 778
39 1941
39 2161
39 2362
40 1092
40 1334
40 1724
41 900
41 1496
41 2594
42 319
42 758
43 58
43 1331
43 2612
44 786
44 1948
44 2310
45 264
45 326
45 1705
46 1002
46 1306
46 2270
47 441
47 1208
47 2796
48 430
48 676
48 727
48 1363
48 1643
48 1758
48 2294
48 2745
49 110
49 1070
49 2719
50 560
50 1137
50 1387
50 1506
50 2009
50 2177
50 2453
50 2690
51 1284
51 1948
51 2925
52 472
52 590
52 2233
53 325
53 434
53 2207
54 1184
54 2082
54 2119
54 2254
54 2696
54 2791
54 2956
54 2969
55 355
55 479
55 628
55 906
55 1361
55 2592
55 2669
55 2724
56 1306
56 1389
56 2733
57 1372
57 2391
57 2785
58 862
58 885
58 976
58 1157
58 1199
58 2031
58 2452
59 289
59 1746
59 2620
60 77
60 125
60 1600
60 2035
60 2136
60 2345
60 2490
60 2885
61 113
61 1404
61 1864
62 2222
62 2366
62 2867
63 1487
63 2803
63 2934
64 2073
64 2405
64 2998
65 639
65 2084
65 2756
66 591
66 1104
66 1948
67 166
67 1999
67 2190
68 792
68 2892
68 3010
69 2164
69 2551
69 2711
70 149
70 726
70 1127
70 1251
70 1942
70 1990
70 2900
70 3030
71 2404
72 291
72 2201
72 2527
73 274
73 570
73 1046
73 1509
73 1593
73 2349
73 2609
73 2776
74 1950
74 1962
74 2796
75 88
75 1375
75 1976
76 2667
76 2890
76 2999
77 462
77 1025
78 913
78 999
78 1056
78 1158
78 1172
78 1899
78 2128
78 2898
79 1123
79 2328
79 2966
80 1811
80 1847
80 2876
81 368
81 652
81 900
82 1072
82 1789
82 1795
83 1462
83 1789
83 2785
84 491
84 756
84 1323
85 1255
85 1499
85 2164
86 304
86 651
86 1485
87 844
87 1658
87 2207
88 167
88 1184
88 1443
88 2133
88 2700
88 2862
88 2978
89 285
89 739
89 2661
90 977
90 1619
90 2055
91 271
91 2005
91 2646
92 1784
92 2029
93 174
93 634
93 1011
93 1413
93 1645
93 2439
93 2504
93 2559
94 706
94 1570
94 1842
94 2189
94 2309
94 2468
94 2739
94 2881
95 1651
95 2823
96 1658
96 1998
96 2200
97 1250
97 1671
97 2055
98 2517
98 2553
98 2762
99 1175
99 2521
99 3041
100 218
100 1080
100 1168
100 1219
100 1869
100 1895
100 2228
101 556
101 618
101 1745
102 1404
102 1462
102 2135
103 530
103 955
103 2342
104 517
104 587
104 1299
105 1052
105 1339
105 1523
106 633
106 1094
106 1879
107 769
107 1496
107 2279
108 518
108 543
108 604
108 650
108 731
108 931
108 1511
108 3070
109 717
109 928
109 1503
110 700
110 1198
110 1209
110 1518
110 1612
110 2294
110 2984
111 709
111 848
111 1286
112 209
112 2116
112 2926
113 394
113 604
113 1159
113 1569
113 1799
113 2397
113 2628
114 812
114 879
114 2626
115 238
115 890
115 2110
116 271
116 2552
116 2973
117 305
117 1681
117 2479
118 358
118 2017
118 2410
119 537
119 1425
119 2621
120 415
120 523
120 688
120 851
120 1277
120 2126
120 2229
120 2747
121 1788
121 1903
121 2820
122 1075
122 1099
122 2533
123 362
123 1887
123 2816
124 317
124 1261
124 1828
124 1980
124 2061
124 2285
124 3060
125 1503
125 1901
126 217
126 726
126 1197
126 1437
126 1592
126 1611
126 1800
126 1920
127 205
127 330
127 389
127 425
127 500
127 1492
127 2401
127 2670
128 468
128 1658
128 2416
129 1389
129 1627
129 2934
130 311
130 515
130 2413
131 1057
131 1259
131 2907
132 285
132 2097
132 2232
133 1366
133 1695
133 1795
134 1167
134 2420
134 2676
135 1483
135 2698
136 658
136 1452
136 1773
136 2107
136 2183
136 2236
136 2380
136 2642
137 877
137 1641
137 1751
138 439
138 1042
138 1327
138 1677
138 1748
138 1938
138 2183
138 2861
139 510
139 634
139 1427
139 1575
139 1978
139 2046
139 2151
139 2984
140 1256
140 1767
140 2976
141 1359
141 1669
141 1805
142 260
142 1196
142 1424
143 227
143 1932
143 2687
144 357
144 860
144 1419
144 1521
144 1834
144 2367
144 2741
144 2776
145 240
145 916
145 1367
145 1818
145 1906
145 2133
145 2316
146 852
146 1496
146 2312
147 2006
147 2391
147 2553
148 963
148 1410
148 2410
149 1759
149 2968
150 835
150 1200
150 1593
150 1749
150 1902
150 2057
150 2176
150 2242
151 619
151 1242
151 1455
151 1470
151 1482
151 1660
151 2399
152 839
152 1068
152 1195
153 685
153 874
153 877
154 651
154 1751
154 1832
155 789
155 1357
155 1759
156 423
156 472
156 2312
157 395
157 2911
157 2973
158 1448
158 1599
158 2039
158 2445
158 2489
158 2541
158 3014
159 626
159 1912
160 1313
160 2687
160 3036
161 1101
161 1619
161 2576
162 448
162 1331
162 1844
163 1268
163 1520
163 1804
164 197
164 1462
164 2788
165 606
165 1149
165 1275
165 1580
165 1667
165 2452
165 2917
165 2995
166 262
166 559
166 860
166 880
166 1822
166 2866
167 1576
167 1903
168 210
168 2509
168 2816
169 2540
169 2631
169 2685
170 652
170 1649
170 2868
171 832
171 885
171 1015
171 1996
171 2234
171 2804
171 2896
171 3077
172 361
172 411
172 420
173 2042
173 2180
173 2384
174 1702
174 2684
175 321
175 1918
175 2893
176 879
176 1280
176 2328
177 392
177 552
177 958
177 1145
177 1453
177 2608
177 2697
177 3026
178 204
178 701
178 738
178 894
178 927
178 1230
178 1921
178 2923
179 286
179 859
179 922
179 1180
179 1628
179 2306
179 2502
179 3058
180 218
180 588
180 759
180 886
180 962
180 1204
180 2214
180 2259
181 890
181 2034
181 3059
182 1096
182 1578
182 2434
183 358
183 685
183 711
184 268
184 1750
184 2607
185 224
185 693
185 1705
186 2270
186 2290
186 2993
187 308
187 592
187 671
187 1464
187 2071
187 2157
187 3061
188 288
188 374
188 808
188 1179
188 1374
188 1801
188 2637
188 3055
189 1385
189 2511
189 3071
190 818
190 1057
190 1366
191 240
191 524
191 705
191 1203
191 1923
191 1943
191 2195
191 2856
192 474
192 2436
192 2794
193 273
193 464
193 1467
193 2249
193 2916
193 2933
193 2943
193 2963
194 302
194 417
194 503
194 642
194 1278
194 1803
194 1849
194 2515
195 763
195 1075
195 3052
196 792
196 881
197 355
197 610
197 2023
197 2503
197 2728
197 2767
198 646
198 2478
198 2539
199 739
199 2310
199 2760
200 497
200 963
200 1597
201 292
201 982
201 1381
202 888
202 932
202 2086
203 786
203 1121
203 2762
204 2065
204 2584
205 2033
205 2868
206 2051
206 2120
206 2350
207 2851
207 2907
207 2967
208 537
208 1270
208 2816
209 463
209 787
209 857
209 2681
209 2771
209 2825
209 3016
210 456
210 785
210 1097
210 1124
210 1383
210 2071
210 2293
211 935
211 1949
211 2334
212 448
212 1522
212 1557
213 1716
213 2342
213 3067
214 428
214 1075
214 2351
215 1861
215 2650
215 2772
216 773
216 1802
216 1855
217 294
217 2586
218 597
219 239
219 405
219 958
219 1303
219 2028
219 2546
219 2958
220 1724
220 1987
220 2055
221 225
221 707
221 989
221 1408
221 2389
221 2896
221 2932
222 407
222 1050
222 2295
223 294
223 1136
223 2208
224 690
224 797
224 1149
224 1194
224 1607
224 1838
224 3006
225 1963
226 353
226 733
226 1282
226 1460
226 1468
226 1629
226 1977
226 2635
227 231
227 1042
227 1051
227 1141
227 1911
227 2549
227 2888
228 955
228 1435
228 3005
229 1234
229 1534
229 1579
229 2146
229 2394
229 2411
229 2419
229 2795
230 934
230 1936
230 2418
231 1337
231 2434
232 259
232 977
232 1894
233 1694
233 1840
233 1877
234 519
234 2112
235 1284
235 2665
235 2914
236 2388
236 2533
236 2796
237 380
237 2295
237 2557
238 250
238 483
238 1416
238 2027
238 2124
238 2220
238 2905
239 2927
239 3076
240 844
241 411
242 325
242 1189
242 1998
243 434
243 1388
243 1963
244 743
244 1125
244 1151
244 1778
244 2179
244 2287
244 2423
244 2859
245 365
245 816
245 1173
245 1807
245 1845
245 2837
245 2897
245 3033
246 1139
246 1903
246 2048
247 1523
247 2174
247 2388
248 1932
248 2188
248 3010
249 491
249 685
250 1397
250 2915
251 556
251 1032
251 3028
252 1094
252 1164
252 2005
253 397
253 2563
253 2814
254 368
254 2026
254 2694
255 811
255 934
255 2974
256 1070
256 1555
256 2955
257 401
257 998
257 1747
257 1868
257 2114
257 2800
257 2884
258 1695
258 1827
258 2048
259 586
259 757
259 1583
259 1857
259 1929
259 2069
259 2265
260 653
260 1580
260 1732
260 2475
260 2575
260 2700
260 3051
261 2332
261 2339
262 1252
262 2676
263 2098
263 2557
263 2672
264 412
264 1937
264 2176
264 2393
264 2744
264 2865
264 2917
265 587
265 1672
265 2174
266 772
266 951
266 1357
267 573
267 1140
267 1750
268 1305
268 1310
268 1780
268 2203
268 2347
268 2571
268 2904
269 799
269 1802
269 2384
270 557
270 1582
270 2561
271 279
271 1001
271 1102
271 1900
271 2142
271 2929
272 2051
272 2180
272 2421
273 2596
273 2666
274 903
274 2540
275 934
275 1371
275 2760
276 2558
276 2850
276 2851
277 1328
277 1859
277 1865
278 326
278 1090
278 1745
279 320
279 1879
280 692
280 1193
280 2425
281 309
281 1111
281 2147
282 1840
282 2891
283 652
283 2033
283 2537
284 587
284 1418
284 1435
285 324
285 715
285 1011
285 1438
285 2454
285 3011
286 1891
286 2820
287 1707
287 2295
287 2928
288 1031
288 1894
289 1241
289 1315
289 1491
289 1495
289 1872
289 1973
289 2678
290 1094
290 2462
290 2646
291 553
291 857
291 1059
291 1792
291 2327
291 2720
291 2747
292 724
292 1419
292 1545
292 1564
292 1653
292 2498
292 2952
293 1270
293 2843
293 3050
294 566
294 1525
294 1575
294 2457
294 2610
294 2758
295 1160
295 1711
295 2511
296 1378
296 2354
297 307
297 590
297 1496
298 1068
298 2003
298 2815
299 1268
299 1811
299 2405
300 1757
300 2296
300 2420
301 800
301 1265
301 2955
302 1318
302 2492
303 1410
303 1487
303 1544
304 661
304 817
304 1254
304 1285
304 1449
304 1819
304 2281
305 527
305 969
305 1077
305 1971
305 2600
305 2605
305 2838
306 463
306 555
306 924
306 1740
306 2118
306 2154
306 2822
306 3062
307 568
307 600
307 967
307 1974
307 2079
307 2480
307 2707
308 1070
308 1119
309 567
309 627
309 1083
309 1509
309 2355
309 2393
309 2852
310 615
310 908
310 1249
310 1550
310 2021
310 2443
310 2702
310 2837
311 449
311 513
311 555
311 1450
311 2131
311 2241
311 2825
312 321
312 621
312 2499
313 364
313 782
313 980
313 1329
313 1696
313 2773
313 2837
313 3004
314 454
314 574
314 851
314 1063
314 1210
314 1881
314 2359
314 2771
315 415
315 521
315 673
315 791
315 835
315 1633
315 2393
315 2715
316 720
316 1257
316 1401
316 1838
316 2018
316 2078
316 2103
316 2193
317 1458
317 3028
318 2201
318 2889
318 2950
319 1314
319 1546
319 2077
319 2139
319 2205
319 2284
319 2956
320 486
320 826
320 1015
320 1131
320 1779
320 2435
320 2496
321 663
321 1221
321 1360
321 2331
321 2689
321 3006
322 351
322 907
322 1009
322 1277
322 1696
322 2322
322 2740
322 3046
323 1446
323 1477
323 2090
323 2271
323 2365
323 2417
323 2729
323 2808
324 879
324 1246
325 331
325 513
325 927
325 2212
325 2317
325 2363
326 1028
326 1275
326 1346
326 2167
326 2193
326 2331
327 645
327 912
327 992
327 1692
327 1822
327 2010
327 2708
327 3027
328 1321
328 2685
328 2688
329 1224
329 2180
329 2924
330 900
330 2243
331 1299
331 2601
332 633
332 1050
332 2815
333 1686
333 1844
333 2083
334 1172
334 1968
334 2066
334 2138
334 2504
334 2700
334 2739
334 2806
335 755
335 965
335 2270
336 935
336 1403
336 1548
337 352
337 490
337 779
337 981
337 1061
337 1414
337 2217
337 2283
338 434
338 1256
338 2058
339 947
339 982
339 2318
340 1265
340 1503
340 2926
341 1827
341 1852
341 2013
342 448
342 2008
342 2486
343 1388
343 2703
343 2819
344 693
344 1144
344 1164
345 1602
345 1658
345 1864
346 764
346 1328
346 1389
347 1331
347 1375
347 2233
348 1119
348 1456
348 2298
349 434
349 1949
349 1998
350 417
350 433
350 675
350 1242
350 1717
350 1913
350 1973
350 2886
351 2434
351 3036
352 1757
352 1770
353 686
353 1328
354 434
354 1017
354 1548
355 2985
356 372
356 2698
356 3036
357 1770
357 2685
358 512
358 628
358 917
358 994
358 1472
358 2466
359 370
359 483
359 802
359 1394
359 1415
359 1552
359 2480
359 2555
360 404
360 680
360 1008
360 1079
360 1646
360 2302
360 2338
360 2549
361 481
361 1276
361 1399
361 1701
361 1704
361 2871
362 584
362 943
362 1029
362 1138
362 1271
362 1961
362 3038
363 539
363 1352
363 2098
364 474
364 890
365 951
366 1554
366 2033
366 2914
367 1006
367 1149
367 1150
367 1273
367 1421
367 1693
367 2265
367 2895
368 1687
368 1709
368 2455
368 2670
368 2774
368 2903
369 2301
369 2860
369 3071
370 532
370 3057
371 1513
371 2519
371 3034
372 443
372 1100
372 1601
372 1956
372 2549
372 2824
372 2830
373 1016
373 1711
373 1945
374 1226
374 2200
375 422
375 1852
375 2492
376 1117
376 1955
376 2842
377 1113
377 1389
377 2373
378 1164
378 1649
378 1802
379 380
379 852
379 2924
380 730
380 1433
380 2043
380 2136
380 2467
380 3013
381 788
381 1093
381 1305
381 1604
381 1679
381 1791
381 2647
382 1189
382 1949
382 2207
383 526
383 929
383 1372
384 432
384 1099
384 1802
385 871
385 1737
385 1870
385 2254
385 2473
385 2736
385 2799
385 2903
386 526
386 1513
386 1805
387 2342
387 2870
387 3041
388 1436
388 1793
388 2589
389 1649
389 2537
390 884
390 2048
390 2820
391 2695
391 2934
391 2957
392 516
392 1706
393 1044
393 2342
393 2985
394 844
394 1998
395 1253
395 1335
395 1338
395 2246
395 2317
395 2577
395 2874
396 1936
396 2788
396 2851
397 1347
397 1494
397 1556
397 1674
397 1860
397 2523
397 2813
398 773
398 2182
398 2296
399 1096
399 1855
399 2092
400 422
400 2471
400 3064
401 2400
401 2788
402 2196
402 2586
402 2907
403 1119
403 1461
403 3032
404 1425
404 2951
405 438
405 1165
406 2190
406 2192
406 2586
407 697
407 2262
407 2343
407 2427
407 2438
407 2670
407 2683
408 858
408 1721
408 2839
409 591
409 1311
409 2839
410 1113
410 2190
410 2666
411 749
411 1061
411 1457
411 2171
411 2697
412 1520
412 2073
413 607
413 608
413 823
413 1501
413 1530
413 1743
413 2853
414 609
414 2691
414 3078
415 1625
416 652
416 1627
417 1746
418 539
418 2272
418 2332
419 2084
419 2772
419 2854
420 735
420 817
420 981
420 1174
420 1730
420 1849
420 2678
421 1268
421 1947
421 2539
422 505
422 584
422 925
422 1951
422 2856
422 3015
423 803
423 1504
423 1587
423 1958
423 2066
423 2185
423 2305
424 1222
424 1328
424 2222
425 1019
425 1811
426 620
426 756
426 2803
427 1031
427 1523
427 2134
428 1155
428 1447
428 1630
428 1934
428 2054
428 2818
428 2894
429 469
429 1605
429 2224
430 1503
430 2563
431 510
431 775
431 819
431 891
431 1341
431 1367
431 1823
431 2099
432 509
432 866
432 948
432 1322
432 1910
432 2225
432 2321
433 468
433 1193
434 529
434 1001
434 1066
435 773
435 2674
435 2755
436 1695
436 1788
437 660
437 1129
437 1537
437 1697
437 1869
437 2242
437 2324
437 2852
438 473
438 1209
438 1235
438 1336
438 1516
438 2091
438 2748
439 1557
439 2612
440 615
440 658
440 1157
440 1417
440 1588
440 1748
440 2494
440 2757
441 1315
441 1710
441 1803
441 2379
441 2606
441 2651
441 2964
442 1057
442 1559
442 1695
443 1651
443 3034
444 2092
444 2674
444 3057
445 839
445 2180
445 2698
446 707
446 1142
446 1217
446 1325
446 1398
446 1607
446 2257
446 2913
447 460
447 678
447 1291
447 1567
447 2125
447 2362
447 2849
447 3068
448 1199
448 1310
448 1327
448 1953
448 2902
449 1987
449 3052
450 1165
450 1706
450 3076
451 1832
451 1964
451 2286
452 856
452 1222
452 2366
453 888
453 1724
453 1852
454 1105
454 2409
455 1377
455 1947
455 2416
456 883
456 1461
457 703
457 915
457 988
458 1987
458 2456
458 2576
459 1062
459 2937
460 2006
460 2232
461 1258
461 1436
461 2065
462 512
462 791
462 979
462 1760
462 2671
462 2831
462 2919
463 2601
464 820
464 2563
465 947
465 2551
465 2676
466 760
466 2601
466 3052
467 1121
467 1385
467 1945
468 604
468 909
468 1722
468 2044
468 2363
469 492
469 810
469 1108
469 2118
469 2268
469 2758
469 3025
470 1002
470 1816
470 2479
471 573
471 2008
471 2612
472 696
472 1297
472 1645
472 1928
472 2644
472 2898
473 1578
473 3028
474 565
474 701
474 1335
474 1479
474 1589
474 2617
475 963
475 1711
475 3071
476 506
476 1033
476 1176
476 1875
476 2158
476 2669
476 2881
476 2904
477 2255
477 2501
477 2646
478 829
478 1108
478 1556
478 2060
478 2106
478 2402
478 2488
478 2830
479 1268
479 2413
480 1016
480 1385
480 1548
481 618
481 2658
482 547
482 619
482 976
482 1486
482 2349
482 2757
482 2886
482 2948
483 2032
484 537
484 895
484 3012
485 1123
485 2207
485 2334
486 2794
486 2815
487 621
487 646
487 2433
488 804
488 1932
488 2120
489 667
489 1560
489 2272
490 1299
490 1541
491 603
491 1453
491 1656
491 1820
491 1954
491 2281
492 2332
493 556
493 1052
493 2382
494 1139
494 2318
494 2337
495 726
495 872
495 1172
495 1979
495 2185
495 2313
495 2793
495 2908
496 1025
496 2206
496 2643
497 642
497 896
497 1606
497 1703
497 1872
497 1994
497 2921
498 1563
498 1605
498 2966
499 754
499 1742
499 2400
500 972
500 2998
501 1522
501 2166
501 2194
502 952
502 1029
502 1084
502 1135
502 1806
502 2027
502 2330
502 3003
503 2196
503 2722
504 1605
504 2823
505 1724
505 2914
506 2667
507 1520
507 2882
507 2950
508 1500
508 1984
508 2581
509 1483
509 2501
510 2314
511 519
511 1896
511 2760
512 1122
513 1358
514 1474
514 2098
514 2339
515 553
515 593
515 995
515 1089
515 1589
515 2359
515 2777
516 905
516 1248
516 1303
516 1319
516 1754
516 1977
516 2800
517 704
517 774
517 1682
517 2365
517 2538
517 2697
517 3022
518 1377
518 2639
519 1442
519 1470
519 2052
519 2100
519 2487
519 2523
520 890
520 2065
520 3052
521 1725
521 2206
522 793
522 2188
522 2937
523 618
523 1306
524 2850
524 2930
525 1425
525 2032
525 2583
526 1116
526 1720
526 1996
526 2367
526 2495
526 2897
527 1498
527 1699
528 852
528 1017
528 2544
529 1094
529 2691
530 558
530 1264
530 1310
530 1431
530 1440
530 1713
530 2010
531 1695
531 2275
531 2279
532 1182
532 1620
532 1858
532 2179
532 2660
532 2791
532 2840
533 881
533 1561
533 1721
534 686
534 846
534 2366
535 793
535 1002
535 1301
536 2332
536 2705
536 2966
537 1927
537 2027
537 2137
537 2330
537 2888
538 1286
538 2204
538 2983
539 1021
539 1056
539 1990
539 2305
539 2365
539 2444
540 693
540 2065
540 2458
541 717
541 800
541 1805
542 1050
542 2436
542 2584
543 807
543 1947
544 1462
544 1783
544 2537
545 703
545 1891
545 2928
546 630
546 645
546 843
546 1205
546 1443
546 1775
546 2119
546 2645
547 609
547 1403
548 1966
548 1970
548 2067
549 910
549 1719
549 1771
549 1808
549 2284
549 2307
549 2809
549 2811
550 1966
550 2519
550 2698
551 1576
551 1625
551 1955
552 1487
552 2836
553 1122
554 1016
554 1594
554 2762
555 2409
556 983
556 1082
556 1106
556 2062
556 3007
557 567
557 1214
557 1219
557 1279
557 1390
557 1882
557 2057
558 2612
558 2667
559 2318
559 3005
560 1662
560 1789
561 714
561 847
561 1236
562 1032
562 2000
562 3079
563 1639
563 1804
563 2722
564 977
564 1287
564 1671
565 1714
565 2665
566 2823
566 2966
567 2013
568 2464
568 2501
569 1998
569 2201
569 2235
570 800
570 928
571 1087
571 2730
571 2815
572 1793
572 2509
572 2756
573 1006
573 1583
573 1953
573 1994
573 2313
573 2986
574 2067
574 2527
575 932
575 1510
575 2206
576 853
576 1864
576 2935
577 2314
577 2346
577 3078
578 1725
578 2235
578 2465
579 2116
579 2836
579 2935
580 935
580 1619
580 2594
581 1681
581 2088
581 2694
582 1122
582 1418
582 2819
583 1255
583 1349
583 2815
584 2029
585 883
585 988
585 2112
586 2096
586 2122
587 968
587 1615
587 1821
587 2375
587 3018
588 686
588 2551
589 1404
589 2552
590 766
590 1782
590 2149
590 2223
590 2559
590 2980
591 808
591 1326
591 1463
591 1479
591 1684
591 2942
592 2351
592 2722
593 984
593 2182
594 889
594 1836
594 1871
595 1503
595 2576
595 2643
596 1165
596 1365
596 2705
597 719
597 815
597 1333
597 1680
597 1798
597 1874
597 2262
598 1602
598 2425
599 1263
599 1461
599 2092
600 2084
600 2870
601 1767
601 1963
601 2352
602 1522
602 1686
602 2704
603 2656
603 2733
605 2116
605 2409
605 2955
606 693
606 1688
607 1062
607 1914
608 901
608 2639
609 2187
609 2398
609 2647
609 2668
609 2675
609 2845
610 709
610 1706
611 807
611 2416
611 2639
612 1002
612 1498
612 1555
613 1702
613 2314
613 2876
614 711
614 846
614 2479
615 3041
616 633
616 1027
616 2658
617 2032
617 2243
617 2421
618 779
618 1416
618 2336
618 2356
619 2620
620 868
620 949
620 1248
620 1813
620 1851
620 2635
620 2965
621 1715
621 2109
621 2193
621 2278
621 2348
621 2853
622 626
622 2318
623 914
623 1627
623 2143
624 1167
624 2143
624 2957
625 775
625 1797
625 2064
625 2231
625 2268
625 2402
625 2743
625 2912
626 981
626 1276
626 1482
626 1682
626 2608
626 2723
627 717
627 2152
628 3067
629 1164
629 1785
629 2255
630 822
630 1650
631 1370
631 1705
631 1844
632 929
632 1733
632 2409
633 649
633 832
633 990
633 1892
633 2929
634 2968
635 814
635 899
635 1332
635 1776
635 1862
635 1880
635 2160
635 3062
636 928
636 1576
636 1966
637 711
637 2318
637 2820
638 940
638 2270
638 2937
639 737
639 933
639 1110
639 1191
639 1240
639 1431
639 2759
640 1075
640 1208
640 1836
641 1385
641 2219
641 3076
642 1368
643 2934
643 2945
643 2976
644 695
644 1404
644 2373
645 1526
646 659
646 1022
646 1866
646 2047
646 2753
646 3002
647 1068
647 1255
647 3039
648 709
648 1745
648 2889
649 1269
649 2553
650 1540
650 3069
651 843
651 1332
651 1355
651 1392
651 2940
651 3017
652 845
652 945
652 2427
652 2568
653 1480
653 1639
654 1349
654 2557
654 2650
655 1380
655 1767
655 1816
656 1734
656 2346
656 2834
657 873
657 1057
657 1072
658 1522
659 2935
659 2998
660 1894
660 1932
661 1746
661 2552
662 901
662 2533
663 1196
663 2282
664 1252
664 2013
664 2164
665 923
665 2038
666 1364
666 2843
666 2870
667 933
667 1919
667 1965
667 2123
667 2215
667 2971
667 3033
668 776
668 1331
668 1618
669 1136
669 1456
669 1540
670 1259
670 1410
671 1368
671 2796
672 1847
672 2835
672 2988
673 1621
673 1669
674 1705
674 1976
674 2143
675 1255
675 2388
676 1070
676 1578
677 1493
677 1725
677 2819
678 1072
678 2184
679 1377
679 2312
679 2863
680 2194
680 2519
681 1847
681 2716
681 2850
682 1183
682 1879
683 1359
683 2295
683 2360
684 710
684 858
684 1483
685 1012
685 1249
685 2023
685 2264
685 2562
686 1355
686 1775
686 2069
686 2364
686 3048
687 1966
687 2201
687 2301
688 1313
688 1498
689 2416
689 2547
689 3069
690 1280
690 2297
691 953
691 2184
691 2469
692 975
692 1148
692 1205
692 1737
692 1809
692 1867
692 2412
693 1583
693 2209
693 2335
693 2770
694 1785
694 2677
694 3032
695 950
695 1420
695 1524
695 1531
695 1826
695 2767
695 2975
696 1048
696 2255
697 2544
697 2594
698 1404
698 2224
698 2425
699 1258
699 1456
699 2547
700 2434
700 3057
701 3059
702 2407
702 2560
702 2842
703 855
703 1266
703 1569
703 1738
703 1915
703 2573
704 776
704 2098
705 888
705 1725
706 1375
706 1377
707 1072
708 1877
708 2048
708 2428
709 1451
709 1586
709 1654
709 2530
709 2958
710 771
710 829
710 893
710 1668
710 1728
710 2100
710 2629
711 1103
711 1282
711 2361
711 2522
711 2848
712 747
712 1859
712 2143
713 1917
713 2716
713 2726
714 1320
714 1494
714 1562
714 1814
714 2100
714 2614
714 2989
715 1123
715 2339
716 1287
716 1987
716 2492
717 1188
717 1486
717 1749
717 2732
717 2741
718 818
718 1559
718 1795
719 1256
719 2788
720 1896
720 1918
721 771
721 1076
721 1163
721 1556
721 1824
721 1829
721 2037
721 2623
722 1208
722 1523
722 2204
723 2033
723 2308
723 2519
724 996
724 1090
725 1499
725 2993
727 1498
727 1946
728 756
728 2892
728 2934
729 1269
729 1559
729 1918
730 973
730 2256
731 2407
731 2547
732 993
732 1784
732 1912
733 1734
733 2152
734 1582
734 2219
734 2308
735 965
735 1323
736 2337
736 2803
736 2999
737 799
737 2843
738 847
738 2911
739 1142
739 1225
739 1929
739 2364
739 2623
739 2828
740 1101
740 1458
740 2000
741 2326
741 2704
741 2855
742 1087
742 1370
742 2462
743 2661
743 2691
744 1121
744 1548
744 1711
745 853
745 1500
745 1665
746 1714
746 2034
746 2065
747 871
747 1110
747 1153
747 1708
747 2615
747 2844
747 2959
748 1523
748 1962
748 2517
749 1352
749 2656
750 1458
750 1522
750 1946
751 934
751 1914
751 2408
752 846
752 2400
752 2934
753 1090
753 1560
753 2711
754 920
754 1112
754 1438
754 1754
754 1982
754 2573
754 2585
755 1709
755 1907
755 2155
755 2261
755 2362
755 2374
755 2908
756 899
756 1254
756 2548
756 2595
756 3026
757 1250
757 1597
758 1132
758 1402
758 1542
758 1679
758 2309
758 2669
758 2783
759 2051
759 2373
760 918
760 1338
760 1883
760 2241
760 2923
760 2979
760 3038
761 1105
761 1651
761 2519
762 1714
762 3052
762 3059
763 917
763 1274
763 1585
763 1768
763 2238
763 2244
763 2260
764 813
764 1290
764 1296
764 1340
764 1857
764 2111
764 2701
765 1052
765 1526
765 3010
766 1896
766 2927
767 1561
767 2803
767 3010
768 2086
768 2314
768 2850
769 956
769 1603
769 1853
769 1915
769 1928
769 2289
769 2520
770 854
770 2346
770 2930
771 2308
772 911
772 1074
772 1237
772 2072
772 2169
772 2997
772 3053
773 959
773 1040
773 1191
773 1870
773 2941
774 915
774 929
775 2537
776 1446
776 1587
776 1899
776 2291
776 2320
776 3030
777 2017
777 2073
777 2413
778 953
778 2026
779 2594
780 1269
780 1793
780 2951
781 1304
781 2237
781 2935
782 1714
782 2584
783 1559
783 2219
783 2566
784 1250
784 1287
784 1619
785 1070
785 1456
786 989
786 1735
786 1758
786 1829
786 1942
786 2140
787 1304
787 2955
788 2667
788 3057
789 1168
789 1430
789 1476
789 1678
789 1909
789 2872
789 2954
790 1669
790 2607
790 2676
791 932
792 1262
792 1478
792 1489
792 2541
792 2686
792 2753
793 994
793 2244
793 2374
793 2605
793 2735
794 1871
794 2993
794 3052
795 915
795 1352
795 2785
796 2583
796 2698
796 2814
797 1121
797 1284
798 1578
798 1702
798 2867
799 1517
799 1768
799 2248
799 2302
799 2692
799 3008
800 1643
800 1777
800 2035
800 2227
800 2962
801 1268
801 2433
801 2639
802 1364
802 2165
803 2112
803 2561
804 921
804 1884
804 2250
804 2500
804 2520
804 3049
805 1999
805 2184
805 2297
806 1299
806 1352
806 2074
807 2002
807 2059
807 2494
807 2514
807 2739
807 2944
808 2405
809 1287
809 2328
809 2416
810 1513
811 1073
811 1298
811 1442
811 1833
811 1992
811 2009
811 2623
812 1006
812 2070
812 2209
812 2364
812 2701
812 3029
813 2366
813 2695
814 2410
814 2511
815 1816
815 2694
816 874
816 2165
817 936
818 971
818 1406
818 2202
818 2805
819 1847
819 2998
820 841
820 952
820 1054
820 1911
820 1926
820 2699
820 2861
821 1167
821 1359
821 1955
822 975
822 1200
822 1571
822 2022
822 2355
822 2441
822 3013
823 2000
823 2478
824 1785
824 2175
824 2646
825 2433
825 2465
825 2478
826 1691
826 2658
827 884
827 2551
827 2976
828 1246
828 2691
829 2310
830 996
830 1711
830 2096
831 844
831 2369
831 2547
832 2566
833 988
833 1508
833 2369
834 951
834 1364
834 1397
835 1804
836 1500
836 1621
836 2935
837 1101
837 1483
837 2632
838 923
838 984
838 2756
839 916
839 1109
839 1939
839 2043
839 2671
839 2869
840 1311
840 1811
840 2073
841 1306
841 2985
842 2337
842 2892
843 2626
844 1114
844 1281
844 1738
844 3055
845 1019
845 2998
846 1248
846 1922
846 2024
846 2132
846 2938
847 1102
847 1529
847 1993
847 2377
847 2577
847 3023
848 1346
848 1673
848 1741
848 2508
848 2580
848 3007
849 1075
849 2034
849 2993
850 2058
850 2413
850 2819
851 2201
852 1013
852 1109
852 1577
852 2304
852 2603
853 1808
853 1812
853 2139
853 2715
853 2827
853 2964
854 898
854 938
854 1035
854 2252
854 2371
854 2675
854 3031
855 2200
855 2547
856 892
856 1120
856 1538
856 1870
856 2023
856 2292
856 2959
857 1105
858 1179
858 1777
858 2015
858 2091
858 2525
858 2813
859 1827
859 2029
860 2860
861 1364
861 1496
861 2483
862 1424
862 2553
863 1154
863 1903
863 2974
864 1359
864 2256
864 2850
865 1548
865 2326
865 2382
866 1357
866 2165
867 1032
867 1522
867 1734
868 2352
868 2945
869 1657
869 1816
869 2088
870 1380
870 1879
870 2983
871 2222
872 1750
872 2486
873 1137
873 1531
873 1626
873 2161
873 2372
873 2768
873 2936
874 1402
874 1562
874 1787
874 1820
874 2205
874 2810
875 953
875 2180
875 2694
876 1380
876 1681
876 1877
877 1049
877 1145
877 1254
877 1591
877 1616
877 2781
878 1855
878 2404
878 3057
879 1076
879 1217
879 1344
879 1833
879 2069
880 982
881 1118
881 1346
881 1409
881 1488
881 1564
881 3063
882 1034
882 1151
882 2304
882 2386
882 2432
882 2587
882 2727
882 2808
883 1858
883 2040
883 2585
883 2880
883 2922
883 3001
884 1539
884 1762
884 1848
884 2045
884 2862
884 3072
885 1639
886 1252
886 2626
887 1062
887 2756
887 2993
888 1547
888 1961
888 2970
888 2992
888 3056
889 1300
889 1348
889 2379
889 2518
889 2591
889 2630
889 2647
890 1211
890 1810
890 2095
890 2221
891 1702
891 2930
892 1328
892 2867
893 2814
893 2854
894 1949
894 2008
895 974
895 1010
895 1135
895 1552
895 1810
895 2068
895 2336
896 2486
896 3034
897 1304
897 1365
897 1508
898 1388
898 2383
899 1544
900 1333
900 1407
900 1969
900 2765
901 946
901 1088
901 1247
901 1463
901 2113
901 2611
902 1602
902 2224
902 2552
903 1634
903 2148
903 2150
903 2299
903 2741
903 2849
903 2964
904 1554
904 1649
904 1852
905 1955
905 2788
906 2073
906 2703
907 1498
907 2527
908 1044
908 1686
909 1949
909 2382
910 1286
910 2408
911 1099
911 2755
912 1669
912 2882
913 1140
913 1375
914 998
914 1440
914 1648
914 2173
914 2708
914 2774
914 2799
915 919
915 920
915 1611
915 1835
915 2085
916 1349
917 2270
918 1287
918 1724
919 1365
919 2116
920 2369
921 2255
921 2509
922 1139
922 2164
923 946
923 1383
923 1517
923 2250
923 2578
923 2750
924 1513
924 2823
925 2008
925 2650
926 963
926 1160
926 1385
927 2471
928 1095
928 1683
928 1720
928 1731
928 2101
929 1524
929 1845
929 2372
929 2474
929 3016
930 982
930 1435
930 1750
931 2055
931 2328
932 1022
932 1234
932 1342
932 1515
932 2856
933 1019
934 1626
934 1817
934 1967
934 2211
935 983
935 1924
935 2311
935 2363
935 3060
936 1004
936 1207
936 1283
936 1661
936 2216
936 2374
936 2769
937 2716
937 2788
937 2907
938 1339
938 1733
939 1104
939 1852
939 2665
940 1760
940 1886
940 2039
940 2102
940 2156
940 2869
941 1123
941 1650
941 1837
942 1917
942 2190
942 2851
943 1901
943 1987
944 2596
944 2742
944 2834
945 2273
945 2957
946 1914
947 1527
947 1692
947 1834
947 1944
947 2011
947 2230
948 2058
948 2464
949 1487
949 2892
950 2537
950 2632
951 1307
951 2321
951 2430
951 2480
951 2810
952 1855
953 1907
953 1916
953 2299
953 2497
953 2864
954 1226
954 1563
954 2742
955 1558
955 2313
955 2571
955 2579
955 2654
956 1500
956 2794
957 1382
957 2521
957 2742
958 2400
959 1652
959 2222
960 988
960 1422
960 2298
961 1071
961 1702
961 2275
962 2088
962 2428
963 1481
963 1538
963 2160
963 2529
964 1789
964 2005
964 2224
965 1115
965 1285
965 1441
965 1846
965 2625
965 2735
966 1403
966 2083
966 2835
967 2483
967 2544
968 1357
968 1544
969 2029
969 2152
970 1304
970 1665
970 2836
971 1788
971 1827
972 1098
972 1171
972 1615
972 1919
972 2484
972 2568
972 2759
973 1007
973 1302
973 1477
973 1726
973 2007
973 2303
973 2833
974 1816
974 2994
975 1231
976 1686
977 1257
977 1632
977 1737
977 3006
978 1381
978 1788
978 2674
979 1510
979 1725
980 1104
980 2914
982 1041
982 1571
982 2172
983 1031
984 1685
984 1825
984 2053
984 2274
984 2448
984 3008
985 1223
985 1322
985 2153
985 2276
985 2629
985 2813
985 2947
985 3053
986 1733
986 2134
986 3078
987 1984
987 2677
988 1238
988 1319
988 2718
988 3011
989 1016
990 1691
990 2594
991 1767
991 1788
991 2428
992 1231
992 1641
993 1020
993 1934
993 1951
993 1961
993 2306
993 2838
993 2939
994 2993
995 2601
995 2703
996 1081
996 1296
996 1406
996 1409
996 2376
996 2535
997 1057
997 2404
997 2566
998 1359
999 2112
999 2616
1000 1372
1000 2165
1001 2122
1002 1610
1002 2315
1002 2597
1002 2939
1003 1105
1003 1659
1003 2410
1004 1246
1004 1334
1005 1270
1005 2084
1005 2589
1007 2098
1007 2275
1008 1122
1008 2180
1009 1966
1009 2687
1010 1714
1010 2110
1011 2616
1012 2282
1012 2286
1013 2084
1013 2563
1014 1311
1014 1641
1014 2310
1015 1269
1016 1194
1016 2516
1016 2636
1016 2791
1017 1143
1017 1192
1017 1504
1017 2002
1017 2378
1017 2898
1018 1480
1018 1485
1018 2275
1019 1212
1019 1244
1019 1774
1019 2333
1019 2375
1020 2479
1021 1618
1021 2418
1022 2235
1023 1597
1023 2196
1023 2511
1024 1458
1024 1955
1024 2868
1025 1460
1025 1509
1025 1749
1025 2132
1025 2315
1025 2838
1026 1357
1026 2042
1026 2819
1027 1628
1027 1630
1027 1779
1027 1797
1027 1815
1027 1960
1027 2210
1028 1334
1028 1837
1029 1847
1030 1057
1030 1789
1030 2469
1031 1156
1031 1599
1031 1980
1031 2056
1031 2754
1032 1904
1032 1938
1032 2285
1032 2476
1032 2884
1033 1371
1033 2273
1034 1258
1034 2098
1035 2058
1035 2855
1036 1072
1036 1659
1037 1321
1037 2342
1037 2410
1038 2413
1038 2436
1038 2601
1039 2017
1039 2638
1039 2985
1040 1859
1040 3009
1041 1485
1041 2685
1042 2166
1043 1381
1043 1855
1043 2048
1044 1417
1044 1569
1044 1756
1044 2493
1044 2507
1044 2960
1045 1621
1045 1665
1045 1864
1046 1503
1046 1805
1047 1377
1047 1403
1047 1686
1048 1065
1048 1097
1048 1240
1048 1264
1048 1399
1048 2283
1048 2737
1049 2596
1049 2656
1050 1131
1050 1216
1050 1589
1050 1969
1050 2289
1051 1957
1051 3028
1052 1228
1052 2637
1052 2779
1052 3014
1052 3060
1053 1286
1053 2067
1053 2950
1054 2674
1054 3012
1055 1827
1055 2404
1055 2999
1056 2008
1057 2403
1057 2832
1058 1541
1058 1962
1058 2174
1059 1669
1059 2882
1060 1308
1060 1561
1060 2204
1061 1318
1062 1315
1062 1768
1062 2515
1062 2749
1062 2991
1063 2882
1063 2981
1064 2458
1064 2550
1064 2836
1065 1119
1065 2836
1066 1945
1066 2312
1067 1464
1067 1796
1067 2187
1067 2266
1067 2347
1067 2518
1067 2721
1067 2783
1068 2041
1068 2117
1068 2303
1068 2575
1069 1665
1069 2976
1069 3010
1070 1112
1070 2841
1070 3011
1071 1134
1071 1473
1071 1568
1071 1800
1071 2046
1071 2263
1071 3025
1072 1740
1072 2277
1072 2299
1073 1378
1073 1896
1074 1659
1074 2058
1075 1180
1075 1940
1075 2630
1076 2760
1077 1301
1077 2270
1078 1224
1078 1483
1078 2318
1079 1802
1079 2756
1080 1767
1080 2048
1081 1436
1081 2092
1082 1474
1082 2666
1083 1510
1083 1804
1084 1215
1084 1957
1085 1650
1085 2097
1085 2950
1086 1887
1086 2456
1086 2621
1087 1288
1087 1647
1087 1815
1087 2181
1087 2498
1087 2505
1088 1947
1088 2937
1089 2584
1089 2794
1090 1478
1090 1741
1090 2218
1090 2858
1090 2879
1091 2097
1091 2328
1091 2738
1092 1108
1092 1177
1092 1356
1092 1772
1092 2099
1092 2210
1092 2459
1093 1456
1093 1751
1094 2377
1094 2435
1094 2682
1094 3035
1095 1669
1095 1887
1096 1182
1096 1305
1096 1394
1096 1518
1096 1796
1096 2847
1097 2237
1098 2074
1098 2342
1099 1393
1099 1445
1099 2476
1099 2590
1099 2853
1100 1224
1100 1966
1101 1223
1101 2254
1101 2476
1101 2780
1101 2877
1102 2425
1103 2803
1104 1194
1104 1307
1104 1512
1104 1590
1104 1763
1105 1601
1105 1994
1105 2093
1105 2340
1106 1458
1106 1865
1107 1462
1107 2632
1107 2868
1109 1617
1110 2182
1111 1168
1111 1200
1111 1238
1111 1712
1111 1754
1111 1920
1111 2341
1112 1422
1113 1171
1113 2333
1113 2531
1113 2624
1113 2668
1113 2801
1114 1195
1114 2086
1115 1784
1115 2032
1116 2540
1116 3069
1117 1434
1117 1439
1117 1570
1117 1975
1117 2101
1117 2114
1117 2862
1118 1745
1118 2499
1119 1400
1119 1405
1119 2040
1119 2578
1120 1964
1120 2638
1121 1408
1121 1620
1121 1763
1121 2696
1122 1631
1122 1881
1122 2394
1122 2763
1123 1867
1123 2020
1123 2044
1123 2460
1124 1436
1124 3032
1125 1605
1125 2339
1126 1425
1126 1957
1126 2816
1127 2208
1127 2684
1128 2409
1128 2601
1129 2428
1129 2462
1130 1903
1130 2352
1130 2551
1131 3039
1132 2017
1132 2890
1133 1554
1133 2521
1133 2993
1134 2586
1134 2875
1135 1957
1136 1568
1136 2080
1136 2808
1136 2901
1136 3061
1136 3075
1137 1557
1138 2558
1138 3012
1139 1155
1139 1762
1139 2361
1139 2399
1139 2440
1140 1197
1140 1558
1140 2066
1140 2198
1140 2261
1140 2900
1141 2384
1141 2519
1142 2328
1143 1377
1143 1836
1144 1307
1144 1369
1144 1484
1144 1921
1144 2577
1144 2604
1144 2895
1145 2733
1146 1364
1146 1659
1146 2501
1147 1605
1147 2705
1147 2738
1148 1837
1148 2097
1150 1688
1150 1705
1151 2694
1152 1522
1152 1662
1152 2612
1153 1855
1153 2755
1154 1646
1154 2041
1154 2053
1154 2163
1154 3051
1154 3072
1154 3074
1155 1891
1156 1339
1156 1541
1157 2083
1158 1707
1158 2312
1159 2369
1159 3041
1160 1426
1160 1854
1160 2028
1160 2076
1160 2555
1160 2786
1161 1371
1161 2730
1161 3039
1162 1366
1162 1691
1162 2688
1163 1641
1163 2405
1164 1528
1164 1693
1164 1900
1164 2159
1165 1782
1165 1908
1165 1931
1165 2761
1165 2778
1166 1582
1166 2086
1166 2134
1167 2010
1167 2485
1167 2903
1167 3065
1169 1358
1169 1949
1169 2601
1170 1619
1170 2382
1170 2658
1171 2622
1173 2286
1173 2665
1174 1544
1174 2596
1175 1295
1175 1581
1175 1647
1175 2507
1175 2535
1175 2805
1175 2961
1176 2017
1176 2891
1177 1691
1177 2388
1178 1321
1178 2130
1178 3067
1180 2796
1181 1183
1181 2632
1182 1397
1183 1243
1183 1529
1183 1723
1183 1728
1183 1787
1183 2523
1184 1231
1185 1672
1185 1865
1185 2366
1186 1970
1186 2201
1186 3036
1187 1837
1187 2235
1187 2882
1188 1557
1188 2083
1189 1192
1189 1543
1189 1666
1189 2142
1189 2627
1189 2682
1190 1236
1190 1918
1190 2308
1191 1215
1192 1945
1193 1262
1193 1992
1193 2012
1193 2528
1193 2789
1193 2878
1195 1823
1195 1943
1195 2545
1195 2554
1195 2978
1195 3066
1196 1401
1196 2014
1196 2424
1196 2899
1196 3046
1197 1618
1198 1222
1198 1702
1199 2418
1201 2464
1201 2469
1202 1847
1202 2456
1202 3012
1203 1339
1203 1582
1204 2190
1204 2716
1205 2147
1206 1936
1206 2196
1206 2817
1207 1981
1207 2661
1208 1245
1208 1791
1208 2187
1208 2247
1209 1865
1210 1669
1210 2607
1211 1540
1211 2910
1212 2074
1212 2130
1213 2147
1213 2208
1213 3005
1214 1337
1214 1894
1215 1247
1215 1684
1215 1708
1215 1825
1215 2137
1215 2777
1216 1500
1216 2928
1217 1382
1218 1378
1218 1672
1218 2003
1219 2462
1220 2391
1220 2407
1220 2540
1221 1480
1221 1832
1222 1298
1222 1427
1222 2213
1222 2878
1222 2881
1223 1783
1224 1939
1224 2153
1224 2385
1224 2543
1224 2764
1225 1246
1225 1422
1226 1281
1226 1452
1226 1515
1226 2129
1226 2795
1226 2963
1227 2666
1227 2726
1227 2988
1228 1894
1228 2839
1229 1955
1229 2400
1229 2967
1230 1948
1230 1987
1231 1267
1231 1355
1231 1670
1231 1794
1231 3042
1232 1706
1232 2400
1232 2656
1233 1323
1233 1485
1233 1573
1234 1493
1235 1711
1235 2219
1236 1243
1236 1292
1236 1882
1236 1923
1236 2106
1236 2324
1237 1802
1237 2000
1238 2400
1239 1485
1239 1788
1239 1855
1240 2420
1241 1318
1241 1724
1242 2083
1243 2973
1244 2622
1244 2988
1245 1871
1245 2863
1246 1630
1246 2423
1246 2625
1246 3058
1247 2925
1249 1832
1250 1838
1250 2070
1250 2412
1250 2689
1250 2736
1251 1594
1251 1699
1252 1539
1252 1640
1252 1692
1252 2909
1252 3048
1253 1949
1253 2471
1255 1471
1255 1637
1255 2052
1255 2812
1256 1505
1256 1543
1256 2144
1256 3043
1257 1688
1258 1525
1258 2157
1258 2263
1258 2271
1258 2977
1259 1469
1259 1607
1259 2150
1259 2368
1259 3062
1259 3073
1260 1619
1260 1901
1260 3079
1261 1745
1261 2994
1262 2204
1263 1290
1263 1423
1263 1564
1263 2127
1263 2461
1263 2805
1263 2858
1264 2296
1265 1347
1265 1801
1265 2513
1265 2629
1265 2748
1265 2766
1266 1658
1266 3041
1267 1565
1267 1694
1268 2199
1268 2744
1268 2946
1269 2053
1269 2115
1269 2798
1269 2832
1270 1646
1270 1831
1270 2431
1270 2534
1270 2792
1271 1359
1271 2621
1272 2188
1272 2360
1272 2561
1273 2065
1273 2945
1274 2192
1274 2756
1275 1804
1276 1318
1277 2110
1278 2346
1278 2620
1279 2005
1279 2428
1280 1469
1280 2087
1280 2277
1280 2300
1280 2389
1280 2828
1281 2839
1282 1784
1283 2032
1283 2479
1284 2430
1284 2516
1284 2604
1284 2942
1284 3004
1285 1318
1286 1330
1286 1384
1286 1893
1286 2508
1287 1511
1287 1842
1287 1975
1288 1716
1288 2685
1289 1861
1289 2694
1290 1711
1291 2026
1291 2224
1292 1339
1292 2086
1293 2190
1293 2834
1293 2988
1294 1578
1294 2298
1294 2719
1295 2688
1295 2815
1296 1385
1297 2256
1297 2928
1298 1308
1299 1450
1299 1534
1299 2871
1299 3054
1300 2560
1300 2796
1301 1613
1301 1718
1301 1926
1301 2126
1301 2356
1301 2542
1302 1901
1302 2716
1303 2656
1304 2085
1304 2920
1304 2954
1304 3045
1306 1432
1306 2004
1306 2556
1306 2605
1308 1717
1308 1809
1308 2325
1308 2686
1308 3047
1309 1364
1309 1785
1309 2464
1311 1374
1311 1604
1311 2037
1311 2199
1311 2783
1312 2820
1312 3050
1313 1329
1313 1636
1313 2662
1313 2857
1313 3021
1314 1694
1314 1767
1316 1594
1316 2586
1316 2719
1317 2188
1317 2616
1317 2850
1318 1459
1318 2216
1318 2709
1319 1742
1320 1783
1321 1863
1321 2111
1321 2357
1321 2443
1321 2498
1322 1785
1323 1392
1323 1591
1323 2121
1323 2216
1323 2918
1324 2038
1324 2639
1324 2937
1325 2469
1325 2762
1326 1404
1326 2584
1327 1662
1328 1922
1328 2253
1328 2414
1329 2458
1330 1339
1330 1745
1331 1817
1331 1990
1331 2504
1331 2690
1332 1770
1333 2433
1334 1642
1334 1846
1334 2197
1334 2743
1334 2797
1335 2065
1336 1385
1336 1918
1337 1697
1337 1753
1337 2102
1337 2489
1337 2821
1337 3049
1338 1948
1339 2580
1339 2648
1340 1716
1340 2968
1341 1811
1341 2558
1342 1520
1342 2465
1343 1576
1343 1805
1343 3036
1344 1422
1344 2661
1345 2038
1345 2182
1345 2925
1347 1483
1348 1541
1348 2204
1349 1376
1349 1959
1349 2554
1349 2833
1349 3051
1350 2083
1350 2620
1351 1774
1351 1807
1351 1889
1351 1983
1351 2145
1351 2593
1351 2725
1351 2759
1352 1446
1352 1821
1352 2474
1352 2608
1353 2273
1353 2890
1353 2974
1354 1861
1354 2539
1356 1981
1356 2492
1357 1739
1357 2394
1357 2618
1358 1701
1358 1821
1358 2146
1358 2168
1358 2217
1358 2538
1359 1683
1360 1896
1360 2219
1361 2638
1361 2870
1362 1711
1362 1918
1362 3076
1363 1594
1363 2817
1364 2223
1364 2463
1365 1635
1365 1668
1365 1674
1365 2572
1365 2764
1366 1815
1366 1993
1366 2025
1366 2089
1366 2798
1368 1491
1368 2329
1368 2532
1368 2723
1368 2865
1369 1554
1369 2175
1370 1488
1370 1790
1370 1983
1370 2215
1370 2452
1370 2879
1371 1581
1371 2009
1371 2802
1371 3072
1372 1550
1372 2123
1372 2145
1372 2773
1372 2810
1373 1485
1373 2048
1373 2674
1374 2925
1375 2185
1375 2439
1375 2475
1375 2514
1376 2003
1376 3039
1377 1588
1377 1968
1378 1455
1378 1494
1378 1728
1378 2641
1378 2812
1379 1999
1379 2350
1379 2421
1380 1476
1380 1778
1380 2506
1380 2809
1380 2840
1381 1392
1381 1449
1381 1497
1381 1989
1381 2899
1382 1396
1382 1511
1382 1663
1382 2460
1382 2828
1382 2933
1383 2621
1384 1745
1384 2550
1385 2461
1386 2175
1386 2279
1386 2509
1387 1914
1387 2204
1388 1543
1388 2225
1388 2411
1388 2846
1388 2997
1389 1718
1389 1813
1389 2731
1389 2996
1390 1597
1390 1932
1391 2301
1391 2550
1391 2842
1393 1871
1393 1950
1394 2677
1395 1397
1395 2677
1395 3057
1396 2097
1396 2966
1397 1426
1397 1974
1397 1988
1397 2068
1398 1896
1398 1947
1399 1770
1400 2509
1400 2621
1401 1832
1402 1840
1403 2494
1403 2588
1403 2642
1403 2787
1404 1622
1404 2617
1405 1757
1405 2237
1406 2730
1407 2088
1407 2539
1408 1594
1409 2685
1410 1614
1410 2154
1410 2470
1410 2595
1410 3017
1411 1914
1411 2038
1411 2509
1412 1987
1412 2034
1412 2601
1413 1422
1413 2561
1414 2658
1414 2994
1415 2705
1415 3071
1416 1816
1417 2286
1418 1428
1418 1579
1418 1841
1418 1909
1418 2072
1418 2321
1419 2631
1420 1602
1420 2135
1421 2458
1421 3059
1422 1727
1422 2020
1422 2081
1423 1695
1423 2730
1424 1937
1424 1972
1424 2109
1424 2234
1424 2532
1424 2693
1425 1608
1425 2163
1425 2472
1425 2949
1426 2705
1427 1578
1428 1759
1428 2581
1429 2557
1429 2576
1429 2716
1430 2116
1430 2816
1431 1757
1432 2596
1432 2695
1433 1651
1433 2643
1434 1565
1434 1903
1435 1730
1435 1739
1435 1776
1435 2595
1435 2709
1436 2040
1436 2127
1436 2448
1436 3075
1437 1627
1437 1742
1438 2298
1439 1805
1439 1966
1440 2676
1441 2479
1441 2915
1442 2893
1443 1694
1444 2067
1444 2207
1444 2235
1445 1458
1445 3079
1447 2164
1447 2820
1448 2935
1448 2976
1449 1573
1450 1949
1451 1625
1451 2301
1452 1554
1453 2596
1454 1963
1454 2088
1454 2788
1455 2112
1456 2266
1456 2329
1457 1912
1457 2318
1458 1677
1458 1868
1459 1544
1459 2733
1460 1946
1461 2274
1461 2376
1461 2901
1461 2977
1461 3024
1462 1584
1462 2372
1462 2565
1463 2182
1464 1751
1465 1540
1465 2200
1465 2369
1466 1795
1466 2092
1466 2566
1467 2166
1467 2854
1468 2366
1468 2626
1469 1688
1470 2354
1471 1962
1471 2620
1472 2042
1472 2206
1473 2738
1473 2823
1474 2061
1474 2252
1474 2442
1474 2648
1474 2729
1474 3016
1475 1563
1475 2332
1475 2738
1476 1500
1477 2672
1478 1721
1479 1602
1480 1989
1480 2103
1480 2322
1480 2662
1480 2693
1481 1894
1481 2196
1482 2722
1483 1675
1483 2169
1484 2255
1485 1653
1485 2014
1486 1662
1487 1551
1487 1591
1487 1776
1487 2281
1488 2711
1489 2413
1489 2465
1490 2067
1490 2301
1490 3036
1491 2196
1492 1627
1492 2273
1493 2107
1493 2249
1493 2415
1493 2714
1493 3055
1495 2192
1495 2560
1496 2378
1496 2438
1496 2500
1497 2685
1497 3005
1498 1810
1498 2905
1498 3037
1499 1533
1499 2260
1499 2482
1499 2507
1499 2933
1499 2990
1500 1622
1500 2628
1501 2192
1502 1617
1502 2772
1502 2924
1503 1664
1503 2525
1504 1707
1505 2762
1506 2760
1506 2974
1507 1811
1507 2465
1507 2935
1508 1592
1508 2395
1508 2474
1508 2573
1508 2652
1508 3022
1510 1623
1510 1812
1510 2176
1510 2229
1510 2396
1512 2165
1512 2911
1513 1601
1513 1731
1513 2136
1513 2712
1514 2296
1514 2756
1514 2843
1515 2819
1516 1706
1516 2927
1517 1793
1518 2687
1519 1542
1519 1968
1519 1975
1519 2094
1519 2158
1519 2213
1519 2491
1519 2514
1520 1866
1520 2429
1520 2873
1520 3044
1521 2391
1521 3069
1522 1911
1523 2217
1523 2591
1523 2871
1524 1789
1525 1759
1526 1599
1526 1670
1526 1954
1526 2037
1526 2251
1526 2781
1527 3005
1528 2033
1528 2755
1529 1582
1530 2188
1530 2270
1531 2785
1532 1912
1532 2029
1532 2479
1533 1891
1533 2003
1534 2650
1535 2003
1535 2388
1535 2620
1536 1671
1536 2576
1536 3079
1537 1582
1537 2616
1538 2999
1539 2352
1540 1738
1540 1997
1540 2157
1540 2512
1541 1701
1541 2247
1541 2659
1541 2779
1542 1783
1544 1700
1544 1841
1545 1716
1545 2688
1546 1945
1546 2684
1547 2492
1547 2914
1548 1666
1548 2036
1548 2077
1549 1702
1549 2233
1549 2968
1550 2665
1551 2237
1551 2656
1552 2915
1553 2122
1553 2835
1553 3078
1554 2019
1554 2260
1554 2415
1555 1744
1555 1942
1555 1971
1555 2105
1555 2226
1555 2880
1557 1952
1557 1967
1557 2345
1557 2349
1558 2486
1559 1856
1559 1960
1559 2181
1559 3023
1560 2031
1560 2186
1560 2505
1560 2725
1560 2995
1560 3063
1561 1574
1561 2218
1561 2789
1561 3002
1562 1879
1563 1635
1563 1988
1563 2249
1563 2555
1563 2761
1565 1818
1565 1848
1565 2119
1565 2475
1565 2806
1565 3066
1566 1804
1566 2073
1566 2235
1567 2272
1567 2339
1568 1759
1570 2055
1571 2208
1572 1742
1572 2875
1572 2957
1573 1614
1573 1775
1573 1794
1573 1862
1573 2634
1573 2664
1574 2465
1574 2703
1575 2275
1576 1747
1576 1842
1576 1848
1576 2094
1577 2843
1577 2854
1578 2191
1578 2887
1579 2042
1580 2143
1581 2815
1582 1814
1582 2488
1584 2638
1584 2967
1585 1871
1585 2034
1586 2836
1586 2945
1587 2008
1588 2326
1590 2910
1590 2925
1592 3069
1593 2152
1594 1824
1594 2105
1594 2162
1595 1946
1595 2110
1595 2719
1596 1859
1596 2074
1596 2174
1597 1697
1597 2056
1597 2637
1598 2003
1598 2164
1598 2521
1600 1617
1600 1651
1602 1991
1602 2565
1602 2628
1603 1707
1603 2256
1604 2891
1605 2320
1605 2444
1605 2775
1606 1936
1606 2586
1608 2084
1608 3050
1609 1625
1609 2560
1609 3069
1610 1699
1610 2110
1611 2407
1612 3028
1612 3076
1613 2695
1613 2733
1614 1770
1615 2130
1616 1964
1617 1890
1617 2007
1617 2022
1617 2633
1617 2712
1618 1830
1618 2075
1618 2105
1618 2140
1618 2793
1619 1889
1619 1965
1620 1694
1621 1623
1621 1839
1621 2148
1621 2284
1621 2606
1622 1658
1623 2981
1624 1816
1624 1877
1624 1984
1625 2114
1625 2396
1625 2651
1626 1662
1627 1851
1627 2341
1627 3065
1628 2661
1629 2337
1629 2479
1631 2350
1631 2384
1632 1650
1632 1652
1633 2527
1633 2842
1634 2051
1634 2297
1635 2927
1636 2665
1636 2945
1637 1891
1637 2521
1638 1716
1638 1836
1638 2286
1639 1736
1639 2348
1639 2424
1639 2679
1639 2865
1640 1891
1640 2711
1641 1656
1641 2645
1641 2754
1641 3014
1642 1721
1643 2854
1644 2017
1644 2290
1644 3067
1645 2483
1647 3039
1648 2957
1648 3009
1649 1956
1649 2060
1649 2387
1649 2510
1650 2012
1650 2325
1650 2736
1650 3042
1651 1720
1651 2118
1651 2680
1652 2082
1652 2412
1652 2485
1652 2774
1652 2877
1652 2959
1653 3005
1654 2237
1654 2458
1655 2164
1655 2369
1655 2928
1656 2622
1657 1680
1657 1709
1657 2287
1657 2432
1657 2790
1657 2864
1657 3068
1658 2960
1658 3070
1659 2079
1659 2225
1659 2564
1659 2822
1660 2589
1660 2820
1661 1784
1661 2915
1662 2490
1662 2526
1662 2609
1663 2055
1663 2416
1664 2719
1664 2854
1665 2047
1665 2267
1665 2445
1665 2784
1666 2312
1667 1976
1667 3009
1668 2563
1669 1812
1670 2676
1671 1924
1671 2392
1671 2593
1671 2780
1671 2971
1672 2052
1672 2253
1672 2615
1672 2706
1672 2941
1673 2550
1673 2889
1674 2854
1675 1783
1675 3079
1676 1864
1676 2794
1676 2928
1677 1734
1678 1864
1678 1984
1679 2405
1680 1681
1681 1925
1681 2220
1681 2336
1681 2597
1682 2656
1683 2981
1684 2038
1685 2566
1685 2951
1686 2183
1686 2655
1686 2944
1687 2032
1687 2120
1688 1763
1688 2516
1688 2689
1688 2913
1689 1861
1689 2273
1689 2433
1690 2384
1690 2755
1690 2756
1691 2181
1691 2231
1691 2818
1691 3058
1693 2911
1694 2473
1694 2636
1694 2877
1695 1884
1695 2535
1696 2945
1698 2405
1698 2839
1698 2925
1699 1876
1699 2063
1699 2140
1699 2841
1699 3001
1700 1750
1700 3005
1702 2457
1703 2817
1703 2907
1704 1757
1704 2631
1705 1732
1705 2031
1705 2972
1706 2344
1706 2567
1706 2786
1707 2050
1707 2524
1707 2559
1707 2737
1708 2296
1710 2842
1710 3069
1712 2428
1712 2581
1713 1750
1713 2130
1714 1997
1714 2826
1714 2905
1715 2000
1715 2937
1716 2353
1716 2619
1716 2702
1717 2334
1718 2596
1719 2204
1719 2889
1721 1801
1721 1823
1721 1873
1721 1906
1722 2097
1722 2207
1723 1783
1723 2273
1724 1849
1724 2064
1725 1866
1725 2795
1725 3015
1726 2576
1726 2851
1727 2097
1727 2339
1729 2175
1729 2911
1730 2733
1731 2391
1732 3009
1733 1769
1733 1828
1733 2062
1733 2417
1733 2681
1734 1905
1734 2132
1734 2745
1734 3037
1735 2719
1735 2817
1736 2478
1736 3050
1739 2074
1740 2464
1741 2499
1742 1902
1742 2228
1742 2355
1742 2872
1743 1947
1743 2038
1744 2434
1744 3032
1745 2108
1746 1905
1746 2001
1746 2016
1746 2371
1746 2918
1747 2842
1748 2704
1750 1930
1750 2649
1751 1954
1751 2333
1751 2484
1751 2634
1752 2704
1752 3052
1753 2194
1753 2687
1755 2666
1755 2733
1755 2742
1756 2521
1756 2730
1757 2050
1757 2293
1757 2644
1758 2586
1759 2075
1759 2172
1759 2441
1760 2924
1761 1827
1761 2092
1762 1788
1764 2410
1764 2464
1764 3034
1765 2676
1765 2882
1765 2981
1766 1887
1766 2295
1766 2850
1767 1925
1767 2969
1769 2098
1769 2232
1770 1889
1770 2952
1770 2971
1771 1950
1771 2863
1772 2537
1772 2876
1773 1912
1773 3052
1774 2296
1777 2926
1778 2677
1779 2594
1780 2420
1780 2612
1781 2073
1781 2539
1781 2639
1782 2893
1783 1826
1783 2189
1784 2024
1784 2597
1784 2600
1785 1858
1785 2079
1785 2169
1786 1847
1786 2360
1786 2851
1789 1941
1789 1967
1790 2005
1790 2688
1791 2835
1792 2409
1792 3034
1793 2777
1793 2906
1793 3024
1793 3074
1794 2626
1795 2115
1795 2368
1795 2370
1795 2768
1796 2667
1797 2388
1798 1917
1798 2428
1799 2200
1799 2207
1800 2817
1802 2319
1802 2844
1803 2192
1804 2532
1804 2972
1805 2598
1805 2680
1806 2166
1806 2674
1807 2373
1808 1840
1809 2552
1811 2047
1811 2568
1813 2957
1814 2973
1816 2600
1817 2907
1818 2855
1819 2346
1819 2425
1820 1964
1822 2551
1824 1948
1825 2436
1826 2868
1827 1934
1827 2613
1828 2666
1829 2910
1830 2208
1830 2968
1831 2032
1831 2860
1832 1843
1832 2149
1832 2664
1833 2310
1834 2583
1835 2875
1835 3069
1836 2059
1836 2307
1836 2443
1836 2653
1837 1893
1837 1933
1837 2447
1837 3044
1839 1840
1839 2983
1840 2036
1840 2269
1840 2969
1841 2074
1843 2483
1843 3009
1844 2234
1844 2288
1844 2679
1844 2757
1844 2995
1845 2391
1846 2661
1847 2668
1850 2360
1850 2558
1850 2716
1851 2695
1852 1935
1852 2170
1852 3004
1853 1891
1853 2369
1854 1970
1854 2860
1855 2570
1856 2517
1856 2973
1857 2691
1859 2358
1859 2487
1859 2812
1859 3018
1860 2308
1860 2310
1861 2080
1861 2271
1861 2287
1861 2603
1862 2631
1863 2286
1863 2863
1864 2289
1864 2506
1865 2285
1865 2574
1865 2887
1865 2888
1867 2950
1868 2537
1869 2005
1871 2054
1871 2422
1871 2502
1872 2722
1873 1914
1873 1981
1874 1963
1874 2967
1875 2974
1876 2298
1876 2955
1877 2144
1877 2673
1877 2956
1878 1914
1878 2192
1878 2937
1879 1985
1879 2811
1880 2297
1881 2436
1882 2616
1883 2055
1883 2492
1884 2672
1885 2563
1885 2772
1885 2843
1886 2360
1886 2616
1887 2173
1887 2598
1887 3019
1888 2092
1888 2999
1890 2147
1890 2383
1891 2569
1892 2794
1892 3039
1893 2201
1894 2070
1894 2921
1895 1917
1895 2088
1896 2300
1896 2778
1897 1917
1897 2551
1897 2626
1898 2373
1898 2695
1898 2988
1899 2471
1900 2462
1901 2780
1901 2829
1901 2962
1901 2979
1902 2147
1903 2909
1904 1955
1904 2537
1905 2666
1906 2876
1907 2224
1908 2301
1908 2955
1909 2208
1910 2000
1910 2755
1912 2113
1912 2782
1912 2982
1913 1962
1913 2003
1914 2197
1915 2164
1916 2232
1916 2272
1917 2717
1917 3040
1917 3048
1918 2025
1918 2488
1919 2296
1920 2957
1921 2973
1922 2626
1923 2134
1924 2658
1925 1984
1926 2870
1927 2194
1927 3028
1928 2295
1929 2626
1930 2342
1930 2420
1931 1970
1931 2926
1932 2039
1932 2104
1932 2239
1933 1981
1933 2499
1935 2033
1936 2368
1936 2403
1936 2690
1936 2751
1937 2722
1938 1946
1939 2350
1940 1950
1940 2000
1941 2462
1943 2200
1944 1999
1944 2726
1945 2269
1945 2311
1945 2787
1946 2016
1946 2450
1946 2938
1947 2087
1947 2437
1948 1997
1948 2221
1950 2113
1950 2426
1950 2653
1950 2713
1951 2456
1952 2112
1952 2643
1953 2471
1955 2173
1956 2308
1957 2124
1957 2431
1957 2574
1957 3020
1958 2354
1958 2616
1959 1976
1959 2951
1960 2688
1962 1995
1962 2210
1962 2231
1963 1985
1963 2627
1963 2673
1964 2021
1964 2466
1964 2728
1964 2848
1965 2631
1966 2857
1969 2256
1970 2258
1970 2477
1970 2530
1971 2110
1972 2478
1972 2589
1973 2346
1974 2165
1976 2041
1976 2424
1976 2693
1976 2806
1977 2934
1978 2233
1978 2684
1979 2026
1979 2966
1980 2382
1981 2064
1981 2167
1981 2381
1981 2625
1982 2112
1982 3032
1983 2272
1984 2179
1984 2811
1984 3000
1985 2762
1986 2116
1986 2581
1986 2621
1987 2246
1988 3071
1989 2672
1991 2584
1991 2925
1992 2867
1993 2517
1995 2351
1995 2533
1996 2006
1998 2044
1998 2734
1998 2873
1999 2150
1999 2214
1999 2280
1999 3040
2000 2422
2001 2930
2001 3078
2002 2863
2003 2487
2004 2166
2004 2870
2005 2161
2005 2505
2006 2215
2006 2291
2006 2444
2006 2497
2006 2725
2007 2295
2008 2317
2008 2970
2011 2051
2011 2190
2012 2552
2013 2242
2013 2569
2013 2879
2013 3063
2014 2672
2015 2930
2015 3076
2016 2834
2017 2503
2017 2946
2018 2219
2018 2893
2019 2255
2019 2911
2020 2232
2021 2282
2022 2855
2024 2337
2025 2566
2026 2198
2026 2735
2026 2769
2026 2790
2028 2803
2029 2315
2029 2894
2029 3056
2030 2235
2030 2607
2030 2950
2032 2068
2033 2319
2033 2830
2034 2241
2034 2380
2034 2982
2035 2576
2036 2684
2038 2713
2038 2782
2042 2338
2042 2359
2042 2720
2042 2919
2043 2772
2045 2951
2045 2974
2046 2672
2048 2202
2049 2130
2049 2985
2049 3041
2050 2255
2051 2717
2051 2866
2051 3073
2054 2796
2055 2094
2056 2839
2057 2711
2058 2419
2058 2627
2058 2883
2059 2312
2060 2519
2061 2834
2062 2834
2063 2687
2063 3032
2065 2901
2067 2447
2067 2747
2067 2873
2071 2298
2072 2165
2073 2437
2074 2538
2074 2706
2075 2684
2076 2301
2076 2583
2077 2968
2078 2478
2078 2499
2080 2098
2081 2233
2081 2616
2082 3079
2083 2398
2083 2609
2084 2248
2084 2463
2085 2814
2086 2316
2086 2602
2086 3015
2087 2893
2088 2343
2088 3043
2089 2174
2089 2973
2090 2275
2090 2557
2091 2314
2092 2832
2093 2464
2093 3067
2095 2584
2095 2665
2096 2357
2096 2414
2096 2461
2096 2619
2096 2731
2096 3029
2097 2734
2099 2868
2101 3036
2102 3010
2103 2282
2104 2194
2104 2434
2106 2219
2108 2134
2108 2889
2109 3050
2110 2745
2110 3021
2111 2684
2112 2490
2115 2404
2116 2267
2116 2395
2117 2557
2117 3064
2120 2240
2120 2280
2120 2322
2120 2821
2121 2346
2121 2552
2122 2423
2122 2675
2122 2682
2122 2701
2122 2987
2123 2373
2124 3012
2125 2350
2125 2694
2126 2994
2127 2404
2128 2354
2128 2561
2129 2704
2130 2353
2130 2493
2130 2579
2131 2436
2131 2703
2133 2383
2134 2252
2134 2508
2134 2779
2135 2145
2135 2214
2135 2624
2135 2717
2135 2996
2135 3033
2137 3012
2138 2233
2138 2418
2139 2983
2141 2279
2141 2544
2141 2928
2142 2691
2143 2149
2143 2390
2143 2941
2144 2352
2146 3064
2147 2172
2147 2467
2147 3042
2148 2560
2151 2876
2151 2930
2152 2831
2152 2885
2152 2938
2152 2939
2154 2297
2155 2243
2155 2694
2156 2561
2156 2850
2158 2867
2159 2175
2159 2501
2160 3067
2162 2310
2162 2910
2163 2384
2165 2604
2166 2542
2166 2570
2166 2599
2167 2950
2168 2650
2168 2819
2170 2711
2171 2722
2174 2804
2174 2932
2174 3023
2175 2250
2175 2644
2175 2737
2177 2418
2177 2907
2178 2558
2178 2876
2178 2998
2180 2280
2180 3068
2182 2330
2182 2906
2182 3020
2184 2606
2184 2732
2184 2776
2184 2827
2184 3073
2186 2462
2186 2688
2188 2489
2188 2671
2188 2931
2189 2891
2190 2991
2191 2687
2191 3057
2192 2536
2192 2692
2194 2574
2194 2824
2194 2861
2195 2314
2195 2360
2196 2340
2196 2986
2198 2738
2199 2998
2200 2316
2201 2429
2203 2890
2204 2211
2205 2891
2206 2763
2206 2869
2206 2885
2206 2931
2207 2429
2208 2263
2208 2618
2209 2486
2212 2334
2212 2382
2213 2890
2219 2798
2220 2994
2221 2547
2222 2264
2222 2529
2222 2657
2222 2728
2223 2544
2224 2746
2224 2936
2226 2298
2226 2926
2227 2563
2227 2719
2228 2581
2229 2842
2230 2540
2230 2860
2232 2729
2232 2775
2232 2859
2233 2454
2233 2524
2235 2744
2236 2326
2236 2383
2237 2267
2237 2446
2237 3026
2238 2521
2239 2279
2239 2421
2240 2243
2240 2915
2243 2427
2243 2485
2243 2790
2243 2799
2244 2290
2245 2533
2245 2863
2245 2983
2246 2910
2247 2408
2248 2296
2251 2310
2251 2405
2253 3028
2255 2750
2256 2633
2256 2683
2256 3019
2257 2639
2257 2893
2258 2583
2258 3071
2259 2726
2259 2851
2261 2966
2262 2539
2264 2638
2265 2486
2266 2622
2268 2308
2269 2968
2270 2769
2272 2320
2272 2495
2272 3077
2273 2386
2273 2614
2274 2589
2275 2899
2276 2632
2276 3079
2277 2762
2278 2465
2278 2539
2279 2750
2279 2821
2282 2390
2282 2634
2282 2940
2282 2980
2283 2631
2286 2655
2286 2773
2288 2418
2288 2612
2290 2562
2290 2592
2290 2763
2290 2848
2290 2919
2291 2332
2292 2511
2293 2836
2294 2298
2297 2370
2297 2403
2297 2913
2300 2639
2301 2406
2302 2755
2303 2650
2304 2650
2305 2471
2307 2533
2308 2459
2309 2632
2311 2326
2312 2752
2314 2371
2314 2766
2318 2947
2319 2646
2323 2352
2323 2458
2323 2934
2324 2561
2325 2425
2326 2398
2326 2944
2326 2948
2327 2607
2327 2981
2328 2943
2328 2990
2329 2351
2331 2478
2332 2746
2332 2859
2334 2397
2334 2528
2334 2734
2334 3070
2335 2646
2335 2911
2337 2466
2337 2562
2337 2663
2338 2350
2339 2417
2339 2497
2340 2486
2341 2875
2342 2375
2343 2433
2344 2803
2344 3071
2345 2354
2346 2450
2347 3057
2348 2589
2350 2451
2350 2864
2351 2379
2351 2426
2351 2502
2352 2445
2352 2640
2353 2410
2354 2526
2354 2585
2354 2718
2356 2527
2357 2968
2358 2366
2358 3028
2360 2602
2360 3019
2366 2731
2367 2407
2369 2960
2370 2907
2373 2565
2373 3040
2376 2404
2377 2552
2378 2772
2382 2392
2382 2787
2383 2588
2383 2883
2383 3013
2383 3066
2384 2534
2384 2824
2385 2519
2385 3036
2386 2539
2387 2646
2387 2755
2388 2426
2388 2659
2389 2469
2390 2483
2391 2680
2391 3077
2392 2594
2395 2814
2396 2527
2397 2416
2399 3050
2400 2635
2401 2957
2402 2823
2404 2847
2405 2721
2406 2926
2406 2927
2407 2512
2407 2651
2407 2652
2408 2453
2408 2591
2408 2686
2408 2710
2408 2789
2409 2442
2409 2920
2410 2592
2411 2413
2413 3002
2414 2695
2415 2704
2416 2512
2418 2439
2418 3030
2419 2703
2420 2579
2420 2708
2420 2902
2421 2455
2421 2662
2421 3046
2421 3049
2422 2533
2425 2918
2425 3035
2428 2872
2430 2911
2431 2621
2433 2437
2433 2727
2434 2857
2434 3001
2436 2720
2436 2906
2438 2658
2440 2589
2441 3005
2442 2785
2446 2550
2446 2945
2447 2889
2448 3050
2449 2688
2449 2730
2449 3039
2450 2666
2451 2698
2451 2924
2454 2561
2455 2915
2456 2979
2456 3003
2456 3056
2457 2672
2458 2740
2458 2965
2459 2823
2460 2738
2462 2936
2463 2985
2464 2997
2465 2784
2467 2855
2468 2867
2468 2890
2469 2768
2469 2822
2469 2849
2470 2511
2470 3067
2471 2481
2471 2992
2472 2589
2472 2843
2473 3079
2477 2927
2477 2955
2478 2590
2481 2486
2481 2612
2482 2730
2482 3041
2483 2524
2483 2778
2483 2807
2484 2988
2491 2632
2491 2891
2492 2678
2492 2743
2493 2870
2495 2553
2496 2553
2496 2566
2499 2797
2499 2917
2499 2972
2500 2928
2501 2660
2501 2922
2501 3053
2503 2870
2506 2581
2509 2611
2509 3008
2510 2914
2511 2657
2511 2921
2513 2839
2515 2560
2517 2659
2517 2706
2517 2896
2517 3018
2518 2835
2520 2544
2521 2943
2522 2892
2522 2999
2525 2955
2526 2643
2527 2556
2527 3021
2528 2620
2530 2842
2531 2726
2531 2834
2533 2782
2534 2951
2536 2726
2536 2817
2540 2732
2540 2952
2541 2803
2542 2985
2543 2814
2543 2860
2544 2752
2544 2765
2545 2876
2546 2892
2546 3071
2547 2826
2547 3061
2548 2656
2548 2836
2550 2567
2551 2569
2553 2679
2553 2932
2554 2924
2556 2994
2557 2633
2557 2829
2558 2801
2558 2845
2558 3003
2560 2827
2563 2599
2564 3034
2564 3067
2566 3074
2567 2638
2570 3012
2571 2882
2572 2698
2572 2860
2575 2951
2576 3038
2578 2816
2580 2889
2581 2618
2581 3045
2582 2730
2582 2815
2582 2974
2583 2764
2583 2792
2584 2874
2586 2749
2587 2772
2587 3064
2588 2704
2590 2937
2593 2631
2596 2709
2598 2981
2599 2742
2602 2930
2603 3064
2607 2654
2607 3027
2607 3044
2610 2817
2610 2875
2613 2711
2613 2914
2614 2632
2615 3009
2617 2925
2619 2684
2621 2954
2622 2664
2622 2781
2622 2940
2624 2695
2630 2863
2631 3017
2636 2677
2638 2958
2638 2975
2640 2935
2640 3010
2641 2760
2641 2893
2642 2855
2643 2712
2643 2831
2643 2962
2645 2676
2646 2895
2648 3078
2649 2667
2649 2882
2650 2992
2652 2875
2653 2983
2654 2667
2655 3041
2657 2999
2658 2765
2660 3032
2661 2818
2661 2987
2663 2820
2665 2740
2667 2902
2673 2976
2674 2844
2674 2847
2677 2696
2677 2922
2681 2785
2683 2794
2685 2858
2687 2880
2691 3029
2691 3031
2692 2993
2698 2947
2699 2742
2699 2854
2702 2863
2703 2753
2703 2946
2704 2982
2705 2714
2705 2953
2705 2963
2707 2843
2707 2985
2710 2889
2710 2983
2711 2852
2714 2742
2715 2981
2716 2751
2718 3032
2719 3037
2721 2891
2724 2890
2724 2891
2726 2749
2726 2866
2733 2916
2738 2758
2738 2908
2742 2990
2746 2823
2748 2930
2751 2967
2752 2772
2754 3010
2760 2878
2760 3047
2761 2814
2762 2804
2766 3076
2767 2967
2770 2945
2770 3059
2771 3034
2784 2998
2785 2897
2785 3022
2786 2892
2788 2975
2792 2915
2793 2875
2797 2950
2800 2967
2801 2835
2802 2890
2807 2893
2807 2927
2814 2953
2816 3045
2817 2991
2819 3054
2826 2910
2829 2851
2833 3064
2834 2916
2835 2948
2835 3031
2841 2926
2845 2988
2846 2855
2846 3078
2855 2978
2860 2949
2867 2984
2867 3047
2868 2884
2868 2912
2874 3059
2875 2900
2876 2912
2883 3078
2887 3076
2904 2999
2909 2976
2910 2923
2910 2942
2915 2949
2920 2926
2924 2931
2927 2953
2961 2974
2961 3039
2965 2976
2966 3025
2967 3043
2970 3064
2973 3035
2977 3059
2980 3009
2981 3027
2983 3000
2986 3034
2988 2996
2994 3007
3009 3065
3012 3020
3024 3050
3054 3064
3059 3075
