1232 2688
0 277
0 307
0 651
1 259
1 634
1 1146
2 220
2 239
2 937
3 251
3 284
3 757
4 15
4 122
4 828
5 534
5 583
5 1227
6 41
6 59
6 155
6 503
6 519
6 737
6 901
6 982
7 81
7 139
7 554
7 568
7 575
7 586
7 797
7 854
8 190
8 593
8 869
9 127
9 440
9 690
10 204
10 280
10 1098
11 165
11 857
11 1139
12 97
12 231
12 719
13 164
13 979
13 1205
14 114
14 740
14 1136
15 185
15 522
15 727
15 802
15 911
15 1034
15 1085
16 40
16 362
16 746
17 45
17 565
17 976
18 94
18 120
18 376
18 688
18 705
18 879
18 1174
18 1212
19 51
19 718
19 893
20 847
20 869
20 1215
21 538
21 720
21 891
22 171
22 1018
22 1171
23 39
23 73
23 1146
24 574
24 786
24 828
25 56
25 217
25 319
25 486
25 624
25 890
25 960
25 1176
26 706
26 771
26 1060
27 62
27 417
27 718
28 103
28 203
28 294
28 523
28 621
28 717
28 750
28 819
29 415
29 483
29 730
30 143
30 362
30 860
31 171
31 379
31 413
32 389
32 455
32 767
33 312
33 395
33 611
33 731
33 784
33 947
33 1028
33 1085
34 202
34 253
34 297
34 523
34 784
34 952
34 1029
34 1107
35 238
35 379
35 938
36 50
36 483
36 1060
37 168
37 931
37 1010
38 1039
38 1043
38 1205
39 68
39 75
39 387
39 467
39 610
39 744
39 794
40 258
40 281
40 332
40 426
40 616
40 930
40 933
41 730
41 1170
42 260
42 280
42 1215
43 407
43 745
43 1137
44 234
44 941
44 1215
45 221
45 522
45 577
45 582
45 1122
45 1190
45 1220
46 175
46 388
46 893
47 91
47 98
47 337
47 418
47 518
47 702
47 712
47 763
48 307
48 461
48 532
49 110
49 401
49 609
50 101
50 106
50 276
50 754
50 933
50 940
50 1187
51 102
51 186
51 201
51 213
51 343
51 631
51 1141
52 262
52 433
52 1070
53 163
53 431
53 1134
54 574
54 672
54 867
55 260
55 558
55 1098
56 531
56 1019
57 140
57 918
57 1181
58 508
58 594
58 672
59 262
59 986
60 328
60 432
60 867
61 565
61 609
61 715
62 105
62 300
62 576
62 675
62 705
62 816
62 1172
63 128
63 130
63 364
64 534
64 553
64 859
65 593
65 1048
65 1159
66 767
66 1219
66 1223
67 156
67 307
67 415
68 641
68 1065
69 264
69 455
69 757
70 303
70 349
70 730
71 558
71 635
71 994
72 248
72 663
72 1135
73 473
73 542
73 611
73 748
73 826
73 1024
73 1032
74 470
74 990
74 1151
75 124
75 1178
76 80
76 689
76 938
77 190
77 872
77 988
78 164
78 935
78 1076
79 122
79 470
79 764
80 396
80 498
80 922
80 1052
80 1167
80 1190
80 1222
81 1099
81 1105
82 597
82 710
82 978
83 360
83 548
83 561
83 653
83 796
83 899
83 900
83 998
84 259
84 1161
84 1181
85 344
85 378
85 446
85 586
85 628
85 903
85 943
85 991
86 710
86 886
86 1226
87 154
87 175
87 668
88 136
88 388
88 606
89 541
89 1185
89 1219
90 331
90 579
90 1196
91 1119
91 1137
92 152
92 156
92 841
93 247
93 652
93 788
94 238
94 260
95 171
95 251
95 273
96 164
96 251
96 746
97 196
97 207
97 422
97 428
97 591
97 660
97 1072
98 151
98 284
99 447
99 560
99 627
100 250
100 1066
100 1076
101 230
101 1022
102 811
102 996
103 346
103 999
104 210
104 259
104 1138
105 410
105 558
106 135
106 1148
107 163
107 260
107 870
108 447
108 935
108 979
109 606
109 821
109 913
110 112
110 554
110 779
110 927
110 957
110 1192
110 1231
111 169
111 188
111 305
111 322
111 340
111 570
111 588
111 1213
112 594
112 1007
113 177
113 266
113 275
113 421
113 444
113 524
113 793
113 796
114 155
114 396
114 479
114 664
114 862
114 969
114 1206
115 199
115 241
115 285
115 602
115 628
115 754
115 890
115 1231
116 538
116 663
116 668
117 272
117 618
117 783
118 398
118 635
118 781
119 127
119 504
119 978
120 495
120 668
121 746
121 1075
121 1209
122 123
122 263
122 799
122 813
122 814
122 1166
123 452
123 976
124 134
124 240
124 380
124 457
124 459
124 699
124 1180
125 178
125 243
125 334
125 406
125 533
125 622
125 838
125 1156
126 320
126 440
126 719
127 572
127 576
127 633
127 666
127 806
127 1045
128 608
128 615
128 665
128 1005
128 1077
128 1126
128 1218
129 154
129 685
129 720
130 310
130 336
130 405
130 782
130 993
130 1006
130 1082
131 194
131 428
131 458
131 667
131 698
131 848
131 1020
131 1084
132 136
132 465
132 1227
133 354
133 390
133 599
133 620
133 629
133 1072
133 1157
133 1210
134 373
134 579
135 145
135 466
135 468
135 556
135 762
135 1023
135 1030
136 223
136 291
136 704
136 749
136 752
136 1120
137 766
137 1039
137 1155
138 635
138 1019
138 1177
139 725
139 726
140 159
140 257
140 596
140 648
140 716
140 795
140 995
141 343
141 416
141 442
141 614
141 714
141 981
141 1127
141 1197
142 338
142 553
142 913
143 355
143 578
143 617
143 620
143 916
143 1037
143 1079
144 219
144 859
144 1189
145 271
145 771
146 594
146 715
146 841
147 190
147 626
147 1226
148 277
148 961
148 1138
149 213
149 244
149 350
149 453
149 478
149 838
149 858
149 1199
150 154
150 483
150 918
151 302
151 356
151 733
151 845
151 849
151 1029
151 1106
152 174
152 258
152 571
152 762
152 812
152 873
152 1096
153 163
153 833
153 938
154 301
154 481
154 756
154 1179
154 1224
155 764
156 336
156 424
156 662
156 956
156 1143
156 1173
157 452
157 868
157 938
158 234
158 847
158 1098
159 867
159 1159
160 774
160 1138
160 1178
161 179
161 318
161 996
162 313
162 423
162 484
162 501
162 584
162 640
162 837
162 1133
163 167
163 224
163 814
163 858
163 1174
164 222
164 353
164 702
164 865
164 917
165 425
165 545
165 551
165 701
165 876
165 906
165 1017
166 327
166 361
166 448
166 502
166 528
166 880
166 1009
166 1024
167 379
167 990
168 278
168 448
168 545
168 570
168 826
168 1037
168 1142
169 209
169 857
170 280
170 1010
170 1098
171 203
171 509
171 518
171 612
171 824
172 176
172 331
172 774
173 369
173 1062
173 1140
174 388
174 521
175 195
175 563
175 569
175 713
175 995
175 1081
176 370
176 528
176 575
176 762
176 930
176 1027
176 1153
177 272
177 720
178 534
178 677
179 287
179 304
179 446
179 475
179 554
179 1014
179 1197
180 322
180 380
180 661
180 862
180 906
180 921
180 1000
180 1097
181 674
181 679
181 967
182 320
182 494
182 1047
183 718
183 1136
183 1148
184 204
184 558
184 1215
185 565
185 1182
186 532
186 847
187 264
187 630
187 872
188 215
188 689
189 725
189 811
189 1025
190 244
190 304
190 406
190 716
190 1013
191 219
191 597
191 626
192 656
192 668
192 757
193 417
193 831
193 978
194 398
194 966
195 593
195 961
196 937
196 1152
197 603
197 669
197 1161
198 637
198 764
198 864
199 715
199 821
200 986
200 1025
200 1170
201 487
201 1057
202 757
202 1090
203 627
204 214
204 397
204 804
204 1042
204 1153
204 1222
205 593
205 663
205 874
206 635
206 785
206 1105
207 279
207 851
208 331
208 1105
208 1170
209 476
209 552
209 773
209 895
209 1017
209 1034
209 1061
210 598
210 608
210 721
210 970
210 1008
210 1038
210 1101
211 508
211 655
211 1181
212 465
212 488
212 521
213 1022
214 831
214 1196
215 425
215 595
215 667
215 850
215 1143
215 1145
215 1216
216 766
216 1148
216 1149
217 913
217 1227
218 235
218 309
218 314
218 332
218 702
218 703
218 1030
218 1145
219 429
219 512
219 596
219 838
219 896
219 1014
220 585
220 700
220 707
220 770
220 884
220 963
220 981
221 369
221 574
222 626
222 1018
223 597
223 618
224 869
224 1189
225 913
225 1062
225 1189
226 307
226 967
226 1144
227 364
227 715
227 893
228 239
228 597
228 886
229 335
229 379
229 1151
230 399
230 614
230 645
230 761
230 770
230 773
230 894
231 323
231 355
231 460
231 825
231 844
231 899
231 1002
232 740
232 1090
232 1223
233 288
233 338
233 401
234 646
234 716
234 858
234 883
234 896
234 942
235 251
235 447
236 655
236 877
236 1092
237 593
237 918
237 1092
238 245
238 367
238 478
238 813
238 863
238 942
239 324
239 657
239 678
239 895
239 897
239 932
240 504
240 1136
241 771
241 1181
242 422
242 462
242 739
242 743
242 850
242 971
242 1058
242 1184
243 891
243 1057
244 859
245 431
245 1144
246 935
246 1043
246 1175
247 258
247 546
247 556
247 568
247 809
247 1009
247 1042
248 343
248 412
248 482
248 713
248 982
248 1088
248 1118
249 692
249 829
249 1136
250 636
250 748
250 834
250 846
250 1044
250 1073
250 1180
251 832
251 845
251 855
251 1160
252 379
252 381
252 415
253 767
253 1181
254 356
254 443
254 543
254 722
254 856
254 879
254 1081
254 1179
255 489
255 723
255 769
255 882
255 983
255 1054
255 1067
255 1128
256 463
256 525
256 786
257 495
257 1048
259 643
259 775
259 789
259 928
259 1107
260 659
260 1037
260 1085
260 1221
261 282
261 613
261 649
261 768
261 812
261 884
261 1040
261 1054
262 441
262 697
262 804
262 808
262 818
262 899
263 487
263 945
264 590
264 650
264 657
264 865
264 912
264 1106
265 373
265 829
265 831
266 600
266 907
267 635
267 656
267 1151
268 415
268 706
268 986
269 574
269 869
269 913
270 381
270 939
270 1047
271 357
271 649
271 815
271 835
271 933
271 951
271 1097
272 527
272 703
272 843
272 955
272 1083
272 1225
273 496
273 550
273 605
273 712
273 724
273 760
273 955
274 877
274 1139
274 1155
275 433
275 494
276 706
276 937
277 405
277 466
277 616
277 968
277 1055
277 1142
278 461
278 652
279 443
279 772
279 1020
279 1035
279 1074
279 1184
279 1210
280 299
280 581
280 709
280 816
280 825
281 461
281 774
282 414
282 1226
283 307
283 954
283 1134
284 619
284 747
284 862
284 910
284 953
284 1162
285 656
285 967
286 788
286 852
286 945
287 939
287 941
288 290
288 366
288 676
288 711
288 775
288 1005
288 1169
289 539
289 822
289 1135
290 565
290 954
291 375
291 1039
292 317
292 366
292 459
292 489
292 601
292 608
292 985
292 1012
293 549
293 821
293 1227
294 375
294 1007
295 434
295 996
295 1155
296 593
296 732
296 1181
297 600
297 1171
298 305
298 482
298 737
298 753
298 906
298 975
298 1016
298 1128
299 410
299 994
300 1057
300 1185
301 389
301 655
302 1090
302 1161
303 329
303 517
303 625
303 670
303 956
303 1183
303 1216
304 1112
305 1136
306 370
306 528
306 568
306 809
306 889
306 1114
306 1142
306 1150
307 557
307 934
307 1126
308 504
308 693
308 886
309 907
309 966
310 967
310 1134
311 679
311 1065
311 1158
312 976
312 1010
313 597
313 1152
314 470
314 1209
315 515
315 1099
315 1163
316 346
316 630
316 1148
317 414
317 979
318 324
318 374
318 420
318 510
318 1053
318 1061
318 1127
319 689
319 1151
320 351
320 358
320 392
320 653
320 680
320 843
321 449
321 462
321 644
321 694
321 844
321 848
321 1026
321 1210
322 1059
323 558
323 1146
324 1139
325 440
325 618
325 655
326 494
326 560
326 872
327 432
327 627
328 577
328 587
328 883
328 958
328 1071
328 1087
328 1191
329 766
329 867
330 549
330 553
330 852
331 359
331 498
331 546
331 709
331 818
332 384
333 454
333 836
333 931
334 349
334 553
335 503
335 738
335 885
335 921
335 1162
335 1167
335 1204
336 413
337 740
337 757
338 385
338 584
338 598
338 749
338 797
338 909
339 407
339 822
339 1090
340 531
340 1209
341 369
341 434
341 583
342 847
342 939
342 988
344 857
344 937
345 483
345 771
345 937
346 357
346 420
346 457
346 506
346 810
346 1125
347 530
347 967
347 1177
348 454
348 508
348 1092
349 435
349 469
349 820
349 827
349 1103
349 1176
350 549
350 1062
351 720
351 907
352 407
352 534
352 730
353 627
353 936
354 776
354 1163
355 454
356 656
357 494
358 781
358 1215
359 558
359 1098
360 398
360 410
361 1175
361 1205
362 535
362 551
362 570
362 953
362 1030
362 1131
363 689
363 807
363 1105
364 695
364 794
364 853
364 934
364 987
364 1180
365 685
365 859
365 1057
366 539
367 833
367 990
368 431
368 764
368 1075
369 424
369 428
369 462
369 707
369 1071
370 788
371 847
371 892
371 935
372 534
372 606
372 719
373 411
373 510
373 607
373 750
373 835
373 1091
374 725
374 1163
375 450
375 484
375 1036
375 1104
375 1186
375 1225
376 966
376 994
377 525
377 1094
377 1134
378 609
378 1007
379 878
379 950
379 969
380 692
381 621
381 712
381 800
381 855
381 944
381 1095
382 532
382 941
382 1111
383 461
383 961
383 1158
384 468
384 511
384 545
384 617
384 747
384 923
384 1213
385 463
385 788
386 689
386 821
386 1019
387 389
387 1048
388 576
388 837
388 861
388 1051
388 1056
389 619
389 636
389 643
389 1004
389 1064
390 732
390 864
391 447
391 1076
391 1205
392 433
392 630
393 432
393 594
393 877
394 531
394 821
394 1151
395 1007
395 1163
396 433
397 726
397 1170
398 535
398 552
398 617
398 743
398 911
399 771
399 1078
400 431
400 463
400 487
401 514
401 717
401 721
401 947
401 991
401 1036
402 828
402 868
402 990
403 560
403 630
403 1112
404 565
404 594
404 1094
405 532
406 1189
407 477
407 820
407 830
407 1143
407 1228
408 530
408 771
408 1092
409 745
409 872
409 1070
410 437
410 686
410 687
410 959
410 1113
411 494
411 1148
412 1025
412 1099
413 474
413 557
413 572
413 944
413 1147
413 1164
414 480
414 520
414 735
414 753
414 765
414 792
415 499
415 612
415 666
415 1006
416 720
416 822
417 480
417 505
417 882
417 949
417 974
417 997
418 447
418 746
419 465
419 663
419 893
420 936
421 440
421 583
422 805
423 618
423 1226
424 864
425 531
426 771
426 1148
427 432
427 1018
427 1043
429 988
429 1112
430 508
430 539
430 891
431 438
431 529
431 691
431 727
432 456
432 647
432 1212
432 1230
433 800
433 824
433 885
433 946
434 614
434 778
434 897
434 1040
434 1093
434 1200
435 583
435 606
436 677
436 852
436 913
437 1151
437 1177
438 470
438 1049
439 718
439 994
439 1185
440 467
440 632
440 803
440 846
441 786
441 1047
442 811
442 1111
443 553
444 719
444 1066
445 549
445 864
445 1189
446 788
447 729
447 888
447 912
448 1065
449 618
449 937
450 978
450 1078
451 841
451 976
451 1182
452 493
452 727
452 772
452 904
452 958
452 1212
453 864
453 913
454 472
454 481
454 736
454 803
454 1064
455 499
455 572
455 849
455 928
455 997
455 1001
456 508
456 609
457 831
458 868
458 892
459 961
460 655
460 931
461 782
461 889
461 1023
461 1194
463 854
463 871
463 905
463 1166
463 1220
464 720
464 996
464 1137
465 569
465 571
465 633
465 640
465 1172
466 774
467 1076
468 746
469 677
469 859
470 595
470 623
470 950
470 1115
471 539
471 679
471 1137
472 618
472 1066
473 679
473 1138
474 483
474 986
475 541
475 847
476 508
476 1155
477 1140
477 1209
478 869
479 833
479 1151
480 1119
481 1223
482 626
483 526
483 751
483 925
484 1175
485 531
485 726
485 807
486 530
486 715
487 569
487 592
487 853
487 1051
487 1116
488 556
488 662
488 768
488 866
488 930
488 1056
488 1195
489 1076
490 783
490 886
490 1078
491 573
491 979
491 1078
492 786
492 807
492 945
493 672
493 870
494 497
494 590
494 1021
495 497
495 559
495 564
495 856
495 1015
495 1176
496 651
496 1039
497 685
498 831
499 693
500 532
500 706
500 774
501 764
501 852
502 672
502 1018
503 1049
504 812
504 866
504 989
504 1000
504 1114
505 579
505 886
506 579
506 829
507 656
507 690
507 961
508 645
508 1218
509 541
509 1047
510 626
511 603
511 740
512 936
512 1226
513 651
513 706
513 1208
514 669
514 1163
515 607
515 684
515 696
515 810
515 895
515 1117
515 1197
516 573
516 1022
516 1076
517 634
517 1048
518 573
519 811
519 1099
520 597
520 1149
521 611
521 708
521 989
521 1033
521 1108
521 1150
522 841
523 720
524 630
524 1047
525 589
525 887
525 898
525 955
525 1050
525 1168
526 651
526 774
527 746
527 966
529 893
529 945
530 536
530 787
530 903
530 1187
530 1192
531 638
531 922
531 1168
532 605
532 751
532 758
533 685
533 718
534 624
534 625
534 1015
535 931
536 821
536 1094
537 1043
537 1065
537 1102
538 567
538 673
538 925
538 980
538 1064
538 1081
539 934
539 993
539 1011
539 1038
540 851
540 864
540 918
541 800
541 842
541 881
541 997
541 1220
542 637
542 669
543 677
543 868
544 938
544 1075
544 1151
546 1208
547 766
547 767
547 1146
548 776
548 892
549 646
549 909
549 960
549 1087
550 1076
550 1078
551 1102
552 976
553 623
553 759
553 878
555 746
555 785
555 907
557 1140
558 902
558 929
559 593
559 867
560 798
560 849
560 917
560 932
560 1154
561 635
561 860
562 783
562 1007
562 1171
563 811
563 1135
564 630
564 891
565 662
565 873
565 1101
566 626
566 811
566 1059
567 600
567 685
571 637
573 758
573 801
573 855
573 1050
573 1083
574 646
574 647
574 904
574 1100
575 652
577 805
578 1010
578 1102
579 926
579 973
579 1063
579 1222
580 961
580 1119
580 1177
581 836
581 1146
582 728
582 1196
583 660
583 680
583 700
583 844
584 1049
585 710
585 1060
586 988
587 828
587 1070
588 603
588 1139
589 715
589 1144
590 1112
591 618
591 1060
592 718
592 1111
593 896
594 650
594 932
594 991
595 746
596 869
597 1013
597 1054
598 1007
599 999
599 1089
600 714
600 756
600 819
600 843
600 1046
601 829
601 874
602 954
602 1177
603 779
603 784
603 943
603 953
603 1017
604 669
604 1007
604 1089
605 1175
606 640
606 667
606 960
606 971
607 936
609 657
609 741
609 817
609 1154
610 867
610 1223
612 833
613 634
613 1148
615 1135
615 1137
616 1208
618 1186
619 1090
620 776
621 1018
622 725
622 918
623 833
624 1159
625 986
626 810
626 888
627 865
627 888
627 1086
627 1095
628 1089
629 918
629 1062
630 835
630 1068
631 651
631 941
632 693
632 1119
633 994
634 815
634 894
634 920
634 972
634 1228
635 777
635 816
636 867
637 671
637 731
637 1056
637 1114
637 1130
638 938
638 1196
639 732
639 851
639 1062
641 748
641 789
641 825
641 920
641 929
641 973
641 992
642 860
642 976
642 1139
643 1219
644 851
644 868
645 1139
647 1048
648 732
648 1092
649 766
650 710
651 782
651 801
651 1110
652 989
652 1009
652 1027
652 1055
652 1130
653 1098
654 781
654 892
654 999
655 980
655 1079
655 1198
656 787
656 919
656 959
658 720
658 1161
658 1171
659 931
659 1102
660 836
661 1057
661 1148
663 795
663 1003
663 1051
663 1179
664 1025
664 1049
665 877
665 891
666 1219
668 683
668 733
668 759
668 1035
669 802
669 952
669 1108
669 1221
670 1090
670 1137
671 1049
671 1062
672 688
672 817
672 1086
672 1191
673 706
673 918
674 699
674 735
674 769
674 977
674 984
674 1005
674 1038
675 870
675 966
676 767
676 1138
677 909
677 950
677 1035
677 1123
678 978
678 1226
679 713
679 985
679 1003
679 1077
680 1066
681 745
681 786
681 1112
682 990
682 1019
682 1075
683 870
683 1159
684 710
684 1139
685 1011
685 1068
685 1218
686 781
686 860
687 726
687 785
688 828
689 876
689 887
689 1165
690 763
690 765
690 791
690 832
690 882
690 1080
691 828
691 976
692 768
692 823
692 1045
692 1096
692 1130
692 1150
693 791
693 823
693 861
693 1147
693 1172
694 1060
694 1152
695 1138
695 1208
696 725
696 1089
697 730
697 1025
698 785
698 860
699 874
700 805
701 1059
701 1136
703 785
704 783
704 1175
705 785
706 1164
706 1224
707 719
708 764
708 1062
709 1215
710 1061
710 1154
710 1200
711 852
711 1007
714 1137
715 1116
715 1203
717 783
718 742
718 1097
719 1026
719 1093
719 1103
721 852
722 757
722 1177
723 986
723 1059
724 979
724 1022
725 982
725 1132
725 1211
726 777
726 818
726 887
726 1207
728 839
728 900
728 1020
728 1052
728 1058
728 1069
728 1217
729 936
729 1018
730 792
730 1128
730 1164
731 1065
732 925
732 1156
732 1211
732 1224
733 1177
734 805
734 864
734 1140
735 1076
736 877
736 1181
737 1144
738 764
738 1025
739 860
739 966
740 845
740 921
740 1004
740 1131
741 841
741 1094
742 859
742 891
743 785
744 979
744 1066
745 910
745 964
745 1004
745 1029
745 1183
747 857
749 764
750 776
751 1208
752 852
752 1049
753 986
754 1092
755 851
755 999
755 1163
756 891
757 798
757 964
758 1039
759 868
760 807
760 907
761 766
761 1175
763 822
765 1185
766 789
766 830
767 920
767 962
767 1008
769 979
770 996
771 1229
772 990
773 877
774 987
774 1042
775 1158
776 1069
776 1109
776 1125
776 1214
777 966
778 1112
778 1149
779 937
780 831
780 886
780 1185
781 793
781 808
781 1002
781 1069
783 1031
783 1121
783 1133
785 840
786 924
786 946
786 958
787 954
788 957
788 1132
788 1207
790 807
790 1094
790 1144
791 1066
792 1059
793 1098
794 829
795 961
796 1215
797 945
798 1219
799 1049
799 1075
801 1175
802 1010
803 1152
804 1105
805 848
805 1093
805 1100
805 1173
806 1066
806 1119
807 871
807 1083
807 1203
808 836
809 1043
811 1003
811 1016
813 1134
814 1144
815 1149
817 877
819 1161
820 986
821 827
821 1015
822 1046
822 1077
822 1160
822 1183
823 978
824 939
826 1043
827 1159
828 1074
828 1230
829 977
829 1000
829 1044
830 1048
831 948
831 992
832 1137
833 944
833 1123
833 1204
834 1048
834 1223
836 929
836 998
836 1026
836 1079
837 1227
839 847
839 1205
840 870
840 994
841 970
841 1169
841 1195
842 941
842 988
846 979
847 1110
850 1227
851 916
851 1109
851 1214
852 854
853 1094
856 870
857 927
857 952
857 1028
857 1131
859 1129
859 1211
860 923
860 1034
861 994
863 870
863 1010
864 1033
866 1149
867 1228
868 1058
868 1072
869 1087
869 1188
870 1230
871 1070
872 924
872 963
872 1014
872 1040
873 1140
874 919
874 968
874 995
874 1080
874 1194
875 1070
875 1090
875 1112
876 1209
877 1011
878 1075
879 1159
880 935
880 1039
881 945
881 1182
883 913
884 1112
885 1196
886 1045
886 1104
889 1102
890 1094
891 1021
892 1041
892 1184
892 1190
892 1201
893 914
893 1166
893 1193
894 1039
897 1060
898 945
898 1070
900 999
901 1059
901 1134
902 1010
902 1215
903 1163
904 1070
905 939
905 1182
907 1050
907 1121
907 1186
908 1022
908 1111
908 1189
910 1223
911 1139
912 1018
914 1094
914 1178
915 1158
915 1178
915 1208
916 999
917 1018
918 1129
919 1119
922 990
923 931
924 1090
926 935
926 1146
927 1060
928 1223
931 1157
931 1214
935 992
935 1217
936 1013
936 1016
936 1118
937 1200
938 1074
938 1115
939 949
939 1001
939 1122
940 1078
940 1155
941 1041
941 1188
941 1217
942 1189
943 1060
945 1122
946 1170
947 1089
948 1146
948 1205
949 1219
951 1057
951 1136
954 970
954 984
954 985
954 1082
956 1209
957 988
959 1019
961 977
962 1092
962 1161
963 1149
964 1161
965 1065
965 1135
965 1138
966 1113
967 1012
967 1101
967 1169
968 1158
969 1019
971 1209
972 1155
972 1175
973 1205
974 994
974 1057
975 1025
975 1134
976 1221
978 1031
978 1063
980 1223
981 1155
983 1119
983 1185
984 1135
987 1158
988 1117
988 1127
990 1165
993 1178
996 1046
996 1088
996 1117
998 1170
999 1091
999 1157
1001 1185
1002 1170
1006 1140
1008 1158
1010 1174
1012 1135
1019 1115
1019 1204
1021 1159
1022 1031
1022 1104
1022 1229
1023 1208
1024 1102
1025 1202
1027 1043
1028 1161
1032 1135
1032 1158
1033 1049
1036 1171
1039 1133
1041 1205
1043 1086
1044 1178
1047 1124
1047 1167
1047 1206
1048 1191
1052 1182
1053 1089
1053 1099
1055 1102
1057 1193
1059 1118
1059 1202
1062 1173
1063 1185
1065 1073
1065 1108
1066 1198
1067 1149
1067 1226
1068 1159
1070 1124
1071 1182
1073 1146
1075 1123
1075 1145
1078 1141
1078 1199
1080 1177
1082 1144
1084 1209
1084 1227
1088 1111
1089 1109
1089 1192
1091 1171
1092 1107
1095 1171
1096 1149
1098 1188
1099 1129
1099 1156
1099 1207
1100 1182
1102 1213
1103 1227
1105 1113
1105 1132
1105 1168
1106 1219
1110 1111
1111 1193
1111 1199
1116 1178
1119 1160
1120 1152
1120 1226
1121 1152
1124 1170
1125 1171
1126 1178
1134 1203
1136 1162
1138 1194
1140 1195
1140 1216
1141 1189
1144 1202
1147 1219
1152 1198
1152 1225
1153 1208
1155 1229
1163 1231
1165 1196
1181 1187
1182 1201
1196 1201
1196 1206
