2200 4800
0 816
0 1631
0 1847
1 540
1 875
1 945
2 631
2 774
2 1304
2 1443
2 1722
2 2071
2 2084
2 2148
3 23
3 1121
3 1539
4 825
4 1815
4 1986
5 1348
5 1635
5 1927
6 562
6 819
6 922
6 1315
6 1408
6 1835
6 1916
6 2184
7 474
7 913
7 1292
8 989
8 1298
8 1677
9 498
9 577
9 691
9 1118
9 1422
9 1629
9 1674
9 2079
10 94
10 1335
10 1728
11 233
11 986
11 1692
12 480
12 590
12 1713
13 385
13 493
13 2182
14 95
14 98
14 249
14 386
14 689
14 1007
14 1080
14 1834
15 479
15 1170
15 1348
16 526
16 1822
16 2174
17 256
17 619
17 699
18 1497
18 1681
18 2036
19 1260
19 1533
19 1856
20 315
20 1218
20 1858
21 439
21 586
21 2004
22 114
22 719
22 745
22 787
22 860
22 1266
22 1559
22 2149
23 156
23 254
23 358
23 745
23 1118
23 1552
23 1741
24 474
24 872
24 1677
25 162
25 247
25 609
26 701
26 1677
26 1681
27 457
27 1375
27 2095
28 275
28 1667
28 2023
29 1086
29 1482
29 1593
30 868
30 1264
30 1606
31 74
31 105
31 1086
32 323
32 464
32 716
33 256
33 1811
33 2034
34 549
34 945
34 1592
35 102
35 1066
35 1598
36 348
36 585
36 599
36 651
36 1039
36 1604
36 1668
36 1937
37 124
37 796
37 1328
38 820
38 964
38 1381
39 421
39 438
39 589
39 764
39 1072
39 1112
39 1318
39 1830
40 569
40 881
40 1582
41 406
41 1107
41 1960
42 1321
42 1387
42 2102
43 1027
43 1366
43 1582
44 995
44 1752
44 2140
45 94
45 308
45 1598
46 516
46 638
46 796
47 759
47 1498
47 2160
48 609
48 1441
48 1731
49 703
49 1563
49 2066
50 578
50 1140
50 2000
51 712
51 1000
51 1228
52 1104
52 1482
52 1956
53 1602
53 1617
53 1871
54 72
54 260
54 1028
54 1097
54 1624
54 1701
54 1879
54 1939
55 79
55 1226
55 1312
56 509
56 1177
56 1502
57 157
57 619
57 1222
58 374
58 559
58 645
58 785
58 1307
58 1526
58 1754
58 2061
59 61
59 487
59 920
60 900
60 1628
60 1633
61 82
61 937
61 1265
61 1538
61 1953
61 2040
61 2044
62 99
62 202
62 296
63 654
63 1334
63 1710
64 274
64 581
64 681
64 879
64 946
64 1355
64 1403
64 2147
65 1015
65 1549
65 1638
66 978
66 1399
66 1464
67 437
67 850
67 1015
68 470
68 964
68 990
69 220
69 549
69 964
70 632
70 1029
70 1217
70 1252
70 1372
70 1699
70 1718
70 1900
71 86
71 257
71 880
71 1128
71 1353
71 1737
71 1950
71 2167
72 1363
72 1670
73 151
73 1377
73 2034
74 98
74 602
74 855
74 1184
74 1192
74 1347
74 1683
75 315
75 1406
75 1711
76 313
76 464
76 2122
77 278
77 282
77 521
77 666
77 1034
77 1332
77 1623
77 1991
78 267
78 1277
78 2197
79 222
79 570
79 665
79 1650
79 1652
79 1701
79 2184
80 142
80 1406
80 1464
81 136
81 588
81 1391
82 321
82 1129
83 522
83 852
83 1113
83 1506
83 1810
83 1877
83 2059
83 2091
84 151
84 1888
84 2036
85 473
85 1498
85 1774
86 329
86 1426
87 983
87 1023
87 1425
88 542
88 795
88 1365
88 1686
88 1807
88 1835
88 1980
88 2013
89 905
89 1312
89 1456
90 597
90 1385
90 1734
91 286
91 1042
91 1516
92 255
92 810
92 1775
93 874
93 1222
93 1592
94 261
94 661
94 914
94 999
94 1118
94 2175
95 105
95 1730
96 284
96 960
96 1103
97 516
97 1627
97 1814
98 1964
99 191
99 379
99 380
99 944
99 1344
99 1572
99 1588
100 174
100 751
100 845
100 1018
100 1024
100 1085
100 1845
100 2149
101 118
101 155
101 1096
102 147
102 626
102 1146
102 1223
102 1291
102 1591
102 1766
103 1985
103 2019
103 2075
104 1041
104 1983
104 2075
105 356
105 608
105 693
105 1208
105 1369
105 1902
106 164
106 746
106 824
106 919
106 1115
106 1143
106 1688
106 2198
107 564
107 615
107 1070
107 1294
107 1446
107 1745
107 1840
107 1976
108 233
108 271
108 1106
109 622
109 995
109 1713
110 113
110 501
110 2128
111 418
111 1272
111 1328
112 225
112 389
112 507
112 688
112 726
112 1255
112 1379
112 1643
113 139
113 628
113 674
113 1542
113 1690
113 1879
113 2196
114 392
114 1613
115 462
115 1129
115 1641
116 300
116 1387
116 1825
117 220
117 1226
117 1493
118 328
118 345
118 686
118 1165
118 1210
118 2103
118 2169
119 264
119 619
119 1272
120 362
120 605
120 614
120 1080
120 1445
120 1621
120 1962
120 2100
121 488
121 1752
121 2140
122 874
122 1026
122 1495
123 619
123 1114
123 1941
124 519
124 713
124 916
124 992
124 1053
124 1244
124 1947
125 404
125 595
125 832
125 1150
125 1316
125 1421
125 1451
125 1737
126 255
126 1104
126 1237
127 635
127 1277
127 1502
128 408
128 1580
128 1681
129 986
129 1545
129 1734
130 136
130 1325
130 1626
131 165
131 414
131 717
131 933
131 1336
131 1706
131 1919
131 2016
132 288
132 340
132 473
133 615
133 862
133 1061
133 1414
133 1558
133 1596
133 1718
133 1849
134 297
134 705
134 1220
135 698
135 739
135 1982
136 205
136 440
136 1127
136 1343
136 1589
136 1675
137 668
137 1498
137 1804
138 306
138 1075
138 1467
139 1606
139 1705
140 367
140 656
140 816
141 437
141 505
141 1985
142 494
142 582
142 1084
142 1422
142 1461
142 2137
142 2155
143 459
143 525
143 695
143 713
143 1135
143 1634
143 1715
143 1846
144 237
144 1066
144 1645
145 329
145 1335
145 1710
146 956
146 1049
146 1270
147 1487
147 1616
148 670
148 1897
148 1978
149 327
149 1275
149 2128
150 586
150 597
150 894
151 203
151 664
151 771
151 849
151 1380
151 2018
152 444
152 941
152 963
152 1200
152 1240
152 1486
152 1664
152 1903
153 850
153 1312
153 2017
154 513
154 1043
154 1339
155 307
155 741
155 777
155 1137
155 1513
155 1583
155 1980
156 392
156 1869
157 272
157 545
157 653
157 1105
157 1176
157 1221
157 1749
158 983
158 1237
158 2023
159 1060
159 1545
159 2157
160 614
160 1007
160 1064
160 1302
160 1515
160 1547
160 1910
160 2139
161 408
161 505
161 1136
162 192
162 560
162 688
162 728
162 833
162 869
162 1906
163 903
163 1106
163 1289
164 392
164 1728
165 655
165 968
166 467
166 633
166 709
167 590
167 1257
167 1299
168 778
168 1056
168 1112
168 1138
168 1265
168 1534
168 1735
168 1955
169 210
169 1062
169 1154
170 256
170 1425
170 1755
171 426
171 487
171 1132
172 749
172 1015
172 1390
173 437
173 1306
173 1480
174 1897
174 2174
175 413
175 2037
175 2140
176 231
176 984
176 1796
177 1058
177 1399
177 1926
178 1867
178 1886
178 2067
179 286
179 1025
179 1136
180 1041
180 1551
180 2128
181 487
181 1186
181 1732
182 890
182 935
182 1099
182 1139
182 1514
182 1571
182 1577
182 1676
183 247
183 1467
183 2017
184 287
184 783
184 828
184 974
184 1009
184 1055
184 1313
184 1574
185 296
185 911
185 1615
186 310
186 434
186 664
186 1178
186 1402
186 1680
186 2031
186 2109
187 202
187 1170
187 1174
188 502
188 1298
188 1303
189 904
189 1499
189 1662
190 253
190 471
190 1197
190 1262
190 1392
190 1537
190 1686
190 2088
191 920
191 1296
192 1269
192 1926
193 706
193 1207
193 1963
194 341
194 506
194 1390
195 1237
195 1321
195 1709
196 371
196 550
196 565
196 568
196 998
196 1271
196 1826
196 1850
197 1019
197 1351
197 1815
198 202
198 1659
198 1876
199 385
199 894
199 1152
200 351
200 584
200 787
200 829
200 1071
200 1350
200 1666
200 2130
201 501
201 1019
201 1867
202 252
202 422
202 1166
202 2028
202 2058
203 701
203 997
204 322
204 1321
204 2006
205 323
205 535
206 1592
206 1640
206 1932
207 418
207 1352
207 1941
208 477
208 705
208 712
209 322
209 952
209 1021
210 421
210 957
210 1175
210 1629
210 2054
210 2145
210 2155
211 708
211 1134
211 1335
212 733
212 1256
212 1808
213 473
213 1367
213 1963
214 921
214 1672
214 1891
215 549
215 1261
215 1822
216 450
216 722
216 984
217 503
217 820
217 2070
218 917
218 1631
218 1784
219 323
219 684
219 986
220 573
220 1326
220 1483
220 1649
220 1916
220 1998
221 611
221 912
221 1113
221 1157
221 1259
221 1389
221 1678
221 1737
222 1078
222 1335
223 1030
223 1068
223 1320
224 506
224 1467
224 1736
225 1337
225 1731
226 705
226 1067
226 1796
227 480
227 1467
227 2117
228 1279
228 1867
228 2057
229 1012
229 1116
229 2051
230 1030
230 1348
230 1885
231 269
231 335
231 873
231 882
231 1009
231 1921
231 2049
232 306
232 825
232 1299
233 667
233 1562
233 1859
233 2002
233 2042
233 2108
234 1060
234 1659
234 1759
235 1023
235 1103
235 1794
236 425
236 933
236 1225
236 1401
236 2030
236 2038
236 2043
236 2195
237 428
237 604
237 873
237 1046
237 1273
237 1949
237 2178
238 322
238 406
238 1616
239 1289
239 1592
239 1818
240 597
240 994
240 1768
241 622
241 1075
241 1502
242 385
242 495
242 780
243 426
243 1454
243 2039
244 426
244 712
244 1896
245 757
245 840
245 1159
245 1424
245 1544
245 1611
245 1824
245 1866
246 509
246 1670
246 2128
247 371
247 746
247 1149
247 1255
247 1561
247 2149
248 995
248 1257
248 1277
249 692
249 866
250 313
250 1568
250 1689
251 358
251 679
251 1033
251 1108
251 1160
251 1503
251 1550
251 1919
252 1348
252 1385
253 313
253 1041
254 467
254 968
255 431
255 594
255 1139
255 1276
255 1810
255 1918
256 642
256 906
256 1127
256 1706
256 1974
257 662
257 709
258 868
258 1296
258 1339
259 990
259 1592
259 1762
260 509
260 934
261 1420
261 1788
262 779
262 1066
262 1374
263 1551
263 1672
263 1985
264 584
264 680
264 750
264 765
264 1093
264 1928
264 1947
265 723
265 759
265 1963
266 574
266 653
266 657
266 1346
266 1508
266 1591
266 1649
266 2077
267 803
267 893
267 1117
267 1274
267 1438
267 1584
267 2094
268 703
268 732
268 1768
269 911
269 1119
270 773
270 904
270 1888
271 373
271 1111
271 1123
271 1158
271 1473
271 1492
271 1564
272 344
272 1981
273 563
273 604
273 735
273 887
273 1159
273 1188
273 1980
273 2163
274 367
274 1206
275 574
275 758
275 1364
275 1749
275 1940
275 2092
275 2097
276 597
276 1932
276 2025
277 1041
277 1482
277 2127
278 732
278 1705
279 385
279 655
279 1587
280 285
280 347
280 1053
280 1135
280 1536
280 1716
280 2069
280 2135
281 530
281 909
281 1710
282 1788
282 1858
283 314
283 489
283 717
283 1323
283 1397
283 1489
283 1675
283 2180
284 371
284 386
284 1013
284 1369
284 1746
284 1841
284 2185
285 720
285 1348
286 555
286 962
286 1095
286 1550
286 1583
286 2053
287 1978
287 2120
288 579
288 721
288 768
288 793
288 943
288 2007
288 2041
289 997
289 1090
289 2004
290 401
290 1002
290 1059
290 1384
290 1773
290 1952
290 2050
290 2097
291 712
291 1454
291 1488
292 414
292 443
292 1293
292 1443
292 1481
292 1526
292 1704
292 1887
293 327
293 477
293 875
294 325
294 876
294 1581
295 1134
295 1556
295 1867
296 833
296 988
296 1006
296 1079
296 1081
296 1643
297 304
297 819
297 888
297 1650
297 1703
297 1875
297 2118
298 516
298 978
298 1406
299 558
299 1888
299 1973
300 704
300 972
300 1117
300 1354
300 1402
300 1733
300 1753
301 566
301 1269
301 1500
302 340
302 903
302 1640
303 732
303 1633
303 2102
304 1752
304 2174
305 561
305 1366
305 1539
306 518
306 568
306 870
306 887
306 1936
306 2167
307 1089
307 1516
308 482
308 485
308 518
308 550
308 663
308 1188
308 1522
309 329
309 530
309 1295
310 1154
310 2171
311 547
311 1762
311 1942
312 1818
312 1852
312 2025
313 1291
313 1494
313 1865
313 1889
313 1909
314 739
314 1938
315 364
315 369
315 542
315 813
315 1483
315 1650
316 980
316 1050
316 1512
316 1523
316 1534
316 1704
316 1931
316 2016
317 1288
317 1983
317 2127
318 457
318 1548
318 1711
319 1709
319 1956
319 1983
320 390
320 876
320 1170
321 529
321 651
321 1011
321 1069
321 1095
321 1345
321 1412
322 431
322 969
322 1450
322 1603
322 1722
323 782
323 1382
323 1392
323 1636
323 1767
324 635
324 911
324 1312
325 840
325 1016
325 1201
325 1281
325 1535
325 1642
325 1744
326 857
326 1426
326 1805
327 399
327 491
327 511
327 1037
327 1939
327 2011
328 1220
328 1627
329 583
329 647
329 729
329 1553
329 2072
330 1228
330 1431
330 2039
331 366
331 574
331 660
331 781
331 1082
331 1485
331 2172
331 2194
332 570
332 806
332 807
332 1671
332 1673
332 1901
332 1948
332 2185
333 995
333 1775
333 1897
334 865
334 1454
334 2039
335 872
335 1858
336 857
336 1551
336 1644
337 1107
337 1524
337 1563
338 668
338 725
338 1752
339 363
339 1008
339 1152
340 504
340 667
340 1158
340 1462
340 1717
340 2112
341 429
341 841
341 856
341 1007
341 1209
341 2022
341 2192
342 480
342 934
342 2197
343 592
343 663
343 767
343 999
343 1542
343 1766
343 1836
343 2011
344 400
344 498
344 1082
344 1409
344 1531
344 1651
344 2135
345 1468
345 1662
346 363
346 457
346 2024
347 1876
347 1941
348 1144
348 1804
349 913
349 1896
349 2068
350 609
350 1174
350 1212
351 1325
351 1869
352 578
352 712
352 1454
353 412
353 1454
353 2193
354 474
354 530
354 709
355 433
355 523
355 830
355 950
355 971
355 1146
355 1262
355 1428
356 547
356 2086
357 904
357 1005
357 2120
358 780
359 465
359 1148
359 1227
359 1457
359 1618
359 1622
359 1684
359 2033
360 780
360 968
360 1613
361 624
361 667
361 976
361 1091
361 1290
361 1432
361 1899
361 2153
362 437
362 506
363 427
363 1187
363 1215
363 1714
363 1898
363 1933
364 1375
364 1399
365 392
365 668
365 1490
366 1487
366 1808
367 444
367 571
367 949
367 1003
367 1726
367 2109
368 934
368 1057
368 1195
369 413
369 470
370 1516
370 1592
370 1597
372 920
372 1170
372 1264
373 1309
373 2057
374 1431
374 2051
375 1129
375 1360
375 1478
376 1306
376 1390
376 1775
377 1852
377 1932
377 2165
378 779
378 1375
378 2113
379 903
379 1635
380 390
380 479
381 915
381 1078
381 1140
382 810
382 1258
382 1617
383 1768
383 1825
383 2066
384 390
384 720
384 1885
385 1658
385 1696
385 1984
385 2053
386 725
387 1172
387 1360
387 2193
388 825
388 1132
388 1289
389 1174
389 1456
390 422
390 448
390 1838
390 1958
390 2069
391 671
391 901
391 929
391 931
391 1159
391 1282
391 1812
391 2104
392 991
392 1660
392 1920
392 2079
393 509
393 811
393 2074
394 1278
394 1932
394 2036
395 1478
395 1593
395 2037
396 1300
396 1317
396 1444
396 1452
396 1458
396 1479
396 1866
396 2090
397 656
397 920
397 1335
398 516
398 1581
398 2111
399 1320
399 1568
400 892
400 1194
401 844
401 1134
402 956
402 1548
402 1670
403 1119
403 1788
403 2000
404 643
404 1886
405 1090
405 1325
405 1710
406 507
406 786
406 829
406 1842
406 1873
406 1898
407 682
407 1111
407 1169
407 1224
407 1250
407 1663
407 1899
407 1959
408 1047
408 1213
408 1345
408 1405
408 1754
408 2152
409 643
409 940
409 1279
410 692
410 1964
410 2086
411 566
411 995
411 1869
412 714
412 1014
412 1405
412 1427
412 1668
412 1678
412 1924
413 521
413 616
413 664
413 1180
413 1772
413 1916
414 2132
415 547
415 1036
415 1709
416 706
416 1107
416 1768
417 692
417 1086
417 1103
418 489
418 642
418 765
418 1176
418 1530
418 2194
419 1089
419 1868
419 1926
420 654
420 709
420 1295
421 1151
422 2111
423 569
423 1337
423 1713
424 1195
424 1592
424 1593
425 1755
425 1857
426 929
426 1507
426 1544
426 2055
426 2181
427 1524
427 1615
428 1096
428 2051
429 596
429 1306
430 810
430 1260
430 1602
431 1194
432 993
432 1235
432 1888
433 1510
433 1784
434 656
434 738
435 903
435 1121
435 2068
436 1036
436 1104
436 1730
437 537
437 841
437 924
437 1874
438 1067
438 1172
439 442
439 750
439 805
439 897
439 1135
439 1594
439 1930
440 1023
440 1511
441 872
441 1120
441 1896
442 739
442 1342
443 989
443 1587
444 1774
445 690
445 1356
445 1440
445 1603
445 1767
445 1910
445 1969
445 2101
446 770
446 1638
446 1856
447 1511
447 1932
447 2004
448 966
448 1385
449 865
449 958
449 2000
450 602
450 873
450 1305
450 1449
450 1970
450 2144
450 2159
451 1303
451 1885
451 1941
452 1269
452 1374
452 1628
453 487
453 810
453 1610
454 1015
454 1784
454 2051
455 566
455 1058
455 1406
456 488
456 1587
456 1775
457 603
457 1077
457 1590
457 1696
457 2012
458 547
458 1195
458 1556
459 983
459 1298
460 836
460 1044
460 1061
460 1415
460 1719
460 1801
460 1883
460 2181
461 966
461 993
461 1956
462 527
462 659
462 1410
462 1509
462 2105
462 2126
462 2136
463 790
463 1226
463 1272
464 612
464 617
464 971
464 1417
464 1646
464 2108
465 1129
465 1260
466 1312
466 1720
466 2197
467 679
467 729
467 972
467 1813
467 1831
467 1984
468 1891
468 2019
468 2127
469 905
469 1533
469 1814
470 551
470 756
470 922
470 967
470 1508
470 1698
471 1062
471 1189
472 684
472 978
472 2051
473 611
473 1073
473 1400
473 1538
473 2188
474 666
474 851
474 1010
474 1553
474 2146
475 1019
475 1067
475 1309
476 1609
476 1992
476 2183
477 548
477 674
477 950
477 1291
477 1683
477 1854
478 501
478 643
478 1927
479 687
479 1297
479 1336
479 1401
479 1479
479 1535
480 822
480 1048
480 1520
480 1850
480 1936
481 1363
481 1502
481 1705
482 2075
482 2120
483 844
483 1325
483 1548
484 1985
484 2037
484 2127
485 868
485 2127
486 1027
486 1441
486 1713
487 522
487 1424
487 1647
487 1717
488 772
488 813
488 1017
488 1054
488 1371
488 2184
489 699
490 1119
490 1672
490 1728
491 874
491 1598
492 1015
492 1387
492 1617
493 553
493 600
493 1238
493 1371
493 1656
493 1703
493 1887
494 892
494 1441
495 607
495 1112
495 1430
495 1546
495 1771
495 1813
495 2125
496 1431
496 1500
496 1601
497 773
497 1499
497 1978
498 1366
499 874
499 1516
499 2190
500 920
500 1186
500 1258
501 592
501 1607
501 1695
501 1939
501 2050
502 520
502 553
502 629
502 1361
502 1797
502 2076
502 2083
503 802
503 842
503 1287
503 1327
503 1448
503 1661
503 2195
504 759
504 1533
505 529
505 777
505 834
505 885
505 1742
505 2080
506 568
506 893
506 1153
506 1316
506 2107
507 1633
508 708
508 865
508 2128
509 803
509 1047
509 1071
509 1427
510 794
510 798
510 1100
510 1161
510 1393
510 1683
510 1944
510 2148
511 1339
511 1705
512 597
512 1818
512 2165
513 697
513 721
513 1085
513 1185
513 1191
513 1760
513 2048
514 1299
514 1351
514 1736
515 881
515 1063
515 1140
516 797
516 1198
516 1461
516 1526
517 759
517 894
517 1367
518 2134
519 1235
519 1856
520 1751
520 1876
521 1491
522 1617
523 1041
523 1543
524 1490
524 1808
524 2023
525 1511
525 1751
526 644
526 696
526 885
526 939
526 1569
526 1786
526 1845
527 910
527 1260
528 561
528 1114
528 1885
529 1497
530 564
530 632
530 867
530 1040
530 1849
531 966
531 1303
531 1659
532 1272
532 1325
532 1425
533 1151
533 2068
533 2127
534 899
534 1314
534 1352
535 587
535 685
535 746
535 870
535 936
535 1196
535 1950
536 561
536 902
536 1194
537 749
537 1012
538 1551
538 1891
538 2000
539 656
539 1638
539 1888
540 594
540 747
540 890
540 907
540 1354
540 1951
540 2032
541 1533
541 1641
541 2045
542 1101
543 984
543 1066
543 1510
544 556
544 1548
544 1556
545 561
545 1096
546 779
546 964
546 1319
547 593
547 640
547 1834
547 1851
548 710
548 2039
549 751
549 996
549 1685
549 1698
549 1910
550 847
551 1381
551 1493
552 598
552 978
552 1539
553 2006
554 1288
554 1482
554 2075
555 968
555 1954
556 787
556 1098
556 1411
556 1442
556 1519
556 1579
556 1589
557 558
557 1491
557 1731
558 863
558 930
558 1182
558 1653
558 1923
558 2109
559 1000
559 1894
560 1000
560 1601
561 577
561 1142
561 1536
561 2172
562 1399
562 1711
563 984
563 1638
564 1057
565 1299
565 2117
566 800
566 962
566 1266
566 1658
566 1906
567 1107
567 1269
567 1524
569 591
569 784
569 794
569 1861
569 1881
569 1965
570 1381
571 1992
571 2160
572 904
572 1337
572 1549
573 1062
573 1487
575 596
575 1613
575 2037
576 1891
576 2037
576 2075
577 881
578 783
578 1028
578 1125
578 1652
578 1946
578 1999
579 1667
579 1815
580 733
580 1339
580 1815
581 1493
581 1884
582 902
582 1337
583 662
583 1527
584 1490
585 1136
585 1279
586 717
586 906
586 916
586 1234
586 1757
586 2110
587 915
587 1639
588 685
588 1102
588 1417
588 1913
588 2088
588 2101
588 2176
589 1236
589 1532
590 856
590 924
590 979
590 1168
590 1625
590 1962
591 790
591 1581
592 1296
593 945
593 1439
594 2102
595 1498
595 1527
596 689
596 791
596 1013
596 1741
596 1895
596 1962
597 1472
597 1911
597 1979
598 1147
598 1318
598 1331
598 1422
598 1455
598 1565
598 1922
599 716
599 2068
600 926
600 1194
601 1441
601 1549
601 1978
602 2111
603 1008
603 1107
604 1973
605 1256
605 1261
606 738
606 1036
606 1057
607 1008
607 2165
608 692
608 1246
609 928
609 1006
609 1460
609 1691
609 1842
610 1220
610 1482
610 1709
611 2160
612 1545
612 1945
613 1431
613 2009
613 2102
614 2086
615 1041
616 2019
616 2174
617 1207
617 1692
618 1342
618 1511
618 1818
619 660
619 1395
619 1463
619 2180
620 770
620 1973
620 2045
621 759
621 1186
621 1606
622 893
622 1022
622 1168
622 1214
622 1724
622 2094
623 1212
623 1602
623 1743
624 2023
624 2066
625 877
625 880
625 982
625 1253
625 1349
625 1407
625 1715
625 2125
626 716
626 1964
627 662
627 701
627 723
628 875
628 1568
629 1194
629 1587
630 1237
630 1391
630 1602
631 790
631 1858
632 633
633 647
633 760
633 853
633 949
633 1745
633 2189
634 964
634 1269
634 1612
635 822
635 957
635 1331
635 1671
635 1764
635 2094
636 994
636 1195
636 1375
637 1004
637 1628
637 1783
638 1108
638 1619
638 1674
638 1679
638 1920
638 2041
638 2052
639 1548
639 1700
639 1768
640 844
640 1795
641 1194
641 1321
641 1779
642 1036
643 795
643 1183
643 1210
643 1575
643 2161
644 995
644 1480
645 1464
645 2113
646 964
646 1189
646 1226
647 780
648 796
648 1027
648 1856
649 945
649 1320
649 1387
650 892
650 978
650 1337
651 1886
652 926
652 1303
652 1751
653 1808
654 1029
654 1553
654 1596
654 1738
654 1745
654 1770
655 877
655 1160
655 1353
655 1656
655 1739
655 2146
656 801
656 1383
656 1758
656 2014
657 1580
657 1762
658 1063
658 1194
658 2157
659 1752
659 1805
660 1516
661 1539
661 1613
662 678
662 980
662 1031
662 1475
662 2199
663 1121
665 1134
665 1420
666 2034
668 791
668 829
668 1205
668 1678
668 1929
669 699
669 1709
669 1730
670 676
670 696
670 1324
670 1345
670 1513
670 1782
670 1874
671 1580
671 1932
672 1121
672 1239
672 1598
673 1320
673 1495
673 1555
674 1320
675 780
675 1732
675 1847
676 1042
676 1060
677 1608
677 1627
677 1956
678 1367
678 1377
679 1613
680 770
680 1907
681 738
681 1549
682 952
682 1043
683 1734
683 1852
683 2111
684 1223
684 1417
684 1937
684 1990
684 2137
684 2187
685 1425
686 796
686 1956
687 993
687 1399
688 1639
689 2017
690 990
690 1329
691 1121
691 1613
692 1161
692 1333
692 1449
692 1854
693 1023
693 1172
694 984
694 1319
694 1645
695 875
695 1555
696 904
697 1351
697 1986
698 794
698 1198
698 1234
698 1535
698 1765
698 2047
698 2090
699 760
699 815
699 1003
699 1851
699 2125
700 905
700 1456
700 1602
701 889
701 891
701 1415
701 2055
701 2061
702 1278
702 1580
702 1818
703 1077
703 1354
703 1382
703 1398
703 1967
703 2101
704 816
704 1026
705 951
705 1054
705 1905
705 2083
705 2144
706 1167
706 1187
706 1859
706 1933
706 2129
706 2168
707 732
707 1563
707 1825
708 813
708 819
708 1028
708 1787
708 1948
708 2124
709 938
709 953
709 1083
709 1957
710 772
710 895
710 959
710 1361
710 1970
710 2118
710 2121
711 927
711 1613
711 1869
712 895
712 1211
712 1604
713 1885
714 1067
714 1896
715 899
715 983
715 1601
716 1084
716 1284
716 1904
716 1975
716 2176
718 934
718 1216
718 1548
719 1639
719 1822
720 923
720 1065
720 1362
720 1554
720 1682
720 1915
721 1490
722 724
722 896
722 918
722 1055
722 1131
722 1193
722 1273
723 867
723 1073
723 1148
723 1404
723 1596
723 2126
724 911
724 1090
725 856
725 1386
725 1445
725 1529
725 1552
725 1740
726 1021
726 1783
727 850
727 915
727 1493
728 1237
728 1431
729 1057
730 1466
730 1908
730 2140
731 927
731 1370
731 1490
732 1099
732 1432
732 1564
732 2191
733 871
733 1002
733 1191
733 1364
733 1663
733 2092
734 850
734 1502
734 1847
735 1132
735 1278
736 964
736 1615
736 1628
737 1103
737 1730
737 2086
738 760
738 821
738 963
738 1182
738 2035
739 992
739 1052
739 1474
739 1706
739 1979
740 1090
740 1342
740 2034
741 1608
741 1981
742 1189
742 1857
742 2070
743 816
743 1731
743 2171
744 866
744 1277
744 1306
745 927
747 1320
747 1762
748 865
748 1140
748 1672
749 806
749 919
749 1274
749 1733
749 1746
749 1781
750 796
751 1491
752 990
752 1491
752 1822
753 1239
753 2120
753 2127
754 899
754 1049
754 1114
755 1177
755 1628
755 1769
756 1487
756 1960
757 825
757 1640
758 899
758 1490
759 1389
759 2007
759 2040
761 1130
761 1610
761 1871
762 960
762 2037
762 2070
763 903
763 1058
763 1170
764 910
764 1478
765 1626
766 1090
766 1672
766 1788
767 1264
767 1275
768 1641
768 1856
769 1008
769 1151
769 1289
770 783
770 1557
770 1668
770 1708
770 2081
771 1628
771 1705
772 1220
773 1361
773 1844
773 1905
773 1977
773 2152
773 2169
774 1351
774 1779
775 1296
775 1606
775 2120
776 1692
776 1768
776 1852
777 1060
778 1260
778 1439
779 969
779 1293
779 1800
779 1944
779 2003
780 938
780 1419
780 1753
781 844
781 1945
782 1391
782 1425
784 1257
784 1441
785 1377
785 1677
786 952
786 1779
788 827
788 1289
788 2024
789 921
789 1189
789 1992
790 1184
790 1573
790 1765
790 1854
790 2003
791 1908
792 1299
792 1670
792 2197
793 1743
793 1814
795 1720
796 955
796 1241
796 1965
797 1681
797 2113
798 1272
798 1381
799 876
799 993
799 1406
800 1399
800 1635
801 1499
801 1973
802 1222
802 1644
803 1705
804 984
804 1096
804 1894
805 1235
805 2045
806 2017
807 911
807 2197
808 945
808 990
808 2190
809 1751
809 1992
809 2156
810 1259
810 1373
810 2073
810 2158
811 814
811 1095
811 1232
811 1341
811 1666
811 2005
811 2098
812 850
812 1012
812 1390
814 1089
814 1136
815 1236
815 1555
816 1182
816 1380
816 1694
816 1772
817 994
817 1597
817 1700
818 921
818 1985
818 2000
820 941
820 1537
820 1750
820 1778
820 1806
820 1893
821 917
821 1206
822 1670
823 983
823 1495
823 1751
824 958
824 1078
825 1048
825 1722
825 1800
825 2048
826 1439
826 1532
826 1641
827 1064
827 1175
827 1318
827 1359
827 1819
827 1878
827 2096
828 960
828 1279
830 1116
830 1645
831 1278
831 1456
831 1610
832 1075
832 1582
833 1983
834 904
834 1897
835 872
835 1292
835 1295
836 874
836 994
837 1058
837 1106
837 1258
838 1189
838 1543
838 1960
839 1023
839 1043
839 1808
840 1734
841 1075
842 1516
842 2156
843 1104
843 1321
843 1601
844 1105
844 1484
844 1519
844 1637
845 1815
845 2067
846 1239
846 1736
846 2134
847 967
847 1403
847 1517
847 1688
847 1781
847 1816
847 1998
848 1466
848 1752
848 2174
849 1177
849 1612
850 1117
850 1688
850 2185
851 997
851 1987
852 1321
852 1775
853 1195
853 1670
854 1086
854 1286
854 1609
855 1103
855 1246
857 1475
857 1850
857 2001
857 2060
857 2123
857 2147
858 915
858 927
858 1728
859 1524
859 1783
859 1907
860 1325
860 2074
861 1094
861 1491
861 1987
862 909
862 2122
863 1499
863 1638
864 1659
864 1941
864 2157
865 1211
865 1557
865 1574
865 1701
866 1168
866 1223
866 1280
866 1347
866 1959
866 1975
867 1567
868 1141
868 1268
868 1313
868 1576
868 2159
869 1174
869 1482
870 1527
871 952
871 1309
872 1131
872 1558
872 1719
872 1723
874 932
874 1542
874 1634
875 923
875 1407
875 1595
875 1935
876 933
876 961
876 1344
876 1880
876 2090
877 1527
878 1150
878 1219
878 1521
878 1577
878 1655
878 1664
878 1725
878 1917
879 1264
879 2117
880 2182
881 1087
881 1225
881 1458
881 1642
881 1651
882 1090
882 1720
883 1466
883 1480
883 1897
884 1067
884 1360
884 1794
885 1978
886 900
886 1612
886 1783
887 1239
888 1480
888 1587
889 1769
889 2034
890 1321
891 1367
891 1426
892 1064
892 1142
892 1290
892 1473
892 1961
894 1052
894 1073
894 1267
894 1590
894 1859
895 1568
896 1119
896 1720
897 1495
897 1885
898 1012
898 1549
898 1973
899 1418
899 1432
899 1492
899 1803
900 929
900 1070
900 1162
900 1300
900 1699
900 1744
901 1004
901 1488
902 1123
902 1409
902 1547
902 1823
902 2096
902 2153
903 914
903 1403
903 2064
904 1145
904 1313
905 1302
905 1702
905 1882
905 1901
905 2041
906 1938
907 1012
907 1617
908 968
908 1089
908 1927
909 1322
909 1521
909 1676
909 1699
909 1738
909 1840
910 975
910 1011
910 1684
910 1707
910 1931
910 1953
911 1183
911 1358
911 1807
912 1370
912 1804
913 1061
913 1173
913 1193
913 1761
913 1921
913 1972
914 1120
915 991
915 1561
915 1781
915 2173
916 1342
917 1179
917 1517
917 1726
917 1809
917 2060
917 2064
918 1005
918 1713
919 1493
920 1653
920 1753
920 1831
921 941
921 1624
921 1657
921 1727
921 2123
922 1094
923 1068
924 1775
925 1057
925 1670
925 1795
926 959
926 1540
926 1747
926 1905
926 2106
926 2151
927 1205
927 1251
927 1674
927 2198
928 1500
928 1639
930 1154
930 1261
931 1212
931 1610
932 1692
932 1700
934 1164
934 1505
934 1764
934 2189
935 1633
935 2066
936 1130
936 1237
937 1258
937 1732
938 1057
939 1466
939 1775
940 1128
940 1157
940 1301
940 1725
940 1828
940 1912
940 2107
942 1174
942 1615
942 1720
943 1260
943 2045
944 1058
944 1884
945 1837
945 2077
945 2131
946 1116
946 1631
947 1374
947 1612
947 1615
948 983
948 1818
948 2004
949 1036
950 1689
951 1568
951 2039
952 1259
952 1591
952 1648
952 2059
953 1426
953 1527
954 1286
954 1587
954 2113
955 1220
955 1608
956 1505
956 1636
956 1712
956 1959
956 1997
956 2088
957 2009
958 1225
958 1501
958 1540
958 1797
958 1946
958 2173
959 1662
960 975
960 1208
960 1570
960 1748
960 1830
961 1063
961 1938
962 1868
963 2160
964 2084
965 1439
965 1730
965 1762
966 1074
966 1079
966 1477
966 1588
966 1971
967 1226
968 1126
968 1679
968 2078
969 1351
970 1119
970 2004
970 2034
971 1235
972 1732
973 1328
973 1490
973 2074
974 1478
974 1886
975 1360
976 1106
976 1207
977 1060
977 1876
977 1885
978 1629
978 1823
978 1904
979 1277
979 1964
980 1246
981 1319
981 1598
981 1689
982 1036
982 1236
983 1343
983 2063
984 1453
984 1560
985 1063
985 1811
985 1857
986 1428
986 1496
986 1693
986 1865
986 2176
987 1587
987 1868
987 2182
988 1482
988 1500
989 1038
989 1238
989 1340
989 1655
989 1943
989 1988
990 1018
990 1326
990 2139
991 1788
992 2004
993 1166
993 1230
993 1680
993 1694
994 1376
994 1496
994 1821
994 2108
995 1559
995 1721
996 1762
996 2190
997 1332
997 1489
997 1974
997 2026
997 2138
998 1639
998 2017
999 1239
1000 1039
1000 1231
1000 1571
1000 2089
1000 2164
1001 1246
1001 1426
1001 2132
1002 1808
1003 1057
1004 1201
1004 1217
1004 1434
1004 1452
1004 1507
1004 1840
1005 1268
1005 1557
1005 1570
1005 1586
1005 1999
1005 2049
1006 1456
1008 1433
1008 1470
1008 1878
1008 2042
1009 1713
1010 1631
1010 2182
1011 1186
1012 1122
1012 1202
1012 1447
1013 2086
1014 1144
1014 1228
1015 1471
1015 2032
1015 2116
1016 1206
1016 1366
1017 1908
1017 2174
1018 1261
1019 1059
1019 1224
1019 1341
1019 2048
1019 2143
1020 1132
1020 1258
1020 1488
1021 1215
1021 1460
1021 1585
1021 1630
1021 1929
1021 2130
1022 1502
1022 2197
1023 1621
1023 2022
1023 2092
1024 1639
1024 1869
1025 1071
1025 1310
1025 1412
1025 1435
1025 1776
1025 2087
1025 2143
1026 1178
1026 1355
1026 1809
1026 1846
1026 1993
1026 2146
1027 1087
1027 1100
1027 1765
1027 1890
1027 2142
1029 1057
1030 1229
1030 1566
1030 1595
1030 1802
1030 1914
1030 2069
1031 1086
1031 2132
1032 1377
1032 1488
1032 1700
1033 1089
1033 1954
1034 1101
1034 1728
1035 1439
1035 1897
1035 2183
1036 1430
1036 2180
1037 1177
1037 1606
1038 1104
1038 1774
1039 2039
1040 1270
1040 1334
1041 1372
1041 1624
1042 1165
1042 1365
1042 1742
1042 1864
1042 2119
1042 2163
1043 1870
1043 1940
1043 1966
1043 1989
1043 2097
1044 1597
1044 1692
1045 1094
1045 2037
1045 2174
1046 1319
1046 1510
1047 1804
1048 1736
1049 1171
1049 1287
1049 1394
1049 1614
1049 1968
1049 2042
1050 1086
1050 1426
1051 1805
1051 1897
1051 1942
1052 1852
1053 1495
1054 1956
1055 1257
1056 1186
1056 1510
1058 1654
1058 1717
1058 1958
1059 1275
1060 1395
1060 1530
1060 1716
1062 1147
1062 1508
1062 1585
1062 1778
1062 1898
1063 1109
1063 1327
1063 1336
1063 1501
1065 1172
1065 1439
1066 1341
1066 1836
1066 2084
1066 2087
1067 1250
1067 1476
1067 1970
1068 1302
1068 1331
1068 1514
1068 1528
1068 2054
1068 2089
1069 1228
1069 1279
1070 1334
1072 1794
1072 2193
1074 1348
1074 2111
1075 1584
1075 1826
1075 1828
1075 2100
1076 1286
1076 1709
1076 1774
1077 1114
1078 1201
1078 1300
1078 1637
1078 1773
1078 2124
1079 1170
1080 1329
1081 1269
1081 1720
1082 1096
1083 1270
1083 1335
1084 2051
1085 2057
1086 1655
1086 2020
1087 1982
1088 1822
1088 1897
1088 2140
1089 1412
1089 1658
1089 1864
1090 1411
1090 1600
1091 1309
1091 2067
1092 1385
1092 1852
1092 1945
1093 1144
1093 1468
1094 1124
1094 1380
1094 1483
1094 1991
1094 2031
1096 1914
1096 1915
1096 2119
1097 1288
1097 1551
1098 1119
1098 1710
1099 1783
1100 1581
1101 1131
1101 1315
1101 1892
1101 1921
1101 2003
1101 2148
1102 1216
1102 1543
1103 1357
1103 1834
1103 1855
1104 1283
1104 1541
1104 1851
1105 1734
1106 1133
1106 1647
1106 2007
1106 2188
1107 1167
1107 1585
1107 1687
1108 2165
1109 1759
1109 2006
1110 1275
1110 1867
1110 1986
1111 2067
1113 1616
1114 1388
1114 1530
1114 2082
1114 2135
1115 1134
1115 1140
1116 1809
1116 1909
1116 1995
1116 2116
1116 2159
1119 1860
1119 2026
1120 1173
1120 1284
1120 1756
1120 1819
1120 1934
1120 1937
1121 1620
1121 1934
1121 2179
1122 1206
1122 1638
1123 1172
1124 2019
1124 2140
1125 1896
1125 2039
1126 1814
1126 2165
1127 1811
1128 1498
1129 1155
1129 1469
1129 1523
1129 1830
1130 1702
1130 1843
1130 1969
1130 2021
1130 2091
1130 2158
1132 1281
1132 1282
1132 1444
1132 1829
1133 1640
1133 1884
1134 1452
1134 1744
1134 2173
1136 1155
1136 1243
1136 1324
1136 1953
1137 1218
1137 2134
1138 1236
1138 1360
1139 1387
1140 1747
1140 2030
1140 2076
1141 1784
1141 1796
1142 2006
1143 1391
1143 1639
1144 1574
1144 1665
1144 1863
1144 1999
1144 2093
1145 1206
1145 1441
1146 1568
1147 1731
1148 2165
1149 1822
1149 1869
1150 2157
1151 1396
1151 1455
1151 1547
1151 1756
1151 1961
1152 1338
1152 1388
1152 1398
1152 1413
1152 1687
1152 2154
1153 1277
1153 1502
1154 1379
1154 1691
1154 1694
1154 1758
1154 1922
1155 1186
1156 1556
1156 1730
1156 1795
1157 1527
1158 1207
1160 1938
1161 1568
1162 1278
1162 1488
1163 1334
1163 1567
1163 2122
1164 1363
1164 2128
1165 1981
1166 1220
1167 1615
1169 1216
1169 1964
1170 1798
1170 1925
1171 1352
1171 2023
1172 1229
1172 1290
1172 1855
1173 1454
1174 1358
1174 1588
1174 1827
1175 1360
1176 1516
1177 1438
1177 1623
1177 1690
1177 2191
1178 1847
1179 1296
1179 2117
1180 1261
1180 1987
1181 1783
1181 2066
1181 2102
1183 1218
1184 1568
1185 1533
1185 1667
1186 1400
1186 2141
1187 1269
1188 1736
1189 1661
1189 1903
1189 2133
1190 1592
1190 1795
1190 2070
1191 1606
1192 1385
1192 1796
1193 1858
1194 2043
1195 1423
1195 1484
1195 2015
1196 1601
1196 1602
1197 1218
1197 1626
1198 1385
1199 1212
1199 1312
1199 1743
1200 1644
1200 1751
1202 1784
1202 1894
1203 1490
1203 1533
1203 1815
1204 1292
1204 1377
1204 1681
1205 1667
1206 1249
1206 1458
1206 1471
1207 1267
1207 1394
1207 1470
1207 1496
1208 2017
1209 1256
1209 1491
1210 1672
1211 1896
1212 1643
1212 1702
1212 1872
1212 1901
1213 1662
1213 1985
1214 1306
1214 1964
1215 1960
1216 1280
1216 1392
1216 1729
1216 1817
1216 1968
1217 1334
1218 1315
1218 1605
1218 2010
1218 2163
1219 1805
1219 1992
1220 1283
1220 1971
1221 1556
1221 1945
1222 1583
1222 1785
1222 1864
1222 2177
1222 2194
1224 2193
1226 1393
1226 1806
1226 1948
1227 1805
1227 1908
1228 1243
1228 1284
1228 1708
1228 2187
1229 1942
1230 1499
1230 2122
1231 1237
1231 1500
1232 1612
1232 1907
1233 1593
1233 1795
1233 2190
1234 1582
1235 1322
1235 1368
1235 1414
1235 1865
1236 1419
1236 1433
1236 1848
1236 1984
1237 1418
1238 2113
1239 1271
1239 1576
1239 1816
1240 1609
1240 1805
1241 1464
1241 1814
1242 1495
1242 1597
1242 1631
1243 1886
1244 2045
1244 2122
1245 1728
1245 1858
1245 1987
1246 1248
1246 1437
1246 1917
1246 1988
1247 1545
1247 1759
1247 1941
1248 1482
1248 2070
1249 1337
1249 1978
1250 1986
1251 1539
1251 1814
1252 1759
1252 1954
1253 1510
1253 1811
1254 1299
1254 1306
1254 1713
1255 1500
1256 1343
1256 1855
1256 1862
1256 1902
1256 1940
1257 1520
1257 1724
1257 2049
1257 2142
1258 1506
1258 1544
1258 2112
1260 2065
1260 2091
1261 1991
1261 2014
1261 2022
1262 1288
1263 1431
1263 1681
1263 1894
1264 1572
1264 1607
1264 1792
1264 2060
1265 1645
1266 1466
1267 1524
1268 1978
1269 1358
1270 1411
1270 1729
1270 1738
1270 1860
1270 2072
1271 1493
1272 1589
1272 1605
1272 1686
1273 1796
1274 1847
1275 1575
1275 1793
1275 1879
1275 2056
1276 1779
1276 2006
1277 1584
1277 2115
1278 1507
1278 1824
1278 1872
1279 1384
1279 1451
1279 1586
1280 1309
1281 1945
1282 2134
1283 1983
1285 1309
1285 1986
1285 2193
1286 1541
1286 1887
1286 1917
1286 2170
1286 2186
1287 2004
1288 1294
1288 1494
1288 1657
1288 1718
1289 1462
1289 1611
1289 1632
1292 1340
1292 1512
1292 1735
1292 2061
1292 2186
1293 1711
1294 1567
1295 1332
1295 1739
1295 1761
1295 1993
1295 2085
1296 1793
1296 1798
1296 2147
1297 1406
1297 2171
1298 1486
1298 1669
1298 1791
1298 2151
1298 2186
1299 1764
1299 2001
1301 1609
1301 2157
1303 1554
1303 1716
1303 1914
1303 2058
1304 1319
1304 1374
1305 1784
1305 2120
1306 1445
1306 1520
1307 1497
1307 1580
1308 1612
1308 1705
1308 1769
1309 1966
1309 1997
1310 1628
1310 1907
1311 1466
1311 1869
1311 1926
1312 1746
1312 1787
1314 1448
1314 1470
1314 1712
1314 1729
1314 1996
1314 2002
1314 2082
1316 1982
1317 1366
1317 1549
1319 1766
1319 2098
1319 2143
1320 1682
1320 1715
1321 1373
1322 1567
1323 1755
1323 2034
1324 1497
1325 1799
1325 1860
1326 1374
1327 1755
1328 1350
1328 1463
1328 1665
1328 1930
1328 2081
1329 1528
1329 1685
1329 1882
1329 1961
1329 2096
1329 2192
1330 1363
1330 1497
1330 1804
1333 1796
1333 2111
1334 1414
1334 1577
1334 2008
1335 1620
1335 1923
1337 1691
1337 2142
1338 1868
1338 1963
1339 1400
1339 1690
1339 1792
1339 2040
1340 1751
1342 1448
1342 1614
1342 2026
1342 2063
1344 1348
1346 1616
1346 1689
1347 2086
1348 1654
1349 1645
1349 1755
1350 1667
1351 1611
1351 1829
1351 1936
1352 1395
1352 1398
1352 1531
1352 1536
1352 2012
1353 1555
1355 1784
1356 1602
1356 1610
1357 1478
1357 2017
1359 2068
1359 2075
1360 1455
1360 1546
1362 1794
1362 1942
1363 1405
1363 1438
1363 1666
1363 1776
1364 1867
1365 2134
1366 1501
1366 1861
1366 2030
1367 1457
1367 1509
1367 1770
1367 1849
1368 1499
1368 2171
1369 1478
1370 1660
1370 1740
1370 1873
1370 1895
1370 1924
1370 2130
1371 1480
1372 1567
1373 1480
1374 1698
1374 1806
1374 2133
1375 1408
1375 1443
1375 1832
1375 2154
1376 1711
1376 1795
1377 1404
1377 2138
1377 2181
1378 1804
1378 1896
1378 2193
1379 1441
1381 1573
1381 1787
1381 1998
1381 2133
1382 1871
1383 1420
1383 1732
1384 2067
1385 1449
1385 2114
1386 2017
1386 2086
1387 1447
1387 1935
1387 1967
1388 1825
1389 1774
1390 1625
1390 1782
1390 2080
1390 2100
1391 1561
1391 2021
1391 2027
1391 2167
1393 1626
1394 2024
1396 1640
1396 2024
1397 1425
1397 1811
1399 1461
1399 1880
1401 1938
1402 1631
1404 1426
1406 1408
1406 1790
1407 1495
1409 2006
1410 1774
1410 1982
1413 1711
1413 2095
1415 1488
1416 1487
1416 1762
1416 2036
1418 1511
1419 1868
1420 1653
1420 1957
1420 2072
1420 2124
1420 2179
1421 1609
1421 1759
1423 1692
1423 1711
1424 1488
1425 1442
1425 1862
1426 2099
1427 1497
1428 2122
1429 1580
1429 1769
1429 1888
1430 1555
1431 1514
1431 1604
1433 2025
1434 1612
1434 1633
1435 1468
1435 1612
1436 1551
1436 2117
1436 2156
1437 1593
1437 1983
1439 1566
1439 1786
1440 1779
1440 2057
1441 1823
1442 1626
1444 1734
1446 1759
1446 1927
1447 1610
1450 1871
1450 2057
1451 1777
1453 1981
1453 2051
1454 1476
1454 1723
1456 1673
1456 1812
1456 1843
1457 2025
1459 1497
1459 1662
1459 1891
1460 1633
1462 1884
1463 1626
1464 1481
1464 1619
1464 2047
1464 2114
1465 1563
1465 1700
1465 2095
1466 1724
1466 2115
1467 1522
1467 1816
1467 1841
1467 2001
1468 1844
1468 2005
1468 2029
1468 2081
1468 2129
1469 1644
1469 2132
1471 1973
1472 1945
1472 2111
1473 1794
1474 1581
1474 1582
1475 2183
1476 1804
1477 1545
1477 1876
1478 1586
1478 2046
1479 1581
1480 1625
1480 1810
1481 1681
1484 1730
1485 1556
1485 1734
1486 2156
1487 1648
1487 1749
1487 1837
1488 1789
1489 1811
1491 1621
1491 1758
1492 2066
1493 1522
1493 2064
1494 1543
1495 1669
1497 1977
1498 1924
1498 2059
1498 2073
1499 1780
1499 2018
1500 1578
1500 1827
1502 1733
1503 1814
1503 2025
1504 1888
1504 2122
1504 2171
1505 2095
1506 1610
1509 2165
1510 1909
1510 2044
1510 2062
1511 1669
1511 1763
1511 1862
1512 1532
1513 1941
1515 1743
1515 2009
1516 1697
1517 1884
1518 1815
1518 1822
1518 2057
1519 2095
1521 2102
1523 2156
1524 1562
1524 1714
1524 2029
1525 1705
1525 1987
1525 2066
1527 1599
1527 2027
1528 1743
1529 1613
1529 2019
1531 1885
1532 1546
1532 1839
1532 2044
1532 2065
1532 2141
1533 2052
1533 2188
1534 1677
1537 1960
1538 1606
1539 1651
1539 1920
1539 2155
1540 1659
1541 2160
1543 1605
1543 1636
1543 1778
1543 2013
1545 1747
1545 1797
1545 2058
1548 1883
1548 2154
1549 1642
1549 1726
1550 1927
1551 1893
1551 1903
1552 2037
1554 1981
1555 1599
1555 2062
1555 2166
1556 1773
1556 1799
1558 1700
1559 1926
1560 1973
1560 2134
1562 1963
1563 1821
1563 1883
1563 1911
1563 1933
1564 2023
1565 2009
1565 2197
1566 1794
1567 1719
1567 1770
1567 1972
1569 1942
1569 2183
1570 1886
1571 2009
1572 1732
1573 1626
1575 1954
1576 2075
1578 1615
1578 1926
1579 1869
1579 2074
1580 1837
1580 2018
1581 1757
1581 2114
1582 2033
1582 2105
1582 2107
1587 2106
1590 1868
1593 1661
1593 1748
1593 1750
1594 1856
1594 2122
1595 2009
1597 1846
1597 2011
1597 2177
1597 2196
1598 1607
1598 1793
1598 2196
1599 2182
1600 1728
1600 2000
1601 1763
1601 1918
1601 2021
1602 1877
1603 2067
1606 1989
1608 1833
1608 1844
1608 1853
1608 2119
1608 2161
1609 1676
1609 1988
1609 2008
1610 2032
1614 1857
1615 1906
1616 1630
1616 1663
1616 1966
1616 2073
1617 1812
1617 1872
1617 1969
1618 1752
1618 2183
1619 1627
1620 1788
1622 1982
1622 2160
1623 2066
1626 2013
1627 1881
1627 1890
1627 1930
1627 1947
1628 2005
1630 1779
1631 1634
1631 1739
1632 1932
1632 2190
1633 2029
1633 2168
1635 1647
1635 1790
1635 1838
1635 1925
1635 2112
1637 1867
1638 1863
1638 2178
1639 1841
1640 1829
1640 1878
1640 2162
1641 1684
1641 1877
1641 1955
1641 2158
1644 1697
1644 1727
1644 1791
1644 1931
1645 1889
1645 2141
1645 2166
1646 1659
1646 1734
1648 1689
1649 1960
1652 2128
1654 1954
1656 1868
1657 2128
1659 1693
1659 2076
1660 1667
1662 1820
1662 1833
1662 2083
1664 2183
1665 1907
1667 1803
1667 1928
1670 1817
1671 1720
1672 1853
1672 1946
1673 1743
1675 1755
1677 1761
1677 1839
1677 2170
1679 2025
1680 1731
1681 2164
1682 2009
1685 1871
1687 2024
1689 1836
1689 1975
1689 1990
1692 1832
1692 1911
1693 1945
1695 1777
1695 1954
1696 1963
1697 1857
1700 1972
1700 2055
1703 1775
1704 1938
1707 2132
1707 2156
1708 1804
1709 1918
1709 1943
1710 1712
1710 1957
1710 1968
1711 2071
1713 2115
1714 1768
1720 2010
1721 1908
1721 2174
1723 2068
1725 1759
1727 2117
1728 2179
1730 2131
1731 2014
1731 2145
1732 1798
1732 1923
1735 2132
1736 1826
1736 1950
1736 2027
1740 1908
1741 2019
1742 1941
1743 1843
1743 2052
1748 2019
1750 1857
1751 2170
1752 1895
1754 2036
1755 1974
1755 2062
1756 2075
1757 1982
1759 2043
1760 1822
1760 2067
1762 1935
1763 2023
1767 1825
1768 1801
1769 1772
1769 1780
1769 2031
1769 2138
1771 2024
1771 2025
1774 2033
1774 2035
1776 2074
1777 1807
1777 1853
1777 1912
1777 2010
1777 2056
1777 2103
1779 1800
1779 2150
1780 2036
1782 1985
1783 1842
1783 2129
1784 1889
1785 1857
1785 2156
1786 1805
1788 1892
1788 2198
1789 1896
1789 2039
1790 1926
1791 1992
1792 2120
1794 1902
1794 2153
1795 1832
1795 2189
1796 1995
1796 2121
1799 2095
1801 2095
1802 1876
1802 1981
1803 1808
1805 2199
1808 1870
1811 2166
1811 2195
1813 1868
1814 2079
1815 1989
1817 2095
1818 2104
1818 2162
1819 2127
1820 1888
1820 1978
1821 1852
1824 2134
1825 1913
1825 1951
1825 2012
1827 1983
1828 1982
1831 1847
1833 1907
1835 1858
1838 1954
1839 2132
1845 2140
1847 1951
1847 1967
1848 2024
1848 2165
1852 2110
1856 1881
1856 2093
1857 1996
1858 1944
1861 1982
1863 2045
1866 1945
1867 1870
1871 1913
1871 2139
1871 2150
1873 2074
1874 1891
1875 1908
1875 2140
1876 1915
1876 2151
1880 2171
1882 2009
1884 1925
1884 1934
1884 2175
1886 1912
1886 1952
1890 2045
1891 2080
1891 2152
1892 1987
1893 1992
1894 1904
1894 1949
1894 2116
1894 2137
1899 2057
1900 1927
1900 2157
1907 2168
1907 2169
1908 2136
1919 2182
1922 1960
1926 2053
1927 1958
1927 2056
1928 2074
1929 2074
1932 2063
1938 1994
1938 2078
1942 1955
1942 2065
1942 2131
1943 2160
1949 1981
1952 2057
1954 1976
1956 2028
1956 2118
1960 2145
1963 1979
1963 2110
1964 1990
1964 1997
1965 2045
1971 2171
1973 2093
1976 2157
1977 1985
1981 2172
1983 2020
1986 2050
1986 2087
1986 2098
1987 2085
1987 2191
1992 2035
1993 2182
1994 2113
1994 2132
1995 2120
1996 2004
2000 2103
2000 2161
2002 2024
2006 2038
2006 2106
2008 2102
2015 2070
2015 2190
2016 2113
2019 2046
2020 2070
2023 2082
2025 2126
2028 2171
2034 2085
2036 2077
2036 2104
2038 2157
2046 2070
2047 2111
2051 2164
2054 2197
2067 2150
2068 2175
2068 2187
2071 2113
2078 2182
2086 2192
2089 2102
2099 2117
2099 2183
2105 2160
2117 2199
2121 2193
2123 2156
2134 2178
2136 2183
2144 2193
2162 2190
2177 2190
