176 384
0 30
0 132
0 162
1 26
1 61
1 129
2 19
2 50
2 60
2 63
2 67
2 85
2 91
2 153
3 142
3 169
3 175
4 28
4 30
4 59
5 41
5 66
5 92
6 135
6 143
6 164
7 42
7 59
7 88
8 13
8 24
8 47
8 57
8 118
8 121
8 138
8 150
9 11
9 40
9 94
10 66
10 164
10 165
11 39
11 48
11 56
11 65
11 89
11 102
11 122
12 66
12 93
12 143
13 42
13 94
14 26
14 42
14 78
15 53
15 93
15 151
16 29
16 36
16 92
17 52
17 105
17 109
17 124
17 128
17 140
17 145
17 166
18 29
18 132
18 169
19 23
19 30
20 53
20 162
20 164
21 30
21 36
21 79
22 24
22 74
22 90
22 91
22 107
22 133
22 148
22 167
23 31
23 34
23 47
23 73
23 98
23 136
23 155
24 143
25 59
25 84
25 88
26 27
26 60
26 71
26 114
26 139
26 141
27 92
27 135
28 38
28 100
28 109
28 114
28 122
28 131
28 147
29 31
29 38
29 91
29 104
29 116
29 161
30 95
30 108
30 112
30 148
31 129
32 92
32 143
32 156
33 54
33 67
33 70
33 97
33 100
33 125
33 133
33 155
34 44
34 49
35 93
35 135
35 165
36 54
36 81
36 86
36 110
36 111
36 117
37 46
37 60
37 65
37 86
37 96
37 100
37 128
37 157
38 77
39 84
39 93
40 96
40 108
40 125
40 141
40 146
40 161
40 166
41 46
41 55
41 134
41 144
41 146
41 147
41 153
42 50
42 55
42 103
42 113
42 126
43 75
43 89
43 118
43 124
43 137
43 141
43 147
43 149
44 63
44 87
44 89
44 105
44 107
44 126
44 130
45 69
45 94
45 135
46 129
47 165
48 142
48 164
49 82
49 101
49 113
49 121
49 154
49 160
49 167
50 151
51 64
51 68
51 73
51 90
51 103
51 123
51 149
51 154
52 61
52 77
53 55
53 57
53 87
53 139
53 154
53 173
54 66
56 151
56 175
57 88
58 78
58 151
58 164
59 101
59 102
59 128
59 160
59 161
61 81
61 102
61 125
61 131
61 153
61 170
62 77
62 88
62 142
63 163
64 94
64 163
65 77
66 71
66 106
66 115
66 117
67 119
68 169
68 175
69 70
69 95
69 104
69 106
69 115
69 157
69 170
70 135
71 79
72 77
72 88
72 163
73 143
74 119
74 174
75 142
75 162
76 84
76 92
76 119
77 82
77 108
77 113
78 120
78 121
78 123
78 130
78 134
78 158
79 83
79 104
79 144
79 159
79 168
79 172
80 84
80 162
80 175
81 165
82 84
83 119
83 143
84 137
84 140
84 159
85 156
85 174
86 143
87 164
88 98
88 107
88 123
90 165
92 95
92 99
92 127
93 120
93 130
93 145
93 173
94 109
94 112
94 116
94 117
96 174
97 129
97 156
98 151
99 142
99 156
101 142
103 132
105 175
106 132
110 132
110 135
111 135
111 174
112 169
114 175
115 174
116 162
118 169
119 127
119 152
119 155
119 168
120 162
122 132
124 151
126 129
127 165
129 148
129 152
129 171
131 174
132 150
132 166
133 156
134 163
135 144
136 156
136 174
137 169
138 162
138 175
139 163
140 164
142 145
142 168
143 170
146 175
149 162
150 163
151 167
151 171
152 174
156 159
156 172
157 165
158 164
158 169
160 163
163 171
165 172
169 173
