2464 5376
0 100
0 189
0 1600
1 446
1 1990
1 2341
2 46
2 422
2 715
2 939
2 1130
2 1337
2 1476
2 2166
3 444
3 1086
3 1759
4 14
4 626
4 710
5 139
5 957
5 1883
6 119
6 155
6 240
7 228
7 249
7 538
7 575
7 847
7 1625
7 2055
7 2362
8 84
8 161
8 179
8 719
8 931
8 1571
8 1831
8 1877
9 308
9 1999
9 2036
10 1842
10 2222
10 2312
11 333
11 527
11 1050
11 1245
11 1392
11 1464
11 1873
11 2324
12 374
12 722
12 859
12 1373
12 1386
12 1452
12 1593
12 1873
13 977
13 1120
13 1241
14 867
14 1025
14 1302
14 1388
14 1791
14 2228
14 2267
15 651
15 1795
15 2081
16 808
16 1787
16 1966
17 588
17 2031
17 2383
18 404
18 794
18 1452
18 1935
18 2103
18 2133
18 2251
18 2451
19 142
19 618
19 897
19 1659
19 1790
19 1914
19 2093
19 2309
20 1032
20 1676
20 1769
21 192
21 707
21 930
21 1048
21 1302
21 1805
21 2191
21 2264
22 1208
22 1400
22 1796
23 1752
23 2006
23 2233
24 324
24 948
24 1787
25 357
25 641
25 1190
26 1217
26 1402
26 1709
27 1468
27 1548
27 2067
28 278
28 1080
28 2196
29 192
29 497
29 630
29 1013
29 1157
29 1185
29 1308
29 1863
30 1431
30 2052
30 2342
31 235
31 1309
31 1473
31 1923
31 2213
31 2221
31 2300
31 2387
32 789
32 1573
32 1728
32 1821
32 1897
32 1989
32 2135
32 2188
33 1105
33 2167
33 2438
34 1018
34 1044
34 1300
34 1363
34 1369
34 1525
34 1979
34 2187
35 1819
35 1867
35 2296
36 1239
36 2117
36 2224
37 108
37 184
37 1018
37 1050
37 1115
37 1209
37 1252
37 1450
38 421
38 574
38 2081
39 1470
39 1960
39 2143
40 1190
40 1400
40 1577
41 559
41 1339
41 2419
42 1904
42 2077
42 2091
43 146
43 799
43 2268
44 603
44 1061
44 1682
45 51
45 407
45 975
45 1423
45 1551
45 1823
45 2390
45 2422
46 104
46 846
47 378
47 1976
47 2290
48 71
48 253
48 632
49 472
49 1000
49 1598
50 178
50 473
50 2068
51 608
51 799
52 574
52 1752
52 2070
53 357
53 1441
53 1671
54 531
54 687
54 2401
55 437
55 1187
55 1798
56 109
56 595
56 787
56 886
56 990
56 1244
56 1425
56 2284
57 513
57 2076
57 2121
58 602
58 1695
58 2161
59 153
59 290
59 345
60 189
60 1414
60 1841
61 472
61 493
61 598
62 472
62 529
62 1688
63 1107
63 1846
63 2009
64 345
64 1518
64 2075
65 1012
65 2233
65 2402
66 604
66 646
66 2186
67 246
67 594
67 748
67 775
67 1192
67 1419
67 1535
67 1827
68 346
68 357
68 730
69 148
69 435
69 1665
70 1008
70 1144
70 1264
71 226
71 760
71 878
71 1530
71 1884
71 2215
71 2247
72 131
72 837
72 856
72 905
72 1291
72 1644
72 2142
72 2255
73 764
73 904
73 1421
74 1339
74 1834
74 2342
75 273
75 984
75 2091
76 390
76 766
76 886
76 943
76 947
76 1507
76 1710
76 2128
77 91
77 524
77 696
77 1211
77 1805
77 1856
77 2223
77 2367
78 136
78 281
78 771
78 1010
78 1490
78 2238
78 2307
78 2358
79 92
79 1049
79 1118
79 1393
79 1495
79 1527
79 1864
79 2079
80 206
80 213
80 713
80 934
80 1197
80 1437
80 1877
80 2004
81 398
81 1402
81 1999
82 1655
82 2331
82 2348
83 309
83 1849
83 2354
84 1699
84 2401
85 632
85 1990
85 2276
86 104
86 984
86 2193
87 319
87 412
87 865
87 1628
87 1667
87 1793
87 1923
87 2013
88 304
88 339
88 1039
88 1608
88 2035
88 2053
88 2301
88 2347
89 330
89 784
89 1063
90 285
90 473
90 1164
91 626
91 1949
92 260
92 1632
93 1402
93 1949
93 2361
94 223
94 658
94 1883
95 219
95 862
95 964
95 1033
95 1091
95 1357
95 1371
95 1607
96 355
96 807
96 815
96 956
96 1145
96 1324
96 1702
96 1982
97 633
97 727
97 2008
98 125
98 244
98 1616
99 800
99 1273
99 2212
100 215
100 786
100 1285
100 1519
100 1647
100 2039
100 2235
101 145
101 575
101 597
101 831
101 1067
101 1456
101 1730
101 2114
102 148
102 2009
102 2298
103 1204
103 1741
103 2424
104 582
104 692
104 1678
104 1855
104 2260
104 2397
105 756
105 1341
105 2094
106 635
106 658
106 2398
107 628
107 686
107 778
107 915
107 954
107 1272
107 1737
107 1801
108 834
108 1854
109 842
109 2342
110 471
110 1158
110 1431
111 440
111 471
111 691
112 1052
112 1750
112 1987
113 1068
113 2095
113 2442
114 141
114 1711
114 1967
115 347
115 1621
115 2456
116 757
116 784
116 965
117 583
117 738
117 824
117 1283
117 1480
117 1811
117 1839
117 1852
118 569
118 1368
118 2392
119 395
119 951
119 1033
119 1042
119 1423
119 1626
119 2107
120 646
120 1550
120 1697
121 949
121 1513
121 1688
122 817
122 1110
122 1230
122 1703
122 2168
122 2184
122 2283
122 2285
123 720
123 896
123 899
123 1197
123 1365
123 1540
123 1761
123 1940
124 1431
124 1467
124 2317
125 145
125 164
125 289
125 613
125 1871
125 2160
125 2432
126 901
126 2054
126 2092
127 644
127 1017
127 2316
128 1021
128 2042
128 2288
129 189
129 581
129 1156
130 332
130 394
130 920
130 1038
130 1215
130 1324
130 2101
130 2110
131 543
131 1175
132 302
132 351
132 1123
133 635
133 1334
133 2159
134 294
134 734
134 2338
135 207
135 258
135 875
135 882
135 1177
135 1603
135 1696
135 2004
136 606
136 891
137 1353
137 1621
137 1632
138 1987
138 2186
138 2338
139 652
139 1099
139 1238
139 1667
139 1691
139 1916
139 2242
140 457
140 1430
140 1547
140 1751
140 1893
140 2100
140 2148
140 2283
141 229
141 282
141 672
141 1051
141 1764
141 2344
141 2434
142 299
142 1920
143 154
143 2095
143 2383
144 2026
144 2037
144 2288
145 723
146 196
146 329
146 1384
146 1776
146 1828
146 1992
146 2038
147 212
147 540
147 1042
147 1056
147 1192
147 1435
147 1564
147 2050
148 307
148 459
148 898
148 914
148 1351
148 2148
149 168
149 1760
149 2054
150 796
150 858
150 1679
151 204
151 999
151 2216
152 446
152 649
152 2337
153 305
153 620
153 670
153 767
153 798
153 1778
153 1944
154 779
154 788
154 1046
154 1523
154 1565
154 1748
154 1935
155 386
155 566
155 748
155 996
155 1859
155 2022
155 2377
156 183
156 1368
156 2382
157 473
157 1132
157 2025
158 723
158 1734
158 2441
159 640
159 1948
159 2143
160 273
160 724
160 1146
161 285
161 1481
162 2222
162 2398
162 2456
163 175
163 1066
163 1163
163 1454
163 1480
163 1728
163 2174
163 2254
164 518
164 1223
165 1334
165 2080
165 2207
166 351
166 1297
166 2342
167 2304
167 2388
167 2431
168 430
168 671
168 1299
168 1497
168 1869
168 2010
168 2409
169 275
169 568
169 716
169 1006
169 1260
169 1529
169 1590
169 2451
170 493
170 1637
170 2388
171 789
171 1113
171 1531
171 1640
171 1755
171 1852
171 2002
171 2064
172 223
172 257
172 1232
173 687
173 1536
173 1660
174 1854
174 1876
174 2078
175 764
175 1520
176 253
176 1021
176 1513
177 315
177 513
177 1107
178 470
178 578
178 866
178 1137
178 1392
178 2178
178 2246
179 473
179 1574
180 640
180 1744
180 2354
181 1297
181 1957
181 2190
182 1451
182 1513
182 1954
183 252
183 317
183 460
183 601
183 1511
183 1557
183 2358
184 315
184 1109
185 548
185 651
185 751
186 229
186 917
186 1038
186 1082
186 1507
186 2286
186 2326
186 2412
187 469
187 1204
187 2139
188 949
188 2094
188 2104
189 449
189 749
189 1089
189 1220
189 1583
190 999
190 1273
190 1448
191 813
191 1197
191 1206
191 1628
191 1981
191 1986
191 2249
191 2336
192 1205
193 603
193 1364
193 2342
194 1208
194 1297
194 2398
195 473
195 1448
195 1928
196 697
196 942
197 300
197 1096
197 1132
198 753
198 784
198 1798
199 1553
199 1612
199 2091
200 278
200 838
200 1312
201 572
201 717
201 1193
201 1626
201 1771
201 1814
201 2340
201 2378
202 362
202 1120
202 1457
203 787
203 981
203 1102
203 1315
203 1412
203 1634
203 1825
203 2439
204 297
204 515
204 638
204 674
204 1122
204 2272
204 2364
205 551
205 657
205 1842
206 1164
206 2401
207 1129
207 2224
208 260
208 1832
208 2461
209 633
209 1328
209 2042
210 1007
210 1370
210 1752
211 294
211 1317
211 1577
212 1093
212 1266
213 2291
213 2402
214 1101
214 1974
214 2031
215 948
215 1976
216 2163
216 2348
216 2425
217 514
217 678
217 703
217 1490
217 1516
217 1755
217 2021
217 2174
218 826
218 914
218 1279
218 1479
218 1611
218 1826
218 2116
218 2285
219 699
219 2056
220 1225
220 1553
220 2271
221 359
221 781
221 1174
221 1495
221 1702
221 1781
221 1962
221 1972
222 349
222 668
222 1124
223 242
223 420
223 704
223 876
223 1081
223 1880
224 346
224 1226
224 2067
225 250
225 1904
225 2321
226 1457
226 2351
227 1188
227 1331
227 1341
228 244
228 1213
229 1520
230 1217
230 1699
230 1721
231 949
231 1451
231 2245
232 450
232 495
232 2441
233 453
233 1124
233 1200
234 701
234 927
234 1057
234 1125
234 1794
234 1991
234 2047
234 2151
235 591
235 1883
236 871
236 1758
236 1789
237 1120
237 1976
237 2294
238 273
238 1562
238 2348
239 1586
239 1612
239 1688
240 540
240 819
240 853
240 1125
240 1428
240 1745
240 1958
241 516
241 619
241 690
241 747
241 1119
241 1336
241 2014
241 2231
242 244
242 640
243 883
243 920
243 1044
243 1150
243 1403
243 1569
243 1891
243 1988
244 417
244 1401
244 1418
244 1484
244 1657
245 552
245 870
245 2102
246 415
246 1798
247 822
247 1715
247 2060
248 405
248 1658
248 2405
249 552
249 1223
250 295
250 766
250 906
250 1372
250 1394
250 1900
250 2086
251 521
251 613
251 1033
251 1434
251 2010
251 2055
251 2189
251 2364
252 1842
252 1999
253 580
253 643
253 725
253 1587
253 1824
253 2108
254 406
254 440
254 1619
255 689
255 978
255 1482
255 1584
255 1657
255 1730
255 2297
255 2440
256 292
256 861
256 866
256 1140
256 1501
256 1903
256 1997
256 2279
257 275
257 441
257 556
257 825
257 1290
257 1866
257 1995
258 351
258 2262
259 581
259 663
259 1414
260 863
260 881
260 1037
260 1955
260 2156
260 2329
261 367
261 822
261 2293
262 756
262 832
262 2078
263 1246
263 1518
263 2193
264 634
264 846
264 2414
265 744
265 2245
265 2380
266 834
266 1798
266 2431
267 357
267 485
267 2097
268 1665
268 1819
268 1846
269 438
269 1142
269 1348
269 1412
269 1972
269 1982
269 2059
269 2176
270 659
270 880
270 1134
270 1159
270 1746
270 2261
270 2302
270 2410
271 342
271 353
271 463
271 554
271 560
271 614
271 1725
271 2256
272 708
272 1478
272 1544
272 1689
272 1703
272 1833
272 2119
272 2355
273 1070
273 2090
273 2211
273 2269
273 2381
274 1261
274 1708
274 1796
275 1298
276 281
276 458
276 774
276 1430
276 1761
276 1826
276 1865
276 2133
277 1552
277 1836
277 2298
278 1279
278 1365
278 1779
278 2100
278 2238
278 2251
279 972
279 1427
279 2316
280 1426
280 1665
280 2288
281 838
282 1011
282 2097
283 1671
283 1688
283 2370
284 799
284 1841
284 2435
285 322
285 326
285 592
285 719
285 1475
285 1689
286 1205
286 1788
286 2138
287 1568
287 1673
287 1679
288 869
288 1632
288 1756
289 591
289 2216
290 537
290 742
290 1356
290 1496
290 1503
290 1778
290 1855
291 653
291 782
291 1004
291 1483
291 1571
291 1720
291 1888
291 1985
292 1232
292 2102
293 1190
293 1297
293 2124
294 448
294 595
294 1009
294 1319
294 1405
294 2282
295 1493
295 1990
296 602
296 808
296 1632
297 1273
297 2068
298 1317
298 1796
298 1987
299 337
299 380
299 814
299 837
299 1551
299 1996
299 2191
300 322
300 562
300 655
300 1171
300 1731
300 1814
300 1980
301 1187
301 2240
301 2304
302 568
302 676
302 679
302 1031
302 2305
302 2389
302 2429
303 1226
303 1416
303 2395
304 2196
304 2395
305 1697
305 1796
306 1008
306 1536
306 1905
307 1819
307 2036
308 399
308 563
308 1345
308 1497
308 1808
308 2051
308 2158
309 350
309 934
309 1005
309 1046
309 1534
309 1575
309 1784
310 421
310 2070
310 2293
311 949
311 1939
311 2341
312 729
312 860
312 1098
312 1669
312 1701
312 1864
312 2147
312 2206
313 1619
313 1774
313 2435
314 2036
314 2054
314 2382
315 682
315 740
315 848
315 1724
315 1969
315 2059
316 1380
316 1666
316 2316
317 2217
317 2320
318 1449
318 1950
318 2229
319 478
319 1673
320 1246
320 2078
320 2271
321 1813
321 2067
321 2321
322 1795
323 445
323 1939
323 2276
324 332
324 388
324 773
324 1178
324 1398
324 1532
324 2039
325 762
325 1090
325 1744
326 1164
326 1753
327 639
327 1063
327 2092
328 1513
328 1928
328 2095
329 552
329 1840
330 928
330 964
330 998
330 1432
330 1808
330 1893
330 2116
331 764
331 879
331 1400
332 2354
333 693
333 1890
334 1615
334 1921
334 2380
335 810
335 1255
335 1485
335 1675
335 1919
335 2153
335 2232
335 2275
336 1312
336 2046
336 2207
337 525
337 591
338 401
338 1515
338 1528
338 1738
338 2029
338 2062
338 2225
338 2407
339 346
339 1904
340 987
340 1379
340 2068
341 467
341 672
341 922
341 1194
341 1388
341 1805
341 1971
341 2151
342 834
342 924
343 581
343 942
343 2435
344 588
344 976
344 1017
345 594
345 1278
345 1377
345 1878
345 1958
345 2447
346 973
346 1077
346 1931
346 2366
346 2444
347 1229
347 1307
347 1366
347 1533
347 1653
347 1731
347 2107
348 693
348 1330
348 1451
349 1138
349 1215
349 1295
349 1361
349 1707
349 1742
349 1972
350 888
350 2442
351 1327
351 1539
351 1542
351 1704
351 2400
352 677
352 1596
352 2321
353 838
353 1536
354 591
354 640
354 2138
355 550
355 2443
356 1414
356 1588
356 1774
357 745
357 1082
357 1509
357 1908
358 493
358 801
358 1876
359 1832
359 2204
360 621
360 972
360 2121
361 1598
361 1686
361 1949
362 475
362 533
362 761
362 1166
362 1203
362 1417
362 2184
363 414
363 1621
363 1708
364 611
364 1283
364 1362
364 1583
364 1683
364 1843
364 2230
364 2421
365 961
365 1096
365 2330
366 663
366 723
366 2331
367 528
367 532
367 750
367 754
367 806
367 935
367 1404
368 481
368 570
368 1349
368 1554
368 1677
368 2187
368 2258
368 2318
369 840
369 1339
369 1586
370 604
370 753
370 1789
371 499
371 691
371 1921
372 551
372 945
372 1071
373 376
373 1468
373 1753
374 1080
374 2331
375 385
375 475
375 1010
375 1516
375 1535
375 1611
375 2148
375 2385
376 1247
376 1282
376 1333
376 1591
376 1856
376 1910
376 2228
377 1012
377 1414
377 2143
378 407
378 542
378 773
378 1006
378 1471
378 1714
378 1882
379 1334
379 1449
379 1705
380 1568
380 2094
381 569
381 1026
381 2091
382 1353
382 1382
382 1851
383 1190
383 1453
383 2346
384 1741
384 2037
384 2424
385 646
385 734
386 871
386 2164
387 427
387 644
387 1032
388 890
388 1120
389 1199
389 2052
389 2081
390 1697
390 1922
391 469
391 1032
391 1175
392 890
392 891
392 1234
393 406
393 552
393 888
394 2097
394 2399
395 525
395 2425
396 1722
396 1929
396 1952
397 446
397 1460
397 1474
398 877
398 1230
398 1376
398 1444
398 1475
398 1757
398 2406
399 1760
399 2092
400 980
400 1874
400 2441
401 1297
401 1722
402 697
402 1071
402 2104
403 1410
403 1459
403 1999
404 702
404 2442
405 442
405 576
405 771
405 1182
405 2113
405 2182
405 2325
406 1282
406 1320
406 1458
406 1793
406 2188
406 2426
407 1959
408 421
408 751
408 2293
409 891
409 972
409 1465
410 763
410 1990
410 2414
411 1225
411 2304
411 2373
412 1440
412 1568
413 1015
413 1175
413 2094
414 547
414 566
414 589
414 620
414 1435
414 2089
414 2349
415 438
415 459
415 848
415 1065
415 1432
415 1860
415 2420
416 1208
416 2193
416 2419
417 959
417 1851
418 445
418 699
418 2209
419 520
419 622
419 760
419 806
419 1314
419 1472
419 1589
419 2032
420 1152
420 1549
421 424
421 597
421 889
421 1800
421 2248
422 984
422 2117
423 801
423 1567
423 1709
424 488
424 1853
425 1743
425 2392
425 2395
426 1173
426 1328
426 1844
427 547
427 1037
427 1131
427 1489
427 1689
427 1757
427 2357
428 843
428 2024
428 2330
429 1109
429 1851
429 2462
430 684
430 706
431 658
431 727
431 1326
432 1353
432 1967
432 2461
433 764
433 901
433 2024
434 730
434 2346
434 2408
435 593
435 737
435 866
435 986
435 1304
435 1429
435 2436
436 1921
436 2034
436 2056
437 519
437 554
437 698
437 994
437 1072
437 1098
437 1209
438 965
439 1094
439 1588
439 1749
440 532
440 792
440 916
440 1344
440 1502
440 2135
441 1596
441 2441
442 2296
442 2388
443 1076
443 1759
443 2025
444 909
444 1045
444 1464
444 1808
444 2011
444 2111
444 2243
445 885
445 998
445 1170
445 1245
445 2051
445 2417
446 579
446 1143
446 1265
446 1354
446 2357
447 1058
447 1264
447 2121
448 1052
448 1767
449 1874
449 2331
450 567
450 630
450 722
450 903
450 1290
450 1868
450 2345
451 958
451 2331
451 2402
452 972
452 1011
452 2080
453 803
453 1355
453 1576
453 1644
453 1911
453 1993
453 2379
454 1105
454 1767
454 1987
455 838
455 992
455 1671
456 633
456 1849
456 2037
457 577
457 1548
458 2163
458 2402
459 2224
460 1071
460 1298
461 1071
461 2046
461 2320
462 550
462 893
462 1753
463 2058
463 2252
464 1695
464 2046
464 2290
465 494
465 710
465 1358
466 1246
466 2321
466 2373
467 632
467 2167
468 755
468 2338
468 2462
469 952
469 1354
469 1394
469 2079
469 2339
469 2459
470 1660
470 2026
471 486
471 571
471 629
471 1221
471 1933
471 2308
472 590
472 894
472 1078
472 1968
472 2463
473 747
473 1446
473 2108
474 702
474 723
474 1250
475 2186
476 678
476 839
476 962
476 988
476 1299
476 1432
476 1768
476 2165
477 1232
477 2207
477 2398
478 666
478 837
478 922
478 1117
478 1333
478 1991
478 2197
479 1213
479 1440
479 2441
480 621
480 1380
480 2395
481 2118
481 2348
482 559
482 887
482 2359
483 510
483 878
483 1411
483 1446
483 1461
483 1629
483 1947
483 2446
484 1621
484 1711
484 2167
485 1301
485 1733
485 1762
485 2019
485 2057
485 2199
485 2326
486 1816
486 1922
487 762
487 834
487 1187
488 526
488 676
488 1487
488 1529
488 1602
488 2200
488 2310
489 635
489 667
489 2209
490 717
490 773
490 1366
490 1399
490 1510
490 1514
490 1557
490 2310
491 977
491 1347
491 2359
492 1990
492 2000
492 2084
493 752
493 1272
493 1350
493 1428
493 2105
494 974
494 1125
494 1438
494 1599
494 1714
494 2122
494 2302
495 642
495 1081
495 1136
495 1218
495 1222
495 1260
495 1332
496 640
496 910
496 1326
497 591
497 1415
498 1164
498 1660
498 1699
499 580
499 895
499 1139
499 1329
499 1629
499 1875
499 2023
500 741
500 770
500 933
500 934
500 1506
500 1546
500 1826
500 2100
501 648
501 2112
501 2456
502 608
502 1763
502 2370
503 764
503 1786
503 1836
504 1090
504 1440
504 1815
505 1149
505 1246
505 1381
506 1318
506 1744
506 1928
507 652
507 1114
507 1306
507 1622
507 1845
507 1889
507 2049
507 2300
508 1146
508 1521
508 2078
509 1250
509 1341
509 1749
510 1253
510 1615
511 1676
511 1732
511 2139
512 977
512 1129
512 1339
513 821
513 1001
513 1040
513 1231
513 1542
513 2219
514 846
514 1063
515 987
515 1132
516 1200
516 1513
517 757
517 1092
517 2233
518 847
518 892
518 1103
518 1458
518 1828
518 2218
518 2244
519 924
519 1008
520 1756
520 2461
521 999
521 1379
522 834
522 1146
522 2048
523 1414
523 2009
523 2102
524 1000
524 1964
525 665
525 1053
525 1646
525 1700
525 1882
525 1906
526 641
526 822
527 649
527 2048
528 869
528 2077
529 558
529 615
529 778
529 812
529 1016
529 1342
529 2439
530 946
530 1225
530 1743
531 541
531 560
531 944
531 1413
531 1433
531 1971
531 2328
532 829
533 1261
533 1550
534 1213
534 2034
534 2316
535 647
535 2036
535 2277
536 987
536 999
536 1744
537 1795
537 2117
538 723
538 2070
539 574
539 822
539 1087
540 1346
541 840
541 1431
542 1453
542 2129
543 650
543 681
543 812
543 1790
543 1924
543 2047
543 2311
544 658
544 2102
544 2424
545 702
545 1792
545 1874
546 641
546 1929
546 2229
547 1521
548 592
548 655
548 971
548 1338
548 1595
548 1855
548 2448
549 694
549 824
549 927
549 950
549 967
549 1369
549 1925
549 2261
550 1215
550 1269
550 1643
550 1910
550 1912
550 2061
551 939
551 1055
551 2030
551 2083
551 2220
551 2333
552 912
552 970
552 1084
552 2432
553 999
553 1765
553 2097
554 2289
555 976
555 1101
555 1537
556 1410
556 1416
557 949
557 2289
557 2453
558 751
558 1957
559 709
559 760
559 1256
559 1622
559 1803
559 1938
560 1905
561 710
561 1402
561 1686
562 1328
562 1732
563 1665
563 2382
564 1021
564 1660
564 2025
565 606
565 2240
565 2296
566 1549
567 677
567 2399
568 2229
569 1083
569 1418
569 2114
569 2363
569 2365
569 2415
570 756
570 1734
571 585
571 1457
572 1346
572 2388
573 586
573 1250
573 1874
574 597
574 750
574 1202
574 1661
574 2444
575 1874
576 1422
576 2240
577 688
577 826
577 1166
577 1444
577 1478
577 1970
577 2270
578 1132
578 1318
579 1175
579 1676
580 1253
581 937
581 997
581 2062
581 2261
581 2332
582 1052
582 1096
583 879
583 1421
584 626
584 1792
584 2380
585 718
585 943
585 1288
585 1383
585 1781
585 1870
585 2281
586 736
586 1185
586 1738
586 1902
586 1935
586 2082
586 2352
587 598
587 1950
587 2031
588 700
588 805
588 1165
588 1526
588 1918
588 2044
589 840
589 1017
590 1092
590 1101
591 975
591 1099
591 2055
592 1176
593 2025
593 2424
594 1816
595 1796
596 808
596 2435
596 2461
598 954
598 1034
598 1142
598 1165
598 1447
598 2389
599 1379
599 1465
599 2216
600 842
600 1598
600 1709
601 1637
601 2290
602 828
602 936
602 1685
602 1821
602 2063
602 2332
603 660
603 1174
603 1539
603 1563
603 2322
603 2407
604 914
604 1203
604 1419
604 1443
604 1490
604 1547
605 1276
605 1917
605 1928
606 1191
606 1259
606 1636
606 1726
606 1881
606 2452
607 800
607 1188
607 1353
608 611
608 1005
608 1220
608 1906
608 2126
608 2265
609 858
609 893
609 1052
610 1368
610 1999
610 2046
611 663
612 1825
612 2035
612 2086
612 2162
612 2205
612 2210
612 2278
612 2328
613 957
614 724
614 2075
615 1722
615 2081
616 621
616 1213
616 1842
617 965
617 1109
617 2048
618 887
618 1957
619 1964
619 2383
620 1967
621 937
621 1438
621 1925
621 2202
621 2391
622 1087
622 2077
623 649
623 1007
623 2058
624 1239
624 1715
624 2163
625 870
625 1094
625 2143
626 673
626 815
626 926
626 1295
626 1396
627 1158
627 1600
627 2052
628 1512
628 1688
629 1585
629 2081
630 2398
631 687
631 843
631 1568
632 1051
632 1325
632 1461
632 1517
632 1663
633 955
633 1167
633 1300
633 2110
633 2273
634 1009
634 1066
634 1395
634 1640
634 1785
634 1809
634 1857
635 1511
635 1837
635 1994
635 2005
635 2307
636 924
636 1954
636 2453
637 1156
637 1774
637 2143
638 1854
638 2419
639 1145
639 1181
639 1294
639 1295
639 1299
639 1576
639 1930
640 662
640 1308
640 2003
641 1060
641 1186
641 1670
641 1714
641 2366
642 1596
642 1758
643 2026
643 2245
644 1143
644 1740
644 1857
644 2028
644 2098
644 2427
645 1071
645 1120
645 2222
646 1169
646 1747
646 2168
646 2185
646 2270
647 708
647 877
647 985
647 1566
647 1693
647 1978
647 2350
648 692
648 1243
648 1436
648 1503
648 1561
648 1980
648 2144
649 1043
649 1444
649 1450
649 1680
649 1703
650 1175
650 1512
651 981
651 1078
651 1564
651 1801
651 1859
651 2162
652 1562
653 1382
653 1952
654 949
654 1460
654 1624
655 1574
656 1410
656 2118
656 2402
657 781
657 1257
657 1383
657 2131
657 2169
657 2206
657 2266
658 850
658 1081
658 1866
658 1997
659 1380
659 2121
660 1190
660 2398
661 1330
661 1763
661 2442
662 1448
662 1984
663 1285
663 1601
663 1909
663 1927
663 2371
664 734
664 1851
664 1987
665 799
665 1196
666 1440
666 1679
667 737
667 835
667 1396
667 2027
667 2043
667 2336
667 2416
668 696
668 835
668 867
668 1145
668 1352
668 1360
668 2319
669 1273
669 1465
669 1744
670 1621
670 2164
671 2216
671 2438
672 2084
673 691
673 1250
674 887
674 1146
675 702
675 1266
675 2138
676 1449
677 748
677 1338
677 1895
677 2050
677 2287
677 2292
678 984
679 1872
679 2392
680 1513
680 2337
680 2380
681 1769
681 2094
682 755
682 2048
683 1149
683 1666
683 1780
684 695
684 792
684 925
684 935
684 1442
684 1875
684 2272
685 2159
685 2207
685 2405
686 924
686 1093
687 1051
687 1211
687 1302
687 1991
687 2396
688 2209
688 2361
689 1673
689 2070
690 2095
690 2245
691 983
691 1254
691 1352
691 1455
691 1943
692 1105
693 705
693 903
693 1462
693 1838
693 2103
693 2403
694 843
694 2257
695 795
695 2092
696 710
697 1020
697 1191
697 1407
697 2066
697 2113
697 2141
698 1674
698 2026
699 909
699 983
699 1029
699 1288
699 1329
699 1610
700 1092
700 1964
701 2024
701 2257
702 1515
702 1565
702 1690
702 1863
703 958
703 1999
704 727
704 1232
705 1080
705 2118
706 1066
706 1186
706 1931
706 2064
706 2265
706 2384
706 2445
707 1753
707 2253
708 1129
709 869
709 1965
710 1022
710 1362
710 1951
710 2072
711 1179
711 1520
711 1974
712 1763
712 1849
712 1984
713 1763
713 2288
714 1164
714 1318
714 1574
715 887
715 1208
716 1080
716 1645
717 2159
718 1816
718 2052
719 1318
720 1774
720 2233
721 1796
721 2293
721 2408
722 1552
723 1089
723 1902
723 1953
724 860
724 1030
724 1321
724 1680
724 1919
724 2085
725 1318
725 2289
726 832
726 1149
726 2316
727 740
727 919
727 1044
727 1099
727 1473
728 762
728 1124
728 1266
729 834
729 2026
730 780
730 809
730 1541
730 1617
730 1639
730 2071
731 1929
731 2060
731 2425
732 1954
732 2094
732 2204
733 1311
733 1750
733 1966
734 1203
734 1277
734 1505
734 1639
734 2065
735 793
735 1189
735 1289
735 1587
735 1613
735 1629
735 2066
735 2250
736 1109
736 2190
737 1732
738 891
738 1836
739 1200
739 2383
739 2442
740 992
741 2026
741 2042
742 1096
742 2456
743 799
743 869
743 1422
744 918
744 956
744 1009
744 1043
744 1265
744 1742
744 1943
745 1179
745 2408
746 1132
746 1619
746 1876
747 1744
749 1431
749 1787
750 1929
751 811
751 1202
751 1221
751 2404
751 2437
752 1695
752 2240
753 996
753 1296
753 1878
753 2050
753 2385
753 2420
754 1199
754 2372
755 897
755 1252
755 1690
755 1738
755 1978
755 2033
756 1251
756 1420
756 1644
756 1717
756 1799
757 848
757 1034
757 1102
757 1361
757 1702
757 2274
758 980
758 1223
758 1815
759 822
759 1920
759 2425
761 945
761 1816
762 775
762 1072
762 1294
762 1406
762 2420
763 979
763 1320
763 1558
763 1662
763 1981
763 2013
763 2416
764 967
764 1531
764 1683
765 1123
765 1364
765 1950
766 2080
767 1261
767 1577
768 1158
768 1297
768 1364
769 1061
769 1928
769 2212
770 1699
770 1763
771 1786
772 1152
772 1750
772 1756
774 1080
774 1416
775 784
776 919
776 985
776 1047
776 1141
776 1378
776 1498
776 1724
776 1802
777 841
777 1064
777 1526
777 1533
777 1814
777 2089
777 2360
777 2427
778 1451
779 888
779 1763
780 1223
780 1382
781 1922
782 1129
782 2359
783 1665
783 1999
783 2054
784 839
784 1351
784 1463
784 2059
785 1521
785 1619
785 2068
786 808
786 1152
787 1061
788 870
788 2212
789 2298
790 1682
790 1922
790 2312
791 1954
791 2289
791 2423
792 1087
793 1241
793 2037
794 1449
794 1645
795 929
795 1640
795 2126
795 2236
795 2254
795 2366
795 2409
796 797
796 844
796 993
796 1592
796 1793
796 1907
796 2336
797 1474
797 2414
798 1750
798 2112
799 1020
799 1314
799 2332
800 852
800 1287
800 1472
800 1530
800 1820
800 2049
801 1042
801 1377
801 1599
801 1794
801 2022
801 2433
802 1069
802 1071
802 1615
803 870
803 1250
804 1330
804 1470
804 1815
805 976
805 1068
806 2304
807 2337
807 2423
808 964
808 2074
808 2183
808 2459
809 1011
809 1974
810 984
810 1729
811 1512
811 1722
812 1769
813 1679
813 1741
814 2060
814 2462
815 1124
816 2092
816 2216
816 2414
817 1686
817 2209
818 1671
818 1711
818 2346
819 1101
819 1876
820 1008
820 1964
820 2076
821 2401
821 2423
822 2146
822 2179
822 2411
823 984
823 1063
823 1459
824 901
825 1449
825 2320
826 2056
827 1080
827 1449
827 2456
828 2139
828 2461
829 953
829 1122
829 1847
829 1861
829 2023
829 2409
829 2445
830 1146
830 1552
830 1876
831 1012
831 1400
832 1024
832 1723
832 1776
832 2007
832 2115
832 2166
833 1846
833 1948
833 2298
834 1180
834 1374
835 1427
836 846
836 946
836 2438
838 1257
838 1293
838 1413
838 1802
839 1162
840 1002
840 1127
840 1135
840 1570
840 2360
841 976
841 1780
842 1345
842 1437
842 1466
842 1603
842 1668
842 1773
843 853
843 922
843 1599
843 1924
843 2170
844 1086
844 1331
845 886
845 931
845 1151
845 1417
845 1669
845 1720
845 1747
845 2266
846 988
846 1070
846 1578
846 2153
847 1027
849 1721
849 1948
849 2277
850 2124
850 2207
851 1415
851 1588
851 1948
852 987
852 1917
853 2129
854 1518
854 1567
854 2252
855 1030
855 1050
855 1097
855 1155
855 1230
855 1265
855 1478
855 2171
856 949
856 2204
857 1106
857 2077
857 2373
858 970
858 1580
858 1591
858 2013
858 2135
858 2244
859 1330
859 1688
860 980
861 1732
861 1741
862 1213
862 1381
863 1637
863 1853
864 890
864 1076
864 2186
865 1741
865 2291
867 1949
868 992
868 1586
868 1905
869 1059
869 1305
869 1530
869 1775
870 1103
870 1397
870 2199
870 2234
871 876
871 1387
871 1435
871 1522
871 1955
871 2393
872 1756
872 1767
872 1966
873 1017
873 1381
873 1743
874 1223
874 1734
874 2317
875 1035
875 1364
876 1966
877 1347
878 2084
879 1510
879 1579
879 1934
879 2088
879 2187
879 2200
880 1460
880 2129
881 1086
881 1549
882 1467
882 1948
883 1767
883 1789
884 1234
884 1786
884 2294
885 1242
885 1759
887 1212
887 1445
887 1817
887 1820
888 1154
888 1373
888 1594
888 2244
888 2403
889 1370
889 2006
890 1277
890 1579
890 1605
890 1899
890 2016
891 1079
891 1182
891 1683
891 2314
892 1749
892 2102
893 1075
893 1117
893 1791
893 2045
893 2367
893 2426
894 1093
894 2289
895 1071
895 1872
896 1699
896 2291
897 1851
898 1107
898 1948
899 1012
899 1370
900 1451
900 1586
900 2370
901 923
901 932
901 1189
901 1497
901 1719
902 1414
902 1984
902 2095
903 2078
904 1322
904 1525
904 1677
904 1811
904 1963
904 2016
904 2310
905 1568
905 2253
906 1676
906 2330
907 1096
907 1709
907 2257
908 1426
908 1732
908 2424
909 1205
910 1083
910 1292
910 1694
910 1871
910 1880
910 2362
910 2440
911 1069
911 1334
911 1470
912 948
912 2373
913 1123
913 1246
913 2316
915 1000
915 1402
916 2052
916 2380
917 1465
917 1765
918 946
918 1987
919 965
920 1152
921 1426
921 1679
921 2291
923 1807
923 2060
924 1078
924 1112
924 1411
924 2108
925 1615
925 2431
926 1427
926 1901
927 2330
928 2034
928 2139
929 1453
929 2408
930 2138
930 2209
931 977
932 1242
932 1253
933 1021
933 2037
935 1960
936 942
936 1841
937 2024
938 1765
938 1813
938 2080
939 1298
940 1012
940 1421
940 2070
941 1101
941 1637
941 2240
942 989
942 1775
942 1906
942 2032
942 2422
943 1261
944 1493
944 2276
945 1004
945 1178
945 1605
945 2149
945 2175
945 2185
946 1319
946 1604
946 2028
946 2064
946 2254
947 1465
947 2097
948 1479
948 1733
948 1828
948 1893
948 2150
949 1112
950 2008
950 2425
951 2034
951 2216
952 1813
952 2330
953 1090
953 1379
954 1101
955 1152
955 2443
956 2453
957 1308
957 1473
957 1499
957 1551
957 1625
957 1700
958 1136
958 1293
958 1540
958 1995
958 2131
958 2450
959 1172
959 1292
959 1294
959 1564
959 1863
959 2082
959 2377
960 1032
960 1460
960 1990
961 1074
961 1243
961 1313
961 1377
961 1668
961 1736
961 1745
962 1124
962 2092
963 980
963 1674
963 2058
965 1252
965 1572
965 1810
965 2219
966 1190
966 1421
966 1796
967 1760
968 1017
968 1780
968 2031
969 1729
969 2067
969 2077
970 1330
971 2112
971 2117
972 1159
972 1642
972 2106
972 2239
973 1577
973 2293
974 1453
974 1705
975 2253
976 1133
976 1350
976 1850
976 2389
977 1545
977 1913
977 2175
977 2458
978 1026
978 1729
979 1086
979 1867
980 1111
980 1420
980 1953
980 2318
981 1493
982 1201
982 1521
982 2164
983 1615
984 1604
984 1785
985 1416
986 1204
986 1901
987 1255
987 1735
987 1938
987 2211
988 1459
989 2268
989 2373
990 1577
990 1987
991 1326
991 1549
991 1966
992 1810
992 1858
992 1945
992 2299
992 2350
993 1901
993 2291
994 1854
994 2048
995 1474
995 2084
995 2276
996 1019
997 1939
997 2190
998 2054
999 1507
999 1642
999 2314
1000 1439
1000 1543
1000 1713
1000 1799
1000 2267
1001 1264
1001 2395
1002 1536
1002 1600
1003 1058
1003 1660
1003 2423
1004 1241
1005 1612
1006 1334
1007 1030
1007 1560
1007 1652
1007 1800
1007 2249
1007 2292
1008 1321
1008 1374
1008 1413
1008 1650
1010 1459
1011 1054
1011 1480
1011 1531
1011 1887
1011 2286
1012 1573
1012 2063
1012 2130
1013 1788
1013 2209
1014 1624
1014 1841
1014 2190
1015 1016
1015 1057
1015 1263
1015 1291
1015 1914
1015 2017
1015 2170
1016 1175
1017 1731
1017 2096
1017 2378
1018 1311
1019 1153
1019 1192
1019 1595
1019 1652
1019 2073
1019 2313
1019 2345
1020 2373
1021 1098
1021 1180
1021 1947
1021 2178
1022 1853
1022 2129
1023 1715
1023 1920
1023 1929
1024 2373
1024 2399
1025 1553
1025 1964
1026 1161
1026 1476
1026 1716
1026 1768
1026 2007
1026 2447
1027 1111
1027 1219
1027 1238
1027 1638
1027 2071
1027 2387
1027 2432
1028 1141
1028 1376
1028 1858
1028 1926
1028 2033
1028 2306
1028 2355
1028 2457
1029 1199
1029 1922
1031 1092
1031 2031
1032 1043
1032 1155
1032 1390
1032 2194
1034 1370
1035 1118
1035 1183
1035 1704
1035 1804
1035 2066
1035 2147
1035 2249
1036 1173
1036 1431
1036 1536
1037 2296
1038 2321
1039 1537
1039 1612
1040 1660
1040 2453
1041 1241
1041 2186
1041 2294
1045 1921
1045 2209
1046 1330
1047 1061
1047 1264
1048 1427
1048 1686
1049 1627
1049 2461
1052 1282
1052 1500
1052 2144
1052 2344
1053 1346
1053 1715
1054 1179
1054 1537
1055 2124
1055 2456
1056 1549
1056 2164
1057 2341
1058 1271
1058 1572
1058 1969
1058 2109
1058 2203
1058 2400
1059 1311
1059 2461
1060 1705
1060 2129
1061 1797
1061 1962
1061 2231
1061 2299
1062 1426
1062 2042
1062 2424
1063 1161
1063 1860
1063 1869
1063 1973
1064 1743
1064 2316
1065 1508
1065 1846
1067 1421
1067 1774
1068 1336
1068 1614
1068 1664
1068 1748
1068 2241
1068 2449
1069 1139
1069 1663
1069 1885
1069 2020
1069 2356
1069 2429
1070 1729
1071 1936
1072 2431
1073 1467
1073 1721
1073 2009
1074 1686
1074 2276
1075 1568
1075 2277
1076 1289
1076 1392
1076 1985
1076 2065
1076 2175
1076 2198
1077 1179
1077 2346
1079 1952
1079 2294
1080 1565
1080 2352
1082 1094
1083 1149
1084 1749
1084 2295
1085 1094
1085 1311
1085 1711
1086 1189
1086 1240
1086 1245
1086 2393
1087 1088
1087 1168
1087 1274
1087 1305
1087 1861
1088 1585
1088 2372
1089 2118
1090 1641
1090 1647
1090 1656
1090 2272
1090 2353
1091 1162
1091 2139
1092 1133
1092 1272
1092 1348
1092 1609
1093 1825
1093 1896
1093 2377
1093 2404
1093 2448
1094 1268
1094 2125
1094 2150
1094 2428
1095 2025
1095 2026
1095 2401
1096 1946
1096 2012
1096 2334
1097 2006
1097 2058
1100 1381
1100 1616
1100 2034
1101 2374
1101 2433
1102 2056
1103 2295
1104 1741
1104 2036
1104 2288
1105 1405
1105 1591
1105 1764
1105 2334
1105 2426
1106 1251
1106 1384
1106 1505
1106 1541
1106 1713
1106 1809
1106 2028
1107 1572
1107 1606
1107 1728
1107 2002
1107 2421
1108 1156
1108 2095
1108 2354
1109 1515
1109 1659
1109 1693
1109 1926
1110 1205
1110 2361
1111 2317
1112 2423
1113 1459
1113 2075
1114 1658
1114 1851
1115 1756
1115 2008
1116 1600
1116 2277
1116 2317
1117 1467
1118 1674
1119 1318
1119 1448
1120 1169
1120 1985
1120 2220
1121 1521
1121 1552
1121 1854
1122 2195
1123 1418
1123 2044
1123 2115
1123 2123
1123 2440
1124 1172
1124 1754
1124 1869
1126 1695
1126 1807
1126 2435
1127 1671
1127 2359
1128 1167
1128 1403
1128 1419
1128 1522
1128 1768
1128 1973
1128 2214
1128 2385
1129 1376
1129 1977
1129 2140
1129 2376
1130 2222
1130 2320
1131 1876
1131 2164
1132 1436
1132 1681
1132 1897
1133 1950
1134 1841
1134 2024
1135 1328
1135 1959
1136 1416
1137 1819
1137 2424
1138 1468
1138 2443
1139 2217
1140 1204
1140 1426
1141 2196
1142 2233
1143 1201
1144 1165
1144 1336
1144 1609
1144 1672
1144 1725
1144 2223
1144 2267
1146 1209
1146 1485
1146 2413
1147 1743
1147 2121
1147 2351
1148 1318
1148 2025
1148 2068
1149 1327
1149 1657
1149 1918
1149 2305
1150 1883
1150 2008
1151 1317
1151 1765
1152 1184
1152 1387
1152 1879
1153 1890
1153 2006
1154 1340
1154 1815
1155 2337
1156 1303
1156 1601
1156 1961
1156 2130
1156 2201
1157 1596
1157 2124
1158 1244
1158 1316
1158 1539
1158 1773
1158 2145
1159 2395
1160 1872
1160 1950
1160 2351
1161 1789
1162 1479
1162 1751
1162 1860
1162 2051
1162 2074
1162 2243
1163 1459
1163 2252
1164 1720
1164 1739
1164 2458
1166 1481
1167 1767
1168 1929
1168 2293
1169 1816
1170 1205
1170 1921
1171 1204
1171 1849
1172 1798
1173 1433
1173 1633
1173 1812
1173 2089
1173 2096
1173 2226
1174 1276
1175 1595
1175 1895
1176 1436
1176 1533
1176 1538
1176 2012
1176 2152
1176 2368
1176 2378
1177 1347
1177 1508
1178 2294
1179 1262
1179 1505
1179 1638
1179 2120
1180 1674
1181 1200
1181 1341
1182 1312
1183 1253
1183 2268
1184 1787
1184 2139
1185 1266
1186 2408
1187 1224
1187 1847
1187 1875
1187 2211
1187 2275
1188 1349
1188 1517
1188 1622
1188 1806
1188 1993
1188 2020
1190 1337
1190 1817
1191 2372
1193 2080
1193 2290
1194 1536
1194 2401
1195 1298
1195 2193
1195 2222
1196 1534
1196 1583
1196 1783
1196 2236
1196 2371
1196 2384
1196 2422
1198 1276
1198 1297
1198 1682
1199 1221
1199 1274
1199 1389
1199 2247
1199 2281
1200 1303
1200 1359
1200 1555
1200 1748
1201 1475
1201 1942
1201 2119
1201 2156
1201 2194
1201 2349
1202 1752
1204 2027
1204 2152
1204 2183
1205 1970
1205 1994
1205 2043
1206 2006
1206 2262
1207 1615
1207 1872
1207 2217
1208 1670
1208 1718
1208 1908
1208 2322
1210 1673
1210 1815
1210 2195
1211 1788
1212 1722
1212 2462
1213 1829
1213 1871
1213 2410
1214 1470
1214 1585
1214 1965
1216 1353
1216 1658
1216 2338
1217 1244
1217 1258
1217 1736
1217 2004
1217 2158
1217 2375
1218 1298
1218 1449
1219 1734
1219 1815
1220 1836
1222 1232
1222 1326
1223 1262
1223 1916
1223 2221
1224 2077
1224 2388
1225 1639
1225 1799
1225 1857
1225 1992
1225 2120
1226 1556
1226 1630
1226 1770
1226 2001
1226 2205
1226 2237
1227 1585
1227 1921
1227 1922
1228 1624
1228 1954
1228 2341
1229 1346
1229 2240
1231 1364
1231 2233
1232 1777
1232 1822
1232 2005
1233 1807
1233 1890
1233 2383
1234 1483
1234 1618
1234 1913
1234 1914
1234 2179
1234 2311
1235 1410
1235 1905
1235 2312
1236 1836
1236 1949
1236 1959
1237 1627
1237 1695
1237 1853
1238 1508
1239 1554
1239 1675
1239 1678
1239 2090
1239 2263
1239 2418
1240 1253
1240 1760
1241 1277
1241 2180
1241 2246
1241 2324
1242 1464
1242 1592
1242 1613
1242 1662
1242 1898
1242 1955
1243 2257
1246 1476
1246 1717
1246 2038
1247 1467
1247 1568
1248 1441
1248 1967
1248 2167
1249 1752
1249 1853
1249 2229
1250 1647
1250 1818
1250 2319
1251 1553
1253 2141
1253 2180
1253 2198
1254 1960
1254 2052
1255 2431
1256 1353
1256 2208
1257 1410
1258 1624
1258 2054
1259 1422
1259 2388
1260 2320
1261 1747
1261 2136
1261 2280
1261 2376
1262 1658
1263 1512
1263 1769
1264 1926
1264 1945
1264 1978
1264 2256
1266 1401
1266 1694
1266 1859
1266 1930
1267 1330
1267 1340
1267 2317
1268 1840
1268 2372
1269 1400
1269 2161
1270 1682
1270 1832
1270 2104
1271 2401
1271 2453
1273 1681
1273 1803
1273 2275
1273 2381
1274 1834
1275 1842
1275 2046
1275 2382
1276 1498
1276 1634
1276 1945
1276 2014
1276 2284
1278 1708
1278 2112
1279 2288
1280 1520
1280 2097
1280 2167
1281 1688
1281 1954
1281 2245
1283 1786
1284 1358
1284 1627
1284 1637
1285 1431
1286 1358
1286 1537
1286 2134
1287 2359
1287 2419
1288 1585
1289 2042
1290 1758
1291 1769
1292 2338
1293 2312
1296 1567
1296 1816
1297 1962
1298 1934
1298 2016
1298 2315
1300 1883
1301 1834
1301 1840
1303 1984
1304 1846
1304 2036
1305 2304
1306 1621
1306 2461
1307 1645
1307 1967
1309 1353
1309 1562
1310 1686
1310 1709
1310 2000
1311 1589
1311 1649
1311 1879
1311 2057
1312 1443
1312 1511
1312 1516
1312 1865
1312 1881
1313 2000
1313 2361
1314 2296
1315 1512
1315 2257
1316 1834
1316 2359
1317 1634
1317 1710
1317 1773
1317 1797
1317 2375
1318 1411
1319 2337
1320 1679
1321 2252
1322 2294
1322 2320
1323 1787
1323 1840
1323 1976
1324 1468
1325 1474
1325 2000
1326 1387
1326 1484
1326 1777
1326 1866
1327 1950
1328 1575
1328 1891
1328 2152
1328 2154
1329 2380
1330 1458
1331 1429
1331 1662
1331 1911
1331 1998
1331 2225
1331 2303
1332 1410
1332 2196
1333 2277
1334 1631
1334 2325
1334 2452
1335 1637
1335 2161
1335 2435
1337 2419
1338 1769
1339 1820
1339 1888
1339 2145
1339 2226
1340 1389
1340 1486
1340 1502
1340 1631
1340 2215
1340 2356
1341 1754
1341 2018
1341 2234
1341 2255
1342 1915
1342 2257
1343 1347
1343 1697
1343 1917
1344 1470
1344 1588
1345 1624
1346 1357
1346 1434
1346 2022
1346 2390
1347 1698
1347 1888
1347 2280
1347 2355
1348 1370
1349 2252
1350 1974
1351 1508
1352 1792
1353 2242
1354 1769
1355 1749
1355 1792
1356 1567
1356 1708
1357 2216
1358 1602
1358 1684
1358 2248
1358 2323
1358 2329
1359 1414
1359 2354
1360 1666
1360 1901
1361 1682
1362 1959
1363 2024
1363 2425
1364 1620
1364 2203
1364 2305
1365 2163
1366 2080
1367 1920
1367 2253
1367 2462
1368 1482
1368 2169
1368 2202
1368 2333
1368 2410
1369 1715
1370 1542
1370 1894
1370 2203
1371 1548
1371 1921
1372 2067
1372 2399
1373 1451
1374 2289
1375 1460
1375 1939
1375 1954
1378 1671
1378 1905
1379 1442
1379 1445
1379 1681
1379 2413
1380 1391
1380 1887
1380 2015
1380 2127
1380 2314
1381 2015
1381 2115
1381 2239
1381 2427
1382 1636
1382 1638
1382 1845
1382 1913
1382 2325
1383 1682
1384 2304
1385 1708
1385 1967
1385 2164
1386 1596
1386 2078
1388 1788
1389 1965
1390 1474
1390 2341
1391 1465
1391 1786
1393 1682
1393 2204
1394 2257
1395 1987
1395 2337
1396 1666
1397 1917
1397 2442
1398 1984
1398 2443
1399 1637
1399 2046
1400 1727
1400 1811
1400 2040
1401 2338
1402 1544
1402 1668
1402 2463
1403 1750
1404 1585
1404 1834
1405 1750
1406 1448
1406 2195
1407 2204
1407 2217
1408 1655
1408 2208
1408 2252
1409 2104
1409 2217
1409 2268
1410 1940
1410 2021
1412 1548
1414 2192
1415 1484
1415 1499
1415 1848
1415 1862
1415 1880
1415 1956
1416 1858
1416 2251
1416 2301
1417 1697
1420 1655
1421 1718
1421 1892
1421 1912
1422 1489
1422 2032
1422 2156
1422 2303
1422 2436
1423 1715
1424 1553
1424 1729
1424 2370
1425 1550
1425 1765
1426 1546
1426 1628
1426 2279
1427 1918
1427 2015
1427 2123
1427 2394
1428 1521
1429 2296
1430 2288
1431 2369
1433 1600
1434 2034
1437 1721
1438 1460
1439 1612
1439 1729
1440 1730
1440 1941
1440 2365
1440 2430
1441 2057
1441 2126
1441 2227
1441 2384
1441 2428
1441 2434
1442 2195
1443 1459
1445 1854
1446 2289
1447 1780
1447 1964
1448 1656
1448 1735
1448 1956
1449 1471
1450 1759
1451 1491
1451 1968
1452 2118
1453 1487
1453 1908
1453 1931
1453 2146
1454 1619
1454 2298
1455 2245
1455 2337
1456 1752
1456 2293
1457 1488
1457 1827
1457 1878
1457 2069
1457 2185
1459 2450
1460 2047
1460 2170
1461 1965
1462 1552
1462 1596
1463 1846
1463 2224
1465 1735
1465 2364
1466 1939
1466 2054
1467 1566
1467 2386
1467 2457
1468 1727
1468 1886
1468 1892
1468 2045
1469 2097
1469 2321
1469 2443
1470 1594
1470 2247
1470 2460
1471 2405
1472 1965
1474 1558
1474 1582
1474 2086
1477 1627
1477 1632
1477 1832
1481 1635
1481 1739
1481 1910
1481 2045
1481 2168
1481 2191
1482 2351
1483 1658
1485 2058
1486 1588
1486 1960
1487 1929
1488 1922
1488 2052
1489 1627
1491 1612
1491 1671
1492 1645
1492 2124
1492 2222
1493 1582
1493 1630
1493 1648
1493 1896
1493 2053
1494 1976
1494 2354
1494 2443
1495 2104
1496 1708
1496 1750
1498 2076
1499 2138
1500 2167
1500 2414
1501 1741
1501 2042
1502 2143
1503 1645
1504 1760
1504 1807
1504 1920
1506 1665
1506 1741
1508 1678
1508 1706
1508 1977
1508 2221
1509 1586
1509 1711
1510 2229
1512 1968
1512 2157
1512 2172
1513 1943
1513 2446
1514 1705
1514 1976
1517 1872
1518 1973
1518 2165
1518 2166
1518 2297
1518 2363
1519 1792
1519 2195
1520 1617
1520 1852
1520 2106
1520 2127
1521 1897
1521 2433
1522 2441
1523 1749
1523 1917
1524 1562
1524 1715
1524 2348
1525 1655
1526 2031
1527 1676
1527 1959
1528 1867
1528 2204
1529 1950
1532 1705
1532 2290
1534 2370
1535 1789
1536 1648
1536 2210
1537 1556
1537 1617
1537 1835
1537 2105
1538 1732
1538 1849
1540 2118
1541 2186
1543 2091
1543 2370
1544 2382
1545 1658
1545 1952
1546 2036
1547 1846
1548 1610
1548 1643
1548 2274
1548 2285
1549 1898
1549 2214
1549 2327
1550 1571
1550 1710
1550 2041
1550 2206
1550 2458
1552 1717
1552 1723
1552 2421
1553 1737
1553 2223
1553 2463
1554 2331
1555 1928
1555 2245
1556 2370
1557 1695
1558 2438
1559 1715
1559 2008
1559 2024
1560 2262
1560 2291
1561 1709
1561 2330
1562 1675
1562 1761
1562 1779
1562 2418
1563 1722
1563 2190
1566 1665
1567 1716
1567 1745
1567 1827
1567 1944
1568 2151
1569 1966
1569 2443
1570 1844
1570 1849
1573 2435
1574 1739
1574 1757
1574 1831
1574 2119
1574 2368
1575 1984
1576 2095
1577 1661
1577 1718
1577 2454
1578 2117
1578 2193
1579 2320
1580 1619
1580 1960
1581 1872
1581 2084
1581 2208
1582 1813
1584 1842
1584 2392
1585 2215
1585 2437
1586 1633
1586 1802
1586 2227
1587 1615
1588 2003
1588 2130
1588 2199
1589 1632
1590 1705
1590 2405
1592 1867
1593 1759
1593 1890
1594 2317
1596 1983
1596 2313
1597 1666
1597 1686
1597 1788
1598 1736
1598 1737
1598 1833
1598 2072
1598 2406
1600 1927
1600 1933
1600 2386
1601 1841
1602 1752
1603 1699
1604 2414
1605 1976
1606 1836
1606 2078
1607 1616
1607 2316
1608 2067
1608 2408
1609 1780
1610 2034
1611 1846
1612 1770
1612 1783
1613 1760
1614 1780
1614 2031
1615 1847
1616 1712
1616 1746
1616 1941
1616 2202
1616 2362
1618 1929
1618 1957
1619 2002
1619 2063
1620 1721
1620 2262
1621 1771
1621 2434
1623 2134
1623 2161
1623 2383
1624 2011
1624 2062
1624 2417
1625 2216
1626 2240
1627 1898
1627 1942
1627 2393
1630 2453
1631 1872
1632 1889
1632 2177
1633 2359
1635 1788
1635 2253
1636 2405
1637 1685
1641 1673
1641 2317
1642 1786
1643 1904
1645 1771
1645 1946
1645 2030
1646 1705
1646 1959
1648 2000
1649 2008
1649 2048
1650 2058
1650 2075
1651 1853
1651 1974
1651 2134
1652 2134
1653 2159
1653 2290
1654 2067
1654 2091
1654 2304
1655 1806
1655 2088
1655 2173
1655 2263
1656 1798
1658 2071
1658 2452
1659 2338
1660 1877
1660 1971
1661 2408
1663 2208
1664 1807
1664 2134
1665 2306
1666 2044
1666 2239
1666 2264
1667 2295
1669 2312
1670 2346
1671 2226
1672 1928
1672 2383
1673 1712
1673 1829
1673 2114
1674 1782
1674 2041
1674 2085
1674 2266
1676 1932
1676 2132
1676 2183
1677 2008
1679 1691
1679 2213
1680 2006
1682 1982
1684 1949
1684 2129
1685 1807
1686 1970
1687 1729
1687 1904
1687 2304
1688 2403
1690 2190
1691 2102
1692 1901
1692 2207
1692 2209
1693 2076
1694 1851
1695 2329
1695 2374
1696 2009
1696 2277
1697 1870
1697 2140
1697 2454
1698 1721
1698 2224
1699 1784
1699 1986
1700 2253
1701 1734
1701 2058
1704 1721
1705 1823
1706 2117
1706 2348
1707 2337
1707 2453
1708 1937
1708 2454
1709 1766
1709 1958
1711 2019
1711 2236
1711 2265
1712 2441
1713 2271
1716 2075
1719 1920
1719 2161
1721 1977
1722 2093
1722 2179
1723 2271
1724 1883
1725 2076
1726 1834
1726 2268
1727 1807
1729 2363
1732 2099
1732 2459
1733 2372
1734 2085
1734 2137
1734 2173
1740 2351
1740 2395
1742 2423
1743 1809
1743 2194
1743 2357
1744 1862
1744 2087
1746 1842
1749 1762
1749 2455
1750 2273
1751 1840
1752 1975
1753 1831
1753 1996
1753 2184
1753 2270
1754 2095
1755 2252
1756 1979
1756 2019
1756 2428
1758 1829
1758 1941
1758 1953
1758 2137
1758 2214
1759 1838
1759 2171
1759 2246
1760 1830
1760 1839
1762 2143
1763 1783
1763 2154
1764 2414
1765 1870
1765 1900
1765 2136
1766 2276
1766 2361
1767 1778
1767 1879
1767 1937
1769 2073
1770 1974
1772 1867
1772 2104
1772 2190
1774 1821
1774 1894
1774 2040
1775 2296
1776 2321
1777 1883
1779 2402
1780 1850
1780 2123
1781 2312
1782 1832
1782 2262
1784 2288
1785 2438
1786 1881
1786 1899
1787 1818
1787 1927
1787 2353
1788 1996
1788 2394
1789 2165
1789 2273
1789 2327
1790 1952
1791 1920
1792 1902
1792 2234
1792 2353
1794 2129
1795 1895
1795 2073
1795 2260
1795 2368
1795 2404
1796 2444
1797 1915
1798 1930
1798 2087
1800 2233
1801 2289
1803 1917
1804 2006
1804 2291
1806 2075
1807 1912
1810 1883
1812 1849
1812 1959
1813 1932
1813 2128
1813 2259
1813 2278
1815 2369
1815 2386
1816 1884
1816 2181
1817 2193
1818 2195
1819 1903
1819 2027
1819 2099
1819 2303
1822 2295
1822 2424
1823 1844
1824 1965
1824 2084
1830 2060
1830 2161
1832 2132
1832 2147
1832 2339
1833 1999
1834 2113
1834 2150
1835 1853
1835 1890
1836 1951
1836 2371
1837 2080
1837 2405
1838 2134
1839 2024
1840 2039
1840 2116
1840 2218
1841 1925
1841 2029
1842 2415
1843 2078
1843 2298
1844 1882
1844 1951
1844 2079
1844 2132
1844 2230
1845 2338
1848 2009
1848 2143
1849 1988
1850 2383
1851 2282
1853 2122
1854 1919
1854 2269
1856 1920
1861 1960
1862 1984
1864 2262
1865 1905
1867 1993
1867 2018
1867 2436
1868 2124
1868 2138
1872 2460
1873 2134
1874 1909
1874 2137
1874 2160
1876 1989
1876 2349
1884 2392
1885 1950
1885 2392
1886 1904
1886 2056
1887 2159
1889 1967
1890 2292
1890 2323
1890 2449
1891 2037
1892 2161
1894 2402
1896 1915
1899 1952
1900 2159
1901 1981
1901 1994
1901 2099
1903 2025
1904 2001
1904 2259
1905 2131
1905 2238
1907 1990
1907 2438
1909 2118
1911 2208
1915 2157
1915 2162
1915 2176
1915 2274
1915 2284
1916 2224
1917 2231
1917 2376
1921 2281
1922 2136
1923 2102
1924 2341
1928 2241
1932 2257
1933 2342
1934 2294
1936 2204
1936 2268
1937 2112
1938 2212
1939 2029
1939 2111
1939 2158
1940 2331
1942 2296
1944 2112
1946 2112
1947 2245
1948 1961
1948 2192
1949 2122
1949 2230
1952 2017
1952 2411
1954 2142
1956 2354
1957 2172
1957 2335
1957 2407
1957 2411
1959 2339
1960 2188
1960 2308
1961 2102
1963 2229
1963 2290
1964 2241
1964 2256
1965 2069
1965 2181
1966 2110
1966 2235
1967 2340
1969 2298
1974 2323
1974 2347
1975 2081
1975 2293
1976 2101
1979 2048
1980 2068
1983 2138
1983 2398
1984 2101
1986 2402
1988 2042
1989 2068
1990 2278
1992 2077
1995 2196
1997 2295
1998 2190
1998 2204
2000 2111
2000 2328
2000 2417
2001 2408
2003 2009
2005 2124
2006 2287
2007 2193
2008 2088
2009 2201
2010 2414
2011 2276
2012 2068
2014 2212
2017 2462
2018 2208
2020 2084
2021 2382
2023 2431
2025 2324
2026 2446
2030 2398
2031 2105
2033 2076
2034 2074
2035 2453
2036 2457
2037 2198
2037 2279
2038 2399
2040 2070
2041 2312
2042 2180
2043 2207
2046 2307
2046 2315
2048 2171
2049 2208
2052 2437
2053 2423
2054 2243
2056 2061
2056 2176
2056 2283
2058 2269
2060 2228
2060 2309
2060 2367
2061 2067
2065 2294
2069 2392
2070 2160
2070 2365
2072 2361
2075 2174
2075 2258
2076 2109
2076 2299
2077 2343
2080 2127
2081 2172
2081 2448
2082 2138
2083 2193
2083 2320
2084 2396
2087 2195
2090 2163
2091 2153
2091 2297
2092 2189
2092 2445
2093 2419
2094 2197
2094 2379
2096 2164
2097 2125
2098 2121
2098 2392
2103 2331
2104 2142
2104 2225
2106 2159
2107 2388
2109 2395
2112 2260
2117 2144
2117 2334
2118 2263
2120 2186
2121 2237
2121 2301
2124 2322
2125 2346
2128 2159
2129 2391
2133 2196
2134 2287
2139 2177
2139 2235
2140 2212
2141 2262
2145 2372
2146 2229
2149 2217
2149 2222
2154 2354
2155 2342
2155 2359
2155 2372
2157 2330
2161 2449
2163 2232
2163 2242
2163 2300
2164 2360
2167 2286
2167 2396
2169 2222
2173 2271
2177 2435
2178 2401
2181 2351
2182 2268
2182 2372
2186 2282
2189 2438
2192 2295
2195 2430
2196 2237
2196 2350
2197 2253
2200 2290
2201 2295
2205 2423
2207 2358
2208 2258
2210 2276
2212 2280
2212 2455
2213 2295
2217 2220
2217 2315
2218 2373
2219 2298
2224 2387
2224 2397
2227 2346
2229 2248
2232 2348
2233 2400
2240 2343
2250 2262
2250 2268
2252 2447
2253 2309
2255 2271
2259 2399
2264 2361
2271 2318
2271 2379
2277 2306
2277 2369
2291 2416
2302 2341
2308 2380
2311 2462
2312 2333
2313 2399
2317 2430
2319 2380
2321 2345
2326 2346
2327 2441
2330 2439
2335 2419
2335 2462
2340 2456
2341 2391
2342 2375
2343 2431
2344 2438
2347 2370
2348 2397
2351 2415
2351 2429
2352 2442
2356 2405
2361 2394
2374 2388
2381 2431
2382 2406
2382 2450
2390 2425
2399 2412
2405 2460
2412 2443
2413 2419
2418 2425
2442 2455
2451 2456
