1232 2688
0 57
0 340
0 345
1 278
1 542
1 832
2 174
2 436
2 477
2 731
2 780
2 817
2 925
2 1001
3 254
3 814
3 1101
4 241
4 641
4 963
4 983
4 1042
4 1080
4 1144
4 1226
5 12
5 328
5 1098
6 119
6 336
6 510
6 539
6 964
6 981
6 1009
6 1183
7 257
7 447
7 752
8 422
8 1032
8 1107
9 627
9 831
9 1207
10 204
10 265
10 1229
11 57
11 59
11 877
12 83
12 726
12 805
12 915
12 930
12 941
12 1050
13 368
13 651
13 674
14 112
14 187
14 342
14 661
14 844
14 848
14 921
14 1103
15 91
15 282
15 319
15 443
15 483
15 745
15 815
15 1064
16 50
16 389
16 633
16 821
16 952
16 961
16 1104
16 1216
17 32
17 83
17 288
17 318
17 419
17 565
17 640
17 1212
18 22
18 102
18 615
19 246
19 351
19 379
19 856
19 898
19 960
19 1041
19 1126
20 349
20 572
20 913
21 260
21 534
21 621
21 664
21 755
21 765
21 1115
21 1193
22 37
22 260
22 380
22 480
22 625
22 904
22 1021
23 68
23 166
23 818
24 36
24 820
24 1052
25 56
25 67
25 215
25 302
25 424
25 514
25 1125
25 1193
26 309
26 417
26 550
27 806
27 1046
27 1188
28 338
28 493
28 908
29 492
29 979
29 1158
30 746
30 869
30 1060
31 32
31 370
31 690
31 699
31 835
31 890
31 914
31 1197
32 853
33 94
33 260
33 317
33 394
33 803
33 816
33 879
33 1202
34 315
34 524
34 1148
35 58
35 551
35 1121
36 128
36 253
36 407
36 578
36 809
36 846
36 1142
37 492
37 750
38 164
38 221
38 1032
39 501
39 877
39 1160
40 493
40 527
40 939
41 309
41 597
41 693
42 206
42 287
42 404
42 507
42 815
42 965
42 981
42 1054
43 447
43 626
43 689
44 99
44 186
44 195
44 209
44 245
44 918
44 1120
44 1183
45 58
45 638
45 1029
46 52
46 300
46 331
46 487
46 611
46 850
46 1009
46 1099
47 486
47 1038
47 1188
48 233
48 316
48 497
48 590
48 688
48 733
48 953
48 1165
49 136
49 155
49 209
49 312
49 435
49 512
49 522
49 867
50 376
50 589
51 289
51 806
51 1230
52 164
52 843
53 54
53 124
53 951
54 401
54 553
54 604
54 611
54 634
54 757
54 906
55 464
55 490
55 1161
56 486
56 638
57 174
57 472
57 625
57 691
57 938
57 1082
58 189
58 202
58 778
58 837
58 1104
58 1123
59 301
59 373
59 436
59 584
59 758
59 1084
59 1162
60 237
60 727
60 861
61 335
61 379
61 499
61 570
61 765
61 923
61 1005
61 1017
62 742
62 944
62 1174
63 90
63 143
63 818
64 118
64 183
64 237
65 231
65 249
65 626
66 164
66 263
66 529
67 315
67 518
68 169
68 267
68 287
68 295
68 760
68 791
68 1182
69 122
69 628
69 1000
70 892
70 1020
70 1038
71 290
71 324
71 378
72 143
72 240
72 857
73 418
73 725
73 861
74 124
74 143
74 622
75 414
75 1124
75 1176
76 311
76 747
76 972
77 289
77 939
77 1174
78 87
78 966
78 1098
79 510
79 573
79 683
79 793
79 850
79 977
79 1069
79 1142
80 166
80 240
80 414
81 105
81 215
81 226
81 243
81 506
81 552
81 711
81 1120
82 272
82 322
82 478
82 630
82 743
82 864
82 962
82 1194
83 689
84 257
84 452
84 1028
85 650
85 782
85 784
85 881
85 985
85 994
85 1088
85 1092
86 126
86 130
86 250
86 375
86 729
86 947
86 980
86 1221
87 170
87 223
87 741
87 809
87 1115
87 1125
87 1181
88 489
88 1077
88 1198
89 422
89 1170
89 1188
90 657
90 690
90 730
90 807
90 1037
90 1156
90 1228
91 137
91 674
92 518
92 575
92 1027
93 157
93 428
93 503
93 795
93 801
93 1012
93 1075
93 1219
94 931
94 1199
95 179
95 298
95 540
96 345
96 359
96 1215
97 149
97 195
97 430
97 692
97 775
97 850
97 1054
97 1175
98 299
98 674
98 1101
99 568
99 951
100 858
100 1011
100 1046
101 250
101 395
101 586
101 670
101 935
101 962
101 1007
101 1201
102 321
102 446
102 515
102 827
102 950
102 1035
102 1185
103 169
103 382
103 528
103 563
103 680
103 1044
103 1079
103 1192
104 490
104 710
104 1063
105 466
105 469
106 254
106 875
106 1010
107 516
107 1215
107 1230
108 142
108 154
108 334
108 677
108 859
108 1049
108 1065
108 1130
109 442
109 695
109 747
110 258
110 1020
110 1111
111 249
111 568
111 613
112 294
112 1070
113 425
113 627
113 1208
114 248
114 776
114 1231
115 123
115 217
115 236
115 565
115 664
115 797
115 799
115 873
116 432
116 629
116 820
117 542
117 958
117 1047
118 140
118 415
118 470
118 509
118 533
118 608
118 1147
119 367
119 722
120 265
120 1180
120 1199
121 138
121 427
121 531
121 573
121 654
121 909
121 1031
121 1201
122 387
122 394
122 928
122 1005
122 1053
122 1056
122 1078
123 627
123 841
124 138
124 366
124 384
124 738
124 900
124 919
125 131
125 174
125 307
125 339
125 523
125 706
125 840
125 1164
126 338
126 1066
127 263
127 439
127 1047
128 306
128 768
129 312
129 569
129 656
129 660
129 910
129 946
129 1001
129 1082
130 527
130 1167
131 746
131 1222
132 208
132 563
132 701
132 732
132 907
132 914
132 1165
132 1172
133 378
133 547
133 939
134 177
134 293
134 450
134 792
134 836
134 855
134 886
134 1119
135 152
135 463
135 503
135 659
135 941
135 1026
135 1149
135 1190
136 311
136 524
137 337
137 548
137 839
137 886
137 1024
137 1138
137 1212
138 716
139 185
139 201
139 245
139 350
139 420
139 656
139 834
139 991
140 465
140 619
141 462
141 1098
141 1223
142 221
142 1061
143 185
143 312
143 477
143 561
143 902
144 460
144 806
144 861
145 366
145 522
145 588
145 656
145 678
145 780
145 789
145 807
146 240
146 629
146 1168
147 629
147 832
147 877
148 231
148 544
148 1111
149 367
149 643
150 257
150 501
150 820
151 207
151 379
151 450
151 655
151 808
151 810
151 1044
151 1135
152 476
152 1038
153 164
153 465
153 669
154 183
154 460
155 367
155 761
156 232
156 857
156 887
157 454
157 613
158 237
158 806
158 1091
159 462
159 689
159 966
160 422
160 747
160 771
161 340
161 651
161 1140
162 464
162 843
162 1176
163 204
163 695
163 1188
164 553
164 960
164 968
164 1224
165 249
165 320
165 954
166 319
166 336
166 388
166 692
166 949
166 1110
167 542
167 665
167 703
168 954
168 1033
168 1160
169 1210
170 627
170 828
171 727
171 861
171 920
172 422
172 442
172 489
173 318
173 647
173 657
173 694
173 916
173 987
173 1172
173 1220
175 439
175 1096
175 1158
176 806
176 920
176 1091
177 540
177 543
178 542
178 615
178 798
179 456
179 525
179 650
179 851
179 898
179 906
179 1154
180 265
180 812
180 1167
181 299
181 340
181 529
182 328
182 368
182 972
183 360
183 386
183 400
183 440
183 724
183 882
184 255
184 695
184 1170
185 1160
186 191
186 728
187 286
187 502
188 598
188 700
188 717
188 733
188 838
188 929
188 1005
188 1216
189 518
189 1061
190 343
190 488
190 622
191 212
191 302
191 482
191 863
191 897
191 1187
191 1203
192 290
192 493
192 502
193 270
193 432
193 740
194 516
194 735
194 1174
195 722
196 345
196 526
196 1033
197 562
197 648
197 1086
198 264
198 310
198 718
198 744
198 855
198 938
198 1092
198 1219
199 265
199 842
199 887
200 263
200 278
200 429
201 311
201 613
202 646
202 869
203 279
203 421
203 468
203 709
203 837
203 870
203 891
203 983
204 302
204 552
204 804
204 825
204 934
204 997
205 665
205 669
205 998
206 814
206 920
207 320
207 1015
208 429
208 1158
209 998
210 294
210 315
210 414
211 340
211 432
211 1160
212 469
212 756
213 429
213 631
213 1096
214 291
214 392
214 397
214 443
214 969
214 1040
214 1155
214 1216
215 1170
216 740
216 843
216 1063
217 328
217 1063
218 320
218 442
218 847
219 299
219 753
219 905
220 492
220 615
220 913
221 459
221 739
221 824
221 870
221 922
221 1147
222 752
222 1089
222 1231
223 541
223 1199
224 314
224 515
224 536
224 566
224 642
224 1103
224 1131
224 1185
225 756
225 1029
225 1133
226 756
226 1027
227 360
227 393
227 411
227 759
227 772
227 779
227 1016
227 1177
228 306
228 465
228 958
229 811
229 875
229 905
230 516
230 975
230 1211
231 484
231 587
231 602
231 872
231 894
231 1016
232 371
232 402
232 579
232 730
232 782
232 1051
232 1094
233 853
233 979
234 457
234 462
234 737
235 486
235 518
235 1169
236 617
236 1210
237 316
237 530
237 1058
237 1106
237 1130
238 669
238 703
238 843
239 257
239 417
239 1223
240 287
240 579
240 600
240 650
240 807
241 516
241 547
242 255
242 315
242 1038
243 841
243 1173
244 492
244 1070
244 1167
245 761
246 1029
246 1047
247 1015
247 1047
247 1061
248 305
248 426
248 623
248 712
248 901
248 1058
248 1157
249 335
249 610
249 792
249 1014
249 1023
250 1231
251 315
251 638
251 1169
252 490
252 703
252 1015
253 462
253 752
254 473
254 521
254 640
254 993
254 1149
254 1151
255 531
255 903
255 935
255 956
255 986
255 997
256 294
256 1066
256 1158
257 353
257 406
257 697
257 978
258 350
258 356
258 362
258 412
258 512
258 816
258 1225
259 284
259 392
259 430
259 605
259 745
259 764
259 964
259 974
261 489
261 695
261 771
262 281
262 506
262 555
262 667
262 687
262 874
262 897
262 1059
263 344
263 362
263 557
263 580
263 739
264 340
264 526
265 511
265 770
265 874
265 1137
266 422
266 574
266 1222
267 355
267 1176
268 325
268 875
268 1101
269 295
269 654
269 680
269 799
269 865
269 973
269 1062
269 1069
270 292
270 352
270 830
270 851
270 943
270 1007
270 1141
271 369
271 508
271 675
271 781
271 800
271 882
271 1007
271 1217
272 939
272 1066
273 638
273 1027
273 1140
274 414
274 488
274 1210
275 460
275 727
275 1091
276 327
276 710
276 776
277 589
277 1127
277 1211
278 351
278 525
278 591
278 594
278 1041
278 1132
279 529
279 1033
280 429
280 1136
280 1140
281 354
281 437
282 368
282 753
283 574
283 695
283 892
284 469
284 771
285 355
285 543
285 619
286 416
286 546
286 785
286 922
286 963
286 1085
286 1218
288 349
288 368
289 357
289 397
289 558
289 804
289 912
289 1085
290 385
290 459
290 641
290 845
290 848
290 912
291 516
291 979
292 954
292 1176
293 544
293 951
294 566
294 616
294 760
294 881
294 982
295 488
296 826
296 932
296 944
297 368
297 551
297 1000
298 361
298 670
298 769
298 781
298 802
298 992
298 1074
299 398
299 751
299 824
299 1123
299 1144
300 622
300 887
301 418
301 1000
303 318
303 370
303 835
303 867
303 953
303 991
303 1073
303 1220
304 354
304 693
304 828
305 309
305 460
306 774
306 846
306 977
306 990
306 1018
306 1129
307 526
307 877
308 345
308 501
308 942
309 344
309 412
309 530
309 1050
309 1149
310 662
310 1071
311 329
311 344
311 390
311 833
311 1202
313 437
313 1076
313 1121
314 984
314 1124
315 358
315 791
315 1043
316 589
317 847
317 913
319 1011
320 534
320 700
320 708
320 856
320 928
321 750
321 913
322 417
322 542
323 541
323 831
323 841
324 458
324 930
324 968
324 993
324 1034
324 1085
324 1126
325 400
325 508
325 691
325 904
325 1119
325 1138
325 1190
326 550
326 599
326 820
327 514
327 593
327 948
327 995
327 1084
327 1131
327 1164
328 548
328 694
328 835
328 971
328 1151
329 1010
329 1032
330 547
330 1118
330 1222
331 665
331 761
332 493
332 501
332 597
333 544
333 613
333 1117
334 425
334 1140
335 432
336 643
337 425
337 1000
338 342
338 357
338 606
338 630
338 878
338 895
339 527
339 984
340 483
340 660
340 870
341 352
341 384
341 556
341 634
341 792
341 918
341 1074
341 1113
342 527
343 382
343 624
343 712
343 815
343 1031
343 1045
343 1110
345 676
345 784
345 801
345 836
346 442
346 469
346 495
347 762
347 806
347 861
348 485
348 768
348 1118
349 480
349 548
349 829
349 833
349 1225
349 1227
350 524
351 734
352 631
353 502
353 742
354 408
354 644
354 821
354 883
354 1030
354 1143
355 690
355 783
355 916
355 933
355 1131
355 1135
356 489
356 972
357 547
358 723
358 1188
359 431
359 463
359 481
359 686
359 720
359 744
359 1178
360 1208
361 740
361 954
362 1010
363 576
363 768
363 849
364 454
364 551
364 1060
365 728
365 905
365 1133
366 715
367 420
367 564
367 711
367 863
367 1113
368 673
368 794
368 1119
369 542
369 750
370 819
371 629
371 818
372 508
372 608
372 707
372 763
372 779
372 988
372 1087
372 1130
373 746
373 892
374 442
374 599
374 841
375 417
375 592
376 445
376 451
376 513
376 555
376 596
376 632
376 1072
377 747
377 814
377 1077
378 448
378 666
378 785
378 825
378 878
378 969
380 572
380 972
381 723
381 1133
381 1173
382 715
383 488
383 543
383 576
384 665
385 735
385 1180
386 476
386 1211
387 617
387 776
388 762
388 814
389 476
389 599
390 626
390 1020
391 632
391 676
391 883
391 994
391 1092
391 1094
391 1097
391 1206
392 651
393 516
393 589
394 828
395 418
395 1091
396 439
396 715
396 1176
397 727
398 716
398 735
399 495
399 771
399 1027
400 798
401 734
401 1214
402 638
402 762
403 958
403 1052
403 1098
404 762
404 1198
405 567
405 609
405 719
405 790
405 791
405 1088
405 1090
405 1103
406 457
406 1231
407 643
407 841
408 589
408 869
409 439
409 622
409 740
410 742
410 932
410 1180
411 975
411 1127
412 1032
413 447
413 776
413 1077
414 507
414 680
414 933
414 1090
415 559
415 843
416 493
416 1200
417 777
417 921
417 967
417 1122
418 535
418 590
418 838
418 840
418 895
419 831
419 1063
420 998
421 753
421 1101
422 557
422 602
422 997
423 547
423 826
423 944
424 750
424 984
425 533
425 778
425 794
425 926
425 1195
426 447
426 628
427 1011
427 1055
428 589
428 716
429 698
429 1100
429 1184
429 1204
430 920
431 454
431 524
432 498
432 569
432 708
432 769
433 480
433 786
433 894
433 914
433 987
433 1056
433 1109
433 1163
434 465
434 832
434 1052
435 853
435 998
436 526
437 451
437 571
437 637
437 675
437 705
437 1056
438 466
438 1029
438 1136
439 594
439 649
439 852
439 907
440 464
440 489
441 826
441 1174
441 1180
442 471
442 605
442 765
443 495
444 495
444 651
444 1230
445 693
445 1199
446 1070
446 1223
447 889
447 962
447 1067
447 1221
448 727
448 1230
449 723
449 1020
449 1222
450 1214
451 1173
452 661
452 718
452 731
452 777
452 836
452 924
452 946
453 529
453 703
453 1032
454 571
454 616
454 778
454 1088
454 1205
455 476
455 723
455 875
456 662
456 818
457 484
457 675
457 809
457 1067
457 1177
457 1179
458 1063
458 1161
459 1091
460 497
460 608
460 754
460 1209
461 472
461 537
461 621
461 717
461 873
461 890
461 910
461 1220
462 773
462 1025
462 1152
462 1193
463 753
464 565
464 721
464 971
464 988
464 1034
465 487
465 612
465 721
465 859
466 482
466 712
466 885
466 1022
466 1083
466 1108
467 875
467 1038
467 1208
468 1060
468 1198
469 614
469 696
469 813
469 829
470 529
470 1061
471 1107
471 1207
472 1160
473 490
473 1117
474 485
474 559
474 908
475 662
475 1071
475 1168
476 779
476 868
476 957
476 1195
477 1118
478 725
478 1231
479 488
479 715
479 1011
481 613
481 1121
482 1027
483 575
484 1211
485 658
485 793
485 936
485 974
485 989
485 1039
486 704
486 760
486 862
486 956
486 1090
487 703
488 732
488 808
488 1159
489 833
489 1087
489 1157
490 726
490 785
490 912
490 960
491 492
491 966
491 1070
492 536
492 642
492 1008
493 566
493 567
493 777
494 626
494 1098
494 1231
495 539
495 658
495 775
495 823
496 597
496 1089
496 1223
497 975
498 1028
498 1148
499 771
499 847
500 944
500 1102
500 1199
501 855
501 921
501 1001
501 1013
502 545
502 772
502 874
502 876
502 940
503 674
504 638
504 920
504 1168
505 716
505 858
505 932
506 1207
507 818
509 551
509 1140
510 669
511 828
511 944
512 613
513 516
513 1071
514 615
515 1167
516 883
517 831
517 1000
517 1210
518 696
518 736
518 854
518 1051
519 826
519 1200
519 1211
520 648
520 1096
520 1229
521 905
521 1198
522 1160
523 646
523 892
524 549
524 862
524 1014
524 1075
525 1015
526 866
526 904
526 910
526 1093
527 989
527 1004
527 1084
527 1194
528 622
528 1011
529 546
529 845
529 1049
530 1077
531 725
532 543
532 942
532 1214
533 575
534 771
535 939
535 1167
536 1223
537 562
537 710
538 550
538 746
538 1076
539 920
540 655
540 682
540 906
540 943
540 1019
540 1206
541 587
541 607
541 797
541 1109
541 1152
541 1195
542 553
542 729
543 856
543 970
543 1017
543 1079
544 549
544 554
544 556
544 708
544 923
545 1102
545 1173
546 1091
547 601
547 1171
547 1191
549 568
550 596
550 644
550 713
550 927
550 1145
551 607
551 839
551 957
551 1065
552 1169
554 574
554 626
555 1196
556 942
557 599
558 746
558 1170
559 813
559 859
559 970
559 1004
559 1135
559 1227
560 599
560 869
560 1208
561 715
561 932
562 570
562 590
562 928
562 952
562 1040
562 1186
563 776
564 951
564 1117
567 1070
568 726
568 787
568 993
568 1022
568 1113
569 1033
570 931
571 728
572 587
572 637
572 911
572 1078
572 1172
572 1197
573 1210
574 610
574 911
574 1109
574 1114
574 1177
575 614
575 649
575 860
575 1065
575 1184
576 601
576 780
576 793
576 902
576 1044
576 1112
577 592
577 750
577 798
578 722
578 1207
579 1148
580 695
580 1107
581 615
581 984
581 1169
582 828
582 1102
582 1180
583 720
583 738
583 795
583 891
583 909
583 1042
583 1048
583 1144
584 908
584 984
585 648
585 853
585 1215
586 861
586 1086
588 622
588 932
589 720
589 1209
591 1015
591 1029
592 604
592 864
592 871
592 1132
592 1217
592 1224
593 1070
593 1124
594 1032
595 828
595 931
595 1020
596 828
597 661
597 697
597 729
597 864
597 1145
598 710
598 819
599 620
599 635
599 684
600 662
600 734
601 892
602 892
603 728
603 1121
603 1196
604 703
605 1027
606 1086
606 1167
607 1208
609 1158
609 1229
610 1111
611 998
612 1063
612 1176
613 704
613 1043
614 638
615 1150
615 1206
615 1217
616 662
617 758
617 794
617 839
617 840
617 865
617 899
618 725
618 1086
618 1091
619 677
619 810
619 829
619 955
619 989
619 1213
620 695
620 1032
621 831
622 976
622 1204
623 747
623 1198
624 858
624 1055
625 811
626 816
626 959
626 1022
627 894
627 911
627 957
627 1025
628 732
628 748
628 888
628 899
628 995
628 1192
629 817
629 862
629 1043
629 1068
630 1229
631 790
631 802
631 907
631 982
631 1008
631 1035
632 1127
633 646
633 1060
634 932
635 771
635 1207
636 674
636 710
636 1210
637 931
638 652
639 646
639 693
639 1076
640 1098
641 944
642 842
643 880
643 1039
643 1054
643 1081
643 1183
644 1199
645 843
645 958
645 1052
646 666
646 713
646 804
646 1162
647 819
647 853
648 701
648 838
648 1073
648 1106
648 1209
649 1136
651 860
651 965
651 1024
651 1110
652 1060
652 1061
653 722
653 849
653 1055
654 768
655 942
657 1124
658 812
659 723
659 1208
660 954
662 676
662 719
662 1094
663 669
663 715
663 887
664 819
665 682
665 1128
665 1154
665 1224
666 1170
667 1102
667 1200
668 887
668 1102
668 1167
669 757
669 976
669 1175
670 798
671 727
671 762
671 1091
672 819
672 831
672 847
673 811
673 942
674 686
674 709
674 1062
677 843
678 877
678 1118
679 1038
679 1136
679 1173
681 722
681 737
681 841
682 734
683 849
683 1118
684 693
684 1028
685 818
685 1148
685 1168
686 875
687 723
687 1136
688 1066
688 1096
689 741
689 774
689 822
689 945
689 1151
691 913
692 722
693 999
693 1036
693 1122
694 853
695 872
696 1140
697 966
698 1032
698 1047
699 857
699 1124
700 931
701 1066
702 761
702 857
702 1223
703 739
703 1126
704 1148
705 752
705 798
706 1000
706 1086
707 1208
707 1211
709 905
710 888
710 973
710 1034
711 728
713 728
714 753
714 1161
714 1210
715 1099
715 1100
716 896
716 983
716 1178
716 1226
717 1161
718 942
719 1121
721 740
722 936
722 981
723 879
723 956
724 747
724 1063
725 781
725 937
725 1141
725 1221
727 986
727 1134
728 749
728 1036
730 812
731 1160
733 1086
734 943
734 985
734 992
734 1006
735 891
735 896
735 1048
735 1191
735 1218
736 762
736 1168
737 880
737 977
737 1095
737 1129
737 1153
737 1181
738 858
740 933
740 1100
740 1182
741 1223
742 759
742 919
742 940
742 1002
742 1171
743 908
743 1167
744 979
745 1230
746 825
746 1036
746 1104
747 988
747 1225
748 1077
748 1231
749 1101
749 1136
750 948
750 1019
750 1097
751 814
751 1060
752 800
752 1016
752 1114
752 1181
753 973
753 1012
753 1024
754 1010
754 1077
755 913
755 1020
756 787
756 901
756 959
756 1045
756 1057
757 761
758 1086
759 1200
761 834
761 867
761 1156
762 775
762 964
763 798
763 811
764 812
764 849
766 1076
766 1101
766 1133
767 979
767 1127
767 1230
768 1009
768 1146
768 1153
768 1175
769 1176
770 1173
770 1200
771 1189
772 826
773 847
773 1169
774 958
776 788
776 1159
776 1166
782 1071
783 984
783 1070
784 1071
786 913
786 972
787 1111
788 931
788 1000
789 818
789 857
790 1066
795 975
796 905
796 1076
796 1136
797 1207
798 1141
798 1179
799 1000
800 1196
801 979
802 951
803 1038
803 1222
805 814
805 905
806 903
806 969
808 1118
810 1124
811 882
811 886
811 1026
811 1093
812 976
812 1099
812 1116
812 1139
813 972
814 837
814 1157
817 958
818 985
819 866
819 1082
819 1186
820 924
820 996
820 999
820 1129
821 975
822 832
822 1052
823 849
823 887
824 1033
826 876
826 900
826 978
827 842
827 1070
828 1152
830 951
830 1158
831 865
831 971
832 871
832 925
832 990
832 1018
834 853
841 897
841 1189
842 893
842 895
842 980
842 1139
842 1194
843 1018
844 908
844 939
845 861
846 1028
847 873
847 1021
847 1125
848 1200
849 955
849 1004
849 1081
851 1214
852 1133
852 1140
853 890
854 1029
854 1060
857 916
857 1003
857 1116
858 935
858 937
858 1069
858 1146
860 1033
861 922
863 1076
866 1160
868 869
868 1107
869 929
869 1040
869 1072
871 1047
872 1222
875 1012
875 1050
876 1089
877 902
877 946
877 1105
878 1174
879 892
880 1207
881 1121
884 892
884 1118
884 1174
885 1061
885 1133
887 974
887 1228
888 984
889 1098
889 1111
893 939
893 1086
896 1055
898 1047
899 931
900 1180
901 1011
903 1055
905 1190
908 955
908 980
908 1164
909 932
913 1093
915 1101
915 1198
917 1102
917 1170
917 1229
918 1117
919 944
920 949
920 1051
923 954
924 1089
925 1148
926 1060
926 1121
927 1028
927 1107
929 1230
930 1117
931 1163
932 1128
934 1066
934 1102
936 1046
937 1188
938 1033
939 947
940 1211
941 1010
942 1023
942 1138
944 1218
945 1111
945 1231
947 1229
948 1169
949 1198
950 1158
950 1215
951 1023
951 1128
952 1230
953 1215
954 996
954 1068
958 1105
958 1132
959 1117
961 1107
961 1208
963 1180
965 1011
966 967
966 1003
966 1156
966 1185
967 1089
968 1015
970 1124
972 1212
972 1213
975 1072
975 1106
975 1178
978 1200
979 1035
979 1073
982 1229
984 1166
986 1046
987 1096
990 1098
991 998
992 1214
994 1168
995 1161
996 1148
998 1003
998 1037
999 1107
1002 1089
1002 1200
1006 1015
1006 1047
1008 1215
1010 1058
1010 1122
1010 1145
1011 1108
1013 1028
1013 1089
1014 1117
1015 1017
1019 1071
1020 1021
1020 1053
1025 1199
1026 1101
1027 1213
1027 1227
1028 1068
1028 1095
1029 1049
1029 1147
1030 1071
1030 1127
1031 1046
1033 1064
1037 1223
1038 1059
1039 1055
1041 1061
1042 1055
1045 1077
1046 1048
1046 1081
1046 1226
1052 1095
1052 1142
1052 1153
1053 1199
1055 1134
1057 1061
1057 1136
1059 1133
1062 1161
1063 1087
1064 1140
1066 1137
1067 1089
1071 1150
1074 1158
1075 1121
1076 1120
1076 1205
1077 1108
1078 1196
1079 1118
1080 1127
1080 1174
1083 1111
1083 1117
1096 1159
1096 1192
1096 1197
1097 1214
1102 1139
1105 1148
1107 1189
1111 1202
1112 1174
1112 1222
1114 1211
1115 1169
1116 1168
1123 1198
1124 1182
1127 1155
1127 1191
1133 1184
1134 1188
1137 1170
1143 1173
1143 1196
1146 1210
1150 1214
1154 1214
1155 1215
1161 1166
1161 1186
1162 1222
1163 1196
1165 1229
1168 1228
1169 1187
1170 1187
1171 1180
1173 1203
1176 1204
1179 1196
1188 1201
1196 1205
1203 1207
1215 1219
