2640 5760
0 232
0 1129
0 1207
1 208
1 2025
1 2490
2 154
2 1214
2 2243
3 30
3 149
3 2476
4 166
4 1535
4 2046
5 1143
5 1851
5 1927
6 881
6 2187
6 2455
7 657
7 854
7 920
7 1531
7 1753
7 2005
7 2035
7 2165
8 607
8 916
8 918
8 1056
8 1219
8 1723
8 1732
8 2139
9 209
9 670
9 2163
10 426
10 590
10 2519
11 1207
11 1689
11 2295
12 209
12 525
12 2489
13 1762
13 1874
13 2539
14 368
14 403
14 569
14 828
14 1604
14 1854
14 1899
14 2366
15 525
15 673
15 1918
16 1515
16 2248
16 2572
17 1698
17 2310
17 2636
18 780
18 898
18 1541
19 95
19 335
19 1602
19 1699
19 1830
19 2077
19 2212
19 2508
20 696
20 1679
20 2144
21 101
21 132
21 789
21 849
21 1745
21 2023
21 2062
21 2153
22 354
22 464
22 1223
22 1245
22 2133
22 2150
22 2617
22 2621
23 453
23 589
23 1050
23 1414
23 1620
23 1621
23 2362
23 2608
24 601
24 642
24 747
24 1146
24 1686
24 1713
24 1919
24 2222
25 837
25 1206
25 2260
26 229
26 758
26 1285
27 417
27 1355
27 2243
28 417
28 1667
28 2520
29 214
29 270
29 880
29 891
29 943
29 1428
29 1597
29 2549
30 114
30 384
30 403
30 527
30 782
30 818
30 2133
31 322
31 2054
31 2217
32 1728
32 1776
32 1965
33 1068
33 1161
33 1639
34 1434
34 1779
34 2316
35 106
35 926
35 980
36 178
36 185
36 933
37 379
37 587
37 923
37 1185
37 1497
37 1741
37 2479
37 2598
38 565
38 921
38 2078
39 1155
39 1429
39 2522
40 391
40 1496
40 1722
41 393
41 568
41 822
41 864
41 1702
41 1969
41 2110
41 2220
42 420
42 978
42 2541
43 835
43 1437
43 1653
44 1355
44 1645
44 1961
45 119
45 817
45 2237
46 740
46 1388
46 2489
47 262
47 383
47 2447
48 281
48 2017
48 2048
49 77
49 1728
49 1860
50 1188
50 1671
50 2237
51 1151
51 1206
51 2475
52 1438
52 1488
52 1767
53 63
53 472
53 645
53 672
53 1024
53 1054
53 1559
53 2167
54 164
54 1214
54 1728
55 387
55 1314
55 1815
56 1921
56 2025
56 2476
57 188
57 367
57 533
57 714
57 1212
57 2091
57 2483
57 2622
58 1094
58 2225
58 2447
59 232
59 455
59 1499
60 541
60 842
60 867
60 1137
60 1433
60 1456
60 1826
60 2010
61 748
61 1984
61 2098
62 178
62 888
62 2387
63 387
63 1646
64 528
64 1346
64 2493
65 278
65 296
65 612
65 1232
65 1233
65 1695
65 1744
65 2443
66 574
66 1030
66 1492
67 124
67 718
67 944
68 121
68 706
68 716
69 1129
69 1427
69 2489
70 1299
70 1343
70 2029
71 442
71 507
71 1156
71 1358
71 1724
71 1745
71 2194
71 2397
72 550
72 575
72 729
72 932
72 1160
72 1674
72 2355
72 2631
73 753
73 1161
73 2141
74 888
74 1773
74 2314
75 125
75 836
75 1361
75 1409
75 1643
75 2143
75 2224
75 2411
76 509
76 893
76 933
77 215
77 409
77 638
77 1350
77 1460
77 1638
77 1837
78 141
78 1163
78 1772
79 947
79 1333
79 1491
79 1624
79 1948
79 2362
79 2462
79 2500
80 142
80 669
80 686
80 1100
80 1176
80 2203
80 2378
80 2570
81 1613
81 2281
81 2415
82 1175
82 1309
82 1401
83 309
83 357
83 477
83 1056
83 1277
83 1596
83 2136
83 2408
84 191
84 513
84 1216
84 1266
84 1485
84 1755
84 1894
84 2360
85 242
85 314
85 426
86 948
86 2049
86 2385
87 1598
87 1988
87 2502
88 1353
88 2070
88 2615
89 702
89 1622
89 1683
89 1975
89 2165
89 2198
89 2272
89 2339
90 124
90 153
90 2328
91 739
91 2316
91 2614
92 945
92 1256
92 2575
93 203
93 681
93 2058
94 272
94 606
94 1869
95 1454
95 2002
96 670
96 1011
96 1762
97 596
97 1312
97 1328
97 1367
97 1443
97 1555
97 1807
97 2571
98 420
98 1381
98 2359
99 1445
99 2274
99 2629
100 535
100 2018
100 2216
101 1816
101 2402
102 1525
102 1824
102 2524
103 835
103 841
103 1434
104 258
104 617
104 631
104 975
104 1276
104 1750
104 1839
104 1977
105 516
105 655
105 777
105 853
105 1862
105 1974
105 2505
105 2609
106 174
106 623
106 1084
106 1601
106 2030
106 2360
106 2374
107 272
107 1155
107 1385
108 150
108 277
108 410
108 1110
108 1164
108 1306
108 1916
108 1964
109 143
109 823
109 972
109 1948
109 2353
109 2377
109 2434
109 2599
110 423
110 804
110 2258
111 1848
111 2279
111 2308
112 435
112 2457
112 2525
113 1094
113 1343
113 1851
114 115
114 817
115 530
115 816
115 1087
115 1322
115 1552
115 2206
115 2483
116 832
116 1417
116 1592
116 1808
116 1940
116 2303
116 2610
116 2612
117 135
117 2043
117 2630
118 124
118 223
118 876
119 227
119 604
119 1036
119 1300
119 1904
119 2241
119 2536
120 570
120 1663
120 2457
121 182
121 675
121 1789
121 1810
121 1856
121 2168
121 2600
122 242
122 1194
122 1737
123 421
123 649
123 921
124 251
124 754
124 1028
124 1246
124 2339
125 1220
125 1617
126 667
126 817
126 1336
127 262
127 322
127 499
128 471
128 2190
128 2350
129 1236
129 1352
129 1646
130 372
130 414
130 1757
131 233
131 689
131 769
131 1228
131 1838
131 2020
131 2145
131 2441
132 1008
132 1914
133 1901
133 2300
133 2533
134 147
134 445
134 860
134 890
134 1727
134 2063
134 2290
134 2419
135 552
135 760
135 912
135 1229
135 1576
135 2180
135 2291
136 996
136 1143
136 1389
137 1857
137 2358
137 2554
138 177
138 794
138 1033
138 1518
138 1659
138 1871
138 1935
138 2211
139 1123
139 1492
139 1790
140 627
140 1045
140 1461
140 1840
140 2042
140 2114
140 2411
140 2619
141 733
141 946
141 1442
141 1675
141 1872
141 2278
141 2498
142 739
142 2161
143 271
143 1613
144 167
144 413
144 839
145 240
145 314
145 2250
146 1694
146 2629
146 2630
147 817
147 2045
148 1129
148 1645
148 1903
149 160
149 604
149 890
149 941
149 1899
149 2115
149 2488
150 678
150 812
151 314
151 2230
151 2487
152 499
152 780
152 841
153 843
153 887
153 1165
153 1259
153 1332
153 1752
153 1846
154 585
154 613
154 630
154 747
154 892
154 977
154 1360
155 524
155 531
155 1000
155 1193
155 1465
155 1870
155 1944
155 2152
156 352
156 386
156 1178
156 1791
156 1910
156 2086
156 2092
156 2294
157 468
157 727
157 746
157 1237
157 1463
157 2400
157 2459
157 2576
158 165
158 521
158 1092
159 500
159 546
159 957
159 1591
159 1678
159 1867
159 2031
159 2521
160 1283
160 2250
161 896
161 1067
161 2058
162 330
162 1828
162 1950
163 262
163 2398
163 2525
164 207
164 254
164 859
164 875
164 1432
164 1489
164 1536
165 467
165 792
165 1147
165 2076
165 2369
165 2465
165 2567
166 270
166 576
166 598
166 802
166 1156
166 1619
166 2378
167 215
167 253
167 328
167 1128
167 1571
167 1986
167 2594
168 362
168 364
168 612
168 932
168 1152
168 1396
168 2064
168 2431
169 698
169 1034
169 1123
170 443
170 551
170 1170
170 1269
170 1585
170 1616
170 2407
170 2505
171 255
171 1181
171 1228
171 1240
171 1297
171 1632
171 1813
171 2586
172 346
172 679
172 1110
172 1475
172 1704
172 2094
172 2102
172 2503
173 1653
173 1988
173 2140
174 1139
174 2541
175 1151
175 1404
175 2554
176 214
176 576
176 623
176 1610
176 1898
176 2118
176 2208
176 2437
177 839
177 1058
178 194
178 517
178 810
178 1567
178 1724
178 2587
179 1537
179 1634
179 1692
180 872
180 1809
180 2099
181 1248
181 1984
181 2451
182 1773
182 1922
183 292
183 572
183 2314
184 1336
184 1421
184 1665
185 255
185 325
185 464
185 643
185 671
185 818
185 1980
186 736
186 1280
186 1565
186 1756
186 1898
186 2210
186 2488
186 2590
187 200
187 295
187 2155
188 2533
188 2560
189 264
189 273
189 1052
189 1255
189 1508
189 1577
189 2245
189 2286
190 1314
190 1937
190 2070
191 1548
191 2380
192 344
192 2100
192 2310
193 670
193 1194
193 1206
194 2109
194 2297
195 1309
195 2173
195 2539
196 371
196 1001
196 1307
197 702
197 819
197 958
197 1246
197 1306
197 1785
197 1821
197 2396
198 570
198 944
198 1848
199 1268
199 1325
199 1773
200 614
200 671
200 754
200 1085
200 1286
200 1716
200 1882
201 1134
201 2000
201 2250
202 898
202 1799
202 2554
203 504
203 792
203 923
203 1205
203 1338
203 1426
203 1608
204 1449
204 1869
204 2090
205 1184
205 1208
205 2341
206 307
206 1480
206 1922
207 1800
207 2277
208 305
208 483
208 533
208 782
208 1866
208 1895
208 2425
209 844
209 1281
209 1514
209 1561
209 1584
209 2477
210 283
210 745
210 1907
211 585
211 660
211 815
211 885
211 1328
211 1631
211 2215
211 2376
212 1646
212 1951
212 2140
213 415
213 674
213 676
213 786
213 852
213 1024
213 2191
213 2199
214 1722
215 514
216 324
216 740
216 928
217 1230
217 1406
217 1625
218 700
218 704
218 2033
219 565
219 1667
219 1950
220 1140
220 2398
220 2422
221 651
221 839
221 2314
222 670
222 1467
222 2260
223 973
223 1363
223 1729
223 1990
223 2272
223 2420
223 2516
224 667
224 888
224 2055
225 1667
225 1973
225 2322
226 322
226 2398
226 2573
227 318
227 2190
228 563
228 698
228 2293
229 332
229 1042
229 1313
229 1386
229 1592
229 1754
229 2594
230 683
230 2002
230 2525
231 748
231 1230
231 1243
232 1009
232 1057
232 1284
232 1938
232 1942
232 2104
233 837
233 1011
234 413
234 1106
234 2281
235 613
235 920
235 1362
235 1402
235 1563
235 1612
235 1635
235 2307
236 508
236 1003
236 1025
237 538
237 640
237 1324
237 1372
237 1615
237 1911
237 1993
237 2074
238 847
238 1397
238 2100
239 948
239 1853
239 2255
240 457
240 519
240 663
240 689
240 776
240 1166
240 1455
241 336
241 456
241 1378
241 1465
241 1618
241 1821
241 2368
241 2500
242 298
242 352
242 1420
242 1603
242 2021
242 2599
243 360
243 399
243 1370
243 1436
243 1497
243 1739
243 2207
243 2321
244 1835
244 2237
244 2583
245 989
245 1388
245 2611
246 435
246 683
246 1720
247 307
247 2099
247 2615
248 1198
248 1418
248 2274
249 383
249 684
249 1510
250 1285
250 2315
250 2523
251 1537
251 2281
252 383
252 1135
252 2002
253 2140
253 2452
254 2250
254 2416
255 1174
256 389
256 626
256 707
256 743
256 1264
256 1291
256 1530
256 2246
257 1760
257 2058
257 2560
258 1282
258 1957
259 1403
259 1874
259 2314
260 361
260 2116
260 2506
261 343
261 535
261 1541
262 895
262 937
262 1292
262 1889
262 2146
263 768
263 1496
263 1645
264 499
264 2253
265 398
265 1106
265 1641
266 304
266 2388
266 2529
267 1524
267 2181
267 2274
268 1914
268 2258
268 2279
269 1172
269 1403
269 2566
270 391
271 369
271 458
271 917
271 1380
271 2110
271 2378
271 2462
272 513
272 629
272 1354
272 1400
272 1791
272 2306
273 739
273 1525
274 1321
274 2014
274 2402
275 330
275 558
275 1490
276 478
276 1144
276 2068
277 2058
277 2256
278 1207
278 1388
279 2000
279 2350
279 2491
280 948
280 1691
280 2322
281 368
281 494
281 1365
281 1394
281 1770
281 1868
281 2336
282 1318
282 2310
282 2527
283 364
283 747
283 754
283 1440
283 1831
283 1896
283 2331
284 1193
284 1647
284 1873
284 1928
284 2156
284 2391
284 2474
284 2563
285 1633
285 1824
285 2359
286 509
286 1008
286 2078
287 752
287 1692
287 2632
288 1325
288 1887
288 2573
289 435
289 910
289 1802
290 718
290 2240
290 2255
291 667
291 1447
291 1892
292 431
292 1000
292 1073
292 1340
292 1491
292 2434
292 2512
293 583
293 1395
293 2327
294 484
294 1089
294 1287
294 1748
294 1830
294 2318
294 2454
294 2508
295 548
295 577
295 969
295 1727
295 1873
295 2430
295 2536
296 1268
296 2288
297 1275
297 1965
297 2338
298 872
298 2260
299 335
299 546
299 693
299 800
299 1190
299 1196
299 1818
299 1845
300 304
300 2288
300 2604
301 344
301 2285
301 2421
302 685
302 1642
302 2178
303 625
303 738
303 1149
303 1614
303 2172
303 2193
303 2228
303 2373
304 627
304 644
304 994
304 1014
304 1777
304 1855
305 553
305 711
306 496
306 2260
306 2289
307 480
307 724
307 914
307 1072
307 1126
307 1769
308 985
308 1800
308 1965
309 1336
309 2015
310 985
310 2182
310 2379
311 1134
311 1329
311 2283
312 901
312 2127
312 2515
313 1352
313 2043
313 2422
314 345
314 595
314 655
314 1273
314 1523
315 803
315 1961
315 2277
316 748
316 2185
316 2350
317 2015
317 2274
317 2452
318 403
318 428
318 1171
318 1349
318 1369
318 2210
318 2419
319 1064
319 1120
319 1342
320 1283
320 1888
320 2371
321 452
321 884
321 1184
322 919
322 1394
322 1748
322 1979
322 2382
323 573
323 716
323 1453
324 1556
324 1632
324 1744
324 1931
324 1969
324 2108
324 2433
325 471
325 509
326 1299
326 1404
326 1760
327 888
327 1296
327 1389
328 980
328 2308
329 622
329 1004
329 1297
329 2042
329 2073
329 2360
329 2433
329 2562
330 742
330 854
330 1245
330 2244
330 2498
330 2553
331 344
331 1299
331 2157
332 1248
332 2084
333 382
333 701
333 1414
333 1542
333 1897
333 1959
333 1976
333 2409
334 1510
334 1760
334 2371
335 1983
336 1613
336 1688
337 1429
337 1956
337 2070
338 684
338 1274
338 1583
339 2230
339 2248
339 2554
340 841
340 1381
340 2427
341 375
341 447
341 524
341 947
341 1644
341 1735
341 1822
341 2396
342 1034
342 1479
342 1611
343 942
343 997
343 1167
343 1219
343 1527
343 1909
343 2249
344 474
344 1027
344 1324
344 1373
344 1497
345 987
345 2519
346 1665
346 2638
347 1299
347 1452
347 1998
348 872
348 1194
348 2519
349 774
349 896
349 2575
350 1064
350 1801
350 1951
351 1046
351 1760
351 2319
352 1884
353 420
353 835
353 2524
354 2185
354 2256
355 979
355 2422
355 2447
356 670
356 1888
356 2484
357 896
357 1548
358 437
358 893
358 1066
359 388
359 1136
359 1227
359 1351
359 2027
359 2273
359 2311
359 2587
360 696
360 1022
361 418
361 536
361 557
361 830
361 1250
361 1441
361 1637
362 373
362 2611
363 420
363 1479
363 2357
364 2103
365 1580
365 1824
365 2209
366 1109
366 1245
366 1383
366 1649
366 1919
366 2251
366 2257
366 2597
367 450
367 2435
368 673
369 1535
369 1722
370 446
370 508
370 1793
371 688
371 952
371 1110
371 1235
371 1251
371 1807
371 1906
372 1081
372 1648
372 1729
372 1995
372 2556
372 2558
372 2609
373 729
373 991
373 1055
373 1244
373 1498
373 2142
373 2306
374 740
374 768
374 2296
375 2000
375 2050
376 1144
376 2166
376 2416
377 1120
377 1220
377 1285
378 490
378 763
378 2604
379 1395
379 2451
380 683
380 1068
380 1188
381 1780
381 2116
381 2226
382 1583
382 1937
383 775
383 1044
383 1115
383 2497
383 2508
384 633
384 1480
385 1249
385 1984
385 2573
386 881
386 2519
387 448
387 731
387 886
387 1045
387 1959
387 2459
388 1968
388 2626
389 1842
389 2596
390 510
390 1689
390 2162
391 1084
391 1142
391 1222
391 1565
391 1661
391 1804
392 1639
392 2040
392 2387
393 1504
393 2216
394 460
394 1772
394 1852
395 478
395 1772
395 2293
396 466
396 1376
396 1824
397 764
397 1296
397 2297
398 1037
398 1323
398 1392
398 1485
398 2009
398 2117
398 2593
399 2636
399 2638
400 1390
400 1665
400 2490
401 1120
401 1951
401 2490
402 1184
402 2322
402 2486
404 901
404 1106
404 2380
405 763
405 1634
405 2527
406 497
406 664
406 668
406 825
406 916
406 1505
406 2124
406 2480
407 879
407 961
407 967
407 1145
407 1313
407 1350
407 1568
407 2535
408 725
408 1613
408 2046
409 1403
409 2338
410 1307
410 2358
411 624
411 705
411 2359
412 837
412 1194
412 1467
413 879
413 1103
413 1831
413 2399
413 2499
413 2564
414 851
414 984
414 1127
414 1586
414 1764
414 1877
414 2291
415 558
415 1667
416 1918
416 1972
416 2506
417 495
417 1083
417 1252
417 1319
417 1402
417 1657
418 1201
418 1271
419 685
419 774
419 2455
420 1601
420 2094
420 2347
420 2521
421 529
421 727
421 831
421 1422
421 1655
421 1962
421 2218
422 442
422 799
422 983
422 1242
422 1803
422 1863
422 2111
422 2159
423 424
423 468
423 1875
423 2128
423 2311
423 2444
423 2478
424 591
424 2539
425 1646
425 2338
425 2630
426 439
426 1269
426 1279
426 1686
426 1742
426 1875
427 578
427 1737
427 2099
428 1283
428 2264
429 644
429 719
429 1219
429 1501
429 1545
429 1788
429 1808
429 2143
430 739
430 1761
430 2380
431 725
431 2090
432 987
432 1310
432 2491
433 1011
433 1510
433 1887
434 1260
434 1515
434 2274
435 523
435 577
435 1366
435 2382
435 2461
436 720
436 767
436 785
436 846
436 1493
436 2039
436 2074
436 2444
437 818
437 1487
437 2004
437 2201
437 2244
437 2257
437 2613
438 1159
438 1879
438 2451
439 2352
439 2506
440 1159
440 1927
440 2343
441 1385
441 1792
441 1956
442 1914
443 803
443 1134
444 876
444 1809
444 1835
445 1397
445 1418
446 602
446 757
446 1234
446 1251
446 1538
446 2218
446 2589
447 1325
447 1613
448 872
448 1353
449 1504
449 1816
449 2542
450 511
450 687
450 721
450 846
450 1089
450 1316
450 2183
451 505
451 1239
451 1368
451 1708
451 1719
451 1969
451 2199
451 2548
452 522
452 761
452 770
452 1373
452 1481
452 1967
452 2147
453 1353
453 1892
454 774
454 2017
454 2469
455 1398
455 1503
455 1855
455 1870
455 2224
455 2375
455 2501
456 876
456 884
457 1174
457 1437
458 925
458 2155
459 1040
459 1645
459 2530
460 502
460 733
460 1263
460 1363
460 1408
460 1482
460 1785
461 578
461 1815
461 2163
462 539
462 1431
462 2216
463 834
463 1760
463 2352
464 1066
465 1198
465 1691
465 2248
466 596
466 630
466 1317
466 1547
466 1781
466 1941
466 2364
467 1230
467 2417
468 1488
469 1617
469 1792
469 2034
470 1001
470 1247
470 2050
471 656
471 810
471 853
471 907
471 1873
471 2236
472 1809
472 2163
473 1172
473 1860
473 2572
474 1413
474 2614
475 717
475 1113
475 1949
476 1499
476 1698
476 2048
477 1095
477 1129
478 963
478 1240
478 1432
478 1636
478 1725
478 2044
479 1404
479 2014
479 2344
480 2049
480 2255
481 1282
481 2300
481 2632
482 491
482 770
482 1258
482 1528
482 1608
482 1712
482 1889
482 2534
483 925
483 1064
484 1256
484 2560
485 1663
485 1947
485 2387
486 948
486 1989
486 2615
487 536
487 1278
487 1364
487 1498
487 1500
487 1584
487 1654
487 1756
488 1198
488 1802
488 1989
489 904
489 1950
489 2385
490 755
490 1124
490 1168
490 1303
490 1562
490 2321
490 2458
491 1208
491 1410
492 651
492 764
492 1613
493 1275
493 2338
493 2452
494 2217
494 2525
495 735
495 1641
496 1273
496 1538
496 1651
496 1885
496 2177
496 2392
496 2424
497 1767
497 2539
498 573
498 1231
498 2327
499 760
499 1076
499 1211
499 1705
499 2543
500 1580
500 2524
501 905
501 954
501 1149
501 1366
501 1498
501 1700
501 1891
501 1915
502 1490
502 1711
503 758
503 764
503 2099
504 1653
504 2100
505 1667
505 1776
506 944
506 1163
506 2175
507 509
507 732
508 746
508 1105
508 1471
508 1681
508 2345
508 2432
509 1136
509 1464
509 1858
509 2504
510 559
510 771
510 877
510 995
510 2252
510 2559
510 2633
511 1175
511 2173
512 1022
512 1434
512 2327
513 549
514 722
514 967
514 1212
514 1530
514 1640
514 2267
514 2576
515 2221
515 2310
515 2638
516 590
516 1876
517 591
517 926
518 1046
518 1918
518 2485
519 1260
519 2190
520 1161
520 1983
520 2487
521 638
521 859
521 897
521 1111
521 1415
521 1668
521 1797
522 1249
522 1410
523 2161
523 2542
524 2417
525 532
525 1637
525 1721
525 2196
525 2356
525 2559
526 725
526 1296
526 2379
527 1348
527 2162
528 1029
528 1103
528 1714
528 1929
528 2066
528 2545
528 2635
529 1025
529 2019
530 1066
530 1892
531 651
531 713
532 558
532 2385
533 2533
534 673
534 1343
534 2225
535 724
535 1506
535 1806
535 2122
535 2259
535 2426
536 2316
537 1011
537 2319
537 2393
538 1760
538 1799
539 648
539 1330
539 1368
539 1380
539 1677
539 2108
539 2323
540 1692
540 1852
540 1973
541 2166
541 2526
542 588
542 703
542 797
542 843
542 1286
542 1650
542 1675
542 1786
543 567
543 1988
543 2308
544 567
544 780
544 812
545 590
545 1031
545 2350
546 1125
547 1274
547 1390
547 2034
548 683
548 759
549 575
549 618
549 722
549 971
549 1093
549 1264
549 1707
550 1283
550 1302
551 635
551 1842
552 1352
552 1816
553 1100
553 1169
553 1192
553 1552
553 1630
553 2006
553 2410
554 1339
554 1437
554 2596
555 638
555 659
555 940
555 1203
555 1513
555 1554
555 1629
555 2135
556 592
556 685
556 1067
557 1217
557 2320
558 974
558 1063
558 1070
558 1623
558 1872
559 1884
559 2455
560 826
560 1548
560 1860
561 608
561 1972
561 2320
562 570
562 2248
562 2316
563 1021
563 1063
563 1223
563 1531
563 1997
563 2257
563 2278
564 1857
564 2100
564 2200
565 783
565 974
565 1559
565 1719
565 2340
565 2517
566 1151
566 1988
566 2629
567 923
567 976
567 1052
567 2172
567 2367
567 2401
568 2253
568 2283
569 1094
569 2054
570 1315
570 1374
570 1960
570 2126
570 2272
571 2161
571 2398
571 2469
572 646
572 794
572 879
572 1746
572 1752
572 1986
572 2010
573 863
573 1132
573 2007
573 2138
573 2223
573 2466
574 1116
574 1142
574 1374
574 1610
574 1753
574 2192
574 2342
575 2288
576 1496
577 2528
578 1054
578 1721
578 2132
578 2445
578 2597
578 2633
579 1749
579 1947
579 2546
580 718
580 2385
580 2394
581 2084
581 2162
581 2596
582 995
582 1412
582 1448
582 1547
582 1628
582 1931
582 2298
582 2376
583 1016
583 1053
583 1096
583 1119
583 1476
583 1825
583 2324
584 666
584 1479
584 2524
585 1197
586 713
586 939
586 2109
587 847
587 2200
588 1296
588 2216
589 700
589 1385
590 1013
590 1090
590 1455
590 2021
590 2424
591 772
591 1020
591 1858
591 2332
591 2395
591 2492
592 816
592 1316
592 1335
592 2267
592 2425
592 2473
592 2624
593 1186
593 1214
593 1342
594 1401
594 1884
594 2253
595 1339
595 2264
596 1058
597 1290
597 2314
597 2566
598 1290
598 2530
599 1302
599 2611
599 2620
600 913
600 1307
600 1423
601 1140
601 1525
602 1151
602 1799
603 921
603 1038
603 1355
604 1153
605 837
605 1779
605 2484
606 1178
606 1589
606 2107
606 2294
606 2407
606 2434
606 2509
607 1971
607 2125
608 986
608 1026
608 1539
608 1662
608 1917
608 2129
608 2356
609 996
609 1201
609 2029
610 872
610 945
610 1064
611 1438
611 2288
611 2611
612 2489
613 1776
614 1318
614 1692
615 634
615 1061
615 2380
616 1336
616 1679
616 1761
617 1939
617 2385
618 2038
618 2522
619 921
619 1040
619 2541
620 1007
620 2054
620 2485
621 763
621 1143
621 2225
622 649
622 2359
623 1198
624 1655
624 1681
624 1736
624 1798
624 2073
624 2205
624 2392
625 910
625 1247
626 1984
626 2341
627 758
628 732
628 2315
628 2484
629 989
629 2541
630 1067
631 1346
631 2255
632 826
632 1068
632 1325
633 877
633 885
633 1457
633 1941
633 2051
633 2083
633 2149
634 887
634 1392
634 1575
634 2003
634 2176
634 2326
634 2480
635 1017
635 1098
635 1270
635 1301
635 1890
635 1946
635 2086
636 1129
636 1625
636 2098
637 678
637 2037
637 2125
639 1163
639 1490
639 2155
640 2157
640 2239
641 783
641 962
641 1086
641 1702
641 2047
641 2108
641 2171
641 2191
642 1401
642 1633
643 1144
643 2596
644 1617
645 1113
645 1314
646 651
646 1172
647 812
647 1307
647 1999
648 2072
648 2253
649 1425
649 1627
649 2177
649 2345
649 2468
649 2581
650 702
650 1652
650 1846
650 1882
650 1943
650 2088
650 2331
650 2516
651 1333
651 2377
651 2414
651 2509
652 905
652 973
652 1215
652 1408
652 1419
652 1620
652 1870
652 2231
653 989
653 1445
653 2217
654 948
654 1348
654 1922
655 1031
656 1397
656 2528
657 2243
657 2502
658 1094
658 1427
658 2213
659 1410
659 1887
660 1067
660 1907
661 711
661 1299
661 2239
662 2239
662 2421
662 2614
663 2233
663 2596
664 1140
664 1175
665 1220
665 1385
665 1884
666 1006
666 1137
666 1685
666 1867
666 1871
666 2571
666 2584
667 908
667 950
667 2152
667 2236
667 2430
668 2037
668 2178
669 1642
669 1853
670 830
670 1327
670 1838
671 1043
672 1346
672 1921
673 931
673 986
673 1108
673 1284
673 2266
674 1950
674 2486
675 1346
675 2385
676 1968
676 2078
677 978
677 980
677 2040
678 870
678 908
678 1533
678 1647
678 1723
678 2349
679 1423
679 1999
680 1314
680 1671
680 1792
681 903
681 990
681 1305
681 1344
681 1581
681 1987
681 2618
682 1427
682 1499
682 2529
683 907
683 1048
683 1190
683 1748
684 709
684 922
684 1294
684 2011
684 2129
684 2482
685 807
685 1344
685 1664
685 1705
685 2091
686 1289
686 2049
687 1760
687 1817
688 768
688 2475
689 1731
690 1247
690 2116
690 2493
691 884
691 1208
691 1973
692 1646
692 1671
692 2070
693 1671
693 2045
694 706
694 1268
694 1688
695 1290
695 1901
695 2338
696 734
696 1062
696 1257
696 1327
696 1754
696 2547
697 1091
697 1346
697 1815
698 742
698 1199
698 1612
698 1622
698 2342
698 2577
699 1385
699 2018
699 2415
700 950
700 1209
700 1570
700 1647
700 2259
700 2372
701 1792
701 2615
703 1998
703 2515
704 809
704 1042
704 1546
704 1850
704 1913
704 2036
704 2149
705 871
705 1266
705 1512
705 1632
705 2114
705 2374
705 2468
706 1033
706 1137
706 1750
706 1775
706 1811
706 2093
707 884
707 1243
708 848
708 1002
708 1895
708 1954
708 1955
708 2203
708 2206
708 2270
709 1454
709 2319
710 1423
710 2116
710 2526
711 1083
711 1213
711 1258
711 1324
711 1669
711 2206
712 2232
712 2293
712 2416
713 1073
713 1549
713 1814
713 2194
713 2470
713 2605
714 1342
714 2071
715 803
715 1038
715 1957
716 746
716 1126
716 1276
716 1422
716 1782
716 2324
717 871
717 886
717 1014
717 1112
717 1121
717 1409
717 2562
718 1378
718 1649
718 1822
718 2445
718 2516
719 1285
719 1801
720 2319
720 2371
721 1256
721 2002
722 1524
723 1134
723 2119
723 2264
724 1691
725 737
725 1603
725 2120
725 2462
725 2509
726 1353
726 1583
726 1671
727 1922
728 1106
728 1633
728 2566
729 1388
730 1479
730 1580
730 2359
731 804
731 2033
732 786
732 1332
732 1567
732 1746
732 1754
732 2517
733 2232
734 837
734 1888
735 868
735 1338
735 1371
735 1528
735 1820
735 1877
735 2442
736 764
736 1143
737 1903
737 1998
738 1598
738 2256
739 1071
739 1392
739 1430
739 2585
740 1152
740 1405
740 1534
740 2075
740 2087
741 975
741 1500
741 1659
741 1706
741 1714
741 1810
741 1826
741 2607
742 2429
743 2113
743 2274
744 961
744 1200
744 1377
744 1896
744 1986
744 1991
744 2262
744 2635
745 892
745 1117
745 1416
745 1742
745 2214
745 2251
745 2592
748 1127
748 1474
748 1849
748 1974
748 1990
749 1289
749 2049
749 2181
750 2019
750 2371
750 2394
751 1639
751 2090
751 2491
752 969
752 1028
752 1786
752 1980
752 2331
752 2428
752 2532
753 1142
753 1326
753 1616
753 2107
753 2238
753 2437
753 2456
755 1634
755 1927
756 1816
756 2422
756 2630
757 2096
757 2230
758 1409
758 1726
758 2041
758 2265
758 2612
759 1587
759 1599
759 1715
759 1827
759 1891
759 1900
759 1979
760 1140
761 2344
761 2636
762 926
762 1123
762 2487
763 1187
763 1544
763 1709
763 1740
763 1805
764 1049
764 1470
764 1491
764 2280
765 1452
765 1453
765 1763
766 1329
766 1842
766 2072
767 1817
767 2560
768 832
768 880
768 1744
768 1865
768 2334
769 2539
769 2566
770 1983
771 2127
771 2226
772 1947
772 1968
773 898
773 1206
773 2583
774 1205
774 1288
774 1356
774 1902
774 1923
775 834
775 2575
776 1153
776 1418
777 2119
777 2491
778 1583
778 2015
778 2490
779 1290
779 1722
779 1961
780 781
780 1509
780 1738
780 2550
780 2585
781 1423
781 1653
782 1892
783 2449
784 1208
784 1711
784 2239
785 2235
785 2352
786 921
787 1304
787 1309
787 2037
788 1198
788 1956
788 2099
789 1206
789 2344
790 1265
790 1480
790 1801
791 1965
791 2264
791 2416
792 2209
793 1260
793 1336
793 2463
794 1376
795 1163
795 2050
795 2630
796 1139
796 1479
796 1763
797 1537
797 2604
798 1410
798 1949
798 2487
799 1689
799 1816
800 1068
800 2528
801 1163
801 1711
801 1828
802 1008
802 2181
803 929
803 1391
803 1796
803 2092
803 2313
804 936
804 981
804 1422
804 1471
804 1640
804 2325
805 1030
805 1937
805 2284
806 834
806 1139
806 1307
807 1289
807 1304
808 1092
808 1304
808 1321
809 1248
809 2315
810 893
811 1488
811 1694
811 1914
812 821
812 1459
812 1508
812 2503
812 2544
813 1271
813 1779
813 2427
814 1195
814 1972
814 2293
815 2127
815 2209
816 2533
817 1414
817 1656
817 1866
817 2156
819 1001
819 2295
820 1174
820 1524
820 1842
821 1217
821 2526
822 1914
822 2046
823 1998
823 2379
824 2038
824 2343
824 2614
825 2173
825 2229
826 927
826 956
826 1320
826 1629
826 1783
826 1838
827 2096
827 2237
827 2463
828 925
828 1921
829 1965
829 2277
829 2531
830 1195
831 1003
831 2493
832 2394
833 1927
833 2182
833 2457
834 930
834 1158
834 2094
834 2349
834 2444
835 1462
835 1630
835 2270
835 2367
835 2412
836 1634
836 2288
837 927
837 1250
837 1281
838 1490
838 1693
838 2527
839 842
839 961
839 1332
839 1340
839 2001
840 1163
840 1852
840 2232
841 1330
841 1577
841 1609
841 2220
841 2365
842 1376
843 1634
844 1217
844 2506
845 1310
845 1763
845 2033
846 2058
847 1235
847 1473
847 1834
847 1864
847 1936
847 2589
848 1381
848 1851
849 1689
849 2043
850 1389
850 2099
850 2523
851 1092
851 2178
852 1815
852 2388
853 1153
854 2293
855 1135
855 1793
855 2173
856 1385
856 1802
856 2070
857 1776
857 1907
857 2243
858 1011
858 1860
858 2144
859 1776
860 1260
860 2200
861 1214
861 1951
861 2417
862 979
862 1876
862 2546
863 1395
863 2103
864 1431
864 2515
865 1012
865 1594
865 2506
866 1213
866 1371
866 1563
866 1572
866 1682
866 1832
866 2269
866 2595
867 2068
867 2446
868 1321
868 1689
869 1134
869 1524
869 2596
870 1001
870 1423
871 2531
872 900
872 2132
872 2409
873 1381
873 1653
873 2233
874 1236
874 1267
874 1965
875 985
875 2531
876 902
876 1644
876 1930
876 2088
876 2597
877 2402
878 2029
878 2476
878 2614
880 1458
881 1420
881 1545
881 1609
881 1912
881 2252
881 2418
882 1641
882 2127
882 2216
883 1092
883 1728
883 2384
884 1215
884 1621
884 1822
884 2022
885 2493
886 1161
887 2125
888 1193
888 2093
888 2280
888 2504
889 939
889 1988
889 2256
890 2190
891 928
891 1645
892 1069
893 1085
893 1771
893 1813
893 2133
893 2532
894 1511
894 1665
894 2452
895 1688
895 1887
896 903
896 1009
896 1446
896 2028
896 2591
897 1860
897 1901
898 1234
898 1680
898 2193
898 2286
898 2639
899 1329
899 2279
899 2630
900 2048
900 2490
901 1252
901 1371
901 1829
901 2009
901 2298
901 2369
902 2255
902 2394
903 1594
904 986
904 1059
904 1441
904 1514
904 1623
904 2370
904 2633
905 2119
906 2487
906 2506
906 2575
907 2200
908 2018
909 1120
909 1496
909 1921
910 1047
910 1587
910 1654
910 2142
910 2231
910 2494
911 1249
911 2014
911 2197
912 1401
912 2398
913 1121
913 1228
913 1881
913 2013
913 2503
913 2579
913 2619
914 1155
914 1989
915 1289
915 2178
915 2469
916 1304
917 1711
917 2025
918 1220
918 2463
919 2002
919 2528
920 2256
921 1227
921 1681
921 2395
922 1617
922 2070
924 1671
924 1790
924 2284
925 1087
925 1483
925 1730
925 2089
925 2453
926 1116
926 1136
926 1543
926 2024
926 2238
927 1762
928 1233
928 1417
928 1906
928 2067
928 2219
928 2582
929 1842
929 2491
930 1125
930 1971
931 1427
931 2300
932 989
933 1048
933 1768
933 1862
933 2391
933 2430
933 2481
934 1043
934 1799
934 2014
935 1067
935 1355
935 2209
936 1437
936 2071
937 1243
937 1249
938 1285
938 1779
938 2284
939 972
939 999
939 1603
939 1902
939 1987
939 2373
940 1011
940 1548
941 996
941 2561
942 2045
942 2096
943 1275
943 2417
944 1408
944 1849
944 2088
944 2198
944 2558
945 1204
945 1311
945 1540
945 1553
945 1868
945 2160
946 1950
946 2520
947 1688
948 1782
948 2112
948 2426
949 1267
949 1496
949 2417
950 1971
951 1431
951 1956
951 2029
952 1763
952 1824
953 1106
953 1525
953 1874
954 1247
954 1988
955 1265
955 1984
955 2438
956 1510
956 2393
957 1188
957 1541
958 1163
958 1352
959 1927
959 2217
959 2225
960 1318
960 1499
960 1828
962 1776
962 2486
963 1058
963 1780
964 1069
964 1388
964 2103
965 1067
965 1393
965 1817
966 1310
966 1452
966 2357
967 1901
968 1030
968 1611
968 1671
969 1711
970 989
970 1038
970 2522
971 1767
971 2258
972 2519
973 1163
974 2486
975 1522
976 2100
976 2197
977 1413
977 2626
978 1004
978 1266
978 1733
978 1804
978 2024
978 2208
979 1020
979 1029
979 1180
979 1576
979 2027
979 2470
980 1145
980 1660
980 1701
980 1878
980 2335
981 1113
981 1452
982 1454
982 2447
982 2573
983 1043
983 1206
984 1267
984 2422
985 1017
985 1357
985 1526
985 1796
985 2304
987 1117
987 1507
987 1585
987 2021
987 2222
987 2478
988 1265
988 2084
988 2315
989 1595
989 1654
989 1915
990 1393
990 2575
991 1143
991 1445
992 999
992 1000
992 1180
992 1218
992 1358
992 1486
992 2121
992 2414
993 1694
993 2258
993 2561
994 1007
994 1634
995 2439
996 1049
996 1222
996 1278
996 1369
996 2118
997 1125
997 2322
998 1188
998 1937
998 2045
999 2387
1001 1138
1001 1459
1001 2102
1001 2242
1002 1413
1002 2213
1003 1053
1003 1088
1003 1210
1003 1253
1003 1674
1003 2223
1004 2038
1005 1634
1005 2327
1005 2527
1006 1106
1006 1691
1007 1361
1007 1707
1007 1770
1007 2075
1007 2355
1007 2443
1008 1218
1008 1261
1008 1567
1008 1803
1008 1814
1009 2141
1010 1617
1010 1763
1010 1949
1011 2496
1011 2606
1012 1013
1012 1116
1012 1241
1012 1273
1012 1521
1012 2101
1012 2568
1013 2230
1014 2523
1015 1194
1015 1397
1015 2638
1016 1876
1016 2019
1017 1961
1018 1525
1018 1836
1018 2566
1019 1256
1019 1594
1019 2048
1020 1175
1021 1852
1021 2240
1022 1082
1022 1114
1022 1827
1022 2080
1022 2448
1022 2461
1023 1066
1023 1480
1023 2162
1024 1693
1025 1074
1025 1477
1025 1631
1025 1920
1025 1941
1025 2545
1026 1282
1026 2506
1027 1208
1027 2155
1028 1069
1029 1031
1030 1337
1030 1826
1030 1935
1030 2126
1030 2431
1031 1053
1031 1119
1031 1293
1031 2138
1031 2466
1032 2008
1032 2279
1032 2530
1033 1580
1034 1239
1034 1591
1034 1753
1034 2047
1034 2482
1034 2623
1035 1355
1035 1968
1035 2541
1036 1892
1036 2045
1037 1431
1037 2636
1038 1301
1038 1601
1038 1733
1038 1784
1038 2306
1039 1293
1039 1351
1039 1549
1039 1929
1039 2121
1039 2180
1039 2404
1039 2492
1040 1402
1040 1572
1040 1784
1040 1925
1040 2053
1040 2381
1041 1641
1041 2226
1041 2384
1042 1265
1043 1478
1043 1481
1043 1820
1043 2153
1043 2532
1044 1343
1044 2573
1045 1949
1046 1253
1046 1493
1046 1662
1046 2012
1046 2555
1046 2601
1047 1988
1047 2295
1048 1397
1049 2217
1050 1429
1050 2018
1051 1236
1051 1267
1051 2452
1052 1423
1054 1195
1055 2522
1055 2541
1056 2615
1057 1406
1057 2489
1058 1225
1058 1569
1058 1952
1058 2010
1058 2215
1059 1094
1059 1918
1060 1927
1060 2330
1060 2485
1061 1176
1061 1382
1061 1738
1061 1883
1061 2245
1061 2333
1061 2593
1062 1548
1062 2125
1063 1828
1064 1075
1064 1322
1064 1886
1064 2403
1065 1449
1065 1947
1065 2109
1066 1171
1066 1866
1066 1899
1066 2051
1067 1925
1067 2622
1068 1446
1068 2104
1068 2456
1068 2496
1069 1146
1069 1377
1069 1396
1069 1882
1069 2499
1070 1852
1070 2520
1071 1302
1071 1535
1072 2322
1072 2572
1073 2055
1074 2116
1074 2295
1075 1737
1075 2048
1076 1401
1076 2422
1077 1342
1077 1776
1077 2417
1078 1949
1078 2357
1078 2449
1079 1155
1079 1353
1079 1792
1080 1449
1080 1492
1080 2457
1081 1731
1081 2350
1082 2103
1082 2427
1083 2225
1084 1515
1085 2344
1086 1214
1086 1667
1087 2490
1088 2240
1088 2371
1089 2330
1090 1339
1090 2250
1091 1180
1091 1428
1091 1549
1091 1604
1091 1730
1091 2154
1091 2167
1092 1359
1092 1384
1092 1569
1092 1636
1093 1488
1093 2173
1094 1938
1094 2336
1094 2356
1095 1534
1095 1811
1095 2059
1095 2317
1095 2405
1095 2443
1095 2464
1096 1231
1096 2103
1097 1208
1097 1249
1097 1983
1098 1399
1098 1869
1099 1972
1099 2213
1099 2632
1100 2072
1101 1329
1101 1399
1101 2274
1102 2327
1102 2427
1102 2542
1103 2068
1104 1289
1104 1535
1104 1853
1105 2019
1105 2493
1106 1200
1106 2292
1107 1907
1107 2421
1107 2626
1108 2054
1108 2476
1109 2237
1109 2475
1111 1879
1111 2526
1112 1887
1112 1999
1113 1237
1113 1461
1113 1743
1113 1766
1113 2409
1114 2310
1114 2484
1115 2034
1115 2319
1117 1231
1118 2185
1118 2190
1118 2583
1119 1453
1120 1428
1120 1808
1120 1981
1120 2514
1121 2393
1122 1973
1122 2072
1122 2181
1123 1241
1123 1661
1123 2005
1123 2126
1123 2437
1124 1693
1124 1828
1125 1506
1125 1533
1125 2286
1125 2346
1125 2550
1126 1348
1127 2008
1128 2315
1128 2526
1129 1560
1129 1590
1129 2552
1130 1413
1130 2239
1130 2285
1131 1290
1131 1458
1131 1857
1132 1310
1132 1922
1133 1135
1133 1767
1133 1957
1134 1270
1134 1291
1134 2179
1135 1516
1135 1845
1135 2131
1135 2318
1135 2454
1138 2058
1138 2502
1139 1475
1139 1678
1139 1733
1139 2412
1139 2540
1140 2195
1140 2365
1140 2418
1140 2592
1141 1972
1141 2163
1141 2429
1143 1394
1143 1595
1143 2056
1144 1512
1144 1771
1144 2013
1144 2020
1144 2433
1145 2140
1146 1907
1147 1186
1147 2098
1148 1161
1148 1763
1148 2449
1149 2295
1150 1388
1150 1413
1150 1790
1151 1255
1151 1847
1151 2228
1151 2550
1152 1207
1153 1718
1153 1768
1153 2095
1153 2361
1153 2419
1154 1318
1154 1490
1154 2289
1155 1732
1155 1897
1155 2112
1155 2408
1156 2113
1157 1207
1157 1247
1157 2402
1158 1454
1158 1594
1159 1357
1159 1727
1159 1740
1159 2241
1159 2390
1159 2406
1160 2019
1160 2043
1161 1424
1161 1461
1161 1521
1162 1188
1162 2141
1162 2528
1164 2050
1164 2295
1165 1679
1165 1761
1166 1762
1166 2185
1167 1260
1167 1447
1168 2310
1168 2632
1169 1413
1169 2300
1170 2119
1170 2350
1171 2476
1172 1340
1172 1554
1172 2032
1172 2093
1172 2282
1173 1779
1173 2371
1173 2620
1174 1291
1174 1771
1174 2036
1174 2083
1174 2351
1175 1351
1175 1810
1175 1966
1175 1977
1176 1302
1177 1691
1177 1860
1177 2314
1178 2522
1179 1390
1179 1999
1179 2226
1181 2068
1181 2416
1182 1522
1182 2173
1182 2560
1183 2045
1183 2248
1183 2463
1184 1442
1184 1650
1184 1734
1184 2122
1184 2580
1185 1231
1185 2438
1186 1439
1186 1465
1186 1597
1186 1735
1186 2513
1186 2551
1187 1851
1187 2217
1188 1516
1188 1602
1188 2346
1189 1282
1189 2163
1189 2293
1190 2141
1191 1243
1191 1524
1191 2341
1192 1535
1192 2283
1194 1600
1194 1885
1194 2134
1195 1281
1195 1626
1195 1684
1195 2265
1195 2287
1196 1479
1196 1541
1197 1317
1197 1484
1197 2091
1197 2105
1197 2381
1197 2473
1197 2591
1198 1606
1198 1687
1198 1804
1199 2243
1199 2256
1200 2328
1201 1280
1201 1561
1201 1915
1201 2142
1201 2603
1201 2607
1202 1438
1202 2173
1202 2258
1203 2314
1203 2572
1204 1499
1204 2638
1205 1817
1206 1774
1206 1864
1207 1444
1207 1514
1207 1637
1208 1478
1208 1985
1209 2216
1209 2322
1210 2043
1210 2611
1211 2525
1211 2573
1212 1951
1213 1851
1214 1362
1214 1415
1214 1708
1215 2415
1216 2285
1216 2343
1217 1384
1217 1710
1217 1920
1217 2130
1217 2383
1218 1693
1220 1777
1220 1909
1220 1912
1220 2610
1221 1772
1221 2416
1221 2429
1222 1757
1223 1835
1224 1504
1224 1802
1224 2029
1225 1265
1225 2008
1226 1431
1226 1802
1226 2557
1227 1947
1229 1267
1229 1321
1230 1439
1230 1648
1230 1673
1230 2501
1230 2552
1231 1356
1231 1686
1231 1987
1231 2227
1232 1800
1232 2284
1233 2296
1234 1404
1235 2554
1236 1489
1236 1701
1236 1837
1236 2263
1236 2588
1237 2033
1238 1403
1238 1645
1238 1857
1239 2520
1240 2166
1241 2040
1242 1289
1242 1346
1243 1712
1243 1995
1243 2569
1243 2578
1244 1399
1244 2217
1246 1848
1247 1306
1247 1920
1247 2202
1248 1843
1248 1952
1248 1981
1248 2472
1248 2569
1249 1338
1249 1558
1249 1669
1250 2163
1251 1857
1252 2014
1253 2394
1254 2048
1254 2289
1254 2638
1255 1541
1256 1539
1256 1658
1256 1709
1256 2011
1257 2078
1257 2315
1258 2427
1259 1692
1259 2604
1260 1606
1260 1904
1260 2361
1261 1722
1261 2113
1262 1314
1262 1352
1262 2338
1263 1828
1263 2155
1264 2071
1265 2174
1265 2514
1265 2578
1267 1536
1267 1597
1267 2335
1268 1277
1268 1590
1268 1880
1268 2075
1268 2312
1269 1310
1270 2491
1271 1382
1271 1430
1271 1584
1271 1861
1271 1960
1271 2158
1272 1339
1272 1418
1272 2190
1274 2005
1274 2031
1274 2079
1274 2171
1274 2342
1274 2548
1275 1489
1275 1495
1275 1701
1275 2291
1275 2551
1276 1773
1277 1406
1278 2557
1279 1453
1279 2491
1280 2557
1282 1812
1282 1908
1282 2287
1282 2600
1283 1666
1283 2261
1283 2304
1283 2601
1284 2213
1285 1795
1285 1865
1285 2582
1286 2632
1287 2525
1287 2528
1288 1393
1288 1594
1289 1295
1289 2023
1290 1837
1290 1936
1290 2282
1292 1343
1292 1454
1293 2546
1294 1792
1294 2449
1295 1853
1295 2113
1296 1566
1296 1759
1296 1993
1296 2353
1297 2296
1298 1342
1298 1801
1298 2490
1299 1566
1299 1670
1299 2039
1300 1418
1300 2200
1301 1793
1302 1664
1302 1900
1302 2461
1302 2543
1303 1490
1303 2388
1304 1502
1304 1635
1304 1764
1304 2329
1305 2455
1305 2469
1307 1672
1307 1833
1307 2347
1308 1842
1308 2119
1308 2250
1309 1859
1309 2085
1309 2139
1309 2195
1309 2326
1310 1476
1310 2138
1310 2324
1311 1698
1311 2289
1312 1580
1312 2471
1313 2526
1314 1469
1314 1494
1314 2588
1315 1449
1315 2343
1316 2533
1317 1907
1318 1786
1318 1908
1318 2082
1318 2321
1319 2137
1319 2486
1320 1688
1320 2141
1321 1474
1321 1495
1321 2097
1321 2556
1322 2025
1323 1548
1323 2038
1325 1811
1325 2146
1325 2500
1325 2606
1326 2040
1326 2109
1327 1779
1328 1376
1329 1331
1329 1680
1329 2189
1329 2228
1330 2283
1331 1445
1331 1511
1333 1389
1334 1641
1334 1836
1334 2380
1335 1951
1335 2071
1336 1575
1336 2249
1336 2474
1337 1388
1337 2421
1339 1963
1339 2351
1339 2361
1339 2441
1341 1421
1341 1447
1341 2015
1342 1469
1342 1945
1342 2267
1343 1372
1343 1576
1343 2404
1344 2017
1345 1692
1345 1998
1345 2216
1346 1477
1346 2062
1347 1434
1347 2103
1347 2542
1348 2051
1348 2312
1348 2317
1348 2472
1348 2514
1349 2250
1349 2620
1350 2071
1352 1482
1352 2189
1352 2389
1353 1656
1353 1743
1353 2537
1354 1438
1354 2038
1355 1484
1355 1563
1355 2106
1356 1598
1357 1903
1358 2388
1359 2116
1359 2439
1360 1947
1360 2421
1361 2604
1362 1907
1363 2175
1364 1749
1364 2293
1365 2288
1365 2485
1366 1956
1367 1525
1367 2359
1368 2296
1369 1914
1370 2484
1370 2542
1372 2557
1373 1711
1374 1790
1375 1824
1375 2357
1375 2358
1376 1636
1376 1843
1376 1924
1376 2174
1377 2636
1378 2341
1379 2025
1379 2232
1379 2379
1380 1914
1381 2271
1381 2401
1381 2410
1381 2540
1382 2614
1383 2045
1383 2583
1384 2226
1385 1545
1385 2460
1386 2078
1386 2484
1387 1888
1387 2316
1387 2427
1388 1440
1389 1676
1389 2041
1389 2512
1389 2590
1390 1881
1390 1886
1390 1976
1390 2482
1390 2537
1391 1793
1391 2541
1393 1703
1393 2104
1393 2105
1393 2136
1393 2151
1395 1742
1395 1902
1395 2222
1395 2618
1395 2627
1396 2327
1397 1741
1397 1904
1397 1994
1398 1625
1398 2098
1399 1595
1399 1607
1399 2092
1399 2265
1399 2436
1400 1429
1400 2615
1401 1416
1401 1609
1401 2124
1403 1619
1403 1758
1403 1834
1403 2263
1404 1820
1404 1913
1404 2016
1404 2074
1405 1611
1405 1800
1406 1411
1406 1444
1406 1574
1406 1765
1406 2464
1407 2038
1407 2144
1407 2380
1410 1521
1410 1602
1410 1845
1410 2538
1411 1458
1411 1903
1412 2296
1412 2520
1413 1933
1413 2431
1415 1965
1416 1525
1417 2240
1418 1451
1418 1520
1418 2249
1419 2055
1419 2529
1420 1869
1421 1578
1421 1590
1421 1703
1421 1732
1421 2028
1421 2464
1423 1710
1423 1916
1424 1617
1424 2357
1425 1437
1425 2451
1426 2384
1426 2471
1427 1444
1427 1446
1427 1503
1427 2151
1429 1570
1429 1788
1429 1912
1429 1958
1430 2285
1431 1529
1431 1557
1431 2080
1432 2264
1433 1749
1433 1790
1434 1669
1434 2158
1434 2271
1434 2534
1435 1828
1435 2388
1435 2527
1436 2527
1436 2632
1437 2205
1437 2401
1437 2576
1438 1530
1438 1755
1438 1996
1438 2355
1439 2384
1440 2327
1441 2489
1442 1692
1443 1633
1443 2524
1445 1626
1445 1726
1445 2086
1445 2313
1447 1520
1447 1596
1447 1605
1447 2156
1447 2176
1448 2187
1448 2226
1449 1579
1449 1736
1449 2177
1449 2294
1450 2018
1450 2033
1450 2084
1451 1511
1451 1515
1452 1546
1452 1993
1452 2372
1452 2459
1453 1585
1453 1825
1453 2007
1453 2467
1454 2318
1454 2348
1454 2495
1455 2264
1456 1580
1456 1773
1457 1689
1457 2187
1458 1560
1458 1834
1458 2053
1458 2067
1458 2106
1459 1971
1460 2300
1460 2435
1462 2253
1462 2427
1463 2071
1463 2233
1464 2297
1464 2387
1466 1737
1466 2260
1466 2519
1467 1473
1467 1847
1467 1863
1467 2060
1467 2153
1467 2639
1468 1625
1468 1728
1468 2526
1469 2140
1470 1989
1470 2523
1471 1922
1472 1816
1472 2019
1472 2611
1473 2319
1474 1757
1475 2235
1476 1876
1477 2546
1478 2636
1479 2079
1479 2346
1480 1782
1480 1880
1480 1981
1480 2059
1481 2221
1482 2050
1483 1903
1483 2232
1484 2471
1485 2144
1486 1598
1486 2109
1487 2185
1487 2502
1488 1526
1488 1588
1488 2261
1488 2325
1490 1593
1490 1997
1492 1861
1492 2198
1492 2305
1492 2309
1492 2420
1493 1510
1494 1951
1494 2308
1495 2422
1496 2067
1496 2154
1496 2551
1499 1593
1499 1885
1499 2518
1500 2429
1501 2037
1501 2463
1502 1772
1502 2243
1503 2289
1504 1677
1504 1819
1504 2117
1504 2247
1504 2448
1505 1761
1505 1853
1506 2463
1507 2320
1507 2352
1508 1653
1509 2253
1509 2398
1510 1864
1510 2060
1510 2348
1511 1606
1511 1660
1511 2246
1511 2354
1511 2436
1512 2296
1513 1728
1513 1901
1515 1794
1515 2208
1515 2386
1515 2625
1516 1983
1517 1633
1517 1836
1517 1874
1518 2166
1518 2446
1519 1728
1519 1879
1519 2446
1520 2463
1522 1789
1522 2027
1522 2124
1522 2183
1522 2195
1522 2492
1523 1876
1523 2350
1524 1996
1524 2022
1524 2354
1525 1738
1526 2620
1527 2237
1527 2248
1528 2197
1529 2221
1529 2380
1531 2429
1532 1694
1532 1961
1532 2008
1533 2235
1534 2288
1535 1883
1535 1955
1535 2450
1536 2338
1537 1746
1537 1787
1537 1943
1537 2001
1537 2003
1538 2248
1539 2034
1540 2017
1540 2054
1541 1932
1541 2065
1541 2349
1542 1892
1542 2415
1543 1639
1543 2109
1544 2182
1544 2343
1546 2018
1547 2209
1548 1703
1548 2186
1550 2125
1550 2144
1550 2484
1551 2175
1551 2341
1551 2415
1552 2157
1553 1594
1553 2330
1554 1691
1555 1763
1555 2358
1556 2127
1556 2520
1557 2043
1557 2542
1558 2157
1558 2427
1559 2388
1560 2379
1561 2316
1562 1634
1562 2103
1564 1731
1564 2190
1564 2475
1565 2008
1566 2033
1568 2308
1568 2452
1569 2416
1570 2415
1571 1901
1571 2071
1572 2243
1573 1815
1573 1921
1573 1939
1574 1645
1574 2379
1575 2125
1577 2398
1578 2037
1578 2615
1579 2387
1579 2626
1580 1978
1580 2292
1581 1817
1581 2197
1582 1639
1582 1949
1582 2141
1583 1893
1583 2403
1583 2579
1583 2623
1586 1689
1586 2014
1587 1956
1588 2279
1588 2561
1589 1663
1589 1869
1591 2284
1592 2523
1593 2632
1594 2026
1594 2497
1596 1665
1598 2120
1598 2599
1598 2605
1598 2618
1599 1720
1599 2528
1600 2230
1600 2289
1604 2025
1605 1761
1605 2125
1607 2163
1607 2523
1608 2014
1610 1639
1611 1695
1611 1795
1611 1940
1611 2031
1611 2565
1612 2502
1613 2512
1613 2608
1614 1653
1614 2308
1615 2029
1615 2447
1616 2090
1617 1719
1617 2191
1618 2050
1618 2119
1619 1961
1620 2341
1621 2175
1622 2566
1623 2255
1624 2328
1624 2415
1625 1673
1625 1797
1625 2406
1625 2507
1626 2523
1627 2233
1627 2438
1628 1641
1628 2515
1629 2144
1630 1851
1631 2162
1633 2245
1633 2585
1633 2592
1635 2232
1638 2213
1638 2533
1639 1661
1639 2407
1640 2233
1641 2567
1641 2595
1642 1717
1642 2062
1642 2159
1642 2275
1642 2329
1642 2450
1643 1693
1643 2529
1644 2341
1645 1936
1646 1766
1646 1945
1646 2510
1648 1984
1649 1809
1650 1852
1651 2096
1651 2554
1652 1848
1652 2050
1653 2598
1655 1968
1656 2415
1657 1851
1657 2157
1658 1927
1658 2574
1659 1790
1660 2015
1662 2574
1663 1910
1663 2276
1663 2305
1663 2392
1663 2581
1664 2398
1665 1833
1665 1878
1665 2403
1666 2161
1666 2611
1667 1832
1667 2122
1668 1780
1668 2384
1670 2447
1670 2557
1671 1976
1672 2015
1672 2638
1673 2529
1674 1816
1675 1973
1676 1998
1676 2297
1677 2515
1678 2357
1679 1723
1679 2003
1679 2176
1679 2186
1679 2301
1680 1988
1682 2486
1682 2520
1683 2140
1683 2279
1684 1809
1684 1815
1685 1836
1685 2572
1687 2096
1687 2572
1688 2405
1688 2413
1688 2496
1689 2202
1690 1860
1690 1887
1690 1983
1691 1978
1691 2625
1692 1759
1693 1855
1693 2194
1693 2340
1694 1934
1694 1975
1694 2189
1694 2440
1695 2531
1696 1852
1696 1950
1696 2137
1697 2054
1697 2288
1697 2574
1698 1704
1698 1739
1698 1833
1698 1994
1698 2134
1699 1767
1699 1793
1700 2000
1700 2175
1702 2296
1704 2015
1705 2161
1706 2546
1706 2626
1707 2611
1708 2486
1709 2485
1710 2446
1711 1716
1711 2089
1712 2573
1713 1835
1713 2455
1714 1947
1715 2343
1715 2525
1716 1720
1717 2049
1717 2113
1718 1731
1718 2583
1720 2236
1720 2241
1720 2290
1720 2391
1720 2428
1721 2187
1722 1758
1722 2397
1722 2570
1724 2078
1725 2232
1725 2429
1726 2163
1728 2465
1729 2229
1730 2476
1731 1963
1731 1974
1731 2613
1731 2621
1734 2072
1734 2113
1735 2055
1736 2230
1737 1743
1737 1841
1737 1959
1737 2160
1739 2221
1740 2457
1741 1857
1745 2561
1747 1762
1747 2229
1747 2566
1749 1789
1749 1935
1749 1977
1749 2066
1749 2603
1750 1922
1751 1903
1751 2182
1751 2277
1752 2078
1755 2522
1756 2029
1757 1898
1757 1934
1757 1952
1757 2174
1757 2299
1758 2530
1759 2515
1760 2128
1761 1787
1761 1859
1761 2593
1762 1963
1762 2013
1762 2586
1763 2521
1764 1780
1765 1879
1765 2098
1766 1815
1767 1966
1767 2085
1767 2183
1768 2350
1769 1853
1769 2385
1770 2574
1772 2188
1772 2307
1772 2453
1773 1871
1773 2032
1773 2405
1774 1857
1774 2319
1775 2297
1775 2314
1776 2513
1777 2449
1778 2034
1778 2070
1778 2449
1779 1940
1779 2601
1780 1924
1780 2097
1780 2130
1780 2465
1781 2162
1781 2493
1783 1887
1783 2319
1784 1968
1785 2630
1787 2125
1788 1884
1790 2064
1790 2565
1791 2090
1792 1958
1792 2510
1793 1839
1793 1962
1793 2600
1794 1802
1794 2099
1795 1888
1796 2530
1797 2446
1798 2233
1798 2451
1799 1850
1799 2039
1799 2423
1799 2442
1800 2004
1800 2114
1800 2150
1800 2562
1801 2154
1801 2472
1801 2549
1801 2610
1802 1891
1802 1958
1803 2561
1805 2330
1805 2574
1806 1973
1806 2486
1807 2357
1809 1841
1809 2370
1809 2559
1812 1918
1812 2320
1813 2596
1814 2388
1815 2340
1816 2080
1817 1964
1817 2242
1817 2591
1818 1937
1818 2237
1819 2380
1819 2636
1821 2000
1823 2127
1823 2187
1823 2439
1824 2215
1824 2584
1825 1922
1827 2161
1828 2234
1829 2384
1829 2439
1830 2574
1831 2636
1832 2137
1835 2214
1835 2244
1835 2445
1835 2628
1836 1978
1836 2009
1836 2262
1836 2399
1839 1972
1840 1999
1840 2393
1841 1989
1842 1992
1842 2123
1843 2008
1844 1918
1844 2371
1844 2574
1846 2281
1847 2583
1848 2035
1848 2420
1848 2440
1848 2577
1849 2229
1850 2533
1851 2266
1852 2553
1853 2275
1853 2326
1854 2557
1854 2614
1856 1939
1856 2255
1857 2060
1858 2040
1859 2049
1860 2538
1861 2248
1862 2190
1863 2344
1865 2240
1867 2359
1868 2455
1869 2313
1869 2602
1869 2637
1872 2137
1874 2145
1874 2165
1874 2282
1874 2577
1875 2320
1876 1929
1876 2007
1876 2223
1877 2402
1878 2274
1879 1905
1879 2081
1879 2501
1879 2552
1880 2328
1881 2439
1883 2161
1884 2337
1884 2365
1884 2637
1886 2015
1887 2619
1888 2012
1888 2158
1888 2303
1889 1984
1890 1957
1890 2541
1892 2063
1892 2474
1893 1999
1893 2439
1894 2457
1894 2614
1895 2157
1896 2221
1897 2070
1900 2542
1901 2263
1901 2511
1903 2188
1903 2353
1905 2182
1905 2438
1906 2583
1907 1933
1908 2213
1909 2037
1910 2090
1911 1998
1911 2033
1913 2435
1914 2488
1916 1971
1917 2371
1917 2485
1918 2011
1918 2169
1919 2017
1921 2121
1921 2470
1921 2549
1923 2058
1923 2197
1924 2416
1925 2471
1926 2103
1926 2527
1926 2604
1927 2204
1928 2055
1928 2297
1930 2240
1930 2385
1931 2137
1932 2322
1932 2463
1933 1947
1934 2530
1937 2510
1937 2537
1937 2565
1938 2300
1939 2023
1939 2159
1939 2167
1939 2545
1939 2616
1942 2289
1942 2529
1943 2328
1944 2175
1944 2529
1945 2308
1946 2277
1946 2530
1948 2046
1949 2101
1949 2456
1950 1997
1950 2196
1951 2513
1953 2002
1953 2330
1953 2560
1954 2300
1954 2421
1955 2072
1956 2247
1956 2386
1957 2168
1957 2212
1957 2218
1957 2432
1960 2096
1961 2053
1961 2299
1962 2554
1964 2502
1965 2044
1966 2560
1967 2155
1967 2239
1968 2345
1968 2517
1970 2025
1970 2046
1970 2155
1971 2065
1971 2301
1971 2563
1972 2082
1972 2168
1973 2147
1973 2268
1975 2308
1979 2457
1980 2344
1982 2127
1982 2137
1982 2296
1983 2101
1983 2135
1984 2022
1985 2221
1985 2344
1989 2041
1989 2132
1989 2386
1990 2539
1991 2068
1991 2546
1992 2000
1992 2264
1994 2260
1995 2098
1996 2071
1998 2280
1999 2020
1999 2586
2000 2231
2000 2505
2001 2078
2002 2077
2002 2131
2004 2068
2006 2213
2006 2421
2008 2118
2008 2556
2012 2620
2014 2595
2016 2084
2016 2533
2017 2214
2017 2252
2017 2337
2018 2254
2018 2563
2019 2466
2019 2555
2024 2452
2025 2188
2026 2320
2026 2487
2028 2144
2029 2366
2030 2040
2030 2452
2032 2297
2033 2467
2034 2169
2034 2348
2034 2623
2035 2566
2036 2162
2037 2301
2037 2408
2038 2057
2038 2374
2040 2192
2040 2587
2042 2531
2043 2111
2043 2448
2044 2250
2045 2628
2046 2089
2046 2323
2046 2570
2047 2137
2048 2061
2048 2363
2049 2450
2049 2480
2050 2339
2052 2197
2052 2209
2052 2384
2054 2056
2054 2363
2055 2368
2055 2375
2055 2414
2056 2525
2057 2285
2057 2457
2058 2105
2059 2281
2061 2330
2061 2575
2063 2237
2064 2421
2065 2235
2066 2626
2068 2211
2068 2617
2069 2285
2069 2476
2069 2557
2072 2179
2072 2220
2073 2524
2076 2197
2076 2471
2077 2485
2079 2284
2081 2098
2081 2529
2082 2300
2083 2084
2084 2372
2084 2423
2085 2229
2087 2284
2087 2531
2090 2377
2090 2602
2095 2185
2095 2475
2096 2309
2096 2625
2097 2178
2098 2164
2099 2112
2100 2207
2100 2227
2100 2627
2102 2358
2106 2530
2107 2491
2109 2276
2109 2504
2110 2561
2111 2402
2113 2268
2113 2354
2115 2264
2115 2620
2116 2477
2116 2544
2117 2221
2119 2396
2119 2494
2120 2519
2123 2283
2123 2629
2127 2364
2128 2235
2129 2330
2130 2439
2131 2574
2134 2200
2135 2393
2136 2144
2137 2548
2139 2178
2140 2172
2140 2440
2141 2151
2141 2606
2143 2449
2145 2229
2146 2393
2147 2341
2148 2258
2148 2277
2148 2620
2149 2596
2150 2166
2152 2297
2155 2428
2157 2269
2157 2534
2160 2490
2161 2631
2162 2184
2164 2384
2164 2417
2166 2201
2166 2564
2166 2635
2169 2330
2170 2295
2170 2402
2170 2489
2171 2520
2173 2212
2175 2375
2175 2494
2178 2307
2178 2634
2179 2629
2180 2447
2181 2246
2181 2275
2181 2397
2181 2580
2182 2290
2182 2507
2182 2536
2184 2187
2184 2402
2185 2441
2185 2609
2186 2484
2187 2337
2187 2370
2192 2487
2193 2629
2196 2255
2197 2598
2199 2449
2200 2302
2200 2481
2201 2531
2202 2489
2203 2283
2204 2527
2204 2604
2205 2438
2207 2239
2209 2381
2209 2571
2210 2561
2211 2526
2213 2511
2216 2298
2217 2590
2219 2358
2219 2475
2221 2499
2224 2388
2225 2269
2225 2270
2225 2410
2226 2369
2226 2579
2227 2451
2229 2311
2229 2332
2230 2518
2230 2581
2232 2634
2233 2351
2233 2367
2234 2289
2234 2632
2235 2347
2235 2495
2235 2497
2238 2387
2239 2479
2240 2498
2240 2555
2242 2256
2243 2634
2247 2557
2251 2455
2253 2271
2253 2418
2254 2322
2254 2515
2256 2613
2258 2304
2258 2400
2259 2515
2260 2302
2260 2518
2261 2277
2262 2281
2266 2447
2268 2283
2273 2352
2273 2539
2276 2626
2277 2390
2278 2394
2279 2299
2279 2389
2281 2312
2281 2362
2283 2580
2284 2303
2285 2333
2285 2366
2287 2429
2292 2572
2293 2607
2295 2383
2302 2638
2305 2343
2309 2316
2310 2479
2310 2547
2315 2535
2315 2612
2316 2333
2317 2328
2320 2477
2320 2568
2323 2561
2325 2352
2327 2458
2328 2399
2328 2608
2329 2469
2332 2352
2334 2358
2334 2583
2335 2338
2336 2476
2343 2382
2344 2442
2352 2400
2357 2467
2358 2589
2359 2412
2363 2455
2364 2471
2368 2417
2373 2502
2376 2471
2379 2390
2379 2453
2383 2493
2387 2605
2389 2629
2393 2413
2393 2538
2394 2553
2394 2582
2395 2626
2404 2422
2406 2438
2411 2523
2413 2573
2423 2435
2424 2487
2425 2435
2426 2572
2429 2603
2432 2554
2435 2483
2435 2511
2435 2624
2436 2629
2438 2569
2438 2627
2439 2567
2446 2535
2446 2544
2446 2594
2451 2507
2451 2578
2454 2485
2458 2604
2460 2522
2460 2615
2468 2524
2469 2473
2469 2543
2469 2622
2471 2584
2475 2628
2475 2639
2478 2506
2481 2528
2493 2616
2495 2575
2502 2621
2519 2637
2522 2602
2524 2540
2531 2617
2539 2558
2542 2547
2546 2564
2546 2616
2560 2624
2568 2575
2588 2630
2620 2631
