2904 6336
0 477
0 2345
0 2854
1 791
1 1740
1 2278
2 694
2 1178
2 2155
3 481
3 1281
3 1710
4 240
4 309
4 1619
4 2342
4 2422
4 2502
4 2584
4 2588
5 2327
5 2346
5 2735
6 15
6 1333
6 2890
7 359
7 848
7 867
7 976
7 981
7 1074
7 2079
7 2113
8 1280
8 1696
8 2653
9 699
9 1540
9 2086
10 1884
10 2076
10 2120
11 1606
11 1952
11 2352
12 188
12 847
12 1923
13 294
13 576
13 1431
13 1494
13 1524
13 1750
13 1954
13 2747
14 1529
14 1630
14 2209
15 143
15 1193
15 1455
15 1508
15 2249
15 2467
15 2681
16 178
16 1335
16 2412
17 140
17 2524
17 2562
18 1430
18 2592
18 2656
19 1824
19 1843
19 2818
20 1604
20 2298
20 2470
21 154
21 997
21 1091
21 1330
21 1390
21 1562
21 2062
21 2316
22 618
22 922
22 1006
22 1255
22 1588
22 1728
22 2335
22 2413
23 365
23 1169
23 1541
24 48
24 1510
24 1963
25 791
25 2039
25 2150
26 162
26 391
26 429
27 1723
27 2220
27 2359
28 926
28 2227
28 2378
29 224
29 561
29 1058
29 1303
29 1313
29 1728
29 2019
29 2797
30 1038
30 1472
30 1900
31 320
31 551
31 783
31 816
31 2164
31 2199
31 2308
31 2404
32 333
32 1239
32 2420
33 1840
33 2345
33 2359
34 327
34 1113
34 1193
34 1881
34 2174
34 2251
34 2657
34 2842
35 43
35 2381
35 2706
36 300
36 400
36 816
36 1203
36 1307
36 1451
36 2503
36 2541
37 282
37 660
37 854
37 874
37 925
37 1459
37 1716
37 2143
38 379
38 479
38 1978
39 1223
39 1840
39 2648
40 1070
40 1241
40 1681
41 97
41 882
41 1103
41 1851
41 2164
41 2320
41 2721
41 2759
42 212
42 323
42 1681
43 494
43 677
43 1556
43 1766
43 2091
43 2235
43 2490
44 921
44 2250
44 2818
45 253
45 1131
45 1503
46 806
46 1987
46 2480
47 875
47 1023
47 2553
48 100
48 206
48 798
48 1367
48 1384
48 1522
48 1999
49 69
49 205
49 501
49 1511
49 1594
49 1920
49 2695
49 2812
50 206
50 225
50 258
50 329
50 361
50 1397
50 1701
50 2491
51 414
51 600
51 1143
51 1792
51 1971
51 2274
51 2634
51 2847
52 109
52 670
52 954
52 1235
52 1459
52 2411
52 2563
52 2600
53 1004
53 2142
53 2678
54 166
54 528
54 918
54 1291
54 1567
54 1822
54 2332
54 2691
55 590
55 933
55 990
55 1119
55 1240
55 1769
55 2109
55 2485
56 965
56 1302
56 2853
57 2022
57 2268
57 2540
58 59
58 414
58 457
58 688
58 756
58 2440
58 2577
58 2860
59 980
59 2145
60 261
60 422
60 2423
61 249
61 1703
61 2654
62 629
62 1126
62 1333
63 771
63 1004
63 1365
64 420
64 785
64 809
64 977
64 1270
64 1330
64 1431
64 2003
65 661
65 678
65 770
65 803
65 1354
65 1461
65 1614
65 2516
66 508
66 654
66 2653
67 527
67 1724
67 2126
68 69
68 128
68 417
68 1161
68 1288
68 1915
68 2064
68 2419
69 1169
70 435
70 641
70 1623
71 1215
71 2299
71 2425
72 557
72 1093
72 1362
73 242
73 943
73 1580
74 220
74 522
74 556
74 622
74 1886
74 2311
74 2328
74 2460
75 275
75 554
75 648
75 752
75 1110
75 1689
75 2009
75 2318
76 519
76 578
76 900
77 810
77 995
77 2241
78 529
78 1540
78 1910
79 1121
79 2262
79 2325
80 470
80 504
80 1086
80 1514
80 1727
80 1794
80 2149
80 2597
81 492
81 1575
81 1948
82 360
82 1007
82 2120
83 241
83 744
83 2105
84 1361
84 1765
84 2838
85 751
85 1178
85 2131
86 811
86 1080
86 1107
86 1308
86 1618
86 1656
86 1993
86 2121
87 1149
87 2345
87 2520
88 2126
88 2388
88 2570
89 102
89 349
89 2094
90 103
90 510
90 1503
91 546
91 2133
91 2825
92 364
92 2486
92 2617
93 517
93 900
93 1220
94 681
94 980
94 2843
95 950
95 1019
95 1172
95 1189
95 1485
95 1505
95 2310
95 2701
96 388
96 1833
96 2105
97 2562
97 2630
98 375
98 388
98 1454
99 1127
99 1356
99 2733
100 900
100 1341
101 1741
101 1801
101 2352
102 642
102 1820
102 1959
102 1995
102 2102
102 2691
102 2858
103 705
103 1143
103 1209
103 1230
103 1292
103 2007
103 2574
104 502
104 506
104 588
104 1120
104 1267
104 1533
104 1887
104 2532
105 190
105 333
105 2423
106 1055
106 1388
106 1663
107 929
107 2432
107 2893
108 541
108 1670
108 1815
109 1580
109 2051
110 654
110 710
110 2388
111 629
111 2148
111 2843
112 1136
112 2239
112 2778
113 345
113 704
113 2864
114 283
114 612
114 765
114 1146
114 1225
114 1439
114 1799
114 2642
115 1541
115 2397
115 2890
116 510
116 966
116 1023
117 215
117 603
117 1319
117 1545
117 1559
117 1599
117 2012
117 2159
118 841
118 1551
118 1672
118 1711
118 1891
118 2128
118 2429
118 2631
119 508
119 730
119 2790
120 429
120 1121
120 2798
121 248
121 1089
121 2494
122 1206
122 2082
122 2476
123 1987
123 2599
123 2790
124 484
124 948
124 2211
125 510
125 875
125 1185
126 683
126 1368
126 1430
127 1302
127 1843
127 2412
128 952
128 1811
129 1192
129 1694
129 2470
130 171
130 944
130 1082
131 173
131 653
131 1761
132 751
132 2376
132 2722
133 566
133 664
133 666
133 1128
133 1675
133 2276
133 2629
133 2675
134 1022
134 1297
134 2331
135 290
135 1467
135 1624
136 1065
136 2002
136 2051
137 1297
137 2482
137 2653
138 1503
138 1811
138 2824
139 608
139 1188
139 2548
140 503
140 605
140 1719
140 1846
140 2053
140 2452
140 2623
141 233
141 379
141 1686
142 276
142 512
142 2151
143 376
143 2540
144 1192
144 2246
144 2573
145 1698
145 1873
145 2778
146 625
146 909
146 1302
147 238
147 391
147 2424
148 648
148 1054
148 1648
148 1876
148 2153
148 2490
148 2781
148 2839
149 199
149 238
149 1157
150 764
150 971
150 2346
151 1045
151 1450
151 2595
152 1333
152 2824
152 2826
153 794
153 1538
153 1896
154 1341
154 1805
155 780
155 786
155 849
155 1349
155 1404
155 1489
155 1542
155 1734
156 257
156 1012
156 2900
157 1280
157 1467
157 2601
158 360
158 1254
158 2687
159 248
159 726
159 771
160 1434
160 1771
160 2546
161 1187
161 1483
161 2656
162 690
162 829
162 1085
162 1243
162 1399
162 1632
162 2273
163 479
163 527
163 2248
164 943
164 1579
164 2124
165 268
165 1816
165 2602
166 747
166 1419
167 1152
167 1577
167 2559
168 475
168 574
168 2166
169 200
169 1615
169 1918
170 1434
170 1879
170 2383
171 703
171 746
171 1141
171 1271
171 1809
171 2128
171 2604
172 1765
172 2734
172 2835
173 522
173 630
173 1233
173 1425
173 1500
173 1688
173 2356
174 864
174 991
174 1024
175 672
175 889
175 1022
176 1241
176 1450
176 1540
177 266
177 1024
177 2089
178 593
178 619
178 986
178 1125
178 1327
178 1619
178 2301
179 1309
179 2416
179 2630
180 598
180 945
180 2133
181 202
181 1022
181 1892
182 697
182 1096
182 1133
182 1695
182 1776
182 2312
182 2477
182 2876
183 208
183 471
183 1136
184 574
184 1135
184 2798
185 344
185 1220
185 2170
186 454
186 2383
186 2722
187 375
187 1101
187 2680
188 330
188 336
188 408
188 721
188 1505
188 1554
188 1675
189 244
189 975
189 2055
190 446
190 607
190 1975
190 2320
190 2457
190 2514
190 2863
191 598
191 810
191 1803
192 344
192 668
192 1783
193 484
193 713
193 2734
194 2056
194 2378
194 2687
195 244
195 410
195 1676
196 293
196 772
196 1508
196 1712
196 2006
196 2168
196 2767
196 2804
197 208
197 2628
197 2750
198 952
198 2299
198 2325
199 447
199 586
199 719
199 858
199 1719
199 2156
199 2817
200 417
200 879
200 1293
200 1317
200 1790
200 2113
200 2487
201 685
201 832
201 1342
201 1929
201 1944
201 2274
201 2487
201 2844
202 227
202 1245
202 1600
202 2077
202 2176
202 2781
202 2875
203 727
203 2142
203 2392
204 323
204 695
204 1358
205 751
205 1168
206 998
207 244
207 2056
207 2150
208 708
208 1548
208 1683
208 2075
208 2742
208 2788
209 1258
209 2494
209 2838
210 287
210 1487
210 1676
211 250
211 390
211 2853
212 1513
212 2085
212 2143
212 2324
212 2336
212 2449
212 2748
213 691
213 1974
213 2661
214 1622
214 2042
214 2182
215 1238
215 2154
216 2698
216 2802
216 2851
217 395
217 1708
217 1911
217 2229
217 2389
217 2489
217 2700
217 2848
218 435
218 2055
218 2331
219 1066
219 1428
219 1783
220 747
220 965
221 653
221 747
221 909
222 680
222 1797
222 2680
223 768
223 957
223 1247
223 1287
223 2210
223 2238
223 2566
223 2774
224 276
224 1918
225 2667
225 2890
226 996
226 1939
226 2002
227 372
227 1916
228 436
228 474
228 706
228 1261
228 1836
228 2222
228 2317
228 2757
229 242
229 387
229 2175
230 248
230 1258
230 1740
231 372
231 641
231 2383
232 598
232 747
232 2139
233 428
233 465
233 836
233 1267
233 2371
233 2407
233 2672
234 558
234 1278
234 1804
235 301
235 309
235 1498
235 1717
235 2194
235 2731
235 2877
235 2902
236 617
236 1324
236 1722
236 1798
236 2073
236 2219
236 2428
236 2755
237 1278
237 2139
237 2266
238 891
238 1144
238 1425
238 1932
238 2107
238 2112
239 1223
239 2076
239 2825
240 1269
240 2482
241 269
241 1061
241 1474
241 1539
241 1549
241 1935
241 2083
242 841
242 1225
242 1406
242 1426
242 1578
242 2756
243 599
243 1849
243 2892
244 451
244 754
244 1420
244 2196
244 2292
245 1085
245 1142
245 1158
245 1495
245 2041
245 2071
245 2581
245 2582
246 654
246 911
246 2785
247 718
247 1350
247 1646
248 1274
248 1496
248 1852
248 2072
248 2306
249 1210
249 1543
249 2049
249 2061
249 2202
249 2625
249 2803
250 304
250 326
250 1616
250 1635
250 2575
250 2689
250 2887
251 456
251 618
251 1294
251 1720
251 1883
251 2099
251 2485
251 2569
252 672
252 1761
252 2662
253 877
253 888
253 993
253 1033
253 1726
253 2093
253 2409
254 470
254 840
254 1003
254 1179
254 1440
254 1513
254 1708
254 1828
255 397
255 911
255 2779
256 385
256 1285
256 2854
257 288
257 610
257 736
257 1140
257 1244
257 1293
257 2443
258 1358
258 1572
259 962
259 1012
259 1417
260 647
260 887
260 1485
260 1593
260 2629
260 2641
260 2663
260 2891
261 696
261 697
261 1354
261 2050
261 2537
261 2609
261 2761
262 388
262 710
262 796
263 426
263 506
263 568
263 805
263 1345
263 1774
263 2714
263 2792
264 501
264 894
264 1002
264 1477
264 1535
264 1904
264 2033
264 2406
265 333
265 448
265 2813
266 860
266 1166
266 1907
266 2021
266 2225
266 2668
266 2793
267 627
267 938
267 1607
268 496
268 1064
268 1448
268 1781
268 2709
268 2744
268 2842
269 873
269 2298
270 938
270 1814
270 1855
271 1685
271 2090
271 2802
272 713
272 1372
272 2447
273 286
273 1698
273 2558
274 2369
274 2722
274 2729
275 720
275 1023
276 859
276 1147
276 1340
276 1780
276 2034
276 2282
277 1352
277 1634
277 2538
278 1634
278 1686
278 2383
279 919
279 992
279 1070
280 387
280 1452
280 1575
281 1607
281 2150
281 2522
282 482
282 1358
283 596
283 713
284 702
284 1097
284 1132
284 1164
284 1998
284 2659
284 2751
284 2899
285 1797
285 2179
285 2470
286 922
286 1076
286 1166
286 1294
286 2703
286 2833
286 2836
287 399
287 752
287 1054
287 1401
287 2251
287 2555
287 2649
288 1155
288 1334
289 773
289 2824
289 2835
290 356
290 382
290 597
290 1039
290 1290
290 2017
290 2828
291 512
291 646
291 2022
292 783
292 1133
292 1373
292 1395
292 1463
292 2394
292 2448
292 2473
293 587
293 1484
294 533
294 2152
295 402
295 592
295 2494
296 779
296 782
296 1076
296 1421
296 1557
296 1631
296 1709
296 2038
297 1034
297 1918
297 1939
298 557
298 1804
298 1983
299 683
299 1187
299 1362
300 987
300 1466
301 1335
301 1824
302 1896
302 2388
302 2826
303 661
303 754
303 1048
303 1261
303 1317
303 1726
303 2064
303 2867
304 873
304 2067
305 720
305 920
305 1372
306 599
306 889
306 1577
307 2347
307 2595
307 2798
308 438
308 2228
308 2423
309 375
310 541
310 1491
310 1652
311 992
311 1847
311 1948
312 316
312 425
312 577
312 993
312 1046
312 1310
312 1858
312 2770
313 2378
313 2420
313 2423
314 495
314 1144
314 1323
314 1424
314 1460
314 1544
314 1846
314 2024
315 713
315 773
315 2483
316 602
316 1853
317 323
317 966
317 2416
318 1125
318 1173
318 1509
318 1807
318 1813
318 2005
318 2377
318 2902
319 344
319 1428
319 2893
320 1241
320 2346
321 596
321 1785
321 1843
322 1483
322 1843
322 2011
323 361
323 1103
323 1469
323 1682
323 1930
324 774
324 1615
324 2475
325 485
325 586
325 892
325 1323
325 1778
325 2029
325 2167
325 2384
326 2011
326 2240
327 646
327 2293
328 545
328 565
328 662
328 1274
328 2183
328 2263
328 2370
328 2468
329 1126
329 2329
330 1101
330 1568
331 694
331 844
331 2593
332 453
332 929
332 2816
333 822
333 1702
333 2396
333 2655
333 2896
334 471
334 1403
334 2268
335 450
335 979
335 1926
336 1783
336 2825
337 1973
337 1974
337 2166
338 692
338 912
338 928
338 1725
338 1745
338 1930
338 2244
338 2449
339 1687
339 2548
339 2778
340 1402
340 2446
340 2638
341 429
341 516
341 929
342 754
342 768
342 1256
342 1796
342 1859
342 2186
342 2284
342 2317
343 553
343 741
343 1880
344 1418
344 1877
344 2071
344 2163
344 2655
345 658
345 1199
345 1230
345 1793
345 2026
345 2221
345 2344
346 455
346 800
346 1063
346 1406
346 1626
346 2180
346 2204
346 2806
347 1208
347 1824
347 2209
348 1884
348 2224
348 2735
349 485
349 503
349 1655
349 2115
349 2304
349 2655
349 2883
350 508
350 1963
350 2785
351 749
351 1183
351 2253
351 2333
351 2441
351 2695
351 2728
351 2808
352 908
352 1342
352 1409
352 1588
352 1595
352 1782
352 2098
352 2878
353 578
353 695
353 998
354 1400
354 1568
354 2193
355 733
355 1318
355 1694
356 1217
356 1805
357 446
357 1079
357 1257
357 1379
357 1999
357 2226
357 2269
357 2812
358 755
358 1118
358 2224
359 794
359 2182
360 488
360 763
360 1219
360 1786
360 2198
360 2836
361 1169
362 553
362 1175
362 2359
363 1663
363 2123
363 2294
364 459
364 696
364 714
364 1077
364 1337
364 1469
364 1742
365 760
365 1130
365 1270
365 1375
365 2231
365 2269
365 2765
366 733
366 1101
366 1638
367 1155
367 2480
367 2611
368 369
368 1350
368 2829
369 1108
369 1394
369 1757
369 1947
369 1990
369 2052
369 2605
370 430
370 515
370 907
370 1717
370 1894
370 2301
370 2711
370 2830
371 972
371 987
371 2520
372 1237
372 1502
372 2043
372 2176
372 2271
372 2401
373 1217
373 1987
373 2683
374 1350
374 2140
374 2432
375 434
375 986
375 1077
375 1736
375 2531
376 1381
376 1831
376 1863
376 1922
376 2157
376 2328
376 2615
377 844
377 1038
377 2150
378 804
378 1744
378 2901
379 400
379 452
379 536
379 1092
379 1384
379 2256
380 2365
380 2601
380 2683
381 724
381 870
381 1896
382 533
382 1454
383 879
383 967
383 1068
383 1180
383 1249
383 1526
383 1586
383 2010
384 960
384 1615
384 2141
385 1099
385 1597
385 1633
385 2185
385 2399
385 2676
385 2870
386 450
386 668
386 2261
387 778
387 1672
387 2027
387 2394
387 2543
387 2850
388 677
388 1667
388 2136
388 2305
388 2403
389 621
389 1054
389 1104
389 1106
389 1659
389 1684
389 2084
389 2363
390 511
390 590
390 631
390 1612
390 1690
390 1800
390 2393
391 1134
391 1174
391 1416
391 1469
391 1620
391 2184
392 1940
392 2674
392 2873
393 1516
393 2314
393 2722
394 1473
394 1783
394 2564
395 1043
395 2423
396 402
396 2182
396 2475
397 530
397 1201
397 1231
397 1413
397 1837
397 1915
397 2821
398 1234
398 2538
398 2548
399 2078
399 2466
400 1952
401 971
401 979
401 2669
402 550
402 722
402 1848
402 1914
402 2393
402 2569
403 448
403 527
403 1568
404 1004
404 1630
404 2725
405 1169
405 1605
405 2299
406 970
406 1388
406 2392
407 667
407 1131
407 2438
408 1254
408 2587
409 466
409 1495
409 1603
409 1632
409 1654
409 2047
409 2301
409 2902
410 573
410 958
410 1025
410 1617
410 1964
410 2168
410 2757
411 475
411 971
411 2227
412 1351
412 1429
412 2240
413 1826
413 2247
413 2278
414 2067
415 899
415 1269
415 1277
416 635
416 1168
416 1605
417 2619
418 1840
418 1884
418 2560
419 1224
419 1797
419 2769
420 615
420 2560
421 638
421 1036
421 2288
422 871
422 1305
422 2258
422 2319
422 2616
422 2643
422 2867
423 948
423 1940
423 2391
424 451
424 706
424 1453
424 1457
424 1527
424 1712
424 1858
424 2165
425 668
425 1952
426 2548
426 2869
427 1570
427 1613
427 1899
428 519
428 2011
429 893
429 904
429 1706
429 2277
429 2774
430 1135
430 2294
431 668
431 1066
431 2893
432 2056
432 2635
432 2856
433 725
433 745
433 1724
434 549
434 2698
435 1599
435 1832
435 2260
435 2286
435 2366
435 2462
436 926
436 2150
437 1115
437 1297
437 2698
438 1114
438 1174
438 1422
438 1911
438 2162
438 2506
438 2517
439 862
439 1171
439 1523
439 1631
439 1762
439 1998
439 2080
439 2561
440 995
440 1254
440 1400
441 535
441 588
441 686
441 973
441 1895
441 2545
441 2637
441 2819
442 1215
442 1724
442 1741
443 864
443 1188
443 1634
444 1452
444 2008
444 2628
445 478
445 2480
445 2509
446 1462
447 1761
447 2818
448 953
448 1064
448 1649
448 1870
448 1946
448 2341
449 755
449 1853
449 2594
450 1265
450 1310
450 2218
450 2256
450 2469
450 2541
451 641
452 995
452 1434
453 905
453 1032
453 1085
453 1125
453 1717
453 2081
453 2606
454 1014
454 1407
454 1802
454 1890
454 1937
454 2468
454 2783
455 694
455 2151
456 1985
456 2424
457 1084
457 1454
458 1151
458 1646
458 1939
459 2123
459 2217
460 1285
460 1525
460 2247
461 1224
461 2461
461 2851
462 1801
462 1985
462 2364
463 1285
463 1785
463 1840
464 646
464 844
464 2476
465 725
465 2248
466 531
466 2240
467 641
467 815
467 2154
468 794
468 851
468 2824
469 1755
469 2246
469 2733
470 1987
471 499
471 671
471 1275
471 1764
471 2137
471 2171
472 844
472 1503
472 2667
473 1438
473 1703
473 2405
474 1472
474 2056
475 807
475 830
475 904
475 939
475 1106
475 1689
476 538
476 1989
476 2856
477 591
477 781
477 1176
477 1246
477 1490
477 1704
477 1947
478 1108
478 1596
478 1970
478 1972
478 2101
478 2450
478 2886
479 559
479 604
479 734
479 988
479 2302
479 2532
480 578
480 2030
480 2391
481 631
481 892
481 1049
481 1720
481 1749
481 2452
481 2646
482 723
482 820
482 1179
482 1760
482 2035
482 2307
482 2517
483 1671
483 1873
483 2521
484 818
484 1005
484 1303
484 1664
484 1807
484 2830
485 675
486 704
486 1678
486 2262
487 681
487 774
487 2067
488 1296
488 2445
489 755
489 1563
489 2706
490 1072
490 1358
490 2237
491 1978
491 2383
491 2618
492 797
492 813
492 1174
492 1325
492 1549
492 1962
492 2337
493 1055
493 1129
493 2211
494 595
494 1115
495 1438
495 2818
496 2018
496 2664
497 1466
497 1696
497 2592
498 596
498 911
498 1178
499 1939
499 2141
500 799
500 1455
500 1457
500 1546
500 1933
500 1964
500 2267
500 2479
501 921
502 995
502 1568
503 1671
504 1696
504 2130
505 2388
505 2466
505 2667
506 2713
507 2140
507 2773
507 2798
508 567
508 636
508 927
508 1086
508 2821
509 1525
509 1826
509 2146
510 658
510 828
510 1299
510 1465
510 2693
511 1916
511 2151
512 1423
512 1764
512 2096
512 2206
512 2464
512 2780
513 1214
513 1277
513 1430
514 875
514 1973
514 2725
515 2266
515 2323
516 829
516 1682
516 1742
516 2013
516 2112
516 2337
516 2506
517 894
517 1183
517 1968
517 1981
517 2162
517 2417
517 2463
518 852
518 1009
518 1212
518 1547
518 1590
518 1869
518 2704
518 2776
519 798
519 988
519 1494
519 1995
519 2062
519 2862
520 2004
520 2602
520 2635
521 644
521 1196
521 2648
522 1438
523 1613
523 1624
523 2807
524 960
524 2299
524 2619
525 1686
525 2039
525 2303
526 1344
526 1428
526 2521
527 740
527 1138
527 1854
527 2672
527 2771
528 2074
528 2538
529 978
529 1107
529 1504
529 1537
529 1720
529 2171
529 2390
530 713
530 1803
531 664
531 950
531 1232
531 1236
531 1584
531 2081
531 2631
532 869
532 1335
532 2359
533 1067
533 1562
533 1629
533 1958
533 2114
533 2484
534 598
534 704
534 846
535 2520
535 2648
536 1707
536 2193
537 846
537 1994
537 2901
538 886
538 914
538 1366
538 1781
538 1852
538 1903
538 2339
539 794
539 1333
539 1765
540 1570
540 1630
540 1867
541 569
541 738
541 1743
541 1860
541 2107
541 2311
542 1197
542 1755
542 2470
543 943
543 1694
543 2223
544 701
544 1713
544 1981
544 2163
544 2215
544 2277
544 2315
544 2614
545 1686
545 2571
546 581
546 707
546 802
546 2040
546 2199
546 2312
546 2543
547 1430
547 1480
547 1483
548 549
548 1625
548 2123
549 1338
549 1416
549 1682
549 2212
549 2322
549 2609
550 847
550 2638
551 727
551 1234
552 815
552 1987
552 2571
553 843
553 964
553 1050
553 1246
553 2135
553 2414
554 1563
554 1896
555 804
555 1281
555 2424
556 1149
556 1899
557 684
557 984
557 1346
557 2032
557 2231
557 2787
558 613
558 1097
558 1969
558 2020
558 2351
558 2583
558 2658
559 1023
559 1400
560 764
560 1269
560 1623
561 1824
561 2483
562 909
562 2818
562 2853
563 666
563 1153
563 1189
563 1557
563 1610
563 1969
563 2257
563 2787
564 1134
564 1347
564 1582
564 2083
564 2127
564 2506
564 2881
564 2889
565 1365
565 2674
566 1260
566 1804
567 952
567 2779
568 1570
568 2725
569 1363
569 2519
570 1607
570 1948
570 2385
571 637
571 1558
571 1762
571 1928
571 2045
571 2583
571 2879
571 2897
572 656
572 739
572 902
572 1287
572 2186
572 2373
572 2457
572 2766
573 1101
573 2357
574 829
574 910
574 957
574 1286
574 1620
574 1713
575 1429
575 1483
575 1815
576 1145
576 1341
577 687
577 2654
578 1092
578 1257
578 1268
578 1701
578 1965
579 623
579 2352
579 2617
580 1372
580 1983
580 2611
581 810
581 2120
582 692
582 1213
582 1263
582 1299
582 1432
582 1442
582 2350
582 2640
583 1630
583 1642
583 2548
584 667
584 1761
584 2405
585 2051
585 2124
585 2368
586 1814
587 663
587 1546
587 1844
587 1977
587 2374
587 2464
587 2637
588 2345
589 1462
589 2228
589 2546
590 2494
591 1175
591 1723
592 933
592 1049
592 1109
592 1369
592 2622
592 2887
592 2895
593 1824
593 2357
594 1037
594 1821
594 2154
595 1009
595 1077
595 1083
595 1338
595 1871
595 2255
595 2557
596 789
596 800
596 927
596 2575
596 2676
597 815
597 1145
598 1123
598 1295
598 1734
598 2536
599 1293
599 1586
599 1782
599 2041
599 2176
599 2451
600 1361
600 1615
601 1428
601 2039
601 2140
602 693
602 740
602 1044
602 2366
602 2492
602 2754
602 2777
603 948
603 2818
604 725
604 1372
605 2039
605 2662
606 1196
606 2520
606 2560
607 2647
607 2773
608 1162
608 1512
608 1695
608 1752
608 2308
608 2422
608 2535
609 886
609 1031
609 1618
609 2079
609 2287
609 2349
609 2556
609 2607
610 1214
610 1467
611 771
611 1007
611 1205
612 2179
612 2223
613 1187
613 1214
614 998
614 1855
614 2155
615 884
615 918
615 1016
615 1941
615 2122
615 2379
615 2515
616 983
616 1676
616 2241
617 1296
617 1906
618 2445
619 1139
619 2247
620 751
620 1855
620 2628
621 1553
621 1896
622 704
622 909
623 814
623 982
623 1488
623 2429
623 2439
623 2552
623 2651
624 881
624 1069
624 1159
624 1415
624 1609
624 1802
624 2027
624 2525
625 753
625 1117
625 1432
625 1548
625 1645
625 1800
625 2887
626 1352
626 2042
626 2573
627 673
627 1105
627 1504
627 2015
627 2044
627 2057
627 2326
628 1135
628 2392
628 2734
629 1730
629 1831
629 1933
629 2006
629 2174
629 2786
630 724
630 1491
631 2550
632 704
632 1419
632 1519
633 744
633 1821
633 2008
634 1339
634 2553
634 2602
635 905
635 1654
635 1920
635 2181
635 2525
635 2736
635 2894
636 1178
636 1829
637 1277
637 1671
638 1376
638 1455
638 1458
638 1500
638 1743
638 2006
638 2776
639 1563
639 2453
639 2667
640 2228
640 2323
640 2599
641 1040
641 1348
641 1912
641 2222
642 1192
642 2733
643 971
643 1115
643 1884
644 686
644 1868
644 2289
644 2436
644 2566
644 2578
644 2613
645 1152
645 1646
645 2466
646 1831
646 1844
646 2467
646 2744
646 2762
647 1923
647 2090
648 2297
649 938
649 1847
649 1949
650 653
650 704
650 965
651 1118
651 2008
651 2131
652 1036
652 1979
652 2822
653 738
653 1156
653 2157
653 2236
653 2454
654 834
654 858
654 1268
654 1384
654 1460
655 1389
655 1476
655 1477
655 2213
655 2283
655 2326
655 2333
655 2390
656 1698
656 2778
657 975
657 2438
657 2710
658 2585
659 1094
659 1564
659 2684
660 1072
660 1169
661 2227
662 1694
662 2142
663 1467
663 2486
664 2074
665 1604
665 2385
665 2564
666 699
667 1087
667 1181
667 1576
667 1581
667 1917
667 2202
668 1353
668 2191
668 2232
668 2284
669 681
669 1403
669 2397
670 899
670 1621
671 1698
671 2568
672 1459
672 1598
672 1641
672 1749
672 2264
672 2781
673 744
673 1604
674 1149
674 2220
674 2559
675 702
675 908
675 1304
675 1637
675 1841
675 2053
675 2583
676 722
676 867
676 1602
676 1982
676 2061
676 2109
676 2428
676 2752
677 1880
678 980
678 2585
679 1067
679 1328
679 1427
679 1762
679 1928
679 2272
679 2659
679 2899
680 731
680 1266
680 1390
680 1431
680 2160
680 2584
680 2882
681 1492
681 1739
681 2100
681 2478
681 2847
682 1636
682 2078
682 2241
683 1603
683 1902
683 2081
683 2188
683 2689
683 2871
684 2380
684 2425
685 1258
685 2424
686 2560
687 1035
687 1138
687 2201
687 2260
687 2717
687 2732
687 2791
688 774
688 1012
689 1400
689 1630
689 2713
690 1089
690 1652
691 759
691 936
691 1088
691 1714
691 2386
691 2442
691 2727
692 2769
693 873
693 2104
694 765
694 1367
694 1701
694 1943
694 2421
695 878
695 994
695 1367
695 1754
695 2501
695 2805
696 1625
697 2294
698 1127
698 2089
698 2573
699 880
699 1172
699 1374
699 1745
699 1861
699 2121
700 1034
700 1996
700 2141
701 730
701 1214
702 1277
703 2175
703 2769
704 1822
704 2677
705 2262
705 2465
706 2055
707 965
707 2729
708 1797
708 2853
709 1666
709 1694
709 1751
710 1290
710 1919
710 2100
710 2440
710 2484
710 2531
711 1710
711 2116
711 2385
712 996
712 1570
712 2684
713 1626
713 2125
713 2603
714 1070
714 1084
715 1388
715 1570
715 2678
716 1900
716 2275
716 2667
717 1833
717 2618
717 2816
718 853
718 1490
718 1521
718 2450
718 2610
718 2690
718 2763
719 1302
719 1438
720 1104
720 1213
720 1716
720 2125
720 2200
720 2336
721 2090
721 2595
722 1361
723 1563
723 2801
724 949
724 1399
724 1679
724 2107
724 2117
724 2185
725 855
725 1649
725 2777
725 2791
725 2837
726 837
726 1184
726 1190
726 1479
726 1945
726 2567
726 2783
727 1060
727 1138
727 1162
727 2122
727 2338
727 2777
728 1082
728 1638
728 1801
729 1100
729 2227
729 2735
730 1794
730 1881
730 2161
730 2362
730 2513
730 2715
731 2298
731 2769
732 1606
732 1613
732 1939
733 1018
733 1439
733 1779
733 2230
733 2719
733 2806
734 1510
734 1686
735 1755
735 2138
735 2611
736 1154
736 1206
737 1136
737 2773
737 2778
738 1438
739 1065
739 1136
740 970
741 1160
741 1170
741 1272
741 2065
741 2238
741 2600
741 2846
742 1525
742 1814
742 2031
743 1651
743 2570
743 2619
744 1422
744 1760
744 1838
744 2169
744 2547
745 1067
745 2455
745 2481
745 2534
745 2625
745 2633
745 2771
746 1008
746 2558
747 1478
747 1787
747 1793
747 2400
748 1815
748 2412
748 2818
749 1768
749 1811
750 1503
750 2553
750 2868
751 881
751 1032
751 1095
751 2047
752 1022
753 1339
753 1678
755 827
755 1381
755 2295
755 2433
755 2590
756 2082
756 2397
757 1634
757 1994
757 2369
758 873
758 1127
758 1703
759 1795
759 1983
760 2187
760 2873
761 1529
761 1570
761 2142
762 1356
762 1621
762 2573
763 1568
763 2227
764 777
764 1056
764 1451
764 1718
764 1891
764 2555
765 1208
766 879
766 999
766 1158
766 1237
766 1244
766 1409
766 1893
766 2875
767 1569
767 1642
767 2890
768 2773
769 998
769 1900
769 2593
770 2090
770 2706
771 1236
771 1937
771 2044
771 2321
771 2370
772 975
772 1707
773 1005
773 1106
773 1110
773 1320
773 2814
773 2841
774 832
774 1292
774 1391
774 1433
774 1589
775 971
775 1223
775 2224
776 2018
776 2550
776 2813
777 2331
777 2524
778 2018
778 2722
779 1115
779 1165
780 1363
780 2743
781 1335
781 2518
782 1804
782 1906
783 2233
784 1089
784 1740
784 2838
785 2030
785 2890
786 2884
786 2901
787 2150
787 2268
787 2345
788 1165
788 1896
788 2438
789 1351
789 2546
790 1065
790 1344
790 1606
791 868
791 1827
791 2015
791 2071
791 2692
791 2831
792 987
792 1175
792 2559
793 896
793 1079
793 1311
793 1975
793 2229
793 2566
793 2775
793 2870
794 1497
794 1602
794 1812
794 2624
795 1037
795 2453
795 2568
796 941
796 1337
796 1338
796 1619
796 1960
796 2434
796 2877
797 875
797 2008
798 2130
799 913
799 1678
800 920
801 1815
801 2011
801 2592
802 1204
802 2233
803 2619
803 2687
804 1565
804 2073
804 2099
804 2462
804 2688
804 2758
805 1004
805 1867
806 856
806 961
806 1227
806 1757
806 2610
806 2685
806 2702
807 2687
807 2735
808 1036
808 1569
808 2519
809 1169
809 1940
810 969
810 1111
810 1150
810 1463
810 1868
811 1751
811 1939
812 1472
812 1607
812 2039
813 1740
813 2630
814 2175
814 2680
815 1047
815 1532
815 2276
815 2310
815 2431
816 1112
817 1224
817 2233
817 2533
818 921
818 1041
819 975
819 2261
819 2521
820 1238
820 2599
821 1036
821 1484
821 2611
822 926
822 2687
823 963
823 1165
823 1835
824 995
824 2076
824 2432
825 1197
825 1318
825 2223
826 966
826 1867
826 1973
827 1553
827 1880
828 1339
828 1849
830 1007
830 2220
831 995
831 1510
831 1707
832 1361
833 1126
833 1642
833 2288
834 1454
834 1538
835 1816
835 2378
835 2813
836 1185
836 1400
837 1388
837 1694
838 1723
838 1880
838 2347
839 1024
839 2369
839 2550
840 2509
840 2790
841 2729
842 1030
842 1214
842 2170
843 2037
843 2518
844 1788
844 1956
844 2161
844 2528
845 929
845 1258
845 1652
846 930
846 1349
846 1590
846 1665
846 1984
846 2400
847 887
847 1222
847 1410
847 1769
847 2516
847 2616
848 1333
848 2108
849 1362
849 2650
850 1350
850 2533
850 2647
851 1031
851 1074
851 1653
851 1730
851 1864
851 2249
851 2505
852 1575
852 2698
853 1867
853 2002
854 1363
854 1916
855 1801
855 2126
856 980
856 2357
857 1785
857 1826
857 2854
858 2303
859 2031
859 2141
860 1744
860 2120
861 1296
861 1564
861 2592
862 1045
862 1115
863 1135
863 1811
863 2262
864 1283
864 1543
864 1722
864 1834
864 1839
864 1897
865 2008
865 2296
865 2298
866 1188
866 1352
866 2618
867 2826
868 1472
868 2522
869 964
869 1513
869 1704
869 1772
869 1818
869 2147
869 2870
870 1133
870 1528
870 1578
870 1585
870 1905
870 2040
870 2189
871 2227
871 2619
872 1918
872 2868
872 2900
873 1279
873 1581
873 2201
873 2764
874 962
874 2884
875 1103
875 2083
875 2348
875 2442
876 2008
876 2105
876 2564
877 2108
877 2619
878 1126
878 2667
880 1187
880 2247
881 2593
882 966
882 1572
883 983
883 1678
883 2076
884 1939
884 2829
885 1192
885 1979
885 2138
886 1694
887 2595
888 2145
888 2593
889 934
889 1237
889 1449
889 1648
889 2043
889 2888
890 1978
890 2303
890 2522
891 926
891 2656
892 2039
893 1220
893 1480
894 1770
895 1491
895 2056
895 2656
896 1879
896 2228
897 919
897 2090
897 2880
898 1473
898 1801
898 2558
899 1026
899 1471
899 2335
899 2351
899 2456
899 2878
900 1002
900 2149
900 2315
900 2333
900 2885
901 1765
901 1811
901 2275
902 1642
902 1899
903 1363
903 1723
903 2551
904 2661
905 1949
906 2179
906 2298
906 2303
907 2166
907 2483
908 1082
909 1141
909 1395
909 2439
909 2543
910 1100
910 2661
911 917
911 1186
911 1647
911 1794
911 1924
912 1260
912 1987
913 1028
913 1075
913 1732
913 1836
913 1967
913 2196
913 2804
914 1013
914 2170
915 991
915 1466
915 1906
916 1089
916 1615
916 2424
917 1829
917 1855
918 2647
919 951
919 1222
919 1264
919 2255
919 2310
919 2675
920 1005
920 1102
920 1146
920 1413
920 1456
920 2048
921 1375
921 1559
921 1611
921 2226
921 2808
922 1281
923 1013
923 1666
923 2856
924 1372
924 1979
924 2664
925 1892
925 2368
926 1420
926 1773
926 2280
926 2435
927 1855
928 1339
928 2680
929 949
929 1229
929 1495
929 1620
930 1154
930 2266
931 932
931 1208
931 2412
932 958
932 1284
932 1407
932 1729
932 1967
932 1997
932 2792
933 1740
934 2548
934 2801
935 2294
935 2347
935 2880
936 966
936 2725
937 1013
937 1676
937 2446
938 1163
938 1347
938 1359
938 1962
938 2692
939 1175
939 1744
940 1094
940 1696
940 1899
941 1101
941 2769
942 1487
942 1666
942 2293
943 1018
943 1674
943 2219
943 2625
943 2758
944 982
944 1276
944 1300
944 1545
944 2418
944 2498
944 2776
945 1150
945 1413
945 2234
945 2264
945 2603
945 2670
945 2819
946 1260
946 1430
946 2247
947 1518
947 1949
947 2233
948 1195
948 1301
948 2269
948 2406
948 2695
949 1089
950 1139
951 1949
951 2617
952 1102
952 1924
952 2603
952 2723
952 2855
953 1434
953 1926
954 1344
954 2124
955 1154
955 1768
955 2139
956 1744
956 1985
956 2743
957 1121
958 1093
959 1220
959 1402
959 2130
960 976
960 1244
960 1586
960 1944
960 2064
960 2799
961 2086
961 2486
962 1020
962 1200
962 1600
962 1612
962 2043
962 2895
963 1528
963 1673
963 1679
963 1684
963 1812
963 2009
963 2080
964 2585
965 1117
965 1271
965 2394
965 2552
966 1549
966 1582
966 1693
967 1154
967 2807
968 1155
968 1979
968 2152
969 1350
969 2520
970 1322
970 1482
970 2308
970 2379
970 2791
970 2845
971 1830
971 2444
971 2503
972 1176
972 1533
972 1700
972 2206
972 2436
972 2500
972 2545
973 1803
973 2103
974 1636
974 2076
974 2864
975 2222
975 2353
975 2479
975 2770
976 2288
977 1126
977 2397
978 1034
978 1470
979 1137
979 1230
979 1931
979 2087
979 2291
979 2716
980 1555
980 2101
980 2319
980 2660
981 1751
981 2656
982 2558
983 1218
983 1499
983 2418
983 2511
983 2738
983 2748
984 1770
984 1823
985 1004
985 1388
985 1529
986 2644
987 1098
987 1436
987 1886
987 2454
987 2578
988 1429
989 2151
989 2209
989 2412
990 2090
990 2638
991 1385
991 1506
991 2092
991 2488
991 2752
991 2758
992 1021
992 1032
992 1359
992 1629
992 1654
992 1866
993 1823
994 1238
994 2571
995 1226
995 2632
996 1536
996 1865
996 2158
996 2375
996 2597
996 2699
997 1309
997 1662
998 1788
998 1799
998 2180
998 2512
999 2546
999 2816
1000 1045
1000 1804
1000 2713
1001 1910
1001 2611
1001 2822
1002 2116
1003 1168
1003 2228
1004 1014
1004 1865
1004 2395
1006 2031
1006 2131
1007 1232
1007 1360
1007 2398
1007 2668
1007 2688
1008 1198
1008 1212
1008 1326
1008 1376
1008 1488
1008 1499
1008 2012
1009 2834
1010 1989
1010 2078
1010 2446
1011 1994
1011 2018
1011 2618
1012 1279
1012 1526
1012 1635
1012 2526
1012 2847
1013 1729
1013 1890
1013 1938
1013 2059
1013 2782
1014 1081
1015 1642
1015 2105
1015 2145
1016 1541
1016 2648
1017 1642
1017 2684
1017 2773
1018 1197
1019 1205
1019 2074
1020 2067
1020 2155
1021 2617
1021 2802
1022 1051
1022 2091
1022 2363
1022 2741
1023 1267
1023 1913
1023 2084
1023 2087
1024 1219
1024 1702
1024 1862
1024 1870
1024 2755
1025 1335
1025 2587
1026 1873
1026 2108
1027 1041
1027 1131
1027 1669
1028 1101
1028 1335
1029 1525
1029 1604
1029 2223
1030 1769
1030 1914
1030 2207
1030 2270
1030 2463
1030 2600
1030 2784
1031 1368
1033 2376
1033 2843
1034 1677
1034 1735
1034 2063
1034 2780
1034 2788
1035 1853
1035 2261
1036 1107
1036 1251
1036 1903
1036 2306
1037 1683
1037 1956
1037 2178
1037 2243
1037 2354
1037 2762
1038 1086
1038 1186
1038 2614
1038 2626
1038 2657
1038 2686
1039 1564
1039 2653
1040 1577
1040 1771
1041 1143
1041 1195
1041 1433
1041 1555
1041 1692
1041 1780
1042 1487
1042 2078
1042 2297
1043 1134
1043 1760
1043 1936
1043 1968
1043 2118
1043 2337
1043 2760
1044 2364
1044 2648
1045 1078
1045 1610
1045 2459
1045 2682
1045 2833
1046 1651
1046 2425
1047 2028
1047 2055
1048 1651
1048 2108
1049 2138
1050 1152
1050 1363
1051 1344
1051 2155
1052 1065
1052 2453
1052 2548
1053 1207
1053 1428
1053 2051
1055 1312
1055 1677
1055 1776
1055 1780
1055 1995
1055 2171
1056 2175
1056 2743
1057 1577
1057 2551
1057 2635
1058 1525
1058 2405
1059 1118
1059 1392
1059 1853
1060 1388
1060 1622
1061 1797
1061 2296
1062 2288
1062 2869
1062 2890
1063 1417
1063 1579
1064 1849
1065 1746
1065 2060
1065 2544
1065 2768
1066 2097
1066 2215
1066 2304
1066 2581
1066 2831
1066 2896
1068 1334
1068 1467
1069 2018
1069 2729
1070 1640
1070 1725
1070 1809
1070 2322
1070 2651
1071 2248
1071 2611
1071 2664
1072 1422
1072 1437
1072 1828
1072 1874
1072 2118
1072 2712
1073 1621
1073 1703
1073 2296
1074 2570
1075 2357
1075 2587
1076 1770
1078 1741
1078 1923
1079 2420
1080 1241
1080 1741
1081 1184
1081 1232
1081 1274
1081 1531
1081 1845
1081 1988
1081 2057
1082 1316
1082 1488
1082 1882
1082 2703
1082 2724
1083 1575
1083 1994
1084 1737
1084 1970
1084 2100
1084 2212
1084 2374
1084 2702
1087 2042
1087 2654
1088 1591
1088 2425
1089 1929
1089 2283
1089 2740
1090 1297
1090 1880
1090 2381
1091 2094
1091 2562
1092 1963
1093 1147
1093 1202
1093 1732
1093 1738
1093 1787
1093 1822
1094 1248
1094 1387
1094 1825
1094 1863
1094 1953
1094 2313
1095 1605
1095 2323
1096 1974
1096 2123
1097 1671
1098 1296
1098 2346
1099 1361
1099 1652
1100 1110
1100 1659
1100 1706
1100 1830
1100 1875
1100 2398
1101 1789
1101 2641
1102 1803
1104 1185
1105 2179
1105 2564
1108 2094
1109 1351
1109 2853
1111 1926
1111 2193
1112 1250
1112 1656
1112 1725
1112 1784
1112 2252
1112 2496
1112 2789
1113 1529
1113 2297
1114 1402
1114 2089
1115 2295
1115 2313
1115 2334
1116 2392
1116 2461
1116 2650
1117 2818
1118 1806
1118 1935
1118 2173
1118 2313
1118 2850
1119 1361
1119 2182
1120 1630
1120 1906
1121 1199
1121 1628
1121 1813
1121 2711
1121 2814
1122 1440
1122 1444
1122 1716
1122 1772
1122 1777
1122 1930
1122 2410
1122 2738
1123 2233
1123 2392
1124 1484
1124 1910
1124 1979
1126 2249
1126 2572
1126 2627
1127 1235
1127 1471
1127 1848
1127 1917
1127 2485
1128 1139
1128 1205
1129 1371
1129 1411
1129 1423
1129 1692
1129 1697
1129 1738
1129 2797
1130 1372
1130 2573
1131 1924
1131 2023
1131 2426
1131 2660
1131 2821
1132 1923
1132 2030
1135 1320
1135 2221
1135 2377
1135 2774
1136 2060
1136 2063
1136 2361
1136 2703
1137 1185
1137 2166
1139 1291
1139 1383
1139 2025
1139 2194
1139 2708
1140 1278
1140 2807
1141 2217
1142 1634
1142 1833
1144 1670
1145 1601
1145 1695
1145 2062
1145 2069
1145 2330
1145 2597
1146 1829
1147 2807
1148 1191
1148 1258
1148 1615
1149 1156
1149 1307
1149 2436
1149 2530
1149 2586
1150 2650
1151 1322
1151 1567
1151 2003
1151 2129
1151 2195
1151 2338
1151 2874
1152 1414
1152 1497
1152 2245
1152 2271
1152 2827
1153 1277
1153 1278
1154 1201
1154 1969
1154 2527
1154 2723
1155 1705
1155 2010
1155 2017
1155 2374
1155 2510
1156 2684
1157 1211
1157 1326
1157 1424
1157 1545
1157 1688
1157 1860
1157 2189
1158 1879
1159 1516
1159 2900
1160 1923
1160 2798
1161 1358
1161 1605
1162 1204
1163 1178
1163 2405
1164 2397
1164 2595
1165 1909
1165 2474
1165 2659
1165 2682
1165 2879
1166 1296
1167 1273
1167 1332
1167 1520
1167 1796
1167 1868
1167 2542
1167 2605
1167 2763
1168 1173
1168 1198
1168 1894
1168 2389
1168 2418
1169 2307
1169 2805
1170 1723
1170 2706
1171 1207
1171 2104
1172 1804
1173 2266
1175 1427
1175 1888
1175 2398
1175 2586
1176 1840
1177 1368
1177 2365
1177 2650
1178 2512
1178 2612
1178 2736
1179 1591
1180 2067
1180 2900
1181 1438
1181 1814
1182 1884
1182 2648
1182 2854
1183 2380
1184 2838
1185 1693
1185 1763
1185 2318
1185 2532
1186 2790
1187 1314
1187 1898
1187 2504
1187 2673
1188 1291
1188 1925
1188 1980
1188 2413
1188 2859
1189 1260
1190 1686
1190 2683
1191 1929
1191 2057
1191 2099
1191 2112
1191 2119
1191 2184
1191 2321
1192 1668
1192 2355
1192 2437
1192 2584
1193 2843
1194 1973
1194 2294
1194 2661
1195 2483
1196 1447
1196 1533
1196 1977
1196 2608
1196 2670
1196 2730
1197 2263
1197 2339
1197 2437
1197 2556
1197 2567
1198 1636
1199 1811
1200 1363
1200 2237
1201 1624
1202 1368
1202 2873
1203 1204
1203 1241
1204 1482
1204 1851
1204 1885
1204 2448
1204 2789
1205 1531
1205 1551
1205 1603
1205 2070
1205 2606
1206 1249
1206 1738
1206 2034
1206 2144
1206 2158
1206 2354
1207 1841
1207 2165
1207 2232
1207 2472
1207 2474
1207 2770
1208 1369
1208 1423
1208 1612
1208 2180
1208 2282
1209 1918
1209 2314
1210 1352
1210 2733
1211 1561
1211 2630
1212 2519
1213 2217
1214 1908
1214 2010
1214 2686
1215 1265
1215 1986
1215 2419
1215 2604
1215 2651
1215 2753
1216 1429
1216 1843
1216 2592
1217 1336
1217 1348
1217 2300
1217 2330
1217 2675
1217 2701
1218 2103
1218 2864
1219 1356
1220 1286
1220 2097
1220 2686
1220 2715
1221 1356
1221 1429
1221 2116
1222 1685
1223 1888
1223 2254
1223 2272
1223 2334
1223 2408
1224 1330
1224 1954
1224 1957
1224 2355
1224 2502
1225 1417
1226 1926
1226 2133
1227 1335
1227 1669
1228 1392
1228 1795
1228 2124
1229 1783
1229 1847
1231 1278
1231 2601
1233 2519
1233 2884
1234 1482
1234 1550
1234 1980
1234 2069
1234 2342
1234 2876
1235 1252
1236 1744
1238 1714
1238 1828
1238 1856
1238 2458
1238 2491
1239 1305
1239 1354
1239 1521
1239 1911
1239 1936
1239 1947
1239 2863
1240 1281
1240 1621
1241 1370
1241 2244
1241 2565
1242 1669
1242 2211
1242 2779
1243 1783
1243 2432
1245 1833
1245 2548
1246 2220
1247 1923
1247 2347
1248 1563
1248 1880
1249 1278
1250 1309
1250 2592
1251 1540
1251 1710
1252 1534
1252 1588
1252 1767
1252 1927
1252 2020
1252 2279
1252 2866
1253 1978
1253 2039
1253 2470
1254 1649
1254 1854
1254 1887
1254 2641
1254 2793
1255 2146
1255 2538
1256 1428
1256 2522
1257 2397
1258 1399
1258 2001
1258 2213
1259 2551
1259 2826
1259 2854
1260 1306
1260 1314
1260 1993
1260 2205
1261 2140
1262 1487
1262 2329
1262 2388
1263 1678
1263 2853
1264 2533
1264 2698
1265 1606
1266 2461
1266 2533
1268 1510
1269 1445
1269 2020
1269 2285
1269 2384
1269 2623
1270 1358
1271 1625
1272 1685
1272 2294
1273 1847
1273 2140
1275 1470
1275 1710
1276 1636
1276 2323
1277 2279
1277 2504
1277 2527
1278 1984
1278 2855
1279 1351
1280 1566
1280 1901
1280 2330
1280 2431
1280 2484
1280 2510
1281 1537
1281 1848
1281 2119
1281 2208
1282 1351
1282 2067
1282 2296
1283 1484
1283 2653
1284 1824
1284 2151
1285 1589
1285 1661
1285 2025
1285 2634
1285 2810
1286 2656
1287 2140
1288 2352
1288 2425
1289 1847
1289 2076
1289 2193
1290 1518
1292 2211
1294 2290
1295 1362
1295 2365
1296 1307
1296 2092
1296 2539
1297 1871
1297 1876
1297 2136
1297 2852
1298 1579
1298 2175
1298 2729
1299 2602
1300 1994
1300 2519
1301 1302
1301 2250
1302 1544
1302 1559
1302 2707
1303 2412
1304 2239
1304 2521
1305 2123
1306 1681
1306 2509
1308 1710
1308 1910
1309 1524
1309 1778
1309 2565
1309 2623
1309 2759
1310 1428
1311 2520
1311 2798
1312 1341
1312 2246
1313 2131
1313 2290
1314 2146
1315 1855
1315 1948
1315 2405
1316 1473
1316 1724
1317 2299
1318 1506
1318 1758
1318 2049
1318 2073
1318 2633
1318 2756
1319 2364
1319 2750
1320 1622
1321 1662
1321 1770
1321 2228
1322 2152
1323 2405
1324 2182
1324 2835
1325 2494
1325 2710
1326 2250
1327 2074
1327 2146
1328 1518
1328 2126
1329 1849
1329 2004
1329 2559
1331 2105
1331 2843
1331 2869
1332 2647
1332 2851
1333 1942
1333 2349
1333 2809
1334 2207
1334 2495
1334 2504
1334 2614
1334 2658
1334 2715
1335 2101
1336 2509
1336 2571
1337 2698
1339 1486
1339 1731
1339 2200
1339 2726
1340 1470
1340 2211
1341 1965
1341 2102
1341 2302
1341 2407
1342 2037
1343 1685
1343 1989
1343 2713
1344 1396
1344 1443
1344 2232
1344 2839
1345 1642
1345 2471
1346 1940
1346 2187
1347 1575
1348 2028
1349 2674
1350 1412
1350 1859
1350 2289
1351 1800
1351 2188
1351 2415
1352 1385
1352 1592
1352 1691
1352 2755
1353 2140
1353 2522
1355 1686
1355 1771
1355 2618
1356 1389
1356 2162
1356 2225
1356 2760
1357 1462
1357 2391
1357 2420
1358 1594
1358 1934
1359 2432
1360 1985
1360 2901
1361 2072
1361 2117
1362 2349
1362 2505
1362 2598
1362 2772
1363 1500
1363 2737
1364 1983
1364 2018
1364 2293
1365 1609
1365 1627
1365 1680
1365 1729
1365 1845
1365 1945
1366 2293
1366 2466
1368 1734
1368 1898
1368 1942
1368 2032
1369 1916
1370 2562
1370 2592
1371 1419
1371 2807
1372 1378
1372 2672
1373 2120
1373 2133
1374 1430
1374 2146
1375 2391
1376 1994
1377 1403
1377 2476
1377 2807
1378 1940
1378 2733
1379 1605
1379 2314
1380 2133
1380 2193
1380 2241
1381 2654
1382 1703
1382 2438
1382 2779
1383 1519
1383 2538
1385 2813
1386 1804
1386 2664
1386 2873
1387 1452
1387 2224
1388 2263
1388 2477
1389 2011
1390 1541
1391 1826
1391 2829
1392 1552
1392 1921
1392 1931
1392 2070
1392 2444
1392 2631
1393 1785
1393 1815
1393 1829
1394 1606
1394 1867
1395 2729
1396 2002
1396 2778
1397 1591
1397 2571
1398 1622
1398 2233
1398 2650
1400 1447
1400 1774
1400 2545
1401 1529
1401 2148
1402 1535
1402 2253
1402 2270
1402 2315
1402 2760
1403 1507
1403 1667
1403 2354
1403 2577
1403 2780
1404 2571
1404 2601
1405 1591
1405 1823
1405 1973
1406 2155
1407 1989
1408 1613
1408 1996
1408 2002
1409 1849
1410 2802
1410 2880
1411 2151
1411 2268
1412 1516
1412 2851
1414 1487
1414 2829
1415 2314
1415 2647
1416 1572
1417 2177
1417 2421
1417 2512
1417 2741
1417 2839
1418 2004
1418 2378
1419 1617
1419 1967
1419 2032
1419 2034
1419 2598
1420 1472
1421 1450
1421 1923
1424 1491
1425 1652
1426 1561
1426 1657
1427 1884
1428 1756
1429 1476
1429 2407
1429 2689
1430 2658
1430 2772
1432 2864
1433 2868
1434 1441
1434 1712
1434 1808
1434 2479
1435 2139
1435 2365
1435 2674
1436 2220
1436 2635
1437 1591
1437 2599
1438 1749
1438 2720
1439 1604
1440 2518
1441 1816
1441 2241
1442 1849
1442 2553
1443 1580
1443 2368
1444 1636
1444 1638
1445 2104
1445 2644
1446 2179
1446 2223
1446 2278
1447 2345
1448 1666
1448 2466
1449 1577
1449 1916
1450 1507
1450 1656
1450 1961
1450 1986
1450 2403
1451 2735
1452 1474
1452 1552
1452 2295
1452 2705
1452 2800
1453 1835
1453 2710
1454 1639
1454 1739
1454 1901
1454 1960
1456 2483
1456 2734
1457 1707
1458 1569
1458 1910
1460 2470
1461 2123
1461 2423
1462 1633
1462 1818
1462 2210
1462 2489
1462 2613
1463 2825
1464 1910
1464 2288
1464 2519
1465 2037
1465 2262
1466 1530
1466 1798
1466 2021
1466 2530
1466 2836
1467 1737
1467 2309
1467 2580
1468 1638
1468 2223
1468 2587
1470 1692
1470 2102
1470 2477
1470 2679
1470 2862
1471 2368
1472 2096
1472 2161
1472 2500
1473 1779
1473 1789
1473 2324
1473 2547
1473 2738
1474 2131
1475 1553
1475 1687
1475 2667
1476 2089
1477 2130
1478 2262
1478 2864
1479 1978
1479 2571
1480 1713
1480 1773
1480 1932
1480 2079
1480 2265
1480 2673
1481 1657
1481 1867
1481 2123
1483 1530
1483 2496
1483 2539
1483 2565
1484 1550
1484 1592
1484 2267
1484 2422
1485 1623
1486 2853
1486 2864
1487 1781
1487 2106
1487 2815
1489 1624
1489 2683
1490 2423
1491 1773
1491 2013
1491 2156
1491 2184
1492 2030
1492 2082
1493 1529
1493 2288
1493 2594
1494 1805
1496 1765
1496 2475
1497 2854
1498 2357
1498 2412
1499 2323
1501 2298
1501 2568
1501 2853
1502 1771
1502 2055
1503 1748
1503 1992
1503 2579
1504 2116
1505 2331
1506 1985
1507 2381
1508 2519
1509 2483
1509 2661
1510 1808
1510 1819
1510 2371
1510 2541
1511 2314
1511 2391
1512 2471
1512 2538
1514 1613
1514 1805
1515 1652
1515 1785
1515 2475
1516 1520
1516 1567
1516 1941
1516 2259
1516 2457
1517 1638
1517 1724
1517 2558
1518 1750
1518 1866
1518 1901
1518 2316
1518 2534
1519 1787
1519 1925
1519 1941
1519 1959
1519 2195
1519 2639
1520 2533
1521 2359
1522 2391
1522 2397
1523 1835
1523 1896
1524 2094
1525 1827
1525 1889
1525 2719
1526 2314
1527 2438
1527 2630
1528 1652
1529 2615
1529 2792
1530 1564
1531 1744
1532 2509
1532 2683
1534 2290
1534 2892
1535 2380
1536 1606
1536 1996
1537 2662
1538 1608
1538 1673
1538 1919
1538 2281
1538 2481
1538 2815
1539 1821
1539 2564
1540 1721
1540 1784
1540 2205
1540 2607
1541 1934
1541 1954
1541 2129
1541 2627
1542 2139
1542 2187
1543 2573
1544 1761
1546 2822
1547 2369
1547 2618
1548 2298
1550 2644
1551 2669
1552 2654
1553 1560
1553 1825
1553 2009
1553 2035
1553 2712
1554 2120
1554 2893
1555 2779
1556 2482
1556 2785
1557 2713
1558 1873
1558 2203
1560 2329
1560 2453
1561 1679
1561 1950
1561 2058
1561 2312
1561 2473
1561 2554
1562 2480
1563 1684
1563 1874
1563 2865
1564 1566
1564 1644
1564 2149
1564 2433
1565 1724
1565 2364
1566 2785
1568 1593
1568 1907
1568 2837
1569 2113
1569 2507
1569 2572
1569 2615
1569 2799
1570 1845
1570 1937
1571 2247
1571 2290
1571 2538
1572 1742
1572 2348
1572 2410
1572 2449
1572 2805
1573 1821
1573 2028
1573 2476
1574 2465
1574 2669
1574 2735
1575 1885
1575 2164
1575 2173
1576 1835
1576 2779
1577 1600
1577 1715
1577 2875
1578 2086
1579 1672
1579 1758
1579 1905
1579 2554
1579 2642
1580 1758
1580 1921
1580 2110
1580 2157
1580 2460
1581 1621
1582 2008
1583 1676
1583 1989
1583 2835
1584 2175
1584 2669
1585 1670
1585 2630
1587 1624
1587 2365
1587 2571
1589 1646
1590 2743
1591 2159
1591 2501
1591 2872
1592 2785
1593 2587
1594 2299
1595 1615
1595 2585
1596 1669
1596 2357
1597 1826
1597 1840
1598 1803
1598 1835
1599 1795
1601 1613
1601 2790
1602 1857
1604 2000
1604 2204
1604 2230
1605 2372
1605 2406
1605 2808
1606 2690
1606 2857
1607 1759
1607 1877
1607 1889
1607 2581
1608 2329
1608 2466
1609 2383
1610 1906
1611 2211
1611 2483
1613 2144
1613 2395
1614 1669
1614 2037
1615 2746
1616 1829
1616 2546
1617 2209
1618 1996
1621 1767
1621 1850
1621 2569
1622 1628
1622 2061
1622 2536
1622 2845
1623 1650
1623 1675
1623 1775
1623 1876
1623 2091
1624 2158
1624 2510
1624 2855
1625 2200
1625 2439
1625 2514
1625 2640
1625 2721
1626 1829
1627 1771
1627 2722
1628 2734
1629 2233
1630 1997
1630 2898
1631 2224
1632 2816
1633 2518
1634 2054
1634 2095
1634 2704
1635 2296
1636 2066
1636 2324
1636 2823
1637 2558
1637 2892
1638 2169
1638 2739
1638 2748
1639 1963
1639 2388
1640 1949
1640 2802
1641 2237
1641 2368
1642 2497
1643 2094
1643 2228
1643 2380
1644 2130
1644 2790
1645 1797
1645 2568
1646 1971
1646 2106
1646 2515
1646 2605
1647 1963
1647 2653
1648 1892
1650 2327
1650 2524
1651 1748
1651 1955
1651 2023
1651 2427
1651 2745
1652 1950
1653 1765
1653 2826
1655 2559
1655 2602
1657 1905
1657 2121
1657 2205
1657 2702
1657 2761
1657 2886
1658 2103
1658 2193
1658 2432
1659 2734
1660 1723
1660 2518
1660 2585
1661 2074
1661 2533
1662 1757
1662 1820
1662 2450
1662 2700
1662 2747
1662 2883
1663 1752
1663 2040
1663 2069
1663 2473
1663 2537
1663 2679
1664 1824
1664 2031
1665 2187
1665 2365
1666 2214
1666 2306
1666 2493
1666 2556
1667 1741
1668 2550
1668 2611
1669 2478
1669 2643
1669 2860
1670 2012
1670 2058
1670 2156
1670 2356
1670 2498
1671 2029
1671 2098
1671 2472
1671 2724
1673 2826
1674 2042
1674 2126
1676 1836
1676 1976
1676 2823
1677 1710
1678 1793
1678 2066
1678 2168
1680 1989
1680 2209
1681 1731
1681 1861
1681 2252
1681 2350
1681 2410
1683 1687
1685 2059
1685 2637
1685 2730
1685 2749
1686 2523
1687 1718
1687 1746
1687 1878
1687 2649
1687 2865
1688 1815
1689 2734
1690 2138
1690 2662
1691 2653
1691 2822
1693 2553
1694 2576
1696 2539
1696 2590
1696 2828
1696 2885
1697 1918
1697 2031
1698 1882
1698 2544
1698 2768
1698 2788
1699 1940
1699 2248
1699 2573
1700 2359
1700 2854
1702 1816
1703 1991
1703 2426
1703 2796
1704 2357
1705 2022
1705 2486
1706 2166
1707 1946
1707 2036
1707 2358
1707 2665
1708 2323
1709 2380
1709 2445
1710 1883
1710 2326
1711 2327
1711 2743
1714 1823
1715 2055
1715 2383
1718 2297
1719 2405
1721 1751
1721 1996
1722 2813
1723 2147
1723 2827
1724 1961
1724 2286
1726 2570
1727 2509
1727 2599
1728 2628
1730 2890
1731 2769
1732 2209
1733 2217
1733 2416
1733 2420
1735 2082
1735 2268
1736 2587
1736 2769
1737 2022
1739 2486
1740 1889
1740 2393
1740 2889
1741 1784
1741 2038
1741 2068
1743 2884
1744 1875
1744 2198
1745 2509
1746 2471
1747 2466
1747 2551
1747 2829
1748 2779
1750 2480
1751 1942
1751 2265
1751 2339
1751 2505
1752 1805
1753 1821
1753 1833
1753 2381
1754 2329
1754 2890
1755 2340
1755 2502
1755 2576
1755 2858
1755 2882
1756 1952
1756 2261
1759 2278
1759 2494
1761 2311
1761 2646
1761 2796
1763 2465
1763 2661
1764 2082
1765 2579
1765 2841
1766 2224
1766 2698
1767 2368
1768 1894
1768 1984
1768 2005
1768 2033
1768 2343
1768 2871
1770 2016
1770 2253
1770 2459
1770 2848
1771 1802
1771 2036
1771 2095
1772 2599
1774 1906
1775 2055
1775 2364
1776 2142
1777 2237
1777 2447
1778 2524
1779 2587
1782 2602
1783 2169
1783 2663
1785 1818
1785 2117
1785 2775
1786 2089
1786 2813
1788 2376
1789 2223
1790 1857
1790 2288
1791 1803
1791 2133
1791 2650
1792 2211
1792 2868
1795 2110
1795 2190
1795 2621
1795 2742
1795 2861
1796 2432
1797 2000
1797 2764
1798 2713
1799 2151
1801 1986
1801 2462
1801 2771
1803 2608
1803 2696
1804 2527
1805 2375
1805 2431
1805 2876
1806 2654
1806 2669
1807 2166
1808 2193
1809 2352
1810 1823
1810 2299
1810 2352
1811 1837
1811 1904
1812 2388
1813 2294
1814 1846
1814 2019
1814 2612
1814 2796
1815 2676
1815 2707
1816 1854
1816 2358
1816 2430
1816 2837
1817 1823
1817 2380
1817 2873
1819 1952
1819 2346
1820 2004
1821 2305
1821 2497
1821 2666
1823 2419
1823 2427
1824 2707
1825 2706
1826 1971
1826 2111
1826 2708
1827 2494
1829 2399
1829 2415
1830 2687
1832 2250
1832 2750
1833 1874
1833 2035
1833 2888
1834 2538
1834 2618
1835 2234
1835 2353
1835 2426
1837 2299
1838 2179
1838 2385
1839 2785
1839 2822
1840 2245
1840 2624
1841 1873
1842 2031
1842 2290
1842 2628
1843 1860
1843 2356
1843 2399
1844 2268
1847 1859
1847 2273
1847 2632
1849 2115
1849 2430
1850 2089
1850 2733
1851 2834
1852 1910
1853 1863
1853 1991
1853 2202
1853 2705
1855 2421
1855 2894
1856 1973
1856 2425
1857 1864
1857 1951
1857 2265
1857 2287
1857 2799
1857 2809
1858 2521
1861 1987
1862 2018
1862 2138
1864 2108
1865 1899
1866 2461
1867 2050
1867 2442
1869 2139
1869 2901
1870 2378
1871 2224
1872 1900
1872 2476
1872 2540
1873 1927
1873 2060
1873 2899
1875 2220
1877 2816
1878 2476
1878 2568
1879 2036
1879 2415
1879 2451
1879 2489
1879 2575
1880 2258
1880 2516
1881 2028
1882 2445
1883 2662
1884 2529
1884 2794
1885 2416
1886 2684
1887 2193
1888 2203
1890 2209
1891 2901
1892 2234
1892 2563
1892 2646
1892 2696
1892 2720
1893 2602
1893 2892
1895 2022
1895 2880
1896 1950
1897 2042
1897 2733
1898 2240
1899 2197
1899 2433
1899 2454
1900 1943
1900 1992
1900 2513
1900 2762
1902 2266
1902 2376
1903 2838
1904 2266
1906 2059
1906 2360
1907 2687
1908 2638
1908 2856
1909 2104
1909 2521
1910 2214
1912 2331
1912 2364
1913 2166
1913 2465
1914 2090
1915 2325
1916 2088
1916 2177
1916 2526
1917 2296
1918 1944
1918 2137
1919 1963
1920 2323
1921 2750
1922 2288
1922 2678
1923 2045
1925 2074
1926 2014
1926 2358
1926 2511
1926 2823
1927 2570
1928 2239
1931 2735
1932 2056
1933 2519
1934 1940
1935 2628
1936 2228
1938 2713
1938 2880
1939 2607
1940 2226
1943 2376
1945 2187
1946 2241
1948 2015
1948 2127
1948 2508
1948 2612
1949 2047
1949 2114
1949 2508
1951 2182
1951 2826
1952 2014
1952 2291
1952 2753
1953 2594
1953 2654
1955 2593
1955 2843
1956 2540
1957 2298
1957 2680
1958 2126
1958 2203
1959 2187
1960 2381
1961 2352
1962 2834
1963 2024
1963 2817
1964 2864
1965 2130
1966 2365
1966 2743
1966 2884
1968 2089
1970 2086
1972 1987
1972 2152
1973 2861
1973 2903
1974 2065
1974 2377
1974 2537
1974 2711
1974 2749
1975 2391
1976 2297
1976 2466
1977 2880
1978 2095
1978 2183
1978 2371
1979 2309
1979 2340
1979 2718
1980 2471
1981 2130
1982 2042
1982 2392
1983 2257
1983 2709
1983 2718
1983 2903
1985 2119
1985 2219
1985 2286
1988 2385
1988 2424
1989 2360
1989 2493
1990 2002
1990 2725
1991 2042
1992 2329
1993 2086
1994 2645
1994 2697
1996 2137
1996 2515
1996 2874
1997 2678
1998 2203
1999 2030
2000 2303
2001 2116
2001 2550
2002 2218
2002 2753
2003 2648
2004 2029
2004 2053
2004 2820
2004 2896
2005 2323
2007 2275
2007 2553
2008 2764
2011 2188
2011 2302
2011 2387
2013 2424
2014 2465
2016 2425
2016 2873
2017 2601
2018 2704
2019 2278
2021 2445
2022 2267
2022 2730
2022 2767
2023 2275
2024 2303
2025 2851
2026 2465
2026 2868
2027 2369
2028 2159
2028 2178
2028 2458
2028 2626
2030 2577
2030 2627
2030 2897
2031 2367
2031 2499
2033 2325
2037 2147
2037 2319
2037 2344
2037 2746
2038 2595
2039 2284
2041 2546
2042 2633
2044 2424
2045 2397
2046 2357
2046 2359
2046 2518
2048 2248
2048 2447
2049 2126
2050 2086
2051 2153
2051 2191
2051 2741
2051 2857
2052 2359
2052 2423
2054 2801
2054 2816
2055 2300
2056 2216
2056 2396
2058 2710
2063 2568
2065 2880
2066 2103
2067 2177
2067 2443
2068 2082
2068 2381
2070 2175
2072 2824
2074 2111
2074 2731
2075 2453
2075 2476
2076 2608
2076 2819
2077 2471
2077 2801
2078 2196
2078 2511
2078 2757
2078 2782
2080 2438
2082 2243
2082 2403
2084 2447
2085 2518
2085 2599
2086 2554
2086 2636
2087 2661
2088 2237
2088 2884
2089 2387
2090 2258
2092 2713
2093 2275
2093 2779
2094 2610
2094 2820
2094 2848
2096 2345
2097 2856
2098 2558
2103 2254
2103 2632
2103 2670
2103 2794
2104 2235
2104 2588
2104 2732
2104 2852
2105 2178
2105 2591
2105 2596
2106 2551
2108 2281
2108 2455
2108 2866
2109 2475
2110 2669
2111 2851
2114 2461
2115 2635
2116 2387
2116 2441
2116 2740
2118 2564
2120 2254
2120 2663
2122 2152
2123 2636
2124 2236
2124 2242
2124 2328
2124 2756
2125 2248
2126 2281
2127 2834
2128 2680
2129 2560
2130 2441
2131 2549
2131 2742
2131 2894
2132 2647
2132 2722
2132 2900
2133 2289
2133 2542
2134 2297
2134 2327
2134 2453
2135 2551
2135 2884
2136 2706
2138 2213
2138 2740
2138 2795
2139 2677
2139 2697
2140 2292
2141 2382
2141 2487
2141 2574
2141 2797
2142 2567
2142 2679
2142 2845
2143 2447
2144 2601
2145 2174
2145 2478
2145 2666
2145 2681
2145 2745
2146 2194
2146 2810
2146 2859
2148 2192
2148 2362
2148 2589
2148 2626
2148 2681
2148 2744
2150 2206
2150 2513
2151 2895
2152 2316
2152 2580
2152 2685
2153 2155
2154 2300
2154 2362
2154 2596
2154 2657
2154 2872
2155 2526
2155 2642
2160 2233
2160 2851
2163 2856
2165 2261
2166 2386
2167 2522
2167 2662
2170 2215
2170 2216
2170 2280
2170 2493
2170 2495
2172 2175
2172 2327
2172 2901
2173 2729
2179 2719
2179 2806
2181 2593
2181 2722
2182 2488
2182 2803
2183 2683
2185 2475
2186 2798
2187 2332
2187 2468
2189 2710
2190 2568
2190 2628
2191 2521
2192 2297
2192 2678
2195 2647
2197 2773
2197 2869
2198 2825
2199 2461
2201 2482
2203 2529
2203 2534
2203 2751
2203 2879
2204 2223
2207 2856
2208 2290
2208 2445
2209 2714
2210 2520
2211 2660
2212 2617
2214 2838
2216 2559
2217 2320
2217 2552
2217 2609
2217 2726
2218 2352
2220 2272
2220 2529
2221 2325
2224 2682
2225 2813
2227 2396
2227 2793
2229 2546
2230 2278
2231 2674
2235 2653
2236 2594
2237 2307
2237 2336
2237 2563
2238 2595
2239 2456
2239 2472
2239 2751
2239 2768
2239 2866
2240 2343
2240 2606
2240 2772
2240 2840
2241 2291
2241 2469
2242 2669
2242 2750
2243 2807
2244 2617
2245 2826
2246 2332
2246 2639
2246 2820
2246 2862
2246 2883
2247 2413
2247 2731
2248 2718
2248 2765
2250 2458
2250 2498
2250 2621
2250 2872
2251 2678
2252 2617
2255 2851
2256 2346
2257 2873
2259 2420
2259 2773
2260 2648
2261 2409
2261 2427
2261 2492
2262 2716
2262 2832
2264 2438
2266 2728
2266 2840
2268 2282
2268 2500
2270 2835
2271 2635
2273 2893
2274 2475
2275 2528
2275 2652
2275 2693
2276 2802
2277 2656
2278 2499
2278 2810
2279 2524
2280 2635
2283 2550
2285 2327
2285 2331
2287 2656
2290 2859
2290 2878
2292 2619
2293 2341
2293 2430
2293 2589
2293 2620
2294 2386
2296 2732
2296 2754
2297 2363
2303 2437
2303 2576
2304 2378
2305 2801
2309 2480
2314 2382
2314 2443
2317 2619
2318 2447
2321 2385
2322 2486
2325 2579
2325 2652
2325 2728
2327 2503
2327 2649
2329 2528
2329 2865
2331 2490
2331 2629
2334 2735
2335 2892
2338 2480
2340 2550
2341 2602
2342 2822
2343 2376
2344 2553
2345 2578
2346 2530
2346 2789
2347 2411
2347 2414
2347 2749
2347 2784
2348 2416
2350 2680
2351 2524
2353 2630
2355 2644
2360 2880
2361 2445
2361 2558
2364 2621
2364 2717
2365 2737
2366 2560
2367 2412
2367 2483
2368 2784
2368 2846
2369 2620
2369 2709
2369 2795
2370 2838
2372 2391
2372 2900
2373 2684
2373 2869
2375 2790
2376 2525
2376 2745
2378 2863
2379 2480
2380 2700
2380 2833
2381 2531
2381 2591
2382 2868
2383 2665
2384 2562
2385 2390
2385 2692
2388 2455
2389 2599
2392 2803
2392 2814
2395 2684
2400 2650
2401 2551
2401 2559
2402 2475
2402 2824
2402 2838
2404 2416
2404 2834
2405 2499
2408 2560
2408 2854
2409 2425
2411 2638
2414 2706
2416 2514
2416 2811
2417 2638
2417 2835
2420 2721
2420 2766
2428 2446
2429 2769
2432 2508
2434 2587
2434 2680
2435 2559
2435 2856
2438 2696
2440 2486
2444 2465
2445 2459
2446 2463
2446 2488
2446 2841
2446 2849
2447 2640
2447 2726
2448 2461
2451 2816
2452 2522
2453 2555
2453 2694
2456 2570
2460 2594
2461 2536
2464 2540
2465 2469
2467 2594
2470 2523
2470 2817
2471 2694
2471 2888
2471 2898
2474 2482
2476 2596
2481 2570
2482 2561
2482 2671
2482 2754
2486 2886
2491 2683
2492 2654
2494 2881
2495 2638
2496 2562
2497 2843
2501 2683
2507 2594
2507 2678
2509 2685
2517 2564
2518 2775
2520 2542
2521 2561
2522 2523
2524 2588
2524 2671
2533 2557
2533 2708
2535 2644
2535 2822
2540 2589
2540 2786
2540 2842
2544 2773
2546 2665
2547 2893
2549 2568
2549 2750
2550 2622
2551 2624
2553 2832
2557 2802
2560 2717
2562 2747
2562 2811
2564 2739
2570 2809
2572 2869
2573 2858
2574 2900
2580 2611
2582 2618
2582 2801
2585 2643
2585 2832
2585 2844
2586 2635
2590 2684
2591 2801
2592 2673
2593 2840
2593 2871
2594 2786
2595 2897
2598 2873
2601 2699
2601 2723
2604 2617
2613 2798
2616 2706
2620 2664
2622 2662
2628 2736
2630 2881
2634 2829
2636 2725
2638 2846
2639 2674
2644 2671
2644 2877
2644 2882
2645 2698
2645 2834
2647 2766
2650 2677
2652 2824
2661 2830
2662 2720
2664 2727
2664 2787
2664 2861
2666 2869
2667 2815
2668 2825
2669 2705
2674 2691
2674 2783
2678 2714
2687 2867
2688 2743
2690 2725
2693 2868
2694 2778
2697 2743
2699 2807
2701 2802
2710 2759
2710 2811
2710 2889
2712 2801
2716 2868
2724 2892
2725 2761
2727 2750
2729 2800
2733 2765
2734 2849
2737 2901
2739 2893
2746 2892
2750 2903
2752 2835
2763 2829
2767 2822
2778 2857
2782 2835
2785 2828
2785 2852
2790 2885
2794 2825
2795 2813
2800 2834
2804 2864
2812 2900
2816 2831
2824 2849
2825 2891
2827 2884
2829 2874
2834 2850
2843 2860
2844 2892
2869 2898
2891 2893
