1848 4032
0 1299
0 1306
0 1664
1 35
1 430
1 580
1 731
1 1357
1 1397
1 1574
1 1638
2 461
2 610
2 1129
2 1240
2 1446
2 1630
2 1711
2 1725
3 550
3 800
3 1696
4 69
4 305
4 719
4 756
4 882
4 990
4 1373
4 1688
5 7
5 369
5 527
6 530
6 1004
6 1567
7 89
7 344
7 346
7 558
7 561
7 806
7 861
8 27
8 1247
8 1736
9 46
9 171
9 1811
10 62
10 658
10 1672
11 66
11 325
11 1438
12 401
12 971
12 1679
13 153
13 430
13 555
13 678
13 1113
13 1465
13 1748
13 1819
14 637
14 664
14 750
15 888
15 1070
15 1601
16 807
16 1106
16 1562
17 23
17 1009
17 1575
18 595
18 698
18 1694
19 331
19 1153
19 1642
20 1351
20 1529
20 1645
21 168
21 633
21 965
22 138
22 319
22 623
22 651
22 773
22 912
22 958
22 1812
23 751
23 837
23 944
23 1180
23 1322
23 1455
23 1625
24 490
24 877
24 1653
25 374
25 669
25 1599
26 540
26 1008
26 1567
27 130
27 781
27 928
27 1208
27 1422
27 1495
27 1662
28 62
28 645
28 670
29 611
29 1075
29 1621
30 98
30 1193
30 1348
31 131
31 967
31 1367
32 544
32 813
32 1330
33 228
33 435
33 502
34 725
34 1247
34 1584
35 1362
35 1388
36 107
36 442
36 1370
37 1122
37 1152
37 1207
38 377
38 462
38 1510
39 1602
39 1716
39 1736
40 458
40 799
40 967
41 347
41 388
41 394
41 437
41 673
41 1006
41 1603
41 1608
42 1154
42 1315
42 1511
43 149
43 1454
43 1719
44 508
44 1189
44 1435
45 281
45 877
45 1199
46 83
46 411
46 626
46 915
46 956
46 1396
46 1492
47 260
47 311
47 354
47 599
47 705
47 1279
47 1424
47 1830
48 231
48 365
48 480
48 662
48 789
48 1629
48 1773
48 1835
49 472
49 732
49 800
50 572
50 658
50 1230
51 63
51 711
51 1085
51 1282
51 1418
51 1581
51 1763
51 1810
52 258
52 596
52 1352
53 93
53 253
53 255
53 905
53 924
53 1366
53 1583
53 1677
54 470
54 596
54 1388
55 369
55 404
55 1236
56 939
56 1433
56 1510
57 796
57 948
57 1403
58 528
58 1153
58 1482
59 155
59 508
59 1653
60 171
60 1149
60 1152
61 373
61 810
61 1200
62 72
62 197
62 342
62 734
62 1613
62 1831
63 1236
63 1602
64 353
64 865
64 920
64 937
64 1049
64 1397
64 1500
64 1708
65 1116
65 1238
65 1740
66 312
66 1327
66 1456
66 1552
66 1580
66 1685
66 1843
67 340
67 1035
67 1170
68 515
68 639
68 1168
69 874
69 1173
70 491
70 1370
70 1772
71 125
71 1713
71 1793
72 602
72 1379
73 357
73 828
73 1034
73 1133
73 1174
73 1318
73 1444
73 1517
74 780
74 993
74 1171
75 117
75 228
75 1796
76 667
76 728
76 1081
77 299
77 836
77 1266
78 213
78 742
78 1024
79 155
79 1106
79 1173
80 122
80 513
80 722
80 797
80 905
80 991
80 1206
80 1591
81 250
81 930
81 1364
82 1027
82 1403
82 1710
83 1489
83 1575
84 88
84 163
84 260
84 303
84 510
84 707
84 1443
84 1649
85 307
85 883
85 1393
86 224
86 300
86 1563
87 139
87 1144
87 1740
88 392
88 1489
89 1270
89 1794
90 933
90 1312
90 1460
91 170
91 262
91 1093
92 866
92 1348
92 1427
93 1121
93 1699
94 252
94 634
94 1650
95 308
95 815
95 1532
96 98
96 1154
96 1489
97 621
97 736
97 1300
98 205
98 446
98 494
98 951
98 1188
98 1481
99 133
99 200
99 466
100 527
100 648
100 1687
101 1238
101 1428
101 1832
102 469
102 584
102 867
102 919
102 1261
102 1395
102 1426
102 1639
103 1246
103 1642
103 1834
104 560
104 980
104 1514
105 736
105 1189
105 1679
106 142
106 1453
106 1642
107 604
107 614
107 1051
107 1355
107 1721
107 1766
107 1770
108 147
108 1126
108 1832
109 226
109 829
109 1348
110 207
110 874
110 1230
111 560
111 1136
111 1551
112 1449
112 1511
112 1525
113 328
113 609
113 910
114 892
114 939
114 1330
115 547
115 1511
115 1670
116 460
116 1070
116 1710
117 409
117 456
117 582
117 594
117 1003
117 1086
117 1531
118 527
118 1026
118 1602
119 667
119 917
119 1568
120 261
120 1377
120 1840
121 245
121 459
121 461
121 767
121 787
121 876
121 1059
121 1820
122 799
122 1346
123 400
123 572
123 1846
124 186
124 1177
124 1751
125 267
125 339
125 366
125 954
125 1000
125 1286
125 1833
126 250
126 563
126 759
127 1144
127 1304
127 1377
128 755
128 803
128 1032
129 1346
129 1566
129 1730
130 621
130 1729
131 412
131 456
131 704
131 797
131 1496
131 1618
131 1626
132 147
132 263
132 712
133 455
133 924
133 1010
133 1185
133 1545
133 1718
133 1757
134 807
134 1168
134 1601
135 169
135 407
135 765
135 881
135 882
135 1237
135 1382
135 1585
136 1140
136 1786
136 1801
137 725
137 840
137 922
138 927
138 1699
139 448
139 644
139 679
139 719
139 1163
139 1176
139 1597
140 289
140 373
140 619
141 159
141 185
141 560
142 246
142 656
142 851
142 1042
142 1381
142 1424
142 1513
143 1027
143 1270
143 1476
144 331
144 447
144 1681
145 367
145 424
145 435
146 603
146 863
146 915
146 1288
146 1339
146 1358
146 1394
146 1693
147 536
147 1019
147 1045
147 1101
147 1223
147 1769
148 546
148 1370
148 1530
149 529
149 918
149 1165
149 1179
149 1585
149 1746
149 1781
150 1002
150 1566
150 1834
151 196
151 581
151 1351
152 462
152 602
152 1215
153 460
153 948
154 348
154 738
154 1644
155 500
155 879
155 977
155 1021
155 1550
155 1701
156 1246
156 1294
156 1730
157 337
157 1471
157 1764
158 639
158 735
158 1070
159 526
159 770
159 847
159 1251
159 1309
159 1526
159 1648
160 178
160 773
160 831
160 1175
160 1206
160 1278
160 1324
160 1805
161 712
161 1139
161 1316
162 907
162 948
162 1032
163 203
163 1716
164 822
164 1252
164 1412
165 1081
165 1247
165 1393
166 458
166 1645
166 1793
167 181
167 662
167 876
167 881
167 972
167 1085
167 1340
167 1676
168 219
168 350
168 434
168 640
168 1288
168 1598
168 1651
169 1428
169 1674
170 219
170 221
170 646
170 721
170 1339
170 1464
170 1508
171 219
171 225
171 271
171 1015
171 1151
171 1838
172 288
172 316
172 906
172 1084
172 1109
172 1113
172 1467
172 1803
173 371
173 1232
173 1751
174 312
174 357
174 448
174 449
174 652
174 989
174 1240
174 1432
175 275
175 536
175 766
175 1112
175 1123
175 1547
175 1747
175 1775
176 210
176 251
176 429
176 932
176 1047
176 1082
176 1623
176 1760
177 337
177 939
177 1656
178 846
178 870
179 435
179 680
179 965
180 661
180 1144
180 1568
181 1139
181 1553
182 815
182 1118
182 1306
183 1330
183 1414
183 1679
184 250
184 871
184 1170
185 313
185 579
185 668
185 1494
185 1550
185 1589
185 1782
186 352
186 387
186 484
186 1303
186 1406
186 1524
186 1709
187 546
187 866
187 1567
188 522
188 590
188 808
188 970
188 1130
188 1159
188 1746
188 1784
189 1316
189 1599
189 1756
190 866
190 1187
190 1530
191 320
191 347
191 635
191 734
191 1244
191 1451
191 1457
191 1732
192 451
192 803
192 1226
193 1025
193 1285
193 1344
194 1103
194 1153
194 1294
195 299
195 1448
195 1614
196 266
196 686
196 745
196 1141
196 1155
196 1462
196 1783
197 1093
197 1533
198 821
198 888
198 1152
199 596
199 1069
199 1075
200 332
200 507
200 593
200 740
200 794
200 1577
200 1620
201 735
201 810
201 1331
202 227
202 850
202 875
202 1477
202 1700
202 1749
202 1787
202 1823
203 951
203 956
203 1042
203 1082
203 1190
203 1564
203 1666
204 664
204 1135
204 1182
205 822
205 1187
206 563
206 1095
206 1686
207 320
207 525
207 559
207 854
207 1001
207 1712
207 1831
208 327
208 1035
208 1096
209 1252
209 1325
209 1796
210 1187
210 1193
211 563
211 1294
211 1536
212 547
212 1154
212 1171
213 496
213 558
213 995
213 1030
213 1437
213 1626
213 1758
214 771
214 1204
214 1259
214 1298
214 1643
214 1714
214 1753
214 1829
215 341
215 728
215 840
216 1183
216 1258
216 1287
217 1035
217 1325
217 1419
218 393
218 425
218 994
218 1048
218 1055
218 1088
218 1407
218 1739
220 1368
220 1679
220 1788
221 735
221 947
222 1126
222 1431
222 1482
223 730
223 888
223 1189
224 483
224 578
224 636
224 982
224 1466
224 1647
224 1767
225 980
225 1570
226 236
226 333
226 351
226 505
226 532
226 867
226 1240
227 973
227 1008
228 471
228 523
228 636
228 716
228 819
228 1417
229 328
229 759
229 1593
230 508
230 809
230 1562
231 670
231 1538
232 715
232 1211
232 1584
233 248
233 398
233 426
233 583
233 682
233 1159
233 1405
233 1587
234 535
234 1121
234 1764
235 1065
235 1323
235 1736
236 648
236 892
237 460
237 1096
237 1512
238 323
238 549
238 681
238 761
238 1131
238 1220
238 1261
238 1724
239 619
239 1330
239 1593
240 1296
240 1400
240 1682
241 301
241 602
241 1230
242 742
242 1323
242 1824
243 548
243 973
243 1011
244 490
244 1453
244 1644
245 1566
245 1839
246 1489
246 1716
247 470
247 993
247 1232
248 1449
248 1834
249 548
249 869
249 1149
250 389
250 792
250 908
250 966
250 1731
251 822
251 1348
252 416
252 766
252 805
252 817
252 909
252 1546
252 1615
253 337
253 1593
254 438
254 700
254 1022
255 1008
255 1556
256 356
256 563
256 1670
257 313
257 545
257 1048
257 1178
257 1244
257 1361
257 1391
257 1797
258 555
258 926
258 976
258 1119
258 1359
258 1399
258 1543
259 522
259 659
259 729
259 988
259 992
259 1382
259 1715
259 1777
260 1127
261 315
261 390
261 610
261 705
261 1408
261 1429
261 1659
262 276
262 696
262 1034
262 1054
262 1067
262 1292
262 1298
263 316
263 814
263 934
263 989
263 1415
263 1543
263 1685
264 337
264 799
264 1002
265 373
265 1096
265 1772
266 665
266 780
267 591
267 910
268 544
268 1414
268 1744
269 738
269 1103
269 1681
270 451
270 1296
270 1691
271 517
271 655
272 645
272 841
272 1414
273 299
273 742
273 1650
274 419
274 803
274 846
275 1062
275 1172
276 546
276 907
277 877
277 1230
277 1644
278 327
278 348
278 1427
279 348
279 447
279 1653
280 345
280 670
280 1533
281 353
281 685
281 988
281 1180
281 1214
281 1712
281 1781
282 440
282 597
282 716
282 1107
282 1289
282 1486
282 1618
282 1628
283 363
283 477
283 796
284 1229
284 1287
284 1840
285 447
285 1103
285 1182
286 535
286 927
286 1412
287 930
287 1116
287 1707
288 596
288 1135
289 726
289 771
289 1160
289 1309
289 1397
289 1469
289 1698
290 503
290 1182
290 1352
291 307
291 364
291 404
292 466
292 1143
292 1383
293 628
293 744
293 788
294 301
294 665
294 1503
295 782
295 1337
295 1351
296 698
296 1368
296 1476
297 1149
297 1400
297 1427
298 374
298 491
298 619
299 302
299 1076
299 1257
299 1502
299 1547
300 454
300 656
300 707
300 986
300 1447
300 1488
300 1560
301 381
301 685
301 734
301 931
301 1217
301 1534
302 634
302 1794
303 458
303 1039
304 472
304 1215
304 1528
305 712
305 1238
306 560
306 1106
306 1645
307 654
307 966
307 1085
307 1324
307 1598
307 1752
308 483
308 630
308 873
308 1028
308 1060
308 1166
308 1558
309 521
309 793
309 1460
310 422
310 492
310 613
310 791
310 999
310 1053
310 1233
310 1470
311 1460
311 1650
312 1126
313 809
314 442
314 1118
314 1316
315 1258
315 1566
316 424
317 768
317 827
317 1207
318 699
318 840
318 1081
319 535
319 1836
320 345
321 744
321 1247
321 1323
322 567
322 670
322 1172
323 1164
323 1756
324 517
324 888
324 1207
325 417
325 909
325 1257
325 1301
325 1434
325 1749
325 1771
326 328
326 883
326 1793
327 936
327 1053
327 1225
327 1309
327 1497
327 1577
328 856
328 1295
328 1392
328 1418
328 1475
329 363
329 892
329 1532
330 470
330 796
330 933
331 444
331 516
331 743
331 1228
331 1555
331 1780
332 447
332 1644
333 1431
333 1567
334 530
334 1187
334 1427
335 730
335 1246
335 1331
336 517
336 736
336 836
337 622
337 704
337 831
337 1293
338 1177
338 1428
338 1553
339 1370
339 1664
340 385
340 526
340 878
340 1237
340 1241
340 1335
340 1773
341 360
341 640
341 675
341 860
341 1320
341 1338
341 1594
342 581
342 1356
343 930
343 962
343 1299
344 892
344 1602
345 571
345 931
345 1239
345 1425
345 1501
345 1845
346 502
346 1177
347 1664
348 455
348 565
348 615
348 629
348 1161
349 439
349 825
349 987
349 1061
349 1548
349 1723
349 1774
349 1784
350 870
350 883
351 902
351 1454
352 530
352 1650
353 1453
354 1287
354 1377
355 1575
355 1606
355 1699
356 433
356 784
356 853
356 1130
356 1499
356 1646
356 1661
357 1172
358 712
358 1153
358 1162
359 392
359 611
359 974
360 1065
360 1393
361 547
361 809
361 1799
362 1162
362 1806
362 1832
363 428
363 479
363 495
363 1326
363 1465
363 1709
364 407
364 450
364 459
364 711
364 789
364 941
364 1516
365 503
365 1811
366 645
366 946
367 384
367 475
367 694
367 802
367 1020
367 1387
367 1466
368 665
368 1011
368 1704
369 718
369 1222
369 1272
369 1282
369 1343
369 1761
370 809
370 1158
370 1720
371 854
371 1254
371 1273
371 1329
371 1462
371 1534
371 1705
372 1201
372 1226
372 1232
373 468
373 537
373 608
373 960
373 1608
374 660
374 760
374 872
374 954
374 1051
374 1470
375 443
375 813
375 1614
376 554
376 648
376 1135
377 635
377 733
377 1013
377 1409
377 1473
377 1490
377 1798
378 948
378 1226
378 1814
379 401
379 755
379 870
380 477
380 735
380 1095
381 490
381 874
382 1201
382 1617
382 1786
383 870
383 1043
383 1449
384 442
384 1306
385 829
385 1438
386 874
386 1215
386 1691
387 1344
387 1674
388 515
388 1529
389 897
389 1479
390 793
390 1707
391 735
391 1642
391 1730
392 1042
392 1080
392 1113
392 1119
392 1272
392 1684
393 1207
393 1811
394 1164
394 1533
395 521
395 742
395 1400
396 575
396 739
396 801
396 1131
396 1380
396 1480
396 1612
396 1738
397 666
397 935
397 1551
398 625
398 1069
399 504
399 675
399 688
399 921
399 1001
399 1017
399 1509
399 1534
400 420
400 471
400 676
400 761
400 1561
400 1582
400 1643
401 513
401 622
401 912
401 1195
401 1734
401 1752
402 732
402 1476
402 1729
403 458
403 910
403 1136
404 607
404 717
404 1202
404 1291
404 1295
404 1676
405 478
405 758
405 884
405 944
405 1186
405 1302
405 1373
405 1844
406 947
406 1095
406 1246
407 1139
408 1270
408 1285
408 1751
409 1364
409 1720
410 637
410 1168
410 1645
411 1229
411 1690
412 803
412 1191
413 419
413 755
413 1236
414 424
414 664
414 1351
415 441
415 498
415 1531
415 1564
415 1582
415 1628
415 1800
415 1815
416 1266
416 1614
417 715
417 1062
418 502
418 1026
418 1674
419 1046
419 1117
419 1334
419 1517
419 1749
419 1754
420 680
420 1653
421 888
421 1027
421 1258
422 611
422 1670
423 1097
423 1323
423 1729
424 1041
424 1148
424 1392
424 1399
424 1678
425 1529
425 1563
426 591
426 1296
427 1199
427 1379
427 1686
428 560
428 1786
429 869
429 922
430 933
431 1139
431 1229
431 1846
432 796
432 947
432 1801
433 1296
433 1713
434 502
434 1710
435 446
435 741
435 1192
435 1552
435 1760
436 1460
436 1563
436 1672
437 735
437 1027
438 600
438 757
438 805
438 1076
438 1196
438 1242
438 1769
439 655
439 1427
440 799
440 945
441 572
441 1756
442 748
442 954
442 1006
442 1131
442 1732
443 844
443 997
443 1387
443 1409
443 1757
443 1816
443 1828
444 1265
444 1442
445 945
445 1379
445 1454
446 877
447 1038
447 1044
447 1128
447 1588
448 627
449 957
449 1238
450 567
450 699
451 495
451 590
451 879
451 978
451 1060
451 1692
452 1002
452 1183
452 1730
453 540
453 974
453 1566
454 1071
454 1836
455 1442
456 945
457 557
457 559
457 685
457 1023
457 1086
457 1250
457 1268
457 1618
458 656
458 812
458 1133
458 1496
459 1414
460 651
460 771
460 1156
460 1611
460 1737
461 1008
462 511
462 590
462 894
462 1064
462 1092
462 1369
463 695
463 928
463 982
463 1055
463 1063
463 1350
463 1488
463 1522
464 984
464 1710
464 1729
465 874
465 1428
465 1796
466 671
466 743
466 820
466 1161
466 1673
466 1689
467 1189
467 1215
467 1551
468 730
468 1842
469 1454
469 1687
470 720
470 865
470 1150
470 1160
470 1748
471 1644
472 804
472 928
472 996
472 1078
472 1607
472 1745
473 1199
473 1353
473 1779
474 710
474 712
474 1126
475 897
475 962
476 508
476 1226
476 1644
477 663
477 778
477 1259
477 1508
477 1675
477 1819
478 901
478 1839
479 755
479 1454
480 1093
480 1172
481 1071
481 1232
481 1368
482 799
482 961
482 1367
483 621
484 869
484 1201
485 1025
485 1719
485 1751
486 502
486 528
486 680
487 712
487 1009
487 1806
488 971
488 1200
488 1788
489 892
489 1656
489 1687
490 514
490 525
490 569
490 862
490 1625
491 493
491 746
491 852
491 1225
491 1804
491 1827
492 809
492 1337
493 901
493 1009
494 528
494 1453
495 527
496 1065
496 1069
497 648
497 1352
497 1383
498 1229
498 1759
499 515
499 1004
499 1696
500 948
500 1232
501 502
501 1002
501 1442
502 1098
502 1673
503 649
503 687
503 717
503 1125
503 1678
503 1763
504 869
504 1081
505 527
505 1656
506 542
506 1009
506 1022
507 738
507 1653
508 1178
508 1251
508 1363
508 1795
509 830
509 1203
509 1209
509 1328
509 1445
509 1506
509 1519
509 1554
510 1294
510 1453
511 1448
511 1601
512 897
512 1116
512 1388
513 1565
514 1182
514 1333
515 631
515 726
515 981
515 1146
515 1657
516 1294
516 1806
517 630
517 1007
517 1463
517 1473
517 1693
518 1081
518 1348
518 1356
519 667
519 922
519 1544
520 661
520 800
520 1694
521 651
521 709
521 898
521 1248
521 1742
521 1774
522 829
523 1300
523 1344
524 538
524 751
524 896
524 1014
524 1277
524 1592
524 1668
524 1688
525 602
526 759
527 953
527 1498
527 1655
528 1020
528 1148
528 1417
528 1623
528 1843
529 1553
529 1694
530 779
530 830
530 1630
530 1680
530 1728
531 599
531 695
531 709
531 1167
531 1354
531 1374
531 1523
531 1817
532 1187
532 1349
533 1139
533 1265
533 1764
534 807
534 1207
534 1570
535 893
535 924
535 964
535 969
535 1564
536 1720
537 639
537 1529
538 700
538 1304
539 800
539 1152
539 1375
540 647
540 941
540 972
540 1371
540 1542
540 1725
541 1091
541 1476
541 1696
542 568
542 690
542 868
542 1197
542 1244
542 1386
542 1416
543 917
543 1069
543 1362
544 1057
544 1195
544 1558
544 1805
544 1818
544 1826
545 596
545 1834
546 608
546 660
546 1318
546 1630
546 1657
547 752
547 1012
547 1134
547 1237
547 1380
548 556
548 672
548 1155
548 1308
548 1396
548 1817
549 1139
549 1832
550 642
550 708
550 776
550 1402
550 1422
550 1522
550 1637
551 621
551 1346
551 1720
552 596
552 1562
552 1730
553 625
553 939
553 1459
554 568
554 641
554 929
554 1319
554 1321
554 1395
554 1689
555 1716
556 655
556 1617
557 1353
557 1454
558 648
559 1087
560 1303
560 1363
560 1396
561 965
561 1674
562 1172
562 1207
562 1704
563 682
563 816
563 1198
563 1464
564 1541
564 1756
564 1846
565 1349
565 1536
566 780
566 1207
566 1538
567 687
567 753
567 878
567 1147
567 1340
567 1785
568 1566
569 658
569 1541
570 755
570 1528
570 1788
571 645
571 1093
572 774
572 862
572 868
572 1327
572 1727
573 965
573 1393
573 1710
574 1460
574 1794
574 1840
575 1200
575 1315
576 1002
576 1097
576 1720
577 1093
577 1095
577 1314
578 1299
578 1593
579 628
579 1189
580 793
580 796
581 1063
581 1107
581 1354
581 1501
581 1531
581 1540
582 680
582 1173
583 871
583 1670
584 666
584 1071
585 871
585 1536
585 1642
586 637
586 1136
586 1529
587 591
587 824
587 1719
588 627
588 902
588 1316
589 1149
589 1696
589 1842
591 614
591 713
591 1130
591 1274
591 1447
592 930
592 1043
592 1479
593 829
593 1536
594 1243
594 1479
595 642
595 717
595 733
595 1245
595 1463
595 1607
595 1810
596 1574
596 1634
597 1243
597 1364
598 1065
598 1191
598 1690
599 1794
600 1252
600 1799
601 1158
601 1256
601 1606
602 880
602 990
602 1142
602 1239
603 980
603 1811
604 946
604 1533
605 700
605 1193
605 1412
606 768
606 821
606 1008
607 967
607 1576
608 1696
609 617
609 749
609 921
609 979
609 1072
609 1102
609 1598
610 1704
611 746
611 845
611 895
611 1176
611 1360
612 727
612 739
612 790
612 1060
612 1234
612 1292
612 1447
612 1640
613 1154
613 1740
614 1793
615 1337
615 1530
616 1287
616 1567
616 1704
617 728
617 967
618 1004
618 1370
618 1427
619 703
619 981
619 1117
619 1233
619 1776
620 1025
620 1070
620 1476
621 912
621 1056
621 1089
621 1278
622 782
623 1193
623 1252
624 1097
624 1243
624 1346
625 894
625 1181
625 1499
625 1605
625 1609
625 1798
626 1140
626 1514
627 1223
627 1261
627 1441
627 1590
627 1597
627 1627
628 754
628 783
628 1124
628 1505
628 1795
628 1847
629 724
629 829
630 1614
631 730
631 1200
632 957
632 1238
632 1736
633 798
633 1073
633 1098
633 1520
633 1521
633 1578
633 1611
634 1090
634 1157
634 1208
634 1413
634 1437
634 1774
635 1075
636 1751
637 916
637 1497
637 1540
637 1678
637 1783
638 725
638 1062
638 1065
639 1137
639 1235
639 1439
639 1732
639 1733
640 1247
641 902
641 1388
642 732
643 866
643 1650
643 1786
644 957
644 1431
645 673
645 975
645 1137
645 1721
646 670
646 1314
647 1599
647 1674
648 722
648 1293
648 1741
649 750
649 1351
650 821
650 1538
650 1704
652 1567
652 1687
653 1375
653 1510
653 1691
654 1043
654 1419
655 863
655 955
655 1260
655 1430
655 1750
657 666
657 788
657 902
658 842
658 1273
658 1501
658 1594
658 1807
659 1285
659 1454
660 1427
661 1045
661 1245
661 1554
661 1569
661 1627
661 1787
662 699
663 1536
663 1556
664 1291
664 1658
664 1785
664 1810
664 1835
665 714
665 838
665 842
665 899
665 1001
666 804
666 1064
666 1142
666 1402
666 1557
667 850
667 860
667 1018
667 1257
667 1546
668 1035
668 1140
669 975
669 1014
669 1205
669 1221
669 1279
669 1280
669 1373
670 842
670 1054
670 1705
671 965
671 1002
672 980
672 1140
673 1599
674 1127
674 1144
674 1229
675 1617
676 1164
676 1316
677 1136
677 1367
677 1793
678 1201
678 1403
679 712
679 1428
680 1289
680 1420
680 1647
680 1837
681 902
681 957
682 1154
683 815
683 1285
683 1314
684 867
684 918
684 1023
684 1326
684 1389
684 1507
684 1715
684 1808
686 1025
686 1621
687 1570
688 1645
688 1702
689 1027
689 1122
689 1601
690 1378
690 1562
691 730
691 735
691 1483
692 702
692 947
692 1536
693 1171
693 1419
693 1525
694 1231
694 1664
695 1672
696 815
696 1719
697 738
697 1066
697 1681
698 833
698 1223
698 1227
698 1262
698 1328
698 1700
699 749
699 860
699 921
699 1284
699 1809
700 758
700 1263
700 1622
700 1747
700 1812
701 1009
701 1790
701 1799
702 737
702 778
702 1117
702 1151
702 1358
702 1366
702 1504
703 1032
703 1556
704 1346
705 1229
706 927
706 1039
706 1071
707 1367
708 1215
708 1325
709 933
710 814
710 1115
710 1123
710 1242
710 1262
710 1535
710 1627
711 870
712 1724
713 1285
713 1606
714 1093
714 1356
715 729
715 745
715 795
715 845
715 1372
715 1781
716 1173
718 933
718 1824
719 1832
720 1265
720 1814
721 871
721 1686
722 939
723 840
723 1075
723 1568
724 778
724 904
724 934
724 1198
724 1336
724 1450
724 1620
725 1018
725 1180
725 1249
725 1267
725 1722
726 1772
727 1118
727 1231
728 789
728 857
728 1017
728 1072
728 1340
729 1087
730 891
730 908
730 1283
731 1096
731 1199
732 960
732 1376
732 1430
732 1445
732 1657
733 1152
735 1768
736 1057
736 1234
736 1692
736 1767
736 1792
737 1008
737 1764
738 848
738 1052
738 1100
738 1780
739 1306
740 1121
740 1442
741 1482
741 1806
742 817
742 1061
742 1421
742 1495
743 993
744 781
744 1080
744 1163
744 1343
744 1590
744 1822
745 1270
746 1154
747 993
747 1759
747 1764
748 1231
748 1299
749 961
750 856
750 1020
750 1192
750 1440
750 1543
750 1803
751 1836
752 835
752 1022
753 1093
753 1538
754 1193
754 1799
755 1068
755 1324
755 1389
756 1553
756 1674
757 1172
757 1584
758 1127
759 900
759 1267
759 1290
759 1401
759 1695
760 1004
760 1530
761 1599
762 907
762 1004
762 1314
763 782
763 1066
763 1312
764 1081
764 1503
764 1617
765 1315
765 1474
766 768
767 827
767 1567
768 1010
768 1076
768 1138
768 1721
768 1833
769 971
769 1682
769 1842
770 1325
770 1449
772 813
772 836
772 962
773 1097
774 1153
774 1482
775 1199
775 1479
775 1511
776 974
776 1266
777 933
777 1287
777 1707
779 1348
779 1530
780 1254
780 1410
780 1487
780 1659
780 1711
781 1065
782 934
782 1099
782 1206
782 1248
782 1497
783 1071
783 1736
784 1449
784 1730
785 1009
785 1153
785 1832
786 1349
786 1438
786 1474
787 1177
787 1599
788 1104
788 1426
788 1472
788 1560
788 1572
788 1789
790 1039
790 1713
791 901
791 1162
792 870
792 1419
793 1222
793 1271
793 1313
793 1374
793 1748
794 1337
794 1427
795 1075
795 1740
796 1084
796 1119
796 1156
797 1002
798 1066
798 1729
799 1005
799 1030
799 1086
800 833
800 1291
800 1473
800 1763
801 1316
801 1664
802 1300
802 1593
803 977
803 1030
803 1202
803 1282
804 1325
805 946
806 1191
806 1656
807 952
807 1350
807 1391
807 1610
807 1636
808 1532
808 1691
809 949
809 1120
809 1225
810 950
810 1094
810 1146
810 1491
810 1665
810 1731
811 1412
811 1699
811 1836
812 907
812 1478
813 876
813 941
813 975
813 1194
813 1332
814 1832
815 986
815 1274
815 1692
815 1738
816 1043
816 1170
817 1794
818 1183
818 1346
818 1834
819 1653
819 1756
820 1103
820 1265
821 952
821 1007
821 1088
821 1410
821 1596
822 834
822 1019
822 1115
822 1505
822 1812
823 1136
823 1503
823 1702
824 893
824 1101
824 1115
824 1269
824 1281
824 1423
824 1631
825 1149
825 1530
826 841
826 1370
826 1599
827 914
827 1366
827 1596
827 1725
827 1765
827 1823
828 1431
828 1538
829 1165
829 1527
829 1624
830 1091
831 1565
832 1118
832 1315
832 1842
833 971
834 1435
834 1799
835 1053
835 1178
835 1485
835 1494
835 1755
835 1821
835 1827
836 844
836 848
836 1128
836 1166
836 1615
837 1087
837 1544
838 1232
838 1344
839 1377
839 1759
839 1846
840 875
840 909
840 1305
840 1502
841 872
841 1332
841 1579
841 1688
841 1830
841 1844
843 1256
843 1314
843 1512
844 1414
845 917
846 968
846 1050
846 1326
846 1660
846 1717
846 1752
847 1419
847 1528
848 1459
849 1226
849 1236
849 1532
850 1075
851 1039
851 1367
852 1670
852 1740
853 1069
853 1510
854 1503
855 897
855 939
855 945
856 1379
857 883
857 961
858 1011
858 1108
858 1514
859 1075
859 1362
859 1690
861 1025
861 1650
862 1356
863 1152
864 947
864 1364
864 1512
865 1096
866 1129
866 1203
866 1365
866 1524
868 1483
869 955
869 1188
869 1320
869 1735
870 1102
870 1676
871 1219
871 1290
871 1450
871 1661
872 1164
873 935
873 1679
874 1064
874 1613
874 1845
875 917
877 1049
877 1381
877 1623
877 1649
878 1686
879 1236
880 1173
880 1428
881 1759
882 1177
883 1017
883 1033
883 1284
883 1809
884 1333
884 1836
885 1087
885 1199
885 1453
886 1230
886 1333
886 1681
887 1106
887 1226
887 1796
888 1079
888 1491
888 1605
889 1022
889 1162
889 1790
890 1211
890 1438
890 1482
891 1043
891 1459
892 978
892 1493
892 1761
893 1575
894 1375
895 1144
895 1238
896 901
896 974
897 1083
897 1268
897 1461
897 1828
898 1403
898 1412
899 1751
899 1814
900 1035
900 1474
901 1090
901 1222
901 1495
901 1539
902 1507
902 1825
902 1841
903 1070
903 1122
903 1258
904 1126
904 1565
905 1471
906 1135
906 1459
907 985
907 1046
907 1432
907 1600
908 1433
910 1033
910 1308
910 1355
910 1523
910 1586
911 980
911 1069
911 1229
913 1256
913 1383
913 1442
914 973
914 1568
915 1570
916 1337
916 1565
917 1013
917 1210
917 1457
917 1634
918 1285
919 957
919 1316
920 1171
920 1479
922 1029
922 1341
922 1481
922 1509
922 1847
923 1103
923 1108
923 1525
925 1170
925 1576
925 1593
926 1135
926 1362
927 944
927 1279
927 1560
927 1579
927 1592
929 1143
929 1442
930 1250
930 1387
930 1641
930 1791
931 1378
932 1617
932 1702
933 1408
933 1539
935 1057
935 1283
935 1491
935 1589
935 1633
935 1795
936 1351
936 1565
937 1364
937 1511
938 1062
938 1247
938 1544
939 953
939 1250
940 973
940 1103
940 1438
942 980
942 1024
942 1489
943 1348
943 1349
943 1687
945 1217
945 1641
945 1712
945 1808
946 1132
946 1185
946 1515
946 1547
946 1596
947 1336
947 1465
947 1753
948 1406
948 1517
948 1735
949 1022
949 1315
950 1246
950 1483
951 1670
952 1811
953 1744
955 1514
956 1024
957 1045
957 1163
957 1262
958 1312
958 1403
959 1008
959 1108
959 1568
960 1004
961 1151
961 1295
961 1394
961 1496
961 1581
962 1411
962 1490
962 1632
962 1718
962 1743
963 1069
963 1191
963 1247
964 1489
964 1846
965 1105
965 1224
965 1417
966 1449
967 1284
967 1358
967 1418
967 1838
968 1032
968 1236
969 1024
969 1606
970 1400
970 1788
971 1245
971 1585
971 1777
971 1805
972 1414
973 1000
973 1141
973 1555
973 1766
974 996
974 998
974 1059
974 1186
976 1352
976 1459
977 1532
978 1801
979 1576
979 1793
980 1663
980 1666
981 1096
982 1039
983 1066
983 1091
983 1710
984 987
984 1038
984 1052
984 1218
984 1248
984 1307
984 1520
985 1172
985 1431
986 1713
987 1448
988 1621
989 1482
990 1796
991 1593
991 1764
992 1296
992 1349
993 1111
993 1638
993 1671
993 1677
994 1551
994 1562
995 1247
995 1690
996 1448
997 1375
997 1811
998 1716
998 1740
999 1009
999 1824
1000 1158
1002 1089
1003 1672
1003 1846
1004 1034
1004 1129
1005 1191
1005 1236
1006 1378
1007 1122
1008 1515
1009 1595
1010 1231
1011 1254
1011 1317
1011 1372
1011 1390
1011 1540
1012 1118
1012 1200
1013 1378
1014 1428
1015 1095
1015 1393
1016 1120
1016 1286
1016 1345
1016 1480
1016 1631
1016 1762
1016 1766
1016 1821
1018 1702
1019 1606
1021 1551
1021 1796
1022 1216
1022 1505
1022 1775
1023 1379
1024 1157
1024 1269
1024 1455
1024 1595
1025 1037
1025 1209
1025 1372
1026 1037
1026 1224
1026 1652
1026 1741
1026 1758
1026 1761
1027 1209
1027 1611
1027 1733
1028 1097
1028 1300
1029 1503
1029 1645
1031 1171
1031 1438
1031 1449
1032 1301
1032 1444
1032 1477
1032 1504
1033 1576
1035 1363
1035 1469
1035 1549
1036 1230
1036 1356
1036 1541
1037 1794
1038 1681
1039 1104
1039 1274
1039 1616
1040 1136
1040 1168
1040 1351
1041 1379
1041 1576
1043 1083
1043 1290
1043 1665
1044 1066
1044 1182
1046 1201
1047 1489
1047 1670
1048 1106
1049 1087
1050 1528
1050 1682
1051 1664
1052 1182
1054 1095
1055 1168
1056 1091
1056 1323
1058 1106
1058 1136
1058 1140
1059 1183
1061 1312
1062 1073
1062 1196
1062 1452
1062 1468
1063 1460
1065 1264
1065 1651
1066 1347
1066 1548
1066 1742
1067 1143
1067 1512
1068 1325
1068 1682
1069 1492
1070 1506
1070 1578
1070 1603
1071 1559
1071 1822
1071 1825
1072 1503
1073 1143
1074 1330
1074 1471
1074 1772
1075 1706
1077 1135
1077 1383
1077 1656
1078 1266
1078 1839
1079 1510
1079 1744
1080 1602
1081 1651
1081 1807
1082 1154
1083 1364
1084 1716
1087 1179
1087 1217
1087 1722
1088 1570
1089 1243
1090 1323
1091 1365
1091 1445
1091 1520
1091 1662
1092 1296
1092 1532
1093 1273
1094 1122
1094 1189
1095 1219
1095 1288
1096 1526
1096 1829
1097 1662
1097 1734
1097 1767
1098 1393
1099 1126
1099 1536
1100 1433
1100 1614
1101 1193
1102 1393
1103 1111
1103 1385
1104 1836
1105 1346
1105 1442
1106 1557
1106 1633
1107 1846
1108 1155
1108 1228
1108 1286
1108 1770
1108 1823
1109 1352
1109 1433
1110 1116
1110 1127
1110 1377
1111 1442
1112 1538
1112 1584
1114 1173
1114 1226
1114 1551
1116 1176
1116 1227
1116 1310
1116 1787
1118 1213
1118 1220
1118 1762
1120 1243
1121 1132
1121 1138
1121 1161
1121 1411
1121 1816
1122 1283
1122 1609
1122 1813
1123 1243
1124 1331
1124 1702
1125 1135
1125 1681
1126 1399
1126 1803
1127 1411
1127 1513
1127 1668
1127 1757
1128 1433
1132 1231
1133 1368
1134 1474
1134 1553
1135 1359
1136 1509
1137 1164
1138 1306
1139 1677
1139 1815
1140 1169
1140 1251
1140 1709
1141 1514
1142 1691
1143 1204
1143 1281
1143 1345
1143 1619
1144 1461
1144 1700
1144 1791
1145 1266
1145 1601
1145 1691
1146 1842
1147 1474
1147 1779
1148 1299
1149 1275
1149 1376
1149 1693
1150 1362
1150 1707
1152 1166
1152 1792
1153 1456
1153 1552
1154 1661
1156 1201
1157 1191
1158 1213
1158 1281
1158 1485
1158 1612
1158 1770
1159 1713
1160 1199
1162 1386
1162 1455
1162 1571
1162 1804
1164 1280
1164 1542
1164 1820
1165 1296
1167 1650
1167 1840
1168 1608
1168 1636
1168 1739
1169 1551
1169 1645
1170 1249
1170 1276
1170 1475
1170 1648
1171 1212
1171 1458
1171 1726
1172 1410
1173 1184
1173 1622
1174 1367
1174 1478
1175 1679
1175 1694
1177 1224
1177 1398
1177 1542
1179 1621
1181 1433
1181 1697
1182 1322
1182 1780
1183 1321
1183 1371
1183 1416
1183 1429
1184 1252
1184 1528
1185 1306
1186 1824
1187 1338
1187 1624
1187 1807
1188 1702
1189 1557
1189 1558
1190 1699
1190 1846
1191 1421
1191 1741
1192 1299
1193 1216
1193 1535
1194 1679
1194 1744
1195 1694
1196 1538
1197 1331
1197 1541
1198 1642
1199 1458
1200 1260
1200 1376
1200 1667
1201 1444
1201 1701
1202 1602
1203 1729
1204 1314
1205 1414
1205 1533
1207 1515
1208 1824
1210 1621
1210 1740
1211 1452
1211 1477
1211 1502
1211 1546
1211 1580
1211 1754
1212 1315
1212 1670
1213 1483
1214 1333
1214 1544
1215 1426
1215 1633
1215 1825
1216 1435
1218 1312
1218 1565
1219 1779
1220 1664
1221 1836
1221 1840
1226 1782
1227 1568
1228 1438
1229 1310
1230 1297
1230 1322
1231 1561
1231 1714
1231 1738
1232 1357
1232 1472
1233 1370
1234 1532
1235 1533
1235 1599
1236 1626
1238 1441
1238 1590
1239 1353
1241 1315
1241 1553
1242 1720
1243 1485
1243 1769
1246 1508
1246 1603
1246 1733
1249 1779
1252 1302
1252 1668
1252 1775
1253 1482
1253 1541
1253 1806
1255 1287
1255 1566
1255 1601
1256 1298
1256 1468
1256 1521
1256 1631
1256 1689
1258 1369
1258 1537
1258 1610
1258 1739
1259 1364
1260 1696
1263 1528
1263 1796
1264 1544
1264 1584
1265 1357
1265 1487
1265 1583
1265 1726
1266 1307
1266 1369
1266 1548
1267 1686
1268 1697
1269 1699
1270 1390
1270 1506
1270 1652
1270 1778
1271 1287
1271 1388
1272 1736
1275 1514
1275 1617
1276 1544
1276 1686
1277 1824
1277 1839
1278 1412
1280 1370
1285 1292
1285 1423
1287 1711
1289 1796
1293 1697
1294 1381
1294 1450
1294 1768
1296 1723
1297 1453
1297 1653
1299 1573
1299 1828
1300 1420
1300 1488
1300 1573
1300 1616
1301 1568
1302 1304
1303 1801
1304 1310
1304 1424
1304 1443
1304 1718
1304 1816
1305 1544
1305 1702
1306 1484
1306 1643
1307 1400
1308 1460
1311 1606
1311 1713
1311 1719
1312 1374
1312 1413
1312 1737
1313 1602
1313 1824
1314 1318
1314 1640
1315 1755
1316 1384
1317 1351
1317 1672
1319 1352
1319 1656
1320 1503
1321 1790
1323 1522
1323 1745
1325 1622
1325 1660
1327 1806
1328 1478
1329 1344
1329 1814
1330 1498
1330 1605
1330 1813
1331 1341
1331 1612
1331 1727
1331 1762
1332 1533
1333 1571
1333 1592
1333 1595
1333 1722
1334 1556
1334 1772
1335 1349
1335 1525
1336 1556
1337 1469
1337 1526
1337 1827
1338 1356
1339 1393
1341 1435
1342 1694
1342 1788
1342 1842
1343 1716
1344 1398
1344 1647
1344 1778
1345 1606
1346 1673
1347 1400
1347 1448
1348 1594
1349 1620
1349 1746
1350 1529
1352 1467
1352 1658
1353 1392
1353 1440
1353 1500
1353 1613
1353 1808
1354 1563
1355 1713
1356 1425
1356 1705
1359 1433
1360 1716
1360 1839
1361 1378
1361 1790
1362 1467
1362 1635
1362 1797
1364 1458
1365 1476
1367 1586
1367 1600
1368 1554
1368 1572
1368 1600
1368 1826
1371 1839
1375 1457
1375 1463
1375 1706
1375 1743
1377 1492
1377 1663
1377 1815
1378 1439
1378 1706
1378 1831
1379 1708
1379 1845
1380 1842
1382 1694
1383 1404
1383 1416
1383 1639
1383 1841
1384 1759
1384 1832
1385 1642
1385 1806
1386 1799
1388 1408
1388 1639
1388 1791
1389 1801
1390 1621
1391 1551
1394 1556
1395 1707
1398 1786
1400 1413
1400 1750
1401 1544
1401 1779
1402 1528
1403 1578
1403 1698
1403 1829
1404 1566
1404 1790
1405 1510
1405 1690
1406 1617
1407 1529
1407 1601
1409 1570
1412 1734
1412 1737
1414 1632
1415 1536
1415 1565
1419 1587
1419 1646
1419 1802
1420 1751
1421 1575
1422 1563
1423 1713
1425 1672
1428 1844
1429 1601
1430 1842
1431 1441
1431 1446
1431 1685
1432 1538
1433 1665
1434 1584
1434 1621
1435 1518
1435 1589
1435 1789
1435 1822
1436 1483
1436 1541
1436 1790
1437 1575
1438 1802
1439 1664
1440 1576
1443 1840
1446 1687
1448 1537
1448 1615
1448 1637
1449 1549
1451 1562
1451 1790
1452 1621
1453 1760
1454 1717
1456 1541
1459 1588
1459 1683
1459 1731
1460 1604
1461 1707
1462 1704
1464 1779
1466 1471
1468 1710
1470 1772
1471 1475
1471 1573
1471 1695
1471 1776
1472 1478
1474 1527
1474 1629
1474 1648
1476 1569
1476 1680
1478 1559
1478 1569
1478 1703
1478 1818
1479 1486
1479 1675
1479 1753
1480 1483
1481 1617
1482 1771
1483 1518
1483 1847
1484 1512
1484 1756
1486 1720
1487 1511
1489 1800
1490 1811
1493 1697
1493 1744
1494 1562
1498 1697
1499 1690
1500 1686
1503 1809
1504 1772
1507 1687
1510 1683
1510 1813
1511 1671
1511 1802
1512 1561
1512 1675
1512 1698
1513 1840
1514 1523
1514 1604
1516 1553
1516 1759
1518 1702
1519 1696
1519 1729
1521 1584
1524 1794
1525 1527
1525 1555
1525 1580
1525 1771
1528 1549
1529 1610
1530 1577
1530 1750
1532 1655
1533 1833
1535 1606
1537 1691
1539 1602
1541 1582
1545 1699
1545 1764
1550 1644
1553 1777
1556 1765
1556 1838
1559 1814
1562 1635
1563 1616
1563 1636
1563 1745
1565 1742
1567 1659
1568 1754
1570 1743
1570 1835
1571 1575
1572 1814
1574 1707
1575 1666
1576 1581
1576 1695
1579 1840
1583 1759
1584 1619
1586 1645
1587 1730
1588 1614
1591 1656
1591 1697
1593 1654
1597 1736
1604 1793
1607 1696
1609 1744
1614 1632
1614 1792
1619 1710
1624 1687
1625 1681
1628 1672
1629 1686
1634 1690
1635 1834
1637 1839
1638 1814
1640 1719
1641 1697
1642 1649
1644 1837
1646 1834
1650 1652
1653 1782
1654 1744
1654 1772
1655 1801
1656 1758
1658 1681
1660 1788
1663 1690
1667 1682
1667 1694
1669 1674
1669 1751
1669 1786
1671 1704
1672 1783
1674 1820
1679 1703
1680 1729
1682 1703
1682 1784
1682 1826
1683 1697
1684 1740
1684 1839
1691 1798
1699 1800
1701 1814
1704 1726
1707 1841
1708 1779
1714 1756
1715 1719
1717 1801
1719 1778
1720 1821
1723 1788
1724 1759
1727 1790
1728 1786
1728 1794
1730 1797
1735 1786
1736 1789
1744 1776
1747 1799
1755 1799
1756 1837
1764 1765
1768 1834
1773 1779
1785 1811
1788 1818
1793 1817
1801 1819
1804 1824
1806 1843
1830 1836
