1408 3072
0 188
0 835
0 1038
1 109
1 287
1 1071
2 5
2 25
2 199
3 117
3 300
3 589
3 841
3 867
3 1105
3 1202
3 1212
4 133
4 203
4 628
5 17
5 256
5 322
5 607
5 934
5 961
5 1245
6 147
6 215
6 468
7 525
7 577
7 913
8 11
8 335
8 381
8 460
8 541
8 1040
8 1135
8 1288
9 892
9 998
9 1310
10 147
10 718
10 1197
11 426
11 1370
12 218
12 355
12 485
12 870
12 906
12 1039
12 1080
12 1282
13 855
13 946
13 1196
14 174
14 426
14 685
15 91
15 786
15 1272
16 367
16 972
16 1291
17 882
17 997
18 843
18 946
18 1358
19 1077
19 1358
19 1379
20 779
20 1248
20 1287
21 465
21 498
21 584
21 606
21 715
21 796
21 1126
21 1182
22 467
22 477
22 1291
23 121
23 372
23 437
23 571
23 613
23 870
23 1036
23 1300
24 85
24 733
24 825
24 871
24 1162
24 1219
24 1296
24 1402
25 228
25 242
25 524
25 623
25 660
25 982
25 1362
26 742
26 972
26 1225
27 337
27 353
27 469
27 588
27 591
27 903
27 1041
27 1342
28 134
28 398
28 1367
29 294
29 702
29 918
30 114
30 1287
30 1350
31 91
31 1051
31 1387
32 205
32 704
32 1191
33 118
33 230
33 484
33 902
33 934
33 982
33 1012
33 1265
34 786
34 929
34 993
35 89
35 424
35 924
36 742
36 831
36 1160
37 367
37 863
37 1060
38 259
38 359
38 1237
39 575
39 973
39 1395
40 504
40 557
40 577
41 44
41 687
41 800
41 838
41 980
41 1149
41 1203
41 1388
42 83
42 1023
42 1339
43 83
43 538
43 1257
44 551
44 758
45 418
45 1196
45 1335
46 83
46 551
46 885
47 380
47 863
47 1159
48 553
48 857
48 1231
49 194
49 666
49 946
50 359
50 517
50 710
51 277
51 293
51 387
51 564
51 688
51 995
51 1208
51 1296
52 594
52 1197
52 1225
53 64
53 256
53 458
53 473
53 532
53 1106
53 1285
53 1313
54 363
54 1160
54 1395
55 103
55 538
55 577
56 191
56 282
56 288
56 573
56 727
56 739
56 761
56 931
57 155
57 438
57 581
57 665
57 839
57 932
57 964
57 1346
58 62
58 95
58 158
58 210
58 353
58 419
58 1016
58 1175
59 467
59 472
59 742
60 144
60 930
60 998
61 812
61 884
61 1274
62 1119
62 1165
63 472
63 496
63 1045
64 882
64 1169
65 740
65 929
65 991
66 343
66 901
66 1160
67 754
67 905
67 1283
68 246
68 255
68 533
68 640
68 803
68 920
68 938
68 1314
69 217
69 567
69 1292
70 557
70 1165
70 1302
71 114
71 895
71 1074
72 447
72 875
72 1277
73 130
73 136
73 524
73 608
73 632
73 635
73 927
73 1194
74 972
74 1292
74 1395
75 411
75 417
75 478
75 791
75 821
75 1123
75 1154
75 1246
76 719
76 1180
76 1183
77 736
77 1225
77 1291
78 358
78 641
78 1283
79 351
79 957
79 1147
80 153
80 179
80 300
80 347
80 1052
80 1242
80 1245
80 1360
81 882
81 1076
81 1387
82 290
82 892
82 976
83 434
83 499
83 849
83 1114
83 1375
84 249
84 274
84 956
85 754
85 822
86 152
86 594
86 619
87 691
87 972
87 1076
88 604
88 759
88 998
89 132
89 268
89 411
89 427
89 518
89 947
89 1066
90 302
90 515
90 880
91 180
91 307
91 692
91 705
91 775
91 1318
92 907
92 1138
92 1261
93 367
93 483
93 1138
94 283
94 602
94 1256
95 150
95 782
96 294
96 354
96 749
97 375
97 685
97 957
98 523
98 993
98 1183
99 165
99 835
99 1077
100 251
100 1168
100 1302
101 758
101 913
101 929
102 235
102 810
102 1256
103 170
103 510
103 578
103 707
103 856
103 1003
103 1086
104 403
104 1197
104 1358
105 358
105 1049
105 1141
106 788
106 1045
106 1283
107 109
107 1139
107 1287
108 861
108 892
108 918
109 149
109 314
109 867
109 990
109 1007
109 1107
110 443
110 1140
110 1331
111 156
111 162
111 687
111 798
111 804
111 1214
111 1262
111 1332
112 274
112 636
112 857
113 354
113 389
113 504
114 696
114 838
114 974
114 1145
114 1195
114 1371
115 611
115 641
115 786
116 253
116 377
116 1350
117 214
117 398
118 205
118 1257
119 203
119 618
119 1049
120 182
120 1087
120 1133
121 375
121 619
122 489
122 725
122 738
122 977
122 1070
122 1081
122 1151
122 1386
123 320
123 718
123 1005
124 251
124 557
124 1248
125 422
125 779
125 1284
126 273
126 629
126 666
127 448
127 1158
127 1331
128 475
128 542
128 1192
129 203
129 677
129 907
130 380
130 626
131 185
131 187
131 669
131 966
131 1078
131 1333
131 1353
131 1356
132 626
132 868
133 142
133 328
133 476
133 498
133 908
133 1214
133 1404
134 139
134 265
134 430
134 587
134 688
134 1314
134 1398
135 359
135 820
135 905
136 1142
136 1338
137 274
137 685
137 836
138 706
138 782
138 1335
139 643
139 1273
140 249
140 358
140 1317
141 458
141 607
141 647
141 648
141 668
141 750
141 1228
141 1337
142 1221
142 1331
143 194
143 205
143 1051
144 364
144 495
144 658
144 795
144 828
144 928
144 1383
145 336
145 430
145 445
145 867
145 989
145 1007
145 1108
145 1128
146 167
146 331
146 480
146 1021
146 1120
146 1136
146 1154
146 1178
147 241
147 364
147 464
147 493
147 917
147 1359
148 173
148 258
148 558
148 669
148 681
148 931
148 1070
148 1400
149 481
149 1015
150 173
150 307
150 500
150 513
150 935
150 1019
150 1059
151 501
151 797
151 1330
152 257
152 325
152 535
152 705
152 809
152 1036
152 1154
153 202
153 1237
154 199
154 250
154 403
155 885
155 1191
156 483
156 895
157 483
157 1060
157 1225
158 251
158 1274
159 366
159 454
159 600
160 618
160 1187
160 1221
161 523
161 892
161 1379
162 618
162 628
163 447
163 815
163 1395
164 174
164 259
164 1076
165 228
165 260
165 315
165 621
165 725
165 1250
165 1353
166 421
166 449
166 813
166 987
166 1150
166 1266
166 1313
166 1400
167 358
167 884
168 318
168 652
168 789
168 1030
168 1120
168 1235
168 1303
168 1307
169 1125
169 1142
169 1256
170 885
170 1319
171 643
171 1116
171 1330
172 344
172 586
172 710
173 216
174 297
174 433
174 919
174 971
174 1014
174 1393
175 494
175 736
175 1292
176 365
176 515
176 1045
177 274
177 759
177 972
178 396
178 655
178 659
178 842
178 900
178 1003
178 1243
178 1311
179 302
179 1138
180 351
180 937
181 413
181 1274
181 1317
182 219
182 301
182 653
182 700
182 1006
182 1056
182 1229
183 289
183 398
183 548
184 386
184 765
184 1169
185 492
185 992
186 199
186 463
186 1301
187 1072
187 1291
188 196
188 219
188 346
188 534
188 728
188 917
188 928
189 254
189 345
189 376
189 461
189 662
189 707
189 891
189 990
190 911
190 1001
190 1112
191 377
191 1260
192 377
192 443
192 586
193 290
193 861
193 1017
194 200
194 292
194 530
194 721
194 1018
194 1167
195 754
195 847
195 1317
196 403
196 901
197 201
197 719
197 930
198 295
198 724
198 1116
199 598
199 910
199 1101
199 1124
199 1340
200 451
200 1272
201 229
201 311
201 596
201 617
201 1123
201 1177
201 1401
202 696
202 709
202 1110
202 1205
202 1232
202 1366
202 1399
203 272
203 888
203 980
203 1164
203 1308
204 918
204 976
204 1017
205 224
205 316
205 642
205 1101
205 1129
206 222
206 672
206 767
206 853
206 858
206 908
206 1092
206 1173
207 600
207 685
207 797
208 622
208 810
208 1025
209 328
209 332
209 383
209 663
209 737
209 1143
209 1227
209 1269
210 575
210 824
211 265
211 276
211 394
211 466
211 801
211 926
211 1137
211 1374
212 290
212 295
212 501
213 628
213 1310
213 1349
214 254
214 445
214 605
214 634
214 832
214 989
214 1347
215 307
215 356
215 589
215 1083
215 1148
215 1268
215 1326
216 238
216 257
216 460
216 512
216 601
216 645
216 919
217 392
217 416
217 678
217 769
217 776
217 851
217 1298
218 374
218 557
219 554
220 344
220 629
220 1191
221 290
221 523
221 702
222 636
222 1196
223 957
223 1272
223 1387
224 973
224 976
225 399
225 495
225 584
225 716
225 737
225 1063
225 1173
225 1210
226 422
226 972
226 1231
227 280
227 349
227 536
227 583
227 649
227 770
227 834
227 1174
228 868
229 424
229 892
230 250
230 1038
231 335
231 396
231 522
231 580
231 656
231 734
231 870
231 919
232 875
232 885
232 1396
233 847
233 954
233 1133
234 501
234 604
234 1058
235 268
235 276
235 285
235 311
235 938
235 975
235 1033
236 403
236 885
236 1249
237 371
237 822
237 1283
238 375
238 884
239 418
239 666
239 1336
240 354
240 501
240 777
241 525
241 723
242 467
242 1023
243 475
243 594
243 1223
244 954
244 998
244 1180
245 451
245 1102
245 1191
246 490
246 539
247 911
247 1249
247 1277
248 295
248 338
248 629
249 296
249 303
249 318
249 535
249 755
249 791
250 461
250 675
250 828
250 977
250 1356
250 1392
251 456
251 529
251 1034
251 1070
251 1078
252 333
252 454
252 944
253 352
253 470
253 558
253 565
253 579
253 1294
253 1403
254 1015
255 380
255 677
256 1112
257 1317
258 575
258 1011
259 580
259 659
259 949
259 1002
259 1022
259 1135
260 1139
260 1338
261 554
261 879
261 1241
262 343
262 1060
262 1261
263 377
263 1302
263 1364
264 548
264 567
264 590
265 551
266 913
266 1197
266 1319
267 643
267 895
267 1058
268 1140
269 404
269 458
269 491
269 579
269 761
269 813
269 999
269 1048
270 765
270 815
270 876
271 481
271 636
271 984
272 343
272 490
273 397
273 534
273 708
273 712
273 746
273 893
273 1067
274 304
274 480
274 521
274 865
275 497
275 625
275 647
275 684
275 772
275 961
275 1401
275 1405
276 762
277 324
277 1334
278 641
278 1122
278 1387
279 812
279 1119
279 1317
280 718
280 815
281 759
281 937
281 1358
282 338
282 1009
283 457
283 474
283 595
283 635
283 1018
283 1109
283 1110
284 492
284 694
284 1358
285 366
285 924
286 876
286 1301
286 1394
287 516
287 532
287 582
287 945
287 1096
287 1347
287 1371
288 1350
288 1368
289 592
289 649
289 1044
289 1064
289 1128
289 1167
289 1230
290 381
290 697
290 1243
290 1393
291 375
291 1011
291 1317
292 820
292 1010
293 1139
293 1158
294 310
294 417
294 596
294 697
294 1220
294 1244
295 368
295 537
295 580
295 915
295 1086
296 426
296 884
297 338
297 918
298 525
298 740
298 1319
299 348
299 1237
299 1277
300 667
301 604
301 710
302 598
302 647
302 979
302 982
302 1032
302 1106
303 797
303 944
304 422
304 736
305 997
305 1112
305 1169
306 362
306 612
306 1125
308 309
308 913
308 1054
309 390
309 391
309 940
309 1035
309 1037
309 1095
309 1258
310 492
310 892
311 1017
312 542
312 1142
312 1397
313 333
313 836
313 956
314 398
314 1241
315 549
315 1196
316 861
316 1155
317 367
317 525
317 594
318 1171
319 481
319 553
319 1394
320 327
320 409
320 646
320 834
320 1068
320 1264
320 1355
321 901
321 1038
321 1133
322 590
322 1138
323 403
323 835
323 1133
324 394
324 446
324 741
324 783
324 920
324 1108
324 1343
325 884
325 1011
326 528
326 721
326 746
326 804
326 970
326 1290
326 1308
326 1316
327 386
327 765
328 1125
329 504
329 1118
329 1394
330 481
330 992
330 1335
331 956
331 1231
332 857
332 1176
333 385
333 508
333 789
333 1027
333 1091
333 1366
334 1165
334 1168
334 1248
335 1011
336 548
336 820
337 1045
337 1057
338 381
338 593
338 620
338 842
338 1294
339 704
339 954
339 992
340 855
340 1261
340 1277
341 702
341 1001
341 1139
342 443
342 1125
342 1349
343 829
343 974
343 978
343 1262
343 1399
344 591
344 923
344 1029
344 1069
344 1132
344 1352
345 1042
345 1116
346 1378
346 1389
347 548
347 719
348 563
348 653
348 787
348 860
348 912
348 925
348 958
349 740
349 1217
350 359
350 377
350 612
351 410
351 673
351 873
351 898
351 1174
351 1306
352 706
352 1025
353 609
354 745
354 780
354 818
354 1322
354 1357
355 365
355 475
356 575
356 957
357 586
357 1237
357 1284
358 433
358 1288
358 1296
358 1342
359 592
359 674
359 1069
359 1278
360 539
360 812
360 815
361 479
361 517
361 1259
362 414
362 630
362 787
362 922
362 1233
362 1269
362 1323
363 665
363 785
363 814
363 873
363 1166
363 1233
363 1345
364 1133
365 384
365 660
365 684
365 802
365 889
365 1046
366 369
366 450
366 753
366 821
366 1239
366 1279
367 453
367 613
367 981
367 1254
368 1161
368 1284
369 506
369 638
370 723
370 815
370 1005
371 493
371 519
371 652
371 808
371 1219
371 1304
371 1401
372 525
372 1225
373 956
373 1087
373 1397
374 550
374 620
374 735
374 805
374 941
374 966
374 1081
375 599
375 692
375 791
375 1136
376 855
376 992
377 733
377 985
377 1344
378 463
378 622
378 812
379 758
379 1051
379 1225
380 409
380 682
380 720
380 965
380 1137
382 523
382 918
382 1188
383 1049
383 1349
384 472
384 1291
385 626
385 1098
386 610
386 713
386 932
386 987
386 1190
386 1361
387 667
387 1071
388 418
388 857
388 1358
389 478
389 631
389 1113
389 1144
389 1234
389 1286
389 1377
390 638
390 719
391 567
391 1221
392 600
392 719
393 416
393 680
393 711
393 796
393 858
393 859
393 1037
393 1322
394 1257
395 1158
395 1249
395 1349
396 1284
397 857
397 1170
398 561
398 783
398 832
398 1107
399 759
399 1009
400 504
400 1168
400 1319
401 487
401 786
401 882
402 1023
402 1147
402 1161
403 482
403 860
403 1012
404 1077
404 1169
405 824
405 1192
405 1335
406 797
406 924
406 929
407 502
407 582
407 653
407 830
407 845
407 893
407 1022
407 1213
408 538
408 1038
408 1249
409 812
410 986
410 1192
411 762
412 539
412 626
412 1397
413 543
413 651
413 693
413 720
413 756
413 1068
413 1280
414 667
414 1249
415 507
415 616
415 657
415 679
415 772
415 859
415 869
415 1235
416 1179
417 1183
418 721
418 725
418 951
418 1186
418 1333
419 694
419 1394
420 494
420 872
420 1160
421 468
421 572
422 952
422 1022
422 1024
422 1063
422 1117
423 542
423 730
423 1139
424 520
424 803
424 926
424 1240
424 1276
424 1279
425 477
425 1042
425 1051
426 469
426 799
426 995
426 1021
426 1162
427 836
427 1196
428 1015
428 1084
428 1367
429 451
429 976
429 1155
430 436
431 724
431 1072
431 1350
432 782
432 1141
432 1302
433 1370
434 463
434 691
435 496
435 602
435 880
436 783
436 794
436 932
436 969
436 996
436 1031
436 1406
437 619
437 1223
438 723
438 872
439 567
439 930
439 1183
440 1073
440 1261
440 1335
441 702
441 704
441 973
442 686
442 754
442 944
443 505
443 616
443 630
443 1184
443 1278
444 517
444 586
444 1315
445 643
446 641
446 686
447 923
447 964
447 968
447 1235
447 1264
447 1325
448 509
448 627
448 899
448 1079
448 1103
448 1226
448 1320
449 1025
449 1077
450 626
450 1196
451 955
451 1265
451 1321
451 1340
451 1372
452 991
452 1225
452 1272
453 736
453 742
454 518
454 527
454 826
454 1100
454 1193
454 1307
455 1049
455 1118
455 1334
456 477
456 1385
457 702
457 1075
459 604
459 1315
459 1380
460 1161
461 1335
462 765
462 1001
462 1396
463 484
463 683
463 693
463 1212
463 1320
464 754
464 884
465 749
465 998
466 749
466 788
467 625
467 906
467 967
467 1134
467 1200
468 637
468 681
468 693
468 748
468 866
468 999
469 1049
470 654
470 1009
471 600
471 1171
471 1370
472 529
472 556
472 576
472 881
472 1172
473 880
473 1025
474 1042
474 1125
475 599
475 1036
475 1134
475 1267
475 1300
476 1187
476 1292
477 624
477 886
477 889
477 959
477 988
478 786
479 581
479 646
479 848
479 869
479 1030
479 1132
479 1222
480 1098
481 578
481 634
481 743
481 1392
482 525
482 1156
483 747
483 965
483 980
483 1263
483 1366
484 788
485 1072
485 1168
486 586
486 612
486 1368
487 558
487 699
487 701
487 727
487 971
487 1094
487 1135
488 609
488 1057
488 1141
489 742
489 1072
490 844
490 1041
490 1137
490 1193
490 1332
490 1352
491 622
491 1159
492 827
492 977
492 1065
492 1146
492 1216
493 1317
494 513
494 814
494 848
494 936
494 1047
494 1264
495 1180
496 634
496 648
496 959
496 990
496 1031
496 1289
497 754
497 1183
498 1140
499 667
499 1331
500 1155
500 1395
501 680
501 1195
501 1311
501 1363
502 1249
502 1380
503 863
503 1138
503 1225
504 773
504 1055
504 1300
504 1384
505 924
505 1187
506 789
506 833
506 844
506 947
506 1181
506 1224
506 1328
507 777
507 930
508 1160
508 1291
509 667
509 1187
510 1074
510 1330
511 722
511 1171
511 1330
512 976
512 1176
513 973
514 547
514 658
514 746
514 842
514 915
514 1029
514 1093
514 1275
515 607
515 617
515 679
515 784
515 1200
515 1304
516 1058
516 1350
517 661
517 890
517 1041
517 1275
517 1325
518 638
519 847
519 884
520 810
520 1042
521 553
521 843
522 937
522 1023
523 745
523 878
523 1123
523 1216
524 1098
525 764
525 939
526 628
526 686
526 1118
527 557
527 677
528 553
528 905
529 1176
530 1102
530 1142
531 861
531 973
531 1005
532 611
533 788
533 1312
534 1170
535 993
536 861
536 1155
537 722
537 918
538 752
538 839
538 860
538 899
538 1211
539 608
539 747
539 1068
539 1374
539 1381
540 710
540 723
540 1180
541 1076
541 1284
542 566
542 635
542 883
542 1039
542 1250
543 862
543 1087
544 907
544 1060
544 1273
545 612
545 1140
545 1187
546 702
546 1102
546 1155
547 666
547 1378
548 597
548 1006
548 1344
548 1373
549 598
549 802
549 914
549 934
549 967
549 1194
549 1382
550 950
550 1168
551 899
551 920
551 1089
551 1101
551 1265
552 577
552 1260
552 1367
553 662
553 672
553 807
553 1126
554 568
554 589
554 756
554 927
554 1324
554 1365
555 973
555 1102
555 1188
556 1051
556 1256
557 844
557 962
557 1199
559 704
559 1142
559 1336
560 722
560 1009
560 1058
561 820
561 1364
562 857
562 1310
562 1385
563 779
563 1380
564 611
564 1387
565 1260
565 1368
566 619
566 706
567 1035
567 1052
567 1177
567 1298
568 812
568 862
569 779
569 1122
569 1378
570 619
570 1192
570 1338
571 950
571 1161
572 645
572 727
572 1026
572 1059
572 1078
572 1151
572 1403
573 604
573 654
574 857
574 1378
574 1389
575 645
575 921
575 936
575 1318
576 1042
576 1272
577 760
577 794
577 942
577 1013
578 1042
579 1192
581 1277
582 1248
583 973
583 976
584 1312
585 895
585 901
585 1221
586 792
586 949
586 1044
587 1074
587 1261
588 824
588 1302
590 744
590 979
590 1028
590 1202
590 1205
590 1206
591 677
592 822
593 1072
593 1170
594 599
594 656
594 1055
594 1080
595 1102
595 1336
596 993
597 1302
597 1368
600 770
600 947
600 1035
600 1230
601 861
601 1385
602 630
602 663
602 1189
602 1228
602 1329
602 1404
603 638
603 820
603 1005
604 1063
604 1145
604 1294
605 1071
605 1287
606 636
606 868
608 836
609 684
609 781
609 959
609 1172
609 1200
609 1402
610 984
610 1301
611 700
611 751
611 845
611 1067
611 1373
612 657
612 690
612 1189
612 1236
613 1197
614 702
614 862
614 1071
615 950
615 1159
615 1338
616 905
617 754
618 663
618 715
618 767
618 840
618 1053
619 906
619 1046
619 1055
620 1389
621 694
621 901
622 1026
622 1148
622 1280
622 1359
622 1400
623 956
623 1397
624 1256
624 1272
625 1045
626 865
626 1215
626 1299
627 885
627 1257
628 799
628 1000
628 1269
628 1342
629 655
629 661
629 729
629 1290
629 1383
631 913
631 991
632 1087
632 1098
633 862
633 882
633 911
636 891
636 970
636 1201
636 1293
637 847
637 879
638 649
638 1090
638 1204
638 1298
639 726
639 937
639 943
640 749
640 1301
641 731
641 823
641 1162
641 1398
642 1272
642 1336
643 838
643 856
643 1107
643 1343
644 812
644 1001
644 1087
646 1395
648 1125
650 722
650 762
650 797
651 884
651 1119
652 686
654 655
654 735
654 915
654 1040
654 1327
654 1393
656 950
657 822
658 1054
659 1161
660 691
661 1396
662 984
664 724
664 986
664 1379
665 718
666 798
666 807
666 1164
666 1201
667 823
667 925
667 1206
668 1060
668 1207
669 1165
670 710
670 718
670 930
671 1057
671 1077
671 1394
672 868
673 872
673 1261
674 911
674 1284
675 954
675 1102
676 984
676 1118
676 1223
677 890
677 1224
677 1262
677 1374
678 726
678 913
679 1274
680 1238
681 1169
682 836
682 1397
683 1170
683 1241
685 705
685 1090
685 1215
685 1288
686 688
686 1004
686 1100
686 1328
687 863
689 762
689 1074
689 1116
690 924
690 1331
691 734
691 967
691 1079
691 1094
691 1152
692 1370
694 766
694 813
694 819
694 1198
694 1253
695 876
695 1169
695 1207
696 907
697 1188
698 937
698 1010
698 1054
699 972
699 1023
700 1364
701 1112
701 1387
702 1232
703 710
703 1009
703 1380
704 828
704 953
704 955
704 1018
706 761
706 793
706 1267
706 1306
706 1376
707 1256
708 843
708 1389
709 831
709 863
710 1131
710 1297
711 930
711 1085
712 1133
712 1389
713 788
713 1394
714 758
714 895
714 1257
715 924
716 930
716 954
717 1248
717 1364
717 1368
718 764
718 852
718 1270
719 744
719 776
719 1258
720 815
722 768
722 1145
722 1243
722 1322
723 816
723 834
723 1166
723 1295
724 780
724 941
724 1003
724 1146
724 1391
726 778
726 846
726 940
726 1093
726 1297
726 1383
728 1087
728 1380
729 954
729 1054
730 738
730 1111
730 1198
730 1281
730 1333
730 1362
730 1382
731 1071
731 1158
732 1057
732 1165
732 1274
733 1277
734 1147
735 1170
736 850
736 1094
736 1097
736 1348
737 892
738 946
739 1025
739 1192
740 760
740 769
740 898
740 940
740 1113
741 1074
741 1273
742 889
742 966
742 1091
743 1116
743 1256
744 1364
745 1312
747 1159
748 1025
748 1159
749 849
749 878
749 1103
749 1173
750 997
750 1025
751 997
751 1287
752 875
752 1191
753 762
753 993
754 1303
755 1098
755 1231
756 1001
757 1277
757 1283
757 1368
758 981
758 1103
758 1113
758 1375
759 850
759 1002
759 1062
759 1213
760 1197
762 803
762 856
762 1363
763 907
763 1058
763 1075
764 847
765 887
765 1150
765 1337
765 1407
766 1025
766 1169
767 1140
768 777
768 1238
769 1054
770 820
771 872
771 1331
771 1349
772 1119
773 984
773 1084
774 820
774 943
774 1336
775 1147
775 1217
776 1221
777 851
777 1043
777 1092
777 1095
777 1182
778 943
778 1315
779 1002
779 1056
779 1067
779 1096
780 824
781 1283
781 1301
782 818
782 903
782 921
782 1252
782 1391
784 1085
784 1119
785 1217
785 1261
786 1208
786 1271
786 1354
787 1158
788 983
788 1124
788 1402
790 879
790 943
790 1119
792 820
792 822
793 986
793 1217
794 1350
795 992
795 1102
796 1118
797 1120
797 1204
797 1286
798 1385
799 1141
800 991
800 1257
801 1301
801 1312
802 1023
804 1176
805 1218
805 1350
806 1273
806 1277
806 1335
807 822
808 944
808 1334
809 957
809 1370
810 883
810 965
810 999
810 1282
810 1381
811 882
811 1001
811 1237
812 866
814 1179
815 848
815 1361
816 930
816 1315
817 857
817 946
817 1156
818 1218
819 1156
819 1379
821 1330
822 970
822 1184
823 1139
824 935
824 1127
824 1247
824 1376
825 1045
825 1301
826 986
826 1334
827 1077
827 1156
829 835
829 1179
830 1287
830 1302
831 948
831 1181
831 1263
831 1299
831 1307
831 1369
832 1074
833 1259
833 1334
835 1104
835 1149
835 1198
835 1341
836 1061
836 1239
836 1369
837 862
837 1207
837 1396
839 1396
840 1292
840 1331
841 879
841 1087
843 951
843 1008
843 1227
843 1293
843 1305
845 1378
846 1010
846 1147
847 928
847 1148
847 1295
849 991
850 1231
851 1160
852 1180
852 1315
853 998
853 1312
854 1073
854 1237
854 1249
855 1020
855 1186
855 1252
855 1376
855 1392
858 1084
859 1180
861 1082
861 1372
862 887
862 1050
862 1153
863 888
863 1027
863 1381
864 1001
864 1071
864 1188
865 1370
866 1339
868 1130
868 1186
868 1239
868 1382
869 944
871 1073
871 1368
872 894
872 922
872 933
872 1270
873 1273
874 976
874 1005
874 1155
875 996
875 1166
875 1190
875 1222
875 1270
876 983
876 996
876 1150
876 1346
876 1355
877 879
877 1010
877 1274
878 1238
879 1019
879 1318
879 1359
880 961
880 994
880 1048
880 1390
880 1407
881 1165
881 1385
882 1106
882 1266
883 950
885 912
885 942
886 1165
886 1176
887 1191
888 895
890 1141
891 1394
892 975
893 1122
894 1179
894 1395
895 1089
895 1104
896 1122
896 1364
896 1380
897 976
897 1011
897 1385
898 1005
900 1116
900 1218
901 963
901 1203
901 1281
902 1301
902 1339
903 1248
904 929
904 1140
904 1171
905 1044
905 1201
905 1219
905 1236
907 963
907 1332
907 1341
908 924
909 1001
909 1191
909 1207
910 992
910 1038
911 949
911 958
911 1205
911 1360
912 1038
913 1174
913 1209
914 1098
914 1397
916 1084
916 1223
916 1394
917 954
918 1040
918 1311
921 1057
922 1187
923 1259
924 1234
925 1349
926 1330
927 956
929 1246
929 1357
929 1384
931 1076
933 1217
933 1273
935 1057
936 1155
937 952
937 1152
937 1163
938 1330
939 1038
939 1358
941 1260
942 1116
943 1083
943 1131
943 1167
943 1251
944 968
944 1178
944 1181
945 997
945 1122
946 1130
946 1316
946 1353
948 1179
948 1291
950 962
950 1046
950 1134
951 1156
952 1156
953 1155
953 1188
954 1093
955 1396
956 1194
956 1299
957 1019
957 1163
957 1271
958 1073
960 1072
960 1218
960 1260
962 1072
963 1179
964 1073
968 1085
969 1015
969 1118
971 1284
972 1047
973 1372
974 1075
975 1183
978 1138
978 1273
979 1060
981 1272
983 984
984 1016
984 1253
985 1073
985 1283
986 1065
986 1132
986 1325
986 1328
987 1207
988 1015
988 1045
989 1241
991 1089
991 1226
991 1254
992 1012
992 1386
993 1066
993 1136
993 1377
994 1015
994 1125
995 1283
997 1032
997 1048
997 1266
998 1024
998 1143
1000 1084
1000 1334
1004 1049
1004 1084
1005 1209
1005 1230
1006 1122
1007 1074
1008 1176
1008 1310
1009 1024
1009 1195
1009 1229
1010 1064
1010 1099
1010 1297
1010 1326
1011 1014
1011 1059
1011 1082
1013 1168
1013 1223
1014 1161
1015 1172
1015 1228
1016 1077
1017 1143
1017 1210
1017 1216
1017 1244
1017 1276
1020 1073
1020 1273
1021 1317
1023 1320
1023 1348
1026 1169
1027 1075
1028 1075
1028 1237
1029 1396
1030 1085
1031 1084
1032 1112
1033 1042
1033 1159
1034 1057
1034 1119
1037 1160
1038 1351
1039 1159
1042 1329
1043 1085
1043 1180
1045 1175
1047 1221
1049 1214
1049 1323
1050 1139
1050 1188
1051 1254
1051 1271
1051 1321
1052 1364
1053 1125
1053 1310
1054 1099
1054 1131
1054 1251
1056 1249
1057 1253
1058 1309
1058 1388
1058 1399
1060 1245
1060 1407
1061 1231
1061 1370
1062 1147
1062 1156
1064 1336
1065 1218
1066 1330
1069 1315
1071 1111
1071 1250
1072 1327
1073 1222
1074 1388
1075 1185
1075 1263
1075 1360
1076 1348
1076 1354
1076 1403
1077 1281
1079 1339
1080 1161
1081 1291
1082 1176
1083 1274
1084 1182
1085 1184
1085 1236
1085 1405
1086 1218
1087 1268
1088 1241
1088 1339
1088 1389
1090 1171
1091 1179
1092 1118
1095 1179
1096 1302
1097 1221
1097 1395
1098 1365
1098 1369
1099 1315
1100 1259
1102 1129
1104 1292
1105 1170
1105 1339
1108 1367
1109 1338
1109 1397
1110 1188
1111 1338
1112 1153
1112 1313
1112 1354
1114 1158
1114 1187
1115 1192
1115 1217
1115 1259
1116 1211
1117 1147
1117 1358
1118 1289
1119 1326
1121 1319
1121 1350
1121 1367
1122 1208
1122 1285
1124 1339
1126 1196
1127 1141
1127 1248
1128 1364
1129 1396
1130 1335
1133 1157
1133 1324
1138 1337
1138 1390
1139 1347
1140 1279
1140 1286
1141 1175
1141 1352
1142 1185
1142 1232
1142 1329
1144 1223
1144 1238
1146 1259
1147 1251
1149 1221
1151 1165
1152 1161
1153 1237
1156 1351
1157 1170
1157 1378
1158 1202
1158 1242
1159 1240
1160 1341
1163 1217
1164 1176
1168 1193
1168 1224
1170 1305
1171 1178
1171 1234
1171 1363
1177 1180
1183 1276
1183 1304
1185 1188
1187 1345
1189 1349
1190 1367
1191 1275
1192 1252
1196 1362
1197 1295
1197 1351
1199 1223
1199 1319
1203 1292
1204 1370
1206 1241
1207 1355
1207 1361
1207 1390
1209 1217
1210 1310
1211 1319
1212 1389
1213 1284
1215 1231
1218 1247
1218 1255
1220 1238
1220 1312
1223 1357
1226 1312
1227 1385
1229 1315
1231 1293
1233 1331
1238 1247
1238 1384
1238 1391
1240 1256
1241 1242
1241 1268
1244 1379
1246 1387
1248 1344
1255 1259
1255 1379
1257 1314
1257 1340
1258 1292
1259 1306
1260 1309
1260 1371
1260 1406
1261 1343
1267 1338
1274 1405
1278 1368
1280 1339
1282 1338
1285 1287
1287 1309
1289 1367
1290 1378
1303 1334
1305 1378
1308 1385
1310 1323
1310 1404
1312 1375
1316 1336
1319 1406
1321 1336
1324 1380
1327 1389
1334 1398
1345 1349
1346 1367
1356 1379
1365 1397
1373 1380
1377 1387
1379 1386
