3784 8256
0 953
0 1174
0 2753
1 87
1 887
1 2537
2 1460
2 1856
2 3289
3 47
3 281
3 1305
3 1307
3 1312
3 2276
3 2336
3 2925
4 98
4 624
4 2002
4 2472
4 2477
4 3220
4 3447
4 3645
5 1922
5 2259
5 2505
6 35
6 72
6 1983
7 49
7 567
7 766
7 1383
7 1439
7 1909
7 2227
7 3183
8 22
8 215
8 607
8 872
8 1195
8 1539
8 1907
8 3672
9 921
9 1017
9 1547
9 2386
9 2390
9 2559
9 2597
9 2832
10 1446
10 1896
10 3227
11 299
11 2877
11 3299
12 968
12 2431
12 3229
13 320
13 808
13 2417
13 2822
13 3531
13 3582
13 3618
13 3672
14 37
14 2337
14 3615
15 903
15 909
15 930
15 2205
15 2368
15 2842
15 3002
15 3463
16 2049
16 3164
16 3615
17 2218
17 2838
17 3079
18 920
18 2332
18 3570
19 312
19 1012
19 3364
20 113
20 1194
20 1741
20 2738
20 3037
20 3339
20 3395
20 3759
21 892
21 1426
21 2847
22 1011
22 2566
23 2568
23 2892
23 3455
24 450
24 617
24 839
24 1584
24 2090
24 2542
24 3024
24 3106
25 550
25 2284
25 3431
26 1060
26 1190
26 1768
26 1855
26 2871
26 3073
26 3465
26 3582
27 191
27 278
27 643
27 871
27 2120
27 2281
27 2420
27 2535
28 1206
28 2412
28 2646
29 2059
29 2525
29 2963
30 163
30 289
30 821
30 1579
30 1958
30 2025
30 2423
30 2735
31 1791
31 2312
31 2787
32 66
32 477
32 1067
32 2770
32 2814
32 3139
32 3274
32 3682
33 1632
33 2397
33 3475
34 406
34 465
34 2271
35 59
35 477
35 1790
35 2293
35 2868
35 3300
35 3450
36 1024
36 1486
36 1999
36 2255
36 2756
36 2780
36 3418
36 3744
37 264
37 706
37 835
37 1835
37 2079
37 2137
37 2714
38 1732
38 2300
38 2794
39 144
39 383
39 489
39 1146
39 1800
39 2454
39 3169
39 3769
40 1632
40 2948
40 3486
41 1057
41 2234
41 3299
42 87
42 1279
42 2865
43 2408
43 2667
43 3706
44 2554
44 2903
44 3028
45 1056
45 2080
45 2854
46 492
46 823
46 2094
46 2187
46 2321
46 2714
46 3648
46 3722
47 244
47 3696
48 463
48 1664
48 2609
49 699
49 1618
50 1215
50 1437
50 1507
51 82
51 152
51 410
52 2032
52 2768
52 3364
53 545
53 860
53 1354
53 3313
53 3387
53 3461
53 3504
53 3778
54 1275
54 1737
54 2475
55 380
55 2536
55 2575
56 1273
56 2300
56 3227
57 528
57 612
57 796
58 588
58 633
58 1356
58 2146
58 2578
58 2750
58 2888
58 3429
59 448
59 3067
60 691
60 921
60 1330
60 1365
60 2853
60 3482
60 3485
60 3552
61 497
61 586
61 734
61 1047
61 1169
61 2724
61 2957
61 3089
62 730
62 1594
62 2836
63 295
63 1175
63 1959
64 456
64 2208
64 2983
65 151
65 418
65 428
66 2217
66 2591
67 1959
67 2300
67 2941
68 504
68 861
68 1071
68 1330
68 1638
68 1648
68 2463
68 2821
69 733
69 1238
69 1422
69 2309
69 2485
69 2887
69 3632
69 3704
70 134
70 1125
70 2877
71 76
71 1011
71 2397
72 837
72 899
72 1050
72 1662
72 2111
72 3036
72 3467
73 937
73 2753
73 2927
74 1872
74 2765
74 3001
75 2203
75 3459
75 3731
76 365
76 1079
76 1183
76 1289
76 2036
76 2861
76 3058
77 2678
77 3479
77 3487
78 410
78 456
78 3149
79 2587
79 2827
79 2889
80 494
80 739
80 1310
80 1620
80 1824
80 3357
80 3497
80 3537
81 1176
81 2068
81 3181
82 552
82 585
82 980
82 1026
82 1083
82 1756
82 2135
83 226
83 319
83 1302
83 1886
83 2019
83 2241
83 2826
83 3074
84 484
84 2022
84 2601
85 650
85 2213
85 3377
86 508
86 915
86 1407
86 1419
86 1944
86 2658
86 2954
86 3762
87 324
87 400
87 679
87 1077
87 1851
87 2479
88 1457
88 2318
88 3624
89 1008
89 2670
89 3326
90 2030
90 3323
90 3375
91 1415
91 2839
91 2877
92 548
92 1029
92 2284
93 929
93 1746
93 3195
94 223
94 397
94 2010
95 1488
95 2615
95 2729
96 934
96 2949
96 3681
97 2209
97 2475
97 3692
98 369
98 584
99 1615
99 2020
99 2854
100 224
100 484
100 2933
101 777
101 1219
101 1272
101 1381
101 2530
101 2828
101 3176
101 3525
102 1864
102 2164
102 3633
103 1432
103 2643
103 2689
104 764
104 2263
104 2301
104 2367
104 2370
104 2921
104 3108
104 3709
105 1736
105 2114
105 3707
106 1236
106 1613
106 2968
107 1880
107 2369
107 2941
108 1268
108 2558
108 2979
109 1276
109 2100
109 2311
110 946
110 1933
110 3117
111 1137
111 1175
111 2351
112 1283
112 1499
112 1519
112 2267
112 2428
112 2586
112 2738
112 2995
113 2324
113 3641
114 294
114 311
114 1032
114 2012
114 2041
114 2149
114 2635
114 3698
115 822
115 1746
115 1933
116 1445
116 2913
116 3580
117 2311
117 2944
117 3363
118 1415
118 1774
118 2397
119 1095
119 1113
119 1270
119 1364
119 1700
119 1749
119 2730
119 3053
120 225
120 2291
120 3370
121 1278
121 2704
121 3503
122 347
122 653
122 730
123 606
123 1962
123 2016
124 275
124 279
124 2504
125 195
125 220
125 366
125 835
125 1764
125 1792
125 1901
125 3031
126 467
126 1412
126 1645
126 2097
126 2457
126 2672
126 3214
126 3598
127 1279
127 1695
127 2114
128 896
128 1055
128 3532
129 1856
129 2271
129 2524
130 297
130 773
130 1171
130 1889
130 2442
130 2452
130 2658
130 3066
131 1293
131 1379
131 3116
132 1583
132 2524
132 3289
133 1809
133 3097
133 3228
134 579
134 889
134 1693
134 2000
134 2354
134 2572
134 2831
135 954
135 1808
135 3197
136 951
136 2679
136 2753
137 1057
137 1360
137 2839
138 386
138 867
138 1369
139 1527
139 2510
139 3095
140 1118
140 3425
140 3603
141 1632
141 2217
141 3779
142 1513
142 2031
142 2701
143 323
143 681
143 3681
144 2234
144 2536
145 432
145 1559
145 2031
146 245
146 1794
146 3195
147 1162
147 2429
147 3544
148 902
148 1533
148 2955
149 1527
149 2748
149 3049
150 1051
150 1058
150 3626
151 1177
151 1858
151 2091
151 2517
151 2733
151 2908
151 3222
152 714
152 1032
152 1295
152 1478
152 2166
152 2565
152 3730
153 292
153 894
153 968
154 168
154 630
154 1677
155 1172
155 2270
155 2337
156 308
156 315
156 373
156 713
156 1582
156 1977
156 3256
156 3260
157 408
157 584
157 2878
158 727
158 1410
158 2662
159 486
159 2837
159 3111
160 2331
160 2362
160 2877
161 963
161 1752
161 3707
162 571
162 786
162 3782
163 1510
163 2369
164 1011
164 2646
164 2883
165 1545
165 1786
165 3441
166 973
166 2003
166 2969
167 3163
167 3381
167 3406
168 1091
168 1234
168 1327
168 1543
168 1621
168 1665
168 2911
169 1630
169 1936
169 2466
170 352
170 2021
170 2883
171 325
171 424
171 695
171 2341
171 2776
171 2824
171 3105
171 3571
172 718
172 1108
172 1389
172 2361
172 2459
172 2817
172 2901
172 3000
173 823
173 870
173 1596
173 2201
173 2392
173 2843
173 3661
173 3673
174 1352
174 1394
174 1810
174 2139
174 2359
174 2518
174 2857
174 2879
175 352
175 562
175 1097
176 1437
176 1548
176 1896
177 341
177 616
177 1868
177 1875
177 2110
177 2460
177 3016
177 3385
178 1245
178 3085
178 3587
179 466
179 1218
179 1552
179 1978
179 2163
179 2266
179 2887
179 3751
180 1380
180 1867
180 2475
181 1286
181 2903
181 3348
182 1414
182 2983
182 3764
183 1929
183 2304
183 2632
184 793
184 1834
184 3406
185 788
185 1386
185 1950
185 2082
185 3047
185 3261
185 3578
185 3612
186 882
186 3289
186 3434
187 667
187 852
187 1062
187 1871
187 1879
187 1932
187 2167
187 3216
188 761
188 2670
188 3624
189 1347
189 2827
189 3584
190 919
190 2048
190 2311
191 3273
191 3577
192 203
192 573
192 3605
193 1574
193 1621
193 1795
193 2299
193 2409
193 2999
193 3419
193 3460
194 1949
194 2729
194 3402
195 1128
195 3381
196 676
196 841
196 946
197 2279
197 2577
197 3121
198 455
198 739
198 1751
198 1855
198 2129
198 2880
198 3103
198 3244
199 203
199 1643
199 3725
200 1786
200 2575
200 2792
201 701
201 1305
201 1624
201 1723
201 2084
201 2707
201 2853
201 3298
202 512
202 1443
202 2023
203 251
203 453
203 1772
203 1928
203 2786
203 3156
204 888
204 2095
204 3079
205 934
205 1161
205 1877
206 606
206 3097
206 3633
207 448
207 888
207 1882
208 2486
208 3143
208 3633
209 946
209 1410
209 1538
210 1018
210 1615
210 3035
211 962
211 2126
211 2717
212 385
212 1510
212 2667
213 2545
213 3044
213 3507
214 380
214 1064
214 3733
215 1643
215 2791
216 675
216 780
216 3041
217 1259
217 1448
217 2631
218 1229
218 1255
218 2575
219 610
219 1201
219 2148
219 2194
219 2655
219 3064
219 3524
219 3573
220 2497
220 3229
221 772
221 994
221 1560
222 963
222 2582
222 3590
223 553
223 1622
223 1972
223 2155
223 2455
223 2761
223 2801
224 697
224 1181
224 1835
224 2116
224 2441
224 3092
224 3165
225 354
225 583
225 1704
225 2343
225 2359
225 2596
225 3737
226 2618
226 3667
227 578
227 3235
227 3401
228 1823
228 2823
228 3370
229 926
229 1507
229 2920
230 862
230 1409
230 1773
231 649
231 969
231 1280
231 2075
231 2156
231 2181
231 2323
231 3268
232 774
232 911
232 1010
232 1251
232 1591
232 2233
232 3463
232 3753
233 1732
233 2213
233 3764
234 973
234 2145
234 2316
235 2144
235 2372
235 3499
236 1227
236 2372
236 3362
237 1267
237 2030
237 2884
238 2030
238 2270
238 2284
239 888
239 2117
239 2905
240 1823
240 2662
240 3134
241 787
241 1241
241 1300
241 1472
241 1539
241 1847
241 2118
241 3080
242 1268
242 1362
242 3170
243 1965
243 2948
243 3431
244 535
244 806
244 1110
244 1222
244 1550
244 2085
244 2244
245 950
245 1147
245 1219
245 2675
245 2817
245 3541
245 3602
246 1410
246 1733
246 1806
247 253
247 2333
247 2721
248 1029
248 1148
248 3115
249 750
249 2704
249 3273
250 2243
250 2318
250 2525
251 1759
251 2275
252 826
252 1341
252 1827
253 259
253 827
253 1313
253 1921
253 2439
253 2860
253 3767
254 1732
254 1898
254 2505
255 571
255 1320
255 1825
256 776
256 1329
256 3536
257 362
257 1797
257 3377
258 862
258 3527
258 3671
259 637
259 2884
260 995
260 1187
260 1620
260 2115
260 2803
260 3014
260 3274
260 3450
261 1200
261 1956
261 2588
261 2613
261 2781
261 3130
261 3341
261 3493
262 897
262 937
262 3253
263 1870
263 2176
263 2664
264 1097
264 3242
265 888
265 2083
265 2947
266 569
266 642
266 997
267 1039
267 1612
267 2488
268 351
268 2219
268 3591
269 493
269 1207
269 2145
270 388
270 1780
270 2098
270 2686
270 2781
270 2851
270 3068
270 3339
271 1299
271 1513
271 3706
272 1774
272 2811
272 3102
273 2275
273 2383
273 3342
274 376
274 856
274 1489
274 1702
274 1743
274 2248
274 2784
274 3396
275 311
275 597
275 999
275 1919
275 2107
275 3451
275 3601
276 336
276 1335
276 3154
277 1934
277 2140
277 3462
278 791
278 898
279 732
279 1543
279 1735
279 1998
279 2190
279 2395
279 3082
280 1209
280 2792
280 2969
281 1782
281 2059
282 493
282 1134
282 2575
283 537
283 627
283 674
283 771
283 931
283 1047
283 1119
283 3220
284 928
284 3232
284 3690
285 393
285 518
285 977
285 1331
285 1672
285 2468
285 3258
285 3665
286 347
286 482
286 2787
287 390
287 1105
287 1666
287 1968
287 2610
287 3372
287 3505
287 3579
288 376
288 420
288 1168
288 1788
288 2302
288 2355
288 2648
288 2673
289 1299
289 3054
290 1629
290 1806
290 3097
291 660
291 910
291 915
291 1026
291 1995
291 2065
291 2229
291 3778
292 880
292 976
292 1674
292 1932
292 2085
292 2532
292 3130
293 389
293 615
293 1000
293 1260
293 1586
293 2921
293 3190
293 3317
294 534
294 3149
295 705
295 1120
295 1280
295 1326
295 2798
295 3400
295 3695
296 1813
296 2729
296 2920
297 882
297 3593
298 494
298 1534
298 1581
298 1957
298 2287
298 2432
298 2438
298 3014
299 460
299 489
299 987
299 1061
299 1319
299 1600
299 2825
300 894
300 1008
300 2969
301 590
301 1243
301 1783
302 338
302 3191
302 3514
303 1527
303 1643
303 1771
304 1029
304 1808
304 2380
305 669
305 1629
305 2729
306 2127
306 2497
306 3549
307 1465
307 1934
307 3273
308 1761
308 2316
309 338
309 929
309 3519
310 1782
310 1864
310 3375
311 1655
312 615
312 1339
312 2154
312 2440
312 3272
312 3608
312 3774
313 1076
313 1220
313 1679
313 1908
313 1972
313 2622
313 2644
313 3182
314 485
314 962
314 2979
315 1613
315 1760
316 431
316 1186
316 3134
317 1575
317 1856
317 2042
318 641
318 983
318 1686
318 1861
318 3039
318 3288
318 3566
318 3759
319 1176
319 1791
320 2250
320 3719
321 1085
321 1239
321 1337
321 2107
321 2320
321 2743
321 2937
321 3639
322 796
322 900
322 3006
323 790
323 1708
323 1869
323 2282
323 2451
323 3132
323 3416
324 2510
324 2568
325 863
325 2312
326 770
326 1037
326 1124
326 1439
326 1502
326 2280
326 2424
326 3394
327 2291
327 2945
327 3042
328 482
328 867
328 2393
329 2061
329 2905
329 3581
330 496
330 2123
330 2704
331 2191
331 3121
331 3590
332 1373
332 1618
332 2429
333 973
333 1473
333 2222
334 380
334 993
334 2080
335 642
335 1293
335 3150
336 520
336 1054
336 1123
336 1762
336 2868
336 3252
336 3659
337 1202
337 3035
337 3476
338 670
338 903
338 2317
338 2448
338 2868
338 3403
339 378
339 1573
339 3568
340 2179
340 2582
340 3707
341 1775
341 3233
342 894
342 1918
342 2810
343 1040
343 1646
343 1742
343 1766
343 1989
343 2401
343 3123
343 3203
344 1088
344 2788
344 3197
345 1738
345 2030
345 2217
346 714
346 830
346 1572
346 1651
346 2264
346 2409
346 3160
346 3770
347 1027
347 1108
347 2181
347 2211
347 3066
347 3502
348 822
348 898
348 1867
349 398
349 1445
349 2701
350 944
350 1520
350 1783
351 792
351 904
351 1087
351 2651
351 2771
351 3034
351 3393
352 415
352 476
352 1022
352 1955
352 2594
352 3445
353 371
353 658
353 1178
353 1623
353 2550
353 2626
353 2856
353 3345
354 1437
354 1912
355 484
355 896
355 3242
356 618
356 678
356 1884
356 2391
356 2556
356 2644
356 2697
356 3096
357 2537
357 2997
357 3322
358 1470
358 3423
358 3462
359 929
359 1179
359 1813
360 1198
360 1981
360 2330
360 2848
360 3015
360 3052
360 3320
360 3619
361 1203
361 1244
361 3380
362 812
362 1136
362 1303
362 2093
362 2129
362 2864
362 3129
363 3333
363 3474
363 3626
364 1864
364 2017
364 3716
365 2217
365 3638
366 1133
366 2847
367 635
367 1342
367 1807
367 2153
367 2297
367 2335
367 2438
367 3122
368 3048
368 3243
368 3423
369 734
369 743
369 952
369 1745
369 2342
369 2363
369 3153
370 2235
370 3133
370 3692
371 664
371 1406
372 484
372 727
372 3593
373 796
373 1014
374 425
374 561
374 1038
374 2385
374 2782
374 2840
374 3033
374 3388
375 1053
375 1182
375 1381
375 1663
375 1992
375 2446
375 2584
375 3778
376 2618
377 1227
377 2378
377 3056
378 1691
378 2296
378 2468
378 2479
378 2647
378 3509
378 3652
379 449
379 2170
379 3764
380 732
380 907
380 961
380 1574
380 2011
381 793
381 1231
381 1414
382 1106
382 2222
382 3507
383 1072
383 1949
384 685
384 2238
384 2968
385 1588
385 1981
385 2009
385 2540
385 2755
385 2922
385 3718
386 819
386 821
386 1193
386 1847
386 2258
386 2834
386 3204
387 979
387 1457
387 2030
388 2324
388 2913
389 2429
389 3010
390 562
390 1011
391 1273
391 2632
391 2794
392 486
392 3028
392 3181
393 452
393 1279
394 1496
394 2157
394 2719
395 599
395 1159
395 1896
396 882
396 1167
396 2918
397 596
397 736
397 2340
397 2356
397 2388
397 2550
397 2623
398 1155
398 1686
398 2691
398 2845
398 2879
398 3193
398 3482
399 448
399 1443
399 3323
400 1068
400 2920
401 868
401 1918
401 2723
402 541
402 1746
402 1924
403 560
403 614
403 672
403 853
403 2051
403 2204
403 2248
403 3408
404 947
404 963
404 1809
405 874
405 3437
405 3681
406 721
406 869
406 1382
406 1502
406 1796
406 1947
406 2167
407 2328
407 2721
407 3303
408 608
408 833
408 1219
408 1314
408 1669
408 2039
408 3307
409 608
409 886
409 1332
409 1492
409 1980
409 2831
409 2890
409 3081
410 1336
410 1467
410 1487
410 1798
410 2012
410 3045
411 1630
411 2010
411 3514
412 676
412 947
412 1347
413 2176
413 3406
413 3783
414 1172
414 2537
414 2554
415 3063
415 3090
416 723
416 731
416 3488
417 840
417 2563
417 2907
418 531
418 711
418 803
418 831
418 1653
418 3378
418 3740
419 666
419 1366
419 2799
420 1104
420 1590
421 791
421 840
421 1264
422 575
422 609
422 2941
423 2300
423 3114
423 3405
424 2895
424 3308
425 1415
425 2271
426 2121
426 2318
426 3166
427 569
427 1033
427 2637
428 491
428 2071
428 2472
428 2737
428 3089
428 3187
428 3418
429 2899
429 3147
429 3348
430 1892
430 2436
430 2886
431 543
431 814
431 844
431 1941
431 2341
431 3262
431 3512
432 567
432 1397
432 1405
432 1418
432 3002
432 3059
432 3368
433 474
433 1341
433 1506
434 496
434 3237
434 3356
435 570
435 1271
435 2149
435 2743
435 3082
435 3173
435 3325
435 3327
436 840
436 1039
436 1811
437 606
437 963
437 1524
438 1464
438 3474
438 3670
439 2144
439 2949
439 3549
440 1379
440 2838
440 3185
441 599
441 2061
441 3478
442 445
442 1537
442 3140
443 1068
443 3455
443 3631
444 894
444 1256
444 3624
445 711
445 1225
445 1230
445 2076
445 2122
445 2168
445 3076
446 710
446 2862
446 3162
447 2222
447 2265
447 3483
448 1214
448 1541
448 2037
448 2105
448 3022
449 686
449 1092
449 1307
449 1518
449 2054
449 2560
449 3098
450 1912
450 3600
451 667
451 788
451 848
451 1854
451 2038
451 2726
451 3436
451 3497
452 510
452 1387
452 1904
452 2081
452 2296
452 2484
452 2796
453 2639
453 2748
454 1882
454 2762
454 3581
455 2324
455 3083
456 985
456 1105
456 1166
456 1969
456 2782
456 3700
457 956
457 1450
457 1481
457 1483
457 2578
457 2638
457 2936
457 3050
458 710
458 2319
458 3614
459 482
459 755
459 2350
460 993
460 1057
461 555
461 1308
461 2185
461 2473
461 2657
461 2783
461 3321
461 3355
462 1232
462 2017
462 2304
463 724
463 1873
463 2053
463 2190
463 2198
463 3367
463 3654
464 773
464 933
464 1027
464 1348
464 2060
464 2101
464 2952
464 2970
465 638
465 992
465 1587
465 2338
465 2374
465 2740
465 3757
466 2143
466 3559
467 1432
467 1737
468 1228
468 2059
468 3070
469 772
469 2794
469 3605
470 959
470 2371
470 3434
471 548
471 1738
471 3479
472 2144
472 2387
472 3437
473 1226
473 1228
473 1437
474 745
474 1570
474 1675
474 2653
474 2756
474 3585
474 3751
475 1172
475 3181
475 3584
476 1872
476 2049
477 1834
478 750
478 754
478 1150
479 1012
479 1527
479 1827
480 621
480 2278
480 2573
481 639
481 1618
481 2678
482 1025
482 1511
482 2450
482 3159
482 3576
483 2969
483 3149
483 3507
484 1569
484 2853
484 2871
484 3743
485 651
485 1164
485 1195
485 1674
485 2699
485 2871
485 3346
486 491
486 1668
486 2076
486 2091
486 2402
486 3564
487 3227
487 3551
487 3605
488 509
488 2145
488 2792
489 2568
490 1012
490 1398
490 1781
491 868
492 1465
492 2415
493 1046
493 1188
493 1417
493 1795
493 2096
493 2606
494 1834
495 1561
495 3242
495 3529
496 802
496 2230
496 2376
496 2859
496 3416
496 3468
497 584
497 3380
498 666
498 668
498 1006
499 1159
499 1226
499 2963
500 1329
500 1335
500 1533
501 623
501 1828
501 3725
502 958
502 1232
502 2333
503 1613
503 2837
503 3488
504 2362
504 2632
505 590
505 1722
505 1774
506 942
506 2049
506 3001
507 642
507 1379
507 1647
508 1267
508 2070
509 591
509 615
509 733
509 1390
509 2096
509 2676
509 3108
510 526
510 2328
511 1809
511 2179
511 2827
512 619
512 1196
512 1272
512 1401
512 1486
512 2373
512 2584
513 1924
513 1976
513 2329
514 958
514 1437
514 3006
515 646
515 661
515 1283
515 1494
515 2225
515 2353
515 2376
515 2652
516 1988
516 2303
516 2515
516 2805
516 2976
516 3193
516 3291
516 3552
517 668
517 2265
517 2605
518 1444
518 2145
519 2628
519 3185
519 3448
520 1398
520 3466
521 1006
521 2253
521 2903
522 1255
522 2682
522 3373
523 1713
523 1997
523 2895
524 854
524 972
524 1197
524 1634
524 1818
524 1852
524 1966
524 2224
525 677
525 2608
525 3514
526 828
526 904
526 923
526 1730
526 2790
526 2860
526 3098
527 806
527 1570
527 1724
527 2251
527 2370
527 2780
527 3556
527 3774
528 779
528 984
528 1028
528 1625
528 2829
528 3118
528 3498
529 1232
529 1656
529 1933
530 1068
530 3154
530 3211
531 2837
531 3560
532 1773
532 2291
532 3565
533 573
533 1895
533 3336
534 735
534 749
534 943
534 1479
534 1605
534 3371
534 3637
535 951
535 2431
536 1020
536 1043
536 1326
536 1430
536 1551
536 1727
536 2399
536 3749
537 947
537 2587
538 1228
538 1737
538 3425
539 688
539 2920
539 3603
540 664
540 2713
540 3466
541 729
541 2004
541 2062
541 2893
541 3397
541 3501
541 3765
542 1776
542 1885
542 2935
543 2360
543 3348
544 642
544 2899
544 3409
545 937
545 2415
546 564
546 1187
546 1370
546 1555
546 2820
546 3062
546 3542
546 3555
547 1125
547 1732
547 3551
548 1306
548 1666
548 2046
548 2159
548 2696
548 3396
549 562
549 2021
549 3001
550 836
550 970
550 1730
550 1954
550 2567
550 2789
550 3101
551 600
551 921
551 1222
551 1900
551 2106
551 2708
551 2925
551 2988
552 973
552 2545
553 1949
553 3150
554 637
554 949
554 2955
555 1892
555 2929
556 2768
556 3085
556 3135
557 624
557 843
557 1047
557 1476
557 1778
557 3201
557 3294
557 3563
558 1791
558 2270
558 2488
559 569
559 1347
559 2947
560 1215
560 1842
561 1069
561 2929
562 749
562 924
562 2508
562 2555
562 3351
563 2895
563 3090
563 3726
564 1128
564 3362
565 1465
565 2174
565 2380
566 609
566 906
566 3362
567 3667
568 2393
568 2963
568 3070
569 1404
569 2252
569 3304
569 3403
569 3607
570 1689
570 1733
571 1053
571 1435
571 1652
571 1685
571 2063
571 2681
572 789
572 824
572 1531
572 1715
572 2067
572 2647
572 2956
572 3604
573 713
573 859
573 1340
573 1930
573 3118
573 3460
574 1808
574 2265
574 3115
575 1428
575 1475
575 1531
575 1755
575 2483
575 2569
575 3773
576 895
576 1689
576 2213
577 2178
577 2987
577 3292
578 910
578 983
578 1588
578 1897
578 1953
578 2993
578 3265
579 2372
579 3056
580 855
580 2497
580 2944
581 2671
581 2791
581 2905
582 1473
582 3521
582 3622
583 2333
583 3117
584 687
584 1720
584 1931
584 2815
584 3699
585 1358
585 3423
586 722
586 3046
587 1165
587 2218
587 2947
588 791
588 2312
589 2369
589 2785
589 3706
590 632
590 1269
590 1657
590 2442
590 3585
590 3604
591 1259
591 2143
592 813
592 2979
592 3534
593 1086
593 1707
593 2337
594 1924
594 2031
594 2899
595 754
595 1056
595 3336
596 772
596 962
597 1610
597 3733
598 988
598 1373
598 1771
599 690
599 2534
599 3098
599 3104
599 3219
599 3660
600 1726
600 3782
601 1341
601 2510
601 2717
602 1005
602 2061
602 3580
603 891
603 1680
603 1846
603 2197
603 2479
603 2998
603 3469
603 3512
604 752
604 937
604 1445
605 894
605 3063
605 3336
606 911
606 938
606 1408
606 1832
606 2183
607 2182
607 2748
608 1148
609 709
609 1016
609 1041
609 1177
609 2136
609 3756
610 1870
610 2319
611 662
611 698
611 778
611 1608
611 1717
611 2485
611 2653
611 2710
612 1989
612 2240
612 2267
612 2549
612 2656
612 3250
612 3256
613 1962
613 2088
613 3581
614 1068
614 3330
616 1533
616 1936
617 2291
617 3671
618 1470
618 1563
619 1888
619 2311
620 1760
620 2145
620 3507
621 778
621 989
621 1682
621 2266
621 2581
621 2730
621 3366
622 1363
622 1468
622 1612
623 629
623 1785
623 1814
623 2014
623 2712
623 2745
623 3663
624 2889
625 1129
625 1380
625 2235
626 1860
626 2049
626 2929
627 2554
627 3136
628 2249
628 3233
628 3675
629 742
629 3494
630 2011
630 2715
630 2806
630 2896
630 2984
630 3367
630 3748
631 1139
631 2096
631 2215
631 2348
631 2521
631 3258
631 3369
631 3673
632 1396
632 1695
633 959
633 1993
634 920
634 2524
634 2799
635 1683
635 3197
636 751
636 1833
636 2220
637 724
637 904
637 1139
637 2392
637 3665
637 3694
638 2208
638 2721
639 2013
639 2159
639 2491
639 2607
639 2784
639 3207
639 3329
640 742
640 1361
640 1612
641 1174
641 2701
642 1326
642 1904
642 2074
642 3443
643 2854
643 2929
644 731
644 1245
644 1379
645 1104
645 1373
645 2702
646 1369
646 2713
647 2176
647 2247
647 3409
648 2203
648 2949
648 3405
649 1360
649 1828
650 712
650 950
650 1376
650 1998
650 2373
650 2570
650 3266
651 3128
651 3622
652 959
652 1545
652 3575
653 1288
653 1799
653 2649
653 3172
653 3389
653 3606
653 3772
654 1510
654 2872
654 3162
655 1157
655 2345
655 2382
656 1583
656 2210
656 3779
657 1275
657 1896
657 2923
658 2324
658 3577
659 1148
659 2973
659 3330
660 2873
660 3121
661 1848
661 2178
662 2121
662 3115
663 2504
663 2520
663 2955
664 1433
664 2120
664 2420
664 2980
664 3321
664 3355
665 1018
665 1129
665 1827
666 1002
666 1796
666 2212
666 2227
666 2553
666 3324
667 2371
668 820
668 1113
668 1447
668 2280
668 3106
668 3421
669 1212
669 1495
669 1805
669 2462
669 2759
669 2858
669 3158
670 3406
670 3528
671 781
671 1885
671 3235
672 1104
672 2618
673 1722
673 2023
673 2431
674 2519
674 3322
675 1540
675 1868
675 2256
675 2409
675 2592
675 2978
675 3024
676 709
676 1225
676 2172
676 2186
676 3424
676 3481
677 819
677 872
677 1436
677 1514
677 1617
677 2033
677 2283
678 2291
678 3517
679 2536
679 2892
680 1115
680 1821
680 2427
680 2633
680 2952
680 3178
680 3271
680 3365
681 899
681 940
681 1724
681 2037
681 3226
681 3540
681 3691
682 1368
682 2237
682 3527
683 925
683 1976
683 2284
684 1870
684 2311
684 2497
685 762
685 1544
685 1585
685 1904
685 1952
685 2175
685 3492
686 696
686 3375
687 2577
687 3441
688 881
688 961
688 1046
688 2184
688 2462
688 2832
688 2911
689 895
689 1125
689 3377
690 1629
690 2519
691 2213
691 2304
692 1033
692 3157
692 3670
693 925
693 2253
693 2360
694 1358
694 1910
694 3149
695 750
695 1590
696 857
696 1789
696 1862
696 2703
696 2739
696 3234
696 3522
697 1259
697 1983
698 1597
698 1965
699 930
699 1644
699 1676
699 2310
699 3217
699 3347
699 3763
700 1473
700 2605
700 3507
701 2243
701 3070
702 1683
702 2558
702 3128
703 819
703 1377
703 1518
703 2118
703 2634
703 2652
703 2789
703 3522
704 1341
704 2892
704 3095
705 2247
705 3163
706 1885
706 2604
707 1005
707 1614
707 2920
708 1005
708 2996
708 3211
709 1656
710 1601
710 1685
710 1996
710 2094
710 2982
710 3422
711 3028
712 1125
712 1689
713 900
714 1918
715 1474
715 1776
715 2618
716 898
716 1358
716 1575
717 980
717 1182
717 2902
717 2993
717 3313
717 3647
717 3657
717 3762
718 928
718 1252
719 792
719 825
719 1509
719 2125
719 2374
719 2613
719 3278
719 3767
720 1520
720 2643
720 3529
721 920
721 1460
722 1001
722 1249
722 1258
722 2002
722 3130
722 3317
722 3567
723 763
723 1462
723 1749
723 2580
723 3093
723 3205
723 3357
724 3462
725 947
725 2564
725 2889
726 753
726 1112
726 3067
727 1557
727 2062
727 2668
727 2677
727 2890
727 3411
728 793
728 2208
728 3284
729 1733
729 1809
730 1030
730 1246
730 1309
730 1392
730 1511
730 2461
731 1557
731 2561
731 3338
731 3492
731 3543
731 3610
732 2337
733 2720
734 2279
735 2003
735 3243
736 2193
736 3049
737 962
737 1106
737 3521
738 1990
738 2182
738 2905
739 3783
740 2015
740 2523
740 3729
741 988
741 2520
741 3707
742 1346
742 1355
742 1717
742 2194
742 2626
742 2887
743 1165
743 1203
744 896
744 2143
744 3517
745 1774
745 1836
746 1469
746 2193
746 3374
747 900
747 2639
747 3013
748 1167
748 1567
748 3381
749 2938
750 1233
750 1394
750 1526
750 1787
750 2614
751 1052
751 1367
751 1745
751 2295
751 2363
751 3264
751 3294
752 2229
752 2755
752 2866
752 2891
752 3039
752 3240
752 3647
753 766
753 1433
753 1939
753 2087
753 2981
753 3659
753 3674
754 917
754 1371
754 1400
754 1930
754 2480
754 2616
755 1217
755 1389
755 2009
755 2410
755 2627
755 2649
755 3030
756 2701
756 2794
756 3719
757 801
757 1488
757 3402
758 2275
758 2905
758 3534
759 1464
759 2083
759 2602
760 1129
760 1202
760 3164
761 852
761 1743
761 2133
761 2793
761 2809
761 2850
761 3546
762 1351
762 3116
763 1877
763 2239
764 1055
764 1399
765 1159
765 1507
765 1597
766 1983
767 1097
767 2582
767 2849
768 2345
768 3459
768 3783
769 1936
769 2010
769 2351
770 1856
770 2844
771 855
771 1524
772 1313
772 1333
772 1668
772 3034
772 3378
773 944
774 1137
774 3333
775 1228
775 2170
775 3719
776 893
776 1102
776 1703
776 1845
776 2214
776 2528
776 3016
777 2042
777 3029
778 1215
779 3125
779 3235
780 1007
780 1478
780 1688
780 1884
780 2035
780 2796
780 3407
781 1123
781 1394
781 1535
781 3246
781 3259
781 3270
781 3530
782 1885
782 2847
782 3474
783 1811
783 2723
783 3499
784 804
784 1361
784 3559
785 826
785 1781
785 3477
786 1091
786 1239
786 2011
786 2674
786 2864
786 3470
786 3599
787 1363
787 2383
788 3442
789 1279
789 2520
790 1839
790 2083
791 1308
791 1708
791 2649
791 2985
791 3159
792 2333
793 1549
793 1671
793 2008
793 2611
793 3450
794 1173
794 1869
794 1979
794 2364
794 2666
794 2698
794 3189
794 3291
795 2031
795 3442
795 3486
796 2097
796 2102
796 3432
796 3627
796 3777
797 1075
797 1322
797 2236
797 2530
797 2622
797 3238
797 3249
797 3257
798 1317
798 1399
798 1926
799 1245
799 1823
799 3448
800 1276
800 2564
800 3335
801 879
801 1357
801 1902
801 2677
801 2858
801 3338
801 3712
802 2949
802 3170
803 2968
803 3111
804 1049
804 1355
804 1525
804 1603
804 1729
804 3194
804 3340
805 1133
805 2083
805 3333
806 3229
807 1029
807 2605
807 3483
808 2203
808 2938
809 1106
809 2646
809 2702
810 1380
810 1432
810 2209
811 816
811 1010
811 1043
811 1151
811 1349
811 2156
811 2467
811 3684
812 1172
812 1677
813 1648
813 2058
813 2302
813 2357
813 2739
813 2974
813 3408
814 1614
814 2865
815 1610
815 2114
815 2955
816 1175
816 1630
817 862
817 1012
817 3442
818 867
818 1560
818 2316
820 1029
820 2222
821 3544
822 1253
822 1430
822 1757
822 1916
822 1955
822 2314
823 3253
824 1320
824 3115
825 1860
825 2208
826 1208
826 1339
826 1829
826 2301
826 2645
826 3456
827 2278
827 2589
828 1351
828 3020
829 1149
829 2317
829 2353
829 2376
829 2549
829 2634
829 3613
829 3621
830 3336
830 3423
831 1153
831 2219
832 1009
832 1134
832 1791
833 2279
833 3437
834 1506
834 2895
834 3591
835 2372
836 1797
836 2270
837 888
837 1209
838 2375
838 2704
838 3102
839 3095
839 3494
840 1602
840 2282
840 2976
840 3077
840 3297
841 1122
841 1755
841 2018
841 2733
841 2986
841 3109
841 3703
842 1064
842 1707
842 3615
843 2938
843 3650
844 3446
844 3671
845 1157
845 1388
845 1614
846 895
846 1888
846 2624
847 958
847 1159
847 1912
848 1614
848 2948
849 1503
849 1867
849 2600
850 1559
850 2639
850 2844
851 958
851 2412
851 3370
852 2387
853 1867
853 2017
854 1057
854 2362
855 965
855 1344
855 1401
855 1963
855 2914
855 3523
856 1009
856 1256
857 2164
857 3539
858 1284
858 1919
858 2202
858 2743
858 2749
858 3290
858 3400
858 3720
859 1560
859 3043
860 2222
860 3570
861 1206
861 1597
862 1802
862 2162
862 2454
862 2645
862 3061
863 1334
863 1481
863 1517
863 1748
863 2034
863 2069
863 3510
864 1571
864 1785
864 1841
864 2008
864 2090
864 2194
864 2855
864 3682
865 1468
865 1791
865 3431
866 993
866 2234
866 2877
867 2087
867 2147
867 2599
867 2931
867 3606
868 2389
868 2496
868 2659
868 2986
868 3740
868 3756
869 1132
869 2524
870 1934
870 3412
871 1503
871 2350
872 3233
873 997
873 1116
873 2923
874 1062
874 1304
874 1332
874 1807
874 2354
874 2456
874 2793
875 2360
875 3028
875 3322
876 1664
876 1934
876 2996
877 1827
877 2765
877 3615
878 1808
878 2973
878 3499
879 1255
879 1629
880 2631
880 3237
881 1255
881 3323
882 1576
882 1658
882 1678
882 2779
882 3353
883 920
883 1073
883 2973
884 1429
884 2218
884 2968
885 1396
885 2504
885 3593
886 2003
886 2601
887 1035
887 1205
887 3002
887 3217
887 3418
887 3490
887 3558
888 943
888 1606
888 3189
889 902
889 928
890 1468
890 2270
890 3634
891 2249
891 3126
892 1452
892 1608
892 2442
892 2506
892 2513
892 3636
892 3751
893 1936
893 3721
894 1550
894 3226
894 3546
895 1147
895 1196
895 1291
895 1735
895 3538
896 1661
896 1940
896 2268
896 2309
896 2441
897 1182
897 1500
897 1640
897 1995
897 2541
897 2660
897 2711
898 1346
898 1863
898 2473
898 3045
898 3345
899 3228
900 1028
900 2099
900 2212
900 2424
900 3254
901 2182
901 2671
901 3342
902 1818
902 2047
902 2214
902 2361
902 2882
902 3471
903 1882
905 1317
905 1488
905 3150
906 1844
906 1974
906 2018
906 2797
906 3297
906 3367
906 3383
907 1677
907 3435
908 977
908 1459
908 1605
908 2067
908 2483
908 2695
908 3454
908 3526
909 1209
909 2762
910 2238
911 2537
912 2100
912 2165
912 3587
913 2637
913 2947
913 3519
914 2628
914 2823
914 3232
915 3441
916 2475
916 3038
916 3568
917 919
917 3478
918 2941
918 3114
918 3588
919 2700
919 2775
919 2796
919 2914
919 3076
919 3206
920 1886
920 1975
920 2339
920 3145
922 2351
922 2573
922 2624
923 1548
923 1782
924 2117
924 2161
925 1767
925 2280
925 2377
925 2553
925 3105
925 3186
926 1345
926 1404
926 2038
926 2940
926 3168
926 3241
926 3512
927 962
927 1561
927 3095
928 1593
928 2627
928 2965
928 3160
928 3457
929 1849
929 3094
929 3174
929 3607
929 3695
930 3335
931 1775
931 2311
932 1612
932 2278
932 3559
933 2191
933 3590
934 1325
934 1681
934 1709
934 2434
934 3640
934 3688
935 1228
935 2393
935 2525
936 1560
936 3227
936 3764
937 983
937 2303
937 3030
937 3766
938 2486
938 3539
939 1399
939 2928
939 3029
940 2670
940 2969
941 1739
941 2070
941 2873
942 1687
942 1728
942 2227
942 2642
942 3123
942 3394
942 3445
943 3342
944 1511
944 1639
944 1799
944 2323
944 2445
944 2459
945 1189
945 1939
945 2189
945 2487
945 2834
945 3172
945 3518
945 3576
946 1016
946 1491
946 2004
946 2988
946 3223
947 1196
947 1376
947 2552
947 3379
948 1976
948 2253
948 2536
949 1413
949 1421
949 1459
949 2215
949 2296
949 2490
949 3557
950 1888
951 1637
951 1925
951 2693
951 2976
951 3031
951 3556
952 1446
952 2525
953 1638
953 2078
953 2084
953 2106
953 2597
953 3193
953 3743
954 1242
954 1971
954 2062
954 2406
954 2904
954 3207
954 3562
955 1825
955 3476
955 3692
956 1761
956 2393
957 1647
957 3116
957 3150
958 1485
958 1673
958 1758
958 2518
959 1431
959 1579
959 2232
959 2326
959 2818
960 1285
960 1577
960 2039
960 2077
960 2354
960 2381
960 3411
960 3687
961 2568
962 2603
962 3127
962 3458
963 1748
963 2262
963 2909
963 3131
964 1384
964 2564
964 3041
965 1775
965 2889
966 2095
966 2239
966 2382
967 2331
967 2595
967 3111
968 1042
968 1754
968 2173
968 2925
968 3267
968 3556
969 1959
969 3409
970 1457
970 2217
971 2298
971 3195
971 3680
972 1293
972 3452
973 1089
973 2492
973 2521
973 2795
974 3170
974 3356
974 3503
975 1683
975 3237
975 3641
976 1493
976 3303
977 3412
978 1320
978 2235
978 2865
979 1090
979 1183
979 2242
979 2611
979 3101
979 3139
979 3596
980 2070
981 1580
981 1810
981 2199
981 2621
981 3201
981 3341
981 3617
981 3684
982 1659
982 2429
982 3154
984 1014
984 1737
985 1358
985 2003
986 1466
986 1594
986 3185
987 1293
987 3114
988 1013
988 1342
988 2456
988 2607
988 3427
988 3688
989 1176
989 3586
990 1484
990 1586
990 1846
990 1982
990 2681
990 2958
990 3007
990 3583
991 1701
991 1896
991 2923
992 2397
992 3575
993 1065
993 1565
993 1621
993 1744
993 3714
994 1430
994 2050
994 2951
994 2971
994 3017
994 3644
994 3747
995 2436
995 2667
996 1363
996 2791
996 3013
997 1935
997 2480
997 2700
997 2813
997 3219
997 3295
998 1848
998 2272
998 2846
999 1004
999 1689
1000 2678
1000 3544
1001 1162
1001 1209
1002 1583
1002 2844
1003 1888
1003 2587
1003 3335
1004 1213
1004 1744
1004 2125
1004 2246
1004 2495
1004 3327
1004 3501
1005 1103
1005 1438
1005 1521
1005 3241
1005 3701
1006 1124
1006 1894
1006 2764
1006 2776
1006 3202
1006 3359
1007 1351
1007 1537
1008 2111
1008 2251
1008 2451
1008 2482
1008 2964
1008 3022
1009 1142
1009 1297
1009 1375
1009 1407
1009 2850
1009 3142
1010 1464
1011 1067
1011 2008
1011 3491
1011 3618
1012 1670
1012 1706
1012 1804
1012 2263
1013 1051
1013 3549
1014 1646
1014 2586
1014 2819
1014 2977
1014 3310
1014 3621
1015 1433
1015 2225
1015 2410
1015 2500
1015 2736
1015 2803
1015 2930
1015 3718
1016 3584
1017 2086
1017 3624
1018 1135
1018 1372
1018 1516
1018 1728
1018 2555
1018 2562
1019 1520
1019 2191
1019 3707
1020 2600
1020 2794
1021 1133
1021 2933
1021 3035
1022 2810
1022 3591
1023 1104
1023 2300
1023 3284
1024 1563
1024 2748
1025 1510
1025 1898
1026 2950
1027 1783
1028 1056
1029 2119
1029 2394
1029 3025
1030 1990
1030 2682
1031 1573
1031 2628
1031 2662
1032 3048
1033 1185
1033 1343
1033 1544
1033 1719
1033 3189
1033 3589
1034 1614
1034 2298
1034 3519
1035 1888
1035 2564
1036 1128
1036 2048
1036 3018
1037 2799
1037 3479
1038 1150
1038 3570
1039 1241
1039 2273
1039 2283
1039 2962
1039 3340
1039 3383
1040 1872
1040 1912
1041 1819
1041 3405
1042 2086
1042 3157
1043 2590
1044 2617
1044 3041
1044 3435
1045 2811
1045 3273
1045 3515
1046 1786
1048 2497
1048 3140
1048 3738
1049 1363
1049 2488
1050 1882
1050 3592
1051 1709
1051 1725
1051 2130
1051 2198
1051 3192
1051 3761
1052 1474
1052 3280
1053 2157
1054 2164
1054 3536
1055 1412
1055 1477
1055 1795
1055 2154
1055 2718
1055 3484
1056 1455
1056 1878
1056 1977
1056 3156
1056 3419
1057 1456
1057 2000
1057 2005
1057 2416
1058 1371
1058 1585
1058 1606
1058 2561
1058 2867
1058 3209
1058 3275
1059 2729
1059 3012
1059 3631
1060 2566
1060 2938
1061 1647
1061 1959
1062 1256
1063 1726
1063 3434
1063 3696
1064 1453
1064 1543
1064 2055
1064 2137
1064 2435
1064 3349
1065 1630
1065 3232
1066 1228
1066 1273
1066 2308
1067 3494
1068 1451
1068 2355
1068 3553
1068 3661
1069 1135
1069 1975
1069 2642
1069 2711
1069 3352
1069 3461
1069 3550
1070 1388
1070 3442
1070 3680
1071 1215
1071 1538
1072 1131
1072 1804
1072 1890
1072 2007
1072 2830
1072 3453
1072 3456
1073 1249
1073 1339
1073 1742
1073 2263
1073 2404
1073 2772
1073 2826
1074 2329
1074 2903
1074 3322
1075 2615
1075 3544
1076 2615
1076 2945
1077 2016
1077 3335
1078 1368
1078 2436
1078 2854
1079 1157
1079 3486
1080 1445
1080 3069
1080 3536
1081 1736
1081 2387
1081 2470
1082 2987
1082 3191
1082 3375
1083 2664
1083 2765
1084 1129
1084 1610
1084 2470
1085 2157
1085 3253
1086 1192
1086 1721
1086 2137
1086 2555
1086 2767
1086 3301
1086 3500
1087 1361
1087 2589
1088 1382
1088 1714
1088 2532
1088 2629
1088 2793
1088 3051
1088 3436
1089 2272
1089 3044
1090 1632
1090 3638
1091 3435
1092 1548
1092 2884
1093 1358
1093 1503
1093 2523
1094 1384
1094 1664
1094 2140
1095 1867
1095 3063
1096 2272
1096 3292
1096 3568
1097 1690
1097 1906
1097 2816
1097 3092
1097 3199
1098 2123
1098 2811
1098 3503
1099 1207
1099 2143
1099 2720
1100 1384
1100 1465
1100 3412
1101 1610
1101 2020
1101 3593
1102 1335
1102 3086
1103 1948
1103 2140
1104 2159
1104 2571
1104 2850
1104 3184
1105 2272
1106 1666
1106 1841
1106 1903
1106 2052
1106 2795
1107 1317
1107 3448
1107 3693
1108 3111
1109 2265
1109 2284
1109 2702
1110 2563
1110 3157
1111 2031
1111 2632
1111 3054
1112 1397
1112 1644
1112 2206
1112 2352
1112 3324
1112 3394
1112 3413
1113 1561
1114 1329
1114 2543
1114 2545
1115 2628
1115 2892
1116 1212
1116 1312
1116 2268
1116 2705
1116 3188
1116 3484
1116 3727
1117 1250
1117 1256
1117 2582
1118 1589
1118 1657
1118 1975
1118 2386
1118 2549
1118 2766
1118 2819
1119 2564
1119 2827
1120 2899
1120 3116
1121 1264
1121 1443
1121 3503
1122 1656
1122 3584
1123 3716
1124 3483
1125 1330
1125 2005
1125 2078
1125 3277
1126 1834
1126 2020
1126 2713
1127 1406
1127 3083
1127 3459
1128 1440
1128 2138
1128 2515
1128 2666
1128 3724
1129 1512
1129 2841
1129 3122
1129 3138
1130 1243
1130 2519
1130 2918
1131 2717
1131 2949
1132 1498
1132 1619
1132 2766
1132 2826
1132 3213
1132 3550
1132 3572
1133 1940
1133 2364
1133 2586
1133 2656
1133 3629
1134 1546
1134 1893
1134 2146
1134 2184
1134 2370
1134 2440
1135 1872
1136 1689
1136 2284
1137 1580
1137 1607
1137 1727
1137 2876
1137 3268
1137 3439
1138 3150
1138 3437
1138 3641
1139 1465
1140 2192
1140 2604
1140 2927
1141 1244
1141 3140
1141 3363
1142 2328
1142 2944
1143 1736
1143 2520
1143 3590
1144 1892
1144 2020
1144 3476
1145 1567
1145 2466
1145 3373
1146 1186
1146 1759
1147 1276
1148 1302
1148 2807
1148 2904
1148 3687
1148 3697
1149 2987
1149 3503
1150 1587
1150 1943
1150 2535
1150 2758
1150 2783
1150 3352
1151 1482
1151 3650
1152 2510
1152 2628
1152 2643
1153 1525
1153 1668
1153 1684
1153 2072
1153 2522
1153 3302
1153 3720
1154 1545
1154 1713
1154 1898
1155 3308
1155 3404
1156 3154
1156 3528
1156 3536
1157 1682
1157 2038
1157 2131
1157 2706
1157 3357
1158 2132
1158 3536
1158 3680
1159 3208
1159 3457
1159 3701
1159 3737
1160 1701
1160 2126
1160 2337
1161 1950
1161 2104
1161 2433
1161 2469
1161 3464
1161 3643
1161 3711
1162 2177
1162 3108
1162 3272
1162 3583
1162 3623
1162 3741
1163 2558
1163 3342
1163 3534
1164 2788
1164 3237
1165 1197
1165 1544
1165 2063
1165 2531
1165 3007
1165 3264
1166 1774
1166 2917
1167 1263
1167 1532
1167 1636
1167 1931
1167 3640
1167 3736
1168 1597
1168 1842
1169 1929
1169 2418
1170 2408
1170 3185
1170 3587
1171 2015
1171 2022
1172 1225
1172 1831
1172 2674
1172 3349
1173 2947
1173 3592
1174 2346
1174 2625
1174 2857
1174 3011
1174 3152
1174 3552
1175 2141
1175 2445
1175 2690
1175 3332
1175 3502
1176 1364
1176 2029
1176 2112
1176 2122
1176 3724
1177 3326
1178 3373
1178 3374
1179 2207
1179 2228
1179 2749
1179 2914
1179 3302
1179 3316
1179 3724
1180 1630
1180 2624
1180 3580
1181 2720
1181 3067
1183 3779
1184 1548
1184 2519
1184 3228
1185 1347
1185 3519
1186 1416
1186 1626
1186 3099
1186 3146
1186 3420
1186 3771
1187 2617
1188 1882
1188 2969
1189 2704
1189 3466
1190 2941
1190 2949
1191 1752
1191 2196
1191 3284
1192 1716
1192 2950
1193 1993
1193 2235
1194 2178
1194 2486
1195 1259
1197 1647
1198 2114
1198 2408
1199 1362
1199 1444
1199 3276
1200 2721
1200 3020
1201 1406
1201 2397
1202 1777
1202 2642
1202 2972
1202 3225
1202 3301
1202 3351
1203 1778
1203 2728
1203 3151
1203 3153
1203 3382
1203 3620
1204 1677
1204 2292
1204 3782
1205 2016
1205 3455
1206 1479
1206 1914
1206 2004
1206 2610
1206 3315
1206 3454
1207 1298
1207 2348
1207 2921
1207 3272
1207 3632
1207 3702
1208 1527
1208 3164
1209 1214
1209 1260
1209 2448
1209 2606
1210 2408
1210 2520
1210 3683
1211 3486
1211 3600
1211 3721
1212 1594
1213 1410
1213 1809
1214 3592
1215 1218
1215 1788
1215 3315
1215 3701
1216 1507
1216 2061
1216 2573
1217 1429
1217 3597
1218 1965
1220 1460
1220 3029
1221 2165
1221 2308
1221 2836
1222 3166
1223 2329
1223 2510
1223 3143
1224 1335
1224 1445
1224 3195
1226 1389
1226 1865
1226 2264
1226 2572
1226 2579
1226 2882
1227 1285
1227 1332
1227 1593
1227 2005
1227 2744
1227 2882
1228 2102
1228 3457
1229 1377
1229 1541
1229 1662
1229 2452
1229 2462
1229 2567
1229 2954
1230 2068
1230 3018
1231 1489
1231 1534
1231 2093
1231 2770
1231 2863
1231 2897
1231 3184
1232 1648
1232 2160
1232 2596
1232 3223
1232 3341
1233 2618
1233 3446
1234 2568
1234 2575
1235 1366
1235 1388
1235 2345
1236 1462
1236 1591
1236 2509
1236 2875
1236 3312
1236 3520
1236 3543
1237 1268
1237 2275
1237 3128
1238 2086
1238 2488
1239 3729
1240 1934
1240 2587
1240 3041
1241 3534
1242 1373
1242 2191
1243 1552
1243 1889
1243 1986
1243 2449
1243 2653
1243 2669
1244 1591
1244 1690
1244 1745
1244 2358
1244 2683
1244 2939
1245 1663
1245 1669
1245 1917
1245 2024
1245 3428
1246 2312
1246 3634
1247 1360
1247 2375
1247 2397
1248 1273
1248 2250
1248 2566
1249 1427
1250 1324
1250 1407
1250 1756
1250 1973
1250 2809
1250 3078
1250 3735
1251 2016
1251 3143
1252 1288
1252 1747
1252 2579
1252 3119
1252 3159
1252 3718
1252 3766
1253 1503
1253 2209
1254 1259
1254 2846
1254 2946
1255 1323
1255 2512
1255 2705
1255 3309
1256 1750
1256 2571
1256 2629
1256 3343
1257 1474
1257 2161
1257 3650
1258 1933
1258 3364
1259 1763
1259 2894
1259 3632
1260 1493
1261 2239
1261 2590
1261 3373
1262 1361
1262 1965
1262 2573
1263 1659
1263 2015
1264 1265
1264 1913
1264 2482
1264 2698
1264 2859
1264 3691
1265 2068
1265 2083
1266 2086
1266 2679
1266 2907
1267 1385
1267 1730
1267 1757
1267 2594
1267 3417
1267 3708
1268 1698
1268 2130
1268 2335
1268 2686
1268 3008
1269 1278
1269 2332
1270 2382
1270 3521
1271 2504
1271 3733
1272 3587
1273 2315
1273 2822
1273 2959
1273 3644
1274 2923
1274 3478
1274 3532
1275 1318
1275 1529
1275 2260
1275 2718
1275 3040
1275 3432
1276 1401
1276 1428
1276 2171
1276 2570
1276 3490
1277 1351
1277 2328
1277 2884
1278 1393
1278 1589
1278 2230
1278 2544
1278 2737
1278 3306
1279 1522
1279 2197
1279 2294
1279 3557
1280 3114
1281 1983
1281 2720
1281 3242
1282 2259
1282 2794
1282 3588
1283 3292
1284 3020
1284 3409
1285 2387
1286 1471
1286 1680
1286 2288
1286 2824
1286 2940
1286 3391
1286 3420
1287 1292
1287 1622
1287 1945
1287 2154
1287 2367
1287 2546
1287 3182
1287 3249
1288 2350
1289 1559
1289 2088
1290 1473
1290 1726
1290 3494
1291 2689
1291 3733
1292 1409
1292 2810
1293 2531
1293 2716
1293 3390
1293 3776
1294 2123
1294 2587
1294 3211
1295 1470
1295 1664
1296 1959
1296 2196
1296 3459
1297 1870
1297 3020
1298 1716
1298 3292
1299 1309
1299 1314
1299 1495
1299 1650
1299 1917
1299 2705
1300 1936
1300 2608
1301 2918
1301 2996
1301 3126
1302 3499
1303 3114
1303 3459
1304 2144
1304 2878
1305 2121
1306 1366
1306 1457
1307 2393
1308 1503
1309 3716
1310 2382
1310 2948
1311 2575
1311 3603
1311 3631
1312 2823
1313 3591
1314 3185
1315 1590
1315 3446
1315 3515
1316 1746
1316 2247
1316 3069
1317 1353
1317 2057
1317 2623
1317 3182
1317 3293
1318 1446
1318 2220
1319 2486
1319 3437
1320 1996
1320 2669
1320 2998
1320 3027
1320 3636
1321 1575
1321 1655
1321 2015
1322 1399
1322 1567
1323 1469
1323 2333
1324 2765
1324 3044
1325 2127
1325 3363
1327 2080
1327 3299
1328 1482
1328 2935
1328 3235
1329 1454
1329 1536
1329 1645
1329 2260
1329 2464
1331 2609
1331 2955
1333 1423
1333 3622
1334 1506
1334 3090
1335 2444
1335 2526
1335 3047
1335 3288
1336 1910
1336 2003
1337 2132
1337 2157
1338 1630
1338 3299
1338 3370
1340 1892
1340 2080
1341 1670
1341 2257
1341 2426
1341 3215
1342 2387
1343 2239
1343 3626
1344 1537
1344 2048
1345 1388
1345 2948
1346 2193
1347 1915
1347 2171
1347 3773
1347 3776
1348 2636
1348 2849
1349 2823
1349 2899
1350 1538
1350 2117
1350 2195
1351 2468
1351 2775
1351 3443
1351 3557
1352 2935
1352 3515
1353 1379
1353 1949
1354 3253
1354 3597
1355 2278
1356 2350
1356 3308
1357 1813
1357 3631
1358 3433
1358 3698
1358 3730
1359 1398
1359 1524
1359 2436
1360 2403
1360 2690
1360 3263
1360 3388
1360 3781
1361 1921
1361 2625
1361 2691
1361 3366
1362 1838
1362 2053
1362 2285
1362 2366
1362 2867
1362 3688
1363 1436
1363 2802
1363 3297
1363 3305
1364 1965
1365 3603
1365 3696
1366 1502
1366 2474
1366 2527
1366 3269
1366 3497
1367 3380
1367 3738
1368 1395
1368 1626
1368 2405
1368 2786
1368 3555
1368 3748
1369 1763
1369 2487
1369 2500
1369 2548
1369 2900
1369 3771
1370 1398
1370 1775
1371 1563
1372 2883
1372 3615
1373 1801
1373 1891
1373 2583
1373 3396
1374 1910
1374 2375
1374 2917
1375 2664
1375 2873
1376 2100
1377 2030
1378 1713
1378 1761
1378 2059
1379 2801
1379 2851
1379 3410
1380 1601
1380 2026
1380 2464
1380 2654
1380 3679
1381 2100
1382 1976
1383 3729
1383 3779
1384 1611
1384 2201
1384 2245
1384 2569
1384 3732
1385 2873
1385 2950
1386 2298
1386 3069
1387 1470
1387 1537
1388 1714
1388 3216
1388 3537
1388 3612
1390 3035
1390 3292
1391 2631
1391 2979
1391 3622
1392 1791
1392 3308
1393 2418
1393 2996
1395 2791
1395 3043
1396 1715
1396 2115
1396 2398
1396 2736
1396 3210
1396 3717
1397 1618
1398 1418
1398 1829
1398 2981
1398 3347
1399 1694
1399 1972
1399 2413
1399 3608
1400 3079
1400 3374
1402 1507
1402 1614
1402 3631
1403 1856
1403 2210
1403 3638
1404 2298
1405 2253
1405 3477
1406 1705
1406 1718
1406 2712
1406 3244
1406 3339
1408 2510
1408 3028
1409 1626
1409 1837
1409 1890
1409 2251
1409 2413
1409 3540
1410 1914
1410 1971
1410 3444
1410 3750
1411 1882
1411 2792
1411 3326
1412 1983
1413 1642
1413 2609
1414 2374
1414 2385
1414 2694
1414 2747
1414 2782
1414 2814
1415 1987
1415 2075
1415 2141
1415 2416
1415 2777
1416 2946
1416 3517
1417 1515
1417 2080
1418 2250
1419 1739
1419 2950
1420 2636
1420 2907
1420 3625
1421 2145
1421 3401
1422 1468
1422 2563
1423 1609
1423 2603
1423 2757
1423 2761
1423 2856
1423 3231
1423 3293
1424 2591
1424 2667
1424 3435
1425 1872
1425 2768
1425 3006
1426 1685
1426 1881
1426 1986
1426 2956
1426 3361
1426 3469
1426 3533
1427 1793
1427 2314
1427 2411
1427 2924
1427 2967
1427 3091
1427 3223
1428 2637
1429 1673
1429 1952
1429 2229
1429 2359
1429 2993
1429 3766
1431 1880
1431 3405
1432 1692
1432 1826
1432 2427
1432 3432
1432 3513
1434 2163
1434 2276
1434 2569
1434 2710
1434 2848
1434 3120
1434 3218
1434 3298
1435 3587
1435 3655
1436 3534
1437 1438
1437 2534
1437 2965
1438 1597
1439 1872
1440 1859
1440 3783
1441 1752
1441 2021
1441 2849
1442 1533
1442 3086
1442 3536
1443 1662
1443 2002
1443 2255
1443 2957
1443 3416
1444 1989
1444 2198
1444 2215
1444 2891
1444 2977
1444 3265
1445 1741
1445 1953
1445 2346
1446 2471
1446 2672
1446 2813
1446 3430
1446 3727
1447 2126
1447 3586
1448 1514
1448 2365
1448 2699
1448 2800
1448 3080
1448 3328
1448 3618
1449 1469
1449 2590
1449 3157
1450 2191
1450 2895
1451 1948
1451 2164
1452 1659
1452 2519
1453 1561
1453 1701
1454 2272
1454 2689
1455 1895
1455 1918
1456 1929
1456 2331
1457 1624
1457 2073
1457 3075
1457 3318
1458 2785
1458 2872
1458 3614
1459 3273
1460 1964
1460 1967
1460 2236
1460 3060
1460 3572
1461 1573
1461 1733
1461 3299
1462 2838
1463 1948
1463 2174
1463 3154
1464 1556
1464 1843
1464 2104
1464 2364
1464 2876
1465 2286
1465 3386
1465 3553
1466 1917
1466 1980
1466 2675
1466 2815
1466 2828
1466 3023
1466 3687
1467 3243
1467 3655
1468 2339
1468 2425
1468 3213
1468 3340
1469 1623
1469 1805
1469 3331
1469 3611
1469 3666
1470 2256
1470 2775
1470 3224
1470 3281
1471 1924
1471 2360
1472 1746
1472 3514
1473 2046
1473 2855
1473 3127
1473 3372
1474 2043
1474 2724
1474 3151
1474 3220
1474 3617
1475 1934
1475 2121
1476 1590
1476 1776
1477 2080
1477 2792
1478 3462
1479 2195
1480 1877
1480 3079
1480 3592
1481 1997
1482 1580
1482 2714
1482 3180
1482 3246
1482 3344
1482 3464
1483 2589
1483 3529
1484 2249
1484 2865
1485 2291
1485 3232
1486 3046
1487 1503
1487 1575
1488 2007
1488 2454
1488 2801
1488 3105
1488 3359
1489 2300
1490 1707
1490 2021
1490 3242
1491 3135
1491 3696
1492 1760
1492 1806
1493 2177
1493 2772
1493 2957
1493 3091
1493 3447
1493 3493
1494 3191
1494 3503
1495 3532
1496 1905
1496 2320
1496 2444
1496 3026
1496 3395
1496 3417
1496 3578
1497 1695
1497 1819
1497 2195
1498 2973
1498 3364
1499 1848
1499 2987
1500 1813
1500 3314
1501 1642
1501 1773
1501 3486
1503 2626
1503 3245
1504 2086
1504 3107
1504 3603
1505 1910
1505 2272
1505 2646
1506 1637
1506 2027
1506 2625
1506 2845
1506 3685
1507 1857
1507 2223
1507 2529
1508 1590
1508 2973
1508 3667
1509 3020
1509 3303
1510 1667
1510 2232
1510 2551
1510 3389
1512 2543
1512 3280
1513 1958
1513 2334
1513 2417
1513 2922
1513 3619
1513 3755
1514 1960
1515 1529
1515 2268
1515 2299
1515 2367
1515 3009
1515 3214
1515 3608
1516 3133
1516 3164
1517 1713
1517 2191
1518 1864
1519 2176
1519 3083
1520 2633
1520 2961
1520 3066
1520 3319
1520 3630
1521 2573
1521 3048
1522 1573
1522 2846
1523 1833
1523 2126
1523 3242
1524 1555
1524 1817
1524 2110
1524 2547
1524 3032
1525 2360
1526 2811
1526 3412
1527 1675
1527 2027
1527 2419
1528 2265
1528 2378
1528 2415
1529 1983
1530 2239
1530 2947
1530 3670
1531 2195
1532 2928
1532 3783
1533 1850
1533 2688
1533 3004
1533 3283
1534 2732
1535 2836
1535 3528
1536 1842
1536 3692
1537 1592
1537 2480
1537 3316
1537 3337
1538 1605
1538 1968
1538 2040
1538 3664
1538 3765
1539 1960
1540 2080
1540 3690
1541 3046
1542 3363
1542 3448
1542 3738
1545 1546
1545 2066
1545 2092
1545 2985
1545 3050
1546 3121
1547 2575
1547 2920
1548 1935
1548 3088
1548 3208
1548 3642
1549 2217
1549 3041
1550 2788
1551 1924
1551 3147
1552 1722
1553 2372
1553 3330
1553 3681
1554 2117
1554 3149
1554 3243
1555 3477
1556 2243
1556 2938
1557 2729
1558 2955
1558 3486
1558 3671
1559 2802
1559 2910
1559 2962
1559 3254
1559 3763
1560 2189
1560 2507
1560 2514
1560 3156
1561 2116
1561 2200
1561 3171
1561 3734
1562 1877
1562 3474
1562 3549
1563 1623
1563 1688
1563 1812
1563 2306
1563 2663
1564 2369
1564 2371
1564 3782
1565 2351
1565 3370
1566 2127
1566 2928
1566 3381
1567 1853
1567 1945
1567 1950
1567 3609
1567 3666
1568 2369
1568 3434
1568 3521
1569 2203
1569 2631
1570 2023
1571 3095
1571 3565
1572 2917
1572 3425
1573 1744
1573 2406
1573 3262
1573 3420
1574 3299
1575 1699
1575 2533
1575 3353
1575 3417
1576 1659
1576 2127
1577 2601
1577 3149
1578 1934
1578 2564
1578 2591
1579 2785
1581 1960
1581 2249
1582 2927
1582 3235
1583 1964
1583 2202
1583 2424
1583 2533
1583 3754
1584 1773
1584 2412
1585 2838
1586 2235
1587 2049
1588 1615
1589 1836
1590 2043
1590 2241
1590 2248
1592 3181
1592 3448
1593 2595
1594 1669
1594 1958
1594 1991
1594 2103
1594 2512
1595 1990
1595 2935
1595 3128
1596 2174
1596 3115
1597 2040
1597 2204
1597 2266
1598 1926
1598 2945
1598 3402
1599 1825
1599 2862
1599 3614
1600 2536
1600 3625
1601 3476
1602 2086
1602 2839
1603 2505
1603 2903
1604 1683
1604 2275
1604 2979
1606 1877
1607 1885
1607 3650
1608 1722
1609 2558
1609 2589
1610 2153
1610 2808
1610 3082
1610 3210
1611 1819
1611 2121
1612 1684
1612 1985
1612 2274
1612 3511
1613 1810
1613 2128
1613 2638
1613 3498
1613 3656
1614 1680
1614 3304
1615 2398
1615 2654
1615 2982
1615 3225
1615 3240
1616 2095
1616 2132
1616 2913
1617 2538
1617 3375
1618 1697
1618 2241
1618 2417
1618 2725
1619 1880
1619 2488
1620 3675
1622 1926
1624 3107
1625 1760
1625 1761
1627 1647
1627 2637
1627 3125
1628 2209
1628 3063
1628 3586
1629 2037
1629 2111
1629 3547
1629 3642
1630 3268
1630 3541
1631 1926
1631 2308
1631 2671
1632 1816
1632 2131
1632 2910
1632 3491
1633 1783
1633 2015
1633 3593
1634 2595
1634 3560
1635 1860
1635 2271
1635 2799
1636 3363
1636 3549
1637 3624
1638 2213
1639 1794
1639 3111
1640 2415
1640 3597
1641 1806
1641 2486
1641 3228
1642 2214
1642 2539
1642 2722
1642 2808
1642 3283
1642 3665
1643 1999
1643 2306
1643 2800
1643 3019
1643 3215
1644 3667
1645 2917
1646 3401
1647 1915
1647 2180
1647 2598
1649 1726
1649 1856
1649 2523
1650 2787
1650 2836
1651 2732
1651 3314
1652 1677
1652 3434
1653 2329
1653 3181
1654 2017
1654 3128
1654 3534
1655 1678
1655 1909
1655 2206
1655 2937
1655 3173
1655 3470
1656 1900
1656 1914
1656 2108
1656 2967
1656 3765
1657 2123
1658 2271
1658 3782
1659 1982
1659 2449
1659 3141
1659 3414
1660 2015
1660 2127
1660 2918
1661 2602
1661 3035
1663 2408
1664 2391
1664 3057
1664 3407
1664 3694
1665 2337
1665 3733
1667 2231
1667 2617
1670 3164
1671 3475
1671 3494
1672 2195
1672 3273
1673 3404
1674 3170
1675 3726
1676 2250
1676 3477
1677 2322
1677 2937
1677 3653
1678 2523
1679 1990
1679 2308
1681 2144
1681 3356
1682 3431
1683 1780
1683 2366
1683 3628
1683 3761
1684 2903
1686 2632
1687 1912
1687 2768
1688 2945
1689 1753
1689 1840
1689 2242
1690 2319
1691 1695
1691 2520
1692 2846
1692 3038
1693 2378
1693 3362
1694 2810
1694 3527
1695 1881
1695 1927
1695 2483
1695 3027
1696 3048
1696 3342
1696 3581
1697 2566
1697 3054
1698 2470
1698 3197
1699 1739
1699 2132
1700 2126
1700 3483
1701 2471
1701 2507
1701 2574
1701 2959
1701 3574
1702 3284
1702 3588
1703 1848
1703 3539
1704 2238
1704 3404
1705 2193
1705 3577
1706 3477
1706 3693
1707 1792
1707 2187
1707 3092
1707 3344
1707 3506
1708 2679
1709 1736
1710 2068
1710 3056
1710 3721
1711 2231
1711 3054
1711 3683
1712 3147
1712 3486
1712 3731
1713 2128
1713 2620
1713 2750
1713 2991
1714 2371
1715 1836
1716 1940
1716 2347
1716 2562
1716 2585
1716 2676
1716 3225
1717 2143
1718 2913
1718 3641
1719 2083
1719 3592
1720 2127
1720 2554
1721 2070
1721 3035
1722 1920
1722 2027
1722 2426
1722 2780
1723 2525
1723 2872
1724 3527
1725 3276
1725 3401
1726 1841
1726 2530
1726 2533
1726 2919
1727 2823
1728 3570
1729 2537
1729 3012
1731 2886
1731 3435
1731 3779
1732 2072
1732 2125
1732 2142
1732 2951
1733 2142
1733 3278
1733 3601
1733 3714
1734 2003
1734 3326
1734 3507
1735 2543
1736 1801
1736 1807
1736 1838
1736 2013
1737 2099
1737 2881
1737 3256
1737 3545
1738 2169
1738 2421
1738 2641
1738 2707
1738 3101
1738 3269
1739 1769
1739 1905
1739 1954
1739 1955
1739 2790
1740 1976
1740 3028
1740 3348
1741 2573
1742 2032
1743 3548
1746 1793
1746 2033
1746 3750
1747 2231
1747 2713
1748 3725
1749 2371
1750 2670
1750 3107
1751 2203
1751 3442
1752 1951
1752 2093
1752 2809
1752 2816
1752 3343
1753 2032
1753 2217
1754 3166
1754 3696
1755 3405
1756 2049
1757 3001
1758 2682
1758 3117
1759 1788
1759 2204
1759 2464
1759 2741
1759 2906
1759 2932
1760 2077
1760 2189
1760 2521
1760 2599
1761 2139
1761 2199
1761 2447
1761 3520
1762 2762
1762 3406
1763 3568
1764 2152
1764 3783
1765 1860
1765 1993
1765 2397
1766 3364
1766 3487
1767 2250
1767 2903
1768 2396
1768 2631
1769 2600
1769 3001
1770 2318
1770 2872
1770 3070
1771 2013
1771 2257
1771 2550
1771 3144
1771 3231
1771 3320
1772 2791
1772 2886
1773 2341
1773 2830
1773 3391
1773 3742
1774 2006
1774 2403
1774 3137
1775 1832
1775 2934
1775 2994
1775 3131
1776 2829
1776 2866
1776 3246
1776 3260
1776 3265
1777 1827
1777 3133
1778 3280
1779 2217
1779 3377
1779 3487
1780 3170
1781 2057
1781 2411
1781 2455
1781 3236
1781 3365
1781 3438
1782 2221
1782 3522
1782 3660
1782 3676
1782 3746
1783 2513
1783 2612
1783 2779
1783 2954
1784 1965
1784 2278
1784 3580
1785 3559
1786 2734
1786 3142
1786 3429
1786 3709
1786 3774
1787 1895
1787 2929
1789 2017
1789 2836
1790 2176
1790 3381
1791 2650
1791 2734
1792 2378
1793 2600
1794 2211
1794 2579
1794 2627
1794 2752
1794 3471
1794 3472
1796 3479
1797 1840
1797 2119
1797 2377
1797 2696
1797 2764
1797 3535
1798 3044
1798 3423
1799 2787
1800 2907
1800 3083
1801 3049
1802 2949
1802 3095
1803 2351
1803 3232
1803 3299
1804 3731
1805 2682
1806 2381
1806 2552
1806 2909
1806 3501
1808 1980
1808 2039
1808 2414
1808 3074
1809 2077
1809 3081
1809 3547
1811 1873
1811 2136
1811 2984
1811 3109
1811 3305
1811 3311
1812 1895
1812 3079
1813 2226
1813 2274
1813 3194
1813 3504
1814 1870
1814 2862
1815 1993
1815 2222
1815 2524
1816 2088
1816 3013
1817 3233
1817 3721
1818 3111
1819 2067
1819 2171
1819 3113
1819 3218
1819 3703
1820 3229
1820 3624
1820 3726
1821 3164
1821 3693
1822 2179
1822 2895
1822 3725
1823 2158
1823 2216
1823 2406
1823 3271
1823 3334
1824 3381
1824 3459
1825 2321
1825 2654
1825 2709
1825 3100
1825 3361
1826 1867
1826 3692
1827 2113
1827 2767
1827 3365
1828 2141
1828 2816
1828 2953
1828 2961
1828 2970
1828 3524
1829 3693
1830 2026
1830 2998
1830 3138
1830 3190
1830 3204
1830 3449
1830 3533
1830 3583
1831 2016
1831 3322
1832 2179
1833 2101
1833 2116
1833 2620
1833 2633
1833 2936
1833 3620
1834 2501
1834 2684
1834 2736
1834 3062
1835 2021
1836 1889
1836 1920
1836 1927
1836 2513
1836 3426
1837 2237
1837 2886
1838 3549
1839 1875
1839 2120
1839 2122
1839 2305
1839 2657
1839 2698
1839 3282
1840 2196
1842 1928
1842 2494
1842 3146
1842 3169
1842 3679
1843 2161
1843 2872
1844 2723
1844 3330
1845 3292
1845 3633
1846 3280
1847 3375
1848 2676
1848 2688
1848 3360
1848 3702
1849 2048
1849 3012
1850 3514
1850 3721
1851 2174
1851 3631
1852 1929
1852 2877
1853 2127
1853 3783
1854 3680
1854 3731
1855 3731
1856 2212
1856 3290
1857 2140
1857 3211
1858 1918
1858 2298
1859 1925
1859 2079
1859 2576
1859 2661
1859 3506
1859 3629
1859 3710
1860 1947
1860 2747
1860 2758
1860 3354
1861 3195
1861 3536
1862 3136
1862 3633
1863 2209
1863 2600
1864 2058
1864 2885
1864 3399
1864 3480
1865 3370
1865 3690
1866 2213
1866 2259
1866 3551
1867 2302
1867 3358
1868 3486
1869 2068
1870 1973
1870 2769
1870 3523
1871 1976
1871 2799
1872 2972
1872 3324
1873 3435
1874 2704
1874 3412
1874 3515
1875 3056
1876 2545
1876 2846
1876 3292
1877 2499
1877 3026
1877 3037
1878 3043
1878 3605
1879 2577
1879 2788
1880 2108
1880 2339
1880 2988
1880 3203
1880 3398
1881 3115
1882 2177
1882 3317
1883 2088
1883 2604
1883 3125
1884 3374
1885 2187
1885 2469
1885 3684
1886 3364
1887 2265
1887 2372
1887 3253
1888 1963
1888 3113
1888 3773
1890 3671
1891 2678
1891 3667
1892 2398
1892 2535
1892 3419
1892 3555
1893 3548
1893 3634
1894 2284
1894 2476
1895 1943
1895 2700
1895 3275
1895 3337
1896 2295
1896 2672
1896 3620
1897 2231
1897 3476
1898 2389
1898 2522
1898 2578
1898 3222
1898 3772
1899 2332
1899 3314
1899 3603
1900 3135
1901 2602
1901 3102
1902 1949
1902 2615
1903 2042
1903 3494
1905 2523
1906 2862
1906 3738
1907 2631
1907 2720
1908 2170
1908 2671
1909 3638
1910 2006
1910 2694
1910 2840
1910 3505
1911 1926
1911 2524
1911 3029
1912 2099
1912 2978
1912 3627
1913 2350
1913 2679
1915 2927
1916 2794
1916 2899
1918 1930
1918 1937
1918 2665
1919 2719
1920 2375
1921 3038
1922 2072
1922 2450
1922 2517
1922 2659
1922 2750
1922 3050
1922 3389
1923 2020
1923 2022
1923 2504
1924 1941
1924 3055
1924 3444
1925 2497
1926 2236
1926 2290
1926 2556
1927 2020
1928 2558
1929 2463
1929 2472
1929 2781
1929 3221
1931 3322
1932 3197
1933 2751
1933 2772
1933 3200
1933 3438
1934 3218
1935 2061
1936 2033
1936 2317
1936 2384
1937 2670
1937 3063
1938 2143
1938 2488
1938 2563
1939 2811
1941 2903
1942 2929
1942 2983
1942 3570
1943 3515
1944 2664
1944 3548
1945 3029
1946 2609
1946 3276
1946 3462
1947 3289
1948 2223
1948 2544
1948 2659
1948 3110
1948 3222
1949 2162
1949 2776
1949 3186
1951 2179
1951 3590
1952 2837
1953 3597
1954 2884
1956 3117
1956 3650
1957 3233
1957 3280
1959 2129
1959 2763
1959 3390
1960 2110
1960 2924
1960 2994
1960 3438
1960 3561
1961 2032
1961 3049
1961 3683
1962 2358
1962 2368
1962 2467
1962 2876
1962 3005
1962 3312
1963 2100
1964 2271
1965 2706
1965 3161
1966 2192
1966 2319
1967 1993
1967 2605
1968 2412
1969 2545
1969 2646
1970 2823
1970 3157
1970 3373
1971 2601
1973 3163
1974 3276
1974 3435
1976 2764
1976 3569
1977 2844
1978 2121
1978 2380
1979 2602
1979 3333
1981 3054
1982 2996
1983 2105
1983 2352
1984 2144
1984 2378
1984 3330
1985 2360
1985 2505
1986 3102
1987 2983
1987 3289
1988 2679
1988 3229
1990 2290
1990 2313
1990 3259
1990 3473
1991 2787
1991 3716
1992 2292
1992 3655
1993 2066
1993 2338
1993 3449
1994 2844
1994 3013
1994 3725
1995 3587
1996 2292
1997 2060
1997 2583
1997 2833
1997 3207
1997 3630
1997 3669
1998 2689
1999 3374
2000 2213
2001 2178
2001 2913
2001 3097
2003 2041
2003 3411
2006 2732
2007 3625
2009 2713
2010 2727
2010 2901
2010 3293
2010 3471
2010 3666
2012 2157
2014 2324
2014 2397
2015 2064
2015 2422
2016 3175
2016 3194
2016 3511
2017 2673
2017 2821
2017 3198
2018 3056
2019 3018
2019 3634
2020 2803
2020 3604
2021 2916
2021 2939
2021 2953
2022 2421
2022 2668
2022 2779
2022 3210
2022 3318
2023 2306
2023 2516
2023 3187
2023 3558
2023 3668
2024 2838
2024 3150
2025 2408
2025 2617
2026 3133
2028 2823
2028 3166
2028 3532
2029 2973
2029 3634
2030 2790
2030 3535
2031 2310
2031 2898
2031 3749
2032 2254
2032 2527
2032 3320
2032 3596
2034 2179
2034 2639
2035 2591
2035 3600
2036 2089
2036 2948
2040 2304
2041 2117
2042 2407
2042 2708
2042 2855
2042 3257
2042 3754
2043 3235
2044 2272
2044 2543
2044 3086
2045 2944
2045 3020
2045 3548
2046 2646
2047 2331
2047 3560
2048 2109
2048 2112
2048 2226
2048 3720
2049 2503
2049 2767
2050 2632
2050 3719
2051 2174
2051 3499
2052 2371
2052 3622
2053 3401
2054 2059
2054 3166
2055 2126
2055 3227
2056 2195
2056 3517
2056 3544
2057 3140
2058 2836
2059 2638
2059 3576
2059 3606
2060 3707
2061 2205
2061 2565
2061 2635
2063 3126
2064 3289
2064 3782
2065 2070
2065 3044
2066 2369
2068 2281
2068 3321
2068 3385
2069 3591
2069 3726
2070 2323
2070 2347
2070 3502
2071 2123
2071 2996
2073 2615
2073 3593
2074 3478
2074 3519
2075 2849
2076 2329
2078 2304
2079 2378
2080 3770
2081 2884
2081 3020
2082 2723
2082 3195
2083 2493
2083 2515
2084 2396
2085 2670
2086 2244
2086 2425
2087 2704
2088 2224
2088 3463
2088 3648
2088 3752
2089 2131
2089 2460
2089 2592
2089 2722
2089 2898
2089 3296
2089 3742
2090 2717
2091 2418
2092 2312
2092 2350
2094 3560
2095 2434
2095 3205
2095 3209
2095 3395
2095 3711
2097 2475
2098 2362
2098 3303
2100 2255
2100 3538
2100 3668
2101 2643
2102 3314
2103 3054
2103 3706
2104 3626
2105 3406
2106 3603
2107 2210
2108 3696
2109 2210
2109 2505
2112 2152
2113 2643
2113 3693
2114 2539
2114 2647
2114 3112
2114 3427
2115 2713
2117 2327
2117 2960
2117 3454
2118 2538
2119 2702
2121 2731
2121 3052
2123 3110
2123 3426
2123 3768
2124 2525
2124 2923
2124 3380
2126 3165
2126 3705
2127 2746
2128 2393
2130 3237
2132 3037
2132 3047
2132 3072
2132 3708
2133 2582
2133 2664
2134 2396
2134 2933
2134 3242
2135 2272
2135 3507
2136 3056
2138 2436
2138 3056
2139 3650
2140 2737
2140 2958
2140 3414
2140 3768
2142 2721
2143 2425
2143 2680
2144 2451
2144 3691
2145 2286
2145 2392
2146 3441
2147 2538
2147 2946
2148 3494
2148 3559
2149 3729
2150 2510
2150 2536
2150 3455
2151 2329
2151 2476
2151 3348
2152 2207
2152 2493
2152 2820
2152 3003
2152 3291
2152 3710
2153 3133
2155 3140
2155 3693
2156 2351
2157 2269
2157 3433
2157 3713
2158 2590
2158 3232
2160 3303
2160 3650
2161 3021
2161 3201
2161 3508
2161 3582
2161 3637
2162 3625
2163 3115
2164 2526
2164 3141
2164 3286
2164 3728
2165 2188
2165 2584
2165 2675
2165 2919
2165 3257
2165 3307
2166 3336
2166 3690
2167 2476
2168 2997
2168 3584
2169 3402
2169 3593
2170 2188
2170 2221
2170 2290
2170 2315
2170 3525
2172 2637
2172 2827
2173 2239
2173 2563
2174 2619
2174 2648
2174 3286
2175 2947
2175 3452
2176 3495
2176 3695
2176 3735
2178 2656
2178 2870
2178 3310
2178 3495
2179 2552
2179 3032
2180 2331
2180 3452
2181 2950
2182 2273
2182 2511
2182 2786
2182 2800
2182 2802
2183 2329
2183 2892
2184 2792
2185 3412
2185 3577
2186 2837
2186 3162
2188 3716
2190 2839
2191 3196
2191 3329
2192 2233
2192 2368
2192 2774
2192 2910
2192 3058
2192 3722
2193 2663
2193 2980
2193 3231
2193 3245
2195 2490
2195 2852
2196 2674
2196 2874
2196 2897
2196 3103
2196 3653
2197 3455
2199 3404
2200 2337
2200 3227
2201 3273
2202 3638
2203 3021
2203 3346
2203 3758
2205 3342
2206 3779
2207 3018
2208 2770
2208 2840
2208 3033
2208 3745
2209 2673
2209 3053
2209 3408
2210 2798
2210 3285
2210 3302
2210 3325
2211 3560
2213 2744
2216 2643
2216 2892
2218 2453
2218 2484
2218 2561
2218 3443
2218 3589
2219 2388
2219 2439
2219 2514
2219 2603
2219 2971
2219 3564
2220 2471
2220 2534
2220 2687
2220 2728
2220 3208
2220 3598
2221 3551
2222 2711
2222 3060
2223 2996
2224 2862
2225 2946
2226 2247
2228 2247
2228 3012
2230 2811
2231 2410
2231 3148
2231 3240
2231 3619
2232 3706
2233 3581
2234 2598
2234 2760
2234 3390
2234 3594
2234 3651
2235 2915
2235 3469
2235 3741
2237 2288
2237 2458
2237 2548
2237 2906
2237 3169
2237 3262
2238 2453
2238 2518
2238 3030
2238 3119
2238 3647
2239 2244
2239 3611
2240 2332
2240 3191
2242 3487
2243 2509
2243 2551
2243 2742
2243 3508
2243 3678
2245 2996
2245 3462
2246 2259
2246 2721
2247 2912
2247 2966
2247 3403
2249 2489
2249 2841
2249 3151
2249 3294
2250 3179
2250 3202
2250 3569
2252 3116
2252 3478
2253 2822
2253 2943
2253 3279
2253 3347
2254 2429
2254 3479
2256 2591
2257 2748
2258 3010
2258 3706
2259 2522
2259 3017
2259 3277
2259 3278
2260 2732
2261 2308
2261 2963
2261 3719
2262 2639
2262 2895
2264 3232
2265 2696
2265 3697
2267 2602
2269 2415
2269 2719
2270 2435
2270 2581
2270 2706
2271 2422
2271 3263
2273 3013
2274 2537
2275 2356
2275 2494
2275 2757
2276 2318
2277 3097
2277 3143
2277 3539
2278 2651
2278 2845
2278 3011
2279 2477
2279 2746
2279 2754
2279 3023
2279 3736
2281 3577
2282 2350
2283 2383
2284 2874
2285 3079
2285 3626
2286 2609
2287 2917
2287 3284
2288 3134
2289 3001
2289 3063
2289 3591
2291 2610
2291 3664
2292 3007
2292 3361
2292 3376
2292 3599
2292 3713
2293 2762
2293 3528
2294 3134
2294 3568
2295 3529
2297 2383
2297 3675
2298 2496
2298 2797
2298 3311
2299 2792
2300 3017
2300 3574
2301 3364
2303 3125
2304 2357
2304 3315
2304 3595
2305 3018
2305 3181
2307 2369
2307 3135
2307 3405
2308 2560
2308 3176
2308 3676
2309 3042
2310 3013
2311 2547
2311 3316
2312 2481
2312 2879
2312 3152
2313 2791
2313 3342
2314 2608
2315 2963
2316 2381
2316 3081
2316 3369
2316 3498
2316 3518
2318 2641
2318 3485
2318 3743
2319 2709
2319 2745
2319 2916
2319 3752
2320 3655
2321 3111
2322 2719
2322 3729
2324 2655
2324 2980
2324 3440
2325 2748
2325 3043
2325 3725
2326 3521
2326 3782
2327 3342
2327 3592
2328 2613
2328 2769
2328 3285
2328 3400
2329 3635
2330 2520
2330 3085
2331 2531
2331 2774
2331 3752
2332 2559
2332 3426
2332 3550
2332 3621
2333 2461
2333 3158
2333 3473
2334 2566
2334 3667
2335 2577
2336 2590
2336 3532
2337 3287
2338 3177
2340 2558
2340 3038
2342 2923
2342 3070
2343 2412
2343 3232
2344 3227
2344 3588
2344 3719
2345 2501
2345 2580
2345 2726
2345 2880
2345 3014
2346 2632
2347 3615
2348 2792
2349 3090
2349 3483
2349 3565
2350 2473
2351 3602
2351 3686
2352 3466
2353 3375
2355 3499
2356 2589
2357 3117
2358 3488
2360 3202
2360 3635
2361 2466
2362 2588
2362 3089
2362 3595
2362 3645
2363 3452
2365 2748
2365 2791
2366 3237
2369 2888
2371 2437
2371 3127
2372 3025
2372 3506
2373 2827
2375 2777
2375 3496
2375 3585
2375 3700
2377 2476
2378 2394
2378 2692
2379 2732
2379 3284
2379 3675
2380 2710
2380 2956
2380 3027
2380 3661
2380 3697
2382 2437
2382 2499
2382 3543
2382 3649
2383 2432
2383 2974
2383 3198
2383 3247
2384 2762
2384 3191
2385 3551
2386 3314
2387 2557
2387 2629
2387 2831
2388 3622
2389 3211
2390 2563
2390 3107
2391 3626
2393 3172
2393 3746
2394 3253
2395 2907
2395 3276
2396 2441
2396 2668
2396 3346
2396 3415
2396 3485
2399 3116
2399 3409
2400 2537
2400 3335
2400 3455
2401 2408
2401 3135
2402 2968
2402 3560
2403 3177
2404 2768
2404 3487
2405 3435
2405 3638
2407 3696
2407 3782
2408 3398
2411 3233
2412 2697
2412 2869
2412 3087
2413 3063
2414 2577
2414 2662
2415 2843
2415 3025
2415 3639
2416 2907
2418 3558
2418 3645
2418 3740
2418 3744
2418 3768
2419 2717
2419 2892
2420 3412
2421 2615
2422 3434
2423 2667
2423 3085
2426 3726
2427 2543
2428 2636
2428 3163
2429 2474
2429 2491
2429 3728
2430 2753
2430 3125
2430 3597
2431 2440
2431 2756
2431 2964
2431 3540
2431 3709
2432 2470
2433 3333
2433 3670
2434 3474
2435 2997
2436 2684
2436 2934
2436 3003
2437 3586
2438 3534
2439 3090
2443 2719
2443 3253
2443 3655
2444 3680
2445 2950
2446 3085
2446 3185
2447 2968
2447 3488
2448 3581
2449 3136
2450 2785
2452 2873
2453 2837
2455 3448
2456 2470
2457 2732
2457 3086
2458 2946
2458 3042
2459 3560
2460 3600
2461 2671
2463 2701
2465 2664
2465 2944
2465 3163
2466 2623
2466 2761
2466 3331
2466 3472
2466 3686
2467 3333
2469 3102
2470 3239
2470 3628
2470 3689
2474 3487
2475 2498
2475 3124
2475 3178
2476 3051
2476 3055
2476 3179
2476 3279
2477 3380
2478 2810
2478 3001
2478 3090
2481 2895
2481 3446
2482 3681
2484 3116
2485 3559
2486 2760
2486 2995
2486 3547
2487 2538
2488 3145
2488 3775
2489 2543
2489 3133
2490 3412
2491 3667
2492 3149
2492 3326
2493 2753
2494 3043
2495 3134
2495 3299
2496 3336
2497 2683
2497 3640
2498 2543
2498 2643
2499 3157
2500 2987
2501 3675
2502 2590
2502 2628
2502 3370
2503 2664
2503 3044
2504 2539
2504 3122
2504 3239
2505 2749
2505 3378
2505 3564
2506 2918
2506 3136
2507 3551
2508 2646
2508 3475
2509 2525
2510 3271
2511 2886
2511 3043
2512 3532
2514 2794
2516 2748
2516 3374
2517 3211
2519 2778
2519 2885
2519 3234
2520 2808
2523 3045
2523 3708
2523 3754
2524 2622
2524 3554
2525 2926
2526 3528
2527 2678
2528 2595
2528 2955
2529 3048
2529 3580
2532 2577
2536 2911
2536 3179
2537 3005
2538 2735
2538 2915
2538 3071
2538 3449
2540 2617
2540 2785
2541 2605
2541 3570
2542 3483
2542 3591
2543 3266
2544 2587
2545 3230
2545 3360
2545 3505
2546 3063
2546 3527
2547 2889
2548 3517
2551 3614
2553 3483
2554 2778
2554 3175
2554 3635
2554 3736
2556 2615
2557 2878
2557 3681
2558 2932
2558 3247
2559 3425
2560 3551
2562 3476
2563 3662
2563 3715
2564 3110
2564 3306
2565 3243
2566 2943
2566 3021
2566 3328
2567 3375
2568 3279
2568 3569
2568 3651
2570 2624
2571 3548
2572 2595
2573 3541
2573 3566
2574 3605
2574 3764
2575 2759
2576 2602
2576 2847
2577 2904
2577 3628
2580 2948
2581 2948
2582 2897
2582 2953
2582 3129
2583 2662
2585 2602
2585 2933
2587 3490
2587 3732
2588 3641
2589 2620
2589 3124
2589 3513
2590 3188
2590 3439
2591 2611
2591 2715
2591 3732
2592 3721
2593 2892
2593 3028
2593 3143
2594 2600
2595 2901
2595 3283
2595 3472
2596 2682
2597 3696
2598 3114
2599 3605
2600 2751
2600 3747
2601 2812
2601 3338
2601 3397
2601 3415
2602 3310
2604 2843
2604 3100
2604 3344
2604 3386
2604 3422
2605 2795
2605 3461
2605 3554
2606 3326
2607 3049
2608 2751
2608 2893
2608 2912
2608 3094
2608 3444
2609 2860
2609 3393
2609 3673
2612 2873
2612 3323
2614 2935
2614 3404
2615 3646
2616 2929
2616 3515
2617 2684
2617 2715
2617 3677
2618 2725
2618 3563
2618 3571
2619 2920
2619 3455
2621 3117
2621 3303
2624 2752
2624 2828
2624 3000
2624 3307
2628 3428
2628 3562
2630 2968
2630 3162
2630 3584
2631 3458
2631 3658
2632 3755
2634 2987
2635 3423
2636 2961
2636 3244
2636 3440
2636 3495
2636 3769
2637 2716
2637 3113
2637 3379
2639 3019
2639 3524
2639 3663
2640 2671
2640 2682
2640 2787
2641 3107
2643 3236
2644 3402
2645 3731
2646 3664
2648 3330
2650 2973
2650 3018
2651 3038
2652 3191
2655 3177
2657 3577
2658 3323
2660 3012
2660 3425
2661 3229
2661 3363
2662 2807
2662 3329
2662 3397
2663 3373
2664 3343
2665 3423
2665 3690
2666 2753
2667 2896
2667 3062
2667 3148
2669 2847
2670 3267
2670 3384
2671 2835
2671 3270
2677 2838
2678 3141
2678 3623
2678 3780
2679 3305
2679 3383
2679 3662
2680 2933
2680 3042
2681 3452
2682 2771
2682 3767
2683 3448
2685 2872
2685 2938
2685 3333
2686 3237
2687 2923
2687 3227
2688 3633
2689 2841
2689 2942
2689 3178
2689 3230
2690 2849
2691 3726
2692 3499
2692 3681
2693 3107
2693 3726
2694 2983
2695 3042
2695 3544
2697 3042
2699 2720
2701 3167
2701 3595
2701 3644
2702 2784
2702 3075
2702 3269
2702 3372
2703 3154
2703 3633
2704 3137
2707 3624
2708 3434
2709 3162
2712 3177
2713 3065
2713 3674
2716 2927
2717 3061
2717 3084
2717 3171
2718 3067
2719 3072
2719 3325
2719 3470
2720 2900
2720 2990
2721 2747
2721 2771
2722 3671
2723 2908
2723 3168
2723 3304
2723 3350
2724 2889
2725 2973
2726 3479
2727 2928
2727 3373
2728 3529
2729 2812
2729 3309
2730 3018
2731 3614
2731 3683
2732 2773
2732 3700
2733 2969
2734 3548
2735 3010
2738 3097
2739 3716
2740 2799
2740 3289
2741 3086
2741 3692
2742 3070
2742 3488
2744 2877
2745 2944
2746 3322
2752 3069
2753 3077
2753 3482
2754 3197
2754 3441
2755 3476
2757 3038
2758 2765
2759 3323
2760 2878
2762 2966
2762 3607
2762 3613
2763 3405
2763 3588
2765 3445
2765 3500
2765 3757
2766 3570
2768 2977
2768 3250
2768 3398
2769 3548
2773 3425
2773 3690
2774 2862
2777 3177
2778 2889
2783 2854
2785 3148
2785 3678
2785 3772
2787 3251
2787 3473
2788 3267
2788 3493
2788 3567
2788 3658
2789 3323
2791 2962
2797 3499
2798 3020
2799 3051
2799 3572
2804 2839
2804 3276
2804 3733
2805 2927
2805 3597
2806 2886
2806 3638
2807 3197
2810 3053
2810 3358
2810 3384
2811 2931
2811 3496
2812 2838
2813 3532
2814 3284
2815 3437
2817 3069
2818 2941
2818 3135
2819 3191
2820 3056
2821 3117
2823 3611
2824 3671
2825 2878
2825 3097
2827 2909
2827 3538
2829 2927
2830 3527
2832 3631
2833 3441
2833 3590
2834 2946
2835 2935
2835 2979
2836 3252
2836 3525
2837 2975
2837 3520
2838 3649
2839 2989
2839 3662
2839 3769
2842 2905
2842 3048
2844 2881
2844 3118
2844 3627
2846 2900
2846 3124
2846 3509
2847 3137
2847 3464
2847 3496
2848 3614
2849 3319
2849 3573
2849 3663
2851 3437
2852 3010
2852 3042
2854 3460
2854 3542
2854 3717
2856 3049
2857 3308
2858 3228
2859 3046
2861 3177
2861 3475
2862 2939
2862 3064
2863 2917
2863 3675
2864 2997
2865 2940
2865 3155
2865 3533
2865 3652
2866 3401
2867 3670
2869 3565
2869 3671
2870 3083
2870 3163
2872 2875
2872 2926
2873 3078
2873 3657
2874 3377
2875 3070
2877 3781
2878 3023
2878 3068
2878 3410
2880 3381
2881 3006
2883 2960
2883 3199
2883 3301
2883 3579
2883 3637
2884 3393
2884 3660
2885 3633
2886 3099
2886 3542
2888 3575
2889 3212
2890 3149
2891 3235
2893 3348
2894 3067
2894 3242
2896 3041
2898 3731
2899 3439
2899 3747
2902 2950
2902 3044
2905 3247
2905 3371
2906 3625
2907 3654
2907 3781
2908 3336
2912 3195
2913 2995
2913 3026
2913 3566
2915 3575
2916 3738
2917 3040
2917 3255
2918 2958
2918 3728
2918 3780
2919 3029
2920 3712
2922 3683
2923 3598
2924 3693
2926 3488
2927 3648
2928 3249
2928 3261
2928 3331
2928 3643
2929 3757
2930 3466
2930 3577
2931 3466
2932 3043
2933 3009
2933 3484
2933 3704
2934 3477
2935 2992
2935 3252
2936 3038
2938 2960
2938 3617
2941 3703
2941 3758
2942 3133
2942 3280
2943 3719
2944 3064
2944 3735
2945 3057
2945 3087
2945 3224
2945 3516
2946 2990
2946 3065
2947 3616
2949 3248
2950 3723
2951 3588
2952 3529
2955 3742
2959 3588
2963 2965
2963 3545
2963 3777
2964 3527
2966 3519
2967 3117
2968 3481
2969 3756
2970 3083
2971 3605
2972 3570
2974 3128
2975 3584
2975 3614
2978 3565
2979 3198
2979 3259
2981 3528
2982 3692
2983 3263
2983 3352
2983 3745
2984 3276
2985 3308
2986 3326
2987 3065
2987 3468
2989 3083
2989 3625
2990 3568
2991 3038
2991 3529
2992 3528
2992 3716
2994 3721
2997 3175
2997 3287
2997 3424
2997 3653
2999 3600
2999 3690
3000 3195
3001 3199
3003 3362
3004 3292
3004 3539
3005 3143
3006 3024
3006 3123
3006 3737
3006 3739
3008 3170
3008 3641
3009 3532
3010 3238
3010 3526
3010 3623
3010 3646
3011 3726
3012 3387
3012 3511
3012 3712
3013 3058
3013 3368
3015 3049
3015 3487
3016 3514
3018 3161
3019 3043
3022 3228
3028 3055
3029 3646
3029 3760
3031 3363
3032 3143
3033 3764
3034 3090
3035 3702
3035 3723
3036 3067
3036 3406
3039 3597
3040 3086
3041 3139
3041 3281
3042 3771
3044 3730
3046 3132
3046 3447
3046 3467
3046 3668
3048 3088
3048 3219
3049 3215
3052 3162
3054 3167
3054 3531
3057 3670
3059 3335
3059 3581
3060 3575
3061 3356
3067 3183
3067 3214
3068 3150
3069 3094
3069 3288
3069 3350
3070 3430
3071 3544
3071 3706
3072 3655
3073 3442
3073 3459
3074 3330
3075 3479
3076 3448
3077 3229
3078 3548
3079 3192
3079 3492
3080 3233
3083 3319
3084 3494
3084 3565
3085 3112
3085 3203
3085 3677
3086 3230
3086 3679
3087 3517
3088 3478
3090 3106
3091 3364
3093 3521
3093 3586
3095 3453
3095 3705
3096 3462
3096 3670
3097 3594
3099 3527
3100 3560
3102 3180
3102 3629
3102 3636
3103 3114
3104 3136
3104 3228
3107 3546
3107 3685
3109 3362
3111 3422
3112 3683
3114 3332
3115 3553
3116 3295
3119 3597
3120 3162
3120 3683
3121 3429
3121 3669
3121 3699
3121 3762
3125 3260
3125 3722
3125 3776
3126 3155
3126 3190
3126 3376
3126 3414
3126 3741
3128 3270
3128 3458
3129 3284
3131 3143
3132 3503
3133 3239
3134 3509
3134 3562
3134 3714
3135 3145
3135 3213
3136 3212
3136 3399
3136 3642
3138 3692
3140 3206
3140 3334
3140 3428
3142 3634
3144 3487
3144 3683
3146 3625
3147 3167
3147 3296
3147 3368
3147 3755
3147 3763
3150 3610
3152 3404
3153 3738
3154 3480
3154 3780
3155 3280
3157 3205
3157 3616
3158 3373
3160 3370
3161 3586
3162 3678
3163 3174
3163 3300
3164 3236
3164 3500
3165 3529
3166 3188
3166 3298
3166 3746
3168 3519
3170 3658
3170 3761
3171 3622
3173 3243
3174 3409
3176 3716
3177 3354
3177 3491
3180 3474
3181 3206
3181 3424
3183 3466
3184 3588
3185 3334
3185 3610
3186 3446
3187 3335
3191 3468
3192 3670
3196 3441
3196 3707
3197 3699
3200 3233
3200 3693
3204 3575
3209 3592
3211 3286
3211 3306
3212 3322
3216 3521
3217 3581
3221 3303
3221 3641
3224 3374
3226 3326
3228 3309
3229 3685
3234 3539
3235 3563
3237 3248
3238 3402
3241 3631
3243 3433
3243 3451
3245 3559
3248 3503
3250 3401
3251 3308
3251 3634
3253 3386
3254 3725
3255 3314
3255 3690
3258 3401
3261 3474
3264 3380
3266 3733
3273 3355
3274 3406
3275 3374
3276 3694
3277 3764
3280 3561
3281 3600
3282 3362
3282 3721
3285 3409
3287 3431
3289 3388
3290 3779
3295 3519
3296 3442
3300 3783
3303 3567
3308 3510
3311 3330
3312 3738
3313 3587
3314 3387
3314 3545
3318 3402
3323 3467
3327 3377
3328 3475
3332 3409
3333 3508
3335 3744
3336 3384
3337 3478
3345 3559
3348 3749
3348 3750
3349 3431
3350 3680
3351 3615
3353 3729
3354 3575
3356 3453
3356 3465
3356 3489
3356 3758
3358 3586
3359 3446
3360 3568
3362 3385
3363 3523
3366 3580
3369 3507
3371 3592
3376 3452
3377 3596
3377 3601
3379 3584
3380 3382
3380 3430
3381 3710
3382 3452
3391 3446
3392 3466
3392 3477
3392 3528
3399 3539
3402 3760
3404 3530
3404 3656
3405 3465
3407 3423
3410 3641
3413 3638
3413 3729
3415 3593
3421 3565
3421 3591
3425 3504
3425 3777
3427 3590
3431 3535
3431 3775
3434 3599
3436 3521
3437 3594
3440 3459
3441 3657
3442 3456
3446 3510
3451 3729
3452 3589
3455 3652
3462 3516
3474 3609
3475 3579
3475 3672
3475 3682
3476 3717
3477 3659
3478 3727
3479 3537
3480 3539
3481 3614
3483 3734
3488 3649
3488 3753
3489 3549
3489 3681
3513 3568
3514 3613
3514 3686
3515 3530
3515 3571
3516 3626
3517 3526
3517 3704
3518 3605
3531 3667
3534 3689
3536 3578
3544 3760
3549 3711
3551 3745
3554 3575
3561 3675
3565 3739
3573 3725
3574 3719
3577 3674
3580 3602
3580 3759
3586 3734
3587 3713
3590 3630
3600 3739
3600 3770
3603 3715
3609 3680
3612 3731
3615 3723
3616 3626
3622 3705
3624 3715
3625 3651
3634 3775
3639 3655
3643 3680
3650 3656
3654 3733
3655 3698
3669 3707
3675 3689
3676 3764
3677 3706
3738 3753
3748 3779
