264 576
0 16
0 47
0 223
1 31
1 41
1 43
1 46
1 58
1 103
1 118
1 231
2 4
2 7
2 11
3 105
3 219
3 243
4 34
4 73
4 103
4 111
4 203
4 234
4 248
5 49
5 66
5 72
5 167
5 177
5 191
5 253
5 257
6 14
6 31
6 34
6 76
6 89
6 172
6 210
6 263
7 9
7 59
7 64
7 74
7 114
7 162
7 204
8 30
8 91
8 117
9 194
9 219
10 20
10 107
10 120
11 19
11 137
11 145
11 163
11 204
11 244
11 260
12 76
12 110
12 112
12 139
12 146
12 173
12 231
12 233
13 65
13 176
13 221
14 50
14 93
15 107
15 160
15 232
16 21
16 22
16 71
16 168
16 235
16 247
16 252
17 28
17 125
17 206
18 125
18 221
18 240
19 52
19 224
20 41
20 51
20 124
20 167
20 175
20 182
20 188
21 161
21 232
22 135
22 221
23 35
23 159
23 163
23 166
23 196
23 201
23 216
23 242
24 36
24 150
24 194
25 176
25 209
25 230
26 35
26 48
26 115
26 130
26 157
26 217
26 247
26 250
27 131
27 150
27 154
28 33
28 101
28 157
28 172
28 177
28 187
28 197
29 181
29 236
29 243
30 61
30 104
30 111
30 141
30 164
30 171
30 246
31 98
32 47
32 169
32 240
33 107
33 222
34 154
35 220
36 40
36 54
36 163
36 170
36 195
36 233
36 261
37 69
37 75
37 110
37 143
37 186
37 192
37 201
37 260
38 131
38 193
38 232
39 120
39 132
39 232
40 120
40 176
41 190
42 194
42 209
42 222
43 150
43 160
44 87
44 138
44 237
45 85
45 107
45 181
46 119
46 158
47 53
47 92
47 133
47 173
47 187
47 256
48 93
48 125
49 179
49 212
50 61
50 100
50 113
50 165
50 197
50 202
50 242
51 150
51 154
52 129
52 148
52 184
52 200
52 213
52 234
52 244
53 85
53 208
54 87
54 158
55 74
55 134
55 162
55 195
55 201
55 213
55 234
55 239
56 85
56 220
56 221
57 135
57 174
57 230
58 131
58 190
59 131
59 176
60 179
60 225
60 232
61 243
62 181
62 209
62 259
63 68
63 101
63 112
63 144
63 211
63 228
63 238
63 252
64 140
64 223
65 66
65 99
65 155
65 202
65 216
65 218
65 251
66 194
67 181
67 193
67 240
68 85
68 169
69 158
69 176
70 127
70 131
70 135
71 140
71 206
72 140
72 209
73 161
73 232
74 224
75 87
75 120
76 208
77 98
77 105
77 236
78 132
78 223
78 243
79 98
79 179
79 232
80 132
80 158
80 178
81 97
81 116
81 136
81 156
81 168
81 199
81 229
81 257
82 98
82 138
82 154
83 117
83 126
83 236
84 120
84 193
84 212
85 134
85 145
85 165
85 198
86 132
86 174
86 219
87 114
87 200
87 218
87 255
87 263
88 206
88 220
88 259
89 176
89 237
90 117
90 236
90 237
91 106
91 115
91 122
91 147
91 151
91 166
91 188
92 219
92 225
93 191
93 207
93 214
93 215
93 238
93 256
94 220
94 230
94 240
95 138
95 176
95 224
96 126
96 132
96 259
97 127
97 160
98 162
98 171
98 244
98 249
99 140
99 222
100 107
100 240
101 125
102 119
102 120
102 154
103 138
104 117
104 224
105 108
105 111
105 122
105 142
105 185
105 196
106 179
106 212
107 153
107 191
107 227
108 120
108 178
109 127
109 224
109 236
110 174
112 190
113 174
113 236
114 160
115 169
116 117
116 131
117 145
117 239
117 245
118 150
118 212
119 121
119 133
119 144
119 170
119 186
119 210
120 231
121 138
121 208
122 259
123 126
123 169
123 206
124 179
124 222
125 130
125 159
125 198
125 256
126 141
126 175
126 196
126 250
126 258
127 134
127 137
127 141
127 147
127 246
128 208
128 209
128 219
129 194
129 223
130 259
131 200
131 227
132 166
132 171
132 203
133 190
135 149
135 180
135 245
135 253
135 262
136 174
136 221
137 240
138 146
138 197
138 215
139 154
139 158
140 143
140 148
140 217
140 261
142 174
142 223
143 150
144 150
146 169
147 236
148 219
149 225
149 230
150 173
151 206
151 208
152 154
152 190
152 212
153 158
153 212
154 183
155 208
155 223
156 230
156 243
157 220
158 182
158 185
159 206
160 183
160 184
160 189
160 245
161 167
161 188
161 205
161 226
161 249
161 258
164 174
164 181
165 193
168 230
169 210
169 251
169 254
170 174
172 181
175 179
176 184
177 193
178 189
178 226
178 227
178 235
178 248
178 249
179 235
179 248
180 221
180 243
181 215
181 216
182 193
183 190
185 232
186 243
187 220
189 193
190 192
190 261
192 194
193 207
194 241
194 247
195 259
198 230
199 221
199 225
202 259
203 236
204 237
205 212
205 222
206 214
206 241
207 222
208 211
208 250
209 242
209 254
209 255
211 240
212 258
213 237
214 220
217 225
218 230
219 251
219 252
220 238
221 255
222 229
222 262
223 228
223 254
224 229
224 253
224 263
225 226
225 228
225 241
233 243
237 246
237 257
237 262
239 240
259 260
