3344 7296
0 995
0 1466
0 2487
1 643
1 1650
1 2024
2 82
2 397
2 716
2 1267
2 1270
2 2032
2 2450
2 2576
3 442
3 590
3 1039
4 153
4 402
4 429
4 649
4 973
4 1954
4 2256
4 3215
5 1504
5 1867
5 2365
6 191
6 1584
6 2541
7 334
7 1235
7 1442
7 1773
7 2166
7 2644
7 3079
7 3151
8 1151
8 1458
8 2762
9 2045
9 2469
9 3318
10 78
10 457
10 2381
11 126
11 442
11 840
12 208
12 1339
12 2440
13 1826
13 2559
13 3276
14 544
14 1257
14 1945
15 407
15 937
15 1087
15 1272
15 2401
15 2848
15 2895
15 3063
16 508
16 791
16 939
16 1258
16 2054
16 2154
16 2226
16 2540
17 578
17 677
17 2013
18 895
18 2968
18 3283
19 720
19 2445
19 2843
20 94
20 1004
20 2439
21 888
21 2443
21 3010
22 2245
22 2488
22 2897
23 67
23 111
23 386
23 635
23 666
23 801
23 2004
23 2325
24 181
24 2515
24 2638
25 1488
25 1731
25 2805
26 151
26 1001
26 1779
27 238
27 989
27 1710
28 787
28 957
28 1426
28 1588
28 2126
28 2377
28 2452
28 3264
29 75
29 100
29 429
29 1204
29 1312
29 1767
29 1809
29 2746
30 195
30 896
30 899
30 1730
30 1819
30 2696
30 3095
30 3188
31 582
31 885
31 2366
32 208
32 1418
32 1595
33 720
33 1114
33 2289
34 740
34 1358
34 2020
35 961
35 1523
35 3154
36 373
36 803
36 1219
36 2058
36 2750
36 2776
36 2882
36 2929
37 1203
37 1336
37 1408
38 732
38 1897
38 2573
39 729
39 784
39 2600
40 2282
40 2424
40 2977
41 754
41 2321
41 2494
42 309
42 351
42 1001
43 74
43 421
43 603
43 857
43 1936
43 1983
43 2776
43 2914
44 399
44 1125
44 1828
44 1994
44 2786
44 3046
44 3080
44 3125
45 570
45 1598
45 2735
46 523
46 583
46 706
46 1187
46 1348
46 2270
46 2575
46 3087
47 290
47 405
47 407
47 536
47 901
47 1818
47 3160
47 3169
48 49
48 1102
48 1185
48 1431
48 1767
48 2210
48 2602
48 2723
49 1186
49 2514
50 941
50 1470
50 2571
51 171
51 1792
51 2445
52 1803
52 1903
52 2437
53 659
53 699
53 877
53 886
53 2301
53 2433
53 3177
53 3293
54 566
54 1699
54 3190
55 1840
55 2494
55 2897
56 284
56 368
56 559
56 702
56 1782
56 1814
56 2749
56 2858
57 78
57 2515
57 2535
58 2199
58 2352
58 3340
59 233
59 329
59 865
60 1846
60 2352
60 2667
61 1707
61 1840
61 2275
62 542
62 1221
62 3198
63 1257
63 2309
63 2752
64 1067
64 2876
64 3297
65 657
65 2239
65 3172
66 529
66 773
66 2640
67 608
67 1194
68 2690
68 2806
68 3086
69 347
69 539
69 1397
69 1586
69 2223
69 2228
69 2567
69 3294
70 1105
70 1634
70 1712
70 2041
70 2251
70 2871
70 2878
70 3138
71 249
71 283
71 355
71 1718
71 2052
71 2138
71 2497
71 2675
72 114
72 1123
72 1165
72 1296
72 1631
72 2038
72 2106
72 2870
73 1746
73 2191
73 3313
74 381
74 2090
75 1540
75 2782
76 827
76 1035
76 1046
76 1892
76 2124
76 2829
76 2976
76 3165
77 1540
77 2051
77 2614
78 370
78 853
78 1284
78 1660
78 1929
78 2834
79 2568
79 3235
79 3257
80 773
80 1186
80 1629
81 1581
81 2820
81 2840
82 1195
82 2253
83 238
83 1876
83 2191
84 375
84 1735
84 3038
85 748
85 1706
85 2704
86 90
86 104
86 285
86 665
86 1671
86 1766
86 2431
86 2813
87 1184
87 1616
87 2370
88 961
88 2820
88 2931
89 102
89 981
89 1173
89 1501
89 2826
89 3013
89 3211
89 3311
90 2904
90 2949
91 1867
91 2073
91 3018
92 2275
92 2947
92 3242
93 259
93 301
93 1641
94 276
94 594
94 685
94 1338
94 1827
94 1964
94 2207
95 147
95 647
95 657
96 868
96 1169
96 1868
96 2267
96 2612
96 2629
96 2669
96 2830
97 504
97 908
97 944
97 1079
97 1228
97 1692
97 1863
97 2662
98 657
98 1746
98 2247
99 1337
99 1873
99 3257
100 1562
100 2751
101 1829
101 2458
101 2755
102 829
102 2999
103 1136
103 2568
103 2785
104 305
104 3123
105 372
105 601
105 1506
106 721
106 849
106 1803
107 714
107 740
107 1047
108 1246
108 1351
108 2769
109 651
109 1538
109 2775
110 277
110 299
110 766
110 832
110 1981
110 2085
110 2178
110 2362
111 1280
111 1523
112 674
112 1001
112 2625
113 1506
113 2092
113 2469
114 731
114 2101
115 1153
115 2141
115 2247
116 628
116 2499
116 2667
117 1720
117 2805
117 3339
118 1474
118 1829
118 2169
119 1034
119 1516
119 1891
120 1171
120 1886
120 3036
121 651
121 3094
121 3266
122 413
122 2289
122 2843
123 2168
123 2444
123 2782
124 951
124 2482
124 2587
125 2094
125 2273
125 2917
126 693
126 1234
126 1309
126 1719
126 1768
126 2472
126 2689
127 1614
127 2233
127 2905
128 1205
128 2049
128 2583
129 394
129 1249
129 2386
130 147
130 267
130 3154
131 351
131 550
131 678
132 1803
132 2625
132 2866
133 1043
133 1167
133 1897
134 1999
134 2188
134 2598
135 275
135 433
135 737
135 800
135 958
135 1491
135 1932
135 2502
136 248
136 267
136 2883
137 812
137 1659
137 2571
138 168
138 1255
138 1423
139 1287
139 1592
139 1749
139 1825
139 1958
139 2098
139 2414
139 3267
140 2075
140 2443
140 2674
141 1273
141 2094
141 3314
142 615
142 645
142 2488
143 982
143 1002
143 1041
143 1299
143 1608
143 2363
143 2538
143 2601
144 1684
144 2062
144 2501
144 2549
144 2974
144 3097
144 3185
144 3317
145 288
145 828
145 1563
146 336
146 514
146 1471
146 1750
146 1813
146 2841
146 3076
146 3097
147 452
147 567
147 1734
147 2242
147 2554
147 2627
148 513
148 757
148 2263
149 535
149 779
149 2798
150 151
150 1778
150 3313
151 1402
151 1934
151 2395
151 2799
151 2900
151 2924
152 767
152 1548
152 1937
153 351
153 1291
154 503
154 899
154 1168
154 1959
154 2083
154 2205
154 2362
154 3331
155 452
155 853
155 1349
155 1425
155 1624
155 1737
155 2003
155 2604
156 1759
156 1935
156 2820
157 1121
157 1650
157 3341
158 1039
158 1835
158 2169
159 840
159 1835
159 2506
160 1531
160 1604
160 1640
160 1645
160 2047
160 2633
160 3250
160 3327
161 399
161 667
161 747
161 955
161 1543
161 2314
161 2392
161 2566
162 604
162 666
162 889
162 1112
162 1709
162 2741
162 2780
162 3067
163 727
163 1594
163 3054
164 2352
164 2439
164 2667
165 593
165 1808
165 1938
166 941
166 1580
166 3258
167 989
167 1507
167 2758
168 817
168 1111
168 1434
168 2387
168 2615
168 2987
168 3152
169 401
169 2168
169 2640
170 2735
170 2769
170 2883
171 410
171 703
171 1131
171 1700
171 1781
171 1882
171 2107
172 202
172 705
172 938
172 1130
172 2342
172 2433
172 2856
172 2953
173 326
173 1945
173 2090
174 742
174 2014
174 2678
175 1067
175 2351
175 2719
176 370
176 896
176 934
176 1414
176 1436
176 1736
176 2634
176 3052
177 403
177 512
177 1066
177 1118
177 1561
177 1697
177 2067
177 2134
178 542
178 1445
178 3312
179 566
179 1751
179 2901
180 235
180 642
180 710
180 1668
180 2382
180 2647
180 2687
180 2859
181 490
181 934
181 1842
181 2003
181 2413
181 2692
181 2768
182 1459
182 1706
182 3341
183 1034
183 1862
183 2653
184 319
184 2556
184 2964
185 2057
185 2530
185 2925
186 670
186 1365
186 2050
187 2148
187 2725
187 2999
188 648
188 2163
188 2674
189 383
189 446
189 1178
190 512
190 575
190 1213
190 1744
190 2161
190 2540
190 3234
190 3255
191 1132
191 1526
191 1550
191 1665
191 1888
191 1899
191 3159
192 213
192 406
192 512
192 791
192 1307
192 1380
192 1749
192 2699
193 1108
193 1263
193 3276
194 1121
194 1291
194 1722
195 1233
195 1859
196 593
196 2057
196 2835
197 267
197 2424
197 2986
198 243
198 861
198 1801
199 1109
199 2993
199 3220
200 828
200 1870
200 2292
201 305
201 778
201 3094
202 1443
202 2239
203 943
203 1239
203 1252
203 1508
203 1541
203 2026
203 2100
203 2374
204 633
204 2412
204 3314
205 1548
205 1846
205 2050
206 344
206 2259
206 3296
207 590
207 2403
207 3072
208 285
208 396
208 667
208 1135
208 1447
208 2681
209 1283
209 1635
209 2418
210 260
210 1540
210 1686
211 767
211 1413
211 2492
212 1277
212 1840
212 3050
213 2177
213 2482
214 394
214 2555
214 2898
215 276
215 563
215 881
215 1386
215 2507
215 2670
215 2921
215 3304
216 608
216 1974
216 2837
217 822
217 2321
217 2568
218 762
218 1003
218 1150
219 1474
219 1646
219 2506
220 2141
220 2253
220 2352
221 1339
221 1731
221 3277
222 348
222 480
222 671
222 1302
222 1405
222 1605
222 1691
222 1880
223 1657
223 2056
223 2103
224 493
224 1215
224 2057
225 647
225 1522
225 3172
226 892
226 1195
226 1584
227 578
227 835
227 2013
228 1249
228 1801
228 3220
229 430
229 1143
229 1197
229 1313
229 1320
229 1942
229 2395
229 2709
230 1088
230 1257
230 2090
231 394
231 1516
231 3086
232 927
232 1027
232 1351
233 1100
233 2582
233 2980
233 3003
233 3127
233 3218
233 3249
234 819
234 1184
234 1968
235 238
235 3335
236 972
236 1701
236 2443
237 1044
237 1063
237 1188
237 1695
237 1833
237 2510
237 2642
237 3308
238 1357
238 2320
238 2404
238 3092
238 3310
239 1295
239 1486
239 2968
240 615
240 2245
240 3312
241 727
241 1560
241 2756
242 576
242 925
242 1401
243 1206
243 1240
243 1883
243 2268
243 2346
243 2521
243 3240
244 1152
244 2009
244 2339
245 1345
245 2505
245 3077
246 1472
246 2150
246 2889
247 486
247 1354
247 1676
247 1738
247 2337
247 2427
247 2522
247 3052
248 799
248 1512
248 2426
248 2502
248 2597
248 2801
248 3247
249 305
249 1145
250 412
250 890
250 2185
251 620
251 846
251 996
251 1454
251 1570
251 1609
251 1724
251 1799
252 742
252 1686
252 2837
253 1205
253 2130
253 2771
254 570
254 2316
254 2321
255 576
255 779
255 2435
256 294
256 2290
256 2930
257 1350
257 1710
257 1920
258 535
258 753
258 842
259 832
259 2252
259 2390
259 2430
259 2438
259 3300
259 3301
260 440
260 1632
260 1685
260 1992
260 2522
260 2922
260 3329
261 304
261 359
261 398
261 411
261 943
261 985
261 1837
261 3024
262 1369
262 2530
262 3332
263 590
263 1202
263 2568
264 312
264 373
264 499
264 780
264 1689
264 1972
264 2287
264 2954
265 727
265 1984
265 2925
266 1094
266 1198
266 2583
267 386
267 1278
267 1624
267 1991
267 2250
268 674
268 1723
268 2691
269 1657
269 2081
269 3277
270 301
270 1595
270 2536
271 2764
271 2926
271 2983
272 1203
272 2095
272 2671
273 746
273 824
273 1967
273 1980
273 2497
273 2629
273 3173
273 3209
274 682
274 1731
274 2536
275 894
275 1731
276 628
277 464
277 2016
278 858
278 1759
278 2823
279 1598
279 2220
279 3018
280 1594
280 1779
280 2292
281 648
281 952
281 1560
282 1064
282 1255
282 1522
283 678
283 2159
284 1445
284 2996
285 3195
286 638
286 765
286 1314
286 1633
286 2005
286 2042
286 2158
286 3046
287 724
287 1120
287 2516
288 382
288 609
288 893
288 1422
288 1450
288 1927
288 2958
289 708
289 1666
289 1954
289 2465
289 2832
289 2880
289 3035
289 3055
290 1658
290 2977
291 1045
291 1145
291 3313
292 724
292 830
292 1516
293 650
293 933
293 2964
294 334
294 1440
294 1447
294 1530
294 1927
294 2155
294 2286
295 593
295 2587
295 2932
296 1853
296 2487
296 2930
297 571
297 1997
297 2145
298 1098
298 2516
298 2999
299 633
299 2558
300 748
300 1167
300 2742
301 741
301 789
301 1420
301 2235
301 2343
301 2472
302 1940
302 2109
302 3289
303 588
303 1215
303 1369
304 897
304 2516
305 1874
305 2089
305 2260
305 2652
305 3173
306 344
306 416
306 2715
307 836
307 1376
307 1937
308 375
308 3012
308 3257
309 505
309 821
309 1228
309 1718
309 2152
309 2554
309 2800
310 1067
310 1876
310 2728
311 372
311 551
311 1859
312 2351
312 3210
313 1032
313 1238
313 1324
313 1416
313 1789
313 2745
313 3069
313 3284
314 413
314 1114
314 2445
315 3020
315 3192
315 3276
316 584
316 1517
316 2728
317 1016
317 1966
317 2556
318 721
318 2174
318 2535
319 918
319 1390
319 1500
319 1585
319 1705
319 2237
319 3124
320 1018
320 1829
320 2443
321 753
321 762
321 3242
322 1074
322 1596
322 1758
322 1963
322 2318
322 2416
322 2547
322 2801
323 753
323 2040
323 2232
324 442
324 1480
324 2174
325 513
325 1641
325 2693
326 820
326 907
326 1106
326 1601
326 2257
326 2335
326 2677
327 596
327 1178
327 1215
328 849
328 2339
328 2775
329 1165
329 1534
329 1547
329 1556
329 1748
329 1788
329 2347
330 551
330 843
330 2308
331 391
331 1308
331 1466
332 425
332 564
332 632
332 1070
332 2034
332 2044
332 2214
332 2757
333 566
333 894
333 2340
334 2341
335 714
335 1012
335 3171
336 1505
336 2932
337 1283
337 2495
337 3341
338 1706
338 2913
338 3283
339 513
339 615
339 2968
340 764
340 806
340 1461
340 2015
340 2227
340 2404
340 2546
340 3047
341 2730
341 3220
341 3256
342 413
342 1013
342 1155
343 1013
343 1846
343 1853
344 641
344 978
344 1230
344 2005
344 2789
344 2813
345 1999
345 2137
345 2715
346 621
346 715
346 1124
346 2584
346 2868
346 3076
346 3310
346 3324
347 1174
347 2782
348 762
348 2864
349 618
349 774
349 1735
350 912
350 2636
350 3295
351 1464
351 1670
351 1991
351 2325
351 3068
352 393
352 1104
352 1247
352 1395
352 1868
352 2058
352 2570
352 3034
353 1129
353 2159
353 2583
354 619
354 972
354 2148
355 925
355 2729
356 1408
356 2923
356 3296
357 1413
357 2624
357 2964
358 1064
358 1514
358 2556
359 1427
359 3197
360 2177
360 2737
360 2808
361 529
361 835
361 2915
362 2220
362 2732
362 3070
363 750
363 1479
363 3321
364 1016
364 2290
364 2440
365 2065
365 2095
365 3229
366 576
366 709
366 3051
367 674
367 1441
367 3342
368 670
368 880
369 1723
369 2440
369 3340
370 2671
371 1942
371 2012
371 2236
371 2310
371 2658
371 2740
371 2817
371 2948
372 696
372 979
372 1436
372 2767
372 2822
372 3074
373 3031
374 554
374 704
374 909
374 979
374 1297
374 1797
374 1834
374 2091
375 589
375 1091
375 1454
375 1498
375 1687
375 2311
376 861
376 1150
376 1186
377 1120
377 1506
377 2694
378 812
378 1742
378 2050
379 2285
379 2637
379 3339
380 1836
380 2737
380 2756
381 981
381 1921
381 2941
381 3116
381 3143
381 3179
381 3206
382 1418
382 2341
383 549
383 1456
383 1819
383 2038
383 2087
383 2980
383 3084
384 1459
384 1909
384 2177
385 501
385 721
385 1680
386 953
387 672
387 1073
387 1201
387 2140
387 2300
387 2543
387 2628
387 2952
388 1821
388 2381
388 2555
389 2931
389 3157
389 3223
390 843
390 951
390 2232
391 585
391 749
391 982
391 1796
391 1923
391 3059
391 3185
392 1121
392 2496
392 3070
393 628
393 2603
394 1269
394 1372
394 1674
394 2401
394 2641
395 1404
395 1723
395 2706
396 1327
396 2949
397 988
397 3297
398 529
398 751
399 2308
400 1198
400 1332
400 2762
401 1093
401 1603
401 1809
401 1830
401 2194
401 2223
401 2456
402 2309
402 2504
403 645
403 3145
404 1033
404 2559
404 2837
405 2938
405 2957
406 1018
406 3341
407 2920
408 662
408 1075
408 1176
408 1448
408 1524
408 2687
408 3045
408 3200
409 2109
409 2756
409 2999
410 1435
410 1594
411 925
411 1027
412 881
412 954
412 1105
412 1261
412 1924
412 2410
412 3327
413 864
413 2301
413 2490
413 2677
413 3114
414 1424
414 2559
414 2764
415 1004
415 2025
415 3340
416 658
416 1521
416 1753
416 2058
416 2231
416 2605
416 3134
417 722
417 1027
417 1220
418 595
418 1352
418 1475
418 1949
418 2276
418 2710
418 2849
418 3228
419 925
419 1220
419 1680
420 1129
420 1966
420 3288
421 2060
421 3259
422 1745
422 2150
422 2220
423 457
423 571
423 2896
424 1202
424 2781
424 3012
425 2702
425 3220
426 1488
426 2081
426 2967
427 861
427 1763
427 2964
428 1413
428 1779
428 2568
429 2283
430 988
430 1746
431 1365
431 1682
431 2691
432 502
432 863
432 1527
432 2000
432 2679
432 2911
432 2963
432 3024
433 448
433 2127
434 551
434 756
434 2869
435 880
435 1350
435 2691
436 520
436 535
436 947
437 735
437 1470
437 3208
438 588
438 905
438 1792
439 998
439 1052
439 1568
439 1721
439 2357
439 2387
439 2580
439 3069
440 476
440 919
441 497
441 605
441 949
441 1061
441 2078
441 2086
441 2359
441 3181
442 1097
442 1795
442 2438
442 2722
442 2777
443 472
443 477
443 3058
444 541
444 955
444 1439
444 1440
444 1482
444 2240
444 2888
444 2936
445 1682
445 2025
445 2666
446 839
446 1069
446 1225
446 2329
446 2448
446 2891
446 3073
447 735
447 1294
447 2486
448 555
448 559
448 1130
448 1642
448 2242
448 2367
448 2391
449 624
449 812
449 1067
450 1071
450 2435
450 2743
451 2695
451 2705
451 3295
452 2323
453 1031
453 1120
453 1937
454 1088
454 1336
454 2283
455 631
455 752
455 1770
455 2026
455 2151
455 2311
455 2783
455 3139
456 718
456 2163
456 3254
457 490
457 497
457 873
457 2430
457 2531
457 3023
458 1621
458 2412
458 3036
459 1077
459 2045
459 3077
460 1675
460 2340
460 2957
461 1155
461 1283
461 2061
462 1175
462 2159
462 2245
463 477
463 3148
463 3315
464 470
464 1179
464 1258
464 1561
464 1637
464 1791
464 3103
465 651
465 1575
465 2273
466 892
466 2488
466 3190
467 1602
467 2663
467 3257
468 1109
468 2802
468 3307
469 2016
469 2412
469 2492
470 588
470 656
471 1337
471 1938
471 3017
472 838
472 963
472 1099
472 1149
472 1625
472 1878
472 3067
473 1558
473 1575
473 3161
474 753
474 885
474 995
475 1658
475 2323
475 2986
476 899
476 1216
476 1889
476 2337
476 2645
476 2760
476 3293
477 1278
477 1372
477 1596
477 1913
477 2360
477 3131
478 596
478 683
478 1984
479 771
479 1443
479 2957
480 2705
480 2938
481 1659
481 2273
481 2351
482 531
482 2495
482 2600
483 1255
483 2263
483 2666
484 1327
484 2364
484 3161
485 717
485 1022
485 1428
485 1783
485 1881
485 2581
485 2797
485 3088
486 1859
486 2170
487 1034
487 1263
487 1384
488 830
488 869
488 1513
489 1036
489 1206
489 1527
489 1565
489 2084
489 2147
489 2186
489 2313
490 1045
491 655
491 673
491 852
491 913
491 1000
491 2181
491 2908
491 3098
492 1706
492 2264
492 3123
493 764
493 845
493 1726
493 2078
493 2524
493 2793
493 2973
494 1128
494 1862
494 3276
495 892
495 2901
495 3312
496 916
496 1319
496 1592
496 2236
496 2525
496 2811
496 2836
496 2880
497 1997
498 1522
498 1895
498 1938
499 1337
499 2060
500 1659
500 2719
500 3286
501 534
501 1048
501 2466
501 3089
501 3142
501 3164
501 3240
502 527
502 2092
503 578
503 2742
504 681
504 1722
505 2409
505 3172
506 774
506 990
506 1398
507 880
507 1332
507 2233
508 1282
508 2558
509 643
509 997
509 1121
510 988
510 2081
510 2728
511 790
511 808
511 1141
511 1260
511 1271
511 2294
511 2425
511 3007
513 913
513 1368
513 2161
513 2405
513 2747
514 1202
514 1504
515 707
515 873
515 1008
515 1740
515 1896
515 1930
515 2676
515 2984
516 989
516 1142
516 3192
517 1345
517 2185
517 2707
518 1254
518 1466
518 3202
519 2099
519 2636
519 2986
520 1535
520 1888
520 1989
520 2119
520 2274
520 2467
520 2631
521 1759
521 2996
521 3322
522 890
522 1108
522 3031
523 1650
523 2982
524 842
524 3205
524 3225
525 1280
525 1479
525 2216
526 570
526 754
526 3235
527 1565
527 1607
527 2466
527 2668
527 2855
527 2943
527 3090
528 546
528 1291
528 2730
529 1373
529 1565
529 1627
529 2293
529 3199
530 865
530 1836
530 2516
531 776
531 1133
531 1605
531 1708
531 1962
531 2557
531 3236
532 734
532 2073
532 3051
533 556
533 1009
533 1704
533 1910
533 2252
533 2803
533 2875
533 3209
534 1171
534 3145
535 975
535 1664
535 2676
535 2784
535 3155
536 2424
536 2781
537 735
537 2051
537 2820
538 557
538 768
538 922
538 1700
538 1794
538 1901
538 2673
538 3187
539 1274
539 3132
540 2031
540 2737
540 2781
541 1418
541 3322
542 1089
542 1410
542 2384
542 2545
542 3061
542 3089
543 1657
543 2393
543 2598
544 554
544 1572
544 1983
544 2335
544 3046
544 3179
544 3196
545 1511
545 2418
545 2889
546 811
546 1020
546 1057
546 1208
546 1340
546 1544
546 1546
547 947
547 2889
547 3202
548 615
548 731
548 2494
549 1055
549 2600
550 604
550 1334
550 1934
550 2152
550 2812
550 3041
550 3174
551 846
551 1024
551 1300
551 1683
551 2634
552 1459
552 2014
552 2901
553 1614
553 2316
553 2365
554 2693
555 682
555 2938
556 1398
556 1900
557 1175
557 2905
558 751
558 2684
558 2729
559 1710
560 729
560 2103
560 2417
561 2559
561 2806
561 3180
562 1145
562 2065
562 2598
563 584
563 2674
564 2495
564 2579
565 605
565 1425
565 1815
565 1820
565 2160
565 2793
565 2810
565 3007
566 625
566 2266
566 2933
566 2959
566 3011
567 995
567 1920
568 1203
568 2923
568 3323
569 2321
569 2883
569 3018
570 1132
570 1787
570 3099
570 3113
570 3292
571 728
571 1014
571 2793
571 2824
571 3053
571 3260
572 1043
572 2530
572 3123
573 1004
573 1419
573 2667
574 836
574 1628
574 2931
575 885
575 2640
576 1143
576 1425
576 1533
576 2432
576 2533
577 1270
577 1547
577 1979
577 2164
577 2241
577 2395
577 2651
577 3334
578 1685
578 1762
578 2194
578 2886
578 3233
579 645
579 2159
579 2233
580 1339
580 1966
580 2904
581 1821
581 2459
581 2535
582 766
582 1180
582 1252
582 1546
582 1959
582 2149
582 2331
583 1034
583 3077
584 1211
584 1373
584 2000
584 2165
584 2608
584 2885
585 2733
585 3058
586 1801
586 2918
586 3315
587 1232
587 2060
587 2365
588 1035
588 1367
588 2526
588 2899
588 3043
589 774
589 2930
590 741
590 965
590 1948
590 2415
590 2944
591 1458
591 1793
591 1973
592 884
592 1121
592 1810
593 806
593 992
593 1381
593 1881
593 3136
594 1263
594 1513
595 651
595 2785
596 954
596 998
596 1352
596 1872
596 1952
596 2838
597 2022
597 2473
597 3106
598 988
598 2040
598 2640
599 2102
599 2719
599 2928
600 1589
600 2170
600 2334
601 1457
601 1743
601 2243
601 2255
601 2661
601 2740
601 3153
602 2587
602 2901
602 2982
603 2562
603 2650
604 650
605 2925
606 1103
606 2273
606 2928
607 1236
607 2781
607 2866
608 1928
608 2446
608 2447
608 2607
608 2922
608 3013
609 858
609 2873
610 890
610 1128
610 1423
611 1418
611 1735
611 2290
612 1114
612 1443
612 1886
613 727
613 1873
613 2732
614 776
614 1025
614 1030
614 1587
614 1819
614 2389
614 2759
614 2853
615 1073
615 1961
615 2908
615 3099
616 1504
616 2883
616 3235
617 1077
617 1282
617 3031
618 631
618 996
618 1080
618 1250
618 1396
618 2011
618 2033
619 968
619 1855
619 2039
619 2205
619 2669
619 2929
619 3233
620 1909
620 2129
621 1263
621 1897
622 837
622 1792
622 3332
623 1612
623 2364
623 3258
624 1328
624 1647
624 2068
624 2091
624 2111
624 2724
624 2822
625 1821
625 2638
626 1043
626 2316
626 3235
627 1886
627 2135
627 2412
628 777
628 1063
628 2193
628 2708
628 3122
629 1538
629 1699
629 1886
630 1638
630 2177
630 2386
631 2457
632 729
632 2141
633 1179
633 1622
633 1647
633 2153
633 2567
633 3140
634 1821
634 2646
634 3148
635 1479
635 3208
636 1404
636 1441
636 1759
637 1151
637 2009
637 2075
638 826
638 1164
639 2666
639 2693
639 3222
640 652
640 654
640 794
640 1496
640 2343
640 2722
640 2943
640 3120
641 819
641 3020
642 1507
642 2756
643 1026
643 1536
643 1721
643 2304
643 2699
643 2763
644 1012
644 1473
644 1701
645 940
645 1304
645 2226
645 2266
645 2302
646 1040
646 1189
646 1571
646 1683
646 1729
646 1956
646 2114
646 3203
647 1503
647 1788
647 2953
647 2978
647 3240
647 3343
648 1029
648 1579
648 1668
648 1694
648 3096
648 3149
649 953
649 2825
650 1023
650 1464
650 1476
650 1861
650 1951
650 2654
651 908
651 2052
651 2500
651 2643
652 2095
652 2967
653 1675
653 1886
653 2843
654 721
654 2638
655 1486
655 1693
656 848
656 2284
656 2389
656 2427
656 2757
656 3093
656 3178
657 1170
657 1500
657 2799
657 2962
657 3048
658 1184
658 2704
659 2851
659 3256
660 1343
660 1935
660 2182
661 835
661 988
661 2444
662 912
662 2487
663 2056
663 2141
663 2967
664 2169
664 2170
664 2775
665 1628
665 2364
666 2598
667 3296
668 1101
668 1419
668 2972
669 774
669 912
669 2622
670 1388
670 1596
670 2007
670 2093
670 2503
670 2890
671 2964
671 3201
672 2162
672 2622
673 997
673 1780
674 1313
674 2503
674 2792
674 3041
674 3121
675 1061
675 1455
675 1499
675 2225
675 2230
675 2824
675 3048
675 3095
676 697
676 2735
676 3335
677 725
677 1529
677 1532
677 1757
677 2337
677 2590
677 2607
678 814
678 944
678 1317
678 1734
678 2125
678 3005
679 1745
679 2659
679 2827
680 1443
680 1900
680 2552
681 1319
681 1906
681 2077
681 2465
681 2981
681 3001
681 3162
682 1293
682 1303
682 1512
682 1970
682 2399
682 3167
683 1032
683 1251
683 1434
683 2176
683 2763
683 2998
683 3081
684 1488
684 1595
684 1869
685 1559
685 2352
686 2169
686 2625
686 2751
687 1018
687 2264
687 2913
688 1283
688 2020
688 3171
689 2220
689 3058
689 3280
690 828
690 1435
690 3054
691 878
691 1297
691 1363
691 1405
691 1463
691 1601
691 2200
691 3015
692 1339
692 1720
692 2101
693 1181
693 1202
694 1280
694 1470
694 1581
695 1241
695 2239
695 2762
696 1031
696 2022
697 786
697 1322
697 1639
697 2551
697 2753
697 2867
697 2879
698 2440
698 2805
698 2904
699 1358
699 2061
700 1575
700 2156
700 3314
701 1171
701 1621
701 2135
702 1259
702 2691
703 1614
703 3085
704 2090
704 2263
705 1291
705 2492
706 3106
706 3318
707 2145
707 2866
708 2290
708 3110
709 2012
709 2018
709 2144
709 2924
709 3026
709 3121
709 3334
710 1710
710 2972
711 900
711 1808
711 3117
712 804
712 2355
712 2689
712 2841
712 2944
712 2994
712 3019
712 3252
713 2755
713 2897
713 2968
714 942
714 1695
714 1800
714 2053
714 2551
714 2670
715 2285
715 2727
716 2541
716 2835
717 2334
717 2901
718 1201
718 1433
718 1776
718 1965
718 2379
718 2394
718 2453
719 976
719 1460
719 1773
719 1927
719 2423
719 3025
719 3095
719 3124
720 1081
720 1673
720 2257
720 2714
720 2748
720 3177
721 1527
721 1784
721 2293
721 2307
722 1656
722 1768
722 1837
722 1948
722 2138
722 2432
722 3262
723 828
723 1810
723 1867
724 1091
724 1396
724 1508
724 2303
724 3022
724 3253
725 1274
725 2168
726 840
726 1019
726 2637
727 845
727 1760
727 1969
727 2107
728 1997
728 2051
729 1354
729 1791
729 2280
729 2526
729 2759
730 2094
730 2171
730 2876
731 782
731 815
731 3057
731 3113
731 3218
731 3248
732 738
732 868
732 950
732 1555
732 2995
732 3034
732 3204
733 1033
733 1589
733 2926
734 1231
734 1444
734 1936
734 2534
734 2845
734 2872
734 3155
735 1460
735 1566
735 1871
735 2551
735 3194
736 972
736 2159
736 2771
737 1441
737 2536
738 1167
738 2514
739 1633
739 2265
739 2279
739 2596
739 2789
739 3251
739 3252
739 3290
740 1600
740 1769
740 1776
740 2055
740 2324
740 2591
741 840
742 1111
742 1592
742 1789
742 1928
742 2281
742 2985
743 1481
743 1897
743 2081
744 1015
744 2014
744 2819
745 2288
745 2459
745 2638
746 2065
746 2861
747 1358
747 2418
748 946
748 1050
748 1116
748 1855
748 2954
748 3319
749 1177
749 2719
750 1420
750 1447
750 2276
750 2623
750 2777
750 2847
750 2991
751 863
751 929
751 1652
751 2512
751 2617
751 3032
752 830
752 2386
753 1297
753 1764
753 1930
753 2244
754 768
754 818
754 1126
754 2097
754 2895
754 3204
755 890
755 1812
755 2823
756 923
756 1268
756 1919
756 2356
756 2470
756 2934
756 3268
757 789
757 1113
757 1238
757 1491
757 1970
757 2438
757 2615
758 1343
758 3256
758 3307
759 1575
759 2719
759 2917
760 972
760 1966
760 3321
761 1984
761 2351
761 2785
762 796
762 1106
762 1374
762 1834
762 2361
763 1120
763 2718
763 2869
764 2530
765 961
765 1580
766 1438
767 928
767 1884
767 1990
767 2088
767 2934
767 3203
768 2365
769 858
769 1832
769 2996
770 1369
770 1384
770 1602
771 1011
771 1172
771 1691
771 2121
771 2548
771 2933
771 3102
772 1152
772 1717
772 2169
773 1051
773 1226
773 2507
773 2560
773 2963
773 3062
774 809
774 1496
774 1781
774 2315
775 904
775 1060
775 1225
775 1231
775 1244
775 1844
775 2513
775 3076
776 3156
777 927
777 3036
778 838
778 1112
778 1240
778 1933
778 2019
778 2669
778 3302
779 1748
779 1777
779 1848
779 2208
779 2700
779 3126
780 2333
780 2457
781 1246
781 1504
781 2321
782 1277
782 2185
783 1620
783 1808
783 1867
784 1623
784 1698
784 1875
784 1960
784 2044
784 2389
784 2875
785 2579
785 2898
785 2918
786 1294
786 1581
787 1128
787 1221
788 792
788 2099
788 2614
789 1900
790 1277
790 2730
791 2458
792 1089
792 1495
792 1632
792 1757
792 1814
792 2312
792 2385
793 2102
793 2600
793 2771
794 964
794 1657
795 1249
795 2646
795 3340
796 1365
796 2403
797 1678
797 2496
797 3315
798 1158
798 2646
798 2751
799 1710
799 2488
800 1641
800 2896
801 1686
801 2820
802 948
802 2785
802 3286
803 1423
803 1891
804 2781
804 2912
805 961
805 2571
805 3004
806 2253
807 1064
807 1343
807 2694
808 2932
808 2993
809 2174
809 2292
810 2031
810 2649
810 3223
811 885
811 3146
812 936
812 1117
812 1660
812 2003
812 2792
813 1101
813 2137
813 2220
814 3066
814 3266
815 2932
815 3050
816 1504
816 2069
816 2220
817 1470
817 1641
818 2898
818 3082
819 898
819 1092
819 1196
819 1219
819 1247
819 2278
820 1722
820 2309
821 2159
821 3266
822 1080
822 1104
822 1212
822 1256
822 1498
822 2070
822 3175
823 2057
823 2156
823 2993
824 1274
824 2690
825 1047
825 1449
825 2025
826 1095
826 1239
826 2189
826 2193
826 2716
826 2902
826 3028
827 1049
827 1384
828 1885
828 2107
828 2240
828 2644
829 921
829 1143
829 1823
829 2221
829 2294
829 2534
829 3026
830 2270
830 2306
830 3075
830 3080
830 3101
831 1004
831 2141
831 2835
832 1443
833 1140
833 1616
833 1997
834 862
834 1166
834 1677
834 1998
834 2034
834 2478
834 3144
834 3230
835 1086
835 1764
835 2164
835 2712
835 2911
836 923
836 1189
836 1326
836 2491
836 2697
836 3040
837 945
837 1160
837 1462
837 2030
837 2186
837 2518
837 3043
838 2496
839 2101
839 2285
840 1344
840 2279
840 2329
840 2471
841 2196
841 2715
841 2864
842 1502
842 1733
842 1774
842 1790
842 3023
842 3104
843 1242
843 1975
843 2184
843 2454
843 2887
843 2955
844 1016
844 2769
844 3020
845 948
846 1723
847 2090
847 2693
847 3242
848 2558
848 3332
849 1679
849 1703
849 1912
849 2493
849 2668
849 3224
850 1401
850 1693
850 2056
851 1869
851 2785
851 2917
852 1295
852 2588
853 3342
854 1473
854 1869
854 2283
855 1553
855 2045
855 2185
856 1031
856 2092
856 3106
857 1836
857 2148
858 1235
858 1440
858 2811
858 3027
858 3170
859 2129
859 2289
859 2905
860 2022
860 2339
860 2469
861 876
861 1302
861 1600
861 1917
861 1965
862 1153
862 1437
863 1220
864 1257
864 1699
865 1196
865 2043
865 2106
865 2611
865 2796
865 3134
866 1810
866 2024
866 2889
867 2458
867 2487
867 2695
868 2663
869 965
869 1090
869 1160
869 1739
869 1768
869 1946
869 1993
870 1153
870 1488
870 2129
871 2285
871 2704
871 2864
872 2492
872 2825
872 2851
873 2376
874 1707
874 1780
874 2588
875 1935
875 1940
875 2232
876 956
876 1688
877 1688
877 1829
878 1257
878 3058
879 944
879 1395
879 1597
879 2100
879 2331
879 2800
879 3122
879 3183
880 1090
880 1147
880 1378
880 1462
880 2863
881 2049
882 1263
882 2056
882 2667
883 1186
883 2050
883 3342
884 1062
884 1204
884 1439
884 1772
884 1894
884 2375
884 2970
885 1237
885 1586
885 2153
885 3060
886 1646
886 1801
887 1563
887 2051
887 2370
888 1477
888 1679
888 1741
888 2128
888 2550
888 2633
888 3274
889 1001
889 1638
890 1539
890 2006
890 2212
890 2721
891 1707
891 3038
891 3054
892 1265
892 1518
892 1787
892 1877
892 2274
893 1333
893 2473
894 1011
894 1293
894 1420
894 1703
894 1795
894 2630
895 1279
895 1797
895 1987
895 2021
895 2262
895 3098
895 3248
896 2702
897 1497
897 2255
897 2479
897 2744
897 2790
897 2951
897 3299
898 1164
898 2704
900 1170
900 1905
900 1923
900 2225
900 2402
900 2660
900 3136
901 2127
901 2515
902 1034
902 2397
902 3031
903 1128
903 2217
903 2666
904 1101
904 2727
905 1036
905 1378
905 1798
905 1946
905 2468
905 2483
905 2881
906 920
906 1289
906 1729
906 1919
906 2048
906 2432
906 2527
906 2976
907 2383
907 2752
908 1152
909 2275
909 2437
910 914
910 1387
910 2091
910 2254
910 2328
910 2634
910 2661
910 3261
911 1291
911 2851
911 3314
912 1674
912 2252
912 2979
912 2992
912 3149
913 2897
914 1506
914 2022
915 1722
915 2024
915 2825
916 2102
916 3322
917 1486
917 1560
917 1707
918 1514
918 2290
919 1414
919 1651
919 1653
919 2173
919 2280
919 2590
919 3178
920 1513
920 1693
921 2073
921 2562
922 2073
922 2316
923 1384
924 1301
924 2333
924 3257
925 965
925 1309
925 1318
925 2048
926 1449
926 1548
926 2915
927 1314
927 1330
927 1755
927 2322
927 2374
927 3064
928 2931
928 3161
929 2598
929 2967
930 1515
930 1647
930 2307
930 2344
930 2529
930 2668
930 2860
930 2960
931 956
931 1458
931 2092
932 2137
932 2864
932 3020
933 1093
933 1192
933 1636
933 1914
933 2378
933 2682
933 2723
934 2532
935 1047
935 1294
935 3171
936 1186
936 1682
937 2555
937 2636
938 1221
938 1920
939 1013
939 3156
940 2897
940 3312
941 1328
941 1567
941 2136
941 2139
941 2158
941 2604
942 1581
942 2486
943 3145
945 1259
945 2473
946 1891
946 2351
947 1368
947 1519
947 1576
947 2392
947 2970
947 3033
948 993
948 998
948 2176
948 2430
948 2720
948 2814
949 2051
949 2896
950 2530
950 2913
951 2228
951 2396
951 2581
951 2736
951 2817
951 2836
952 1075
952 1083
952 1131
952 1279
952 2315
952 2672
952 3057
953 1317
953 1845
953 1861
953 2152
953 2213
953 2229
954 1012
955 2807
956 2019
956 2084
956 2327
956 2865
956 3142
956 3343
957 1478
957 1723
958 1920
958 2938
959 2108
959 2172
959 2558
960 1043
960 2663
960 2690
961 1349
961 1451
961 1528
961 2111
962 1007
962 1025
962 1321
962 2870
962 3003
962 3073
962 3168
962 3188
963 2150
963 3295
964 1623
964 1671
964 1702
964 1704
964 2368
964 2372
964 2770
966 1101
966 1862
966 1897
967 1513
967 2103
967 2967
968 1167
968 3210
969 1538
969 1621
969 1751
970 1559
970 1732
970 1853
971 1067
971 2571
971 3342
972 2348
972 2882
972 3263
972 3327
973 1765
973 2102
974 1295
974 1401
974 1513
975 1164
975 2562
976 1581
976 2025
977 1478
977 2573
977 3288
978 1327
978 1628
979 2571
980 2031
980 2090
980 2725
981 2873
982 2659
983 2022
983 2905
983 3307
984 2009
984 2536
984 2957
985 2649
985 2707
986 2282
986 2515
986 2938
987 1957
987 2035
987 2104
987 2149
987 2297
987 2298
987 3083
987 3239
988 2146
988 2347
988 2924
989 1222
989 1448
989 2539
989 3096
989 3303
990 992
990 1139
990 1315
990 2628
990 2673
990 2992
990 3065
991 997
991 1945
991 3202
992 1720
993 2351
993 2818
994 1903
994 2290
994 2504
995 1041
995 2367
995 2739
995 2832
995 3219
996 1028
997 1214
997 1348
997 1407
997 2353
997 2388
999 2009
999 2473
999 2775
1000 1560
1000 1650
1001 1317
1001 1366
1001 1468
1001 2654
1002 1254
1002 1511
1003 1183
1003 1388
1003 1985
1003 2200
1003 2797
1003 3074
1003 3261
1004 1887
1004 1964
1004 2143
1004 3112
1005 1999
1005 2196
1005 3020
1006 2191
1006 2876
1006 2972
1007 1178
1007 2637
1008 2424
1008 3072
1009 1408
1009 2926
1010 1486
1010 2498
1010 3082
1011 2459
1012 1290
1012 2219
1012 2324
1012 2787
1012 3165
1013 2071
1013 2134
1013 2447
1013 2826
1013 3177
1014 2840
1014 2896
1015 1590
1015 1883
1015 1958
1015 2084
1015 2272
1015 3239
1015 3270
1016 1399
1016 1412
1016 1860
1016 2077
1016 3227
1017 1249
1017 2690
1017 3082
1018 1224
1018 1604
1018 2304
1018 2349
1018 3319
1019 1069
1019 1076
1019 1489
1019 2128
1019 2234
1019 3078
1019 3331
1020 1620
1020 2915
1021 1198
1021 1620
1021 2966
1022 1940
1022 2482
1023 1583
1023 2386
1024 1580
1024 1935
1025 1055
1026 1358
1026 2495
1027 1095
1027 1784
1027 2466
1027 2596
1027 3232
1028 1569
1028 1687
1028 2104
1028 2374
1028 2628
1028 2716
1028 2877
1029 1707
1029 1780
1030 2102
1030 2583
1031 1987
1031 2147
1031 2511
1031 2661
1031 3278
1032 2729
1033 1367
1033 1785
1033 1977
1033 2394
1033 3214
1033 3221
1034 1972
1034 2711
1034 3273
1035 2530
1036 1195
1037 1120
1037 1327
1037 2095
1038 1638
1038 2188
1038 2964
1039 1069
1039 1148
1039 1599
1039 2472
1039 2477
1039 3290
1040 1067
1040 2671
1041 1662
1042 1474
1042 2646
1042 3086
1043 1421
1043 1868
1043 2097
1043 2198
1044 1164
1044 2370
1045 1403
1045 1929
1045 1960
1045 1967
1045 2029
1045 2132
1046 1401
1046 3195
1047 1261
1047 2036
1047 2124
1047 2838
1047 3107
1048 2412
1048 3197
1049 2070
1049 2142
1049 2192
1049 2545
1049 2570
1049 2990
1049 3299
1050 2108
1050 2912
1051 1505
1051 1742
1052 1867
1052 2823
1053 2065
1053 2926
1053 3323
1054 2196
1054 2925
1054 3283
1055 1168
1055 1736
1055 2230
1055 2423
1055 2645
1055 2734
1056 1886
1056 2049
1056 2818
1057 2825
1057 2993
1058 1517
1058 2051
1058 2808
1059 1474
1059 2025
1059 2352
1060 1273
1060 2562
1061 2191
1062 1158
1062 1722
1063 1548
1064 1207
1064 1487
1064 2892
1064 2962
1064 3025
1065 2051
1065 2163
1065 2798
1066 2245
1066 3197
1067 1268
1067 3115
1068 1710
1068 1754
1068 3312
1070 3037
1070 3229
1071 1197
1071 1656
1071 1737
1071 2048
1071 2700
1071 2810
1071 3026
1072 1152
1072 1232
1072 2340
1073 1470
1074 1968
1074 2196
1075 1780
1076 2075
1076 2614
1077 1689
1077 1847
1077 2187
1077 3087
1077 3193
1077 3245
1078 1466
1078 1662
1078 2291
1079 1621
1079 1699
1080 3012
1081 1419
1081 2437
1082 1333
1082 1916
1082 2102
1083 1560
1083 2588
1084 1513
1084 1862
1084 2667
1085 1117
1085 1320
1085 1334
1085 1366
1085 1667
1085 2007
1085 2018
1085 2422
1086 1274
1086 2168
1087 2624
1087 2918
1088 1214
1088 1288
1088 1323
1088 2260
1088 2335
1088 2411
1089 2488
1090 3145
1091 2457
1092 2364
1092 2715
1093 1629
1094 1321
1094 1456
1094 1606
1094 1962
1094 2258
1094 3016
1094 3133
1095 2735
1096 2102
1096 2273
1096 2762
1097 1641
1097 1900
1098 1165
1098 1669
1098 2074
1098 2278
1098 2582
1098 2605
1098 3305
1099 2986
1099 3148
1100 1840
1100 2101
1101 1159
1101 1813
1101 2204
1101 3092
1102 1174
1102 2169
1103 1587
1103 1711
1103 1944
1103 2079
1103 2118
1103 2811
1103 3215
1104 1602
1105 3050
1106 3058
1107 1522
1107 1720
1107 1746
1108 1399
1108 1839
1108 2452
1108 2878
1108 2989
1108 3002
1109 1166
1109 1483
1109 1695
1109 1943
1109 2433
1109 2948
1110 2614
1110 2808
1110 2840
1111 2807
1112 3315
1113 2693
1113 2755
1114 1304
1114 1982
1114 2421
1114 3011
1114 3029
1115 1418
1115 2556
1115 2930
1116 1835
1116 3012
1117 1441
1118 1459
1118 2458
1119 1973
1119 2486
1119 3017
1120 1298
1120 1671
1120 3139
1121 1709
1121 2371
1121 2888
1122 2504
1122 2556
1122 3110
1123 2191
1123 2769
1124 1862
1124 2514
1125 2090
1125 3258
1126 1614
1126 2073
1127 1151
1127 2393
1127 2535
1128 1634
1128 1854
1128 2828
1128 3227
1129 1490
1129 1551
1129 1593
1129 1924
1129 2929
1129 3250
1130 2217
1131 3038
1132 1486
1133 1472
1133 2698
1134 1699
1134 2459
1134 2901
1135 1966
1135 2805
1136 2142
1136 2281
1136 2539
1136 2850
1136 2859
1136 3061
1136 3213
1137 1657
1137 2095
1137 2174
1138 1203
1138 2259
1138 2364
1139 2247
1139 3117
1140 1402
1140 1796
1140 1833
1140 1967
1140 2028
1140 2660
1140 2815
1141 1575
1141 1628
1142 1496
1142 1520
1142 1643
1142 1831
1142 1885
1142 2647
1142 2753
1144 2216
1144 2496
1144 2598
1145 2326
1145 2803
1145 2815
1145 2830
1145 2997
1146 1458
1146 2014
1146 2232
1147 1175
1147 1205
1148 2108
1148 2506
1149 3070
1149 3085
1150 1234
1150 1463
1150 1493
1150 1564
1150 1941
1150 2415
1151 1341
1151 1590
1151 1679
1151 1955
1151 3032
1152 1626
1152 1926
1152 2493
1152 3102
1153 2201
1153 2451
1153 2467
1153 2481
1153 3147
1154 1504
1154 1598
1154 2733
1155 1673
1155 1889
1155 1943
1155 2342
1155 3212
1155 3226
1156 2417
1156 2495
1156 2624
1157 1175
1157 1614
1157 1811
1158 1329
1158 1603
1158 2248
1158 2256
1158 2419
1158 2602
1159 1263
1159 2514
1160 1282
1161 2150
1161 2732
1161 2733
1162 1659
1162 2728
1162 2876
1163 2116
1163 2505
1163 2671
1164 1444
1164 1467
1164 1753
1164 1755
1166 2730
1167 1545
1167 2404
1167 2839
1167 2846
1168 2061
1169 1678
1169 2742
1170 1895
1171 1208
1171 1549
1171 1622
1171 3006
1171 3105
1172 1763
1172 2217
1173 2559
1173 3082
1174 1364
1174 1366
1174 1830
1174 2529
1174 3041
1174 3163
1175 1359
1175 1804
1175 2302
1175 3160
1176 2163
1176 3010
1177 1471
1177 1494
1177 2211
1177 2537
1177 2565
1177 2616
1177 3091
1178 2575
1178 2893
1178 2945
1178 2971
1178 3126
1179 2552
1180 1793
1180 3077
1181 1256
1181 1392
1181 2082
1181 2599
1181 2944
1181 3150
1181 3213
1182 2291
1182 2504
1182 3222
1183 2050
1183 2691
1184 1188
1184 1314
1184 3028
1184 3130
1184 3155
1185 1742
1185 1897
1186 1193
1186 1211
1186 1613
1187 1553
1187 3050
1188 2163
1189 2653
1190 1202
1190 2727
1190 3018
1191 1811
1191 2129
1191 2445
1192 2751
1192 3297
1193 2403
1193 3201
1194 1528
1194 1566
1194 2139
1194 2345
1194 2778
1194 2809
1194 2955
1195 1591
1195 1665
1195 1890
1195 2030
1195 2749
1196 2135
1197 3051
1198 2179
1198 2523
1198 2592
1198 3136
1198 3244
1199 1257
1199 1722
1199 2383
1200 2150
1200 3085
1200 3315
1201 1295
1202 1690
1202 2265
1202 2713
1203 1230
1203 1543
1203 2372
1203 2681
1204 2752
1205 1648
1205 1752
1205 2179
1205 2549
1205 3091
1206 1458
1207 1937
1207 2802
1208 1903
1209 1466
1209 1511
1209 2283
1210 1562
1210 3123
1210 3223
1211 1505
1212 1301
1212 1337
1213 1904
1213 2444
1214 1511
1215 1421
1215 1461
1215 1555
1215 1578
1215 1892
1216 1246
1216 2947
1217 3070
1217 3295
1217 3315
1218 1274
1218 1620
1218 3289
1219 2663
1220 1385
1220 1389
1220 1497
1220 1541
1220 1627
1221 1446
1221 1691
1221 2391
1221 2794
1221 2989
1222 2292
1222 2769
1223 1763
1223 2127
1223 2705
1224 3123
1224 3283
1225 3339
1226 2499
1226 2674
1227 1581
1227 3004
1227 3208
1228 2603
1229 2137
1229 2264
1229 2925
1230 1838
1231 2156
1232 1235
1232 1422
1232 1921
1232 2110
1232 2121
1232 3211
1233 1736
1233 1738
1233 1825
1233 2034
1233 2173
1233 2686
1233 3306
1234 3072
1236 1331
1236 1608
1236 1986
1236 2029
1236 2401
1236 2461
1236 3282
1237 2444
1237 2458
1238 1470
1239 2162
1240 1424
1241 1503
1241 1747
1241 1979
1241 2106
1241 2146
1241 2208
1241 2582
1242 1343
1242 2920
1243 1720
1243 2116
1243 2141
1244 1968
1244 2864
1245 1812
1245 2843
1245 3066
1246 1611
1246 2123
1246 2250
1246 2426
1246 2665
1247 2148
1248 2646
1248 2913
1248 3223
1249 2407
1249 2520
1249 2612
1249 3144
1250 2912
1250 3257
1251 1867
1251 2996
1252 2603
1253 2698
1253 2705
1253 2918
1254 1952
1254 2120
1254 2256
1254 2411
1254 2746
1254 3228
1255 1500
1255 1666
1255 2739
1255 2745
1255 3264
1256 3235
1257 1374
1257 2714
1258 2397
1259 1359
1259 1648
1259 1739
1259 2093
1259 2468
1259 2701
1260 2133
1260 2409
1261 1473
1262 1435
1262 1745
1262 1873
1263 3193
1263 3227
1264 2445
1264 3037
1264 3054
1265 2129
1265 2541
1266 1291
1266 2366
1266 2993
1267 1488
1267 1657
1268 2532
1269 1398
1269 3295
1270 2728
1271 2094
1271 3161
1272 2316
1272 3082
1273 1978
1273 2227
1273 2271
1273 2620
1273 2845
1273 3126
1274 1685
1274 1762
1274 2830
1275 1276
1275 2579
1275 3110
1276 1528
1276 1884
1276 1994
1276 2136
1276 2463
1276 2697
1276 2884
1277 1371
1277 1750
1277 1881
1277 2528
1277 3176
1278 1658
1279 1840
1280 1494
1280 1756
1280 1871
1280 2501
1280 3299
1281 1513
1281 2726
1281 3318
1282 1561
1282 1798
1282 1854
1282 3002
1282 3273
1283 1536
1283 2055
1283 2392
1283 3293
1284 1859
1284 2532
1285 1538
1285 1722
1285 1826
1286 1699
1286 1812
1286 2603
1287 1458
1287 2819
1288 1650
1288 3202
1289 1295
1289 2056
1290 1481
1290 2025
1291 2213
1291 2319
1292 1693
1292 2588
1292 2968
1293 1441
1294 1483
1294 2324
1294 2455
1294 2510
1294 3304
1295 1669
1295 2586
1295 2796
1296 1778
1296 3192
1298 2650
1298 2664
1299 1308
1299 3280
1300 1305
1300 1404
1301 1465
1301 1760
1301 2160
1301 2547
1301 2939
1301 3118
1302 1514
1303 1920
1303 2127
1304 2459
1305 1570
1305 2377
1305 2422
1305 2428
1305 2503
1305 2788
1305 3325
1306 1558
1306 1811
1306 3051
1307 1583
1307 1909
1308 1716
1308 2076
1308 2596
1308 2621
1308 2753
1308 3186
1309 2726
1310 2295
1310 3171
1310 3201
1311 2016
1311 2552
1311 2558
1312 1722
1312 2889
1313 1481
1315 2162
1315 2398
1316 1398
1316 2636
1316 3085
1318 1552
1318 3266
1319 2504
1320 1449
1321 1765
1322 1973
1322 2020
1323 1713
1323 2288
1324 1641
1324 3004
1325 1470
1325 2398
1325 2897
1326 1480
1326 2492
1327 1655
1327 1874
1327 2167
1327 2770
1328 3004
1329 2752
1329 2889
1330 2135
1330 2209
1331 2288
1331 2381
1332 1359
1332 1996
1332 2299
1332 2565
1332 2717
1332 3317
1333 1456
1333 1499
1333 2166
1333 3168
1333 3215
1333 3275
1334 2625
1335 1507
1335 1846
1335 1974
1336 1493
1336 1922
1336 2120
1336 2357
1336 2763
1336 2854
1337 2402
1337 2549
1337 2565
1337 2569
1338 1419
1338 2352
1339 1696
1339 2175
1339 2553
1339 3272
1340 2330
1340 3132
1341 2232
1341 3259
1342 1351
1342 2883
1342 3192
1343 1571
1343 1705
1343 1919
1343 2948
1344 2108
1344 2169
1345 1790
1345 2537
1345 2631
1345 2951
1345 2984
1345 3097
1346 2031
1346 2873
1346 3180
1347 1904
1347 2366
1347 3146
1348 2334
1349 1479
1350 1591
1350 1642
1350 2093
1350 2105
1350 2385
1350 2685
1351 2189
1351 2429
1351 2867
1351 3241
1351 3292
1352 2283
1353 1575
1353 1876
1353 2171
1354 2718
1355 1891
1355 2148
1355 3031
1356 2698
1356 2920
1356 3072
1357 2057
1357 2573
1358 1576
1358 1889
1358 2688
1358 2703
1360 2370
1360 2798
1360 2840
1361 1793
1361 2162
1361 3106
1362 2774
1362 3082
1362 3180
1363 3225
1363 3242
1364 2506
1364 2751
1365 1463
1365 2254
1365 2767
1365 3088
1365 3182
1367 2383
1368 2259
1369 2036
1369 2192
1369 2527
1369 2787
1369 3191
1370 1908
1370 2031
1370 2516
1371 1558
1371 2993
1372 2099
1373 2444
1374 3148
1375 1650
1375 2045
1375 2334
1376 2088
1376 2317
1376 2354
1376 2400
1376 2708
1376 3246
1376 3308
1377 1662
1377 2458
1377 2827
1378 2473
1379 2457
1379 2725
1379 3259
1380 2014
1380 3190
1381 2247
1381 2622
1382 1916
1382 2383
1382 2504
1383 1873
1383 2133
1383 2774
1384 2187
1384 2852
1384 3162
1384 3203
1385 2516
1385 2707
1386 1701
1386 2130
1387 1859
1387 2706
1388 1682
1389 1427
1389 3145
1390 2694
1390 2802
1391 1438
1391 2552
1391 3146
1392 1507
1392 2785
1393 1620
1393 2330
1393 2366
1394 1658
1394 2282
1394 2781
1395 2209
1396 2060
1397 1620
1397 2013
1398 1524
1398 1694
1398 2606
1398 3301
1399 1862
1400 2555
1400 2866
1400 2977
1401 1571
1401 1656
1401 2356
1401 3191
1402 2191
1403 2020
1403 3229
1404 1687
1404 1771
1404 1947
1404 2011
1404 3158
1405 1999
1406 2188
1406 2728
1406 2751
1407 2045
1407 2982
1408 2178
1408 2572
1408 2585
1408 3137
1408 3281
1409 1984
1409 2818
1409 3286
1410 1812
1410 2217
1411 1562
1411 2288
1411 3148
1412 2715
1412 3192
1413 1931
1413 2235
1413 2491
1413 2722
1413 3150
1414 2170
1415 1614
1415 2622
1415 3132
1416 1423
1416 3222
1417 1598
1417 2758
1417 3012
1418 1773
1418 2623
1418 3170
1419 1963
1419 2597
1419 3114
1419 3310
1421 2913
1422 3322
1423 1847
1423 2287
1423 2878
1423 3273
1424 1851
1424 1928
1424 2591
1424 2680
1424 2865
1424 3214
1426 1682
1426 2199
1427 1770
1427 2331
1427 2358
1427 2716
1427 3022
1427 3064
1428 2932
1428 3117
1429 2156
1429 2285
1429 2562
1430 1548
1430 1616
1430 2209
1431 2188
1431 3297
1432 2101
1432 2247
1432 2805
1433 1693
1433 2398
1434 1552
1435 1661
1435 2336
1435 2524
1435 2814
1435 3118
1436 2706
1437 1841
1437 2261
1437 2379
1437 2609
1437 2849
1437 3221
1437 3338
1438 1730
1438 2645
1438 2831
1438 2919
1438 3078
1438 3233
1439 2024
1441 1609
1441 1696
1441 3298
1442 1765
1442 2473
1443 2610
1443 2978
1443 3141
1444 3205
1445 1469
1445 1532
1445 1907
1445 2113
1445 2685
1445 3329
1446 1812
1446 1817
1448 3254
1449 2219
1449 2450
1449 3121
1449 3246
1449 3271
1450 1765
1450 2339
1451 2308
1451 3258
1452 1628
1452 2664
1452 2938
1453 1904
1453 2016
1453 3289
1454 2162
1455 1765
1455 2798
1457 2469
1457 2473
1458 2298
1458 2683
1459 1525
1459 2098
1459 2304
1459 2540
1460 2199
1461 2925
1462 2339
1464 1511
1465 2027
1465 2108
1466 1509
1466 2023
1466 3282
1467 1616
1467 2163
1468 1746
1468 1870
1469 1817
1469 2488
1470 2111
1471 3328
1472 1625
1472 1772
1472 1953
1472 2037
1472 3016
1472 3063
1473 1568
1473 1578
1473 2176
1473 2893
1473 3228
1474 2143
1474 2180
1474 2520
1474 3325
1475 1595
1475 3277
1476 1514
1476 2188
1477 1779
1477 2376
1478 2125
1478 2554
1478 2766
1478 2788
1478 2839
1478 3007
1479 1537
1479 1567
1479 2471
1479 3290
1480 1865
1480 1990
1480 2082
1480 2115
1480 2343
1480 2561
1481 2018
1481 2032
1481 2400
1481 3107
1481 3336
1482 1594
1482 1867
1483 1616
1484 2103
1484 2116
1484 2247
1485 2498
1485 2588
1485 2806
1486 1841
1486 1877
1486 2672
1487 2290
1487 2964
1488 1696
1488 2276
1488 2296
1489 1575
1489 2876
1490 2771
1490 3066
1491 1997
1492 1792
1492 1909
1492 2398
1493 2308
1494 3195
1495 1817
1495 3312
1497 2649
1498 2912
1499 1563
1501 2774
1501 2806
1502 2263
1502 3328
1503 2928
1504 2994
1504 3231
1505 2378
1505 2456
1505 2870
1505 2980
1505 3176
1506 2021
1506 2305
1506 2313
1506 2927
1507 1725
1507 2545
1507 2618
1507 2985
1508 3036
1509 1583
1509 2555
1510 1637
1510 1807
1510 2265
1510 2355
1510 2462
1510 2831
1510 3272
1510 3331
1511 1672
1511 1845
1511 2970
1512 2650
1513 2269
1514 1636
1514 1865
1514 1931
1514 2380
1515 2376
1515 2625
1516 1689
1516 1951
1516 2407
1516 2773
1516 2783
1517 1907
1517 2128
1517 2312
1517 2560
1517 3008
1517 3337
1518 2259
1518 2505
1519 2505
1519 3205
1520 2486
1520 2659
1521 2364
1521 3020
1522 1585
1522 2225
1522 2627
1522 2900
1523 2279
1523 2477
1523 2519
1523 2604
1523 2991
1523 3279
1524 1662
1525 1583
1525 2482
1526 1838
1526 2505
1529 1686
1529 2808
1530 1595
1530 2904
1531 2259
1531 2738
1532 2383
1533 2133
1533 3154
1534 2239
1534 2928
1535 2418
1535 3205
1536 3156
1537 1595
1537 3288
1538 1906
1538 1926
1538 2800
1538 3005
1539 1701
1539 3050
1540 1603
1540 2508
1540 2607
1540 2772
1540 3008
1541 3197
1542 2366
1542 2730
1542 2825
1543 2904
1544 2412
1544 3110
1545 2409
1545 3288
1546 1904
1547 3259
1548 3040
1548 3184
1548 3336
1549 2950
1549 3197
1550 2488
1550 2901
1551 2148
1551 2742
1552 1649
1552 2080
1552 2138
1552 2297
1552 2512
1552 3069
1553 1578
1553 1777
1553 1872
1553 1978
1553 3073
1553 3084
1554 2323
1554 3154
1554 3172
1555 3123
1556 1876
1556 2743
1557 1713
1557 1821
1557 1945
1558 1815
1558 2221
1558 2766
1558 2937
1558 2956
1559 1887
1559 2071
1559 2317
1559 2850
1559 2985
1559 3184
1560 2336
1560 2388
1560 3045
1562 1714
1562 1805
1562 1939
1562 2520
1562 2602
1563 1664
1563 1848
1563 2480
1563 3014
1563 3079
1564 1742
1564 3201
1566 2840
1567 3154
1568 1984
1569 2398
1569 2622
1570 2706
1572 2263
1572 3242
1573 1920
1573 2291
1573 3172
1574 1669
1574 1987
1574 2012
1574 2533
1574 2611
1574 2700
1574 2709
1574 2927
1575 2271
1576 1635
1577 2340
1577 2775
1577 2873
1579 2370
1579 3010
1580 1922
1580 1941
1580 2184
1580 2314
1580 3125
1581 2563
1581 2778
1582 2707
1582 3050
1582 3328
1583 1608
1583 2656
1583 2772
1583 2773
1584 1799
1584 1947
1584 2296
1584 2481
1584 2542
1584 2754
1585 3222
1586 2016
1587 2771
1588 2025
1588 2050
1589 1911
1589 2036
1589 2414
1589 2988
1589 3165
1589 3306
1590 2928
1591 2424
1593 2440
1593 3321
1594 1831
1594 2122
1594 2958
1594 3079
1595 1795
1595 2519
1597 1751
1597 1812
1598 1728
1598 2779
1598 2965
1598 3241
1599 2171
1599 2637
1600 2295
1601 3148
1602 1756
1602 2618
1602 2744
1602 2829
1602 3061
1604 1646
1605 2127
1606 1808
1606 2771
1607 2174
1607 2638
1609 1832
1610 2069
1610 2756
1610 3012
1611 2735
1611 3192
1612 1690
1612 2005
1612 2355
1612 2471
1612 2477
1612 2621
1612 3232
1613 1897
1613 2751
1614 2613
1614 3065
1615 1826
1615 2653
1615 2732
1616 2053
1616 2708
1616 3269
1617 1720
1617 2622
1617 3117
1618 2393
1618 2729
1618 3094
1619 2316
1619 2494
1619 3235
1620 1901
1620 3065
1621 2421
1621 2564
1621 2610
1621 3265
1622 2492
1623 2065
1624 3172
1625 1801
1626 2170
1626 2506
1627 2393
1628 1884
1628 2096
1628 2956
1629 1750
1629 2038
1629 2589
1629 2608
1629 2961
1629 3003
1630 1778
1630 1876
1630 2972
1631 1840
1631 3339
1632 2383
1633 2364
1634 3031
1635 2117
1635 2681
1635 2936
1635 2975
1635 3125
1635 3291
1636 1638
1637 2108
1638 1670
1638 1845
1638 2773
1638 3174
1639 2807
1639 3017
1640 2075
1640 3010
1641 2369
1641 3167
1642 3335
1643 2174
1643 3038
1644 1903
1644 2366
1644 2412
1645 1838
1645 3077
1646 2157
1646 2474
1646 2747
1646 3212
1646 3255
1648 2233
1649 1793
1649 1832
1650 1672
1650 2574
1651 2702
1651 3259
1652 2535
1652 3056
1653 1717
1653 1859
1654 2233
1654 2282
1654 2827
1655 2904
1655 3195
1657 2269
1657 2617
1658 1774
1658 1896
1658 2105
1658 2749
1659 1956
1659 2470
1659 2724
1659 3309
1660 3154
1661 1780
1661 2756
1662 1744
1662 2449
1662 3071
1662 3149
1663 2295
1663 2370
1663 3254
1664 2743
1665 2129
1666 2291
1667 1731
1667 3342
1668 3254
1670 3202
1672 1945
1673 1732
1674 3085
1675 2085
1675 2421
1675 2548
1675 2953
1675 3300
1675 3326
1676 2010
1676 2702
1677 2417
1677 2702
1678 1715
1678 2039
1678 2089
1678 2346
1678 2865
1678 3067
1680 1837
1680 2189
1680 2322
1680 2621
1680 3090
1680 3251
1681 3072
1681 3157
1681 3318
1682 1976
1682 2354
1682 3184
1683 2664
1684 2727
1684 3328
1686 1902
1686 2345
1686 2680
1686 2826
1688 1878
1688 1953
1688 2268
1688 3119
1688 3144
1688 3212
1690 2172
1692 1826
1692 2752
1693 2074
1693 2611
1693 2952
1694 2487
1697 1732
1697 3156
1698 2020
1698 2381
1699 2257
1699 3183
1700 3295
1701 2838
1701 3138
1701 3237
1701 3250
1702 2671
1702 3296
1703 2957
1704 3229
1705 1937
1706 2047
1706 2131
1706 2157
1706 2699
1707 1781
1707 3045
1707 3248
1708 2695
1708 3085
1709 2150
1710 2408
1710 2867
1711 2719
1711 2762
1712 1812
1712 2996
1713 1715
1713 1766
1713 2167
1713 2326
1713 2497
1713 3302
1714 1821
1714 3058
1715 3094
1716 1745
1716 2695
1717 1911
1717 2648
1717 2857
1717 2891
1717 3052
1717 3189
1718 3066
1719 2403
1719 3000
1720 2451
1720 2799
1721 2923
1723 2007
1723 2180
1723 2544
1724 1731
1724 1759
1725 2568
1725 2818
1726 2137
1726 3283
1727 2127
1727 2282
1727 2957
1728 1735
1728 2715
1729 2802
1730 2061
1731 1771
1731 2792
1732 1902
1732 2001
1732 2154
1732 2301
1732 3013
1733 2424
1733 3000
1734 2409
1735 1852
1735 2155
1735 2224
1735 2449
1737 2133
1738 3259
1739 3197
1740 2693
1740 3328
1741 2171
1741 2614
1742 1917
1742 1976
1742 2608
1742 3216
1743 2694
1743 2707
1744 2695
1745 1760
1745 2190
1745 2852
1745 3001
1746 2028
1746 2812
1746 3334
1747 2743
1747 2876
1748 2876
1749 2901
1751 2206
1751 2662
1751 2677
1751 2714
1751 2894
1752 1808
1752 2762
1753 1968
1754 1932
1754 1963
1754 2202
1754 2250
1754 2399
1754 2485
1754 2577
1755 3258
1756 2707
1757 2309
1758 2137
1758 2704
1759 1866
1759 2297
1759 2955
1761 2573
1761 2742
1761 3210
1762 2040
1763 2361
1763 2380
1763 2557
1763 2794
1763 3015
1764 2819
1765 2087
1765 2118
1765 3014
1766 2913
1767 2646
1769 2837
1769 3010
1770 3036
1771 1832
1772 3070
1774 3072
1775 2376
1775 2555
1775 2781
1776 3201
1777 2156
1778 2028
1778 2086
1778 2320
1778 2824
1778 3249
1779 1885
1779 2008
1779 2082
1779 2812
1780 1969
1780 2574
1780 2672
1782 1920
1782 3335
1783 2982
1783 3190
1784 2950
1785 2099
1785 2983
1786 1829
1786 2506
1786 3340
1787 2588
1788 2762
1789 1973
1790 2693
1791 3332
1792 1925
1792 2044
1792 2300
1792 2632
1793 1866
1793 2272
1793 2626
1793 2877
1794 3054
1794 3085
1796 1938
1797 2947
1798 2726
1799 2482
1800 2499
1800 2920
1801 1998
1801 2327
1801 3226
1802 1966
1802 2290
1802 3276
1803 1850
1803 2068
1803 2855
1803 3140
1803 3163
1804 2282
1804 2695
1805 1908
1805 2913
1806 2282
1806 2898
1806 2920
1807 1835
1807 2558
1808 1879
1808 1893
1808 2717
1809 2808
1810 2122
1810 2286
1810 2566
1810 2975
1810 3170
1811 2243
1811 2294
1811 2542
1811 2658
1811 3187
1812 3029
1813 2285
1814 2823
1815 2409
1816 2819
1816 3056
1816 3259
1817 1824
1817 2059
1817 2142
1817 2618
1817 3164
1818 2182
1818 2898
1820 1873
1820 2559
1821 2029
1821 2260
1822 2562
1822 2718
1822 2725
1823 1836
1823 3180
1824 2217
1824 3198
1825 2983
1826 1860
1826 2619
1826 2852
1826 2880
1827 1862
1827 2056
1828 3000
1828 3318
1829 2047
1829 2161
1829 3226
1830 3289
1831 1870
1832 1957
1832 2809
1832 2887
1832 3042
1833 2896
1834 3225
1835 1864
1835 2547
1835 2731
1835 3103
1836 2750
1836 3049
1836 3305
1836 3311
1838 2046
1838 2274
1838 2405
1838 3033
1838 3285
1839 2397
1839 3286
1840 1995
1840 3099
1841 2806
1842 1859
1842 2671
1843 2209
1843 2603
1843 2663
1844 2101
1844 2637
1846 1964
1846 2001
1846 2281
1846 2354
1847 2397
1848 3205
1849 2398
1849 2482
1849 3037
1850 2947
1850 3110
1851 3010
1851 3171
1852 2487
1852 3254
1853 1950
1853 2449
1853 2453
1853 2687
1853 3096
1854 3286
1855 2573
1856 2069
1856 2494
1856 2735
1857 1938
1857 3280
1857 3313
1858 2737
1858 2758
1858 2999
1859 2734
1860 2774
1861 3202
1862 2187
1863 2775
1863 2917
1864 1873
1864 2027
1865 2624
1866 2729
1867 3244
1869 1952
1869 2261
1869 2500
1869 2795
1869 2847
1870 1934
1870 2115
1870 2195
1870 3150
1870 3274
1871 3004
1872 2530
1873 2318
1873 3175
1874 2913
1875 2417
1875 3037
1876 2208
1876 2234
1876 3309
1877 2494
1878 2918
1879 2583
1879 2698
1880 2217
1880 2340
1882 2289
1882 3037
1883 2092
1886 2662
1886 2761
1887 2667
1888 2259
1890 2081
1890 2835
1891 2066
1891 2460
1891 2569
1891 3245
1892 3332
1893 2966
1893 3132
1894 2150
1894 2918
1895 2086
1895 2423
1895 2696
1895 3014
1895 3260
1895 3275
1896 3000
1897 2450
1898 2182
1898 2698
1898 3000
1899 2494
1899 2588
1900 2085
1900 2531
1900 2720
1900 2979
1901 2622
1902 3180
1903 2860
1903 2884
1903 2946
1903 3035
1904 2244
1904 2441
1904 2567
1904 3219
1905 2333
1905 3017
1906 2752
1907 2099
1908 2463
1908 2639
1908 2786
1908 2907
1908 3116
1908 3281
1909 1947
1909 2140
1909 2581
1909 2935
1910 2099
1910 3323
1911 2982
1912 2075
1912 3056
1913 2027
1913 2691
1914 2598
1914 2864
1915 2057
1915 2253
1915 3117
1916 2118
1916 2213
1916 2248
1916 2746
1916 3055
1916 3068
1917 2403
1918 2383
1918 2764
1918 3332
1920 1988
1921 3180
1922 2403
1923 3313
1924 2443
1925 2417
1925 3229
1926 2917
1929 2145
1930 3205
1931 2579
1932 2650
1933 2690
1933 2742
1935 2396
1935 2809
1935 2940
1935 3030
1936 2718
1937 2255
1937 2305
1937 2791
1938 2332
1938 2592
1938 3048
1939 3086
1939 3340
1940 1975
1940 2236
1940 2935
1940 3128
1940 3294
1941 2923
1942 2435
1943 2851
1944 2678
1944 3322
1945 2120
1945 2652
1945 3100
1946 2397
1948 2726
1949 2101
1949 2498
1950 2163
1950 2295
1951 2177
1953 3315
1954 2383
1955 2010
1955 2819
1956 2532
1957 2729
1958 2232
1959 2552
1960 3017
1961 2398
1961 3004
1962 2918
1965 3171
1966 2180
1966 2428
1968 2131
1968 2338
1968 2475
1968 3319
1969 2758
1970 2896
1971 2108
1971 3012
1971 3210
1972 2386
1973 2566
1973 2936
1973 2987
1973 3239
1974 2525
1974 2680
1974 2850
1974 2987
1974 3267
1974 3284
1975 2819
1976 3342
1977 2309
1977 3332
1978 2743
1979 2010
1980 2381
1980 3313
1981 2445
1981 3323
1982 3066
1982 3198
1983 2031
1984 2390
1984 2524
1984 2531
1985 2587
1985 2664
1986 2636
1986 2898
1988 2217
1988 2851
1989 3077
1989 3328
1990 3314
1991 2216
1992 2013
1992 2168
1993 2056
1993 3318
1994 3223
1995 2185
1995 2932
1996 2049
1996 2771
1997 2642
1997 3167
1997 3181
1998 3086
1999 2361
1999 2475
1999 2513
1999 2682
2000 2640
2001 3254
2002 2999
2002 3051
2002 3180
2004 2496
2004 2861
2006 2996
2006 3198
2008 2075
2008 2866
2009 2307
2009 2550
2009 2630
2009 2855
2010 2173
2010 2347
2010 2914
2010 3044
2010 3111
2011 2162
2013 2629
2013 2997
2013 3108
2013 3207
2014 2525
2014 2910
2014 3306
2015 2573
2015 2972
2016 2068
2016 2960
2016 3006
2017 2060
2017 2073
2017 2873
2019 2837
2020 2332
2020 2402
2020 2906
2021 2435
2022 2479
2022 2658
2022 2791
2023 2659
2023 3280
2024 2238
2024 2319
2024 2353
2024 2780
2025 3194
2026 2135
2027 2202
2027 2338
2027 2597
2027 2890
2027 2942
2030 2092
2031 2655
2031 3211
2032 2514
2033 2930
2033 3038
2035 2162
2035 2469
2037 2624
2037 2898
2039 2690
2040 2241
2040 2657
2040 2679
2040 3199
2040 3207
2041 2264
2041 2982
2042 2090
2042 3157
2043 2649
2043 2999
2045 2306
2045 2711
2045 2945
2046 2364
2046 3296
2049 2384
2049 3164
2049 3237
2049 3265
2050 2317
2050 2594
2051 2778
2052 2684
2053 3256
2054 2245
2054 3145
2055 3017
2056 3075
2057 2620
2057 2846
2059 2130
2059 2950
2060 2066
2060 2311
2060 3111
2061 2522
2061 2578
2061 2590
2061 2665
2062 3195
2062 3208
2063 2505
2063 2738
2063 3328
2064 2442
2064 2664
2064 2718
2065 2572
2065 2979
2065 3301
2066 2333
2067 2397
2067 2558
2069 2224
2069 2350
2069 3009
2069 3166
2069 3292
2070 2663
2071 3254
2072 2684
2072 2917
2072 3266
2073 2110
2073 3231
2074 2435
2075 2195
2075 3337
2076 2292
2076 2486
2077 2559
2078 2133
2079 2583
2079 2600
2080 2393
2080 2684
2081 2651
2081 2916
2081 3271
2083 2171
2083 2172
2087 2698
2088 2694
2089 2684
2092 2293
2092 2483
2094 2234
2094 2595
2094 2643
2094 2956
2095 2431
2095 2765
2095 2875
2096 2127
2096 2869
2097 2321
2098 3190
2099 2572
2099 2988
2100 3146
2101 2261
2102 3027
2103 2451
2103 2757
2103 3109
2103 3112
2104 3106
2105 2541
2108 2318
2109 2228
2109 2508
2109 2655
2109 2656
2109 2941
2109 3049
2110 2457
2112 2116
2112 2129
2112 3277
2113 2614
2113 2926
2114 2706
2114 2869
2115 2568
2116 2119
2116 2296
2116 2609
2116 3230
2117 2308
2117 3157
2119 2532
2121 2775
2122 2966
2123 3018
2123 3235
2124 2983
2125 3172
2126 2263
2126 3222
2127 2862
2129 3158
2130 2299
2130 2410
2130 2564
2130 2761
2130 3089
2131 3210
2132 2288
2132 2555
2133 2766
2133 2939
2133 3053
2134 2495
2135 2193
2135 2605
2135 3022
2136 2820
2137 2338
2137 3324
2139 2931
2140 3037
2141 2269
2141 3093
2143 2199
2144 2435
2144 3307
2145 2359
2145 2390
2145 2413
2145 2720
2145 3104
2146 3259
2147 2469
2148 2231
2148 2287
2149 2738
2150 2238
2151 2442
2151 2516
2153 3289
2154 2495
2155 2556
2156 2546
2156 2595
2156 2971
2157 2443
2158 2308
2159 2249
2159 3029
2160 2774
2162 3064
2163 2480
2164 2640
2165 2614
2165 3297
2166 2339
2167 3123
2168 2205
2168 2919
2168 3207
2169 2474
2170 2183
2170 2277
2170 2448
2171 2329
2171 2831
2171 3337
2172 2175
2172 2489
2172 3078
2172 3103
2172 3252
2174 2235
2174 2368
2175 3288
2177 2508
2177 2538
2177 3282
2178 2289
2179 2928
2181 2275
2181 3283
2182 2258
2182 2454
2182 2455
2182 2670
2182 2848
2183 2982
2183 2983
2184 2706
2185 2575
2185 2790
2185 3138
2186 2541
2188 2456
2188 2961
2188 3238
2190 2733
2190 3070
2191 3127
2191 3260
2192 2653
2194 2444
2195 2376
2196 2204
2196 2584
2196 2942
2196 2973
2197 2365
2197 2966
2197 3018
2198 2514
2198 2573
2199 2219
2199 2563
2199 2594
2199 3107
2200 2403
2201 2498
2201 3220
2202 2439
2203 2381
2203 3017
2203 3229
2204 2733
2206 2459
2206 3190
2207 2209
2207 2499
2209 2902
2209 2921
2209 3308
2210 2506
2210 2625
2211 2949
2211 3208
2212 2982
2212 3283
2214 2624
2214 3156
2215 2340
2215 2459
2215 2536
2216 2229
2216 2345
2216 2446
2216 2741
2216 3279
2217 2452
2218 2316
2218 2806
2218 2898
2220 2584
2220 3059
2221 2905
2222 2393
2222 2638
2222 3056
2223 2625
2224 3020
2226 3197
2227 2993
2229 2323
2230 2341
2231 2663
2232 2712
2232 3044
2233 2246
2233 3169
2233 3187
2237 2341
2237 2915
2238 2496
2239 2521
2239 2627
2239 3142
2239 3326
2240 2966
2241 2444
2242 2291
2243 3307
2244 2291
2245 2246
2245 3011
2245 3287
2246 3066
2247 2553
2247 2900
2248 2283
2249 2843
2249 3198
2251 2334
2251 3283
2253 2767
2253 2916
2253 3112
2253 3261
2254 2835
2258 3072
2259 2476
2259 2909
2262 2437
2262 3242
2263 2369
2263 2984
2264 2406
2264 2721
2264 2973
2264 3098
2266 2843
2267 3082
2267 3086
2268 3201
2270 2469
2271 2492
2272 2807
2273 2616
2273 3115
2273 3185
2275 2406
2275 2511
2275 2927
2275 3057
2277 2637
2277 3094
2278 3036
2280 2650
2282 2848
2283 2601
2283 3100
2284 2600
2284 3229
2285 2475
2285 2845
2286 3322
2288 2652
2288 2959
2288 3333
2289 2373
2289 2542
2289 2632
2291 2363
2291 3060
2292 2382
2292 2879
2292 3120
2295 2586
2295 2635
2295 2952
2295 3221
2298 2807
2299 2583
2300 2482
2302 3066
2303 2442
2303 2649
2305 2442
2306 3106
2308 2940
2308 3129
2309 2899
2309 3055
2309 3329
2310 2802
2310 3256
2312 2926
2313 3106
2314 3157
2315 3054
2316 2995
2319 2752
2320 2876
2321 2599
2321 2995
2322 2735
2323 2325
2323 2360
2323 2426
2323 2577
2326 3266
2327 3201
2328 2571
2328 3242
2330 2892
2330 2911
2330 3124
2330 3199
2330 3246
2330 3336
2332 2333
2333 3091
2333 3175
2333 3317
2334 2648
2334 2721
2334 2804
2336 2758
2339 2468
2339 3153
2340 2794
2340 3141
2341 2563
2341 2696
2341 2892
2341 3194
2342 3256
2344 2437
2344 3110
2346 2837
2348 2440
2348 3288
2349 2704
2349 3210
2350 2733
2350 3018
2351 2828
2351 3002
2352 3109
2353 3341
2356 2802
2357 3341
2358 2603
2358 3146
2359 2896
2360 2424
2362 3146
2363 2487
2365 2534
2365 3243
2365 3320
2366 2434
2366 3105
2367 3172
2368 2967
2369 2755
2370 2453
2370 3200
2371 2752
2371 2825
2372 2532
2373 2552
2373 3323
2375 2418
2375 3202
2376 2461
2376 3104
2376 3163
2377 2409
2378 2782
2379 2764
2380 3201
2381 2413
2381 2815
2382 3192
2384 2950
2385 2996
2386 2842
2386 3245
2386 3253
2387 2729
2388 2968
2391 2851
2393 2844
2393 3024
2394 2498
2396 2819
2397 2518
2397 2828
2398 2586
2399 2718
2400 2915
2403 3129
2405 2418
2406 2968
2407 2636
2408 2486
2408 2735
2409 2517
2409 2544
2410 2499
2411 2923
2412 3039
2414 2702
2415 3000
2416 2691
2416 2986
2417 2686
2417 3093
2417 3316
2418 2476
2418 2784
2419 2782
2419 2808
2420 2889
2420 2918
2420 3070
2422 2691
2424 2858
2425 2905
2425 3051
2427 2650
2428 3340
2429 2486
2429 3335
2431 2442
2434 2915
2434 3132
2435 2511
2435 2796
2436 2869
2436 2938
2436 3161
2437 2490
2437 2665
2437 2760
2439 2490
2439 2748
2439 2801
2439 2868
2439 3092
2440 2833
2440 3325
2441 2458
2441 2640
2442 2770
2442 2969
2442 3278
2443 2909
2443 3285
2444 2963
2445 2585
2445 2754
2446 2820
2447 3180
2448 2684
2454 2802
2455 2499
2457 2569
2457 2914
2457 3243
2458 2747
2459 3287
2460 3210
2460 3286
2461 2977
2462 2805
2462 3288
2463 3157
2464 2600
2464 2705
2464 3156
2465 2678
2467 2671
2469 2877
2470 2671
2473 2493
2474 3340
2476 2755
2478 2993
2478 3256
2479 2694
2480 2840
2481 3277
2482 3158
2483 2541
2484 3195
2484 3223
2484 3323
2485 2488
2485 3335
2486 2906
2487 3234
2489 2805
2489 3321
2491 3314
2492 2595
2494 3241
2495 2853
2496 2654
2496 3174
2498 2635
2498 2795
2498 3230
2499 2885
2499 3237
2500 2818
2501 2949
2502 2718
2504 2619
2504 2739
2505 2784
2505 3147
2506 3189
2507 3010
2509 2986
2509 3058
2509 3315
2510 3256
2512 3094
2513 2704
2514 3216
2514 3271
2515 2548
2515 2630
2515 3141
2515 3224
2516 3206
2517 2573
2517 3321
2518 2726
2519 3321
2521 2950
2523 2698
2523 2771
2526 2558
2527 3195
2528 2587
2528 3117
2529 2866
2530 2893
2532 2765
2532 3147
2533 2743
2535 2768
2535 2943
2535 2959
2536 2777
2536 2933
2536 3224
2537 2727
2538 2555
2539 2756
2541 2858
2541 2916
2543 2897
2543 3004
2544 2666
2546 2730
2550 3056
2552 2585
2552 3300
2553 3339
2556 2833
2556 3035
2557 2938
2559 2939
2560 3297
2561 2579
2561 2964
2562 3130
2562 3320
2564 2818
2568 2689
2570 3257
2571 2960
2571 3140
2574 2968
2576 2967
2576 3277
2577 2883
2578 2883
2578 2947
2579 2946
2579 3063
2579 3316
2580 2966
2580 2996
2583 3263
2587 2804
2587 2935
2587 3182
2588 3338
2589 2727
2589 2932
2591 2674
2592 3117
2593 2659
2593 2695
2593 2732
2594 2666
2598 3209
2599 3257
2600 3188
2601 3202
2603 2894
2603 3005
2606 2622
2606 3038
2609 3220
2610 2843
2612 2806
2613 3054
2613 3295
2614 3062
2615 3004
2616 3280
2617 2861
2619 2678
2620 2730
2623 2904
2624 2874
2624 2884
2625 2821
2626 2738
2626 3146
2631 2738
2632 3054
2633 2674
2635 2764
2636 2842
2636 3131
2637 2857
2637 3084
2638 2834
2638 3032
2639 2949
2639 3323
2640 2886
2641 2926
2641 2986
2642 3313
2643 2719
2644 2798
2646 2907
2646 3333
2647 2769
2648 2983
2649 3116
2649 3139
2649 3305
2650 2872
2650 2969
2651 3297
2653 2829
2653 2934
2653 3001
2653 3193
2655 2977
2656 2808
2657 2819
2657 3225
2659 2879
2659 3232
2659 3251
2660 3280
2663 3122
2664 2862
2664 3088
2664 3268
2666 2788
2666 2989
2667 2921
2673 3132
2674 3021
2674 3200
2675 2917
2675 3094
2676 3225
2678 2817
2678 3027
2678 3128
2678 3267
2679 2915
2682 2861
2683 2928
2683 3056
2684 2857
2684 3302
2685 2823
2686 3220
2688 3156
2688 3341
2690 2997
2690 3034
2692 3154
2692 3342
2693 3264
2694 3040
2694 3278
2695 3169
2697 3161
2698 3168
2701 2726
2701 3145
2702 2734
2702 2910
2703 3017
2703 3171
2704 2942
2705 2853
2705 3016
2705 3330
2706 2940
2706 3268
2707 2791
2707 2990
2709 3307
2710 2818
2710 2917
2711 2738
2712 3225
2713 2912
2713 2977
2715 2903
2715 3166
2717 2928
2718 3178
2719 2974
2723 2728
2724 3342
2725 2750
2725 2872
2725 3111
2725 3179
2726 2863
2726 3075
2727 2994
2727 3176
2728 3062
2729 3262
2730 2937
2731 2912
2731 3210
2732 3118
2732 3162
2732 3186
2733 2816
2733 3324
2736 2737
2736 3289
2737 2772
2737 3143
2737 3294
2738 3087
2738 3285
2740 2905
2741 2861
2742 2882
2742 2919
2743 2971
2743 3135
2744 3208
2745 3031
2748 2947
2751 3216
2754 2905
2755 2908
2755 3033
2755 3255
2756 2779
2758 2859
2758 3009
2758 3049
2759 3229
2760 2883
2761 2785
2762 3270
2764 2899
2764 2988
2764 3217
2765 3296
2768 2957
2769 2903
2769 3249
2774 2981
2774 3214
2774 3217
2775 3189
2776 2999
2779 2912
2780 3070
2781 2941
2782 2821
2782 2886
2782 2961
2783 3318
2785 3265
2786 2931
2787 2983
2789 3258
2790 3328
2795 3339
2797 2869
2798 2958
2798 3135
2798 3275
2802 3030
2803 2861
2804 3190
2805 3298
2806 2895
2807 2906
2807 2975
2807 3284
2808 2922
2810 3154
2813 3161
2814 2925
2816 3148
2816 3280
2818 3213
2820 2887
2821 3289
2822 3242
2823 2871
2823 3042
2823 3081
2825 2856
2825 3068
2827 3160
2827 3186
2827 3234
2827 3236
2827 3330
2832 3222
2833 3276
2834 2957
2835 3047
2835 3074
2835 3109
2836 3307
2837 3021
2837 3217
2839 3321
2840 3008
2840 3181
2841 3018
2842 3086
2843 3287
2844 2861
2844 2967
2846 2972
2847 3277
2849 3339
2851 2978
2851 3326
2854 3296
2854 3323
2856 3314
2860 2947
2861 3238
2862 3161
2863 3197
2864 3015
2864 3238
2866 3023
2866 3274
2868 2972
2869 2969
2869 3182
2871 3198
2873 3102
2873 3151
2873 3243
2874 2931
2874 3110
2881 3037
2881 3332
2885 3010
2888 2889
2890 2986
2891 3094
2894 3198
2896 3269
2897 3113
2902 3036
2903 3276
2904 3291
2907 3123
2909 3077
2910 2983
2912 3009
2915 3025
2920 3030
2920 3133
2920 3304
2923 2998
2923 3100
2923 3129
2925 3053
2926 3131
2930 2965
2930 3071
2930 3166
2931 2946
2932 2937
2945 3050
2947 3114
2949 2976
2949 3137
2949 3191
2950 3039
2950 3090
2950 3343
2951 3050
2954 3286
2962 3222
2965 3020
2966 3081
2966 3231
2972 3303
2974 3280
2977 3019
2977 3143
2981 3276
2990 3208
2991 3288
2992 3038
2998 3341
3000 3101
3000 3133
3006 3314
3012 3019
3021 3171
3028 3258
3031 3152
3036 3134
3037 3043
3038 3120
3039 3145
3042 3322
3044 3056
3047 3117
3051 3311
3051 3320
3056 3270
3058 3333
3059 3148
3060 3225
3066 3263
3071 3254
3072 3080
3077 3083
3082 3338
3083 3146
3085 3330
3086 3119
3101 3157
3105 3110
3106 3153
3108 3132
3108 3289
3115 3286
3119 3220
3127 3192
3128 3307
3130 3205
3132 3244
3135 3205
3137 3223
3151 3322
3152 3222
3156 3316
3157 3196
3159 3190
3159 3312
3173 3266
3183 3198
3195 3281
3196 3258
3204 3235
3206 3223
3208 3279
3218 3339
3219 3225
3236 3295
3247 3312
3247 3335
3253 3318
3262 3266
3269 3313
3272 3321
3277 3298
3291 3296
3297 3309
3303 3335
