3696 8064
0 1375
0 1759
0 1927
0 2173
0 2695
0 2816
0 3188
0 3453
1 737
1 2036
1 2601
2 807
2 1842
2 2653
3 1426
3 1573
3 2777
4 252
4 1161
4 3145
5 2880
5 3218
5 3589
6 37
6 174
6 399
6 605
6 820
6 3113
6 3374
6 3501
7 809
7 2615
7 3249
8 166
8 484
8 742
8 804
8 965
8 1427
8 3085
8 3346
9 1478
9 2451
9 2635
10 245
10 603
10 1029
10 1561
10 1588
10 2027
10 2360
10 2708
11 829
11 852
11 1029
11 1555
11 1725
11 1838
11 2091
11 2898
12 167
12 877
12 1201
12 1239
12 1289
12 1484
12 1930
12 2017
13 1382
13 1517
13 1530
13 1805
13 2089
13 2517
13 2661
13 2686
14 1639
14 2585
14 3679
15 365
15 635
15 941
16 1450
16 3208
16 3267
17 810
17 872
17 2774
18 95
18 2765
18 3048
19 780
19 1584
19 1638
20 2005
20 2260
20 3521
21 410
21 934
21 2868
22 210
22 2355
22 3136
23 128
23 1396
23 1573
24 338
24 850
24 3242
25 533
25 2363
25 3232
26 1166
26 3168
26 3622
27 1151
27 2035
27 3410
28 580
28 834
28 2920
29 344
29 814
29 1764
30 252
30 2122
30 2845
31 773
31 2752
31 3619
32 635
32 1842
32 2005
33 880
33 1224
33 1435
33 1674
33 2232
33 2528
33 2942
33 3351
34 355
34 795
34 1920
35 773
35 2416
35 2501
36 556
36 1350
36 2503
37 1161
37 1334
38 721
38 1932
38 2542
39 580
39 926
39 1249
40 1246
40 1569
40 2531
41 623
41 982
41 1624
41 1653
41 1738
41 2687
41 2838
41 3649
42 1283
42 1628
42 3441
43 2280
43 2432
43 2738
44 122
44 336
44 3248
45 163
45 2084
45 3558
46 427
46 694
46 777
46 1540
46 1684
46 2070
46 2413
46 3334
47 329
47 834
47 2109
48 203
48 2275
48 3183
49 886
49 1089
49 1351
49 1748
49 1979
49 3055
49 3198
49 3317
50 265
50 1205
50 1252
50 2026
50 2425
50 2441
50 2856
50 3081
51 395
51 1442
51 2523
52 1134
52 1536
52 1771
53 347
53 734
53 1119
53 1178
53 2224
53 2664
53 3146
53 3354
54 1499
54 2059
54 2557
55 403
55 1027
55 1809
55 2064
55 2094
55 2415
55 2785
55 3135
56 490
56 624
56 1744
56 2454
56 2826
56 3049
56 3537
56 3647
57 874
57 1104
57 1477
57 2097
57 2529
57 3327
57 3381
57 3478
58 601
58 688
58 2374
59 1152
59 2667
59 2833
60 784
60 3443
60 3682
61 1584
61 2814
61 3142
62 277
62 412
62 1412
62 1441
62 1625
62 2232
62 2607
62 3383
63 443
63 1095
63 2190
63 2328
63 2417
63 2857
63 3456
63 3549
64 723
64 863
64 987
64 1303
64 1362
64 1466
64 1552
64 1562
65 270
65 576
65 869
65 1551
65 2413
65 3038
65 3343
65 3421
66 2385
66 2841
66 3201
67 851
67 2794
67 3131
68 1501
68 1764
68 2428
69 743
69 1425
69 3335
70 721
70 1023
70 3621
71 731
71 1050
71 1424
71 1494
71 1930
71 2050
71 2056
71 3348
72 143
72 426
72 1209
72 1609
72 2074
72 2176
72 2539
72 2935
73 2765
73 2833
73 3399
74 1140
74 1183
74 1188
74 1345
74 1829
74 2209
74 2730
74 3403
75 891
75 1284
75 3680
76 252
76 1696
76 3442
77 1406
77 1632
77 2723
78 341
78 1017
78 1401
79 500
79 1030
79 2460
80 210
80 1491
80 2386
81 1036
81 1831
81 1908
82 198
82 519
82 2920
83 620
83 764
83 1049
83 1274
83 1361
83 2199
83 2405
83 3392
84 538
84 753
84 1644
84 2472
84 2502
84 2677
84 3066
84 3088
85 555
85 910
85 1374
85 1807
85 1857
85 2092
85 2744
85 3293
86 513
86 638
86 921
86 1399
86 2486
86 2975
86 3027
86 3630
87 842
87 1736
87 2894
88 171
88 257
88 3065
89 1391
89 2129
89 2438
90 813
90 882
90 1128
90 1265
90 1604
90 2895
90 3000
90 3150
91 533
91 3437
91 3624
92 93
92 135
92 1600
93 1679
93 2083
93 2278
93 2310
93 2541
93 3514
93 3606
94 448
94 511
94 755
94 819
94 876
94 1668
94 1963
94 2089
95 313
95 1455
95 1676
95 2086
95 2902
95 3498
95 3625
96 256
96 2455
96 2527
97 348
97 1106
97 3661
98 1831
98 2835
98 3218
99 883
99 1536
99 3073
100 263
100 781
100 894
101 1113
101 2085
101 2328
101 2510
101 2586
101 2873
101 2932
101 2965
102 435
102 642
102 2592
103 1056
103 1119
103 1661
103 1789
103 1848
103 2175
103 2461
103 2789
104 341
104 2667
104 3235
105 1099
105 2760
105 3214
106 396
106 453
106 1076
106 1627
106 1717
106 2064
106 2207
106 3597
107 379
107 1105
107 1300
107 1599
107 1728
107 2304
107 2949
107 3134
108 159
108 563
108 2207
108 2630
108 2711
108 2820
108 3283
108 3665
109 1109
109 1510
109 2569
110 2036
110 3229
110 3437
111 749
111 2005
111 2699
112 807
112 998
112 1501
113 273
113 594
113 1356
114 1243
114 1632
114 1758
115 480
115 777
115 1542
115 1595
115 1840
115 2022
115 2182
115 3534
116 1073
116 2396
116 3186
117 431
117 589
117 2069
117 2296
117 2516
117 2582
117 2644
117 3347
118 1932
118 2045
118 2803
119 1017
119 2099
119 2833
120 414
120 627
120 987
120 2285
120 3155
120 3223
120 3266
120 3396
121 443
121 1232
121 1895
121 2003
121 2940
121 3376
121 3398
121 3472
122 363
122 877
122 901
122 1664
122 1911
122 2227
122 3119
123 749
123 964
123 1923
124 1314
124 1915
124 3473
125 499
125 1486
125 2067
126 926
126 1284
126 1793
127 221
127 661
127 680
128 577
128 856
128 1309
128 1939
128 2844
128 3190
128 3646
129 391
129 769
129 1446
130 352
130 2363
130 3556
131 1060
131 1461
131 1775
131 2329
131 2418
131 2588
131 3555
131 3628
132 737
132 1181
132 3274
133 1213
133 1496
133 1609
133 2255
133 2522
133 2805
133 3038
133 3171
134 2082
134 2903
134 3399
135 673
135 708
135 1251
135 1905
135 2233
135 3305
135 3514
136 280
136 807
136 842
137 1336
137 2421
137 2536
137 2790
137 2968
137 3537
137 3633
137 3650
138 183
138 2062
138 3130
139 258
139 1886
139 2013
139 2789
139 3078
139 3195
139 3264
139 3665
140 2178
140 2581
140 2769
141 650
141 2810
141 3268
142 370
142 615
142 2130
143 809
143 2104
144 374
144 1079
144 1121
144 1587
144 1870
144 2726
144 3388
144 3533
145 421
145 1386
145 1987
146 2643
146 3431
146 3442
147 442
147 483
147 575
147 969
147 2263
147 3324
147 3404
147 3408
148 270
148 1120
148 1190
148 1939
148 2261
148 2679
148 3155
148 3363
149 482
149 500
149 1457
150 202
150 544
150 1267
150 1602
150 1656
150 1979
150 2819
150 2957
151 2464
151 2866
151 3204
152 944
152 1983
152 2132
153 267
153 1509
153 3120
154 780
154 1797
154 3204
155 1165
155 1443
155 2575
156 319
156 1360
156 3502
157 558
157 1649
157 1811
157 2089
157 2189
157 2204
157 2234
157 3417
158 349
158 519
158 3399
159 1935
159 3048
160 630
160 998
160 2451
161 1031
161 3129
161 3216
162 1401
162 2673
162 2833
163 696
163 1925
163 2217
163 2779
163 2854
163 3322
163 3564
164 718
164 823
164 868
164 1485
164 1675
164 2148
164 3085
164 3632
165 1155
165 1476
165 2445
166 851
166 2601
167 1989
167 3639
168 188
168 920
168 1038
168 1489
168 1841
168 2818
168 3461
168 3588
169 1282
169 1297
169 1388
169 1514
169 2647
169 2718
169 3182
169 3557
170 237
170 2029
170 2068
171 450
171 599
171 860
171 1471
171 1480
171 2478
171 3094
172 197
172 683
172 1354
173 1066
173 2122
173 2473
174 2218
174 3457
175 1396
175 1797
175 2363
176 1403
176 1509
176 2810
177 750
177 1884
177 2918
178 377
178 1928
178 2264
179 1581
179 2203
179 2264
180 621
180 1292
180 1557
180 1878
180 2588
180 2986
180 3333
180 3691
181 1098
181 1212
181 1466
181 2352
181 2553
181 2684
181 2934
181 3074
182 802
182 930
182 1009
182 1252
182 1307
182 2727
182 2762
182 2797
183 1177
183 1504
183 2504
183 2556
183 2597
183 3355
183 3641
184 618
184 1033
184 1310
185 421
185 2144
185 2888
186 2752
186 2861
186 3610
187 2342
187 2743
187 2803
188 1777
188 2084
189 768
189 1156
189 1799
189 2645
189 2824
189 2975
189 3294
189 3414
190 1401
190 1402
190 2401
191 759
191 780
191 3255
192 544
192 949
192 985
192 1130
192 1215
192 1748
192 1833
192 2051
193 894
193 2332
193 3622
194 1753
194 3286
194 3643
195 219
195 627
195 917
195 1540
195 2016
195 2155
195 2347
195 3256
196 515
196 564
196 930
196 1291
196 1965
196 2189
196 2815
196 3436
197 269
197 1042
197 1233
197 2789
197 3451
197 3460
197 3491
198 679
198 1726
198 2320
198 3187
198 3258
198 3359
198 3364
199 1154
199 1352
199 3273
200 1478
200 1510
200 2140
201 482
201 1270
201 2756
202 1100
202 3415
203 354
203 586
203 1121
203 2118
203 2977
203 3071
203 3436
204 595
204 726
204 2005
205 2105
205 2515
205 3229
206 438
206 1506
206 2910
207 748
207 2031
207 2428
208 1577
208 3016
208 3080
209 543
209 658
209 1449
209 2219
209 2617
209 2685
209 2748
209 2851
210 215
210 596
210 665
210 2097
210 3269
210 3519
211 1831
211 1934
211 2067
212 2875
212 3120
212 3189
213 302
213 411
213 497
213 592
213 1409
213 2223
213 2228
213 3199
214 470
214 688
214 1631
215 535
215 2394
216 2364
216 3186
216 3571
217 227
217 535
217 1413
218 640
218 2020
218 2087
219 1115
219 3080
220 1350
220 2538
220 2623
221 303
221 889
221 1814
221 2137
221 2761
221 2948
221 3387
222 1264
222 1288
222 1754
223 2218
223 2929
223 3282
224 2012
224 3402
224 3622
225 274
225 979
225 1654
226 2814
226 3196
226 3268
227 305
227 1760
227 2716
227 2733
227 3318
227 3499
227 3614
228 455
228 667
228 1511
228 1830
228 1851
228 1870
228 2176
228 3030
229 375
229 1418
229 1900
230 386
230 671
230 2889
231 1080
231 2358
231 3297
232 349
232 750
232 1295
233 897
233 1662
233 2951
234 1033
234 3249
234 3418
235 773
235 1806
235 3019
236 686
236 2193
236 3139
237 287
237 2194
237 2370
237 2548
237 2586
237 2737
237 2870
238 720
238 1921
238 3034
239 1348
239 1486
239 2067
240 2062
240 3437
240 3556
241 699
241 1953
241 2492
242 1872
242 3034
242 3273
243 526
243 1944
243 2455
244 516
244 2484
244 3521
245 794
245 3335
246 264
246 1550
246 1618
246 2283
246 2297
246 2315
246 2870
246 3524
247 1928
247 1946
247 2000
248 1023
248 1285
248 1406
249 2021
249 2212
249 3583
250 1154
250 1577
250 3159
251 579
251 1559
251 3286
252 275
252 1369
252 1658
252 3234
252 3554
253 1259
253 1950
253 3216
254 509
254 732
254 993
254 1006
254 1592
254 1970
254 3356
254 3519
255 2301
255 3349
255 3463
256 915
256 1244
256 1552
256 1554
256 2326
256 3516
256 3673
257 607
257 641
257 656
257 1045
257 1070
257 1353
257 2206
258 2641
258 3229
259 351
259 488
259 2865
260 2358
260 2585
260 2736
261 1039
261 1806
261 3610
262 482
262 671
262 1163
263 439
263 1098
263 1616
263 2823
263 2884
263 3275
263 3557
264 2254
264 2743
265 668
265 2129
266 799
266 1885
266 1888
266 2265
266 2350
266 2476
266 2693
266 3460
267 1648
267 2101
267 2259
267 2598
267 2650
267 3042
267 3252
268 570
268 975
268 2125
269 2798
269 3084
270 1051
271 370
271 583
271 3120
272 1275
272 1360
272 3545
273 783
273 1193
273 1427
273 1802
273 1843
273 1902
273 2840
274 672
274 1075
274 1255
274 1925
274 2090
274 2862
274 3233
275 1023
275 3431
276 1032
276 1141
276 3402
277 2578
277 2642
278 1062
278 1512
278 1834
279 1650
279 2422
279 3255
280 366
280 730
280 763
280 984
280 1329
280 2472
280 2878
281 2385
281 3262
281 3339
282 672
282 1010
282 1256
282 1410
282 1578
282 1683
282 1757
282 2461
283 339
283 1356
283 2803
284 1266
284 1870
284 1960
284 2555
284 2656
284 2764
284 3409
284 3523
285 2765
285 2903
285 3034
286 740
286 2821
286 3235
287 1571
287 3065
288 1492
288 1523
288 1627
288 1791
288 2379
288 2415
288 2572
288 3578
289 795
289 2622
289 3502
290 307
290 313
290 1620
290 2284
290 2331
290 2476
290 3285
290 3595
291 2273
291 2732
291 3435
292 1507
292 2008
292 3473
293 1765
293 2318
293 3083
294 598
294 2084
294 2678
295 725
295 1158
295 1451
295 1550
295 2018
295 2124
295 2161
295 3665
296 1632
296 2317
296 2890
297 418
297 2324
297 2418
297 2450
297 2552
297 2597
297 3480
297 3505
298 1155
298 2606
298 3166
299 1334
299 1506
299 1753
300 381
300 907
300 957
300 1169
300 2103
300 2108
300 2334
300 2822
301 618
301 733
301 1165
302 661
302 3473
303 1701
303 3163
304 703
304 1248
304 2688
305 2663
305 3662
306 662
306 943
306 1725
306 1769
306 2406
306 2879
306 3417
306 3684
307 1652
307 3569
308 465
308 690
308 886
308 1014
308 1833
308 2131
308 3099
308 3110
309 673
309 812
309 1255
309 1433
309 2163
309 2284
309 2310
309 2506
310 1631
310 1826
310 3339
311 850
311 958
311 2429
312 2814
312 2835
312 2893
313 994
314 618
314 1338
314 2445
315 762
315 851
315 898
316 504
316 546
316 3543
317 413
317 527
317 1895
317 2384
317 2571
317 2701
317 3292
317 3612
318 1328
318 1507
318 3041
319 797
319 924
319 1026
319 1294
319 1968
319 2994
319 3550
320 519
320 1151
320 1924
321 2084
321 2527
321 3120
322 784
322 1054
322 3019
323 338
323 351
323 2067
324 2112
324 2765
324 2841
325 735
325 2318
325 2699
326 526
326 1288
326 2880
327 1730
327 1948
327 3370
328 500
328 958
328 1976
329 518
329 1688
329 2412
329 2753
329 2869
329 3455
329 3597
330 341
330 2765
330 3281
331 1082
331 1225
331 1557
331 1714
331 2324
331 2393
331 2439
331 2800
332 1106
332 1563
332 1639
333 1139
333 1263
333 1544
334 635
334 2021
334 3441
335 2746
335 3021
335 3245
336 1610
336 1776
336 2116
336 2408
336 2786
336 2999
336 3348
337 1115
337 1478
337 3140
338 1138
338 1320
338 1462
338 1809
338 1998
338 3331
339 409
339 1022
339 1783
339 2711
339 3195
339 3486
339 3524
340 1898
340 2144
340 3087
341 1888
341 2238
341 2252
341 2939
341 3062
342 787
342 1093
342 1880
342 2570
342 3036
342 3114
342 3492
342 3541
343 1735
343 1944
343 3014
344 587
344 1111
344 1906
344 2423
344 2827
344 3075
344 3503
345 1730
345 2498
345 2901
346 494
346 1362
346 2150
346 2306
346 2934
346 3254
346 3386
346 3523
347 1950
347 3602
348 1061
348 1289
348 1610
348 2022
348 2127
348 2443
348 3108
349 383
349 405
349 450
349 1366
349 2019
349 2371
350 1785
350 1991
350 2120
351 548
351 1211
351 1627
351 2276
351 3043
351 3592
352 361
352 957
352 1126
352 1438
352 1813
352 2154
352 2504
353 861
353 1915
353 2295
354 1080
354 2639
355 553
355 626
355 912
355 1519
355 2761
355 3059
355 3536
356 1134
356 2266
356 3299
357 436
357 992
357 1658
357 2508
357 2683
357 2983
357 3200
357 3382
358 365
358 749
358 2260
359 1654
359 1997
359 2132
360 388
360 461
360 1013
360 2323
360 2783
360 2945
360 3127
360 3531
361 472
361 3672
362 1263
362 1328
362 2658
363 726
363 2691
364 1295
364 1642
364 3671
365 1341
365 1440
365 1593
365 1689
365 2573
365 2674
366 749
366 2484
367 1996
367 3163
367 3413
368 1920
368 2841
368 3291
369 505
369 964
369 2012
370 592
370 2025
370 2157
370 2326
370 2636
370 2924
371 1281
371 1396
371 3136
372 493
372 1983
372 2542
373 671
373 850
373 2178
374 809
374 3039
375 1095
375 1564
375 1837
375 2505
375 2697
375 2713
375 3376
376 1155
376 1559
376 2275
377 388
377 744
377 881
377 970
377 1807
377 2607
377 3090
378 933
378 1996
378 3221
379 1257
379 3168
380 1722
380 1735
380 2623
381 1915
381 3101
382 489
382 536
382 1272
382 2024
382 2201
382 2511
382 2685
382 2725
383 2035
383 3281
384 2961
384 2982
384 3125
385 809
385 1413
385 2374
386 496
386 1035
386 2128
386 3352
386 3378
386 3380
386 3537
387 1909
387 2374
387 2866
388 1036
389 610
389 1246
389 3070
390 2798
390 2998
390 3522
391 2034
391 2108
391 2136
391 2661
391 2797
391 3446
391 3565
392 695
392 1263
392 2794
393 1197
393 3034
393 3115
394 408
394 512
394 738
394 1072
394 1169
394 1811
394 2034
394 2181
395 727
395 1123
395 1240
395 2113
395 2131
395 2819
395 3667
396 2193
396 2416
397 758
397 1308
397 1436
397 1738
397 2773
397 2780
397 3239
397 3365
398 631
398 1007
398 1403
399 1141
399 2332
400 1993
400 2397
400 3413
401 1008
401 1147
401 2580
402 630
402 842
402 1672
403 488
403 2248
404 873
404 1928
404 2774
405 1712
405 2467
406 411
406 1453
406 1732
406 2128
406 2179
406 2855
406 3538
406 3692
407 1032
407 1694
407 2218
408 2501
408 2937
409 533
409 2273
410 429
410 1914
410 2037
410 2146
410 3390
410 3580
410 3631
411 468
412 653
412 1054
413 2397
413 2579
414 2653
414 3251
415 1175
415 1680
415 1973
415 2063
415 2426
415 2589
415 2981
415 3452
416 1147
416 1180
416 2667
417 646
417 765
417 2903
418 927
418 2980
419 1108
419 1468
419 2978
420 2409
420 2690
420 2963
420 3003
420 3042
420 3419
420 3612
420 3623
421 761
421 906
421 1137
421 1625
421 2567
421 2897
422 1185
422 1771
422 2471
423 1086
423 1277
423 1548
423 1937
423 2127
423 2322
423 2485
423 2970
424 1932
424 2196
424 2431
425 897
425 2033
425 3313
426 1572
426 2058
427 814
427 1526
428 2162
428 2988
428 3535
429 631
429 1822
430 501
430 2803
430 3479
431 2497
431 3068
432 1853
432 2714
432 3218
433 1154
433 1283
433 3039
434 1397
434 2358
434 3613
435 1107
435 1117
435 1254
435 1398
435 2377
435 2540
435 2729
436 1468
436 1774
437 1553
437 2140
437 3442
438 670
438 729
438 967
438 2141
438 2493
438 2979
438 3581
439 1071
439 1311
440 1456
440 2092
440 2605
440 2672
440 2809
440 3355
440 3412
440 3481
441 554
441 578
441 2346
441 2522
441 2599
441 2726
441 3026
441 3560
442 847
442 3583
443 505
444 1722
444 2503
444 3466
445 1334
445 1950
445 3057
446 470
446 1428
446 2575
447 888
447 1188
447 1365
447 1380
447 2272
447 2665
447 3133
447 3456
448 573
448 743
449 1130
449 1184
449 1218
449 1411
449 2041
449 2053
449 3198
449 3200
450 2839
451 537
451 1586
451 2278
451 2675
451 2987
451 3090
451 3173
451 3244
452 964
452 1920
452 3521
453 2758
453 3010
454 1210
454 1512
454 2732
455 1413
455 2464
456 683
456 1900
456 3231
457 1406
457 2662
457 2821
458 1513
458 2896
458 3271
459 1600
459 2799
459 3464
460 1257
460 1606
460 1695
461 594
461 1946
462 503
462 821
462 1088
462 1644
462 2328
462 3063
462 3382
462 3447
463 1003
463 2382
463 2704
464 3067
464 3464
464 3545
465 726
465 3415
466 1581
466 3433
466 3637
467 1285
467 3442
467 3621
468 675
468 1093
468 1643
468 1978
468 2502
468 2626
468 3112
469 2055
469 2431
469 3267
470 1187
470 1322
470 1716
470 1967
470 3341
470 3587
471 1579
471 1921
471 3048
472 925
472 1305
472 2103
472 2111
472 2446
472 3158
472 3358
473 1639
473 3441
473 3583
474 1132
474 1571
474 3101
475 871
475 1151
475 1584
476 1408
476 1431
476 1448
476 2071
476 2118
476 2656
476 3030
476 3560
477 1264
477 1869
477 2769
478 1011
478 2752
478 3304
479 1295
479 3097
479 3571
480 1002
480 3613
481 2140
481 3160
481 3680
482 624
482 645
482 1258
482 1473
482 1875
483 631
483 2953
484 614
484 3068
485 740
485 873
485 2444
486 493
486 1401
486 1869
487 1052
487 2515
487 2623
488 1626
488 1656
488 2692
488 3110
488 3205
488 3497
489 618
489 1155
490 2342
490 3007
491 1356
491 2280
491 3007
492 1442
492 2523
492 3229
493 542
493 1055
493 2506
493 2609
493 2779
493 2882
494 1754
494 2458
495 556
495 2623
495 3136
496 1164
496 1559
497 2260
497 2527
498 614
498 1944
498 2653
499 909
499 1531
499 2351
499 2448
499 2478
499 2487
499 3020
500 1280
500 1298
500 1819
500 2047
500 2420
501 611
501 906
501 1528
501 1821
501 2528
501 3577
501 3615
502 1005
502 1574
502 2402
502 2675
502 3149
502 3528
502 3548
502 3608
503 2188
503 2978
504 788
504 1729
504 2166
504 2453
504 2456
504 3536
504 3603
505 757
505 775
505 2147
505 2610
505 3240
505 3323
506 556
506 2721
506 2978
507 1509
507 3159
507 3274
508 561
508 654
508 1347
508 1671
508 2368
508 2563
508 2984
508 3264
509 1510
509 1533
510 2344
510 2658
510 2848
511 818
511 2032
512 3019
512 3406
513 1912
513 1924
514 1690
514 3562
514 3569
515 835
515 3571
516 538
516 2281
516 2479
516 2649
516 3072
516 3100
516 3468
517 2308
517 3010
517 3508
518 2308
518 2777
519 935
519 996
519 1361
519 1922
519 2806
520 2407
520 2416
520 3129
521 1151
521 2295
521 2467
522 1468
522 1758
522 2188
523 724
523 1013
523 1149
523 1648
523 1854
523 2468
523 2755
523 3310
524 807
524 814
524 2364
525 1181
525 2311
525 2907
526 905
526 1596
526 2027
526 2210
526 2670
526 3223
527 1954
527 2264
528 580
528 1696
528 3681
529 1443
529 3125
529 3482
530 1281
530 2419
530 2458
531 1993
531 3402
531 3558
532 1046
532 1663
532 1766
532 1768
532 1788
532 2185
532 2511
532 3354
533 1550
533 1813
533 2474
533 2668
533 2997
534 1003
534 1785
534 3326
535 1225
535 1461
535 2011
535 2287
535 2296
535 3477
536 3080
536 3303
537 1750
537 1908
538 807
539 1397
539 2021
539 3679
540 939
540 3339
540 3370
541 2736
541 3159
541 3220
542 720
542 3399
543 1831
543 2801
544 1526
545 726
545 2119
545 3130
546 779
546 988
546 1110
546 2463
546 2867
546 3322
546 3542
547 653
547 1030
547 3569
548 759
548 2109
549 1311
549 2982
549 3218
550 623
550 777
550 1319
550 1520
550 1790
550 3385
550 3407
550 3693
551 1105
551 1219
551 1854
551 2792
551 3146
551 3430
551 3432
551 3445
552 590
552 1264
552 2032
553 1824
553 1923
554 2444
554 2723
555 653
555 3637
556 1380
556 1492
556 1661
556 2354
556 2720
557 872
557 2492
557 2654
558 573
558 2434
559 762
559 3196
559 3217
560 1000
560 1626
560 2060
560 2488
560 2589
560 2872
560 3559
560 3567
561 2036
561 2274
562 650
562 1181
562 1306
563 2501
563 2641
564 743
564 3389
565 1245
565 1247
565 1653
565 2651
565 2675
565 2766
565 3162
565 3307
566 766
566 978
566 1622
566 2441
566 2822
566 3311
566 3397
566 3484
567 2078
567 2521
567 3370
568 595
568 1883
568 1923
569 875
569 2192
569 2484
570 783
570 1053
570 1543
570 2412
570 2727
570 2815
570 3632
571 2067
571 2830
571 3184
572 1662
572 2129
572 3496
573 712
573 728
573 1583
573 2136
573 2198
573 3546
574 1028
574 1096
574 3080
575 2841
575 3339
576 2130
576 3014
577 2765
577 3262
578 1793
578 2524
579 768
579 943
579 960
579 1723
579 2657
579 3106
579 3378
580 911
580 2279
580 2384
580 2512
580 2522
581 650
581 737
581 1011
582 1740
582 1948
582 2931
583 1001
583 1084
583 1489
583 2730
583 3301
583 3322
583 3581
584 2012
584 2332
584 3406
585 1935
585 2416
585 3225
586 1425
586 3571
587 3571
587 3679
588 1041
588 1331
588 1682
588 2529
588 2700
588 2852
588 2926
588 3380
589 1021
589 1734
590 738
590 1016
590 1055
590 1972
590 2234
590 2694
590 3161
591 1066
591 1991
591 2221
592 2699
593 989
593 1180
593 2723
594 718
594 970
594 1568
594 1574
594 1702
594 3302
595 633
595 636
595 1414
595 1419
595 2573
595 3077
596 2704
596 3627
597 1797
597 2169
597 3174
598 649
598 698
598 855
598 1981
598 2009
598 2247
598 2730
599 1067
599 3495
600 1443
600 2144
600 2634
601 1614
601 1791
601 2682
601 2886
601 3580
601 3612
601 3686
602 1338
602 1559
602 2606
603 2735
603 3593
604 1028
604 3140
604 3160
605 1268
605 3470
606 903
606 2578
606 2606
607 838
607 2524
608 3097
608 3443
608 3463
609 2364
609 2496
609 3679
610 839
610 2466
610 2551
610 2710
610 2977
610 3460
610 3685
611 1330
611 3083
612 1275
612 2192
612 2382
613 1073
613 2640
613 3679
614 987
614 1315
614 2507
614 3040
614 3503
614 3600
615 647
615 790
615 1018
615 1025
615 2541
615 2631
615 3152
616 635
616 3103
616 3423
617 699
617 1395
617 1934
618 798
618 1598
618 2652
618 3278
619 1174
619 1242
619 2169
620 642
620 1822
621 1642
621 3083
622 1509
622 1636
622 2747
623 1348
624 1612
625 806
625 1221
625 1228
625 2002
625 2574
625 2595
625 2792
625 2832
626 1360
626 2382
627 2338
628 1404
628 1746
628 2027
628 2838
628 3006
628 3458
628 3532
628 3626
629 1210
629 1872
629 3115
630 753
630 1335
630 1508
630 2223
630 3036
630 3692
631 669
631 1379
631 2561
631 3109
631 3137
632 1306
632 1950
632 2212
633 1515
633 2662
634 2105
634 2731
634 2928
635 969
635 1399
635 1467
635 1709
636 1334
636 3525
637 1054
637 1386
637 2642
638 1638
638 3281
639 964
639 2746
639 3672
640 808
640 892
640 2052
640 2590
640 2646
640 2734
640 2936
641 1712
641 2029
642 1529
642 1751
642 1959
642 2179
642 2698
642 3364
643 754
643 866
643 1668
643 1955
643 2022
643 2465
643 2563
643 3257
644 780
644 2592
644 2735
645 1652
645 3291
646 758
646 1742
646 1759
646 1845
646 2243
646 3403
646 3656
647 964
647 2484
648 2531
648 2635
648 3041
649 1246
649 3483
650 1597
650 2281
650 2741
650 2878
650 3448
651 742
651 1025
651 1905
651 2291
651 2648
651 2808
651 2858
651 3250
652 1283
652 2212
652 2311
653 918
653 1122
653 1455
653 2256
653 2596
654 1195
654 3437
655 1482
655 1983
655 2082
656 2067
656 2081
657 2132
657 2458
657 2998
658 2286
658 3189
659 794
659 903
659 2658
660 1004
660 2193
660 3216
661 1022
661 2038
661 2061
661 2124
661 2291
661 3305
662 2275
662 2578
663 1099
663 2248
663 3212
664 1051
664 1761
664 3602
665 1350
665 3231
666 1350
666 1396
666 1850
667 3249
667 3620
668 1241
668 1707
668 2494
668 2684
668 2749
668 3494
668 3570
669 1772
669 3214
670 3177
670 3470
671 1237
671 1619
671 2421
671 2483
671 2490
672 2458
673 3464
674 801
674 1352
674 3115
675 998
675 3593
676 1132
676 1932
676 2171
677 2132
677 2142
677 3431
678 1173
678 3282
678 3569
679 934
679 1378
680 858
680 890
680 1202
680 1691
680 2180
680 2191
680 3462
681 2114
681 2386
681 2619
682 780
682 1909
682 3175
683 792
683 1172
683 1708
683 2309
683 2433
683 2782
684 1884
684 2358
684 3571
685 2445
685 3053
685 3080
686 771
686 1280
686 1534
686 1857
686 1994
686 2219
686 2745
687 942
687 946
687 1724
687 1998
687 2387
687 2884
687 3008
687 3074
688 1680
688 2327
688 2367
688 2369
688 2559
688 3312
689 2635
689 3160
689 3593
690 1174
690 1826
691 2144
691 2896
691 3535
692 895
692 2156
692 3041
693 1486
693 3177
693 3562
694 1096
694 2911
695 816
695 965
695 1498
695 2440
695 2510
695 2892
695 3416
696 904
696 1553
697 853
697 944
697 1395
698 1636
698 2301
699 1387
699 1633
699 1840
699 1895
699 2985
699 2996
700 904
700 1133
700 2142
701 2364
701 3435
701 3652
702 1348
702 2274
702 2576
703 736
703 1614
703 2134
703 3252
703 3292
703 3454
703 3551
704 1291
704 1371
704 1518
704 1657
704 1961
704 2612
704 3109
704 3118
705 871
705 2835
705 3522
706 733
706 1476
706 2655
707 1281
707 1909
707 2422
708 2787
708 3464
709 1021
709 1071
709 2359
710 1249
710 2467
710 3082
711 794
711 2391
711 3389
712 3437
712 3585
713 1572
713 1721
713 3211
714 927
714 1753
714 2491
715 1539
715 2106
715 3545
716 2641
716 2752
716 3019
717 861
717 2861
717 3410
718 1116
719 873
719 962
719 1248
720 758
720 776
720 1024
720 1591
720 3005
720 3394
721 796
721 1000
721 1555
721 1673
721 3157
721 3205
722 851
722 2187
722 3169
723 810
723 899
724 2106
724 2801
725 1116
725 2803
726 1593
726 2050
726 2819
726 3504
727 1547
727 2248
728 2266
728 2919
729 2084
729 2480
730 2736
730 3242
731 2847
731 3517
732 2758
732 3255
733 949
733 1218
733 1711
733 1974
733 2137
733 3272
734 1031
734 2193
735 804
735 2135
735 2631
735 3045
735 3305
735 3411
735 3611
736 2747
736 3095
737 917
737 1046
737 2200
737 2632
737 3444
738 743
739 1606
739 2521
739 2901
740 1565
740 2080
740 2672
740 2693
740 2993
740 3222
741 1512
741 1834
741 3457
742 3337
743 849
743 1170
743 1517
743 2406
744 1713
744 2353
745 1553
745 1778
745 2142
746 1304
746 2723
746 3621
747 919
747 1144
747 1286
747 2228
747 2925
747 2972
747 3009
747 3467
748 1130
748 1598
748 2676
748 2712
748 2948
748 3321
748 3561
749 865
749 1865
749 3072
749 3369
750 986
750 1490
750 1939
750 3306
750 3453
750 3691
751 1774
751 2106
751 2382
752 1290
752 1797
752 3671
753 862
754 3229
754 3593
755 1195
755 2860
756 1195
756 2363
756 2434
757 2482
757 2492
759 1221
759 1300
759 1980
759 2539
759 2785
759 3420
760 2286
760 2480
760 3297
761 1765
761 2606
762 808
762 965
762 1083
762 2336
762 2632
762 3000
763 958
763 3613
764 934
764 1569
765 803
765 908
765 982
765 1296
765 2795
765 2842
765 3005
766 1571
766 2045
767 1443
767 1909
767 3145
768 1204
769 802
769 1093
769 1508
769 1649
769 1901
769 2406
769 2677
770 1483
770 2532
770 3251
771 1636
771 2875
772 1323
772 1780
772 2550
772 2577
772 2718
772 2898
772 3052
772 3296
773 1143
773 1454
773 2630
773 3263
773 3264
774 1304
774 1758
774 2691
775 894
775 1271
776 2196
776 2311
778 2585
778 3097
778 3613
779 1993
779 2332
780 1798
780 1919
780 2336
781 1302
781 1393
781 1719
781 2160
781 2216
781 2959
781 3176
782 899
782 1690
782 2338
783 862
784 1677
784 2316
784 2674
784 3033
784 3302
784 3469
785 2980
785 3130
785 3624
786 856
786 1325
786 1367
786 2076
786 2519
786 2768
786 3122
786 3563
787 1062
787 2581
788 1275
788 3201
789 810
789 2527
789 3016
790 2382
790 3464
791 1772
791 2067
791 2081
792 1039
792 2218
793 1099
793 2241
793 2980
794 1780
794 1893
794 2459
794 2879
794 3157
795 1064
795 1146
795 1429
795 2017
795 2408
795 3544
796 1482
796 1904
797 3249
797 3389
798 1248
798 2888
799 1771
799 3282
800 1285
800 1482
800 1932
801 2262
801 2705
801 2764
801 2813
801 3192
801 3206
801 3434
802 3585
803 2221
803 2396
804 1495
805 2830
805 3243
805 3639
806 1012
806 1197
807 1303
807 2804
807 2827
808 2156
809 1800
809 1917
809 1931
809 2656
810 1525
810 2500
810 2636
810 3426
810 3427
811 1000
811 1014
811 1027
811 1148
811 1359
811 1602
811 1667
811 3043
812 2082
812 2542
813 1352
813 1912
814 1190
814 1697
814 2257
814 2304
814 2574
815 1360
815 2738
815 3132
816 962
816 2187
817 1666
817 1846
817 3527
818 2043
818 2246
818 2346
818 2672
818 2693
818 2751
818 2992
819 2036
819 2363
820 1506
820 2087
821 2187
821 2482
822 1826
822 1971
822 3496
823 862
823 2308
824 2010
824 2928
824 3083
825 944
825 1023
825 1553
826 2400
826 2988
826 3418
827 2624
827 2847
827 3249
828 1261
828 2295
828 3230
829 2196
829 3295
830 2603
830 2919
830 2941
831 1196
831 1321
831 1546
831 1875
831 3046
831 3165
831 3381
831 3633
832 1632
832 2691
832 2978
833 835
833 2606
833 3183
834 1355
834 1496
834 2935
834 2995
834 3343
834 3507
835 1118
835 1678
835 2071
835 3533
835 3653
835 3685
836 1663
836 2201
836 2324
836 2785
836 2869
836 2995
836 3555
836 3592
837 933
837 2397
837 2521
838 938
838 1113
838 1773
838 2351
838 2370
838 2577
838 2870
839 1242
839 1273
840 2888
840 3245
840 3316
841 2130
841 3080
841 3602
842 1088
842 1901
842 1978
842 2244
842 3100
843 1138
843 1703
843 1783
843 2124
843 2181
843 2206
843 2534
843 3020
844 3083
844 3174
844 3175
845 1869
845 2032
845 2853
846 1898
846 2634
846 3271
847 1438
847 1709
847 2107
847 2831
847 2954
847 3379
847 3438
848 1036
848 2622
848 3280
849 903
849 1736
850 1005
850 1968
850 2962
850 3185
850 3647
851 2079
851 2965
851 3634
851 3660
852 903
852 1635
853 988
853 1034
853 1200
853 1325
853 1465
853 2139
853 2319
854 956
854 1199
854 1674
854 1787
854 2277
854 2442
854 2897
854 3438
855 1612
855 3016
856 1204
857 1482
857 2663
857 3235
858 1495
858 3169
859 2301
859 2637
859 2756
860 2467
860 2918
861 929
861 1344
861 1480
861 1866
861 2233
861 2366
862 1076
862 1955
862 1963
862 1975
862 1978
863 1944
863 3251
864 1948
864 2901
864 3168
865 1271
865 1920
866 1268
866 2338
867 1152
867 1370
867 1482
868 979
868 3145
869 2033
869 2732
870 1051
870 1556
870 3645
871 966
871 1340
871 2028
871 2617
871 2627
871 2906
872 1240
872 1534
872 3398
872 3474
872 3513
872 3516
873 910
873 1527
873 2556
873 2992
873 3689
874 1753
874 2178
875 1207
875 1962
875 2137
875 2179
875 3077
875 3179
875 3561
876 2444
876 2769
877 1238
878 1822
878 1825
878 2438
879 1672
879 2055
879 2407
880 1765
880 2275
881 1386
881 2704
882 2087
882 3463
883 1448
883 1586
883 2168
883 2258
883 2288
883 2450
883 3388
884 1457
884 1699
884 3087
885 1259
885 2035
885 3174
886 1662
887 2036
887 2434
887 2860
888 2538
888 2978
889 1275
889 2787
890 2008
890 2158
891 1514
891 1651
891 1805
891 1984
891 2072
891 2198
891 3563
892 2475
892 2601
893 1449
893 1585
893 1855
893 2390
893 2420
893 2495
893 2725
893 3215
894 1336
894 1422
894 1837
894 1892
894 3422
895 1287
895 1364
895 1814
895 2038
895 3181
895 3276
895 3493
896 1425
896 1446
896 2308
897 1355
897 1415
897 1684
897 2544
897 2805
897 3363
898 1498
898 1617
898 1675
898 2507
898 2840
898 3250
898 3611
899 1520
899 2165
899 2646
899 2846
899 3150
899 3673
900 1987
900 2353
900 2777
901 2045
901 3671
902 2174
902 2732
902 3101
903 1649
903 1864
903 2339
903 3106
904 2577
904 2979
904 2997
904 3588
904 3601
904 3616
905 2640
905 3186
906 2275
907 1271
907 2746
908 1831
908 1999
909 2937
909 3652
910 3096
911 1483
911 2033
912 2192
912 3545
913 1647
913 2471
913 3177
914 1003
914 2498
914 2931
915 2087
915 2763
916 1612
916 2386
916 2721
917 3413
918 1386
918 2578
919 1740
919 2578
920 1155
920 3643
921 2635
921 3410
922 1204
922 1850
922 3136
923 1348
923 1977
923 3214
924 2432
924 3068
925 1348
925 3437
926 1431
926 1532
926 1587
926 2246
926 3076
926 3171
927 1331
927 1707
927 2172
927 2251
927 2986
927 3641
928 1701
928 2158
928 3221
929 2871
929 3230
930 2308
931 1573
931 2905
931 3314
932 1004
932 2286
932 2893
933 1580
933 2016
933 2200
933 2520
933 3227
933 3553
934 2149
934 2776
934 2886
934 3609
934 3670
935 2918
935 3281
936 1652
936 2114
936 3282
937 1328
937 1774
937 3267
938 2273
938 2743
939 1359
939 1680
939 2426
939 2771
939 2974
939 3260
939 3497
940 1976
940 2249
940 3220
941 1125
941 1303
941 1309
941 1784
941 2706
941 3126
941 3586
942 1270
942 1721
943 2615
944 1255
944 1439
944 1803
944 2533
944 3683
945 3039
945 3325
945 3443
946 1976
946 2058
947 1069
947 2029
947 3682
948 1424
948 1605
948 1943
948 2060
948 2227
948 2660
948 2883
948 2946
949 1556
950 975
950 1513
950 3337
951 1067
951 2848
951 3370
952 1695
952 1948
952 2480
953 2774
953 3073
953 3255
954 1129
954 1230
954 1592
954 1751
954 1798
954 1980
954 2245
954 2345
955 1008
955 1058
955 2438
956 2634
956 2961
957 2576
958 1879
958 2030
958 2479
958 3331
958 3544
959 1048
959 2445
959 2835
960 1426
960 3131
961 3129
961 3139
961 3189
962 2191
962 2809
962 2914
962 2965
962 3276
962 3330
963 1242
963 1378
963 2531
964 1837
964 1936
964 2334
966 2911
966 3268
967 1338
967 3643
968 2174
968 2492
968 3664
969 2904
970 2106
971 1216
971 1612
971 2455
972 2317
972 2763
972 2953
973 1632
973 2865
973 3402
974 1116
974 1701
974 2280
975 1940
975 2307
975 2549
975 2627
975 2754
975 3193
976 1650
976 2407
976 3010
977 2082
977 2142
977 2473
978 1132
978 2068
979 1193
979 1253
979 2037
979 2088
979 2372
979 2437
980 1023
980 1696
980 2643
981 1397
981 1639
981 3186
982 3184
983 1243
983 1304
983 2978
984 2344
984 3274
985 2531
985 2714
986 2112
986 3014
988 1166
989 1458
989 1551
989 1752
989 2073
989 2235
989 2805
989 3222
990 1174
990 1556
990 3221
991 3101
991 3226
991 3313
992 1066
992 3664
993 1281
993 3204
994 1112
994 1203
994 1465
994 2300
994 2611
994 2938
994 3002
995 1553
995 2078
995 2117
996 3142
996 3410
997 1007
997 2438
997 3443
998 1700
998 1711
998 2618
998 2712
998 3172
999 1515
999 1753
999 3470
1001 2142
1001 3558
1002 1059
1002 1389
1002 1815
1002 1985
1002 2003
1002 2571
1002 3552
1003 1144
1003 1535
1003 1907
1003 2952
1003 3121
1004 1239
1004 1337
1004 2116
1004 2664
1004 2762
1004 3372
1005 2058
1006 1395
1006 2341
1007 1187
1007 1274
1007 1373
1007 2881
1007 3364
1007 3390
1008 1389
1008 1431
1008 1458
1008 1716
1008 2726
1008 2996
1009 2266
1009 3496
1010 1109
1010 2132
1011 1729
1011 2101
1011 2411
1011 3104
1011 3202
1011 3308
1012 1739
1012 1798
1012 2074
1012 2094
1012 2949
1012 3284
1012 3592
1013 3218
1014 2260
1015 1164
1015 3166
1015 3286
1016 1536
1016 2927
1017 1316
1017 1369
1017 1460
1017 2145
1017 3172
1017 3625
1018 1051
1018 2527
1019 1652
1019 2249
1019 2460
1020 1136
1020 2188
1020 2781
1021 1047
1021 1171
1021 1629
1021 2718
1021 3557
1021 3614
1022 2937
1023 1077
1023 1421
1023 2243
1024 1210
1024 2765
1025 1475
1026 1450
1026 2542
1027 2865
1028 1465
1028 1670
1028 2708
1028 2899
1028 2943
1028 3256
1029 3389
1030 1258
1030 2376
1030 3210
1030 3379
1030 3471
1030 3690
1031 1124
1031 1201
1031 1307
1031 1447
1031 1776
1031 2392
1032 1849
1032 2314
1032 2343
1032 3241
1032 3320
1032 3629
1033 1202
1033 2007
1033 2824
1033 2976
1033 3015
1033 3181
1034 1115
1034 2401
1035 1753
1035 3435
1036 1500
1036 1677
1036 1843
1036 2148
1036 3528
1037 2498
1037 3168
1037 3370
1038 1778
1038 2637
1039 1097
1039 1471
1039 1792
1039 1866
1039 2366
1039 3362
1040 1270
1040 3220
1040 3291
1041 2178
1041 3627
1042 1755
1042 3243
1043 1048
1043 2068
1043 2796
1044 1577
1044 1635
1044 2848
1045 1563
1045 2937
1046 2212
1047 3218
1047 3482
1048 1819
1048 2075
1048 2208
1048 2253
1048 2685
1048 3148
1049 1378
1049 2565
1050 1132
1050 3671
1051 1415
1051 2041
1051 2157
1051 2197
1052 1692
1052 1886
1052 2175
1052 2337
1052 2350
1052 2433
1052 2710
1053 2777
1053 3010
1054 1144
1054 1769
1054 1864
1054 2971
1054 3475
1055 2099
1056 2893
1056 2998
1057 1509
1057 1836
1057 3273
1058 1219
1058 1253
1058 1967
1058 2110
1058 2146
1058 2211
1058 3200
1059 1395
1059 2830
1060 1139
1060 1537
1061 1996
1061 3196
1062 1235
1062 1384
1062 1714
1062 1775
1062 2098
1062 2855
1063 1269
1063 1446
1063 3496
1064 1275
1064 1923
1065 2775
1065 3057
1065 3274
1066 1240
1066 1332
1066 1373
1066 1945
1066 3035
1067 1532
1067 1973
1067 2628
1067 3026
1067 3032
1067 3532
1068 1457
1068 1754
1068 3535
1069 2093
1069 2922
1069 2991
1069 3060
1069 3108
1069 3180
1069 3197
1070 1284
1070 2254
1071 1171
1071 1651
1071 2006
1071 2167
1071 3052
1071 3259
1072 3619
1072 3622
1073 1405
1073 2285
1073 2360
1073 2955
1073 3164
1073 3626
1074 1166
1074 2545
1074 3558
1075 1696
1075 2142
1076 2055
1077 1133
1077 2140
1078 1533
1078 2396
1078 3231
1079 1694
1079 2760
1080 1233
1080 1910
1080 2350
1080 2707
1080 3093
1080 3653
1081 2860
1081 3232
1081 3556
1082 1116
1082 1491
1083 1306
1083 2036
1084 1636
1084 2527
1085 1275
1085 3304
1085 3339
1086 1638
1086 1989
1087 1180
1087 1722
1087 2731
1088 2501
1089 2267
1089 2585
1090 2338
1090 2401
1090 3160
1091 1501
1091 2484
1091 2839
1092 2634
1092 2896
1092 3220
1094 2081
1094 2523
1094 2845
1095 2492
1096 2126
1096 2200
1096 2299
1096 2836
1096 3028
1096 3266
1097 1771
1097 3243
1098 3245
1099 1705
1099 2288
1099 2800
1099 3555
1099 3641
1100 1494
1100 1497
1100 2131
1100 2509
1100 2573
1100 2633
1100 3119
1101 1772
1101 2576
1101 3437
1102 1825
1102 3280
1102 3682
1103 1577
1103 1761
1103 2455
1104 3273
1104 3457
1105 3235
1106 1790
1106 1815
1106 2070
1106 2985
1106 3044
1106 3257
1107 1401
1107 3423
1108 1276
1108 1343
1108 1781
1108 1817
1108 2167
1108 2647
1108 3063
1109 1961
1109 2090
1109 2237
1109 2298
1109 3153
1109 3254
1110 3304
1110 3682
1111 2919
1111 3251
1112 1579
1112 3282
1113 2743
1114 1247
1114 1250
1114 1514
1114 1781
1114 1818
1114 3024
1114 3259
1114 3599
1115 1588
1115 1681
1115 2095
1115 2300
1115 2836
1116 1461
1116 1843
1116 2195
1116 3486
1117 1584
1117 3102
1118 1425
1118 2496
1119 1281
1120 1607
1120 1954
1121 3479
1122 1900
1122 1928
1123 2120
1123 2875
1124 2893
1124 3326
1125 1180
1125 3466
1126 2691
1126 2980
1127 1139
1127 1512
1127 2581
1128 1268
1128 2020
1129 3073
1129 3096
1131 1487
1131 1928
1131 3189
1132 1575
1132 2227
1132 2567
1132 2942
1133 1803
1133 2217
1133 2270
1133 3277
1133 3403
1133 3635
1134 1435
1134 1858
1134 1956
1134 2229
1134 2567
1134 3213
1135 1758
1135 2538
1135 2721
1136 1245
1136 1276
1136 1621
1136 1651
1136 2930
1136 3117
1136 3182
1137 2045
1137 2471
1138 1547
1139 1732
1139 2393
1139 2570
1139 3031
1139 3547
1140 1216
1140 2084
1141 2202
1141 2263
1141 3137
1141 3207
1141 3429
1141 3574
1142 1977
1142 2419
1142 3645
1143 1942
1143 3652
1145 1765
1145 2171
1145 3479
1146 1537
1146 3132
1147 1763
1147 2080
1147 2544
1147 2908
1147 3038
1147 3540
1148 1463
1148 2311
1149 2747
1149 3522
1150 1579
1150 2399
1150 2642
1151 1548
1151 1706
1151 3180
1151 3400
1152 2238
1152 2792
1152 2993
1152 3124
1152 3134
1152 3439
1153 2010
1153 3183
1153 3304
1154 1266
1154 1417
1154 2065
1154 2121
1154 2138
1155 2493
1155 3330
1155 3440
1156 1559
1156 3103
1157 2473
1157 2492
1157 3226
1158 2008
1158 2937
1159 2640
1159 2847
1159 3231
1160 3048
1160 3295
1160 3589
1161 1693
1161 1858
1161 2343
1161 2446
1161 2900
1161 3695
1162 1486
1162 1718
1162 1772
1163 1462
1163 1582
1163 1724
1163 1744
1163 2009
1163 2272
1163 2913
1164 1762
1164 2239
1164 2339
1164 2681
1164 3294
1164 3684
1165 1799
1165 1933
1165 2367
1165 2690
1165 3321
1165 3454
1166 1700
1166 2282
1166 2671
1166 2804
1166 3674
1167 1645
1167 3051
1167 3212
1168 1628
1168 2212
1168 3183
1169 3585
1170 1223
1170 1869
1171 3295
1172 1771
1172 2861
1173 1473
1173 2669
1173 2715
1173 2717
1173 3275
1173 3595
1173 3663
1174 1215
1174 1267
1174 1411
1174 1749
1174 2564
1175 1463
1175 2575
1176 2385
1176 2480
1176 3543
1177 2603
1177 3624
1178 2557
1178 3645
1179 1197
1179 2758
1179 3130
1180 2874
1180 3032
1180 3094
1180 3453
1181 1860
1181 2489
1181 2650
1181 3191
1181 3603
1182 1834
1182 2032
1182 2178
1183 1553
1183 1737
1184 2130
1184 3645
1185 1524
1185 1874
1185 1956
1185 1972
1185 2168
1185 2426
1185 2863
1186 1924
1186 2035
1186 3142
1187 1825
1188 3082
1189 1872
1189 2273
1189 3571
1190 1475
1191 1261
1191 1924
1191 2861
1192 2081
1192 2821
1192 3177
1193 2424
1194 1912
1194 2451
1194 3160
1195 2269
1195 2632
1195 2696
1195 2873
1195 3156
1196 1270
1196 2460
1197 1279
1197 1300
1197 1566
1197 2283
1197 2362
1198 2035
1198 2905
1198 3602
1199 1443
1199 1513
1200 1501
1200 3558
1201 3129
1202 2787
1203 1795
1203 3160
1204 1762
1204 2739
1204 2885
1204 2973
1204 3138
1205 3101
1205 3466
1206 1713
1206 1734
1206 2760
1207 1923
1207 2203
1208 2492
1208 2875
1208 2941
1209 1721
1209 3299
1210 1349
1210 1566
1210 1880
1210 2388
1210 3618
1211 1836
1211 2407
1212 2031
1212 2907
1213 2467
1213 3678
1214 1495
1214 2144
1214 2904
1215 2585
1216 1582
1216 1634
1216 1659
1216 1890
1216 3301
1216 3651
1217 3115
1217 3457
1217 3627
1218 2267
1219 2059
1220 1238
1220 1730
1220 2763
1221 1872
1222 1909
1222 2424
1222 2961
1223 1623
1223 2108
1223 2234
1223 2250
1223 2534
1223 3025
1223 3669
1224 1386
1224 2794
1225 1356
1226 1443
1226 2424
1226 3204
1227 1420
1227 1527
1227 2809
1227 3278
1227 3419
1227 3459
1227 3549
1227 3551
1228 1257
1228 1730
1229 1904
1229 2045
1229 2171
1230 2422
1230 2758
1231 1304
1231 1406
1231 2667
1232 3226
1232 3664
1233 2929
1234 1507
1234 2527
1234 2699
1235 1324
1235 1603
1236 1912
1236 3103
1236 3410
1237 1701
1237 2342
1238 1393
1238 2322
1238 2562
1238 3180
1238 3348
1238 3638
1239 2193
1241 2032
1241 2241
1242 1351
1242 1659
1242 2247
1242 2707
1242 3236
1243 1882
1243 2050
1243 2504
1243 2776
1243 3119
1243 3315
1244 1268
1244 2837
1245 2919
1246 1634
1246 2564
1246 2772
1246 3055
1246 3093
1247 2535
1248 2190
1248 2409
1248 2583
1248 2740
1248 3412
1249 1551
1249 1710
1249 1896
1249 2544
1249 2599
1249 2935
1250 1370
1250 1413
1251 1261
1251 1734
1252 1269
1253 1403
1254 2890
1254 3212
1256 2658
1256 3140
1257 1585
1257 2075
1257 2488
1257 2660
1257 3116
1258 3139
1259 2197
1259 2335
1259 2349
1259 2806
1259 2817
1259 3354
1260 2714
1260 3225
1260 3295
1261 1471
1261 1903
1261 2543
1261 3362
1261 3366
1262 1924
1262 2635
1262 3103
1263 1723
1263 2079
1263 2681
1263 2855
1263 3009
1264 2265
1264 2427
1264 3062
1264 3416
1264 3660
1265 2637
1265 2887
1266 3183
1267 1662
1268 1849
1268 2052
1268 3360
1268 3427
1269 1301
1269 1382
1269 2229
1269 2525
1269 2757
1269 3546
1270 1298
1270 2030
1270 3111
1270 3596
1271 1891
1271 2435
1271 2697
1271 3152
1271 3572
1272 1338
1272 1476
1273 1698
1273 1782
1273 2556
1273 2828
1273 3093
1273 3224
1273 3481
1274 3102
1275 1641
1275 2620
1276 1734
1277 2615
1277 3019
1278 2428
1278 2673
1278 3479
1279 1650
1279 2603
1280 3129
1281 1961
1281 3138
1281 3582
1282 1311
1282 2359
1283 1678
1283 2453
1283 2764
1283 3071
1283 3091
1284 1302
1284 2177
1284 2351
1284 3026
1284 3511
1285 1626
1285 1667
1285 1838
1285 1893
1285 2225
1286 1539
1286 3267
1287 3169
1287 3337
1288 1293
1288 1889
1288 2430
1288 2554
1288 2955
1288 3090
1289 2119
1290 1407
1290 1613
1290 2757
1290 2817
1290 2946
1290 3393
1290 3587
1291 2119
1292 2523
1292 2731
1293 1987
1293 3508
1294 1482
1294 2431
1295 1385
1295 1605
1295 1881
1295 1887
1295 3118
1296 1354
1296 2058
1297 1311
1297 3295
1298 3242
1299 2619
1299 3174
1299 3248
1301 1391
1301 1537
1302 1754
1304 1390
1304 1521
1304 2153
1304 2864
1305 1647
1305 2810
1306 1788
1306 2016
1306 2126
1306 2411
1306 2696
1307 3132
1308 1755
1308 2058
1309 1559
1310 1316
1310 1528
1310 2118
1310 2618
1310 2625
1310 3128
1310 3533
1311 1760
1311 1952
1311 2644
1311 3052
1312 1999
1312 2848
1312 3679
1313 2961
1313 3145
1313 3204
1314 1363
1314 2352
1314 2489
1314 2947
1314 3089
1314 3098
1314 3202
1315 2532
1315 2920
1316 2428
1317 1350
1317 1785
1317 1934
1318 1506
1318 2117
1318 2887
1319 2114
1319 3562
1320 1601
1320 2937
1321 2062
1321 3627
1322 1391
1322 1971
1323 1778
1323 2254
1324 2409
1324 2568
1324 2674
1324 3022
1324 3193
1324 3547
1324 3551
1325 2763
1326 1942
1326 2081
1326 2105
1327 1836
1327 2775
1327 3115
1328 1409
1328 1445
1328 1535
1328 2044
1328 3475
1329 1637
1329 3521
1330 2013
1330 2230
1330 2437
1330 2593
1330 2858
1330 3045
1330 3490
1331 3297
1332 1785
1332 3433
1333 1406
1333 3525
1333 3562
1334 1452
1334 1766
1334 2314
1334 2852
1335 2428
1335 3593
1336 3589
1337 1446
1337 3132
1338 1589
1338 2214
1338 2914
1338 3461
1339 1645
1339 2117
1339 2907
1340 2592
1340 3142
1341 2699
1341 3521
1342 1612
1342 2429
1342 3245
1343 1650
1343 3662
1344 1734
1344 2799
1345 2871
1345 3621
1346 1753
1346 3123
1346 3627
1347 1442
1347 2105
1348 1379
1348 2213
1348 3573
1349 1755
1349 2896
1350 1646
1350 2220
1350 3138
1351 3083
1352 1827
1352 1876
1352 2590
1352 2741
1352 2906
1353 1486
1353 1718
1354 1692
1354 1861
1354 1957
1354 2780
1354 3224
1354 3618
1355 2732
1356 1871
1356 2018
1356 2148
1356 3628
1357 1425
1357 2119
1357 2419
1358 2156
1358 3087
1358 3482
1359 1628
1360 1962
1360 2526
1360 2825
1360 3531
1361 1483
1362 1645
1363 2399
1363 3406
1364 2475
1364 3373
1365 2678
1365 3678
1366 1442
1366 2941
1367 1426
1367 3508
1368 1721
1368 1976
1368 3245
1369 2078
1370 1992
1370 2380
1370 2468
1370 2582
1370 2930
1370 3318
1371 1884
1371 2355
1372 2579
1372 3431
1372 3681
1373 3483
1374 1946
1374 2264
1375 2731
1375 3495
1376 2046
1376 3235
1376 3562
1377 1559
1377 1842
1377 2112
1378 2335
1378 2449
1378 2772
1378 2968
1378 3393
1379 1846
1380 1758
1381 1501
1381 3168
1381 3406
1382 2919
1383 1402
1383 1584
1383 2023
1384 2688
1384 3423
1385 2355
1385 2419
1386 2236
1386 2469
1386 3342
1387 2020
1387 3288
1388 1913
1388 2188
1389 2020
1390 2332
1390 2865
1391 2335
1391 2375
1391 2859
1391 2883
1391 3579
1392 2515
1392 2523
1392 3415
1393 3174
1394 2318
1394 3084
1394 3473
1395 2713
1395 2956
1395 3240
1395 3269
1396 1479
1396 2519
1396 2657
1396 3294
1397 1748
1397 1749
1397 2437
1397 2709
1397 3640
1398 1846
1398 2342
1399 1603
1400 1991
1400 3095
1400 3637
1401 2389
1401 2938
1401 3161
1402 1434
1402 2096
1402 2149
1402 2611
1402 2733
1402 3347
1403 1416
1403 2886
1403 3238
1403 3344
1403 3371
1404 1635
1404 2344
1405 2353
1405 2880
1406 1673
1406 2209
1406 3064
1407 1537
1407 2266
1408 2760
1408 3457
1409 3373
1410 2798
1410 2893
1411 3163
1412 2156
1412 2634
1413 1427
1413 1621
1413 1675
1413 2069
1414 1581
1414 2000
1415 3014
1416 2775
1416 2866
1417 2787
1417 3620
1418 1633
1418 1985
1418 2159
1418 2319
1418 2533
1418 3323
1418 3519
1419 2264
1419 3095
1420 1476
1420 2888
1421 1737
1421 2637
1422 2359
1422 2619
1423 2635
1423 3373
1423 3418
1424 2045
1425 1518
1425 2204
1425 2727
1426 2237
1426 2513
1426 2555
1426 2681
1426 3069
1428 1767
1428 1823
1428 1865
1428 2074
1428 2327
1428 3345
1428 3420
1429 3053
1429 3242
1430 1920
1430 2249
1430 3262
1432 1793
1432 2848
1432 2901
1433 2132
1433 2140
1434 2399
1434 2592
1435 2045
1436 1737
1436 2903
1437 1722
1437 2129
1437 2491
1438 1846
1439 1510
1439 3160
1440 1842
1440 3583
1441 1946
1441 2704
1442 1926
1442 2337
1442 3424
1442 3451
1443 2369
1443 2378
1444 2738
1444 3249
1444 3335
1445 1635
1445 3131
1446 1447
1446 2026
1446 2815
1446 3604
1447 3502
1448 1694
1449 2445
1450 2290
1450 2802
1450 2997
1450 3079
1450 3367
1450 3476
1451 2273
1451 3556
1452 2203
1452 2662
1453 2580
1453 3286
1454 1563
1454 2845
1455 2399
1456 1928
1456 3096
1457 1469
1457 1576
1457 2596
1457 2621
1457 2954
1458 3073
1459 1884
1459 2010
1459 3671
1460 1606
1460 2643
1462 3245
1463 1859
1463 1874
1463 1938
1463 2063
1463 2692
1463 3312
1464 2497
1464 2565
1464 2894
1466 3325
1467 1639
1467 2212
1468 2244
1468 2417
1468 2477
1468 2932
1468 3066
1469 1487
1469 2904
1470 2662
1470 3562
1470 3621
1472 2033
1472 2109
1472 3010
1473 2249
1474 1934
1474 2119
1474 3243
1475 1687
1475 1877
1475 2135
1475 2293
1475 2701
1475 3193
1476 2007
1476 2583
1476 3128
1476 3321
1477 2341
1477 2704
1478 1670
1478 1951
1478 3002
1478 3659
1478 3683
1479 2860
1479 3175
1480 2861
1481 1777
1481 2385
1481 3682
1482 2506
1482 3079
1483 1855
1483 2208
1483 3040
1483 3359
1483 3507
1484 1824
1484 3048
1485 1997
1485 2424
1486 1958
1486 2843
1486 3001
1487 1782
1487 1857
1487 2966
1487 3379
1487 3416
1487 3634
1488 1638
1488 2592
1488 3217
1489 2480
1490 1722
1490 3495
1491 1655
1491 2069
1491 2719
1491 3061
1491 3499
1491 3628
1492 3662
1493 1806
1493 2861
1493 3473
1494 2691
1495 2754
1495 3250
1495 3276
1495 3438
1495 3512
1496 3211
1497 2119
1497 2603
1498 2601
1499 1716
1499 2037
1499 2053
1499 2683
1499 3371
1499 3445
1499 3642
1500 1946
1500 2106
1501 1794
1501 2463
1501 3515
1502 2399
1502 2907
1502 3622
1503 2833
1503 2853
1503 2929
1504 2691
1504 3232
1505 1672
1505 2434
1505 3661
1506 1849
1506 2818
1506 2846
1506 2926
1507 2061
1507 2626
1507 2924
1507 3467
1507 3692
1508 1512
1509 2572
1509 3448
1509 3631
1510 2072
1510 2177
1510 3069
1510 3539
1511 2400
1511 2615
1512 1643
1512 1899
1512 3143
1513 1665
1513 2236
1513 2242
1513 3383
1513 3512
1515 1768
1515 2313
1515 2343
1515 2926
1515 2969
1515 3374
1516 1850
1516 2422
1516 3204
1517 2434
1518 3639
1519 2158
1519 2787
1520 1795
1521 2890
1521 3517
1522 1921
1522 2833
1522 3281
1523 1758
1523 2868
1524 1869
1524 2927
1525 2653
1525 2887
1526 2828
1526 2966
1526 2986
1526 3058
1526 3099
1526 3105
1527 3169
1528 2171
1529 1544
1529 1883
1530 2266
1530 2535
1531 1712
1531 3065
1532 2524
1533 1911
1533 2056
1533 2759
1533 3018
1533 3237
1533 3567
1534 3120
1535 2578
1536 1897
1536 2063
1536 2771
1536 3011
1536 3203
1537 1568
1537 1677
1537 1714
1537 3401
1538 1638
1538 2391
1538 3593
1539 1868
1539 2044
1539 2240
1539 2477
1539 2945
1539 3382
1540 3196
1541 1740
1541 2704
1541 3545
1542 1989
1542 3661
1543 1747
1543 1935
1544 2098
1544 2133
1544 2223
1544 2626
1544 3179
1544 3352
1545 1747
1545 2125
1545 2308
1546 1570
1546 2637
1547 1589
1547 2420
1547 2703
1547 2742
1547 3148
1547 3330
1548 3248
1549 1923
1549 2249
1549 2841
1552 2887
1553 1845
1553 3253
1554 2774
1554 2875
1555 3664
1556 2211
1556 2676
1556 2683
1556 2950
1556 3317
1557 3303
1558 1923
1558 3262
1558 3291
1559 2486
1560 2515
1560 2918
1560 2941
1561 1638
1561 2451
1562 1764
1562 1842
1563 1595
1563 1906
1563 2039
1563 3020
1563 3636
1564 1915
1564 2623
1565 2444
1565 2929
1566 3273
1567 1765
1567 3145
1567 3508
1568 3280
1569 2123
1569 2817
1569 3236
1569 3258
1569 3579
1569 3650
1570 1779
1570 1808
1570 1890
1570 1981
1570 2333
1570 3224
1570 3247
1571 1941
1571 2075
1571 2495
1571 3456
1571 3488
1572 1929
1572 2229
1572 2584
1572 2651
1572 3617
1572 3648
1573 1984
1573 2139
1573 2499
1573 2739
1573 2812
1574 1831
1575 1904
1575 2803
1576 2460
1576 3139
1577 2262
1577 2649
1577 2878
1577 3006
1578 1635
1578 2397
1579 1620
1579 2145
1579 2256
1579 2361
1579 3167
1580 3163
1580 3267
1581 1867
1581 1940
1581 2028
1581 3003
1581 3252
1582 3016
1583 3314
1583 3482
1584 1959
1584 2184
1584 3350
1585 2068
1586 1734
1587 3288
1588 2398
1589 3169
1590 3159
1590 3271
1590 3613
1591 2082
1591 3281
1592 1650
1593 2203
1594 3123
1594 3389
1594 3517
1595 2021
1596 2391
1596 2848
1597 2775
1597 3159
1598 2655
1599 1607
1599 2941
1600 1641
1600 2121
1600 2761
1600 3181
1600 3434
1600 3462
1601 1703
1601 1819
1601 2113
1601 2268
1601 2914
1601 3215
1601 3440
1602 2699
1603 1726
1603 2377
1603 2389
1603 2518
1603 3031
1603 3392
1604 2156
1604 2601
1605 2010
1606 2049
1606 3234
1606 3253
1606 3520
1606 3635
1607 1856
1607 1877
1607 2827
1607 2832
1607 3105
1607 3334
1608 2837
1608 2953
1608 3517
1609 2033
1610 3639
1611 2641
1611 2845
1611 3652
1612 1619
1612 1998
1612 3133
1613 1971
1613 2438
1614 1953
1615 2188
1615 2758
1615 3662
1616 2012
1616 2619
1617 3068
1617 3251
1618 3313
1618 3435
1619 2460
1620 2401
1621 2663
1622 2732
1622 3226
1623 2059
1623 2937
1624 2848
1624 3186
1625 2794
1628 2436
1628 2489
1628 2692
1628 3308
1628 3394
1629 2801
1629 2982
1630 2087
1630 2338
1630 3661
1631 1739
1631 2057
1631 2115
1631 2539
1631 3369
1631 3594
1632 1801
1632 2811
1632 3004
1633 2830
1634 2931
1635 2356
1635 2879
1635 3009
1636 1890
1636 2025
1636 2259
1636 3474
1637 1936
1637 1962
1637 2671
1637 3072
1637 3152
1637 3515
1637 3654
1638 2912
1638 3108
1639 2202
1639 3023
1639 3534
1640 2332
1640 2521
1640 3558
1641 2158
1642 1943
1642 2166
1642 2183
1642 2202
1642 3054
1642 3091
1643 1736
1644 2059
1645 2591
1645 2749
1645 2884
1645 2947
1645 3644
1646 2221
1646 2830
1647 2303
1647 2314
1647 2395
1647 3213
1647 3374
1647 3554
1648 2893
1650 2340
1650 3336
1650 3597
1652 2330
1652 2823
1652 3151
1652 3509
1653 1853
1654 2041
1654 2054
1654 2561
1654 2612
1654 2950
1654 3146
1655 3624
1655 3678
1656 2260
1657 1850
1657 2458
1658 1942
1659 3483
1660 1774
1660 1834
1660 2894
1661 2363
1662 1823
1662 2413
1662 2856
1662 3594
1663 2445
1664 2317
1664 2847
1665 1898
1665 3220
1666 2278
1666 2483
1666 2666
1666 2729
1666 2737
1666 3049
1666 3298
1667 2624
1668 1672
1669 1825
1669 2358
1669 3463
1670 2397
1671 2641
1671 3084
1672 1717
1672 1802
1672 2502
1672 3632
1673 3442
1674 2888
1676 2673
1676 2880
1678 2275
1679 1713
1679 2342
1681 2391
1681 3681
1682 2241
1682 2491
1683 2398
1683 3373
1684 1826
1685 2344
1685 2455
1685 3080
1686 2747
1686 2775
1686 3120
1687 1953
1687 2264
1688 2407
1688 2758
1689 2688
1689 3280
1690 2070
1690 2182
1690 2213
1690 2602
1690 2990
1690 3649
1691 2475
1691 3041
1692 3243
1693 2471
1693 2910
1694 1899
1694 2312
1694 3327
1694 3492
1694 3501
1695 2613
1695 2877
1695 2977
1695 3357
1695 3553
1695 3653
1696 2134
1696 2690
1696 2958
1696 3564
1697 1954
1697 3014
1698 1755
1698 2301
1699 1719
1699 1889
1699 2427
1699 2933
1699 3254
1699 3511
1699 3690
1700 1764
1701 1871
1701 2245
1701 2698
1701 3049
1702 1908
1702 3184
1703 2429
1704 2036
1704 2187
1704 3221
1705 1913
1705 2865
1706 2839
1706 2871
1707 2769
1708 2355
1708 3637
1709 2385
1710 2033
1710 3211
1711 2031
1712 1844
1712 2100
1712 2366
1712 3032
1712 3366
1713 2258
1713 2430
1713 3149
1713 3162
1713 3298
1715 3057
1715 3220
1715 3613
1717 3208
1718 1809
1718 2276
1718 2447
1718 2448
1718 3573
1718 3688
1719 2524
1720 1908
1720 2249
1720 3053
1721 2780
1721 2842
1721 3185
1721 3608
1722 1742
1722 3219
1722 3675
1723 2569
1724 2429
1725 2658
1726 1991
1727 1836
1727 2538
1727 3662
1728 1730
1728 2796
1729 1806
1730 1794
1730 3141
1730 3674
1731 2535
1731 2603
1731 2654
1732 3131
1733 2033
1733 2579
1733 2920
1734 1760
1734 3599
1735 2173
1735 2205
1735 2441
1735 2874
1735 3126
1735 3155
1736 2797
1736 3036
1736 3088
1736 3417
1736 3604
1737 1828
1737 2816
1737 3005
1737 3277
1737 3675
1738 1831
1739 3211
1740 2048
1740 2152
1740 2964
1740 3261
1740 3475
1741 2125
1741 3271
1741 3585
1742 3262
1743 2756
1743 3624
1743 3627
1744 2460
1745 1839
1745 1948
1745 2557
1746 1999
1746 3186
1747 1982
1747 2015
1747 2028
1747 2293
1747 3022
1747 3512
1749 2267
1750 1916
1750 2687
1750 2834
1750 3024
1750 3117
1750 3149
1750 3648
1751 3007
1752 2580
1752 3288
1753 3576
1754 1966
1754 3153
1754 3210
1754 3530
1755 2410
1755 2433
1755 2842
1755 3247
1756 2035
1756 2918
1756 3399
1757 3041
1757 3681
1758 3063
1758 3686
1759 2841
1761 1969
1761 2024
1761 2349
1761 2784
1761 2836
1761 3256
1762 2162
1763 3073
1763 3288
1764 1856
1764 2472
1764 2706
1764 3100
1765 2230
1765 2625
1765 2791
1766 3159
1767 3521
1767 3678
1768 3057
1769 2606
1770 2045
1770 2068
1770 3101
1771 3241
1771 3285
1771 3501
1772 3037
1772 3158
1772 3385
1772 3649
1773 1778
1773 3295
1774 2323
1774 2972
1774 3447
1774 3658
1775 2622
1776 2193
1777 1894
1777 2877
1777 3324
1777 3575
1777 3581
1777 3668
1778 2141
1778 2217
1778 2474
1778 2802
1779 2704
1779 3463
1780 2196
1781 2781
1782 1832
1783 2008
1784 2005
1784 3583
1785 2152
1785 2795
1785 3239
1785 3353
1786 2391
1786 2451
1786 2735
1787 1898
1787 3535
1788 3441
1789 1850
1789 3216
1790 2951
1791 2978
1792 2752
1792 3473
1793 2100
1793 3017
1793 3094
1793 3452
1793 3458
1794 3622
1795 1951
1795 2347
1795 2465
1795 2602
1795 3266
1795 3360
1796 2894
1796 2920
1796 3251
1797 1847
1797 2883
1797 2885
1797 3598
1799 2890
1800 3211
1800 3662
1801 2667
1801 3621
1802 2308
1803 3442
1804 2464
1804 2896
1804 3299
1805 3482
1806 2014
1806 2150
1806 2457
1806 3191
1807 2000
1808 2020
1808 3349
1810 1915
1810 2907
1810 3610
1811 1869
1812 2565
1812 2662
1812 2691
1813 2860
1814 2008
1815 2736
1816 2624
1816 2796
1816 3671
1817 2104
1817 2758
1818 2663
1818 3319
1820 2218
1820 2861
1820 3243
1821 2777
1821 3145
1822 2077
1822 3035
1822 3187
1822 3341
1822 3344
1823 3339
1824 1879
1824 2151
1824 2620
1824 2786
1824 3329
1824 3401
1825 1960
1825 2306
1825 3050
1825 3469
1826 1979
1826 3081
1826 3345
1826 3421
1827 2810
1827 3274
1828 3442
1828 3506
1829 2721
1829 3678
1830 2104
1830 3211
1831 2447
1832 1833
1832 2251
1832 2257
1832 2957
1832 3144
1832 3333
1832 3334
1834 2143
1834 2240
1834 2570
1834 3492
1835 2578
1835 3019
1835 3280
1836 2064
1836 2354
1836 2537
1836 3686
1838 2473
1839 1873
1839 2380
1839 2598
1839 2788
1839 2989
1839 3127
1839 3430
1840 2736
1841 2910
1841 3470
1842 2844
1842 2874
1842 3687
1844 2839
1844 2918
1845 2678
1846 2288
1846 2552
1846 3037
1846 3228
1847 1909
1847 3217
1848 2538
1848 2860
1850 2224
1850 2298
1850 3356
1851 2374
1851 3319
1852 2866
1852 3268
1852 3274
1853 2361
1853 2530
1853 2670
1853 2834
1853 2955
1853 3625
1854 1948
1855 3226
1856 2364
1858 3177
1859 2901
1859 3339
1860 2747
1860 3483
1861 2896
1861 3034
1862 2821
1862 3525
1862 3621
1863 1904
1863 2431
1863 2927
1864 2275
1865 3082
1866 1924
1867 1900
1867 1991
1868 2581
1868 2894
1869 1897
1869 2967
1871 3068
1872 2315
1872 2340
1872 2560
1872 2949
1873 2747
1873 2893
1874 2102
1875 1976
1876 2814
1876 2911
1877 3014
1878 2010
1878 2169
1879 3053
1880 3313
1881 2731
1881 2918
1882 2565
1882 3525
1883 2526
1883 2728
1883 2948
1883 3272
1883 3538
1883 3654
1884 1943
1884 2019
1884 3290
1884 3450
1885 2046
1885 2444
1886 2798
1887 2358
1887 2496
1888 2853
1889 2853
1891 1923
1891 3521
1892 2714
1892 2889
1893 3664
1894 3297
1894 3326
1896 2839
1896 3678
1897 2196
1898 2004
1898 2410
1898 2584
1898 3618
1899 2581
1900 2744
1900 3194
1900 3240
1900 3332
1901 2532
1902 1997
1902 3145
1903 1915
1903 2871
1904 2225
1904 2290
1904 3307
1904 3648
1905 2008
1906 3435
1907 1948
1907 3483
1908 2960
1908 3162
1908 3185
1908 3395
1909 2849
1909 3356
1910 2491
1910 3097
1911 3517
1912 2186
1912 2936
1912 3029
1912 3659
1913 2167
1913 2540
1913 2553
1913 2689
1913 2749
1913 3505
1914 2775
1914 2810
1915 2147
1915 3484
1916 1932
1916 3299
1917 2400
1917 3620
1918 1950
1918 2109
1918 2445
1919 2601
1919 3196
1920 2620
1920 2728
1920 3077
1921 2388
1921 2939
1921 3190
1921 3498
1921 3526
1922 3174
1922 3602
1924 2163
1924 2331
1925 3431
1926 2654
1926 2918
1927 2129
1927 3297
1928 1994
1928 2770
1929 2266
1929 2471
1930 3248
1931 2464
1931 3319
1932 2651
1932 3367
1933 2162
1933 3125
1934 1985
1934 2309
1934 2348
1934 3688
1935 2294
1935 2549
1935 3455
1935 3487
1935 3565
1936 3067
1937 3065
1937 3682
1938 3201
1938 3370
1940 2814
1941 2029
1941 2743
1942 3001
1942 3092
1942 3358
1942 3449
1942 3636
1944 2261
1944 2347
1944 3028
1944 3164
1945 2875
1945 3415
1946 2430
1946 2469
1946 3244
1947 1989
1947 1996
1947 2911
1948 3668
1949 2192
1949 2738
1949 3502
1950 2201
1950 2313
1950 3444
1951 2401
1952 2801
1952 3482
1953 2003
1953 2512
1953 3289
1953 3340
1953 3623
1954 2307
1954 2631
1954 2808
1954 3022
1954 3289
1955 2434
1956 2218
1957 2301
1957 3070
1958 2821
1958 2910
1959 3527
1960 3325
1963 3661
1964 2398
1964 2639
1964 3413
1965 2419
1965 3639
1966 2524
1966 2619
1967 3288
1968 2280
1969 2344
1969 3016
1970 2847
1970 3680
1971 2425
1971 2695
1971 2856
1971 3219
1971 3494
1972 2196
1973 2640
1974 2117
1974 2428
1975 2407
1975 3208
1976 2767
1976 3056
1976 3246
1977 2263
1977 2612
1977 3037
1977 3344
1977 3390
1977 3677
1980 3217
1981 3120
1982 2814
1982 3095
1983 2331
1983 2383
1983 3233
1983 3377
1983 3514
1984 3174
1986 2317
1986 3123
1986 3335
1987 2079
1987 2232
1987 2440
1987 3570
1987 3591
1988 2031
1988 2887
1988 3470
1989 2042
1989 2991
1989 2999
1989 3257
1990 2102
1990 2295
1990 2624
1991 1995
1991 2405
1991 3510
1992 2542
1992 3235
1993 2049
1993 2123
1993 2968
1993 3227
1993 3655
1994 2381
1995 3441
1995 3525
1996 2044
1996 2546
1996 2972
1996 3476
1997 2146
1997 2709
1997 2862
1997 3371
1997 3490
1999 2213
1999 2766
1999 2834
1999 3365
1999 3385
2000 2701
2000 2740
2000 3289
2000 3375
2000 3549
2001 2120
2001 2221
2001 3433
2002 2557
2002 3235
2004 2374
2004 3299
2005 2316
2005 2509
2005 2568
2006 2188
2006 3212
2007 3479
2008 3199
2008 3411
2009 2455
2010 2453
2010 3023
2010 3207
2011 2341
2011 2386
2012 2216
2012 2536
2012 2697
2012 2778
2013 3473
2014 2641
2014 3619
2015 2634
2015 3337
2017 3225
2018 2171
2019 2731
2020 2600
2020 2793
2020 3050
2021 2183
2021 2403
2021 3044
2021 3207
2023 2040
2023 2150
2023 2256
2023 2414
2023 2902
2023 3098
2023 3270
2024 3053
2025 2084
2026 2266
2029 2478
2029 2485
2029 2513
2029 3409
2030 3139
2031 2270
2031 2846
2031 2947
2031 3253
2032 2172
2032 2547
2032 2722
2033 2869
2034 3672
2035 2199
2035 3359
2036 2085
2038 2158
2039 2364
2039 3643
2040 2752
2040 3325
2042 3196
2042 3267
2043 2434
2043 2769
2046 2073
2046 2605
2046 2751
2046 2992
2046 3124
2046 3540
2047 2193
2047 3189
2048 2221
2048 3326
2049 3370
2051 3418
2051 3589
2052 3463
2053 2122
2054 2557
2054 3216
2055 2753
2055 3425
2055 3476
2055 3487
2055 3531
2056 2317
2057 3082
2057 3521
2058 2829
2058 3111
2058 3395
2059 2181
2059 2244
2059 2630
2059 2944
2060 2796
2061 3610
2062 2614
2062 2668
2062 2719
2062 3477
2062 3478
2065 2344
2065 3057
2066 2099
2066 2401
2066 2497
2067 3135
2068 2665
2068 2857
2068 3405
2071 3479
2072 2524
2073 2888
2076 2545
2076 2837
2077 2120
2077 3483
2078 2270
2078 2289
2078 3116
2078 3357
2078 3655
2080 2888
2081 2448
2081 3566
2081 3573
2082 2854
2082 2967
2082 3161
2083 2787
2083 2799
2084 3542
2085 3163
2086 2401
2086 3282
2087 2465
2087 3426
2087 3629
2088 2318
2088 2585
2090 2998
2091 2391
2091 3335
2092 2774
2093 2615
2093 3619
2094 2109
2095 2397
2095 3160
2096 2532
2096 2565
2097 3349
2098 3131
2099 2252
2099 2377
2099 2611
2099 2967
2099 3428
2100 3495
2101 3483
2102 2628
2102 2771
2102 2974
2102 3017
2102 3312
2102 3559
2103 3232
2104 2354
2104 2379
2104 2516
2104 3318
2104 3336
2105 2843
2105 3424
2105 3667
2105 3691
2106 2788
2106 2825
2106 3425
2107 2144
2107 3337
2109 2418
2109 2511
2109 2800
2110 2501
2110 2557
2111 2845
2111 3226
2112 2519
2112 2679
2112 2739
2112 3526
2112 3586
2113 2865
2114 2376
2114 2596
2114 2990
2114 3176
2114 3595
2115 2438
2115 2575
2116 3129
2117 2165
2117 2352
2117 2712
2117 3635
2119 2782
2119 2999
2120 2881
2120 2983
2120 3107
2120 3513
2121 2615
2122 2211
2122 2477
2122 3092
2122 3107
2122 3447
2123 2889
2125 2226
2125 2753
2125 2820
2125 3300
2125 3446
2126 3413
2127 2735
2128 3073
2129 3081
2129 3587
2129 3605
2130 2349
2130 2950
2130 3361
2130 3363
2132 2372
2132 3564
2133 3073
2133 3286
2134 2655
2135 3067
2136 2274
2138 3115
2138 3268
2139 2837
2140 2319
2140 2956
2140 3233
2141 3506
2142 2609
2142 3542
2143 2769
2143 3123
2144 2242
2144 3351
2145 2880
2147 2503
2149 2894
2151 3242
2151 3303
2152 2286
2153 2317
2153 3125
2154 2904
2154 3214
2155 2911
2155 2951
2156 2180
2156 2236
2156 3489
2157 3067
2158 3047
2158 3272
2158 3561
2159 2341
2159 2422
2160 2905
2160 3248
2161 2416
2161 3084
2162 2486
2162 2657
2162 3015
2162 3147
2162 3265
2163 3282
2164 2907
2164 3230
2164 3473
2165 3470
2166 3183
2168 2580
2169 2230
2169 2909
2169 3054
2169 3055
2169 3577
2170 2458
2170 2569
2170 3680
2171 2548
2171 2666
2171 3486
2172 3051
2173 2503
2174 2208
2174 2390
2174 2940
2174 3358
2174 3397
2174 3694
2175 3084
2176 3662
2177 3314
2178 2454
2178 2807
2178 3012
2180 3373
2182 2951
2183 2953
2184 2735
2184 3217
2185 3216
2185 3602
2186 3041
2186 3418
2187 2370
2187 2417
2187 2470
2187 3156
2188 3336
2188 3599
2189 3335
2190 2264
2191 3337
2192 2783
2192 2994
2192 3425
2192 3654
2193 3283
2194 2254
2194 2273
2195 3007
2195 3068
2196 2290
2196 2436
2197 3080
2198 2982
2199 2920
2203 2509
2203 2728
2203 2969
2203 3375
2204 3389
2205 3101
2205 3496
2206 3652
2207 3129
2209 2295
2210 2396
2210 3679
2212 3510
2212 3518
2214 2275
2214 3166
2215 2535
2215 2941
2215 3130
2216 2359
2218 2476
2218 3203
2219 3326
2220 2341
2220 2355
2221 2348
2221 2773
2221 2952
2222 2398
2222 2998
2222 3041
2224 2798
2225 2542
2226 3010
2226 3208
2228 3041
2231 2475
2231 3482
2231 3535
2233 2781
2235 2667
2235 3495
2237 3680
2238 2723
2239 2569
2239 3131
2240 2532
2241 2566
2241 2597
2241 3058
2241 3333
2241 3576
2242 2961
2243 3506
2245 3102
2246 2723
2247 2931
2248 2268
2248 2811
2248 2864
2248 3043
2248 3505
2249 3548
2249 3596
2250 3585
2250 3672
2251 2928
2252 2673
2253 2920
2253 3226
2254 2470
2254 2487
2254 2586
2254 3601
2255 2839
2255 3082
2257 2951
2258 2781
2259 2775
2260 2648
2260 2924
2260 3045
2261 3466
2262 3057
2264 3459
2265 2833
2266 2375
2267 2676
2267 2915
2267 2957
2267 3099
2267 3368
2268 3415
2269 2274
2269 3229
2271 2654
2271 2919
2271 3130
2272 2386
2273 2362
2273 2702
2274 2668
2274 2686
2274 3158
2274 3309
2276 2429
2277 2904
2277 3337
2279 2398
2279 3431
2280 2507
2280 2716
2280 3346
2280 3347
2281 2344
2282 2467
2282 2484
2283 3571
2284 3410
2285 2455
2286 2392
2286 2745
2286 2952
2286 3575
2287 3082
2287 3624
2289 2643
2289 2673
2291 2799
2292 2295
2292 2678
2292 3621
2293 2688
2294 3220
2294 3585
2295 2589
2295 3657
2296 3319
2297 2732
2297 3643
2298 2419
2299 2951
2299 3196
2300 2545
2301 2793
2301 3046
2301 3651
2302 3007
2302 3102
2302 3255
2303 2643
2303 3145
2304 2654
2305 2353
2305 2794
2305 3508
2306 3039
2307 2688
2308 2549
2309 3639
2310 2799
2311 2629
2311 2750
2311 3202
2311 3497
2312 3273
2312 3627
2313 3159
2315 2496
2316 2688
2317 3012
2317 3574
2318 2648
2318 2709
2318 3078
2318 3577
2320 3423
2320 3433
2321 2341
2321 3136
2321 3231
2322 3142
2323 3545
2325 3231
2325 3243
2325 3637
2326 3016
2327 2438
2329 2928
2329 3303
2330 2359
2330 3316
2332 2811
2332 3320
2333 2756
2333 3506
2334 3316
2336 2911
2337 2503
2338 3002
2338 3028
2338 3693
2339 2615
2340 3130
2341 2587
2341 3061
2342 2548
2342 2987
2342 3666
2344 2705
2345 2580
2345 2774
2346 2667
2348 3136
2353 2427
2353 2670
2353 3244
2353 3530
2355 3018
2355 3194
2355 3584
2356 2998
2356 3140
2357 2714
2357 2801
2357 2880
2358 2466
2358 2600
2359 2591
2359 2717
2359 3074
2360 2848
2361 2673
2362 2496
2363 2973
2363 3676
2364 3500
2364 3600
2365 2394
2365 2619
2365 3569
2367 2961
2368 3593
2368 3661
2369 2655
2371 2515
2371 2654
2372 3645
2373 2429
2373 2432
2373 3242
2374 2558
2374 3384
2374 3617
2375 2622
2376 2642
2378 2890
2378 2982
2379 2538
2380 3502
2381 2828
2381 2892
2381 2954
2381 3144
2381 3293
2381 3471
2381 3660
2382 2945
2382 3261
2382 3606
2383 2799
2383 3464
2384 3140
2385 2462
2385 3137
2385 3677
2386 2959
2386 3151
2386 3663
2387 3021
2387 3316
2388 2903
2389 3527
2390 2920
2391 2899
2391 3626
2392 3522
2393 2622
2394 2715
2394 2913
2394 3061
2394 3133
2394 3176
2394 3509
2395 2576
2395 2866
2396 2628
2396 3239
2396 3452
2396 3584
2397 2512
2397 2604
2398 2899
2398 2958
2398 3553
2399 2457
2399 3350
2399 3386
2400 2872
2400 2976
2400 3170
2400 3237
2400 3550
2401 2943
2402 3053
2402 3291
2403 2585
2403 3186
2404 2521
2404 3140
2404 3413
2405 3423
2407 2415
2407 3283
2408 3048
2410 3034
2411 3274
2412 3508
2414 2907
2414 3406
2416 2944
2416 3195
2416 3300
2419 2561
2419 3450
2421 3286
2422 2759
2422 3269
2422 3539
2423 2496
2423 3186
2424 2791
2424 3554
2424 3615
2424 3695
2425 3051
2428 2804
2428 3112
2429 2742
2429 3135
2431 2474
2431 2546
2431 3590
2431 3616
2432 2454
2432 2490
2432 3331
2432 3395
2432 3608
2434 2547
2435 3316
2435 3672
2436 2903
2438 3642
2439 2928
2439 3053
2440 3131
2442 2896
2442 3087
2443 2911
2443 3267
2444 2547
2444 2605
2444 3076
2445 2784
2446 2866
2447 2830
2449 2521
2449 2889
2450 3214
2451 2563
2451 2916
2451 3112
2452 3101
2452 3230
2452 3672
2455 2636
2456 3558
2456 3682
2457 3325
2458 2933
2458 3069
2459 2927
2459 3295
2460 2669
2460 3056
2461 3522
2462 2904
2462 3583
2463 2545
2464 2559
2464 2584
2464 2682
2464 2849
2466 2491
2467 3485
2467 3515
2468 3132
2469 3349
2470 2743
2471 2525
2471 2942
2471 3203
2473 2779
2473 2940
2473 2983
2473 3157
2475 3000
2475 3178
2475 3342
2475 3383
2479 2736
2480 2921
2480 3391
2480 3408
2481 2723
2481 2833
2481 3235
2482 2665
2482 2740
2482 2932
2482 3376
2482 3459
2482 3488
2483 3007
2484 2526
2484 3572
2485 3543
2487 2524
2488 3671
2490 3123
2491 2695
2491 2921
2491 3575
2492 2571
2493 3435
2494 2746
2494 2794
2495 2796
2496 3290
2496 3436
2497 2716
2497 2938
2497 3270
2497 3350
2497 3609
2498 2755
2498 2877
2498 2964
2498 3391
2498 3430
2499 2545
2499 2763
2500 2875
2500 3096
2501 2534
2501 3066
2501 3445
2503 2505
2503 3338
2503 3491
2505 3230
2508 2643
2508 2845
2510 3169
2513 3039
2514 2735
2514 3103
2514 3281
2515 2984
2515 3491
2515 3667
2516 2663
2517 2982
2517 3314
2518 3103
2518 3583
2520 2639
2520 3681
2521 2867
2521 3650
2523 2984
2523 3001
2523 3306
2524 3568
2525 3299
2527 3361
2528 2606
2529 3123
2530 2801
2530 3589
2531 2680
2531 2915
2531 2976
2531 3029
2532 3088
2532 3609
2532 3658
2533 2545
2535 3117
2535 3500
2535 3503
2535 3546
2536 2714
2537 2868
2537 2978
2538 3338
2538 3676
2540 3125
2541 3545
2542 3439
2542 3590
2543 2781
2543 2799
2545 2943
2545 2956
2546 3208
2550 3225
2550 3589
2551 3097
2551 3297
2552 2760
2553 3051
2554 2777
2554 2794
2555 3065
2557 2755
2557 3134
2558 2810
2558 3204
2559 2868
2560 2603
2560 2758
2562 2619
2562 2905
2564 3083
2565 3238
2565 3258
2565 3580
2566 2769
2566 3051
2568 3280
2569 2638
2569 2768
2569 2812
2569 3409
2572 3115
2574 2941
2575 2682
2575 2974
2575 3384
2575 3607
2576 2900
2576 3154
2576 3449
2576 3694
2578 3033
2579 2599
2579 2958
2579 3171
2579 3340
2579 3507
2580 2923
2580 3011
2580 3352
2581 2722
2581 3541
2581 3658
2582 3662
2583 3021
2585 3490
2587 3349
2587 3627
2588 3053
2590 2635
2591 3245
2592 2724
2592 3270
2592 3400
2593 3084
2593 3610
2594 2801
2594 2835
2594 3184
2595 2796
2595 3168
2598 3522
2600 3443
2601 2696
2601 3287
2602 2887
2603 2614
2603 3504
2604 2658
2604 2998
2606 3071
2607 3349
2608 2998
2608 3373
2608 3681
2609 3664
2610 2623
2610 3230
2613 3413
2613 3681
2614 2980
2615 3206
2616 2756
2616 2774
2616 2889
2617 2893
2618 2673
2619 3511
2621 2642
2621 3569
2622 2757
2622 3302
2622 3329
2623 3188
2623 3451
2624 2660
2624 2981
2624 3205
2624 3237
2625 2803
2627 3095
2629 3183
2629 3441
2633 3130
2633 3639
2634 2754
2634 3342
2635 2895
2637 2646
2637 2979
2637 3656
2638 3039
2638 3065
2639 3116
2639 3391
2639 3520
2639 3668
2639 3685
2640 2773
2640 2795
2640 3017
2640 3018
2641 2944
2641 3636
2642 2744
2642 2770
2642 2902
2643 3092
2643 3695
2644 2781
2645 2655
2645 3125
2647 3212
2649 3274
2650 2931
2652 2988
2652 3479
2653 2706
2653 2934
2653 3644
2653 3673
2654 2832
2654 3472
2655 2963
2655 3147
2655 3607
2658 2925
2658 3006
2659 3280
2659 3443
2659 3543
2661 3437
2662 2776
2662 2917
2662 3510
2663 2989
2663 3310
2663 3439
2664 3129
2666 2743
2667 3076
2669 3291
2671 2839
2673 3234
2677 2894
2678 2850
2678 3064
2678 3277
2678 3301
2679 2731
2680 2988
2680 3249
2684 3212
2686 3585
2687 2880
2688 3031
2688 3419
2689 2890
2689 3527
2691 3670
2694 2769
2694 2853
2698 3255
2699 2858
2699 3110
2700 3286
2700 3435
2702 3313
2702 3643
2703 2865
2703 3415
2704 2793
2705 3159
2707 3070
2708 3681
2710 2929
2711 3084
2713 3637
2714 3296
2714 3368
2715 2910
2717 2746
2719 3082
2720 2798
2720 2860
2721 2850
2721 2857
2721 2913
2721 3488
2722 3123
2723 2908
2724 3102
2724 3527
2725 2835
2729 3214
2731 3646
2732 3114
2733 3068
2734 2887
2734 3506
2735 2991
2735 3630
2736 3279
2736 3640
2737 2803
2738 2962
2738 3079
2738 3170
2738 3590
2741 2866
2742 2937
2743 3405
2745 2835
2746 2823
2746 3008
2746 3591
2747 3003
2747 3104
2748 3184
2748 3218
2750 2903
2750 2927
2751 2929
2752 3386
2752 3603
2756 2790
2756 3056
2756 3478
2759 3680
2760 2863
2760 3011
2760 3173
2762 3502
2763 2876
2763 3427
2763 3429
2765 3167
2766 2880
2767 3271
2767 3291
2768 2777
2770 3637
2772 3418
2774 3633
2775 3578
2777 2791
2778 2889
2778 3589
2781 3173
2781 3614
2782 2830
2783 3208
2784 3303
2786 3225
2787 3206
2787 3493
2788 3218
2790 3096
2794 2891
2796 3357
2796 3520
2798 3582
2798 3676
2799 3411
2801 3127
2802 3556
2806 2905
2807 3335
2807 3517
2808 3067
2810 2849
2810 2900
2812 3508
2813 3039
2813 3183
2814 2851
2814 3400
2816 3262
2818 3177
2820 3225
2821 2990
2821 3124
2821 3407
2822 3230
2824 3535
2825 3208
2826 2889
2826 3286
2829 3211
2829 3299
2830 3353
2831 3214
2831 3232
2835 3328
2837 3141
2837 3426
2837 3574
2837 3638
2838 3679
2839 3657
2840 3319
2841 3190
2841 3675
2843 2845
2844 3166
2845 3694
2847 2872
2847 3539
2847 3584
2850 3082
2851 3522
2852 3470
2853 2892
2853 3530
2853 3634
2854 3664
2859 3175
2859 3671
2860 2885
2861 3366
2862 3645
2863 3073
2864 3402
2865 3480
2866 3631
2867 3402
2868 3238
2868 3292
2868 3384
2868 3623
2871 2981
2871 3064
2871 3485
2871 3559
2873 3221
2875 3472
2876 3168
2876 3248
2881 2931
2882 2903
2882 3281
2887 3693
2888 3008
2889 3165
2890 3086
2890 3147
2891 3051
2891 3316
2894 3040
2895 3268
2896 3617
2897 3021
2898 2927
2901 3260
2901 3532
2901 3655
2904 3228
2904 3471
2905 2909
2905 3563
2905 3598
2906 3196
2907 3308
2908 3495
2909 3175
2910 3151
2910 3213
2910 3566
2911 3287
2912 3103
2912 3399
2915 3589
2916 3229
2916 3661
2917 3433
2917 3441
2919 3024
2919 3600
2921 3326
2922 3065
2922 3543
2923 3096
2923 3255
2925 3131
2927 3367
2927 3394
2928 3054
2928 3058
2928 3306
2929 3062
2929 3285
2930 3319
2931 3035
2931 3104
2933 3325
2936 3268
2939 3399
2941 3398
2946 3175
2951 3105
2951 3421
2953 3023
2953 3113
2953 3320
2953 3677
2959 3569
2960 3291
2960 3303
2961 3086
2961 3607
2962 3068
2963 3431
2964 3483
2966 3070
2969 3525
2970 3619
2970 3620
2971 3280
2971 3619
2973 3175
2975 3166
2980 3315
2980 3481
2980 3689
2982 3178
2982 3489
2985 3613
2987 3464
2988 3128
2988 3414
2988 3462
2988 3493
2989 3132
2993 3562
2994 3132
2995 3010
2996 3463
3004 3125
3004 3517
3007 3047
3007 3387
3010 3487
3012 3389
3013 3304
3013 3543
3013 3558
3014 3396
3014 3646
3015 3087
3016 3164
3016 3223
3019 3060
3019 3669
3021 3222
3021 3278
3021 3351
3021 3540
3025 3406
3025 3619
3027 3423
3027 3583
3029 3373
3030 3039
3033 3619
3034 3114
3034 3143
3042 3095
3044 3652
3046 3506
3047 3163
3048 3296
3048 3300
3050 3097
3051 3591
3051 3605
3057 3279
3057 3448
3059 3201
3059 3304
3060 3620
3065 3405
3067 3361
3067 3572
3067 3606
3070 3144
3070 3247
3070 3355
3070 3689
3075 3643
3075 3652
3078 3610
3083 3598
3084 3263
3085 3319
3086 3482
3087 3178
3087 3210
3087 3414
3089 3230
3089 3610
3091 3304
3095 3332
3095 3375
3096 3165
3096 3516
3097 3290
3097 3640
3098 3622
3102 3179
3102 3187
3102 3538
3103 3265
3106 3620
3107 3664
3109 3645
3111 3245
3113 3402
3115 3327
3118 3231
3120 3651
3121 3349
3121 3545
3122 3174
3122 3314
3123 3647
3125 3465
3126 3495
3132 3329
3136 3338
3136 3353
3139 3148
3139 3215
3139 3246
3140 3227
3140 3340
3141 3248
3142 3197
3142 3485
3142 3657
3143 3313
3150 3506
3153 3325
3154 3232
3154 3672
3156 3163
3163 3317
3166 3265
3166 3378
3166 3586
3167 3225
3168 3638
3169 3412
3169 3440
3170 3389
3172 3479
3175 3529
3177 3509
3177 3663
3182 3314
3184 3365
3184 3528
3184 3688
3188 3466
3189 3293
3189 3328
3189 3474
3191 3304
3192 3268
3192 3273
3194 3243
3197 3248
3198 3221
3199 3610
3201 3260
3201 3345
3201 3404
3201 3594
3204 3529
3208 3455
3209 3221
3209 3267
3209 3413
3211 3420
3212 3465
3212 3480
3214 3666
3216 3432
3216 3582
3217 3284
3217 3287
3217 3529
3219 3297
3220 3446
3221 3387
3225 3498
3226 3449
3228 3232
3229 3263
3231 3450
3232 3315
3236 3418
3241 3457
3242 3246
3242 3468
3249 3567
3251 3346
3251 3500
3255 3284
3259 3314
3261 3349
3262 3404
3262 3526
3271 3279
3271 3565
3271 3596
3273 3578
3275 3316
3282 3377
3288 3552
3288 3560
3288 3642
3295 3601
3297 3576
3298 3464
3299 3307
3303 3544
3303 3548
3309 3556
3309 3624
3310 3502
3311 3466
3311 3496
3313 3343
3313 3397
3314 3568
3316 3570
3319 3499
3323 3637
3324 3543
3325 3644
3326 3328
3326 3372
3332 3433
3335 3550
3337 3611
3339 3536
3341 3443
3360 3661
3362 3410
3368 3418
3369 3678
3370 3458
3372 3522
3373 3467
3377 3410
3380 3643
3381 3624
3388 3457
3392 3433
3393 3602
3396 3466
3399 3630
3401 3502
3402 3422
3406 3422
3406 3674
3407 3569
3408 3682
3415 3424
3415 3513
3423 3428
3423 3547
3428 3527
3429 3517
3431 3454
3432 3645
3433 3518
3434 3620
3435 3461
3441 3444
3442 3656
3443 3523
3457 3541
3463 3552
3465 3527
3466 3687
3468 3613
3469 3543
3470 3629
3477 3678
3484 3672
3489 3535
3494 3496
3495 3687
3496 3605
3504 3639
3506 3588
3508 3615
3518 3525
3524 3556
3525 3670
3527 3666
3534 3652
3535 3690
3556 3616
3562 3566
3568 3680
3579 3602
3585 3604
3593 3659
3620 3684
3622 3669
3680 3683
