2992 6528
0 308
0 817
0 1544
0 1744
0 2411
0 2412
0 2470
0 2666
1 410
1 672
1 1264
2 161
2 846
2 2642
3 1169
3 2659
3 2876
4 291
4 390
4 526
4 652
4 1971
4 2437
4 2668
4 2834
5 1123
5 1720
5 2153
6 536
6 858
6 963
6 1417
6 1984
6 2394
6 2698
6 2909
7 371
7 2151
7 2465
8 228
8 1858
8 1939
9 108
9 123
9 2230
10 1917
10 2397
10 2518
11 351
11 461
11 1585
12 189
12 2002
12 2308
13 380
13 980
13 2097
14 652
14 1033
14 1227
14 1485
14 1511
14 1921
14 2548
14 2621
15 680
15 1957
15 2476
16 162
16 214
16 381
16 673
16 865
16 1112
16 1244
16 1854
17 649
17 1812
17 2600
18 1169
18 2391
18 2828
19 421
19 1344
19 2750
20 51
20 228
20 732
21 71
21 93
21 756
21 1056
21 1511
21 2127
21 2324
21 2924
22 609
22 1139
22 1462
23 1325
23 1567
23 1655
23 2220
23 2355
23 2453
23 2778
23 2948
24 359
24 1217
24 1670
24 1821
24 2029
24 2266
24 2405
24 2442
25 356
25 795
25 980
26 592
26 1031
26 1970
27 435
27 1282
27 1591
27 2366
27 2471
27 2606
27 2816
27 2912
28 830
28 1001
28 1038
28 1089
28 1141
28 1354
28 1670
28 1699
29 891
29 1123
29 1676
30 325
30 671
30 2187
31 700
31 774
31 877
31 1320
31 1554
31 2257
31 2541
31 2624
32 233
32 1775
32 2323
33 633
33 2714
33 2815
34 1454
34 1718
34 1993
34 2045
34 2345
34 2626
34 2740
34 2875
35 226
35 329
35 406
35 751
35 834
35 1967
35 2381
35 2385
36 109
36 680
36 1294
37 218
37 2105
37 2659
38 371
38 1443
38 2904
39 131
39 702
39 845
39 900
39 1355
39 1434
39 1565
39 2926
40 633
40 2494
40 2576
41 355
41 2583
41 2695
42 338
42 354
42 1246
42 1491
42 1652
42 2000
42 2361
42 2381
43 253
43 1336
43 1771
43 1851
43 1860
43 2205
43 2250
43 2614
44 408
44 684
44 778
45 476
45 1065
45 1289
45 1847
45 1999
45 2325
45 2446
45 2515
46 460
46 737
46 982
46 1064
46 1167
46 1382
46 2488
46 2786
47 154
47 702
47 1096
47 1409
47 1819
47 1985
47 2568
47 2696
48 276
48 851
48 1042
48 1639
48 1784
48 2531
48 2853
48 2902
49 1447
49 1914
49 2675
50 581
50 1409
50 1764
50 1990
50 2117
50 2602
50 2838
50 2886
51 698
51 944
51 1367
51 1540
51 1900
51 2070
51 2693
52 186
52 619
52 646
52 956
52 1072
52 1677
52 1843
52 2658
53 64
53 186
53 224
53 550
53 914
53 1392
53 2823
53 2911
54 1706
54 1780
54 2176
55 549
55 1106
55 2752
56 629
56 1914
56 2976
57 352
57 1775
57 2407
58 125
58 513
58 1417
58 1561
58 1875
58 1951
58 2349
58 2448
59 643
59 759
59 1906
60 902
60 1648
60 2460
61 1803
61 2734
61 2751
62 1555
62 2362
62 2949
63 628
63 1218
63 1360
64 1533
64 2030
65 321
65 1261
65 1380
65 1412
65 1623
65 1829
65 2843
65 2905
66 337
66 1835
66 2153
67 1575
67 1587
67 2032
68 675
68 1768
68 2340
69 165
69 822
69 904
69 1695
69 2091
69 2625
69 2845
69 2965
70 197
70 2083
70 2120
71 1632
71 1899
72 1087
72 2301
72 2564
73 90
73 191
73 878
73 1968
73 1989
73 2219
73 2367
73 2767
74 535
74 1205
74 2692
75 758
75 1224
75 1592
76 409
76 993
76 1332
77 790
77 1667
77 2368
78 957
78 1017
78 2027
79 690
79 1083
79 1488
79 1511
79 1781
79 2134
79 2218
79 2756
80 443
80 599
80 665
80 750
80 1111
80 1740
80 2716
80 2931
81 2034
81 2504
81 2530
82 1927
82 1948
82 2567
83 385
83 1622
83 2264
84 1264
84 1537
84 2032
85 273
85 1294
85 2351
86 604
86 643
86 2389
87 281
87 1161
87 2027
88 414
88 416
88 1798
89 416
89 1356
89 1359
90 147
90 2176
91 928
91 1308
91 2748
92 147
92 2216
92 2373
93 1808
93 2917
94 467
94 1617
94 1825
95 633
95 947
95 2372
96 323
96 388
96 1537
97 674
97 2002
97 2462
98 164
98 208
98 542
98 763
98 1058
98 1577
98 1708
98 2119
99 557
99 2518
99 2751
100 1769
100 2248
100 2533
101 199
101 586
101 888
101 1739
101 1749
101 2080
101 2538
101 2729
102 642
102 708
102 987
102 1009
102 1666
102 2039
102 2094
102 2339
103 802
103 905
103 1187
103 1726
103 2173
103 2609
103 2717
103 2934
104 382
104 537
104 1021
104 1143
104 2822
104 2943
104 2954
104 2973
105 123
105 353
105 2584
106 1012
106 1205
106 1517
107 985
107 1316
107 1360
108 496
108 1016
108 1023
108 1432
108 1567
108 2270
108 2773
109 810
109 943
109 1559
109 1693
109 1802
109 1959
109 2142
110 186
110 298
110 543
110 581
110 1091
110 1400
110 2445
110 2910
111 2083
111 2187
111 2455
112 1185
112 2572
112 2685
113 1608
113 1895
113 2106
114 568
114 608
114 809
114 1509
114 1834
114 2015
114 2172
114 2232
115 394
115 442
115 931
115 1270
115 1394
115 1464
115 2456
115 2607
116 524
116 803
116 1223
116 1666
116 1916
116 2297
116 2764
116 2775
117 483
117 915
117 2216
118 655
118 1462
118 1634
119 810
119 1062
119 1665
119 1679
119 2123
119 2559
119 2707
119 2902
120 258
120 776
120 2235
121 2007
121 2520
121 2523
122 229
122 2145
122 2506
123 544
123 909
123 1200
123 2020
123 2377
123 2690
124 535
124 959
124 1006
125 332
125 2321
126 346
126 895
126 2206
127 612
127 1168
127 2499
128 145
128 478
128 1017
129 238
129 274
129 2174
130 427
130 434
130 794
130 942
130 1683
130 1951
130 2011
130 2754
131 2069
131 2368
132 1191
132 1717
132 1927
133 649
133 672
133 1359
134 535
134 661
134 2296
135 941
135 1295
135 1321
136 144
136 866
136 2572
137 1926
137 2407
137 2577
138 820
138 1046
138 1309
139 523
139 608
139 1092
139 1099
139 1298
139 1732
139 2133
139 2604
140 209
140 243
140 293
140 631
140 983
140 1002
140 1839
140 2920
141 796
141 2234
141 2522
142 1008
142 1085
142 1357
142 1431
142 1470
142 1487
142 2155
142 2456
143 818
143 1141
143 1402
143 1426
143 1446
143 1526
143 1785
143 2960
144 401
144 743
144 780
144 1088
144 1192
144 1275
144 1446
145 335
145 1426
145 1467
145 2048
145 2101
145 2121
145 2605
146 862
146 879
146 2715
147 357
147 1060
147 1524
147 1691
147 2922
147 2938
148 1173
148 2300
148 2744
149 866
149 1106
149 2807
150 354
150 361
150 393
150 407
150 908
150 1352
150 1791
150 2117
151 2116
151 2676
151 2744
152 245
152 642
152 770
152 801
152 1414
152 1805
152 2173
152 2536
153 598
153 1778
153 2646
154 1810
154 2305
155 578
155 617
155 1377
155 1508
155 1956
155 1994
155 2651
155 2755
156 333
156 1678
156 2149
157 633
157 1962
157 2263
158 712
158 1585
158 2323
159 621
159 2306
159 2723
160 985
160 1762
160 2627
161 250
161 751
161 967
161 1041
161 1146
161 1504
161 2464
162 1210
162 2279
163 217
163 1118
163 2521
164 312
164 1257
165 215
165 2228
166 263
166 544
166 717
166 1008
166 1350
166 1655
166 2668
166 2827
167 814
167 1705
167 2206
168 727
168 920
168 2016
169 322
169 502
169 565
169 1159
169 1202
169 1531
169 2430
169 2728
170 2311
170 2455
170 2546
171 512
171 515
171 2801
172 1218
172 2087
172 2508
173 578
173 984
173 1329
173 1402
173 1444
173 2289
173 2327
173 2332
174 479
174 548
174 1119
174 1384
174 1432
174 1739
174 2419
174 2834
175 592
175 2564
175 2748
176 582
176 616
176 2575
177 955
177 1370
177 2821
178 1737
178 2741
178 2810
179 480
179 1128
179 2151
180 671
180 1090
180 1587
181 1309
181 1933
181 2598
182 1379
182 1716
182 2518
183 658
183 2267
183 2598
184 674
184 1076
184 1235
185 1832
185 2620
185 2751
187 549
187 836
187 1365
188 357
188 447
188 499
188 783
188 1283
188 1362
188 2486
188 2682
189 1102
189 2139
189 2146
189 2358
189 2468
189 2594
189 2940
190 582
190 1808
190 2695
191 1003
191 1147
192 680
192 727
192 2664
193 2567
193 2691
193 2721
194 1675
194 2032
194 2320
195 339
195 554
195 1130
196 895
196 1583
196 2157
197 265
197 1048
197 1329
197 2175
197 2625
197 2836
197 2960
198 371
198 1479
198 2630
199 2333
199 2564
200 413
200 2571
200 2750
201 1100
201 1592
201 2371
202 439
202 2407
202 2571
203 325
203 1871
203 2913
204 1530
204 2656
204 2882
205 2425
205 2751
205 2793
206 525
206 881
206 2460
207 277
207 947
207 2533
208 1098
208 1825
209 724
209 1529
210 854
210 1210
210 1585
211 1385
211 1717
211 2369
212 1029
212 1537
212 2425
213 1315
213 1780
213 2575
214 273
214 1533
215 699
215 841
215 1731
215 1960
215 1979
215 2108
215 2325
216 287
216 1676
216 2043
217 396
217 594
217 811
217 845
217 1047
217 1522
217 2179
218 271
218 613
218 1829
218 2440
218 2580
218 2587
218 2927
219 409
219 1651
219 1849
220 1201
220 1324
220 2182
221 1849
221 2023
221 2968
222 320
222 2162
222 2799
223 598
223 757
223 2711
224 820
224 1449
225 1212
225 1711
225 1769
226 1090
226 1886
227 653
227 903
227 914
227 1072
227 1986
227 2557
227 2886
227 2907
228 318
228 330
228 1426
228 2825
228 2840
228 2969
229 1047
229 1724
229 2095
229 2712
229 2731
229 2837
229 2906
230 972
230 1822
230 2389
231 1375
231 1719
231 2396
232 355
232 2116
232 2363
233 403
233 828
233 1137
233 1499
233 1734
233 2500
233 2570
234 480
234 1646
234 1736
235 412
235 1399
235 1778
236 292
236 1537
236 2576
237 2129
237 2917
237 2935
238 1011
238 1066
238 1362
238 1787
238 2290
238 2431
238 2822
239 604
239 1520
239 2376
240 305
240 685
240 900
240 1341
240 1764
240 1816
240 2223
240 2276
241 348
241 631
241 958
241 998
241 1311
241 2158
241 2272
241 2393
242 1100
242 1106
242 1585
243 1927
243 2422
244 901
244 2300
244 2686
245 1572
245 1743
246 466
246 1118
246 1957
247 610
247 2752
247 2801
248 991
248 2422
248 2567
249 356
249 2628
249 2745
250 1720
250 2476
251 1835
251 1926
251 2595
252 393
252 402
252 685
252 903
252 1091
252 1929
252 2132
252 2696
253 2014
253 2342
254 660
254 1206
254 1453
254 1644
254 1966
254 2040
254 2099
254 2111
255 1123
255 1914
255 1926
256 371
256 1356
256 2546
257 1365
257 1899
257 2793
258 433
258 2205
258 2227
258 2343
258 2398
258 2471
258 2607
259 675
259 1014
259 1138
260 597
260 1706
260 2182
261 1017
261 1175
261 1939
262 530
262 2575
262 2787
263 590
263 2571
264 1240
264 1340
264 2904
265 705
265 2913
266 468
266 552
266 567
266 806
266 1352
266 1486
266 2067
266 2538
267 1429
267 2455
267 2555
268 352
268 1743
268 2676
269 1719
269 2781
269 2784
270 1039
270 1558
270 2087
271 474
271 487
272 375
272 595
272 831
272 1526
272 1540
272 2047
272 2605
272 2889
273 1413
273 1508
273 1626
273 2544
273 2699
273 2791
274 916
274 992
274 1625
274 2398
274 2400
274 2441
274 2724
275 1207
275 1374
275 2147
276 280
276 676
277 1152
277 1154
277 1292
277 2480
277 2510
277 2702
277 2827
278 930
278 1668
278 2530
279 750
279 976
279 1052
279 1303
279 1437
279 2028
279 2191
279 2915
280 673
280 695
280 826
280 1418
280 1943
280 2857
280 2880
281 360
281 844
281 887
281 1120
281 1625
281 1855
281 2975
282 444
282 2553
282 2556
283 554
283 2170
283 2199
284 515
284 764
284 2801
285 582
285 658
285 1410
286 431
286 820
286 1427
287 650
287 1144
287 1153
287 1192
287 1908
287 2423
287 2524
288 1939
288 2362
288 2494
289 397
289 941
289 1300
290 489
290 869
290 1935
291 609
291 2701
292 400
292 641
292 823
292 1242
292 1251
292 2604
292 2883
293 991
293 1948
294 449
294 606
294 1491
294 1593
294 1607
294 1859
294 2298
294 2945
295 563
295 673
295 1460
295 1591
295 1925
295 1934
295 2092
295 2150
296 676
296 1393
296 2428
297 902
297 1169
297 1590
298 1775
298 1798
299 1922
299 2422
299 2646
300 758
300 1379
300 2171
301 1046
301 1318
301 1817
302 598
302 1647
302 2003
303 325
303 2032
303 2898
304 414
304 445
304 1917
305 1656
305 2328
306 1319
306 2807
306 2959
307 621
307 2248
307 2342
308 2588
308 2781
309 1443
309 1583
309 2530
310 707
310 769
310 788
310 864
310 1380
310 1439
310 1903
310 2001
311 556
311 757
311 1046
312 821
312 965
312 1364
312 1766
312 2679
312 2832
312 2837
313 557
313 1551
313 2701
314 518
314 619
314 1167
314 1466
314 2236
314 2457
314 2505
314 2601
315 469
315 1125
315 2628
316 1374
316 1762
316 2744
317 321
317 524
317 613
317 1599
317 1653
317 1814
317 2655
317 2964
318 920
318 1688
319 514
319 846
319 2949
320 374
320 625
320 1349
320 1661
320 2102
320 2356
320 2782
321 2703
322 1842
322 2482
323 441
323 523
323 777
323 940
323 1178
323 1741
323 2820
324 459
324 2477
324 2508
325 501
325 502
325 546
325 1193
325 2859
326 1255
326 2114
326 2301
327 506
327 749
327 804
327 1099
327 1536
327 1610
327 2125
327 2253
328 336
328 409
328 2188
329 1842
329 2949
330 436
330 554
331 1212
331 1874
331 2342
332 465
332 511
332 631
332 800
332 1633
332 1735
332 2108
333 693
333 821
333 1095
333 1398
333 1767
333 2012
333 2072
334 1517
334 2584
334 2944
335 2494
335 2623
336 345
336 662
336 944
336 1745
336 1924
336 2405
336 2678
337 645
337 1146
337 1269
337 1713
337 2194
337 2268
337 2958
338 744
338 1375
339 785
339 1434
339 1658
339 2144
339 2475
339 2644
339 2831
340 1177
340 1545
340 2876
341 557
341 1140
341 2496
342 397
342 1909
342 2667
343 439
343 1210
343 1314
344 1279
344 1443
344 2935
345 1692
345 2688
346 651
346 872
346 1241
346 1386
346 1660
346 1921
346 1943
347 1381
347 2274
347 2978
348 633
348 1363
349 1291
349 1360
349 2114
350 941
350 1890
350 2106
351 1127
351 1411
351 1637
351 1815
351 1839
351 1892
351 2641
352 589
352 1009
352 1307
352 1627
352 2346
352 2753
353 865
353 970
353 1413
353 2220
353 2380
353 2802
353 2823
354 592
355 702
355 1364
355 1816
355 1840
355 1851
355 2765
356 361
356 486
356 1001
356 1163
356 1700
356 2705
357 696
358 633
358 1379
358 2174
359 1029
359 1291
360 2723
360 2738
361 1798
362 541
362 2060
362 2389
363 1482
363 2323
363 2918
364 467
364 1420
364 1957
365 791
365 1090
365 2747
366 607
366 671
366 1319
367 469
367 972
367 1213
368 554
368 2260
368 2449
369 510
369 1097
369 1465
369 1522
369 1816
369 1819
369 1898
369 2644
370 451
370 565
370 827
370 1022
370 2029
370 2152
370 2262
370 2309
371 1560
371 2281
371 2660
371 2906
372 955
372 1129
372 1664
373 1420
373 1778
373 1832
374 2145
374 2460
375 415
375 732
376 1170
376 1542
376 2521
377 610
377 836
377 2449
378 412
378 896
378 2527
379 917
379 1957
379 2646
380 753
380 805
380 1548
380 1616
380 2035
380 2104
380 2218
381 2166
381 2410
382 1240
382 2865
383 554
383 966
383 2898
384 580
384 808
384 996
384 1431
384 1502
384 2254
384 2345
384 2902
385 623
385 787
385 819
385 1080
385 1338
385 2669
385 2718
386 777
386 1278
386 1425
386 1748
386 1846
386 1848
386 1973
386 2587
387 409
387 547
387 1302
388 1204
388 1262
388 1281
388 1714
388 1836
388 1918
388 2927
389 846
389 902
389 2976
390 413
390 2369
391 1585
391 2264
391 2686
392 638
392 1586
392 2079
393 2409
394 2097
394 2375
395 1083
395 1105
395 1108
395 1704
395 1925
395 2179
395 2763
395 2937
396 1397
396 2301
397 648
397 1122
397 1547
397 2037
397 2148
397 2570
398 1435
398 2221
398 2676
399 612
399 891
399 1842
400 1778
400 2476
401 1676
401 2959
402 1180
402 1926
403 1818
403 2667
404 1125
404 2064
404 2988
405 1317
405 1545
405 1935
406 1556
406 2851
407 474
407 549
408 613
408 747
408 990
408 1532
408 1783
408 1907
408 2478
409 808
409 875
409 2354
409 2579
410 641
410 691
410 777
410 1407
410 1610
410 1714
410 2509
411 1420
411 1922
411 1948
412 608
412 812
412 2360
412 2456
412 2672
412 2946
413 731
413 909
413 1085
413 1424
413 2480
413 2948
414 519
414 885
414 1206
414 1712
414 2478
414 2697
415 687
415 1568
415 1807
415 2049
415 2103
415 2678
415 2969
416 835
416 918
416 1765
416 1913
416 2281
416 2354
417 2301
417 2748
417 2978
418 598
418 2014
418 2751
419 1294
419 2664
419 2968
420 972
420 1737
420 2376
421 859
421 1339
421 1601
421 1659
421 2640
421 2739
421 2785
422 671
422 2482
422 2639
423 1170
423 1632
423 1866
424 686
424 1385
424 2106
425 2147
425 2523
425 2627
426 549
426 2745
426 2988
427 1780
427 1905
428 575
428 837
428 1301
428 1431
428 1966
428 2118
428 2217
428 2725
429 764
429 1810
429 1922
430 801
430 1033
430 1248
430 1726
430 2036
430 2277
430 2957
430 2981
431 545
431 578
431 620
431 1195
431 1500
431 2493
431 2846
432 790
432 2069
432 2274
433 896
433 1314
434 1344
434 1555
435 2230
435 2588
436 670
436 831
436 1084
436 1111
436 1283
436 1436
436 2854
437 1226
437 1555
437 2688
438 1592
438 1685
438 2667
439 1292
439 1405
439 1460
439 2606
439 2789
439 2923
440 605
440 842
440 911
440 1396
440 1856
440 2302
440 2459
440 2534
441 1727
441 1927
442 1044
442 2527
443 1074
443 1149
444 500
444 656
444 748
444 773
444 1446
444 2609
444 2940
445 747
445 1253
445 1985
445 2101
445 2231
445 2276
445 2537
446 2043
446 2553
446 2959
447 1147
447 2079
448 2362
448 2918
448 2930
449 1583
449 1705
450 869
450 1147
450 2376
451 694
451 2170
452 2043
452 2821
452 2882
453 538
453 775
453 1114
453 1386
453 1573
453 2164
453 2758
453 2973
454 880
454 1196
454 2801
455 464
455 1730
455 2930
456 1324
456 2352
456 2373
457 797
457 978
457 1442
457 1498
457 1599
457 1916
457 2101
457 2344
458 1180
458 1812
458 2333
459 559
459 634
459 986
459 1515
459 1840
459 1995
459 2551
460 517
460 1014
461 1054
461 1569
461 1570
461 1965
461 2270
461 2283
461 2558
462 1393
462 2006
462 2129
463 686
463 1300
463 1895
464 767
464 803
464 1069
464 1193
464 1723
464 1980
464 2505
465 696
465 915
466 503
466 615
466 1495
466 1844
466 2091
466 2411
466 2470
467 892
467 1248
467 1346
467 1351
467 1674
467 2543
468 954
468 2458
469 771
469 1050
469 1697
469 1925
469 1969
469 2255
470 577
470 1530
470 1533
471 583
471 739
471 1243
471 1266
471 2313
471 2702
471 2853
471 2905
472 493
472 2245
472 2851
473 1555
473 2582
473 2674
474 653
474 1261
474 1400
474 1700
474 1765
474 2697
475 980
475 2314
475 2608
476 2323
476 2688
477 807
477 1867
477 2620
478 1239
478 1391
478 1613
478 1670
478 1679
478 1975
478 2141
479 736
479 1611
480 1337
480 1733
480 1999
480 2001
480 2052
480 2862
481 1237
481 1685
481 1890
482 993
482 1867
482 2581
483 513
483 603
483 841
483 948
483 1494
483 2246
483 2970
484 1441
484 2502
484 2628
485 712
485 1098
485 1528
486 1161
486 2988
487 739
487 1136
487 1439
487 1481
487 1809
487 2892
487 2964
488 898
488 1433
488 1973
488 2041
488 2246
488 2729
488 2927
488 2980
489 809
489 1753
489 2045
489 2071
489 2229
489 2513
489 2771
490 682
490 706
490 740
490 742
490 1277
490 1940
490 2535
490 2863
491 1370
491 1622
491 2174
492 816
492 1161
492 1711
493 768
493 922
493 1712
493 1772
493 2438
493 2725
493 2983
494 1007
494 1110
494 1653
494 2316
494 2356
494 2445
494 2760
494 2907
495 985
495 2105
495 2520
496 1611
496 2742
497 1071
497 1773
497 1807
497 1900
497 1963
497 2015
497 2816
497 2858
498 1494
498 1971
498 2033
498 2109
498 2273
498 2365
498 2848
498 2869
499 2336
499 2815
500 1858
500 2043
501 879
501 2034
502 1090
503 2588
503 2784
504 941
504 2383
504 2619
505 508
505 529
505 876
505 1433
505 1452
505 1671
505 1759
505 2661
506 1423
506 2027
507 911
507 1069
507 1721
507 2062
507 2208
507 2439
507 2766
507 2859
508 1125
508 2659
509 1173
509 2306
509 2529
510 1205
510 2564
511 891
511 2700
512 730
512 1116
512 1143
512 1451
512 1880
512 1889
512 1964
513 1379
514 559
514 663
514 958
514 1619
514 1777
514 2464
514 2613
515 1156
515 2165
515 2213
515 2426
515 2687
515 2943
516 1308
516 1399
516 1948
517 588
517 646
517 1220
517 1461
517 1723
517 2528
517 2779
518 711
518 1905
519 1866
519 2741
520 959
520 1423
520 2097
521 525
521 1226
521 2162
522 783
522 876
522 1690
522 1739
522 1878
522 2180
522 2338
522 2339
523 2007
524 966
525 1010
525 1151
525 1312
525 2131
525 2204
525 2316
526 541
526 870
527 1369
527 2619
527 2733
528 941
528 1190
528 2079
529 616
529 2176
530 763
530 1199
530 1724
530 2012
530 2765
530 2933
530 2939
531 1617
531 2128
531 2274
532 668
532 1209
532 1232
532 1454
532 2038
532 2481
532 2531
532 2631
533 1321
533 1890
533 1909
534 726
534 922
534 958
534 1272
534 2040
534 2113
534 2137
534 2385
535 927
535 1242
535 2125
535 2719
535 2756
536 1344
536 2545
537 1871
537 1987
538 814
538 1510
539 1104
539 1340
539 2323
540 1007
540 1158
540 1304
540 1527
540 1657
540 2716
540 2758
540 2955
541 756
541 1404
541 1488
541 1660
541 2483
541 2957
542 2149
542 2741
543 1864
543 2627
544 1575
545 2088
545 2590
546 672
546 1575
547 1745
547 2038
547 2063
547 2259
547 2488
547 2573
547 2919
548 2060
548 2235
549 1089
549 1198
549 2378
549 2417
550 757
550 1583
551 1203
551 1689
551 1708
551 1729
551 1868
551 2052
551 2072
551 2739
552 954
552 1558
553 755
553 1719
553 1914
554 595
554 1459
554 2344
555 891
555 895
555 930
556 708
556 1245
556 1724
556 1766
556 1946
556 2536
556 2800
557 1337
557 1412
557 1481
557 1837
557 2190
558 1808
558 1824
558 1899
559 862
560 584
560 728
560 1120
560 1539
560 1787
560 2227
560 2704
560 2769
561 960
561 1236
561 1830
561 1930
561 1972
561 2514
561 2594
561 2945
562 1106
562 2206
562 2397
563 870
563 2745
564 2522
564 2590
564 2685
565 2676
566 1317
566 1720
566 1825
567 1672
567 2077
568 1668
568 2512
569 1542
569 2477
569 2761
570 1104
570 1517
570 1675
571 594
571 615
571 823
571 923
571 2177
571 2253
571 2269
571 2786
572 968
572 1647
572 2240
573 676
573 1768
573 2166
574 694
574 1824
574 2812
575 1849
575 2527
576 816
576 1817
576 2711
577 970
577 1505
577 2142
577 2181
577 2707
577 2791
577 2934
579 1043
579 1823
579 1950
579 1981
579 2053
579 2056
579 2290
579 2565
580 1768
580 2797
581 1926
582 772
582 1030
582 2288
582 2881
582 2981
583 959
583 2571
584 1129
584 1614
585 736
585 999
585 1332
586 597
586 2742
587 781
587 1173
587 1207
588 1864
588 1882
589 1933
589 2842
590 1028
590 1601
590 1630
590 1875
590 2463
590 2480
590 2672
591 1118
591 1621
591 2781
592 1865
592 1870
592 2179
592 2450
592 2732
593 2147
593 2315
593 2744
594 2692
595 1074
596 1583
596 2328
596 2701
597 848
597 1119
597 1681
597 2039
597 2486
597 2661
598 1049
598 1053
598 1092
598 2670
599 847
599 1590
600 714
600 1872
600 1882
601 1447
601 1663
601 2518
602 1110
602 1372
602 1910
602 2102
602 2131
602 2655
602 2841
602 2897
603 1224
603 1818
604 1299
604 1826
604 1969
604 2078
604 2284
604 2805
605 714
605 1618
606 664
606 1031
607 1202
607 1746
607 1995
607 2021
607 2418
607 2613
607 2643
609 709
609 948
609 1669
609 1770
609 2076
609 2434
610 1322
610 1367
610 1606
610 1629
610 1936
610 2049
611 1180
611 1676
611 2567
612 692
612 1134
612 1491
612 2009
612 2890
612 2974
614 807
614 2245
614 2639
615 1621
616 963
616 1683
616 1981
616 2292
616 2347
616 2645
617 1190
617 1257
618 738
618 1864
618 2876
619 1882
620 1506
620 2351
621 1496
621 2272
621 2390
621 2447
621 2510
621 2610
622 860
622 2648
622 2959
623 1018
623 1717
624 1608
624 2008
624 2784
625 1129
625 1226
626 1477
626 1533
626 2044
627 1359
627 1479
627 2455
628 766
628 897
628 949
628 1233
628 1644
628 1772
628 2783
629 1557
629 1566
629 1581
629 2208
629 2233
629 2740
629 2849
630 1196
630 1987
630 2801
632 1871
632 2330
632 2520
633 1362
633 1480
634 2363
634 2787
635 1393
635 1717
635 2504
636 1479
636 1594
636 2311
637 1558
637 2077
637 2835
638 1547
638 1776
638 1852
638 1974
638 2051
638 2923
638 2941
639 1676
639 2002
639 2556
640 1381
640 2564
640 2650
641 2263
642 1309
643 1430
643 1680
643 1834
643 2124
643 2673
643 2891
644 1803
644 1899
644 2794
645 902
645 2079
646 1173
647 1208
647 1688
647 1817
648 1685
648 1812
649 687
649 797
649 1067
649 1367
649 1686
649 2061
650 860
650 2120
651 866
651 1705
652 2389
653 1775
654 1324
654 2592
654 2761
655 789
655 849
655 1195
655 1384
655 1396
655 1455
655 2885
656 1676
656 2844
657 1427
657 2742
657 2747
658 1351
658 1401
658 2173
658 2483
658 2548
658 2962
659 878
659 1662
659 1729
659 1782
659 2207
659 2242
659 2872
659 2878
660 1551
660 2851
661 753
661 756
661 1326
661 1485
661 1609
661 2637
661 2937
662 2307
662 2630
663 2503
663 2968
664 874
664 1343
664 1652
664 1912
664 2192
664 2429
664 2635
665 1317
665 2659
666 901
666 1265
666 1736
667 1842
667 2245
667 2428
668 1014
668 2088
669 1191
669 1291
669 2913
670 1149
670 1169
671 746
671 1334
671 1469
671 2309
672 701
672 840
672 1320
672 1788
672 1996
674 748
674 1287
674 1774
674 1930
674 2317
674 2353
675 851
675 1219
675 1993
675 2163
675 2259
675 2726
676 1912
676 2009
676 2625
676 2669
676 2768
677 1237
677 1992
677 2600
678 1347
678 2149
678 2274
679 740
679 1005
679 1271
679 1373
679 1519
679 1563
679 2262
679 2390
680 1538
680 1619
680 2237
680 2254
680 2626
681 1562
681 1618
681 2375
682 1882
682 2306
683 806
683 1045
683 1059
683 1342
683 1749
683 1789
683 2313
683 2855
684 1136
684 1204
684 1261
684 1814
684 1973
684 2359
684 2436
685 686
686 785
686 817
686 932
686 1409
686 2135
687 2686
688 1332
688 1727
688 1864
689 813
689 1313
689 2967
690 1397
690 2810
691 1618
691 2032
692 1031
692 2157
693 1093
693 1825
694 979
694 1124
694 1490
694 1640
694 1924
694 2127
695 912
695 2501
696 1713
696 1779
696 1960
696 1974
696 1982
696 2178
697 1255
697 1720
697 1835
698 1762
698 2512
699 2225
699 2977
700 957
700 1104
701 1537
701 1618
703 1466
703 1828
703 1896
703 2663
703 2746
703 2775
703 2779
703 2859
704 1138
704 1441
704 2590
705 995
705 1930
705 2085
705 2139
705 2776
705 2855
705 2971
706 1237
706 1646
707 1265
707 2304
708 2598
709 744
709 2409
710 1003
710 1076
710 2308
711 1907
711 1910
711 2033
711 2434
711 2495
711 2528
711 2796
712 1112
712 1162
712 1285
712 1605
712 2789
712 2813
713 1128
713 1265
713 2904
714 1270
714 1282
714 1473
714 1963
714 2193
714 2809
715 896
715 1006
715 2375
716 1890
716 2352
716 2667
717 2060
717 2369
718 727
718 880
718 1074
719 959
719 1309
719 2003
720 1185
720 1360
720 2334
721 1093
721 1210
721 1528
722 1701
722 1879
722 1880
722 2025
722 2403
722 2441
722 2704
722 2884
723 2216
723 2363
723 2592
724 998
724 1115
724 1174
724 1598
724 1960
724 2448
724 2597
725 1370
725 1715
725 1780
726 1962
726 2016
727 760
727 1084
727 1508
727 1550
727 1693
728 2174
728 2815
729 1012
729 2306
729 2523
730 2260
730 2396
731 1769
731 2527
732 1371
732 1548
732 1702
732 2612
732 2736
732 2880
733 1256
733 2089
733 2396
734 915
734 1719
734 2240
735 2225
735 2334
735 2428
736 1176
736 1229
736 1570
736 2214
736 2377
736 2453
737 1012
737 2188
738 762
738 956
738 1096
738 1121
738 1312
738 1341
738 2782
739 2458
740 1173
741 1576
741 2691
741 2812
742 2195
742 2251
743 2003
743 2821
744 953
744 1280
744 1411
744 1805
744 2109
744 2867
745 1106
745 1899
745 2734
746 1556
746 1842
747 2414
748 2308
749 1118
749 1678
750 2391
751 2639
752 1073
752 1220
752 1293
752 1296
752 1388
752 2236
752 2269
752 2573
753 2691
754 1479
754 1798
754 2414
755 792
755 970
755 1165
755 1307
755 1463
755 2059
755 2115
757 1195
757 1211
757 1793
757 2031
757 2341
758 1561
758 1669
758 1731
758 1857
758 2273
758 2980
759 855
759 1015
759 1619
759 1638
759 1654
759 1773
759 1901
760 1319
760 1953
761 1957
761 2030
761 2592
762 1449
762 2701
763 2842
764 1084
764 1253
764 1312
764 1661
764 1893
764 2653
765 781
765 1646
765 2686
766 910
766 1672
767 2248
767 2556
768 1935
768 2334
769 2245
769 2701
770 1948
770 2384
771 1130
771 2088
772 796
772 1632
773 930
773 2267
774 910
774 1340
775 1340
775 2151
776 779
776 906
776 1013
776 1460
776 1911
776 1963
776 2806
778 939
778 1110
778 1809
778 1916
778 2580
778 2843
778 2868
779 2195
779 2588
780 2083
780 2882
781 1322
781 1539
781 2213
781 2441
781 2451
781 2954
782 1360
782 2069
782 2087
783 1208
784 892
784 926
784 934
784 1058
784 1269
784 1767
784 2110
784 2156
785 1914
786 1196
786 2300
786 2335
787 1422
787 2006
788 1140
788 2751
789 1886
789 2742
790 1047
790 1398
790 1932
790 2119
790 2289
790 2900
791 929
791 952
791 1246
791 1504
791 1507
791 2113
791 2990
792 930
792 2882
793 1818
793 2004
793 2715
794 1094
794 1808
795 1198
795 1391
795 1541
795 1696
795 1785
795 1790
795 1821
796 852
796 937
796 1225
796 1516
796 1734
796 1851
797 2260
798 1214
798 1218
798 2334
799 1034
799 1103
799 1260
799 1972
799 2005
799 2086
799 2287
799 2947
800 2171
800 2248
801 2267
802 991
802 2389
803 1872
804 1537
804 2263
805 959
805 2619
806 2985
807 2215
807 2312
807 2669
807 2783
807 2829
807 2972
808 1125
809 1948
810 2107
811 1667
811 2149
812 2748
812 2751
813 943
813 1181
813 2067
813 2086
813 2364
813 2892
813 2905
814 826
814 1227
814 1404
814 1612
814 1707
814 1976
815 928
815 1218
815 2572
816 2357
816 2423
816 2706
816 2792
816 2825
816 2889
817 2008
818 2002
818 2043
819 1958
819 2555
820 1049
820 1513
820 2800
820 2885
820 2986
821 2842
822 945
822 1168
823 1678
824 920
824 1123
824 2129
825 1818
825 1952
825 2333
826 968
827 2307
827 2752
828 1321
828 1592
829 1093
829 1347
829 2520
830 1238
830 1520
831 2681
832 1621
832 2251
832 2592
833 1651
833 2064
833 2628
834 2187
834 2747
835 2330
835 2455
836 1827
836 2029
836 2596
836 2705
836 2709
836 2759
837 1079
837 1866
838 955
838 2162
838 2305
839 1173
839 1872
839 2375
840 1314
840 1675
841 2761
842 1427
842 1841
843 880
843 1810
843 1906
844 2314
844 2700
845 1347
846 1273
846 1786
846 2015
846 2406
846 2443
847 1158
847 1713
847 2183
847 2258
847 2406
847 2479
847 2897
848 1841
848 1933
849 1562
849 1841
850 1191
850 1778
850 2007
851 2508
852 1218
852 1685
853 889
853 999
853 1590
854 1328
854 1564
854 1595
854 1694
854 2446
854 2500
854 2813
855 1035
855 2030
856 1719
856 2089
856 2603
857 1197
857 1276
857 2100
858 1617
858 1808
859 1226
859 1594
860 933
860 1056
860 1424
860 2668
860 2722
860 2860
861 1530
861 1719
861 2595
862 1306
862 1334
862 1531
862 1944
862 1997
862 2050
863 1020
863 1064
863 1073
863 1160
863 1924
863 2197
863 2446
863 2952
864 2496
864 2518
865 2044
866 1164
866 1490
866 1707
866 1813
866 2896
867 1841
867 2372
867 2711
868 1001
868 1198
868 1406
868 1411
868 1579
868 2035
868 2098
868 2350
869 1060
869 1525
869 1689
869 1989
869 2207
869 2427
870 1187
870 1938
870 2078
870 2124
870 2469
870 2621
871 1125
871 1131
871 1706
872 968
872 2166
873 1553
873 1580
873 2123
873 2379
873 2678
873 2693
873 2709
873 2966
874 912
874 1075
875 1867
875 2435
876 2182
877 968
877 2151
878 1443
879 995
879 1741
879 1937
879 2021
879 2836
879 2989
880 1151
880 1156
880 2231
880 2782
880 2854
881 918
881 1428
881 1437
881 2095
881 2102
881 2579
881 2870
882 2199
882 2260
882 2590
883 1586
883 1711
883 2314
884 1138
884 1139
884 2460
885 1213
885 1678
886 1039
886 1672
886 1750
887 1318
887 2745
888 2715
888 2978
889 1010
889 1349
889 1657
889 1986
889 2655
889 2868
889 2910
890 1410
890 2221
890 2616
891 1174
891 1757
891 1833
891 2429
892 1094
893 2311
893 2465
893 2904
894 1171
894 2583
894 2748
895 1288
895 1631
895 1707
895 1859
895 2423
896 1086
896 1546
896 2155
896 2193
896 2611
897 1029
897 1558
898 1149
898 2985
899 1205
899 1423
899 2521
900 2787
901 1078
901 1322
901 1416
901 2046
901 2862
901 2863
902 1372
902 1982
902 2461
902 2716
903 1926
904 915
904 2225
905 930
905 2002
906 2383
906 2410
907 1128
907 2591
907 2935
908 1952
908 2835
909 2898
910 1333
910 1456
910 2081
910 2266
910 2509
910 2665
911 1886
912 1371
912 1636
912 2614
912 2679
912 2890
912 2939
913 1196
913 2504
913 2603
914 1864
915 1065
915 1115
915 1252
915 1857
916 1614
916 2162
917 926
917 1419
917 2277
917 2562
917 2569
917 2962
917 2984
918 2581
919 2171
919 2320
919 2750
920 989
920 1589
920 2299
920 2739
920 2889
921 1235
921 2228
921 2520
922 1551
923 1957
923 2781
924 1201
924 2274
924 2953
925 1958
925 1987
925 2371
926 1617
927 1369
927 2097
928 935
928 994
928 1108
928 1891
928 2186
928 2229
929 2639
929 2949
930 1786
930 1831
930 2282
931 1171
931 1314
932 2199
932 2595
933 1385
933 1727
934 2329
934 2555
935 1397
935 2546
936 1576
936 2352
936 2363
937 2583
937 2787
938 1061
938 1590
938 2373
939 966
939 2930
940 1381
940 2913
941 1405
941 1779
941 2136
942 1264
942 2171
943 1958
944 2616
945 995
945 1055
945 1387
945 1402
945 2516
945 2554
945 2768
946 1769
946 2014
946 2583
947 1561
947 1904
947 1954
947 2447
947 2777
947 2970
948 2953
949 2228
949 2428
950 1562
950 2556
950 2667
951 1190
951 2407
951 2675
952 1886
952 2187
953 1031
953 2089
954 1789
954 2294
954 2364
954 2525
954 2684
954 2776
955 1626
955 1636
955 1771
955 2056
955 2226
956 1317
957 1733
957 1761
957 1847
957 2386
957 2547
957 2780
959 1152
959 1245
959 1493
960 2176
960 2308
961 1668
961 2642
961 2949
962 1818
962 2371
962 2409
963 1905
964 1090
964 2455
964 2821
965 1090
965 2921
966 1686
966 2121
966 2280
966 2432
966 2537
967 2362
967 2545
968 1107
968 1260
968 1289
968 1408
969 1018
969 1196
969 2396
971 1257
971 2723
971 2790
972 1353
972 1642
972 1876
972 2124
972 2578
973 1822
973 1906
973 2503
974 1742
974 2105
974 2523
975 1462
975 2351
975 2648
976 1169
976 2790
977 2060
977 2629
977 2742
978 2681
978 2898
979 1302
979 2688
980 1089
980 1280
980 1327
980 1415
980 1892
981 1076
981 1672
981 2157
982 2006
982 2688
983 1676
983 2506
984 1441
984 2351
985 1271
985 1949
985 2017
985 2217
985 2911
986 1207
986 2676
987 1435
987 2842
988 1379
988 2533
988 2571
989 1422
989 1835
990 1140
990 2397
991 1178
991 1254
991 1746
991 1938
991 1944
992 1171
992 1874
993 1078
993 1382
993 1470
993 1988
993 2130
993 2269
994 1197
994 2590
996 1316
996 2527
997 1094
997 2128
997 2650
998 2567
999 1007
999 1016
999 1748
999 1836
999 2589
999 2684
1000 1185
1000 1750
1000 2508
1002 2721
1002 2865
1003 1452
1003 1830
1003 2275
1003 2292
1003 2399
1003 2938
1004 1572
1004 2373
1004 2691
1005 1882
1005 2529
1006 1270
1006 1327
1006 1894
1006 2035
1006 2485
1006 2743
1008 1769
1009 1257
1010 2790
1011 1370
1011 2182
1012 1200
1012 1271
1012 2220
1012 2547
1012 2573
1013 1171
1013 2629
1014 1378
1014 1649
1014 1887
1014 2219
1014 2236
1015 2642
1015 2968
1016 1867
1017 1221
1017 1232
1017 1438
1017 1702
1017 2259
1018 1133
1018 1635
1018 1738
1018 2203
1018 2426
1018 2965
1019 1098
1019 1210
1019 2008
1020 2240
1020 2323
1021 1429
1021 2815
1022 1374
1022 2306
1023 1189
1023 1332
1024 2425
1024 2496
1024 2734
1025 1347
1025 1360
1025 1750
1026 2176
1026 2648
1026 2844
1027 1037
1027 1148
1027 1292
1027 1503
1027 1698
1027 2211
1027 2346
1027 2961
1028 1314
1028 2171
1029 1184
1029 1407
1029 1554
1029 2210
1029 2247
1030 1617
1030 1792
1031 1791
1031 1967
1031 2184
1031 2990
1032 1300
1032 1385
1032 1608
1033 1063
1034 2560
1034 2799
1035 1712
1035 1758
1035 1998
1035 2111
1035 2160
1035 2647
1035 2710
1036 1542
1036 2692
1036 2810
1037 1435
1037 1775
1038 1175
1038 2307
1039 1494
1039 1518
1039 1669
1039 1993
1039 2401
1039 2481
1040 1443
1040 2151
1040 2311
1041 1555
1041 2623
1042 1295
1042 1348
1043 1622
1043 2372
1044 1298
1044 1682
1044 1991
1044 2155
1044 2232
1044 2420
1044 2463
1045 1348
1045 1886
1046 1406
1046 1415
1046 2148
1046 2633
1046 2901
1048 1168
1048 2977
1049 1208
1050 1651
1050 2988
1051 1742
1051 2034
1051 2330
1052 1528
1052 1716
1053 2496
1053 2620
1054 1555
1054 2967
1055 1235
1055 2913
1056 2572
1057 1761
1057 1975
1057 2038
1057 2048
1057 2163
1057 2634
1057 2736
1057 2903
1058 1093
1059 2004
1059 2153
1060 1715
1061 1159
1061 1515
1061 1527
1061 1627
1061 1853
1061 2309
1061 2408
1062 1175
1062 1962
1063 1455
1063 1994
1063 2434
1063 2483
1063 2498
1063 2869
1063 2963
1064 1736
1065 1256
1066 1429
1066 2335
1067 1237
1067 2577
1068 2120
1068 2369
1068 2959
1069 1587
1070 2240
1070 2265
1070 2296
1071 1399
1071 1668
1072 2627
1073 2006
1074 2013
1074 2054
1074 2653
1074 2682
1074 2840
1075 1088
1075 1164
1075 1891
1075 2278
1075 2722
1075 2924
1075 2974
1076 1650
1076 2139
1076 2298
1076 2879
1076 2947
1077 1551
1077 2428
1077 2639
1078 2646
1079 1124
1079 1127
1079 1225
1079 2196
1079 2720
1079 2772
1079 2896
1080 1727
1080 2504
1081 1149
1081 1324
1081 1648
1082 2564
1082 2715
1082 2985
1083 1170
1085 2342
1086 1171
1086 2320
1087 1249
1087 1682
1087 1860
1087 1870
1087 2229
1087 2343
1087 2946
1088 2206
1090 2895
1090 2939
1091 1628
1092 1420
1093 1285
1093 1378
1093 1961
1093 1968
1094 1263
1094 1419
1094 2252
1094 2881
1094 2909
1095 1128
1095 2153
1096 1656
1097 2199
1097 2340
1098 1216
1098 1767
1098 2219
1098 2416
1098 2549
1099 2476
1100 1259
1100 1770
1100 1929
1100 2025
1100 2109
1100 2117
1101 1935
1101 2781
1101 2977
1102 1340
1102 1730
1103 2458
1103 2967
1104 1474
1104 1595
1104 1613
1104 2074
1104 2764
1105 2064
1105 2410
1106 1145
1106 2705
1106 2987
1107 1313
1107 2462
1108 2304
1109 1676
1109 1835
1109 2421
1111 1201
1112 1510
1113 1375
1113 2329
1113 2600
1114 1482
1114 2904
1115 2079
1116 2264
1116 2371
1117 1161
1117 1318
1117 1614
1118 1251
1118 1382
1118 1388
1118 1472
1119 2985
1120 2162
1121 1583
1121 1634
1122 2248
1122 2608
1123 1274
1123 1389
1123 1574
1123 2268
1124 2206
1125 1262
1125 1368
1125 1748
1126 1594
1126 2794
1126 2799
1127 1775
1128 1577
1128 1659
1128 2207
1128 2299
1129 1625
1129 2204
1129 2317
1129 2468
1129 2737
1130 1553
1130 1602
1130 1640
1130 1665
1130 2152
1130 2517
1131 1759
1131 1986
1131 2238
1131 2436
1131 2440
1131 2445
1131 2931
1132 2700
1132 2790
1132 2842
1133 2034
1133 2474
1134 2421
1134 2639
1135 1692
1135 2170
1135 2850
1136 1798
1137 1218
1137 2695
1138 1500
1138 1602
1138 1910
1138 2255
1138 2631
1139 1461
1139 1532
1139 2348
1139 2457
1139 2841
1139 2869
1140 1501
1140 1557
1140 2224
1140 2713
1140 2777
1141 1624
1142 1147
1142 2373
1142 2761
1143 2034
1144 1319
1144 2397
1145 1331
1145 2409
1146 1363
1147 2066
1147 2178
1147 2382
1147 2636
1148 1190
1148 2976
1149 1760
1149 2080
1149 2401
1149 2811
1150 1201
1150 1648
1150 2363
1151 2328
1152 1348
1153 1688
1153 1705
1154 2383
1154 2407
1155 1256
1155 1375
1155 2603
1156 2449
1157 1578
1157 1825
1157 2555
1158 1169
1159 2850
1160 1302
1160 1692
1161 1497
1161 2150
1161 2378
1161 2469
1162 1314
1162 2383
1163 1365
1163 2752
1164 2043
1165 1256
1165 2595
1166 2008
1166 2105
1166 2582
1167 1545
1168 1338
1168 1784
1168 2192
1168 2857
1168 2972
1169 2054
1169 2238
1170 1234
1170 1326
1170 1709
1170 2647
1170 2925
1171 1860
1171 2769
1171 2912
1172 1291
1172 2650
1172 2978
1173 2601
1173 2809
1174 2723
1175 1821
1175 2048
1175 2074
1175 2169
1175 2542
1176 1881
1176 2742
1177 1495
1177 1695
1177 1772
1177 1887
1177 2071
1177 2099
1177 2427
1178 1717
1179 1214
1179 1291
1179 1624
1180 2095
1180 2168
1180 2602
1180 2770
1180 2920
1181 2264
1181 2664
1182 2107
1182 2664
1182 2797
1183 2089
1183 2329
1183 2577
1184 1381
1184 2307
1185 1233
1185 1258
1185 1673
1185 1734
1185 1891
1186 1429
1186 2116
1186 2508
1187 1927
1188 2107
1188 2128
1188 2267
1189 1262
1189 1615
1189 1657
1189 1848
1189 2214
1189 2294
1189 2760
1190 1974
1190 2161
1190 2649
1190 2864
1191 1254
1191 1425
1191 1714
1191 1732
1191 2989
1192 2553
1193 1276
1194 1365
1194 1585
1194 2409
1196 1893
1196 1964
1196 2954
1197 1225
1197 1290
1197 1642
1197 1721
1197 2284
1197 2467
1199 2187
1199 2921
1200 1533
1201 1518
1201 1722
1201 2054
1201 2729
1202 2016
1203 1953
1203 2794
1204 1224
1205 2198
1205 2289
1205 2780
1205 2926
1206 1542
1207 1977
1207 2065
1207 2158
1207 2408
1207 2610
1208 1681
1208 1897
1208 2341
1208 2357
1208 2466
1209 1768
1209 2508
1210 1361
1210 1468
1210 2082
1211 1427
1211 1441
1212 1855
1212 2138
1212 2288
1212 2347
1212 2765
1212 2832
1213 1250
1213 1301
1213 1709
1213 1850
1213 2772
1213 2805
1214 1233
1214 1920
1214 2217
1214 2473
1214 2487
1214 2677
1215 1321
1215 1685
1215 1818
1216 2069
1216 2520
1217 2752
1217 2850
1218 2167
1218 2278
1219 1545
1219 2088
1220 1545
1221 2221
1221 2501
1222 1583
1222 2465
1222 2474
1223 1264
1223 1933
1224 1671
1224 1722
1224 2080
1224 2587
1224 2856
1226 1728
1226 1902
1226 2197
1226 2287
1227 2734
1228 1614
1228 2314
1228 2723
1229 1556
1229 2582
1230 1319
1230 1962
1230 2851
1231 1792
1231 2781
1231 2784
1232 2188
1234 1678
1234 1737
1235 1789
1235 2388
1235 2594
1235 2836
1235 2871
1236 1558
1236 2157
1237 1883
1237 2046
1237 2168
1237 2570
1238 1549
1238 1703
1238 1721
1238 1790
1238 1884
1238 2694
1238 2727
1239 1962
1239 2797
1240 1241
1240 1535
1240 1725
1240 1976
1240 2798
1240 2955
1241 1510
1242 2027
1243 1886
1243 1983
1244 2305
1244 2576
1245 2882
1246 2967
1247 1578
1247 2089
1247 2600
1248 2560
1249 1308
1249 2685
1250 1632
1250 2810
1251 2741
1252 2228
1252 2977
1253 1906
1254 1727
1255 1342
1255 1577
1255 2072
1255 2268
1255 2732
1255 2826
1256 1744
1256 1844
1256 1979
1256 2680
1257 2012
1257 2073
1257 2295
1257 2424
1258 2087
1258 2340
1259 1331
1259 1365
1260 2308
1263 1315
1263 1792
1264 1417
1264 1473
1264 2094
1264 2534
1265 1747
1265 1847
1265 1868
1265 2190
1265 2212
1266 1295
1266 1768
1267 1688
1267 1711
1267 2745
1268 1646
1268 2435
1268 2646
1269 1317
1272 1529
1272 2642
1273 2530
1273 2656
1274 1628
1274 2595
1275 1858
1275 2002
1276 1703
1276 1856
1276 2243
1276 2746
1276 2788
1276 2849
1277 2030
1277 2230
1278 1510
1278 1611
1279 1378
1279 1525
1279 2066
1279 2416
1279 2872
1279 2908
1279 2938
1280 2721
1281 1510
1281 1881
1282 2512
1283 1909
1284 1542
1284 2030
1284 2503
1285 2008
1286 1578
1286 2129
1286 2560
1287 1881
1287 2162
1288 2421
1288 2656
1289 2296
1290 2234
1290 2695
1291 1333
1291 1741
1291 2140
1293 2188
1293 2584
1294 1589
1294 2653
1294 2755
1294 2854
1294 2956
1295 1323
1295 1548
1295 1776
1295 2202
1295 2915
1296 1736
1296 2688
1297 1614
1297 2575
1297 2576
1298 1399
1299 1715
1299 1737
1300 1746
1300 1795
1300 2050
1300 2941
1300 2991
1301 2234
1302 1568
1302 2442
1302 2452
1302 2599
1302 2693
1303 2008
1303 2241
1304 2373
1304 2676
1305 2030
1305 2195
1305 2529
1306 2333
1306 2913
1307 2329
1308 1509
1308 1687
1308 1718
1308 2427
1308 2585
1309 1754
1309 1793
1309 2837
1309 2933
1310 1477
1310 1664
1310 2576
1311 2336
1311 2476
1313 1650
1313 1902
1313 2514
1313 2532
1313 2561
1313 2563
1314 2257
1314 2349
1315 1401
1315 1516
1315 2036
1315 2347
1315 2492
1315 2914
1316 1357
1316 1453
1316 1920
1316 2404
1316 2438
1316 2772
1317 1887
1317 2238
1317 2887
1318 1438
1318 1584
1318 1761
1318 2125
1318 2883
1319 1531
1319 1589
1319 2137
1320 2320
1321 1852
1321 2037
1321 2239
1321 2302
1323 1385
1323 2828
1324 1403
1324 1552
1324 1840
1324 2126
1325 1533
1325 2584
1326 1397
1327 2733
1328 2240
1328 2688
1329 1858
1330 1905
1330 2145
1330 2828
1331 1569
1331 1629
1331 2082
1331 2490
1331 2641
1331 2813
1332 1366
1332 1677
1332 1752
1332 2829
1333 2307
1334 2016
1335 2016
1335 2397
1335 2959
1336 1769
1336 2620
1337 2304
1338 2428
1339 2630
1339 2799
1340 1694
1340 2210
1340 2353
1341 2560
1342 1952
1343 2572
1343 2921
1344 1630
1344 2294
1344 2589
1344 2843
1344 2964
1345 1952
1345 1983
1345 2153
1346 1621
1346 2646
1347 1465
1347 1932
1347 2487
1347 2549
1348 1623
1348 1801
1348 2256
1348 2615
1348 2892
1349 2391
1350 2342
1350 2527
1351 1656
1352 2004
1353 2521
1353 2522
1354 1858
1354 2114
1355 2199
1355 2508
1356 1358
1356 1440
1356 2540
1356 2708
1356 2833
1356 2895
1357 1849
1358 1479
1358 2330
1359 1380
1359 1481
1359 2402
1359 2454
1359 2774
1360 2118
1360 2566
1361 2320
1361 2383
1363 1536
1363 1919
1363 2022
1363 2185
1363 2237
1363 2604
1364 2575
1365 1813
1365 2024
1365 2319
1366 2435
1366 2581
1368 1849
1368 2581
1369 1616
1369 1754
1369 1801
1369 1946
1369 2485
1369 2702
1370 1800
1370 2638
1370 2645
1370 2830
1371 2166
1372 2182
1373 2523
1373 2584
1374 1563
1374 1613
1374 2169
1374 2596
1374 2966
1375 1701
1375 2184
1375 2244
1375 2808
1376 1743
1376 2616
1376 2824
1377 1441
1377 1506
1379 2224
1379 2497
1379 2510
1381 2266
1381 2473
1381 2566
1381 2989
1383 1444
1383 1645
1383 1683
1383 2191
1383 2457
1383 2528
1383 2698
1383 2870
1384 2747
1385 1795
1385 2028
1385 2839
1386 2279
1387 1506
1387 1858
1388 2435
1389 1422
1389 1953
1390 1435
1390 1530
1390 2329
1391 2307
1392 1762
1392 2523
1393 1635
1393 1845
1393 2735
1393 2749
1393 2972
1394 2147
1394 2600
1395 1397
1395 2304
1395 2685
1396 1663
1397 1697
1397 1865
1397 1934
1398 2741
1399 1514
1399 2443
1399 2673
1399 2771
1400 1421
1401 2824
1403 2116
1403 2787
1404 2793
1405 1817
1406 2314
1407 1803
1408 1675
1408 2904
1410 1580
1410 2036
1410 2271
1410 2743
1410 2861
1410 2919
1412 2330
1413 1477
1414 2221
1414 2812
1415 2738
1416 1420
1416 2435
1418 1477
1418 2410
1419 1825
1420 2130
1420 2562
1420 2689
1421 1637
1421 1755
1421 2346
1421 2500
1421 2507
1421 2557
1421 2720
1422 1885
1422 2749
1422 2762
1422 2795
1422 2878
1423 1458
1423 1781
1423 2485
1423 2637
1423 2883
1424 2060
1425 1537
1427 2159
1427 2419
1427 2498
1427 2852
1428 1667
1428 2506
1429 1476
1429 2160
1429 2551
1429 2833
1430 1520
1430 2988
1432 1881
1433 2502
1434 2340
1435 1755
1435 1853
1435 2115
1435 2295
1436 2352
1436 2714
1437 1905
1438 1517
1439 2330
1440 2187
1440 2821
1441 1811
1441 2885
1441 2888
1442 1810
1442 1939
1443 1514
1443 1834
1443 2068
1444 2395
1445 1576
1445 1590
1445 2676
1447 1501
1447 1600
1447 1838
1447 2062
1447 2243
1447 2875
1448 1592
1448 1952
1448 2715
1449 1684
1449 1859
1449 2031
1449 2068
1449 2539
1449 2662
1450 1621
1450 2476
1450 2968
1451 2484
1451 2603
1452 1780
1453 2812
1454 2953
1455 2701
1456 1537
1456 1803
1457 2003
1457 2043
1457 2083
1458 2692
1458 2944
1459 2484
1459 2801
1461 1905
1462 1956
1462 2033
1462 2159
1462 2548
1462 2957
1463 1533
1463 2107
1464 1762
1464 2577
1465 2368
1466 2014
1467 1962
1467 2362
1468 1477
1468 1510
1469 2676
1469 2850
1470 1750
1471 1675
1471 2151
1471 2265
1472 2368
1472 2692
1473 1562
1474 2623
1474 2930
1475 2044
1475 2107
1475 2391
1476 1542
1476 2216
1477 1605
1477 1820
1477 2092
1478 2296
1478 2674
1478 2784
1479 1603
1479 2579
1479 2697
1480 1529
1480 2476
1482 1535
1482 1554
1482 1595
1482 1774
1482 2081
1482 2146
1483 1909
1483 2100
1483 2314
1484 1592
1484 2004
1484 2333
1485 1824
1486 1952
1486 1970
1487 2087
1487 2435
1488 1824
1489 1775
1489 2234
1489 2721
1490 2234
1492 2166
1492 2501
1492 2921
1493 1817
1493 2733
1495 2977
1496 1769
1496 2321
1497 1688
1497 1874
1498 1992
1498 2484
1499 1812
1499 1890
1500 2499
1501 1841
1502 1651
1502 2581
1503 1586
1503 2675
1504 1842
1505 2267
1505 2395
1506 1645
1506 2198
1506 2331
1506 2900
1506 2960
1507 2482
1507 2851
1509 2422
1510 2020
1510 2778
1512 1621
1512 2030
1512 2502
1513 1583
1513 2627
1514 1822
1515 2744
1516 1808
1517 1999
1517 2212
1517 2541
1517 2903
1518 2650
1519 2533
1519 2723
1520 1541
1520 1799
1520 1862
1520 2578
1520 2925
1521 2384
1521 2422
1521 2598
1522 2069
1523 1556
1523 2362
1523 2529
1524 2079
1524 2714
1525 2304
1526 1939
1527 1576
1528 2135
1528 2200
1528 2283
1528 2526
1528 2666
1529 1633
1529 1777
1529 2075
1529 2185
1529 2610
1530 2282
1530 2380
1530 2680
1530 2753
1532 2245
1533 1861
1534 2044
1534 2286
1534 2395
1535 2151
1536 1778
1538 2503
1538 2642
1539 2371
1540 2501
1541 2100
1542 1638
1542 2983
1543 1575
1543 1895
1543 2106
1544 1647
1544 2674
1545 1968
1545 2416
1545 2631
1546 1762
1546 2600
1547 2106
1549 2603
1549 2976
1550 2044
1550 2351
1551 1903
1551 1907
1551 2215
1551 2348
1552 2216
1552 2502
1553 2797
1555 1984
1555 2952
1556 1940
1556 2113
1556 2270
1556 2430
1557 1663
1558 2298
1558 2593
1558 2665
1559 1736
1559 2308
1560 1667
1560 1952
1562 2239
1562 2766
1562 2788
1562 2852
1563 2850
1564 1685
1564 1775
1565 2564
1565 2944
1566 1906
1566 2023
1567 2195
1568 2616
1569 2721
1570 2482
1571 1586
1571 1874
1571 2738
1572 1928
1572 1966
1572 2127
1572 2222
1572 2438
1572 2819
1573 1590
1573 2474
1574 2421
1574 2553
1575 1795
1575 2344
1575 2432
1575 2948
1576 1928
1576 2126
1576 2382
1576 2922
1578 1885
1578 2115
1578 2156
1578 2244
1578 2753
1579 2608
1579 2738
1580 1743
1581 1841
1581 2518
1582 2703
1582 2750
1582 2794
1584 2608
1584 2619
1585 1643
1585 1936
1586 1779
1586 2424
1586 2552
1586 2651
1587 1788
1587 1915
1587 1937
1587 2728
1587 2746
1588 1614
1588 2700
1588 2738
1590 1725
1590 2760
1591 2383
1592 2246
1592 2403
1593 1803
1593 1872
1594 2063
1594 2271
1594 2281
1594 2405
1594 2452
1596 2064
1596 2088
1596 2170
1597 2100
1597 2396
1597 2976
1598 2421
1598 2700
1599 2930
1600 2595
1600 2976
1601 2703
1602 2064
1603 2145
1603 2581
1604 1812
1604 2506
1604 2715
1605 2279
1606 1646
1606 2300
1607 1730
1607 2425
1608 1620
1608 1658
1608 1764
1608 2666
1608 2696
1609 2733
1609 2865
1610 2576
1611 1650
1611 1918
1611 1972
1611 2317
1611 2358
1612 2166
1612 2265
1614 2019
1614 2138
1615 2077
1615 2703
1616 1817
1617 1877
1617 2011
1617 2492
1618 1666
1618 1951
1618 2394
1618 2574
1620 1914
1620 2199
1621 2237
1621 2562
1622 1845
1622 1873
1622 2156
1622 2833
1622 2942
1623 2458
1624 1696
1624 2143
1624 2566
1624 2732
1624 2808
1624 2884
1626 2395
1627 2221
1628 2132
1628 2211
1628 2387
1628 2602
1628 2886
1628 2982
1629 2264
1630 2794
1631 1688
1631 2959
1632 2011
1632 2899
1632 2909
1632 2914
1633 2567
1634 1837
1634 1903
1634 1971
1634 2076
1634 2498
1634 2539
1635 1727
1636 2583
1637 2234
1638 2251
1639 1849
1639 2797
1640 2850
1641 2260
1641 2681
1641 2801
1642 2692
1643 2582
1643 2721
1644 1935
1645 2128
1646 1747
1646 1942
1646 2130
1647 2326
1647 2515
1647 2637
1647 2756
1647 2874
1648 1800
1648 2290
1648 2338
1648 2661
1648 2897
1649 1935
1649 2876
1651 1759
1651 1836
1651 1848
1651 2249
1652 2157
1653 2460
1654 1664
1654 2512
1655 2898
1656 1885
1656 2018
1656 2277
1656 2287
1656 2563
1658 2595
1659 1953
1660 2734
1661 2328
1662 1899
1662 2129
1663 2039
1663 2180
1663 2466
1663 2803
1663 2852
1664 1854
1664 1985
1664 2223
1664 2804
1664 2858
1665 2616
1667 1766
1667 1923
1667 2770
1667 2933
1668 2084
1668 2258
1668 2461
1668 2464
1671 2592
1672 1863
1672 2247
1672 2525
1672 2945
1673 1685
1673 2695
1674 1716
1674 2588
1675 2081
1675 2210
1675 2386
1677 1717
1678 1799
1678 2119
1678 2392
1679 2494
1680 1737
1680 2628
1681 2714
1682 2751
1684 1705
1684 2157
1685 2507
1686 2484
1687 1935
1687 2591
1688 2047
1688 2261
1689 2935
1690 2742
1690 2985
1691 2376
1691 2591
1692 2152
1692 2222
1692 2324
1692 2370
1692 2896
1693 2968
1694 2918
1695 2781
1696 1858
1697 2410
1698 2383
1698 2571
1699 1737
1699 2100
1700 1970
1701 2114
1702 1743
1703 2522
1704 2301
1704 2368
1705 1757
1705 1831
1705 2792
1706 2041
1706 2249
1706 2292
1706 2338
1706 2856
1708 2153
1709 1808
1710 2482
1710 2529
1710 2623
1711 2398
1711 2769
1711 2864
1711 2894
1715 1981
1715 2062
1715 2578
1715 2636
1715 2849
1716 1718
1716 2057
1716 2513
1716 2569
1716 2777
1717 2413
1717 2860
1719 2325
1719 2470
1720 1919
1720 1982
1720 2110
1720 2479
1722 2985
1723 2014
1725 2530
1726 2598
1727 1843
1727 2201
1728 2630
1728 2794
1729 2591
1730 1774
1730 1941
1730 2010
1730 2775
1730 2809
1731 2216
1732 2105
1733 2240
1735 2421
1735 2723
1736 1931
1736 2718
1736 2749
1737 1790
1737 2814
1738 2228
1738 2977
1740 2790
1740 2828
1742 1961
1742 2017
1742 2454
1742 2549
1742 2871
1742 2971
1743 1853
1743 2285
1743 2634
1744 2781
1745 2581
1747 2006
1749 2835
1750 2167
1750 2189
1750 2593
1750 2677
1751 2230
1751 2251
1751 2529
1752 2428
1752 2620
1753 2685
1753 2748
1754 2882
1755 2407
1756 1824
1756 2369
1756 2572
1757 2656
1758 2521
1758 2810
1760 2650
1760 2953
1762 1807
1762 1977
1763 2342
1763 2583
1763 2620
1765 2414
1768 2559
1768 2615
1768 2857
1769 2622
1770 2384
1771 2921
1773 2305
1776 2667
1777 2851
1778 2232
1778 2820
1780 1950
1780 2288
1780 2698
1781 2296
1782 2793
1782 2807
1783 2518
1783 2807
1784 2166
1785 2114
1786 2474
1787 2372
1788 2898
1791 2301
1792 1911
1792 2366
1792 2411
1792 2543
1792 2569
1793 2608
1794 1803
1794 2496
1794 2793
1796 1958
1796 2458
1796 2664
1797 1817
1797 2027
1797 2608
1798 1829
1798 2417
1798 2557
1799 2810
1800 2815
1801 2571
1802 2006
1802 2462
1803 2010
1803 2785
1804 1872
1804 2157
1804 2425
1805 2422
1806 2100
1806 2603
1806 2675
1808 2154
1809 2703
1810 2121
1810 2223
1810 2478
1810 2916
1811 2088
1811 2499
1812 1942
1812 2519
1812 2863
1813 2397
1814 1917
1815 2567
1815 2865
1817 2051
1818 2025
1818 2980
1819 2787
1820 2263
1820 2305
1822 1862
1822 1901
1822 2078
1822 2172
1822 2814
1823 2174
1823 2555
1824 2222
1824 2722
1824 2899
1825 1873
1825 2194
1826 2522
1826 2692
1827 2686
1827 2801
1828 2248
1828 2844
1830 2462
1831 2421
1832 2133
1832 2209
1832 2326
1832 2341
1832 2415
1832 2986
1833 1835
1833 2553
1835 2303
1835 2982
1837 2245
1838 1922
1838 2023
1839 2691
1841 1897
1841 2339
1842 2215
1842 2635
1843 1867
1844 2784
1845 1958
1846 1881
1846 2279
1849 2559
1849 2626
1850 2414
1850 2741
1852 2472
1854 2263
1855 2576
1856 2747
1857 2761
1858 2605
1861 2251
1861 2627
1862 2628
1863 2087
1863 2953
1864 2413
1864 2601
1864 2887
1865 2368
1866 1876
1866 1969
1866 2154
1866 2392
1866 2404
1867 2112
1867 2214
1867 2413
1868 2151
1869 2306
1869 2533
1869 2700
1870 2978
1871 1889
1871 1937
1871 2203
1871 2322
1871 2454
1872 2146
1872 2353
1872 2663
1873 2329
1874 2227
1874 2622
1874 2649
1874 2706
1875 2320
1876 2064
1877 2395
1877 2650
1878 2711
1878 2714
1879 1987
1879 2264
1880 1958
1881 2468
1881 2514
1881 2947
1882 1941
1882 2065
1882 2451
1883 2333
1883 2506
1884 2314
1884 2352
1886 2419
1886 2788
1888 2225
1888 2504
1888 2977
1889 2335
1890 2042
1890 2633
1890 2941
1892 2384
1893 2449
1894 2195
1894 2824
1895 2201
1895 2618
1895 2860
1895 2915
1895 2991
1896 2321
1896 2556
1897 2174
1898 2944
1898 2978
1899 2640
1899 2762
1900 2147
1901 1922
1902 2560
1904 2241
1904 2518
1905 2327
1905 2331
1906 1978
1906 2689
1906 2875
1908 2016
1908 2807
1909 2013
1909 2126
1909 2632
1909 2694
1911 2230
1912 2499
1913 2311
1913 2630
1914 2680
1914 2982
1915 2034
1915 2913
1917 2348
1917 2580
1917 2713
1917 2796
1917 2916
1918 2279
1919 2949
1920 2523
1921 2793
1922 2231
1922 2740
1922 2891
1923 2004
1923 2311
1926 1990
1926 2961
1927 2050
1927 2444
1927 2643
1928 2865
1929 1970
1931 2462
1931 2664
1932 2650
1933 2180
1933 2295
1933 2536
1933 2574
1934 2064
1935 2091
1936 1958
1938 2267
1939 1975
1939 2310
1939 2537
1940 2623
1941 2375
1942 2529
1943 2265
1944 2106
1945 2002
1945 2553
1945 2844
1946 2003
1947 2363
1947 2502
1947 2761
1948 1978
1948 2867
1949 2306
1949 2584
1950 2376
1952 2731
1953 2047
1953 2303
1953 2825
1953 2956
1954 2174
1954 2336
1955 1970
1955 2004
1955 2835
1956 2120
1957 2022
1957 2293
1958 2490
1959 2264
1959 2458
1961 2069
1962 2310
1962 2817
1964 2449
1965 2007
1965 2008
1967 2967
1970 2361
1970 2417
1970 2838
1976 2279
1977 2315
1978 2646
1979 2240
1980 2321
1980 2844
1983 2256
1983 2388
1983 2538
1983 2776
1983 2826
1983 2951
1984 2703
1987 2122
1987 2165
1987 2652
1987 2683
1988 2087
1988 2527
1989 2546
1990 2506
1991 2235
1991 2750
1992 1996
1992 2049
1992 2070
1992 2280
1992 2519
1992 2774
1994 2648
1995 2642
1996 2330
1997 2116
1997 2642
1998 2251
1998 2503
2000 2089
2000 2384
2001 2546
2002 2730
2003 2059
2003 2282
2003 2415
2004 2826
2004 2906
2005 2265
2005 2462
2006 2093
2006 2862
2007 2017
2007 2359
2007 2440
2007 2526
2008 2057
2009 2590
2010 2157
2013 2714
2014 2112
2014 2209
2014 2829
2016 2374
2016 2956
2018 2129
2018 2329
2019 2027
2019 2745
2020 2629
2021 2333
2022 2968
2023 2254
2023 2481
2023 2513
2023 2585
2023 2726
2024 2734
2024 2917
2026 2100
2026 2352
2026 2738
2027 2901
2027 2903
2028 2472
2030 2802
2031 2627
2032 2061
2032 2257
2032 2774
2034 2122
2034 2402
2037 2352
2040 2245
2041 2592
2042 2321
2042 2608
2043 2433
2044 2181
2044 2226
2044 2755
2045 2241
2046 2529
2051 2383
2052 2904
2053 2182
2053 2815
2055 2373
2055 2812
2055 2865
2056 2083
2057 2828
2058 2391
2058 2723
2058 2842
2059 2656
2060 2076
2060 2365
2060 2621
2061 2330
2063 2824
2064 2805
2065 2300
2066 2176
2067 2077
2068 2474
2069 2677
2069 2929
2070 2686
2071 2591
2073 2391
2073 2700
2074 2315
2075 2533
2075 2744
2077 2388
2077 2589
2077 2617
2077 2855
2079 2108
2079 2479
2082 2323
2083 2554
2083 2830
2083 2895
2084 2474
2084 2656
2085 2225
2085 2520
2086 2674
2087 2487
2088 2495
2088 2841
2089 2818
2089 2884
2090 2425
2090 2794
2090 2917
2092 2166
2093 2308
2093 2664
2094 2930
2096 2188
2096 2630
2096 2824
2097 2098
2097 2193
2097 2671
2097 2861
2098 2733
2099 2334
2100 2439
2103 2147
2103 2512
2104 2472
2104 2501
2105 2283
2105 2436
2105 2820
2106 2643
2106 2839
2107 2380
2107 2544
2107 2717
2110 2876
2111 2414
2112 2428
2114 2450
2114 2473
2114 2818
2116 2408
2116 2491
2116 2613
2118 2523
2120 2318
2120 2399
2120 2516
2120 2963
2122 2335
2123 2170
2128 2226
2128 2327
2128 2699
2128 2934
2129 2303
2129 2718
2131 2145
2132 2506
2133 2646
2134 2691
2134 2733
2135 2784
2136 2472
2136 2667
2137 2494
2138 2263
2140 2274
2140 2564
2141 2315
2141 2918
2142 2797
2143 2153
2143 2301
2144 2260
2144 2499
2145 2191
2145 2354
2145 2770
2147 2611
2147 2911
2148 2321
2149 2198
2149 2332
2149 2712
2149 2929
2150 2389
2153 2450
2154 2810
2158 2533
2159 2701
2160 2761
2161 2351
2161 2842
2162 2358
2162 2804
2163 2188
2164 2335
2164 2865
2165 2449
2167 2340
2168 2715
2169 2918
2170 2255
2170 2475
2170 2932
2171 2394
2171 2597
2171 2970
2172 2465
2174 2803
2175 2648
2175 2821
2176 2318
2176 2879
2177 2368
2177 2521
2178 2714
2181 2790
2182 2183
2182 2811
2183 2460
2184 2384
2185 2336
2186 2499
2186 2522
2187 2679
2187 2728
2188 2271
2188 2599
2189 2435
2189 2527
2190 2546
2192 2590
2194 2876
2195 2366
2195 2377
2195 2861
2196 2522
2196 2695
2197 2545
2199 2517
2199 2654
2200 2241
2200 2828
2201 2369
2202 2501
2202 2733
2203 2530
2204 2799
2205 2748
2206 2319
2206 2370
2206 2433
2208 2376
2209 2496
2211 2577
2212 2240
2213 2335
2216 2382
2216 2710
2218 2865
2221 2379
2221 2736
2221 2819
2224 2241
2225 2783
2225 2871
2225 2965
2228 2312
2228 2845
2228 2971
2230 2453
2230 2671
2230 2743
2233 2595
2233 2675
2234 2370
2234 2404
2235 2437
2235 2672
2235 2690
2235 2778
2235 2912
2239 2844
2241 2543
2241 2585
2241 2984
2242 2397
2242 2734
2243 2376
2244 2577
2245 2796
2247 2334
2248 2448
2248 2633
2249 2659
2250 2695
2250 2787
2251 2293
2251 2823
2252 2274
2252 2395
2253 2741
2256 2747
2258 2976
2260 2280
2260 2652
2261 2619
2261 2711
2262 2315
2263 2975
2263 2979
2264 2735
2265 2515
2265 2532
2265 2624
2267 2444
2267 2730
2272 2744
2273 2953
2274 2401
2275 2556
2275 2648
2276 2305
2278 2685
2279 2355
2279 2690
2284 2521
2285 2598
2285 2812
2286 2565
2286 2614
2286 2657
2286 2699
2286 2737
2286 2804
2286 2830
2291 2734
2291 2807
2291 2935
2293 2502
2296 2412
2296 2415
2296 2670
2297 2623
2297 2918
2299 2794
2300 2400
2300 2704
2300 2943
2301 2361
2302 2556
2304 2367
2304 2540
2304 2660
2305 2737
2305 2866
2306 2928
2307 2452
2307 2759
2308 2532
2310 2623
2311 2540
2311 2731
2312 2334
2313 2747
2314 2649
2315 2709
2315 2873
2315 2928
2316 2391
2318 2556
2319 2807
2320 2607
2320 2789
2321 2597
2321 2847
2322 2474
2322 2504
2323 2507
2324 2812
2326 2882
2328 2539
2328 2568
2328 2658
2328 2887
2329 2795
2331 2395
2332 2944
2333 2936
2334 2665
2335 2511
2335 2798
2336 2431
2336 2497
2336 2817
2336 2979
2337 2397
2337 2793
2337 2935
2340 2491
2340 2531
2340 2551
2342 2847
2342 2894
2343 2583
2345 2968
2349 2750
2350 2384
2350 2721
2351 2424
2351 2963
2352 2682
2355 2629
2356 2790
2357 2619
2359 2659
2360 2629
2360 2750
2362 2535
2362 2764
2363 2632
2363 2811
2364 2835
2365 2701
2367 2591
2368 2712
2369 2524
2369 2924
2371 2400
2371 2808
2371 2818
2372 2466
2372 2497
2372 2638
2372 2724
2373 2632
2374 2494
2374 2851
2375 2534
2375 2806
2375 2816
2376 2645
2378 2628
2379 2824
2381 2674
2384 2848
2385 2482
2386 2918
2387 2407
2387 2600
2389 2444
2389 2757
2390 2700
2391 2791
2392 2414
2393 2642
2393 2851
2395 2717
2396 2683
2396 2687
2396 2727
2399 2844
2402 2520
2403 2409
2406 2675
2407 2552
2409 2838
2409 2848
2410 2469
2410 2606
2410 2757
2412 2967
2414 2916
2414 2983
2418 2715
2418 2913
2420 2496
2420 2748
2421 2635
2422 2689
2422 2771
2425 2509
2425 2640
2426 2603
2429 2639
2430 2639
2431 2714
2432 2681
2433 2572
2435 2786
2437 2742
2439 2522
2442 2630
2443 2512
2447 2571
2449 2877
2449 2950
2451 2744
2455 2660
2455 2942
2458 2561
2458 2617
2459 2667
2459 2844
2460 2495
2460 2868
2461 2675
2462 2879
2462 2940
2463 2629
2465 2662
2465 2673
2465 2767
2465 2872
2467 2499
2467 2685
2471 2629
2472 2612
2472 2615
2472 2618
2472 2853
2474 2955
2475 2681
2476 2958
2477 2491
2477 2511
2477 2708
2477 2710
2477 2822
2477 2942
2482 2535
2482 2773
2484 2654
2484 2683
2484 2831
2484 2877
2486 2711
2488 2584
2489 2545
2489 2582
2489 2967
2490 2686
2492 2588
2493 2592
2493 2628
2494 2542
2494 2979
2496 2946
2499 2654
2501 2634
2501 2969
2502 2846
2502 2856
2503 2858
2503 2866
2503 2891
2504 2687
2504 2845
2505 2620
2506 2550
2508 2644
2511 2815
2512 2806
2512 2866
2516 2821
2517 2681
2519 2577
2521 2719
2524 2648
2525 2835
2526 2582
2530 2662
2530 2758
2533 2847
2541 2918
2542 2797
2544 2790
2545 2558
2545 2586
2545 2754
2545 2893
2546 2763
2546 2908
2547 2944
2550 2553
2550 2567
2552 2976
2553 2920
2554 2648
2555 2638
2555 2708
2555 2735
2558 2674
2560 2568
2560 2795
2560 2962
2561 2674
2563 2799
2565 2821
2572 2890
2574 2930
2575 2622
2575 2894
2575 2975
2576 2817
2577 2611
2581 2599
2582 2641
2582 2773
2583 2657
2584 2780
2586 2623
2586 2949
2588 2881
2588 2984
2590 2831
2591 2636
2591 2908
2592 2888
2593 2953
2596 2616
2598 2819
2598 2867
2600 2961
2603 2652
2608 2800
2609 2656
2612 2733
2616 2873
2616 2932
2617 2835
2618 2828
2619 2901
2619 2923
2620 2779
2624 2904
2627 2802
2629 2834
2630 2919
2647 2692
2650 2929
2651 2842
2656 2730
2657 2921
2658 2876
2659 2907
2659 2910
2663 2930
2664 2707
2670 2882
2671 2824
2674 2990
2675 2727
2681 2840
2681 2877
2684 2703
2685 2763
2686 2950
2688 2893
2691 2798
2691 2973
2694 2738
2695 2914
2703 2754
2706 2745
2711 2803
2711 2986
2713 2807
2719 2944
2720 2721
2724 2815
2725 2812
2726 2953
2738 2864
2741 2925
2745 2757
2747 2766
2750 2827
2752 2873
2752 2950
2752 2966
2759 2850
2761 2922
2762 2935
2767 2935
2768 2977
2784 2874
2785 2917
2787 2832
2792 2959
2793 2987
2797 2932
2799 2893
2799 2952
2810 2937
2814 2988
2824 2981
2828 2870
2835 2951
2839 2898
2846 2988
2850 2928
2874 2967
2876 2931
2878 2917
2880 2921
2888 2988
2898 2991
2899 2917
2900 2944
2917 2987
2921 2974
2926 2978
2936 2978
2936 2985
2949 2958
2951 2985
