1232 2688
0 446
0 718
0 1193
1 84
1 431
1 693
2 161
2 222
2 345
2 444
2 474
2 692
2 701
2 991
3 397
3 698
3 765
4 280
4 526
4 719
5 430
5 718
5 1183
6 358
6 1193
6 1225
7 62
7 1122
7 1220
8 961
8 1178
8 1193
9 25
9 505
9 586
9 638
9 641
9 759
9 962
9 981
10 776
10 997
10 1085
11 71
11 199
11 436
11 551
11 880
11 999
11 1031
11 1120
12 495
12 658
12 913
13 428
13 1039
13 1117
14 428
14 1022
14 1205
15 521
15 887
15 980
16 272
16 396
16 615
16 744
16 760
16 1027
16 1158
16 1195
17 473
17 1130
17 1221
18 104
18 598
18 998
19 196
19 229
19 621
20 120
20 121
20 626
21 229
21 674
21 750
22 364
22 463
22 1222
23 93
23 146
23 163
23 233
23 451
23 489
23 978
23 1060
24 495
24 728
24 942
25 68
25 912
26 296
26 569
26 853
27 77
27 109
27 1136
28 397
28 686
28 980
29 117
29 131
29 157
29 168
29 244
29 319
29 642
29 1157
30 164
30 198
30 336
30 808
30 814
30 922
30 950
30 1212
31 208
31 454
31 1035
32 957
32 1026
32 1047
33 210
33 307
33 554
33 915
33 937
33 1094
33 1189
33 1209
34 70
34 497
34 528
34 860
34 893
34 911
34 978
34 1092
35 165
35 299
35 967
36 284
36 613
36 732
37 1005
37 1022
37 1216
38 745
38 1059
38 1178
39 89
39 583
39 902
39 907
39 938
39 950
39 1029
39 1050
40 63
40 574
40 579
40 581
40 846
40 902
40 1182
40 1191
41 139
41 221
41 353
42 51
42 1121
42 1226
43 116
43 300
43 569
44 278
44 421
44 427
44 486
44 587
44 806
44 1050
44 1126
45 225
45 521
45 1102
46 231
46 241
46 268
46 292
46 342
46 361
46 981
46 1180
47 153
47 171
47 1068
48 76
48 445
48 618
49 719
49 769
49 1051
50 150
50 229
50 582
51 432
51 438
51 440
51 571
51 619
51 735
51 1194
52 445
52 614
52 859
53 386
53 544
53 594
53 753
53 1173
53 1197
53 1207
53 1218
54 105
54 785
54 854
55 189
55 572
55 1079
56 463
56 1110
56 1226
57 239
57 299
57 1085
58 69
58 247
58 689
59 171
59 625
59 1106
60 228
60 493
60 572
61 503
61 789
61 1226
62 513
62 607
62 742
62 889
62 894
62 1042
62 1199
63 618
63 695
64 72
64 243
64 325
64 349
64 678
64 798
64 875
64 984
65 133
65 765
65 1062
66 246
66 429
66 439
66 475
66 665
66 787
66 970
66 1045
67 267
67 550
67 772
67 834
67 879
67 956
67 1146
67 1180
68 154
68 288
68 600
68 647
68 757
68 793
68 1097
69 576
69 638
69 738
69 837
69 919
69 1077
69 1101
70 604
70 667
71 219
71 805
72 1105
72 1193
73 165
73 605
73 842
74 752
74 854
74 918
75 76
75 832
75 1140
76 179
76 279
76 344
76 375
76 893
76 983
77 78
77 91
77 176
77 275
77 308
77 472
77 538
78 264
78 1032
79 152
79 745
79 850
80 609
80 752
80 1058
81 324
81 820
81 861
82 102
82 409
82 1096
83 822
83 943
83 951
84 318
84 488
84 562
84 570
84 735
84 849
84 1075
85 657
85 1005
85 1225
86 769
86 1062
86 1226
87 120
87 559
87 677
88 219
88 699
88 941
89 691
89 1156
90 138
90 148
90 203
90 204
90 314
90 465
90 599
90 1070
91 172
91 1216
92 104
92 1117
92 1130
93 560
93 1104
94 502
94 658
94 959
95 385
95 842
95 982
96 122
96 566
96 681
97 229
97 563
97 765
98 1047
98 1061
98 1220
99 164
99 481
99 564
99 579
99 640
99 927
99 1028
99 1137
100 327
100 600
100 627
100 720
100 729
100 739
100 932
100 1164
101 247
101 873
101 1096
102 134
102 176
102 452
102 515
102 624
102 877
102 1028
103 354
103 359
103 684
104 277
104 513
104 742
104 751
104 1043
104 1108
105 525
105 568
105 857
105 899
105 991
105 1004
105 1141
106 822
106 882
106 1210
107 148
107 187
107 668
107 800
107 1012
107 1049
107 1103
107 1120
108 605
108 1178
108 1225
109 545
109 640
109 934
109 1142
109 1163
109 1196
109 1211
110 185
110 1113
110 1216
111 405
111 943
111 980
112 648
112 957
112 1178
113 221
113 259
113 1156
114 691
114 998
114 1187
115 207
115 645
115 718
116 436
116 520
116 555
116 597
116 772
116 920
116 974
117 473
117 685
118 667
118 854
118 1040
119 455
119 805
119 859
120 276
120 393
120 804
120 901
120 905
120 1057
121 132
121 199
121 417
121 488
121 552
121 597
121 973
122 184
122 192
122 392
122 512
122 670
122 746
122 1169
123 141
123 536
123 841
124 178
124 559
124 1139
125 493
125 510
125 881
126 408
126 604
126 957
127 201
127 698
127 1051
128 320
128 505
128 577
128 662
128 694
128 714
128 878
128 1146
129 185
129 557
129 1005
130 194
130 260
130 351
130 401
130 437
130 565
130 593
130 1024
131 147
131 745
132 300
132 778
133 184
133 245
133 471
133 611
133 899
133 945
133 1044
134 582
134 613
135 656
135 1039
135 1099
136 139
136 398
136 727
137 405
137 700
137 959
138 572
138 598
139 486
139 499
139 561
139 729
139 783
139 1153
140 240
140 545
140 565
140 643
140 771
140 845
140 856
140 1048
141 293
141 365
141 370
141 646
141 977
141 1161
141 1167
142 324
142 782
142 1039
143 239
143 364
143 841
144 243
144 369
144 402
144 856
144 992
144 1020
144 1203
144 1227
145 227
145 387
145 547
145 793
145 908
145 937
145 1052
145 1100
146 358
146 957
147 241
147 529
147 543
147 578
147 659
147 662
147 1131
148 1026
149 502
149 625
149 1102
150 628
150 629
150 791
150 827
150 1053
150 1131
150 1144
151 621
151 679
151 971
152 269
152 365
152 726
152 818
152 939
152 1135
152 1227
153 474
153 540
153 544
153 568
153 896
153 1034
153 1092
154 377
154 941
155 503
155 766
155 770
156 596
156 719
156 822
157 196
157 493
158 405
158 733
158 954
159 178
159 727
159 1210
160 366
160 412
160 816
160 819
160 835
160 1029
160 1115
160 1153
161 385
161 971
162 284
162 473
162 493
163 416
163 445
164 667
165 177
165 180
165 457
165 509
165 717
165 1103
166 445
166 485
166 626
167 681
167 765
167 789
168 189
168 247
169 722
169 1035
169 1104
170 323
170 663
170 782
171 587
171 589
171 715
171 816
171 867
171 1111
172 384
172 612
172 797
172 872
172 921
172 973
172 1201
173 745
173 776
173 1221
174 290
174 405
174 604
175 700
175 1030
175 1148
176 185
177 339
177 519
178 376
178 417
178 447
178 532
178 884
178 1083
179 323
179 388
180 616
180 732
181 504
181 882
181 1051
182 431
182 645
182 1069
183 226
183 311
183 706
183 739
183 937
183 1007
183 1013
183 1078
184 229
185 271
185 360
185 751
185 996
185 1033
186 207
186 312
186 613
187 728
187 853
188 649
188 755
188 1231
189 255
189 321
189 628
189 697
189 813
189 1065
190 217
190 436
190 483
190 570
190 872
190 884
190 901
190 914
191 649
191 656
191 885
192 397
192 755
193 357
193 468
193 1039
194 458
194 766
195 658
195 1109
195 1220
196 584
196 591
196 624
196 874
196 1053
196 1185
197 201
197 680
197 789
198 221
198 257
199 775
200 412
200 420
200 475
200 798
200 987
200 1050
200 1101
200 1112
201 348
201 683
201 705
201 814
201 851
201 1090
202 259
202 330
202 1104
203 207
203 493
204 881
204 1074
205 750
205 1054
205 1062
206 913
206 1192
206 1220
207 335
207 349
207 373
207 813
207 869
208 245
208 334
208 375
208 581
208 931
208 1002
208 1133
209 693
209 775
209 1193
210 719
210 1210
211 588
211 644
211 998
212 260
212 272
212 337
212 444
212 549
212 581
212 711
212 946
213 625
213 778
213 876
214 374
214 709
214 912
215 648
215 861
215 1005
216 409
216 785
216 928
217 778
217 1061
218 526
218 1022
218 1035
219 690
219 701
219 756
219 911
219 935
219 1016
220 249
220 861
220 1102
221 848
221 852
221 875
221 1112
221 1164
222 310
222 677
223 229
223 504
223 1226
224 257
224 621
224 776
225 367
225 617
225 747
225 989
225 1161
225 1189
225 1214
226 282
226 686
227 357
227 822
228 809
228 818
228 833
228 1012
228 1166
228 1206
228 1230
229 749
229 1038
230 280
230 674
230 709
231 776
231 954
232 410
232 431
232 498
233 861
233 1113
234 408
234 677
234 900
235 748
235 952
235 1155
236 353
236 357
236 1079
237 693
237 982
237 1179
238 388
238 1117
238 1222
239 668
239 725
239 796
239 866
239 1118
239 1135
240 280
240 339
241 681
242 257
242 685
242 716
243 1183
244 312
244 409
245 876
246 820
246 1099
247 309
247 379
247 558
247 617
247 1028
248 280
248 596
248 788
249 636
249 660
249 889
249 939
249 965
249 1177
249 1215
250 290
250 773
250 775
251 609
251 727
251 785
252 588
252 942
252 1122
253 358
253 829
253 1140
254 296
254 519
254 1138
255 863
255 1183
256 301
256 334
256 404
256 567
256 768
256 955
256 1033
256 1201
257 476
257 537
257 792
257 910
257 1131
258 364
258 430
258 455
259 543
259 672
259 976
259 1082
259 1144
259 1212
260 302
261 504
261 1109
261 1192
262 381
262 508
262 740
262 784
262 799
262 844
262 920
262 1075
263 428
263 685
263 1117
264 467
264 619
264 682
264 757
264 934
264 985
264 1095
265 644
265 695
265 733
266 748
266 891
266 1069
267 368
267 775
268 693
268 885
269 340
269 430
270 353
270 398
270 416
271 428
271 588
272 359
273 350
273 443
273 1030
274 689
274 998
274 1205
275 368
275 1176
276 1058
276 1210
277 609
277 788
278 415
278 967
279 295
279 684
280 387
280 395
280 708
280 979
281 330
281 353
281 801
282 316
282 438
282 793
282 839
282 1009
282 1168
282 1204
283 785
283 831
283 918
284 429
284 442
284 507
284 661
284 734
284 1202
285 368
285 752
285 774
286 526
286 942
286 1205
287 291
287 483
287 488
287 815
287 1045
287 1088
287 1149
287 1151
288 1026
288 1136
289 510
289 750
289 1054
290 308
290 469
290 544
290 772
290 969
290 1072
291 656
291 863
292 626
292 773
293 536
293 1155
294 343
294 406
294 418
294 517
294 921
294 1036
294 1111
294 1128
295 341
295 437
295 459
295 639
295 696
295 844
295 994
296 457
296 490
296 575
296 643
296 784
296 979
297 885
297 1171
297 1222
298 455
298 1107
298 1114
299 314
299 602
299 633
299 737
299 809
299 880
300 381
300 790
300 872
300 1016
300 1124
300 1169
301 454
301 722
302 373
302 549
302 590
302 760
302 953
302 968
302 1066
303 504
303 719
303 1114
304 378
304 470
304 490
304 506
304 762
304 947
304 1031
304 1219
305 377
305 686
305 912
306 405
306 443
306 681
307 596
307 882
308 431
309 312
309 1221
310 664
310 760
310 846
310 949
310 1024
310 1066
310 1133
311 353
311 863
312 730
312 791
312 909
312 933
312 1188
313 460
313 553
313 797
313 955
313 1006
313 1019
313 1093
313 1170
314 847
315 689
315 951
315 1035
316 1171
316 1178
317 686
317 928
317 1102
318 569
318 674
319 582
319 1074
320 377
320 1105
321 613
321 881
322 685
322 841
322 1221
323 489
323 524
323 592
323 786
323 883
323 938
324 411
324 541
324 673
324 802
324 1046
324 1198
325 430
325 572
326 733
326 831
326 891
327 461
327 613
328 443
328 854
328 891
329 503
329 723
329 1156
330 490
330 561
330 687
330 720
330 792
330 795
331 428
331 598
331 609
332 689
332 733
332 1174
333 801
333 980
333 1231
334 1104
335 510
335 1074
336 408
336 1096
337 359
337 829
338 801
338 886
338 1179
339 378
339 389
339 426
339 508
339 623
339 687
340 346
340 400
340 402
340 449
340 585
340 888
340 1089
341 569
341 748
342 377
342 446
343 684
343 986
344 722
344 1113
345 354
345 766
346 536
346 1114
347 667
347 1096
347 1156
348 755
348 1114
349 750
350 371
350 406
350 578
350 632
350 668
350 673
350 809
351 536
351 971
352 526
352 1117
352 1220
353 355
353 516
353 1097
354 401
354 651
354 666
354 827
354 953
354 1160
355 461
355 707
356 657
356 961
356 1113
357 362
357 539
357 627
357 1204
357 1209
358 437
358 497
358 817
358 1162
358 1168
359 399
359 664
359 869
359 904
359 1024
360 868
360 873
361 410
361 631
362 820
362 1068
363 502
363 805
363 1192
364 402
364 977
364 1081
364 1206
364 1215
365 1171
366 723
366 967
367 686
367 1106
368 403
368 555
368 1018
368 1034
368 1173
369 415
369 900
370 684
370 928
371 776
371 943
372 605
372 1138
372 1155
373 723
374 380
374 758
374 858
374 925
374 1100
374 1101
374 1149
375 1005
376 596
376 1058
377 576
377 650
377 764
377 777
378 398
379 644
379 916
380 443
380 831
381 775
382 631
382 656
382 700
383 482
383 528
383 702
383 811
383 883
383 931
383 994
383 1063
384 557
384 868
385 466
385 565
385 651
385 705
385 721
385 940
386 443
386 954
387 1054
388 419
388 630
388 702
388 857
388 889
388 1182
389 458
389 807
390 766
390 982
390 1155
391 773
391 801
391 986
392 1061
392 1139
393 680
393 1064
394 685
394 895
394 942
395 882
395 1122
396 560
396 998
397 429
397 816
397 1126
397 1208
397 1229
398 476
398 575
398 932
398 975
398 1082
399 832
399 971
400 859
400 959
401 1017
403 785
403 951
404 689
404 774
405 1014
405 1034
405 1228
406 853
407 755
407 859
407 1148
408 564
408 865
408 948
408 1092
408 1170
409 622
409 697
409 738
409 927
409 1214
410 562
410 608
410 878
410 974
410 1123
410 1186
411 559
411 788
412 663
413 493
413 743
413 841
414 445
414 648
414 801
415 669
415 835
415 851
415 869
415 922
415 968
416 524
416 720
416 741
416 834
416 862
416 1021
417 614
418 679
418 778
419 918
419 1104
420 891
420 916
421 1008
421 1231
422 548
422 616
422 1138
423 658
423 789
423 1107
424 861
424 1030
424 1039
425 596
425 1110
425 1136
426 716
426 1138
427 723
427 895
428 838
428 894
428 1042
430 601
430 669
430 845
430 870
431 815
431 1018
431 1116
431 1185
432 1136
432 1210
433 557
433 1022
433 1113
434 503
434 698
434 1114
435 548
435 613
435 743
438 1121
439 863
439 1069
440 498
440 1225
441 693
441 986
441 1231
442 548
442 707
443 484
443 634
443 1046
444 1139
445 527
445 702
445 907
446 467
446 505
446 533
446 678
446 1076
446 1175
447 680
447 812
448 455
448 485
448 959
449 1051
449 1107
450 616
450 789
450 1192
451 782
451 1005
452 1107
452 1225
453 769
453 882
453 1114
454 675
454 731
454 792
454 857
454 1060
454 1082
455 491
455 780
455 897
455 1227
456 648
456 782
456 1113
457 716
458 601
458 940
458 979
458 1129
458 1142
458 1203
459 829
459 1178
460 667
460 831
461 641
461 650
461 839
461 843
461 908
461 1095
462 951
462 1040
462 1058
463 480
463 571
463 939
463 1009
463 1194
463 1196
464 468
464 886
464 913
465 645
465 1054
466 503
466 900
467 997
468 589
468 703
468 706
468 896
468 960
468 1077
469 774
469 785
470 1122
470 1205
471 679
471 722
472 557
472 778
473 620
473 1127
473 1135
473 1167
473 1206
474 918
475 1039
476 1104
477 656
477 1069
477 1079
478 485
478 698
478 1148
479 785
479 998
479 1058
480 557
480 1032
481 812
481 1032
482 859
482 957
483 498
484 689
484 695
485 518
485 528
485 786
485 888
485 983
486 1179
487 667
487 677
487 770
489 801
491 616
491 1051
492 1059
492 1110
492 1121
493 1025
493 1118
494 526
494 807
494 882
495 690
495 1031
495 1124
495 1181
495 1184
495 1199
496 616
496 873
496 1225
497 648
498 552
498 603
498 740
498 1091
498 1150
499 812
499 1205
500 510
500 572
500 788
501 618
501 1134
501 1174
502 828
502 896
502 1036
502 1115
502 1126
503 922
503 995
503 1055
504 601
504 710
504 856
504 1125
506 895
506 1130
507 841
507 1074
508 853
509 548
509 1107
510 602
510 924
510 1037
510 1049
511 560
511 609
511 1187
512 789
512 954
513 1039
514 559
514 566
514 1187
515 616
515 961
516 952
516 1008
517 832
517 982
518 657
518 755
519 537
519 639
519 654
519 672
519 874
519 1116
520 605
520 693
521 586
521 764
521 781
521 1007
521 1204
521 1208
522 563
522 936
522 1109
523 566
523 1107
523 1192
524 648
525 752
525 831
526 762
526 1033
526 1199
527 663
527 861
529 1171
529 1221
530 886
530 1068
530 1109
531 900
531 1174
531 1187
532 1064
532 1226
533 943
533 1136
534 631
534 745
534 1222
535 559
535 563
535 913
536 620
536 666
536 754
536 780
537 1130
538 873
538 1022
539 686
539 1059
540 667
540 957
541 598
541 936
542 913
542 980
542 1068
543 621
545 679
546 788
546 936
546 1030
547 891
547 912
548 794
548 866
548 1076
548 1230
549 1187
550 626
550 1216
551 942
551 1220
552 1069
553 761
553 847
554 774
554 943
555 773
556 761
556 1026
556 1040
557 580
557 956
557 1211
558 752
558 928
559 610
559 611
559 1027
560 731
560 734
560 950
560 964
560 1011
561 1058
562 1176
563 746
563 836
563 890
563 1002
563 1004
564 1156
566 615
566 683
566 1055
566 1119
566 1147
567 644
567 951
568 699
569 623
569 963
569 993
569 1150
570 1069
571 680
572 796
572 992
572 1188
573 829
573 971
573 1017
574 895
574 1096
575 942
576 854
577 614
577 773
578 997
579 967
580 626
580 773
582 736
582 917
582 1001
582 1025
582 1116
583 637
583 1134
584 613
584 873
585 1017
585 1051
586 912
587 887
588 606
588 762
588 783
588 930
588 1043
589 604
590 684
590 971
591 1074
591 1221
592 626
592 859
593 1140
593 1178
594 649
594 959
595 649
595 657
595 1030
596 619
596 905
596 972
597 728
598 610
598 708
598 924
598 972
599 788
599 1183
600 707
602 1026
603 693
603 1176
604 828
604 898
604 991
604 1173
605 676
605 678
605 1162
605 1186
606 812
606 1008
607 618
607 1222
608 986
608 1179
609 926
609 930
609 1158
610 1030
611 1109
612 625
612 679
613 1097
614 786
614 830
614 901
614 956
614 1180
615 936
616 1089
616 1147
617 785
618 675
618 883
618 1141
618 1177
620 850
621 730
621 917
621 1065
621 1160
622 689
622 916
623 761
624 707
625 632
625 903
625 988
625 1003
626 884
626 1146
627 863
628 812
629 876
629 971
630 695
630 1134
631 694
631 725
631 787
631 965
631 1230
632 761
633 895
633 1138
634 644
634 1174
635 961
635 1005
635 1148
636 782
636 1106
637 758
637 844
637 848
637 963
637 1041
637 1151
637 1191
638 831
639 1079
640 1064
641 941
642 776
642 1171
643 807
644 738
644 926
644 1152
645 821
645 984
645 1037
645 1038
645 1088
646 842
646 1017
647 709
647 1059
648 731
648 892
649 787
649 823
649 1198
649 1228
650 912
651 699
652 718
652 750
652 881
653 680
653 1110
653 1121
654 863
654 1140
655 782
655 820
655 1030
656 987
656 1202
656 1229
657 802
657 1056
657 1073
657 1076
658 710
658 715
658 779
658 1147
659 943
659 1085
660 745
660 885
661 681
661 691
662 954
663 806
663 808
663 1010
663 1011
663 1191
664 1187
665 743
665 887
666 829
667 1224
669 770
670 698
670 887
671 942
671 967
671 1130
672 685
673 733
674 740
674 821
674 1037
674 1052
674 1070
675 918
676 718
676 1105
677 946
677 1071
677 1083
677 1169
679 827
679 1002
679 1129
680 749
680 1055
680 1125
681 714
681 964
681 1207
682 943
682 1105
683 1226
684 811
684 903
684 989
685 742
685 947
686 962
686 1143
687 942
688 732
688 1107
688 1138
689 930
690 1061
691 808
691 892
691 929
691 1060
691 1158
692 941
692 1047
693 694
695 712
695 1154
695 1189
695 1195
696 716
696 863
697 1221
698 823
698 1073
698 1190
699 840
699 898
699 946
699 949
699 1086
700 802
700 855
700 970
700 1190
700 1218
701 912
703 719
703 916
704 832
704 850
704 928
705 770
706 820
707 736
707 763
707 813
707 909
708 1210
709 803
709 839
709 990
709 1078
709 1209
710 913
711 722
711 1134
712 770
712 1187
713 716
713 1079
713 1140
714 776
715 805
716 976
716 1001
716 1185
717 1155
717 1193
718 992
718 1000
718 1112
719 837
719 1098
721 986
721 1155
722 836
722 846
722 1063
723 814
723 870
723 904
723 1020
724 997
724 1105
724 1136
725 732
726 1121
726 1222
727 795
727 905
727 944
727 1006
727 1015
728 737
728 756
728 825
728 914
728 1219
729 952
730 812
732 763
732 1056
732 1166
732 1175
733 767
733 858
733 1207
734 954
735 961
736 873
737 761
739 1079
741 980
741 1179
743 763
743 929
743 964
743 1127
743 1229
744 770
744 1174
745 977
745 1168
746 1062
747 822
747 1174
748 799
748 852
748 902
748 1010
748 1149
749 769
750 815
750 958
750 1070
751 1205
752 944
752 969
752 1214
753 886
753 943
754 842
754 850
755 855
755 995
755 1087
756 959
757 847
758 1069
759 854
759 916
761 784
761 1120
761 1128
764 941
765 790
765 1071
765 1087
765 1119
766 771
766 840
766 1090
766 1223
767 1030
767 1085
768 1022
768 1122
769 779
769 845
769 1172
769 1203
770 865
770 1020
771 829
773 830
773 862
774 1015
774 1084
774 1093
774 1152
775 914
775 993
775 1186
776 1144
777 831
777 916
778 824
778 826
778 955
779 1109
780 1051
781 928
781 1106
782 907
782 1023
783 1064
788 810
788 838
789 1027
789 1217
790 1139
791 1064
794 1105
794 1148
795 1008
796 1074
797 1035
798 952
799 1140
800 967
800 1138
801 879
801 932
803 807
803 1054
804 936
804 1139
805 825
805 888
805 1218
805 1228
806 1099
807 810
807 972
807 1052
807 1098
810 1210
811 1140
812 1057
812 1163
817 1059
817 1171
818 841
819 1008
819 1179
820 987
820 1042
820 1108
821 1062
822 1078
822 1084
822 1154
823 1179
824 868
824 1216
825 1047
826 1035
826 1040
828 1068
829 940
829 1066
830 1216
831 948
832 953
832 988
832 994
832 1161
833 1074
833 1183
834 986
835 895
836 876
837 1068
838 998
840 971
841 1132
841 1157
842 852
842 1041
842 1200
842 1223
843 847
843 1136
847 860
847 935
847 1049
847 1145
848 1155
849 1110
849 1225
850 966
850 989
850 1081
850 1132
851 1156
853 880
853 1003
853 1019
853 1145
854 858
854 1170
855 1179
859 893
859 1073
860 1047
861 938
861 1165
862 982
863 1188
864 882
864 916
864 1068
865 1139
866 885
867 959
867 1192
868 877
868 906
868 934
868 1018
868 1072
870 900
871 1008
871 1064
871 1205
873 927
873 1159
874 1176
875 1099
876 921
876 1048
876 1142
876 1160
877 1022
878 885
879 982
881 904
881 909
881 968
881 984
882 1077
885 970
885 1166
886 1014
886 1021
886 1143
886 1208
887 1087
887 1115
887 1143
887 1202
890 918
890 1102
891 919
891 990
891 1151
892 1104
894 1130
895 1103
895 1137
897 1017
897 1114
898 918
899 1102
900 1090
900 1195
900 1224
903 982
906 1032
906 1136
908 1059
910 952
910 1156
911 1026
912 1086
913 1044
913 1172
915 928
915 1174
916 925
917 1062
918 945
919 1099
920 1061
923 1032
923 1064
923 1096
924 1183
925 1099
926 1205
928 1154
929 954
931 1113
933 1079
933 1183
935 957
936 1044
936 1083
936 1217
941 962
941 990
941 1100
944 998
945 1106
947 967
948 1040
949 1139
951 969
951 1006
951 1094
952 1000
952 1041
952 1212
954 1119
957 983
958 1069
958 1176
959 999
960 980
960 1109
961 1091
961 1159
961 1162
963 1140
965 1171
966 1017
966 1155
967 1080
973 1061
974 1193
975 1008
975 1058
976 1130
978 1178
980 1197
981 1105
982 1123
985 1110
985 1210
986 988
986 1223
993 1061
995 1051
996 1035
996 1122
997 1014
997 1084
997 1094
997 1197
999 1047
1000 1099
1001 1176
1003 1085
1004 1106
1005 1063
1007 1059
1008 1164
1009 1110
1010 1134
1011 1156
1012 1085
1013 1039
1013 1068
1015 1040
1016 1220
1017 1132
1017 1167
1019 1026
1021 1231
1022 1043
1023 1102
1023 1222
1025 1221
1026 1095
1029 1099
1032 1048
1032 1067
1032 1129
1035 1152
1036 1106
1038 1054
1040 1145
1040 1201
1045 1079
1046 1085
1047 1086
1047 1124
1053 1062
1054 1075
1054 1150
1056 1105
1057 1226
1058 1093
1059 1194
1061 1071
1062 1125
1064 1065
1067 1121
1067 1216
1072 1176
1074 1127
1080 1096
1080 1134
1081 1171
1085 1128
1088 1176
1089 1114
1091 1110
1096 1163
1098 1122
1102 1111
1104 1141
1106 1165
1107 1159
1108 1117
1109 1181
1113 1213
1117 1177
1117 1184
1118 1183
1121 1211
1121 1215
1122 1184
1123 1231
1130 1157
1133 1134
1134 1137
1138 1200
1139 1224
1148 1175
1148 1198
1148 1213
1153 1231
1165 1222
1172 1192
1174 1182
1181 1192
1187 1217
1190 1231
1193 1200
1196 1216
1213 1225
1219 1220
