3696 8064
0 931
0 1208
0 1669
0 2637
0 2806
0 3085
0 3145
0 3634
1 425
1 2129
1 2819
2 872
2 1231
2 3229
3 736
3 3260
3 3527
4 236
4 673
4 1022
4 1201
4 2149
4 2628
4 2739
4 3540
5 1100
5 1691
5 2489
6 340
6 1452
6 1861
7 2418
7 2673
7 2965
8 585
8 768
8 1412
8 2146
8 2262
8 2372
8 3596
8 3632
9 439
9 479
9 2047
9 2239
9 2559
9 3636
9 3664
9 3668
10 763
10 1916
10 2354
11 918
11 2029
11 2577
12 882
12 906
12 1397
13 192
13 415
13 875
13 1248
13 1354
13 1782
13 2218
13 3256
14 53
14 681
14 1034
15 1162
15 1842
15 2543
15 2554
15 3140
15 3255
15 3516
15 3602
16 1220
16 1665
16 3282
17 1600
17 1909
17 3626
18 861
18 2255
18 3475
19 1421
19 2237
19 2923
20 45
20 394
20 504
20 712
20 1855
20 2386
20 3251
20 3342
21 1313
21 1382
21 1760
22 2052
22 2076
22 2355
23 877
23 2104
23 3229
24 430
24 1634
24 1747
24 1893
24 2695
24 2769
24 3303
24 3638
25 626
25 945
25 3461
26 2619
26 3096
26 3665
27 374
27 1327
27 3305
28 793
28 2005
28 3263
29 815
29 1909
29 3530
30 866
30 1154
30 1483
31 696
31 1015
31 2844
32 1142
32 1233
32 1253
32 2406
32 2612
32 2837
32 2893
32 3677
33 985
33 1629
33 2324
34 399
34 2993
34 3620
35 1383
35 2605
35 3545
36 276
36 2216
36 3661
37 278
37 1909
37 3557
38 453
38 770
38 1045
38 1259
38 2253
38 2344
38 2696
38 3611
39 552
39 587
39 1070
40 1417
40 3191
40 3409
41 476
41 697
41 2082
41 2244
41 2622
41 2632
41 3326
41 3594
42 1369
42 1616
42 1687
42 1852
42 1879
42 2550
42 2773
42 3652
43 1340
43 1645
43 2659
44 1147
44 1621
44 2942
45 987
45 1900
46 1426
46 1760
46 2150
47 1504
47 3008
47 3301
48 904
48 1149
48 2459
49 51
49 390
49 447
49 800
49 974
49 1679
49 2264
49 3353
50 358
50 856
50 3443
51 1211
51 1972
52 1330
52 2198
52 2295
52 2748
52 2916
52 3048
52 3361
52 3594
53 157
53 277
53 897
53 908
53 1108
53 2028
53 2948
54 787
54 1295
54 2175
55 750
55 2862
55 3222
56 564
56 2029
56 3405
57 240
57 522
57 1915
57 2380
57 2760
57 2812
57 3026
57 3407
58 1006
58 1736
58 1898
58 2506
58 2914
58 3050
58 3063
58 3481
59 74
59 2010
59 2722
60 108
60 2642
60 3483
61 231
61 1018
61 2026
62 1373
62 1648
62 1978
63 672
63 2414
63 2631
64 278
64 1209
64 2435
65 1148
65 1441
65 1721
66 2197
66 2862
66 3323
67 135
67 667
67 880
67 1663
67 1698
67 1857
67 3577
67 3592
68 912
68 1837
68 3041
69 514
69 1624
69 3135
70 465
70 2635
70 3626
71 2367
71 2952
71 3088
72 1220
72 3181
72 3679
73 285
73 298
73 688
73 744
73 768
73 1151
73 1251
73 3346
74 545
74 1062
74 1358
74 2479
74 2559
74 2859
74 3631
75 395
75 949
75 2995
76 2331
76 2627
76 2855
77 1555
77 2033
77 3679
78 290
78 1479
78 1660
78 1941
78 2062
78 2156
78 3174
78 3379
79 1304
79 1602
79 1901
79 1915
79 2482
79 2711
79 2875
79 3239
80 848
80 1431
80 2830
81 822
81 2707
81 2866
82 210
82 2348
82 2836
83 1650
83 2950
83 3545
84 839
84 1100
84 2670
85 722
85 771
85 780
86 824
86 1153
86 3675
87 128
87 198
87 247
87 2575
87 2698
87 3086
87 3164
87 3485
88 394
88 755
88 1223
88 1467
88 1544
88 2660
88 2815
88 3081
89 815
89 2705
89 3336
90 937
90 2627
90 3411
91 164
91 2459
91 2544
92 1286
92 1918
92 2710
93 334
93 550
93 789
93 1829
93 3066
93 3328
93 3550
93 3638
94 1347
94 1405
94 1685
95 345
95 1983
95 2294
95 2723
95 2809
95 2930
95 3362
95 3523
96 2072
96 2605
96 3304
97 749
97 1373
97 3470
98 392
98 1421
98 1517
99 2182
99 2288
99 2722
100 2069
100 2605
100 2830
101 317
101 1573
101 2014
102 274
102 2110
102 2129
103 425
103 1452
103 2691
104 107
104 304
104 692
104 1051
104 1509
104 1540
104 2192
104 2929
105 1909
105 2402
105 2542
106 1313
106 1365
106 1958
107 733
107 1347
108 169
108 267
108 1362
108 1598
108 1708
108 1960
108 3042
109 156
109 1050
109 1365
110 354
110 815
110 1155
111 1053
111 1705
111 2151
112 647
112 1191
112 1592
113 972
113 1073
113 1741
113 1941
113 1956
113 2211
113 2832
113 3128
114 455
114 2521
114 3405
115 1896
115 2027
115 2473
116 1425
116 2719
116 3511
117 749
117 3470
117 3608
118 1221
118 1785
118 1968
118 2296
118 2519
118 2770
118 3105
118 3339
119 2752
119 2898
119 3655
120 776
120 3213
120 3482
121 153
121 3466
121 3572
122 853
122 1414
122 3163
123 591
123 2417
123 2604
124 998
124 1383
124 1707
125 2052
125 3371
125 3648
126 689
126 937
126 2989
127 441
127 448
127 903
127 1619
127 2540
127 2576
127 3055
127 3490
128 765
128 2488
129 379
129 432
129 685
129 814
129 2041
129 2124
129 2325
129 2598
130 1118
130 1390
130 2306
131 2505
131 2653
131 3335
132 231
132 2065
132 3284
133 3411
133 3530
133 3662
134 1472
134 1903
134 2058
135 1018
135 2046
136 139
136 490
136 1087
136 2118
136 2309
136 3114
136 3329
136 3380
137 2544
137 3056
137 3442
138 211
138 303
138 921
138 1359
138 1392
138 1839
138 2314
138 2563
139 3365
139 3530
140 1199
140 1266
140 3335
141 1220
141 2373
141 3244
142 828
142 982
142 1325
142 1438
142 1711
142 1925
142 1975
142 2906
143 164
143 210
143 3527
144 1476
144 2459
144 3442
145 347
145 799
145 3499
146 1090
146 1273
146 2017
147 756
147 1149
147 3204
148 729
148 1933
148 2873
149 1947
149 2011
149 2155
150 748
150 850
150 1374
150 1422
150 1675
150 2246
150 2349
150 3612
151 443
151 944
151 1877
151 1908
151 2006
151 2470
151 2537
151 2999
152 506
152 534
152 873
152 976
152 986
152 2560
152 2986
152 3596
153 181
153 380
153 782
153 826
153 1025
153 1379
153 2366
154 680
154 3099
154 3482
155 1994
155 3008
155 3690
156 1259
156 2055
156 2540
156 2689
156 3012
156 3417
156 3551
157 2473
157 3461
158 2996
158 3409
158 3433
159 803
159 2219
159 2941
160 365
160 2917
160 3008
161 471
161 475
161 810
161 1214
161 1550
161 1576
161 1864
161 3316
162 396
162 2099
162 2100
162 2426
162 2446
162 3417
162 3587
162 3640
163 487
163 2189
163 3218
164 409
164 468
164 1256
164 1307
164 1708
164 2796
165 356
165 1414
165 3466
166 870
166 1048
166 1245
166 1508
166 1542
166 2936
166 3094
166 3455
167 253
167 1231
167 2942
168 349
168 1495
168 3684
169 370
169 2204
170 262
170 275
170 325
170 1256
170 2963
170 2969
170 3092
170 3486
171 1147
171 2155
171 3571
172 1189
172 1652
172 1961
173 969
173 1214
173 1730
173 2308
173 2409
173 2427
173 3103
173 3136
174 683
174 1301
174 3188
175 249
175 2143
175 2195
175 2919
175 3187
175 3239
175 3471
175 3576
176 653
176 801
176 2640
177 354
177 2319
177 2611
178 3096
178 3646
178 3681
179 373
179 381
179 615
179 1584
179 1639
179 2717
179 3214
179 3688
180 463
180 605
180 760
180 995
180 1047
180 2344
180 2825
180 3370
181 505
181 2300
182 218
182 1546
182 2724
183 2216
183 2306
183 2447
184 1138
184 1188
184 2756
185 318
185 488
185 589
185 621
185 728
185 1893
185 1992
185 3267
186 364
186 853
186 2569
187 515
187 1566
187 3406
188 973
188 1018
188 2535
189 2351
189 2412
189 3665
190 722
190 1822
190 2745
191 1520
191 2422
191 3398
192 1777
192 2635
193 320
193 495
193 1216
193 2224
193 2528
193 2551
193 2661
193 2932
194 867
194 1413
194 2165
195 2489
195 2795
195 3572
196 454
196 1409
196 1673
196 1879
196 2761
196 3299
196 3364
196 3425
197 749
197 830
197 3176
198 1365
198 3076
199 256
199 536
199 719
199 1088
199 1216
199 1782
199 2410
199 2708
200 252
200 544
200 1352
200 2939
200 3078
200 3106
200 3292
200 3446
201 364
201 971
201 2452
202 1106
202 1249
202 2860
203 474
203 961
203 2447
204 1546
204 1913
204 2189
205 1243
205 1413
205 2011
206 398
206 1417
206 2036
207 252
207 385
207 935
207 1230
207 2621
207 2787
207 3114
207 3526
208 905
208 942
208 1141
208 1384
208 2657
208 2720
208 3240
208 3634
209 693
209 2673
209 3045
210 1174
210 1488
210 2366
210 2371
210 2980
210 3580
211 260
211 1111
212 1309
212 1943
212 1955
213 2287
213 2873
213 3623
214 1314
214 1927
214 3406
215 422
215 499
215 510
215 1086
215 1450
215 2051
215 2730
215 2927
216 1674
216 2333
216 2821
217 244
217 1591
217 2852
218 1797
218 1876
218 3013
218 3184
218 3379
218 3616
218 3635
219 363
219 543
219 943
219 1363
219 1831
219 2430
219 2736
219 3441
220 460
220 2347
220 3449
221 1612
221 2595
221 3265
222 1090
222 2822
222 3571
223 763
223 2918
223 3334
224 1231
224 1357
224 2752
225 516
225 2125
225 3641
226 1130
226 1804
226 2921
227 1066
227 2623
227 3665
228 634
228 1228
228 1836
228 1856
228 2390
228 2672
228 2761
228 3067
229 763
229 2110
229 3306
230 360
230 1568
230 3637
231 813
231 936
231 1478
231 1657
231 2675
231 3560
232 771
232 1755
232 2138
233 828
233 873
233 1470
233 1562
233 1657
233 1672
233 2015
233 2928
234 576
234 640
234 800
234 1322
234 1539
234 1688
234 1888
234 2506
235 2466
235 2829
235 3336
236 1388
236 1700
237 609
237 819
237 1312
237 1792
237 2343
237 2526
237 2901
237 3327
238 521
238 635
238 955
238 1169
238 1404
238 2381
238 2411
238 2920
239 411
239 3034
239 3620
240 1944
240 2946
241 455
241 663
241 2439
242 1129
242 1748
242 1753
242 1758
242 1842
242 2825
242 2847
242 3308
243 596
243 3304
243 3639
244 419
244 461
244 687
244 1185
244 2337
244 3002
244 3341
245 1674
245 2617
245 3689
246 1357
246 1546
246 1662
247 347
247 2523
248 462
248 2452
248 2523
249 2177
249 3546
250 2715
250 2874
250 2996
251 1097
251 2098
251 2918
252 425
253 604
253 629
253 1142
253 1170
253 1540
253 2206
253 2388
254 1472
254 1939
254 2075
255 486
255 1127
255 2281
256 843
256 1453
257 347
257 1557
257 3314
258 433
258 2627
258 3549
259 530
259 2356
259 2631
260 665
260 1542
260 1615
260 1762
260 2580
260 2958
260 3388
261 583
261 753
261 823
261 1227
261 1771
261 2859
261 3111
261 3604
262 2204
262 2782
263 787
263 1118
263 3082
264 585
264 1449
264 1912
264 2309
264 2896
264 2949
264 2964
264 3106
265 2142
265 2860
265 3191
266 537
266 753
266 979
266 1240
266 1512
266 2101
266 2598
266 3559
267 2989
267 3238
268 518
268 983
268 1260
268 1990
268 2656
268 2962
268 3302
268 3579
269 924
269 937
269 2263
270 1869
270 2995
270 3265
271 2544
271 3283
271 3360
272 1989
272 2548
272 2691
273 669
273 1939
273 2367
274 706
274 734
274 1477
274 1723
274 2967
274 3006
274 3154
275 369
275 3483
276 1672
276 1714
276 1841
276 1940
276 2593
276 2771
276 3217
277 1738
277 2056
278 387
278 784
278 2937
278 3356
278 3525
278 3539
279 411
279 1683
279 2542
280 1365
280 2604
280 2639
281 395
281 1837
281 2926
282 2829
282 3375
282 3400
283 638
283 1232
283 1498
283 1676
283 1828
283 2420
283 2553
283 2565
284 2175
284 3515
284 3583
285 882
285 1837
286 1958
286 2921
286 3196
287 461
287 786
287 1424
287 1922
287 1988
287 2194
287 2532
287 3429
288 461
288 1513
288 1957
288 2006
288 2301
288 2334
288 2618
288 3341
289 529
289 2862
289 3035
290 693
290 1721
291 722
291 2152
291 2884
292 436
292 2378
292 2520
293 1896
293 2866
293 3282
294 639
294 1637
294 2844
295 592
295 1340
295 3476
296 1469
296 1671
296 2839
297 432
297 550
297 1001
297 1732
297 2502
297 2774
297 2934
297 3363
298 787
298 3583
299 2457
299 3077
299 3177
300 2524
300 2529
300 3499
301 736
301 966
301 1452
302 592
302 2942
302 3608
303 1042
303 3188
304 1896
304 3655
305 1337
305 3476
305 3662
306 1297
306 2941
306 3546
307 413
307 508
307 1002
307 1620
307 1963
307 1964
307 2094
307 2566
308 2005
308 3301
308 3690
309 455
309 2005
309 3628
310 363
310 1107
310 1709
310 2034
310 2194
310 2242
310 2679
310 3050
311 521
311 1031
311 1088
311 1136
311 1873
311 1959
311 2251
311 2661
312 487
312 2095
312 2524
313 696
313 1869
313 2691
314 533
314 1109
314 1324
315 2075
315 2485
315 3223
316 1768
316 2026
316 2636
317 384
317 1342
317 1702
317 2067
317 2361
317 2410
317 2739
318 727
318 1265
319 1633
319 2379
319 2966
320 815
320 2783
321 2988
321 3419
321 3665
322 368
322 1168
322 2586
323 2221
323 2469
323 3679
324 487
324 3181
324 3193
325 407
325 2642
326 749
326 860
326 2507
327 750
327 1109
327 3293
328 661
328 1795
328 3627
329 1665
329 1976
329 2125
330 2439
330 2654
330 2734
331 438
331 473
331 523
331 1195
331 1875
331 1973
331 3277
331 3693
332 509
332 1044
332 1079
332 1159
332 1509
332 1589
332 2603
332 2777
333 1645
333 1701
333 3102
334 865
334 1989
335 552
335 967
335 2538
336 872
336 1431
336 3690
337 632
337 962
337 3438
338 1430
338 1575
338 2989
339 575
339 1163
339 1460
339 1499
339 2403
339 3362
339 3560
339 3592
340 1245
340 1299
340 1628
340 1769
340 2122
340 2185
340 2346
341 924
341 961
341 2016
342 1757
342 2032
342 3229
343 526
343 2418
343 3218
344 398
344 1621
344 3035
345 393
345 912
346 733
346 2281
346 3511
347 586
347 1185
347 1849
347 2310
347 2616
348 1191
348 1923
348 3537
349 1348
349 1775
349 2000
349 2062
349 2518
349 3200
349 3474
350 1586
350 1614
350 3643
351 1601
351 3443
351 3637
352 505
352 1452
352 2548
353 1495
353 2341
353 3132
354 459
354 1088
354 2276
354 2585
354 2765
354 3139
355 730
355 1476
355 2499
356 638
356 892
356 1906
356 2049
356 2264
356 2386
356 3320
357 2063
357 2352
357 2677
358 1737
358 2145
358 2170
358 2509
358 2637
358 2857
358 2934
359 2659
359 2886
359 3289
360 700
360 731
360 786
360 1320
360 1832
360 1908
360 2820
361 1095
361 1518
361 2246
361 2510
361 2651
361 2744
361 3285
361 3584
362 1147
362 2017
362 3601
363 824
364 391
364 1187
364 1251
364 1860
364 3212
364 3311
365 1385
365 1638
365 2698
365 2905
365 3130
365 3227
365 3410
366 611
366 724
366 799
367 2287
367 2448
367 2569
368 746
368 850
368 1399
368 1669
368 2071
368 2717
368 3190
369 1512
369 1577
369 1646
369 1653
369 3042
369 3210
369 3664
370 739
370 1120
370 1406
370 2101
370 2880
370 3092
370 3236
371 462
371 1237
371 1382
372 672
372 3260
372 3553
373 701
373 2973
374 785
374 1105
374 1385
374 1556
374 1812
374 2243
374 3518
375 1913
375 2418
375 3509
376 1715
376 2354
376 3667
377 411
377 1388
377 3171
378 1448
378 3555
378 3654
379 1971
379 2457
380 1106
380 3360
381 1601
381 1648
382 883
382 1096
382 3262
383 1287
383 2236
383 2363
383 2420
383 2789
383 3094
383 3435
383 3534
384 2338
384 2636
385 411
385 1949
386 849
386 1135
386 1198
386 1375
386 2084
386 2883
386 2975
386 3616
387 526
387 2795
388 1850
388 2189
388 3499
389 1280
389 1641
389 2253
389 2519
389 2882
389 3347
389 3473
389 3590
390 1050
390 3336
391 1311
391 1978
392 1929
392 2012
392 2057
392 2241
392 2603
392 3224
392 3668
393 578
393 880
393 1095
393 1242
393 2083
393 2213
393 2556
394 1665
395 561
395 641
395 1737
395 1783
395 2663
395 2718
396 2524
396 3572
397 2437
397 2782
397 3475
398 1103
398 1429
398 1753
398 2060
398 2696
398 2846
399 608
399 2031
399 2327
399 2566
399 2746
399 3066
399 3267
400 1947
400 2177
400 2352
401 630
401 1021
401 1373
402 2182
402 2752
402 3510
403 1822
403 3077
403 3289
404 656
404 842
404 1469
405 771
405 1192
405 1365
406 934
406 1798
406 2898
407 557
407 1022
407 1141
407 1444
407 1560
407 2320
407 3042
408 903
408 1250
408 1562
408 2099
408 2483
408 2647
408 2985
408 3625
409 1520
409 2691
410 1209
410 2697
410 3520
411 1102
411 1531
411 2433
411 3179
412 989
412 1150
412 1801
412 2318
412 2494
412 3109
412 3463
412 3567
413 913
413 2595
414 787
414 1872
414 1903
415 1043
415 2783
416 457
416 1448
416 2333
417 1822
417 2138
417 2947
418 2604
418 2897
418 3059
419 1237
419 2036
420 572
420 1683
420 2039
421 656
421 1838
421 3064
422 872
422 1504
423 646
423 781
423 957
423 1038
423 1487
423 1973
423 2858
423 3319
424 507
424 1084
424 1310
424 1321
424 1572
424 2308
424 2380
424 2803
425 1061
425 1087
425 2226
425 2754
425 2868
426 2627
426 3647
426 3654
427 672
427 717
427 3674
428 1451
428 2132
428 2379
429 579
429 2844
429 3657
430 2620
430 3088
431 1426
431 2454
431 2950
432 772
433 1969
433 2362
433 2909
433 3103
433 3316
433 3493
433 3622
434 2091
434 2719
434 3090
435 865
435 1452
435 3608
436 659
436 1719
436 2223
436 2366
436 2471
436 2555
436 2584
437 1614
437 1927
437 2217
438 2459
438 2794
439 2010
439 3626
440 580
440 2059
440 3030
441 771
441 3229
442 1254
442 1461
442 1982
442 2135
442 2615
442 2714
442 2945
442 3039
443 2417
443 2626
444 934
444 1231
444 1582
445 596
445 1546
445 3545
446 1021
446 1111
446 1440
447 743
447 1192
448 611
448 2740
449 2305
449 2473
449 3415
450 563
450 2786
450 2952
451 2709
451 2794
451 3443
452 1165
452 1961
452 2351
453 861
453 3102
454 2743
454 3679
455 1135
455 2163
455 2179
455 2476
455 3237
456 961
456 1526
456 2220
457 705
457 721
457 1036
457 2683
457 3187
457 3354
457 3488
458 530
458 1570
458 3076
459 2402
459 2783
460 751
460 1930
460 1938
460 2111
460 2192
460 2257
460 2440
462 605
462 1368
462 1753
462 2531
462 3173
462 3447
463 1417
463 1591
464 1441
464 2520
464 2595
465 699
465 1358
465 1590
465 2227
465 2392
465 2828
465 3403
466 2129
466 3207
466 3675
467 1266
467 2431
467 2505
468 3533
468 3538
469 2505
469 2860
469 3324
470 645
470 2093
470 3275
471 1456
471 3415
472 1072
472 2995
472 3041
473 2786
473 3015
474 775
474 948
474 1867
474 2229
474 2364
474 2913
474 3344
475 2538
475 3159
476 998
476 3665
477 825
477 1117
477 1475
477 1790
477 1845
477 2468
477 2977
477 3215
478 757
478 2065
478 3306
479 2715
479 3418
480 619
480 1127
480 1848
481 600
481 1122
481 1470
481 1558
481 2426
481 2686
481 3055
481 3172
482 737
482 2248
482 2487
483 2595
483 2691
483 3657
484 1338
484 1621
484 3537
485 869
485 1264
485 2416
486 933
486 1287
486 1386
486 2243
486 2788
486 2798
486 3243
487 823
487 2310
487 2759
487 3393
487 3600
488 2783
488 3470
489 677
489 958
489 2670
490 2317
490 2819
491 866
491 3135
491 3627
492 1021
492 1199
492 1324
493 1799
493 2650
493 3118
494 1097
494 1504
494 1671
495 587
495 1373
496 3433
496 3537
496 3674
497 867
497 1561
497 3438
498 1420
498 3005
498 3276
499 2756
499 3690
500 864
500 1068
500 1334
500 1910
500 2304
500 2343
500 2864
500 3133
501 2116
501 2153
501 3159
502 731
502 857
502 873
502 878
502 1203
502 1281
502 1833
502 1877
503 1114
503 2070
503 2347
504 1211
504 2795
505 1307
505 1331
505 1807
505 2399
505 2754
505 3653
506 1924
506 3059
507 2631
507 3357
508 1015
508 1451
509 1472
509 1763
510 2109
510 3628
511 792
511 2331
511 2743
512 843
512 1043
512 3492
513 626
513 2056
513 2836
514 605
514 1183
514 2060
514 2543
514 2954
514 3197
514 3586
515 603
515 640
515 916
515 2045
515 2614
515 3074
515 3619
516 1039
516 1281
516 1668
516 1806
516 1808
516 1934
516 3430
517 596
517 793
517 2521
518 1041
518 3090
519 793
519 2497
519 3405
520 1652
520 2839
520 3198
521 2996
522 2521
522 3691
523 2016
523 2263
524 1237
524 1612
524 3627
525 3405
525 3545
525 3639
526 959
526 1605
526 2190
526 2283
526 2549
526 3532
527 822
527 981
527 3196
528 1029
528 1399
528 1468
528 1611
528 2664
528 2682
528 2920
528 2940
529 1057
529 1680
529 2564
529 2815
529 2912
529 3194
529 3496
530 607
530 704
530 1638
530 1962
530 2115
530 2788
531 566
531 856
531 882
532 2036
532 2485
532 3155
533 1164
533 1467
533 1678
533 1694
533 1697
533 2453
533 3110
534 776
534 3657
535 1413
535 3102
535 3260
536 2032
536 3511
537 1300
537 2204
538 1637
538 3276
538 3553
539 1485
539 1566
539 2836
540 1947
540 2677
540 3138
541 1939
541 2132
541 3030
542 1642
542 1650
542 3304
543 653
543 3334
544 587
544 3530
545 1070
545 1883
546 648
546 732
546 1253
546 2290
546 2376
546 2404
546 3311
546 3602
547 647
547 1586
547 3452
548 876
548 1028
548 1890
548 2462
548 2811
548 2880
548 3507
548 3512
549 1043
549 1155
549 1592
550 1452
551 1010
551 2897
551 3158
552 1316
552 2044
552 2133
552 2285
552 2945
552 3209
553 757
553 2354
553 2830
554 1289
554 1948
554 2119
554 2140
554 2144
554 2842
554 3160
554 3517
555 987
555 2010
555 2419
556 1072
556 1918
556 3177
557 1324
557 2373
558 1405
558 2217
558 3112
559 1503
559 3630
559 3682
560 572
560 1949
560 1970
561 1052
561 3484
562 1149
562 2238
562 3405
563 789
563 1108
563 1870
563 2031
563 2834
563 3384
563 3434
564 1166
564 1720
564 2035
564 2289
564 2342
564 2612
564 3445
565 1667
565 2467
565 2654
566 1267
566 1294
566 2339
566 2562
566 2877
566 2984
566 3173
567 1011
567 1463
567 1820
567 1870
567 2053
567 2089
567 2193
567 2671
568 2639
568 2740
568 3449
569 1309
569 2114
569 2838
570 1314
570 1768
570 3643
571 737
571 2287
571 3155
572 1067
572 1596
572 1688
572 1776
572 2613
572 2679
573 1071
573 1761
573 1774
573 1812
573 2115
573 2174
573 2803
573 3567
574 685
574 984
574 1878
574 2375
574 2880
574 3250
574 3296
574 3330
575 1883
575 2740
576 1690
576 2439
577 1949
577 2993
577 3599
578 1642
578 3545
579 775
579 1613
579 1620
579 1865
579 2539
579 2961
579 3215
580 917
580 1304
580 2231
580 2384
580 2408
580 3203
580 3354
581 691
581 1286
581 2641
582 677
582 3082
582 3647
583 3135
583 3475
584 1815
584 2046
584 2293
585 2604
586 1961
586 2988
587 1891
587 2585
587 2767
587 3095
587 3380
588 2418
588 3244
588 3546
589 1125
589 3258
590 1949
590 2611
590 3647
591 731
591 1014
591 2210
591 2249
591 2301
591 2762
591 2851
592 599
592 1507
592 1699
592 2474
592 2957
592 3328
593 630
593 2507
593 2935
594 1472
594 2333
594 2507
595 2098
595 2935
595 3141
596 1720
596 2004
596 2130
596 2476
596 3091
597 1721
597 2454
597 3398
598 737
598 1277
598 3059
599 2114
599 3102
600 1533
600 2095
601 3244
601 3300
601 3509
602 1707
602 1804
602 2942
603 2617
603 3132
604 1707
604 3681
606 1763
606 2473
606 3538
607 848
607 3478
608 1066
608 1570
609 3505
609 3601
610 968
610 1249
610 2306
611 1024
611 1144
611 2100
611 2865
611 3458
611 3532
612 937
612 2139
612 2217
613 1097
613 1476
613 2165
614 973
614 1586
614 3460
615 656
615 3198
616 2098
616 2255
616 2917
617 1360
617 2973
617 3662
618 1798
618 1896
618 2888
619 818
619 1093
619 2760
619 3037
619 3147
619 3322
619 3535
620 811
620 1210
620 3053
621 3213
621 3599
622 1295
622 2454
622 2781
623 1970
623 2437
623 2699
624 2605
624 3073
624 3667
625 680
625 1543
625 1874
626 1356
626 1538
626 1604
626 2413
626 3434
626 3556
627 2542
627 2989
627 3662
628 750
628 1958
628 2116
629 653
629 2970
630 990
630 1359
630 2103
630 2550
630 3416
630 3437
631 804
631 1122
631 1250
631 1361
631 1794
631 2560
631 2802
631 2868
632 1320
632 2546
632 2736
632 3032
632 3104
632 3182
632 3237
633 1503
633 3088
633 3470
634 3245
634 3536
635 985
635 3674
636 725
636 1133
636 1702
636 1996
636 2202
636 2500
636 2592
636 3259
637 1160
637 2855
637 2926
638 1106
639 760
639 761
639 1580
639 2133
639 2230
639 2608
639 2696
640 1535
641 3369
641 3684
642 2108
642 2742
642 3196
643 2247
643 2484
643 2950
644 906
644 2017
644 2953
645 1238
645 1276
645 1473
645 3147
645 3298
645 3358
645 3542
646 1495
646 2104
647 668
647 1263
647 1410
647 3256
647 3523
647 3577
648 689
648 2448
649 2152
649 2452
649 2488
650 1848
650 2620
650 3522
651 843
651 883
651 1277
652 1905
652 2129
652 3075
653 1238
653 2034
653 2858
653 3266
653 3677
654 1874
654 2391
654 2764
655 2722
655 3158
655 3626
656 1064
656 2302
656 2515
656 2645
656 3195
657 1180
657 1420
657 2027
658 2201
658 2752
658 2935
659 683
659 2505
660 780
660 1586
660 2181
661 1019
661 2043
661 2482
661 2491
661 2780
661 3161
661 3352
662 2112
662 2391
662 2768
663 1257
663 1389
663 1765
663 2983
663 3184
663 3495
663 3660
664 2220
664 2338
664 3483
665 1053
665 3274
666 2605
666 2941
666 3371
667 2072
667 3546
668 738
668 1042
669 859
669 1473
669 1864
669 2335
669 2834
669 2945
669 3031
670 1918
670 1943
670 3440
671 2422
671 3275
671 3465
672 1071
672 1246
672 1471
672 1585
672 2606
673 1729
673 2247
674 1218
674 2623
674 3186
675 1050
675 2116
675 2431
676 1568
676 2965
676 3132
677 718
677 1012
677 2128
677 2681
677 2840
677 3221
678 2623
678 2819
678 3508
679 1096
679 1815
679 3465
680 829
680 1532
680 1935
680 3027
680 3422
680 3459
681 695
681 1093
681 1158
681 1604
681 2615
681 3462
681 3542
682 2402
682 3336
682 3641
683 1454
683 1554
683 1579
683 1980
683 2302
683 2643
684 3276
684 3409
684 3674
685 3248
686 799
686 3391
686 3650
687 1072
687 2785
688 1704
688 3015
689 927
689 1119
689 2186
689 3040
689 3316
689 3563
690 1139
690 2535
690 3648
691 1156
691 2212
691 2427
691 2791
691 3272
691 3422
691 3622
692 1804
692 2697
693 1882
693 2845
693 3013
693 3208
693 3269
693 3554
694 738
694 3219
694 3443
695 1040
695 2435
696 745
696 986
696 1331
696 1616
696 1802
696 2961
697 817
697 2619
698 1154
698 2501
698 3398
699 727
699 2063
700 991
700 2127
701 1280
701 1752
701 1847
701 2474
701 3246
701 3307
701 3312
702 2127
702 3409
702 3527
703 1601
703 2416
703 2586
704 3305
704 3482
705 827
705 1872
706 1420
706 3433
707 855
707 3283
707 3323
708 1972
708 2341
708 2617
709 1111
709 2817
709 3141
710 1778
710 1913
710 3639
711 1286
711 3271
711 3661
712 2059
712 3135
713 1430
713 1927
713 3411
714 1124
714 1140
714 1991
714 1999
714 2336
714 2387
714 2486
714 3386
715 2636
715 3620
715 3647
716 1629
716 1933
716 2931
717 778
717 1112
717 1150
717 1400
717 1764
717 2665
717 2854
718 1691
718 2093
719 2182
719 3492
720 893
720 1164
720 1749
720 2268
720 2833
720 2905
720 3048
720 3333
721 1803
721 2305
722 1632
722 2086
722 2689
722 3049
722 3164
723 1417
723 2056
723 3054
724 758
724 1475
724 1524
724 1770
724 2330
724 2364
724 2382
725 2299
725 3684
726 1804
726 2888
726 3275
727 747
727 1494
727 1774
727 1921
727 2904
727 3467
728 1635
728 1665
729 767
729 1020
729 1499
729 1619
729 2100
729 2573
729 3562
730 857
730 1936
730 2298
730 2737
730 2807
730 2861
730 3669
732 2354
732 3607
733 2067
733 2111
733 2895
733 3020
733 3585
733 3678
734 1536
734 3075
735 1181
735 1354
735 1492
735 1744
735 2002
735 2285
735 3156
735 3257
736 1312
736 1571
736 2126
736 2870
736 3170
736 3396
737 1203
737 2166
737 2262
737 3024
737 3420
738 1208
738 2001
738 2512
738 2581
738 2977
738 3338
739 2072
739 3389
740 2401
740 2597
740 3138
741 1570
741 2065
741 3271
742 861
742 968
742 2288
743 894
743 1651
743 1993
743 2037
743 2527
743 2557
743 2849
744 1295
744 3515
745 776
745 3118
746 1411
746 2597
747 1635
747 3284
748 2332
748 2535
749 1747
749 2703
749 3330
749 3638
750 1223
750 1793
750 2008
750 2268
750 3397
751 2489
751 2707
752 1283
752 1440
752 3263
753 817
754 1098
754 2673
754 3336
755 2161
755 3035
756 778
756 896
756 1458
756 1607
756 2304
756 2342
756 3170
757 870
757 1162
757 1628
757 2159
757 2766
757 3457
758 790
758 2147
759 2414
759 3245
759 3646
760 1004
761 3005
761 3536
762 1202
762 2079
762 2888
763 1205
763 1481
763 1664
763 1709
763 3602
764 1231
764 1383
764 2619
765 915
765 1008
765 1834
765 2843
765 2976
765 3012
765 3206
766 1040
766 2027
766 3553
767 2032
767 3155
768 2120
769 1377
769 2886
769 2973
770 1192
770 3666
771 888
771 2976
771 3587
771 3611
772 953
772 1128
772 1942
772 2086
772 2767
772 3366
772 3503
773 1054
773 1565
773 1855
773 2408
773 2694
773 2895
773 3471
773 3498
774 1015
774 3536
774 3657
775 1861
776 1398
776 1505
776 1887
776 2964
776 3585
777 1072
777 1388
777 3377
778 3087
779 1148
779 1347
779 3196
780 1339
780 1396
780 2055
780 2254
780 3532
780 3541
781 787
781 924
782 1691
782 3058
783 1000
783 1230
783 1696
783 1940
783 1975
783 2315
783 2922
783 3560
784 1315
784 2201
785 1570
785 2488
786 2623
787 1875
787 1977
787 3247
788 991
788 1414
788 3163
789 3599
790 1121
790 1368
790 1403
790 2310
790 2649
790 2720
790 2865
791 1416
791 2523
791 2626
792 812
792 900
792 1531
792 1718
792 1957
792 2835
792 3494
793 1345
793 1703
793 1765
793 2546
793 2883
794 1199
794 2431
794 2653
795 1402
795 3314
795 3665
796 867
796 1286
796 2347
797 1756
797 1876
797 1956
797 2158
797 3023
797 3200
797 3230
797 3589
798 1273
798 2743
798 3098
799 905
799 1501
799 2759
799 3447
799 3472
800 1273
801 1395
801 1767
801 1821
801 1845
801 1867
801 2357
801 3358
802 895
802 1510
802 1835
802 2018
802 2234
802 2863
802 3046
802 3425
803 972
803 1241
803 1457
803 1731
803 2518
803 2522
803 3439
804 2024
804 3279
805 2153
805 3096
805 3436
806 1397
806 2879
806 3443
807 1592
807 1777
807 1909
808 1154
808 1265
808 2952
809 1472
809 1591
809 3155
810 2627
810 2692
811 1225
811 2115
811 2227
811 3166
811 3459
811 3518
811 3574
812 2033
812 3654
813 1114
813 3661
814 1098
814 1138
815 894
815 1226
815 1774
815 3062
816 1340
816 1485
816 2114
817 1853
817 2853
817 2938
817 2990
817 3270
817 3521
818 1314
818 1586
819 2416
819 2435
820 865
820 1923
820 3054
821 1536
821 2548
821 2819
822 1028
822 1724
822 1827
822 2042
822 2498
822 2929
823 1548
824 1142
824 1487
824 2442
824 3089
824 3358
824 3565
825 2764
825 3099
826 1283
826 3609
827 1928
827 2222
827 2353
827 2369
827 2578
827 2791
827 2808
828 2216
829 2025
829 2710
830 1254
830 1491
830 3037
830 3250
830 3288
830 3315
830 3448
831 1690
831 2734
831 3191
832 2219
832 3061
832 3378
833 2072
833 3545
833 3673
834 1382
834 2852
834 3391
835 1377
835 1416
835 3400
836 3087
836 3102
836 3126
837 1149
837 2923
837 3555
838 845
838 1376
838 1464
838 1737
838 1954
838 2700
838 2911
838 3412
839 1012
839 1267
839 1516
839 1842
839 2280
839 2323
839 3197
840 1405
840 2742
840 2921
841 2535
841 2836
841 3538
842 1262
842 1275
842 2071
842 2183
842 2666
842 3246
842 3469
843 887
843 1143
843 2047
843 2511
843 3047
844 1710
844 2134
844 2205
844 2667
844 2751
844 3071
844 3296
844 3319
845 1701
845 2466
846 1561
846 2306
846 3357
847 1548
847 1600
847 2795
848 1124
848 1887
848 2243
848 2927
848 2962
848 3678
849 3466
849 3667
850 2416
851 1220
851 1913
851 2151
852 1210
852 2165
852 2710
853 1587
853 1673
853 1676
853 1775
853 1956
853 3044
854 1838
854 3461
854 3492
855 1048
855 1386
855 2553
855 2741
855 2998
855 3202
855 3464
856 931
856 984
856 2041
856 2434
856 3413
856 3658
857 2544
858 2076
858 2597
858 3073
859 967
859 3402
860 963
860 1077
860 1092
860 1505
860 1714
860 1925
860 3267
861 1326
861 1788
861 1965
861 2296
861 3312
862 1943
862 3079
862 3377
863 1456
863 2692
863 2710
864 2176
864 2237
865 1128
865 2124
865 2170
865 2311
865 3108
866 1733
866 1901
866 1987
866 2092
866 2676
866 2981
867 1285
867 1447
867 1968
867 2430
867 2602
868 1388
868 1994
868 2709
869 920
869 964
869 1779
869 2924
869 3036
869 3121
869 3428
870 1526
871 1106
871 1211
871 1414
872 942
872 1459
872 2320
872 2574
872 3597
874 988
874 2113
874 2705
875 1909
875 3510
876 3112
876 3201
877 1319
877 1563
877 1718
877 2021
877 2433
877 2554
877 3162
878 3118
878 3661
879 2005
879 2152
879 2153
880 2926
881 1070
881 1953
881 2569
882 895
882 1194
882 2292
882 2312
882 3277
883 926
883 1252
883 1529
883 1551
883 1859
883 2213
884 1202
884 1943
884 2641
885 1437
885 1961
885 3465
886 1420
886 1637
886 3433
887 934
887 3510
888 1004
888 2653
889 2740
889 3290
889 3615
890 2010
890 2110
890 3510
891 1010
891 3045
891 3689
892 2654
892 3098
893 2947
893 3305
894 3641
895 3219
896 1448
896 2331
897 1633
897 2367
898 1905
898 3433
898 3553
899 1165
899 2523
899 2884
900 1837
900 2785
901 1109
901 1264
901 3301
902 1546
902 3304
902 3405
903 2025
904 1166
904 1217
904 1879
904 2050
904 2405
904 2868
904 2951
905 2824
906 1063
906 1123
906 1950
906 2582
906 3093
906 3364
907 2238
907 2577
907 2892
908 945
908 2824
909 1052
909 3041
909 3684
910 1335
910 1541
910 2114
911 998
911 1298
911 1931
912 1110
912 1319
912 1511
912 1783
912 1857
912 3584
913 952
913 1268
913 1303
913 1865
913 2122
913 2229
913 3491
914 2884
914 3305
914 3323
915 1958
915 3571
916 1495
916 1972
917 2677
917 3546
918 1007
918 1820
918 2350
918 2675
918 2729
918 3101
918 3595
919 1096
919 2673
919 3398
920 2238
920 2469
921 1199
921 3293
922 1665
922 2862
922 3228
923 1798
923 2319
923 2752
924 1666
924 1682
924 2292
924 2444
924 2982
925 1905
925 2524
925 2534
926 2046
926 3418
927 2016
927 3411
928 1984
928 2466
928 3369
929 1448
929 1495
929 3689
930 1301
930 1944
930 3400
931 2428
932 960
932 1978
932 2452
933 1425
933 2461
934 1094
934 1817
934 1844
934 2283
934 2625
935 2894
935 3620
936 1570
936 3112
937 1195
937 1482
937 1630
937 2791
938 2116
938 2745
938 3305
939 1814
939 2011
939 2764
940 1652
940 2521
940 3283
941 2523
941 2620
941 3630
942 3483
943 2024
943 3171
944 1052
944 3283
945 1145
945 1436
945 2137
945 2353
945 2498
945 3580
946 1021
946 2167
946 2589
947 1357
947 2577
947 3419
948 2112
948 2533
949 1157
949 1376
949 1644
949 1726
949 3003
949 3234
949 3341
950 1173
950 1702
950 1793
950 2385
950 2400
950 2453
950 3157
950 3295
951 1180
951 2059
951 2534
952 1452
952 1526
953 3323
953 3365
954 1335
954 1430
954 3476
955 2941
955 3509
956 2005
956 2917
956 3305
957 1271
957 2617
958 1069
958 1559
958 1758
958 2023
958 2339
958 2543
958 3072
959 1189
959 1315
960 1569
960 1587
960 1677
960 2085
960 2404
960 2590
960 3346
961 1195
961 1515
961 1576
961 2185
961 2609
962 1369
962 1378
962 2260
962 2316
962 2564
962 3014
962 3441
963 1976
963 3599
964 1040
964 2923
965 1188
965 1357
965 1685
966 995
966 1640
966 1826
966 2022
966 2804
966 2846
966 3133
967 1158
967 1625
967 2080
967 2558
967 3069
967 3448
968 1766
968 1977
968 2393
968 2477
968 2790
968 3590
969 1372
969 1575
970 1311
970 2523
970 3391
971 1500
971 2085
971 2196
971 2209
971 2732
971 2735
971 3374
972 1153
973 1024
973 1263
973 1460
973 2704
973 2812
973 3524
974 2259
974 3662
975 1155
975 1976
975 3470
976 2499
976 3661
977 2454
977 3249
977 3583
978 2620
978 2786
978 3470
979 3193
979 3665
980 1707
980 2072
980 2619
981 1455
981 1846
981 2066
981 2134
981 2434
981 2438
981 3477
982 1561
982 3661
983 1441
983 1958
984 1300
985 1074
985 1216
985 2779
985 3139
985 3232
985 3325
986 2091
987 1723
987 1904
987 2630
987 3212
987 3345
987 3346
988 1279
988 1381
988 2178
988 2574
988 2813
988 2890
988 3185
989 1420
989 3260
990 1903
990 2817
991 1336
991 2565
991 2806
991 3153
991 3190
991 3257
992 1402
992 1944
992 2792
993 2076
993 2497
993 2950
994 1781
994 2021
994 2540
994 2823
994 3278
994 3321
994 3587
994 3597
995 2036
996 1417
996 2439
996 3537
997 1264
997 2216
997 3357
998 1802
998 2938
998 3182
998 3401
998 3652
999 3235
999 3290
999 3369
1000 1768
1000 2611
1001 1300
1001 1822
1002 3599
1002 3620
1003 1425
1003 1700
1003 2586
1004 1103
1004 1247
1004 1641
1004 1788
1004 2725
1004 3551
1005 1838
1005 3207
1005 3508
1006 2108
1006 3334
1007 2110
1007 3271
1008 2626
1008 2639
1009 2063
1009 2319
1009 2692
1010 1282
1010 1449
1010 1539
1010 2513
1010 2735
1010 3074
1011 1622
1011 1691
1012 3582
1013 2263
1013 2391
1013 2447
1014 1218
1014 2499
1015 1182
1015 1759
1015 2229
1015 2468
1015 2731
1016 1413
1016 2025
1016 2070
1017 2247
1017 2281
1017 2586
1018 1020
1018 1983
1018 2180
1018 2315
1018 3605
1019 1483
1019 2422
1020 1883
1021 2424
1021 2958
1021 2994
1021 3281
1022 2220
1023 1052
1023 2152
1023 3290
1024 3492
1025 3324
1025 3538
1026 2586
1026 2699
1026 2988
1027 1916
1027 2970
1027 3073
1028 3282
1029 2069
1029 2076
1030 1633
1030 2132
1030 2237
1031 2204
1031 3079
1032 1416
1032 2331
1032 3582
1033 1533
1033 3155
1033 3623
1034 1292
1034 1547
1034 1929
1034 2648
1034 3165
1034 3556
1034 3629
1035 1127
1035 1953
1035 2014
1036 1561
1036 3082
1037 1266
1037 3258
1037 3655
1038 1536
1038 3207
1039 1971
1039 3218
1040 1370
1040 1997
1040 3297
1040 3498
1040 3517
1041 1124
1041 1784
1041 2406
1041 2458
1041 2899
1041 3134
1041 3361
1042 2370
1042 2757
1042 2994
1042 3469
1042 3513
1042 3688
1043 1981
1043 2278
1043 2361
1043 2661
1043 3139
1044 2046
1044 2485
1045 1050
1045 1337
1046 1440
1046 3222
1046 3400
1047 1621
1047 3627
1048 2417
1049 1115
1049 1900
1049 3228
1050 1247
1050 1749
1050 2849
1050 2976
1051 2079
1051 3440
1052 2594
1052 2674
1052 2851
1052 3052
1053 1628
1053 1819
1053 1825
1053 2998
1053 3100
1053 3435
1054 1220
1054 2719
1055 1202
1055 1939
1055 3282
1056 1777
1056 2110
1056 3158
1057 1078
1057 2142
1058 1763
1058 1815
1058 3418
1059 2029
1059 2069
1059 2953
1060 1424
1060 1831
1060 1833
1060 2307
1060 2738
1060 2802
1060 2910
1060 3420
1061 1536
1061 2248
1062 1600
1062 2635
1063 1555
1063 1614
1064 3400
1064 3522
1065 2620
1065 3289
1065 3682
1066 1185
1066 2193
1066 2567
1066 2658
1066 2729
1066 3521
1067 1335
1067 1953
1068 2659
1068 3555
1069 1100
1069 3582
1070 1177
1070 1892
1070 2157
1070 2209
1070 2513
1071 1372
1072 1464
1072 2334
1072 2718
1072 3149
1073 1255
1073 3201
1074 1309
1074 2204
1075 1548
1075 2389
1075 3679
1076 2422
1076 2952
1076 3258
1077 1903
1077 2040
1078 1305
1078 1370
1078 2596
1078 2937
1078 3264
1078 3327
1078 3462
1079 2888
1079 3440
1080 1357
1080 2469
1080 3639
1081 1650
1081 2214
1081 2332
1082 1437
1082 1943
1082 2079
1083 2127
1083 3132
1083 3557
1084 1390
1084 1456
1085 1270
1085 2699
1085 2918
1086 1390
1086 2219
1087 3034
1089 1872
1089 2507
1089 3515
1090 1212
1090 1631
1090 2078
1090 2622
1090 3199
1090 3659
1091 1425
1091 2355
1091 3478
1092 2091
1092 3482
1093 2640
1094 2319
1094 3655
1095 2214
1096 1282
1096 2633
1096 3269
1096 3354
1096 3576
1097 1129
1097 1344
1097 2173
1097 2508
1097 3586
1098 1934
1098 2037
1098 2188
1098 2581
1098 3065
1098 3669
1099 1270
1099 2220
1099 3335
1100 1522
1100 1537
1100 1594
1100 2141
1100 2784
1101 2797
1101 2889
1101 3527
1102 1335
1102 3530
1103 2450
1104 2923
1104 3304
1104 3375
1105 3090
1105 3478
1106 1375
1106 1415
1106 1454
1106 3660
1107 2918
1107 3607
1108 1451
1109 1204
1109 1719
1109 1854
1109 2162
1109 2199
1110 2332
1110 2484
1111 1344
1111 3105
1111 3468
1111 3614
1111 3621
1112 1377
1112 2259
1113 2523
1113 2604
1113 3375
1114 1156
1114 1221
1114 1285
1114 1391
1114 1447
1114 2928
1115 1251
1115 1677
1115 1937
1115 2397
1115 3006
1115 3251
1115 3603
1116 1624
1116 2098
1116 2437
1117 2112
1117 2288
1118 1326
1118 2297
1118 2359
1118 2634
1118 2876
1118 3347
1119 2331
1119 3647
1120 2324
1120 2437
1121 2299
1121 3391
1122 2524
1123 1778
1123 2461
1125 1226
1125 1761
1125 2074
1125 2203
1125 2451
1125 3120
1125 3403
1126 2052
1126 2332
1126 2926
1127 1491
1127 1932
1127 1950
1127 1996
1127 3046
1128 1300
1129 3135
1130 1173
1130 1990
1130 2096
1130 2206
1130 2486
1130 3331
1130 3453
1131 1451
1131 2237
1131 2966
1132 1271
1132 3186
1132 3334
1133 1441
1133 2466
1134 2112
1134 3219
1134 3666
1135 3191
1136 1297
1136 3674
1137 1864
1137 2407
1137 2593
1137 2748
1137 2833
1137 2906
1137 2909
1137 3514
1138 1234
1138 1563
1138 1986
1138 2574
1138 2911
1138 3255
1139 1489
1139 1639
1139 1699
1139 1965
1139 2464
1139 2666
1139 2882
1140 2921
1140 3609
1141 2756
1143 2722
1143 2889
1144 1755
1144 2201
1145 2305
1145 2417
1146 1169
1146 1404
1146 1706
1146 1731
1146 1979
1146 2655
1146 3151
1146 3189
1147 1175
1147 1380
1147 2244
1147 3226
1147 3504
1148 1201
1148 1279
1148 1658
1148 1797
1148 2257
1148 2871
1149 1946
1149 2893
1149 3091
1149 3431
1150 2996
1151 2448
1151 3059
1152 2114
1152 3079
1152 3171
1153 1846
1153 2000
1153 2858
1153 3413
1153 3512
1153 3663
1154 2043
1154 2089
1154 2516
1154 3208
1154 3649
1155 1782
1155 1893
1155 1964
1155 2224
1155 3117
1156 1918
1157 1612
1157 3041
1158 3648
1159 2533
1159 2715
1160 1493
1160 1511
1160 1531
1160 2600
1160 2944
1160 3255
1160 3278
1161 2033
1161 3098
1161 3601
1162 3667
1163 2026
1163 3271
1164 1958
1165 2421
1165 2567
1165 2649
1165 2759
1165 3002
1165 3086
1166 3056
1167 2027
1167 2068
1167 2418
1168 1744
1168 1754
1168 2842
1168 3010
1168 3327
1168 3428
1168 3612
1169 3546
1170 2184
1170 2921
1171 1315
1171 2093
1171 3572
1172 1218
1172 2127
1172 3637
1173 1313
1174 1738
1174 2535
1175 3029
1175 3096
1176 2428
1176 3248
1176 3443
1177 3626
1177 3671
1178 1636
1178 2743
1178 3601
1179 2538
1179 2640
1179 3005
1180 1565
1180 2038
1180 2119
1180 2329
1180 3121
1180 3462
1181 3245
1181 3637
1182 1633
1182 2993
1183 2641
1183 2917
1184 1566
1184 2056
1184 2966
1186 1327
1186 1978
1186 3138
1187 1916
1187 2677
1188 1236
1188 1459
1188 1658
1188 2030
1188 2398
1188 3143
1189 1917
1189 2256
1189 2495
1189 3264
1189 3506
1189 3543
1190 2459
1190 3034
1190 3219
1191 1236
1191 1381
1191 1995
1191 2218
1191 2460
1191 3273
1192 2725
1192 3012
1192 3068
1192 3333
1192 3340
1193 2839
1193 3405
1193 3690
1194 1704
1194 2175
1196 1441
1196 2014
1196 3019
1197 3088
1197 3207
1197 3510
1198 1295
1198 1684
1199 1419
1199 1554
1199 1580
1199 2555
1200 2127
1200 3533
1200 3537
1201 1798
1202 1509
1202 1786
1202 2509
1202 2638
1202 3011
1203 2024
1204 2595
1204 2629
1205 2181
1205 3075
1206 2070
1206 2165
1206 3087
1207 1642
1207 2052
1207 2247
1208 1397
1209 1745
1209 1785
1209 2160
1209 2316
1209 2517
1209 3264
1210 1722
1210 1796
1210 2212
1210 3142
1210 3225
1210 3373
1211 1498
1211 1647
1211 1985
1211 3349
1211 3610
1212 1313
1212 2155
1213 1814
1213 2112
1213 2889
1214 2417
1215 1316
1215 1506
1215 1813
1215 2735
1215 2987
1215 3095
1215 3561
1215 3631
1217 3218
1217 3378
1218 1603
1218 1877
1218 1922
1218 3032
1218 3153
1219 1453
1219 1838
1219 2824
1220 2755
1220 3020
1220 3067
1221 2070
1222 2300
1222 2970
1222 3061
1223 3053
1224 1998
1224 2641
1224 3440
1225 2319
1225 3377
1226 2631
1227 1533
1227 3626
1228 1411
1228 2844
1229 1273
1229 1360
1229 2734
1230 1483
1231 2872
1231 3321
1231 3401
1232 3163
1232 3637
1233 2419
1233 3061
1234 1300
1234 1971
1235 1715
1235 3112
1235 3306
1236 2654
1237 1294
1237 1419
1237 1643
1237 2207
1237 2230
1238 2112
1239 2155
1239 2487
1239 3260
1240 1705
1240 2642
1241 1883
1241 3274
1242 2332
1242 2673
1243 1323
1243 1446
1243 1678
1243 1793
1243 1935
1243 2915
1243 3225
1244 1848
1244 2040
1244 3176
1245 1715
1246 2886
1246 2996
1247 3666
1248 2077
1248 2136
1249 1284
1249 1579
1249 1871
1249 2308
1249 2359
1249 2730
1250 2979
1252 1763
1252 2293
1253 3073
1254 2181
1255 1355
1255 1490
1255 2000
1255 2481
1255 3016
1255 3124
1255 3189
1256 1636
1257 1721
1257 2347
1258 2214
1258 2965
1258 3300
1259 2653
1260 2629
1260 2742
1261 2079
1261 2715
1261 2768
1262 1601
1262 2270
1263 1768
1264 1317
1264 1407
1264 1766
1264 2359
1264 2842
1265 1609
1265 1914
1265 2053
1265 2106
1265 3022
1265 3120
1266 1890
1266 3021
1266 3022
1266 3551
1266 3611
1267 2104
1268 1803
1268 2121
1269 1451
1269 2450
1269 3402
1270 1596
1270 1843
1270 2208
1270 2583
1270 2914
1270 3183
1271 2021
1271 2194
1271 2323
1271 2339
1271 2944
1271 3683
1272 1582
1272 1707
1272 2752
1273 1380
1273 1792
1273 2624
1273 2772
1274 2070
1274 2216
1274 3438
1275 1296
1275 3129
1276 2489
1276 2697
1277 1387
1277 1773
1277 1781
1277 2297
1277 2790
1277 3632
1278 1289
1278 1433
1278 1606
1278 1611
1278 2411
1278 2814
1278 3036
1278 3101
1279 1357
1280 3692
1281 1476
1282 2534
1283 1463
1283 1537
1283 1615
1283 2681
1283 2878
1283 3578
1284 1431
1284 2219
1285 1298
1286 1657
1286 1824
1286 1968
1286 2154
1287 2973
1288 1874
1288 3258
1288 3263
1289 3171
1290 2237
1290 2768
1290 3390
1291 1850
1291 2201
1291 2418
1292 1924
1292 2095
1293 1485
1293 1738
1293 3029
1294 3391
1295 1389
1295 1602
1295 2156
1295 2271
1296 1410
1296 1423
1296 1839
1296 2360
1296 2512
1296 3214
1296 3281
1297 1611
1297 1706
1297 1742
1297 1979
1297 2706
1297 2779
1298 1824
1298 1930
1298 2084
1298 2245
1298 3104
1298 3184
1299 1838
1299 2129
1300 1805
1300 2188
1300 2747
1301 1584
1301 1926
1301 2183
1301 2250
1301 3175
1301 3372
1302 2011
1302 2063
1302 2822
1303 1869
1303 2993
1304 1704
1305 2176
1305 2416
1306 1504
1306 1624
1306 1652
1307 2501
1308 1315
1308 2489
1308 3360
1309 1418
1309 1873
1309 2800
1309 2850
1309 3285
1310 1519
1310 1944
1311 1594
1311 2085
1311 2531
1311 2726
1311 2805
1311 2840
1312 2237
1313 1834
1313 2984
1313 3083
1313 3226
1314 1471
1314 2234
1314 3109
1314 3364
1314 3502
1315 1647
1315 2386
1315 2702
1315 2828
1316 3365
1317 1994
1317 2520
1318 1686
1318 1733
1318 1974
1318 2013
1318 2482
1318 3174
1318 3451
1318 3595
1319 2855
1320 1622
1321 1377
1321 1503
1322 2654
1322 3191
1323 3390
1323 3646
1324 1392
1324 2415
1324 2766
1324 3254
1324 3397
1325 2745
1325 3213
1326 2889
1327 1500
1327 1505
1327 1638
1327 2867
1327 3027
1327 3373
1328 2138
1328 2935
1328 3492
1329 2036
1329 2533
1329 3398
1330 3061
1330 3673
1331 2595
1332 1337
1332 1397
1332 2112
1333 1338
1333 1953
1333 2670
1334 1417
1334 1452
1335 2267
1335 2385
1335 3063
1335 3178
1336 2077
1336 3245
1337 1767
1337 1946
1337 2612
1337 2725
1337 2956
1338 1528
1338 2398
1338 2813
1338 3150
1338 3231
1338 3256
1339 1469
1339 3662
1340 1788
1340 1885
1340 2253
1340 2891
1340 2971
1341 2844
1341 3245
1341 3679
1342 2281
1342 2719
1343 2063
1343 2177
1343 3138
1344 2437
1345 3008
1345 3628
1346 2824
1346 3387
1346 3492
1347 2245
1347 2478
1347 2887
1347 3291
1347 3450
1348 2454
1348 2873
1349 1586
1349 2026
1349 2611
1350 2014
1350 2039
1350 2461
1351 1612
1351 1869
1351 1984
1352 2542
1352 3365
1353 1701
1353 3019
1353 3177
1354 2569
1355 2075
1355 3449
1356 2473
1356 2824
1357 2625
1357 2814
1358 1909
1359 2589
1360 1888
1360 2049
1360 2849
1360 3068
1360 3280
1360 3610
1361 2548
1361 3115
1362 1636
1362 3442
1363 1561
1363 2070
1364 2892
1364 2952
1364 3314
1365 1791
1365 2275
1365 3287
1366 1777
1366 2010
1366 3075
1367 1822
1367 3054
1367 3630
1368 3650
1369 1924
1370 1588
1371 2422
1371 2697
1371 3262
1372 1654
1372 1693
1372 1801
1372 2252
1372 3038
1372 3395
1373 1634
1373 2276
1373 2314
1373 2732
1374 2401
1374 2988
1375 2830
1376 1918
1377 1484
1377 1810
1377 2272
1377 2527
1378 2463
1378 3253
1379 2419
1379 2691
1380 2121
1381 1690
1382 2023
1382 2312
1382 2321
1382 2323
1382 3658
1383 1698
1383 1809
1383 2101
1383 2294
1383 3169
1384 3238
1384 3443
1385 3482
1386 2259
1387 1933
1387 3229
1388 1644
1388 2541
1388 2657
1388 3617
1389 2150
1390 1454
1390 1521
1390 1766
1390 3001
1390 3136
1391 2641
1391 2710
1392 2505
1393 2016
1393 2027
1393 2217
1394 1685
1394 1798
1394 2338
1395 1397
1395 3666
1396 2147
1396 2201
1397 1510
1397 2425
1397 3526
1398 2897
1398 3630
1399 3245
1400 1413
1400 3555
1401 1738
1401 2917
1401 3436
1402 1534
1402 1832
1402 1863
1402 1922
1402 2438
1402 3521
1403 2709
1403 2824
1404 3484
1405 1724
1405 1967
1405 2257
1405 2955
1405 3477
1406 2918
1406 3475
1407 1561
1407 2447
1408 1700
1408 2052
1408 2950
1409 3115
1409 3253
1410 2879
1411 1693
1411 1894
1411 2054
1411 2664
1411 3127
1411 3257
1412 1924
1412 3118
1413 1607
1413 2061
1413 2971
1414 2117
1414 2363
1414 3144
1414 3464
1415 3317
1415 3572
1416 2088
1416 2902
1416 3004
1416 3394
1416 3570
1417 2277
1417 3396
1418 3171
1418 3476
1419 2450
1420 2606
1420 3297
1420 3487
1421 1604
1421 1608
1421 1727
1421 2028
1421 2445
1421 2778
1422 1425
1422 2247
1423 2121
1423 3582
1424 3419
1425 1932
1425 2067
1425 2798
1426 1660
1426 1901
1426 2350
1426 2780
1426 2827
1426 3392
1427 2338
1427 2611
1427 3511
1428 2138
1428 2884
1428 3235
1429 1923
1429 3627
1430 2131
1430 2436
1430 3432
1430 3558
1430 3619
1431 1567
1431 1597
1431 1743
1431 3001
1431 3241
1432 1495
1432 1674
1432 2534
1433 1582
1433 3419
1434 2520
1434 3324
1434 3400
1435 1691
1435 2109
1435 2952
1436 2046
1436 3538
1437 1589
1437 2449
1437 2481
1437 2522
1437 3318
1437 3670
1438 2419
1438 3159
1439 1690
1439 2467
1439 3082
1440 1508
1440 1818
1440 1825
1440 2563
1440 2826
1441 1854
1441 2387
1441 3635
1442 1656
1442 2668
1442 2956
1442 3280
1442 3353
1442 3454
1442 3541
1442 3613
1443 1582
1443 2412
1443 2577
1444 2338
1444 2869
1445 1526
1445 1536
1445 1838
1446 3087
1446 3099
1447 2255
1448 1516
1448 1559
1448 1899
1448 3350
1449 2010
1450 2830
1450 3090
1451 1613
1451 2133
1451 2413
1453 2278
1453 2704
1453 2753
1453 3049
1453 3458
1453 3672
1455 3207
1455 3387
1456 1871
1456 1907
1456 2252
1456 2690
1456 3622
1457 2197
1457 3671
1458 1674
1458 3654
1459 2457
1460 2348
1461 1848
1461 3306
1462 2306
1462 2520
1462 3301
1463 2109
1464 2641
1465 2161
1465 2501
1465 3520
1466 1900
1466 2764
1466 3238
1467 3222
1468 2699
1468 3138
1469 1584
1469 1656
1469 2558
1469 2727
1469 3039
1470 3276
1471 1984
1472 3033
1472 3351
1472 3670
1473 3005
1474 2332
1474 2529
1474 3079
1475 2011
1476 2475
1476 2693
1476 2796
1476 2997
1477 2524
1477 3689
1478 2110
1478 2892
1479 2781
1479 3583
1480 1913
1480 3300
1480 3546
1481 2713
1481 3609
1482 2027
1482 3406
1483 1663
1483 1886
1483 2721
1483 2912
1483 3523
1484 3019
1484 3336
1485 1752
1485 1840
1485 2464
1485 2669
1485 3550
1486 1541
1486 1575
1486 3411
1487 3201
1488 3442
1488 3533
1489 2348
1489 2355
1490 2874
1490 2941
1491 3643
1492 2947
1492 3402
1493 2467
1493 2894
1494 1600
1494 1947
1495 1741
1495 3683
1496 2201
1496 3218
1496 3300
1497 2069
1497 2597
1497 3371
1498 3466
1499 3671
1500 2352
1501 2147
1501 2764
1502 2120
1502 2175
1502 3059
1503 1545
1503 1627
1503 1823
1503 2769
1503 3315
1504 1567
1504 1746
1504 2130
1504 2340
1506 2039
1506 2569
1507 2836
1507 3029
1508 3274
1510 3015
1511 3647
1512 2650
1513 1557
1513 3186
1514 2452
1514 3076
1514 3235
1515 1955
1515 3549
1516 3058
1517 1805
1517 1873
1517 1960
1517 2598
1517 2648
1517 3092
1517 3325
1518 2535
1518 2586
1519 1661
1519 2711
1519 3018
1519 3080
1519 3367
1519 3524
1519 3535
1520 1723
1520 1807
1520 1937
1520 3014
1520 3194
1520 3208
1521 2860
1521 3466
1522 2448
1522 2452
1523 2355
1523 2484
1523 3371
1524 3163
1524 3238
1525 2024
1525 2838
1525 3438
1526 1574
1526 1819
1526 2395
1526 3651
1527 1971
1527 2293
1527 2879
1528 1923
1528 3409
1529 1757
1529 2182
1530 2642
1530 2722
1530 2988
1532 2356
1532 3053
1533 2166
1533 2479
1533 2483
1533 3148
1533 3593
1534 2221
1534 3522
1535 2209
1535 2633
1535 2949
1535 2987
1535 3122
1535 3220
1535 3368
1536 2266
1536 2346
1536 2667
1537 2093
1538 1645
1538 1738
1539 2341
1540 3275
1541 2045
1541 2232
1541 3421
1541 3423
1541 3573
1541 3694
1542 2197
1543 1796
1543 2008
1543 2061
1543 2453
1543 3294
1543 3359
1543 3408
1544 2169
1544 3228
1545 1848
1545 1944
1546 1740
1546 1756
1546 1851
1547 2237
1547 3204
1548 2261
1548 2550
1548 2828
1548 3067
1548 3548
1549 2104
1549 2617
1549 3675
1550 1955
1550 2263
1551 3045
1551 3465
1552 1715
1552 3293
1552 3357
1553 3375
1553 3582
1553 3654
1554 3324
1555 1687
1555 2234
1555 2390
1555 2405
1555 2441
1555 3044
1556 3076
1556 3284
1557 1643
1557 2334
1557 2567
1557 3003
1557 3252
1557 3429
1558 3433
1558 3661
1559 3609
1560 2151
1560 3293
1561 1672
1561 3113
1562 3433
1563 2354
1564 1701
1564 2886
1564 3630
1565 3689
1566 1739
1566 2244
1566 2957
1566 3261
1566 3659
1567 2756
1568 2048
1568 2286
1568 2584
1568 2992
1568 3153
1568 3404
1569 1916
1569 2177
1570 2074
1570 2168
1570 2904
1571 3126
1571 3533
1572 2620
1572 2829
1573 1678
1573 2008
1573 2500
1573 2687
1573 3083
1573 3178
1573 3453
1574 1861
1574 1989
1575 1625
1575 1907
1575 3039
1575 3502
1575 3575
1576 3377
1577 1883
1577 3138
1578 2611
1578 2855
1578 3620
1579 3466
1580 2852
1581 2016
1581 2139
1581 3406
1582 1658
1582 1851
1582 3009
1582 3185
1583 2068
1583 2132
1583 3223
1585 1614
1585 3265
1586 1696
1586 2552
1587 2136
1588 2028
1588 2225
1588 2329
1588 2714
1588 3069
1588 3147
1588 3556
1589 1998
1590 1635
1590 2356
1591 1643
1591 2536
1591 2570
1591 2846
1591 3554
1592 2002
1592 2591
1592 2708
1592 2978
1592 3231
1593 1654
1593 1659
1593 1990
1593 1991
1593 2915
1593 3127
1593 3294
1593 3326
1594 2120
1595 2288
1595 3390
1595 3527
1596 3620
1597 2109
1597 3263
1598 2794
1598 3411
1599 2056
1599 2132
1599 3029
1600 2203
1600 2702
1600 2818
1600 3166
1601 2326
1601 2664
1601 2806
1601 3612
1602 2333
1603 1622
1603 1931
1605 1755
1605 2147
1606 2029
1606 2892
1607 2886
1608 1924
1608 2529
1609 3141
1609 3263
1610 2623
1610 2792
1610 3522
1612 2526
1612 2718
1612 3028
1612 3125
1613 2993
1614 3322
1614 3425
1614 3463
1614 3575
1615 3628
1616 2619
1617 2238
1617 2953
1617 3073
1618 2351
1618 2401
1618 2586
1619 2147
1620 1633
1621 2311
1621 2460
1621 2502
1621 3199
1622 1743
1622 2051
1622 2493
1622 2912
1622 3578
1623 1700
1623 1729
1623 2338
1624 1902
1624 2475
1624 3308
1624 3501
1624 3614
1625 3198
1626 2259
1626 2829
1626 2886
1627 2523
1627 3289
1629 1745
1629 1839
1629 1926
1629 2251
1629 2302
1629 2994
1630 2305
1630 2710
1631 1923
1631 2942
1632 2817
1632 3492
1633 2608
1633 3209
1633 3434
1634 2040
1635 1668
1635 1936
1635 2074
1635 2164
1635 3166
1636 1808
1636 1906
1636 2298
1636 2624
1636 3349
1637 2584
1637 2831
1637 3031
1637 3107
1637 3298
1639 2259
1640 3191
1640 3537
1641 3102
1642 1660
1642 1686
1642 2233
1642 2547
1642 2903
1644 1955
1645 2228
1645 2277
1645 2804
1645 2948
1645 3261
1646 1705
1646 3389
1647 3228
1648 2071
1648 2118
1648 2363
1648 2553
1648 3106
1648 3374
1649 1729
1649 2894
1649 3171
1650 1857
1650 1859
1650 2651
1650 2733
1650 2930
1651 2402
1651 2705
1652 2508
1652 2610
1652 2727
1652 3539
1653 2351
1653 2722
1654 3245
1655 2155
1655 3053
1655 3076
1656 1755
1659 2942
1659 3096
1661 2946
1661 3522
1662 1779
1662 1836
1662 2140
1662 2396
1662 3009
1662 3392
1662 3595
1663 3460
1664 3058
1664 3378
1665 1890
1665 2215
1665 2799
1666 2794
1666 3056
1667 1977
1667 2634
1667 2683
1667 2784
1667 2835
1667 3113
1667 3221
1668 2705
1669 3637
1670 2014
1670 2466
1670 2629
1671 1902
1671 2256
1671 2758
1671 2810
1671 3137
1671 3356
1673 1913
1674 2280
1674 3057
1674 3072
1674 3488
1675 1700
1675 2281
1676 1900
1677 2175
1679 2734
1679 3601
1680 2435
1680 2839
1681 1943
1681 2305
1681 2333
1682 2459
1682 3238
1683 1736
1683 2601
1683 2687
1683 3157
1683 3558
1683 3694
1684 1974
1684 2514
1684 2775
1684 2827
1684 3038
1684 3355
1684 3495
1685 1938
1685 2628
1685 3185
1685 3606
1685 3635
1686 2454
1687 3115
1688 2705
1689 2889
1689 3390
1689 3533
1690 1906
1690 1985
1690 2398
1690 2835
1691 2269
1691 2826
1691 3388
1692 1883
1692 2352
1692 2642
1693 3646
1694 2116
1694 2742
1695 2214
1695 2418
1695 3557
1696 2636
1697 2862
1697 3053
1698 3509
1699 2431
1700 2903
1700 3183
1700 3598
1701 1885
1701 2126
1701 2304
1701 2854
1703 1931
1703 3557
1704 1783
1704 1957
1704 2195
1704 2492
1704 2571
1705 1794
1705 2298
1705 2986
1705 3430
1705 3455
1706 3509
1707 2625
1707 3547
1707 3597
1708 3098
1709 2437
1710 2786
1710 3510
1711 2026
1711 3274
1712 2032
1712 2931
1712 3188
1713 1970
1713 2401
1713 2918
1714 2745
1715 1819
1715 2415
1715 3376
1715 3516
1716 2996
1716 3276
1716 3537
1717 2255
1717 2931
1717 3249
1718 2894
1719 3400
1720 2238
1721 1756
1721 2084
1721 2423
1721 3606
1722 2011
1722 3482
1724 3508
1725 2167
1725 2373
1725 2677
1726 1729
1726 3377
1727 2379
1727 3204
1728 2176
1728 2487
1728 3601
1729 2097
1729 3149
1729 3179
1729 3240
1730 1927
1730 2414
1731 2874
1732 1989
1732 3608
1733 3691
1734 1931
1734 3438
1734 3520
1735 1861
1735 1872
1735 2121
1736 1953
1738 2123
1738 2273
1738 2957
1739 2217
1739 2341
1740 1778
1740 3244
1741 3484
1742 2941
1742 3484
1743 3628
1744 3132
1745 2032
1746 1994
1746 2005
1747 2589
1748 1918
1748 2917
1749 3335
1750 1763
1750 2079
1750 2485
1751 2142
1751 2161
1751 2435
1752 2431
1754 1972
1754 2077
1755 1811
1755 2552
1755 2689
1755 3427
1757 1895
1757 2262
1757 2477
1757 2511
1757 2823
1757 2876
1758 2354
1759 1814
1759 2869
1760 1974
1760 2579
1760 2863
1760 2877
1760 3093
1760 3456
1761 2402
1762 2378
1762 3222
1763 1983
1763 3580
1763 3592
1764 2659
1764 3630
1765 3191
1767 3219
1768 2171
1768 2254
1768 3322
1768 3427
1769 2220
1769 2263
1770 1900
1770 2794
1771 3181
1771 3499
1772 2114
1772 3662
1772 3666
1773 1815
1773 2182
1775 2724
1776 2734
1776 3641
1777 1844
1777 1945
1777 2205
1777 3047
1778 2701
1778 3046
1778 3393
1778 3519
1778 3589
1779 2029
1780 2713
1780 3115
1780 3218
1781 2032
1784 2419
1784 2970
1785 3249
1786 1918
1786 1998
1787 3075
1787 3306
1787 3607
1789 3041
1789 3369
1789 3484
1790 1872
1790 2879
1791 2488
1791 2884
1792 2487
1794 3118
1795 1855
1795 2981
1795 3111
1795 3168
1795 3308
1795 3531
1795 3586
1796 3141
1797 2629
1798 2929
1798 3022
1798 3624
1799 2050
1799 2226
1799 2686
1799 2910
1799 2985
1799 2986
1799 3414
1800 2056
1800 2659
1800 3102
1801 2631
1802 3253
1803 2274
1803 2561
1803 2578
1803 2977
1803 3247
1803 3686
1804 2442
1804 2763
1804 2872
1804 3677
1805 3389
1806 2499
1806 2544
1807 3442
1808 2650
1809 2782
1809 3389
1810 2620
1810 2946
1811 3198
1811 3662
1812 2356
1813 1953
1813 2136
1814 1821
1814 2001
1814 2330
1814 2539
1814 2561
1815 2511
1815 2556
1815 2733
1815 3348
1816 1939
1816 2707
1816 3440
1817 2201
1817 2817
1818 2378
1818 3053
1820 3314
1821 2288
1822 1891
1822 2124
1822 3381
1823 2829
1823 2946
1824 2070
1825 2197
1826 2056
1826 3077
1827 2139
1827 2473
1828 1920
1828 3163
1829 2040
1829 3470
1830 2341
1830 3029
1830 3406
1831 2838
1832 3186
1833 3623
1834 2742
1835 2189
1835 2461
1836 2221
1837 2064
1837 2384
1837 2618
1837 3239
1838 2134
1838 3372
1840 3608
1840 3681
1841 2947
1841 3213
1843 2247
1843 3436
1844 2182
1845 2889
1846 3248
1847 2348
1847 3648
1848 2080
1848 3084
1848 3330
1849 2351
1849 3129
1850 1934
1850 2549
1850 2807
1850 2951
1850 3242
1850 3393
1851 2469
1852 2463
1852 3520
1853 2623
1853 3314
1854 1869
1856 2469
1856 2792
1858 2487
1858 2822
1858 3126
1859 2463
1860 1920
1860 2136
1861 2094
1861 2274
1861 2731
1861 3568
1862 2150
1862 2317
1862 3615
1863 2248
1863 3508
1865 2391
1866 2263
1866 3377
1866 3549
1867 2768
1868 2642
1868 3138
1868 3671
1869 2094
1869 2399
1869 3642
1870 3088
1871 2946
1872 2001
1872 3337
1872 3491
1874 1914
1874 2364
1874 3225
1874 3468
1874 3564
1875 3675
1876 3639
1878 2782
1878 2866
1880 2139
1880 2418
1880 3030
1881 2075
1881 3129
1881 3465
1882 2422
1882 2501
1883 3124
1883 3561
1884 2147
1884 3452
1884 3492
1885 2056
1886 2026
1886 3034
1887 2719
1888 3601
1889 2020
1889 2862
1889 3274
1891 3323
1892 3365
1892 3402
1894 3536
1894 3679
1895 3059
1895 3623
1896 2137
1896 3043
1896 3477
1896 3507
1897 2487
1897 2819
1897 3623
1898 1970
1898 3620
1899 2534
1899 2617
1900 2117
1900 2565
1900 3144
1902 3690
1903 2443
1903 2504
1903 2703
1903 3686
1904 1905
1904 2501
1905 1937
1905 2266
1905 3385
1905 3487
1907 2414
1908 2499
1909 3543
1910 3260
1910 3533
1911 2450
1911 2844
1911 3005
1912 2091
1912 3630
1913 2441
1913 3205
1914 3628
1915 2497
1916 2816
1916 2837
1916 3040
1916 3140
1917 2435
1917 2931
1918 2954
1919 2077
1919 2416
1919 3132
1920 2117
1920 2441
1920 2590
1920 2832
1920 3200
1920 3299
1921 1976
1921 3258
1923 3363
1923 3370
1923 3504
1924 2213
1924 2716
1924 2733
1925 2947
1926 2860
1927 1982
1927 2232
1927 2252
1927 2558
1928 2016
1928 2710
1929 2204
1930 3615
1931 2179
1931 2820
1931 2959
1931 3441
1932 3478
1933 1981
1933 2160
1933 2410
1933 2823
1933 3180
1935 3141
1936 3641
1938 3196
1939 2907
1939 3318
1939 3384
1940 3274
1941 2873
1942 2138
1942 2745
1943 2777
1943 2808
1944 2455
1944 2515
1944 3288
1945 2786
1945 3207
1946 2970
1947 2377
1947 3403
1947 3493
1947 3528
1948 2306
1948 2416
1949 2566
1949 2588
1949 2680
1949 2914
1950 2189
1951 2065
1951 2866
1951 3201
1952 2043
1952 2493
1952 2621
1952 2676
1952 2809
1952 2922
1952 3496
1952 3577
1953 1995
1953 2592
1954 2659
1954 3019
1955 2279
1955 3149
1955 3310
1955 3574
1958 1967
1958 3386
1959 2324
1959 3188
1960 2782
1961 3017
1961 3214
1961 3356
1961 3469
1962 2488
1962 3284
1963 2401
1963 2783
1964 2699
1965 3692
1966 2331
1966 2670
1966 3375
1967 2108
1969 2068
1969 3159
1970 2943
1970 3480
1970 3598
1970 3685
1971 2557
1971 2807
1971 3131
1971 3338
1972 2048
1972 2049
1972 3051
1972 3156
1973 3515
1975 2197
1976 2164
1976 2746
1976 3120
1976 3303
1978 2513
1978 2750
1978 2987
1978 3097
1979 3684
1980 2839
1980 3191
1981 3511
1982 3198
1984 2045
1984 2436
1984 2674
1984 3152
1984 3463
1985 3098
1986 3054
1986 3177
1987 2317
1987 2781
1988 2104
1988 3334
1989 2122
1989 2754
1989 3133
1989 3396
1991 2184
1992 2125
1992 2169
1993 2829
1993 3019
1994 2162
1994 2465
1994 2526
1994 3240
1995 3582
1996 2039
1997 2059
1997 3689
1998 2222
1998 2279
1998 2850
1998 3313
1998 3633
1999 2108
1999 3058
2002 2136
2003 2281
2003 3478
2003 3648
2004 2142
2004 3690
2005 2916
2005 3410
2006 2487
2007 2150
2007 2221
2007 2414
2009 2120
2009 2136
2009 2287
2010 2397
2010 3122
2011 3027
2011 3408
2012 2219
2012 2996
2013 2469
2013 2892
2014 2394
2014 2400
2014 3497
2015 2499
2015 3118
2016 3116
2016 3272
2017 2274
2017 2360
2017 2757
2017 2863
2017 3491
2018 2121
2018 2953
2019 2402
2019 2635
2019 3530
2020 2660
2020 2767
2020 3202
2020 3227
2020 3381
2020 3485
2020 3534
2022 2439
2022 3409
2023 2104
2024 2358
2024 2532
2024 3119
2024 3414
2025 2173
2025 2212
2025 2426
2025 2475
2025 2602
2026 2621
2026 3217
2027 2303
2027 2498
2029 2144
2029 2579
2029 3091
2030 2113
2030 3641
2031 3608
2032 2361
2032 2365
2033 2105
2033 2158
2033 2624
2033 2761
2033 3569
2034 3438
2035 2459
2035 3115
2036 2845
2036 3033
2036 3252
2037 2214
2038 2139
2038 3553
2039 2157
2039 3063
2039 3150
2039 3273
2040 2695
2040 3123
2040 3146
2040 3250
2041 3176
2042 2888
2042 3655
2044 2077
2044 2947
2046 2371
2046 3351
2046 3362
2047 2288
2048 3557
2050 2548
2051 3263
2052 2760
2052 3080
2052 3584
2053 2422
2054 2077
2054 3637
2055 2138
2057 2874
2057 3674
2058 2200
2058 2271
2058 2808
2058 2875
2058 3313
2058 3350
2058 3488
2059 2143
2059 3020
2059 3479
2059 3531
2060 3391
2061 3099
2062 3155
2063 2203
2063 2362
2063 3618
2064 2175
2064 3015
2065 2955
2065 3332
2065 3376
2065 3512
2066 2248
2066 2623
2068 2143
2068 2407
2068 2408
2068 2587
2068 2907
2069 2235
2069 2290
2069 2837
2069 3456
2070 2154
2072 2723
2072 3401
2072 3559
2073 3019
2073 3265
2073 3369
2075 2777
2075 3017
2075 3439
2075 3633
2076 2547
2076 2655
2076 2848
2076 3500
2077 2793
2077 2978
2078 2121
2078 3601
2079 3224
2079 3351
2079 3633
2080 2181
2081 3290
2081 3419
2081 3465
2082 2942
2082 3646
2083 2950
2083 3304
2086 2947
2087 2150
2087 3279
2087 3449
2088 3204
2088 3304
2089 3258
2090 2822
2090 3076
2090 3222
2091 2240
2091 2867
2091 2908
2091 3678
2092 3249
2092 3279
2093 2107
2093 2440
2093 3167
2093 3291
2095 2102
2095 2510
2095 2647
2095 2778
2095 2800
2096 2797
2096 3536
2097 2709
2097 3301
2098 2563
2098 2958
2098 3339
2098 3564
2099 2165
2102 2979
2102 3499
2103 3181
2103 3253
2104 2242
2104 3278
2105 2713
2105 2724
2106 2653
2106 3655
2107 2795
2107 3360
2108 2206
2108 2679
2108 2763
2108 3302
2109 2721
2109 2820
2109 3032
2109 3496
2110 2266
2110 3216
2111 2888
2112 3565
2113 2645
2113 3026
2113 3157
2113 3178
2113 3372
2113 3524
2114 2956
2114 3558
2116 2748
2116 3130
2116 3340
2118 2897
2119 2923
2120 2128
2120 2376
2120 3040
2120 3593
2121 2370
2121 3093
2123 2348
2123 3538
2125 2227
2125 2451
2125 2737
2125 2818
2125 2904
2126 3555
2127 2223
2127 3051
2127 3107
2128 2452
2129 2395
2129 3319
2129 3383
2130 2839
2131 2824
2131 2966
2132 3261
2132 3423
2132 3432
2135 2538
2135 3402
2136 2157
2136 3148
2137 2139
2138 2575
2138 3672
2139 2587
2139 3297
2140 2238
2141 2855
2141 3082
2142 2340
2142 2643
2142 2727
2142 3137
2144 2469
2145 3041
2145 3177
2146 2626
2146 2897
2147 2446
2147 2704
2148 2169
2148 2389
2148 3282
2149 2636
2149 3511
2150 2975
2150 3395
2150 3451
2151 2172
2151 2599
2151 2936
2151 3254
2151 3416
2152 2198
2152 2575
2152 2805
2152 2885
2153 2458
2153 2530
2153 2632
2153 2678
2153 2833
2154 2255
2155 2374
2155 3343
2155 3618
2156 3249
2158 3378
2159 2447
2159 3293
2160 3188
2161 2493
2161 2596
2161 2721
2161 3014
2161 3489
2162 2306
2163 3008
2163 3263
2164 2169
2165 3055
2165 3422
2165 3501
2166 2873
2167 2261
2167 2291
2167 2314
2167 2504
2167 2599
2167 2773
2168 3314
2168 3599
2169 2462
2169 2755
2169 3021
2169 3342
2170 2293
2171 3452
2171 3460
2172 2389
2172 3244
2173 2544
2174 2946
2174 3357
2175 2372
2175 3212
2176 2465
2176 2772
2176 2870
2176 3010
2176 3125
2177 2231
2177 2599
2177 3311
2177 3437
2178 2457
2178 2756
2179 2965
2180 2740
2180 3671
2181 3216
2181 3376
2181 3427
2181 3457
2182 2239
2182 2278
2183 3198
2184 2572
2184 2656
2184 2763
2184 3083
2184 3295
2184 3552
2185 2869
2186 2855
2186 3654
2187 2673
2187 3300
2187 3557
2188 2457
2189 2429
2189 2472
2189 3023
2190 2752
2190 2817
2191 2221
2191 3176
2191 3207
2192 2719
2193 2892
2195 3691
2196 3138
2196 3482
2197 2660
2197 3124
2197 3217
2198 3008
2199 2378
2199 3324
2200 2485
2200 2507
2201 3506
2202 2629
2202 3019
2204 2325
2204 2445
2205 3088
2207 2995
2207 3035
2208 2401
2208 2437
2210 2487
2210 2785
2211 2454
2211 3155
2214 2685
2214 3131
2214 3269
2215 2653
2215 2866
2216 2430
2216 2683
2216 2749
2217 2614
2217 3332
2217 3502
2218 3460
2219 2313
2219 3134
2219 3189
2220 2468
2220 2539
2220 3480
2221 2455
2221 3038
2221 3296
2222 2333
2223 3005
2224 2402
2225 2640
2225 3643
2226 3115
2228 2966
2228 3029
2230 2505
2231 3509
2232 2989
2233 2497
2233 3371
2235 3667
2235 3673
2236 2259
2236 3478
2237 2322
2238 3101
2238 3456
2239 2889
2240 3118
2240 3657
2241 2722
2241 3418
2242 3186
2245 3449
2246 2348
2247 2943
2247 3617
2248 2490
2248 3078
2248 3329
2248 3383
2249 2626
2249 3415
2250 3064
2250 3387
2251 3475
2254 3306
2255 2517
2255 3473
2255 3621
2256 3129
2258 2466
2258 2659
2258 3177
2259 3246
2259 3280
2260 2697
2260 2931
2261 3253
2263 2913
2263 3651
2264 3132
2265 2966
2265 3030
2265 3223
2267 2542
2267 2894
2268 2742
2269 3317
2269 3609
2270 2309
2270 2420
2270 2717
2270 2732
2270 2750
2270 2939
2270 3464
2271 3691
2272 2378
2272 3375
2273 2503
2273 3692
2275 2742
2275 3571
2276 3365
2277 3077
2279 3079
2280 3609
2281 2456
2281 3243
2282 2713
2282 3058
2282 3607
2283 2935
2284 2521
2284 2950
2284 3371
2285 2745
2286 3409
2286 3533
2287 2647
2287 2859
2287 2900
2287 3172
2288 3347
2288 3566
2289 3204
2289 3555
2290 2970
2291 2507
2291 2817
2292 2786
2293 2581
2293 2774
2293 2974
2293 3668
2294 3546
2295 3096
2295 3692
2296 2324
2297 2781
2299 2638
2299 2857
2299 3023
2299 3447
2299 3497
2299 3519
2300 2397
2300 2406
2300 2630
2300 2771
2300 2906
2300 3060
2301 3505
2303 3030
2303 3300
2305 3272
2305 3313
2305 3337
2306 3428
2307 2412
2307 3186
2311 3077
2312 3248
2313 2715
2313 3674
2315 3271
2316 3275
2317 2775
2317 2802
2317 3078
2317 3352
2317 3414
2318 2886
2318 3674
2319 2528
2319 3310
2319 3493
2320 2709
2321 2953
2321 3571
2322 2533
2322 2797
2324 2801
2324 3111
2324 3268
2324 3473
2325 3389
2326 2597
2326 3245
2327 3284
2327 3314
2328 2367
2328 2538
2328 3223
2329 2435
2330 3099
2331 3057
2331 3569
2332 2368
2332 2800
2333 2345
2333 2443
2335 3159
2335 3549
2336 3061
2336 3090
2337 2785
2337 3186
2338 2871
2338 3617
2340 3405
2341 2436
2341 3368
2341 3573
2342 2923
2343 2379
2344 2450
2345 3583
2345 3691
2346 3387
2347 2887
2347 2959
2347 3182
2347 3616
2348 2368
2348 3605
2349 2351
2349 2699
2350 2469
2351 3270
2351 3636
2352 2682
2352 2684
2352 3097
2352 3210
2353 3415
2354 2600
2354 3197
2355 2615
2355 3069
2355 3243
2355 3307
2356 2818
2356 2841
2356 3142
2356 3310
2357 2391
2357 2533
2358 3186
2358 3419
2360 2670
2362 2898
2365 2740
2365 2873
2367 2413
2367 2671
2367 3066
2367 3588
2368 2586
2369 2417
2369 2473
2370 2670
2371 2473
2372 2448
2373 2881
2373 3100
2373 3205
2373 3437
2373 3455
2374 3126
2374 3505
2375 2792
2375 3207
2376 2627
2377 2692
2377 2898
2378 2515
2378 3004
2378 3175
2379 2525
2379 2712
2379 2870
2379 3629
2380 3522
2381 2941
2381 3684
2382 2391
2382 3141
2383 2838
2383 3079
2383 3476
2384 3691
2385 3064
2387 2742
2388 2697
2388 2888
2389 2672
2389 2799
2389 2895
2389 3205
2389 3479
2390 2743
2391 2609
2391 2731
2392 2795
2392 3181
2393 3082
2393 3515
2394 3650
2394 3684
2395 3387
2396 2792
2396 3679
2399 3657
2400 3511
2401 2682
2401 3117
2402 3467
2403 2535
2403 3452
2404 2677
2405 3253
2407 2692
2409 3415
2409 3549
2411 2597
2412 2432
2412 2532
2412 2814
2412 2853
2412 3025
2414 2514
2414 3127
2414 3567
2415 2447
2416 3156
2417 2690
2417 3435
2419 2593
2419 3603
2419 3653
2421 2988
2421 3129
2422 2676
2423 2724
2423 3639
2424 2505
2424 3293
2425 3034
2425 3056
2427 2692
2428 2545
2428 2638
2428 2663
2428 2700
2428 2774
2428 3108
2429 3244
2429 3639
2431 2583
2431 3333
2431 3480
2432 2639
2432 3465
2433 2467
2434 3201
2435 3010
2437 2646
2438 2819
2439 2643
2439 2883
2439 3007
2440 3282
2442 2970
2443 2485
2444 3015
2444 3088
2445 2715
2446 2740
2447 2803
2447 2925
2448 2816
2448 2840
2448 3148
2449 3129
2449 3262
2450 2831
2450 3209
2450 3382
2451 3284
2452 2933
2454 3013
2455 2623
2456 2461
2456 3478
2457 2554
2457 2600
2457 3412
2458 3673
2459 3526
2460 3409
2461 2592
2461 3037
2461 3084
2462 2653
2463 2556
2463 2688
2463 2778
2463 3165
2463 3596
2464 3335
2465 2995
2466 2527
2466 3052
2467 2571
2467 2618
2467 2644
2467 3569
2470 2604
2470 3415
2471 3317
2471 3538
2472 2724
2472 3650
2474 3335
2476 2497
2477 2781
2478 2489
2478 3282
2479 3193
2480 2503
2480 3008
2480 3305
2481 3615
2483 2529
2484 2744
2484 2848
2484 2903
2484 3407
2484 3535
2485 2570
2485 3318
2486 3646
2488 2726
2488 3343
2488 3645
2489 2681
2489 3529
2490 3505
2490 3623
2491 3035
2491 3135
2492 2926
2492 3041
2494 3126
2494 3553
2495 2635
2495 3557
2496 2852
2496 2995
2496 3627
2497 2610
2497 2810
2497 3018
2499 3119
2499 3420
2500 3511
2501 2564
2501 3006
2501 3644
2502 3054
2503 2568
2503 2847
2503 2954
2503 3339
2503 3410
2503 3621
2504 2935
2505 3382
2506 3641
2507 3123
2507 3247
2508 3690
2509 3650
2510 3079
2512 3460
2514 2792
2516 3262
2516 3275
2517 2781
2518 3201
2519 3475
2520 3110
2520 3397
2520 3642
2521 2547
2521 2711
2521 2758
2522 3449
2524 2576
2524 2985
2525 2533
2525 3390
2528 2636
2529 3165
2529 3172
2529 3285
2529 3600
2530 3008
2530 3235
2531 3682
2533 3224
2533 3554
2534 2967
2534 3220
2534 3498
2535 3307
2536 2768
2536 3398
2537 3211
2537 3369
2538 3298
2538 3384
2538 3514
2541 2838
2541 2894
2542 2668
2542 3062
2542 3380
2544 3501
2544 3591
2545 3440
2545 3650
2546 2965
2548 3114
2548 3292
2548 3383
2549 3300
2551 2589
2551 3365
2552 3306
2555 2860
2557 2673
2559 3158
2560 2650
2561 2879
2562 3015
2562 3248
2568 2836
2568 3436
2569 2590
2569 2978
2569 3593
2570 2873
2571 2785
2572 3390
2572 3536
2573 3290
2573 3449
2576 3360
2577 2706
2577 2920
2577 2924
2577 3160
2578 2821
2579 3073
2580 3053
2580 3400
2582 3015
2582 3219
2583 2869
2585 2589
2587 3300
2588 2636
2588 2855
2589 2750
2589 3146
2589 3374
2591 2635
2591 3510
2594 2639
2594 3235
2595 3152
2595 3568
2596 2839
2597 2684
2597 2706
2601 2894
2601 3530
2602 3087
2603 2768
2604 3206
2604 3570
2605 2655
2605 2678
2605 3361
2606 3126
2607 3201
2607 3248
2607 3508
2608 3402
2609 3357
2610 3211
2611 2739
2611 2932
2613 2921
2613 3334
2614 3029
2616 2884
2616 3682
2617 3128
2617 3474
2619 2959
2619 3104
2619 3695
2620 3288
2622 3029
2626 2896
2626 3192
2626 3287
2627 2816
2627 3116
2628 3655
2629 3386
2629 3606
2629 3642
2630 3158
2631 2925
2631 3467
2631 3518
2632 3692
2633 3689
2634 3515
2635 3062
2635 3525
2636 2765
2637 3248
2639 2885
2639 3562
2639 3676
2640 3031
2640 3167
2640 3529
2640 3565
2641 2847
2641 3234
2642 3233
2642 3636
2644 2743
2644 3654
2645 3387
2646 3334
2646 3607
2648 2715
2649 3499
2650 2861
2650 2936
2650 3100
2650 3233
2651 2673
2652 2886
2652 3087
2652 3555
2653 3624
2654 2813
2654 3349
2654 3494
2656 3646
2657 3301
2658 3284
2658 3599
2659 3170
2662 2724
2662 2743
2662 3378
2663 3177
2665 2829
2665 2973
2666 2973
2667 3675
2668 3411
2669 3102
2669 3476
2670 2902
2670 3273
2671 2786
2672 3181
2674 3019
2675 3075
2677 2919
2677 3416
2678 3061
2680 2894
2680 3034
2684 2699
2685 3045
2685 3398
2686 2979
2687 3064
2688 3059
2688 3118
2690 3549
2691 3060
2691 3644
2692 3399
2692 3563
2693 3283
2693 3572
2694 3135
2694 3228
2695 3608
2697 3167
2697 3649
2698 3323
2699 3426
2700 3041
2701 3218
2701 3499
2702 3181
2703 3213
2705 2737
2705 3143
2705 3481
2707 2755
2707 2799
2707 3011
2707 3291
2707 3507
2708 2783
2709 2856
2709 3145
2709 3472
2710 3103
2712 2768
2712 2797
2713 2951
2713 3070
2713 3134
2713 3230
2714 3648
2715 2974
2716 3253
2716 3520
2719 3450
2719 3479
2720 3461
2722 2974
2723 3509
2724 2832
2724 3519
2726 3235
2728 3141
2728 3258
2728 3628
2729 2952
2730 2874
2734 3074
2734 3368
2734 3481
2736 3520
2738 3171
2738 3438
2740 3180
2741 2973
2741 3478
2743 3230
2744 2926
2745 2793
2745 2905
2746 3213
2747 3176
2747 3248
2749 2821
2749 3082
2751 3387
2751 3508
2752 3047
2753 3387
2753 3461
2756 2856
2756 3321
2756 3547
2757 3582
2758 3211
2762 3283
2762 3369
2764 2865
2764 2972
2764 3344
2765 2898
2766 3357
2768 2845
2769 2786
2770 2781
2770 2931
2771 3159
2772 3505
2773 3181
2775 3449
2776 3204
2776 3375
2776 3545
2779 2996
2780 3691
2781 3161
2782 2811
2782 3268
2782 3559
2783 3303
2783 3426
2784 3647
2785 2999
2785 3003
2785 3429
2787 3056
2787 3219
2788 3090
2789 3211
2789 3323
2790 3249
2792 3071
2792 3395
2793 3402
2794 2969
2794 2972
2794 3634
2795 3320
2795 3506
2796 3056
2797 2915
2797 3359
2797 3552
2797 3566
2798 3648
2801 3135
2801 3193
2804 3054
2805 3076
2809 3460
2810 3283
2811 3176
2812 3064
2815 3627
2817 3564
2817 3672
2819 3024
2819 3446
2821 3113
2821 3203
2821 3337
2821 3350
2821 3576
2822 3226
2822 3444
2822 3528
2822 3645
2824 3423
2825 3391
2826 3628
2827 2953
2829 3004
2830 2983
2830 3309
2830 3516
2831 3536
2834 3223
2836 2948
2836 2960
2838 3036
2838 3160
2838 3179
2839 3007
2841 2898
2841 3377
2843 2884
2843 3076
2844 3331
2844 3552
2848 3648
2850 3377
2851 3211
2852 3028
2852 3173
2852 3252
2852 3382
2853 2988
2854 3289
2855 3221
2856 3483
2857 3440
2860 3007
2860 3195
2861 3098
2862 3342
2862 3489
2864 3126
2864 3527
2866 3021
2866 3236
2866 3663
2867 3213
2869 3215
2869 3540
2869 3651
2869 3685
2871 3655
2872 3681
2873 3033
2874 2899
2874 3001
2874 3070
2875 3583
2876 3249
2877 3571
2878 3058
2878 3317
2879 3065
2879 3085
2879 3513
2881 3293
2881 3483
2882 3436
2884 3227
2885 3369
2887 3615
2888 3450
2889 3590
2890 3064
2890 3641
2891 3087
2891 3260
2892 3000
2892 3392
2893 3666
2896 3059
2897 2908
2897 2939
2897 3122
2898 2932
2898 3574
2899 3378
2900 3193
2900 3626
2901 2995
2901 3301
2902 3654
2907 2966
2908 3289
2909 3030
2910 3279
2911 3077
2913 3357
2916 3235
2917 2960
2917 3105
2918 3268
2918 3614
2919 3509
2921 3050
2921 3579
2922 3034
2923 3394
2923 3629
2924 3171
2925 2946
2926 2930
2926 3162
2927 3667
2928 3271
2931 2937
2931 2991
2933 3391
2933 3682
2934 3418
2935 3049
2935 3468
2938 3096
2940 3073
2940 3371
2941 3500
2942 3550
2943 3692
2944 3229
2946 3136
2947 3130
2949 3158
2950 3174
2952 3578
2953 2984
2953 3451
2955 3406
2960 3692
2961 3536
2962 3061
2963 3238
2963 3411
2964 3289
2965 3051
2965 3525
2965 3543
2966 3421
2967 2979
2968 3378
2968 3607
2968 3609
2969 2989
2970 3445
2971 3126
2972 3163
2973 3353
2975 3583
2979 3385
2979 3490
2979 3600
2979 3640
2980 3317
2980 3324
2981 3035
2982 3515
2982 3675
2983 3466
2988 3664
2989 3116
2989 3454
2990 3193
2990 3389
2991 3275
2991 3520
2992 3005
2992 3324
2993 3117
2993 3426
2993 3568
2995 3152
2997 3211
2997 3360
2998 3415
2999 3505
3000 3075
3000 3271
3002 3314
3005 3424
3009 3639
3011 3223
3015 3658
3016 3274
3016 3671
3017 3262
3018 3691
3024 3505
3025 3262
3025 3290
3026 3452
3028 3035
3030 3399
3030 3471
3034 3292
3035 3370
3043 3196
3043 3508
3044 3244
3045 3187
3045 3203
3045 3220
3045 3348
3048 3159
3052 3265
3053 3645
3054 3412
3054 3503
3056 3431
3056 3693
3057 3555
3058 3072
3058 3579
3060 3317
3061 3070
3064 3143
3064 3367
3065 3418
3068 3336
3071 3176
3073 3309
3075 3680
3077 3363
3077 3366
3079 3325
3080 3643
3081 3274
3081 3323
3082 3494
3084 3643
3085 3219
3086 3682
3087 3408
3088 3277
3089 3334
3089 3438
3090 3241
3090 3585
3094 3415
3095 3402
3096 3659
3097 3482
3098 3430
3098 3486
3099 3373
3099 3528
3099 3618
3107 3324
3108 3418
3109 3265
3110 3293
3112 3286
3112 3457
3112 3544
3112 3663
3115 3242
3115 3431
3119 3623
3121 3204
3123 3213
3125 3301
3128 3684
3129 3539
3129 3688
3131 3336
3132 3610
3137 3198
3140 3607
3141 3344
3142 3222
3144 3637
3145 3238
3146 3470
3150 3582
3151 3371
3151 3673
3154 3276
3154 3553
3155 3180
3158 3603
3158 3680
3159 3399
3161 3279
3162 3647
3163 3251
3163 3345
3164 3235
3168 3193
3168 3475
3169 3304
3169 3673
3175 3522
3176 3236
3177 3234
3183 3692
3188 3195
3188 3232
3188 3281
3190 3443
3192 3375
3192 3682
3193 3548
3194 3520
3196 3286
3196 3332
3198 3541
3199 3681
3201 3266
3202 3211
3204 3517
3206 3290
3210 3671
3211 3591
3216 3607
3218 3669
3222 3343
3222 3459
3223 3656
3223 3670
3228 3320
3228 3345
3228 3531
3229 3417
3229 3547
3231 3460
3232 3475
3233 3389
3237 3557
3238 3693
3241 3667
3242 3378
3244 3299
3249 3352
3253 3695
3254 3483
3258 3624
3259 3484
3259 3650
3260 3444
3262 3348
3262 3676
3263 3388
3265 3573
3265 3619
3266 3675
3270 3419
3271 3544
3275 3529
3276 3487
3276 3625
3279 3329
3279 3355
3279 3446
3282 3656
3283 3534
3284 3544
3286 3406
3287 3290
3289 3503
3294 3390
3295 3571
3302 3609
3305 3485
3306 3448
3309 3673
3312 3436
3315 3522
3317 3653
3317 3687
3326 3681
3328 3681
3331 3390
3335 3340
3335 3685
3338 3418
3355 3615
3359 3646
3360 3640
3360 3687
3365 3381
3366 3630
3367 3452
3379 3398
3385 3689
3389 3604
3394 3545
3404 3527
3404 3537
3406 3575
3407 3643
3413 3508
3419 3676
3421 3461
3424 3433
3424 3553
3432 3461
3436 3594
3436 3598
3439 3615
3440 3656
3442 3486
3442 3581
3442 3644
3444 3505
3445 3666
3452 3458
3452 3605
3453 3571
3454 3530
3460 3513
3461 3472
3465 3649
3466 3687
3474 3484
3476 3613
3476 3694
3483 3540
3484 3497
3489 3627
3490 3572
3495 3583
3499 3548
3500 3673
3504 3681
3510 3680
3514 3549
3515 3686
3527 3581
3533 3566
3538 3581
3542 3643
3549 3563
3561 3626
3562 3615
3570 3682
3572 3591
3588 3599
3588 3608
3589 3650
3604 3665
3613 3666
3623 3632
3625 3661
3631 3671
3652 3657
3657 3695
3660 3667
3675 3683
