704 1536
0 21
0 101
0 515
1 23
1 390
1 434
2 217
2 227
2 247
2 277
2 446
2 508
2 580
2 637
3 40
3 584
3 649
4 67
4 167
4 253
4 346
4 357
4 402
4 666
4 669
5 161
5 471
5 534
5 541
5 559
5 591
5 610
5 646
6 299
6 302
6 490
7 118
7 353
7 535
8 51
8 319
8 569
9 87
9 142
9 231
9 291
9 323
9 359
9 471
9 502
10 188
10 364
10 366
10 448
10 485
10 501
10 599
10 647
11 171
11 299
11 312
12 527
12 550
12 660
13 95
13 103
13 211
13 288
13 415
13 420
13 613
13 651
14 199
14 248
14 504
15 399
15 569
15 625
16 51
16 583
16 675
17 24
17 145
17 177
17 393
17 549
17 557
17 592
17 670
18 395
18 605
18 701
19 152
19 305
19 484
19 552
19 575
19 588
19 643
19 658
20 146
20 494
20 503
21 79
21 113
21 142
21 165
21 354
21 415
21 600
22 125
22 341
22 560
23 39
23 351
23 407
23 506
23 525
23 615
23 665
24 193
24 563
25 281
25 430
25 621
26 99
26 115
26 237
26 274
26 320
26 366
26 432
26 440
27 144
27 273
27 328
28 138
28 412
28 688
29 183
29 412
29 538
30 130
30 308
30 488
31 66
31 164
31 189
31 261
31 269
31 474
31 477
31 589
32 140
32 598
32 609
33 38
33 360
33 389
34 135
34 333
34 405
34 414
34 615
34 628
34 647
34 667
35 116
35 214
35 280
35 330
35 398
35 518
35 603
35 692
36 417
36 555
36 584
37 226
37 418
37 433
37 448
37 528
37 594
37 638
37 674
38 237
38 260
38 400
38 424
38 481
38 654
38 656
39 248
39 572
40 91
40 112
40 274
40 427
40 435
40 635
40 690
41 159
41 422
41 642
42 124
42 412
42 678
43 218
43 457
43 604
44 232
44 262
44 344
44 364
44 416
44 525
44 603
44 614
45 120
45 210
45 291
45 445
45 460
45 473
45 486
45 689
46 48
46 63
46 586
47 127
47 349
47 686
48 99
48 403
48 423
48 565
48 580
48 654
48 698
49 125
49 555
49 657
50 131
50 170
50 286
51 363
51 474
51 491
51 532
51 590
51 658
52 63
52 132
52 490
53 544
53 604
53 678
54 331
54 500
54 504
55 239
55 242
55 369
55 374
55 447
55 581
55 632
55 698
56 171
56 199
56 482
57 388
57 457
57 586
58 124
58 450
58 657
59 193
59 495
59 678
60 146
60 174
60 597
61 218
61 266
61 469
62 101
62 122
62 544
63 120
63 168
63 322
63 403
63 576
63 655
64 169
64 206
64 338
64 405
64 409
64 521
64 614
64 662
65 170
65 248
65 570
66 151
66 606
67 162
67 686
68 133
68 545
68 688
69 103
69 205
69 250
69 324
69 416
69 449
69 579
69 602
70 150
70 183
70 657
71 388
71 430
71 701
72 426
72 442
72 470
72 483
72 537
72 541
72 547
72 623
73 239
73 277
73 371
73 402
73 404
73 511
73 567
73 653
74 154
74 235
74 378
74 384
74 461
74 487
74 497
74 553
75 123
75 162
75 494
76 388
76 417
76 684
77 173
77 625
77 695
78 199
78 500
78 572
79 139
79 340
80 114
80 181
80 230
80 276
80 554
80 558
80 631
80 682
81 209
81 492
81 512
82 340
82 500
82 630
83 149
83 255
83 279
83 383
83 443
83 628
83 656
83 673
84 340
84 422
84 482
85 127
85 526
85 550
86 183
86 430
86 597
87 545
87 688
88 170
88 312
88 360
89 101
89 193
89 527
90 300
90 306
90 335
90 454
90 557
90 561
90 579
90 643
91 431
91 677
92 183
92 519
92 566
93 183
93 270
93 450
94 132
94 679
94 695
95 422
95 582
96 331
96 422
96 482
97 216
97 222
97 246
97 334
97 413
97 436
97 479
97 577
98 139
98 545
98 572
99 342
100 131
100 193
100 331
101 233
101 264
101 298
101 501
101 667
102 104
102 182
102 217
102 239
102 339
102 539
102 624
102 635
103 583
104 184
104 644
105 328
105 411
105 563
106 162
106 352
106 660
107 299
107 337
107 386
108 514
108 515
108 533
109 118
109 159
109 660
110 488
110 566
110 606
111 243
111 266
111 607
112 289
112 389
113 130
113 519
114 146
114 583
115 221
115 376
116 630
116 697
117 248
117 331
117 572
118 307
118 368
118 373
118 391
118 454
118 574
119 162
119 228
119 644
120 273
121 196
121 208
121 258
121 268
121 316
121 424
121 427
121 473
122 241
122 255
122 327
122 400
122 452
122 467
122 694
123 172
123 374
123 404
123 497
123 508
123 648
123 669
124 203
124 210
124 276
124 359
124 367
124 385
125 180
125 355
125 392
125 559
125 687
125 693
126 457
126 478
126 607
127 137
127 223
127 306
127 372
127 624
127 681
128 308
128 410
128 679
129 132
129 586
129 679
130 247
130 268
130 323
130 428
130 542
130 698
131 229
131 249
131 282
131 307
131 433
131 670
132 237
132 242
132 247
132 458
132 655
133 224
133 287
133 415
133 425
133 505
133 595
133 652
134 218
134 390
134 664
135 138
135 308
136 495
136 538
136 544
137 191
137 611
138 223
138 275
138 301
138 472
138 682
138 683
139 194
139 212
139 420
139 456
139 463
139 489
140 161
140 222
140 540
140 596
140 623
140 627
140 693
141 389
141 566
141 688
142 672
143 184
143 240
143 677
144 152
144 200
144 252
144 284
144 444
144 491
144 639
145 630
145 660
146 320
146 437
146 465
146 668
146 694
147 273
147 286
147 560
148 412
148 611
148 619
149 234
149 640
150 203
150 325
150 436
150 446
150 447
150 648
150 666
151 238
151 250
151 296
151 432
151 464
151 628
151 668
152 390
153 353
153 572
153 678
154 337
154 410
155 509
155 527
155 569
156 201
156 382
156 480
157 221
157 388
157 515
158 376
158 514
158 640
159 190
159 198
159 211
159 393
159 398
159 593
160 166
160 167
160 305
160 522
160 530
160 547
160 564
160 687
161 328
162 186
162 217
162 350
162 369
163 337
163 341
163 482
164 390
164 480
165 457
165 503
166 228
166 582
167 482
168 308
168 386
169 640
169 697
170 202
170 204
170 315
170 599
170 699
171 384
171 476
171 499
171 531
171 593
171 651
172 299
172 695
173 301
173 318
173 321
173 335
173 520
173 539
173 659
174 290
174 297
174 325
174 354
174 530
174 577
174 636
175 265
175 286
175 417
176 375
176 488
176 672
177 336
177 353
178 213
178 304
178 412
179 343
179 390
179 562
180 221
180 496
181 304
181 550
182 399
182 675
183 230
183 291
183 620
184 258
184 303
184 314
184 356
184 440
184 702
185 218
185 273
185 609
186 302
186 597
187 343
187 480
187 495
188 209
188 526
189 495
189 562
190 248
190 340
191 301
191 413
191 463
191 508
191 571
191 581
191 652
192 555
192 605
192 611
193 241
193 307
193 347
193 633
194 281
194 686
195 308
195 513
195 657
196 342
196 360
197 304
197 417
197 584
198 513
198 697
199 282
199 380
199 438
199 633
199 691
200 365
200 609
201 348
201 370
201 381
201 481
201 549
201 574
201 629
202 500
202 526
203 270
204 352
204 399
205 209
205 390
206 390
206 395
207 331
207 544
207 563
208 566
208 619
209 214
209 358
209 429
209 506
209 521
210 519
211 500
212 289
212 688
213 318
213 451
213 452
213 548
213 554
213 610
213 681
214 468
215 586
215 677
215 684
216 341
216 468
218 363
218 484
218 556
218 703
219 273
219 566
219 679
220 289
220 519
220 688
221 283
221 397
221 485
221 547
221 696
222 478
223 281
224 504
224 545
225 360
225 625
225 675
226 376
226 562
227 243
227 450
228 459
228 511
228 645
228 648
228 671
228 680
229 411
229 609
230 678
231 336
231 598
232 468
232 513
233 240
233 336
234 261
234 293
234 295
234 320
234 333
234 546
234 602
235 382
235 386
236 243
236 566
236 697
238 607
238 640
240 334
240 455
240 506
240 614
240 641
240 690
241 514
242 672
243 261
243 279
243 447
243 460
243 464
244 270
244 375
244 513
245 342
245 389
245 399
246 281
246 515
248 288
248 409
248 594
249 328
249 660
250 468
251 270
251 535
251 560
252 469
252 622
253 583
253 584
254 584
254 585
254 586
255 342
256 273
256 304
256 510
257 337
257 353
257 480
258 289
259 273
259 434
259 513
260 353
260 388
262 390
262 492
263 353
263 382
263 562
264 430
264 533
265 274
265 303
265 346
265 462
265 573
265 680
265 700
266 443
266 455
266 470
266 479
266 491
266 559
267 299
267 312
267 410
268 560
269 480
269 604
270 330
270 392
270 442
270 663
271 304
271 365
271 560
272 349
272 434
272 664
273 518
275 555
275 642
276 538
277 625
278 488
278 513
278 630
279 622
280 365
280 434
281 374
281 595
281 637
281 659
282 544
283 434
283 605
284 604
284 684
285 342
285 527
285 607
286 294
286 326
286 329
286 418
286 554
287 340
287 533
288 630
289 425
289 456
289 502
289 505
290 496
290 555
292 422
292 605
292 630
293 509
293 649
294 365
294 510
295 468
295 492
296 478
296 492
297 494
297 509
298 431
298 535
299 379
299 453
299 493
300 492
300 642
302 371
302 461
302 581
302 637
302 666
302 671
303 649
304 433
304 573
304 699
305 695
306 644
308 330
308 626
308 676
309 349
309 492
309 605
310 331
310 360
310 526
311 604
311 675
311 678
312 350
312 487
312 553
312 638
312 653
313 376
313 649
313 701
314 389
314 545
315 376
315 480
316 510
316 672
317 496
317 503
317 585
318 526
319 346
319 437
319 449
319 612
319 613
319 631
319 645
321 349
321 644
322 365
322 566
323 533
324 349
324 642
325 621
326 584
326 586
327 411
327 550
328 332
328 362
328 474
328 556
329 412
329 550
331 387
331 476
332 341
332 598
333 607
334 622
335 686
336 529
336 574
336 646
336 661
336 663
337 627
337 629
337 658
337 685
338 500
338 572
339 360
339 569
340 419
340 449
340 499
341 466
341 483
341 534
341 601
342 381
342 458
342 568
343 361
343 362
343 464
343 532
343 546
343 616
344 376
344 526
345 469
345 569
345 583
347 538
347 604
348 504
348 678
349 368
349 588
349 592
350 411
351 395
351 512
352 378
352 379
352 384
352 453
352 567
352 674
353 568
353 634
354 684
355 598
355 622
356 625
356 686
357 496
357 582
358 376
358 570
359 566
360 380
360 674
361 562
361 604
362 469
363 622
364 570
365 445
365 507
365 556
366 701
367 515
367 597
368 597
369 625
370 538
370 572
371 494
372 490
372 625
373 544
373 563
375 414
375 472
375 542
375 576
375 578
375 692
376 667
377 431
377 621
377 622
378 410
379 422
380 570
381 388
382 466
382 493
382 540
382 575
382 590
383 478
383 684
385 430
385 494
386 451
386 453
386 553
386 578
386 591
387 399
387 570
388 690
388 702
389 428
389 486
389 524
391 411
391 630
392 585
393 411
394 606
394 607
394 622
395 507
395 518
395 561
395 588
395 696
396 450
396 503
396 621
397 430
397 677
398 488
399 424
399 638
399 691
400 607
401 417
401 457
401 677
402 644
403 695
404 597
405 488
406 410
406 550
406 598
407 500
407 504
408 495
408 538
408 675
409 504
410 493
410 576
410 610
411 548
411 567
412 437
412 587
413 430
414 611
416 512
417 462
417 565
417 655
418 563
419 492
419 583
420 533
421 519
421 535
421 598
422 438
422 487
423 490
423 679
425 572
426 496
426 701
427 545
428 510
429 478
429 513
430 600
431 479
431 521
431 525
431 529
431 702
432 509
434 551
434 643
434 662
435 625
435 644
436 503
438 582
439 503
439 533
439 684
440 584
441 519
441 545
441 619
442 555
443 606
444 457
444 495
445 679
446 606
448 480
450 577
450 632
450 669
450 671
451 598
452 660
454 494
455 621
456 504
457 636
457 673
458 649
459 482
459 496
460 488
461 695
462 585
463 644
465 527
465 675
466 582
467 509
467 675
468 523
468 596
468 673
469 477
469 575
469 612
469 685
470 598
471 535
472 640
473 688
475 519
475 533
475 672
476 582
477 609
478 601
478 602
478 603
480 616
481 677
482 540
482 651
483 510
484 512
485 649
486 619
488 665
489 545
489 619
490 497
490 522
490 539
490 552
492 613
494 592
494 620
495 617
495 703
496 543
496 552
498 510
498 535
498 657
499 582
500 528
501 640
502 619
503 564
503 608
504 634
505 619
507 513
509 587
509 608
509 631
510 663
510 693
511 686
512 589
512 616
512 639
512 662
514 516
514 529
514 600
514 641
514 647
515 571
515 618
515 620
516 527
516 544
517 538
517 569
517 604
519 646
520 550
520 570
522 664
523 607
523 684
524 560
524 672
526 594
526 691
527 548
527 656
528 570
530 585
531 630
531 642
532 609
533 636
534 609
535 549
535 641
536 585
536 611
536 642
537 585
537 657
538 634
541 622
542 697
543 664
543 695
544 670
546 606
550 591
551 642
551 701
555 564
555 700
557 597
558 611
558 688
560 623
560 661
561 664
562 589
562 599
562 629
563 633
563 650
563 699
565 679
568 677
569 617
569 694
570 681
571 621
573 586
578 679
579 605
580 672
582 627
583 587
583 680
584 645
585 683
586 700
590 664
593 605
595 644
596 621
597 608
601 621
605 683
606 632
606 689
609 650
611 626
611 659
612 675
615 697
617 678
618 677
618 701
619 682
624 695
626 640
635 686
639 664
640 665
642 696
649 654
649 668
650 660
652 686
653 660
657 661
657 692
664 685
672 676
676 697
684 703
687 701
689 697
