2640 5760
0 896
0 1400
0 2613
1 62
1 800
1 1709
2 272
2 1978
2 2067
3 1277
3 1589
3 2458
4 373
4 1676
4 1729
5 306
5 349
5 525
5 735
5 1238
5 1395
5 1694
5 2595
6 676
6 1283
6 2438
7 1053
7 1682
7 2251
8 1379
8 1757
8 2288
9 766
9 1146
9 1219
9 1329
9 1508
9 1737
9 1829
9 2569
10 459
10 770
10 2575
11 503
11 1218
11 1296
12 182
12 345
12 788
12 1132
12 1260
12 1453
12 1678
12 2607
13 1206
13 1228
13 1720
13 1827
13 1836
13 1884
13 2232
13 2599
14 122
14 719
14 1267
14 1338
14 1481
14 1631
14 2203
14 2214
15 1465
15 2147
15 2516
16 518
16 536
16 1198
16 1244
16 1372
16 1764
16 2290
16 2423
17 1022
17 1347
17 2302
18 613
18 948
18 2163
19 139
19 403
19 509
19 721
19 1094
19 1759
19 1762
19 1824
20 491
20 705
20 785
20 1040
20 1338
20 1714
20 1781
20 1867
21 781
21 999
21 1757
22 258
22 813
22 933
23 584
23 639
23 2575
24 894
24 1181
24 2075
25 650
25 1353
25 2124
26 187
26 311
26 999
27 303
27 653
27 1870
28 260
28 1218
28 2034
29 593
29 743
29 1459
30 60
30 384
30 1109
30 1171
30 2030
30 2200
30 2206
30 2536
31 238
31 318
31 654
31 1036
31 1041
31 1094
31 1469
31 2619
32 1421
32 2451
32 2490
33 517
33 652
33 674
33 826
33 1345
33 2123
33 2234
33 2280
34 521
34 1548
34 2170
35 503
35 566
35 2034
36 1037
36 1814
36 2567
37 451
37 578
37 587
37 771
37 1024
37 1561
37 1569
37 2042
38 846
38 1210
38 1985
39 57
39 2291
39 2459
40 57
40 1571
40 2355
41 905
41 1945
41 2474
42 245
42 722
42 1169
43 1216
43 1327
43 1467
43 1565
43 1938
43 2049
43 2234
43 2346
44 830
44 900
44 1855
45 217
45 274
45 365
45 749
45 1131
45 1310
45 1408
45 1441
46 745
46 1378
46 1470
47 724
47 1987
47 2001
48 468
48 880
48 1000
48 1230
48 1231
48 2082
48 2525
48 2629
49 940
49 1820
49 2211
50 856
50 2270
50 2600
51 622
51 1995
51 2335
52 374
52 522
52 611
52 841
52 1066
52 1542
52 2317
52 2460
53 614
53 1184
53 1776
53 1813
53 2529
53 2588
53 2594
53 2607
54 355
54 507
54 2128
55 414
55 908
55 1816
56 350
56 620
56 2295
57 666
57 1110
57 1687
57 1973
57 2396
57 2554
58 628
58 664
58 1224
59 593
59 664
59 1273
60 119
60 817
61 683
61 1556
61 2101
62 230
62 342
62 711
62 970
62 1636
62 1705
62 1886
63 363
63 1154
63 1208
64 662
64 1035
64 1036
64 1366
64 2152
64 2534
64 2562
64 2621
65 1681
65 1780
65 2440
66 382
66 1078
66 1264
67 109
67 714
67 1030
67 2225
67 2348
67 2449
67 2533
67 2588
68 303
68 1447
68 1935
69 1063
69 1568
69 2000
70 881
70 1393
70 1951
71 918
71 2047
71 2207
72 284
72 1134
72 1185
73 2043
73 2349
73 2600
74 462
74 538
74 2466
75 1134
75 2043
75 2587
76 97
76 497
76 2327
77 436
77 1118
77 2420
78 740
78 1017
78 2614
79 244
79 298
79 413
79 447
79 729
79 1496
79 1547
79 2155
80 153
80 963
80 1060
80 1145
80 1157
80 1503
80 1562
80 2430
81 423
81 876
81 1514
82 240
82 255
82 560
82 699
82 1025
82 1364
82 1396
82 2157
83 389
83 731
83 1889
84 1489
84 1587
84 1998
85 351
85 1721
85 2511
86 478
86 639
86 1682
87 989
87 1054
87 2382
88 97
88 1008
88 2444
89 316
89 559
89 1507
90 111
90 495
90 2302
91 166
91 1591
91 1850
92 831
92 1673
92 2638
93 822
93 1531
93 2216
94 1330
94 1758
94 1939
95 411
95 426
95 629
95 1131
95 1541
95 1662
95 2083
95 2606
96 343
96 450
96 1605
96 2011
96 2088
96 2091
96 2141
96 2350
97 927
97 1415
97 1775
97 1922
97 2153
97 2462
98 822
98 1047
98 2459
99 140
99 517
99 1382
99 1837
99 2114
99 2386
99 2449
99 2558
100 1609
100 1735
100 2274
101 415
101 728
101 729
101 1689
101 1770
101 1979
101 2019
101 2598
102 280
102 1156
102 1440
103 664
103 1273
103 2207
104 1268
104 2267
104 2422
105 416
105 603
105 792
105 1372
105 1522
105 2594
105 2608
105 2624
106 1465
106 1883
106 2366
107 800
107 918
107 2341
108 495
108 1143
108 2253
109 314
109 1971
110 241
110 484
110 611
110 1541
110 1612
110 1738
110 2035
110 2344
111 295
111 570
111 1258
111 1817
111 2137
111 2184
111 2218
112 248
112 605
112 1593
113 131
113 377
113 751
113 780
113 952
113 1141
113 2367
113 2625
114 423
114 1416
114 1855
115 1078
115 1347
115 1374
116 381
116 779
116 1975
117 243
117 604
117 713
117 763
117 2006
117 2032
117 2489
117 2513
118 151
118 1099
118 2201
119 161
119 235
119 914
119 922
119 929
119 2256
119 2303
120 151
120 1735
120 2267
121 574
121 2355
121 2537
122 417
122 500
123 206
123 548
123 754
123 807
123 838
123 870
123 939
123 1902
124 1293
124 1405
124 2021
125 1224
125 1807
125 2070
126 1470
126 1756
126 2361
127 140
127 270
127 937
127 1240
127 1856
127 1882
127 2049
127 2412
128 824
128 1367
128 1534
129 528
129 1162
129 1285
129 1739
129 1834
129 2547
129 2581
129 2617
130 474
130 733
130 2070
131 237
131 1975
132 221
132 885
132 886
133 1103
133 1679
133 2148
134 170
134 1156
134 1656
135 172
135 1681
135 2107
136 284
136 912
136 1507
137 1331
137 1844
137 2251
138 221
138 382
138 1599
139 474
139 1296
140 1657
141 214
141 336
141 393
141 872
141 1021
141 1129
141 1966
141 2238
142 298
142 324
142 529
142 609
142 1034
142 1574
142 2056
142 2601
143 148
143 268
143 400
143 592
143 801
143 1677
143 1776
143 2570
144 638
144 1409
144 2414
145 356
145 823
145 1009
145 1196
145 1506
145 1582
145 2387
145 2477
146 243
146 408
146 488
146 531
146 888
146 1499
146 2276
146 2374
147 252
147 383
147 619
147 789
147 1117
147 1853
147 2198
147 2393
148 736
148 921
149 310
149 1589
149 1773
150 221
150 1116
150 1710
151 359
151 482
151 649
151 1340
151 2014
151 2480
152 628
152 831
152 1777
153 1298
153 2244
154 641
154 1425
154 2304
155 723
155 1293
155 1656
156 1349
156 1727
156 2062
157 167
157 482
157 964
157 1663
157 1833
157 1860
157 1938
157 2426
158 593
158 734
158 1976
159 857
159 2075
159 2448
160 410
160 704
160 793
160 1221
160 1460
160 1842
160 2226
160 2508
161 1445
161 1609
162 410
162 424
162 550
162 1173
162 1351
162 1559
162 2194
162 2612
163 777
163 1331
163 2050
164 1440
164 2190
164 2288
165 573
165 848
165 1289
165 1699
165 2160
165 2337
165 2344
165 2479
166 179
166 522
166 966
166 1576
166 1745
166 1795
166 2512
167 1254
167 1978
168 227
168 492
168 627
168 657
168 1170
168 1505
168 2030
168 2473
169 433
169 454
169 806
169 914
169 1002
169 2100
169 2409
169 2626
170 586
170 682
170 942
170 1140
170 1217
170 1475
170 1848
171 866
171 1012
171 1556
172 548
172 710
172 836
172 1932
172 2111
172 2152
172 2561
173 1047
173 1616
173 1893
174 246
174 798
174 1069
174 1841
174 2157
174 2259
174 2306
174 2612
175 671
175 1416
175 1859
176 716
176 1741
176 2190
177 1718
177 2080
177 2417
178 1208
178 1477
178 2550
179 1210
179 1863
180 476
180 609
180 760
180 1125
180 1771
180 2188
180 2336
180 2598
181 1918
181 2147
181 2590
182 974
182 1925
183 405
183 1211
183 1630
184 1309
184 1319
184 1545
185 531
185 630
185 1321
185 1418
185 1490
185 1722
185 1990
185 2318
186 1498
186 1693
186 1980
187 453
187 519
187 581
187 1059
187 1650
187 1999
187 2262
188 1333
188 1507
188 2474
189 702
189 862
189 2217
190 829
190 862
190 1873
191 940
191 1682
191 1933
192 300
192 598
192 909
192 944
192 1576
192 2243
192 2401
192 2611
193 248
193 1721
193 2254
194 632
194 985
194 1045
194 1176
194 1466
194 2338
194 2340
194 2481
195 224
195 431
195 784
196 917
196 1943
196 2424
197 949
197 1591
197 2229
198 635
198 655
198 2592
199 245
199 406
199 1046
200 622
200 695
200 2047
201 1717
201 1883
201 2066
202 918
202 1777
202 2117
203 1916
203 2373
203 2498
204 817
204 1189
204 1374
205 936
205 1580
205 2300
206 1042
206 1523
207 1301
207 1333
207 1918
208 292
208 692
208 1632
208 1642
208 1969
208 2131
208 2309
208 2359
209 1363
209 1580
209 2295
210 679
210 1150
210 2440
211 507
211 1214
211 1765
212 257
212 1253
212 1797
213 1381
213 1830
213 2638
214 516
214 1211
215 245
215 1298
215 2549
216 421
216 732
216 979
217 680
217 1579
218 743
218 1459
218 2207
219 1099
219 1297
219 1376
220 1624
220 1816
220 2189
221 1567
221 1602
221 1631
221 2299
221 2583
222 245
222 1507
222 1889
223 813
223 2067
223 2498
224 380
224 604
224 845
224 977
224 1216
224 1230
224 1480
225 272
225 2516
225 2635
226 824
226 2004
226 2463
227 921
227 1811
228 350
228 1168
228 1727
229 469
229 824
229 911
230 2066
230 2441
231 1105
231 1254
231 1916
232 765
232 974
232 2254
233 305
233 1273
233 1489
234 555
234 843
234 1457
234 1927
234 1997
234 2137
234 2284
234 2376
235 1470
235 2255
236 420
236 573
236 923
236 1380
236 1734
236 1941
236 2317
236 2338
237 349
237 407
237 493
237 691
237 1392
237 1907
237 1929
238 2375
238 2424
239 867
239 1710
239 2417
240 1047
240 1580
241 1892
241 2351
242 1022
242 1143
242 2142
243 625
244 1296
244 2101
245 309
245 746
245 1158
245 2284
246 1153
246 1892
247 1416
247 1769
247 1943
248 294
248 317
248 870
248 1413
248 2379
248 2415
249 676
249 1116
249 1599
250 1254
250 1319
250 1545
251 724
251 1299
251 1376
252 988
252 1773
253 414
253 702
253 2603
254 882
254 1049
254 1498
255 620
255 1727
256 881
256 1049
256 2390
257 283
257 681
257 1010
257 1107
257 1159
257 1659
257 2565
258 499
258 1356
258 1662
258 2036
258 2320
258 2395
258 2594
259 1016
259 1305
259 1367
260 296
260 533
260 1415
260 1476
260 1719
260 1788
260 1988
261 466
261 639
261 2251
262 794
262 1022
262 2217
263 1436
263 2025
263 2321
264 287
264 873
264 1263
264 1535
264 1583
264 1754
264 1977
264 2447
265 429
265 635
265 1100
266 628
266 1053
266 2251
267 363
267 613
267 784
268 378
268 1928
269 1179
269 1445
269 2373
270 1421
270 1906
271 330
271 439
271 749
271 1066
271 1486
271 1532
271 2010
271 2388
272 646
272 925
272 1439
272 1792
272 2014
272 2126
273 767
273 864
273 962
273 1069
273 1490
273 1505
273 1690
273 1738
274 805
274 989
275 357
275 1684
275 1960
276 375
276 710
276 874
276 1003
276 1586
276 1644
276 2041
276 2532
277 1025
277 1552
277 1563
277 2060
277 2092
277 2098
277 2404
277 2502
278 829
278 1488
278 2402
279 1447
279 1709
279 2551
280 501
280 618
280 718
280 1090
280 2262
280 2514
280 2527
281 443
281 1324
281 2279
282 1297
282 1377
282 1987
283 1377
283 1695
284 675
284 1190
284 1801
284 1958
284 2397
284 2492
285 2190
285 2335
285 2433
286 885
286 1596
286 2378
287 733
287 2550
288 1331
288 1777
288 2093
289 1298
289 1918
289 2139
290 457
290 706
290 2070
291 884
291 1208
291 1462
292 768
292 2021
293 1374
293 1445
293 2474
294 634
294 1042
295 701
295 1421
296 566
296 1296
297 466
297 478
297 1053
298 2636
299 551
299 1350
299 1978
300 332
300 1952
301 743
301 784
301 876
302 1507
302 1707
302 1820
303 323
303 934
303 953
303 1106
303 1705
303 2429
304 1023
304 1492
304 1671
304 1795
304 2400
304 2522
304 2617
304 2625
305 1080
305 1161
305 1183
305 1222
305 1407
305 1501
305 1778
306 381
306 1950
307 2330
307 2349
307 2466
308 1400
308 1945
308 2327
309 2045
309 2177
310 619
310 827
310 982
310 1517
310 1611
310 2010
310 2460
311 995
311 1499
311 2006
311 2044
311 2058
311 2495
311 2503
312 622
312 1859
312 1956
313 766
313 1075
313 1097
313 1106
313 1858
313 1915
313 2329
313 2363
314 555
314 1450
314 1494
314 1817
314 2114
314 2488
314 2618
315 1656
315 2288
315 2490
316 367
316 515
316 1083
316 1295
316 1802
316 2111
316 2628
317 1016
317 1939
318 409
318 2433
319 583
319 782
319 1273
320 381
320 1214
320 1324
321 1024
321 1121
321 1240
321 1288
321 1542
321 2035
321 2280
321 2557
322 815
322 1811
322 2002
323 1014
323 1386
324 867
324 2540
325 1135
325 1944
325 2190
326 1386
326 1404
326 2090
327 815
327 1314
327 1757
328 1078
328 1179
328 1684
329 530
329 1349
329 2466
330 505
330 701
331 401
331 668
331 964
331 1223
331 2012
331 2094
331 2356
331 2439
332 386
332 524
332 590
332 868
332 1147
332 1843
332 1888
333 538
333 1803
333 1910
334 866
334 881
334 2392
335 414
335 794
335 2382
336 1309
336 2189
337 796
337 924
337 1004
337 1198
337 1629
337 2102
337 2371
337 2579
338 574
338 1165
338 1676
339 803
339 954
339 1807
340 813
340 1008
340 1337
341 857
341 954
341 1914
342 1959
342 2051
343 1123
343 2466
344 818
344 1418
344 1469
344 1559
344 1733
344 1747
344 1852
344 2306
345 378
345 921
346 813
346 1369
346 1956
347 599
347 2043
347 2417
348 1189
348 1507
348 2630
349 1214
350 1278
350 1527
350 1716
350 2060
350 2085
350 2259
351 458
351 854
351 1592
351 1663
351 2079
351 2311
351 2484
352 732
352 1700
352 2491
353 979
353 997
353 2613
354 2175
354 2516
354 2567
355 396
355 461
355 1221
355 1625
355 2296
355 2306
355 2494
356 1921
356 1933
357 543
357 719
357 851
357 1159
357 1361
357 1766
357 2022
358 1750
358 1939
358 2216
359 1254
359 2511
360 1365
360 1421
360 1998
361 1098
361 1906
361 2448
362 997
362 1374
362 2162
363 1354
363 1546
363 1836
363 2136
363 2477
363 2634
364 450
364 651
364 659
364 1284
364 1564
364 1701
364 1994
364 2176
365 1193
365 2461
366 1386
366 2378
366 2413
367 1686
367 2216
368 829
368 2351
368 2392
369 370
369 581
369 878
369 898
369 926
369 1257
369 1274
369 1785
370 2254
370 2478
371 867
371 896
371 2327
372 593
372 1151
372 2568
373 556
373 597
373 1137
373 1730
373 2126
373 2250
373 2268
374 1150
374 1985
375 846
375 2390
376 1012
376 1477
376 1534
377 1470
377 2167
378 984
378 1289
378 1492
378 1903
378 2061
378 2557
379 949
379 2020
379 2321
380 905
380 1673
381 751
381 2103
381 2204
381 2391
381 2476
382 511
382 1163
382 1912
382 2356
382 2384
382 2552
383 1277
383 1425
384 724
384 2351
385 462
385 1151
385 1964
386 1337
386 1381
387 394
387 1165
387 1622
388 959
388 1667
388 2614
389 472
389 1015
389 1342
389 1501
389 1586
389 2376
389 2628
390 862
390 908
390 2057
391 889
391 1710
391 1844
392 1179
392 2448
392 2461
393 863
393 1440
394 644
394 802
394 1152
394 1912
394 2250
394 2574
394 2611
395 2330
395 2568
395 2630
396 1937
396 2189
397 497
397 1100
397 2422
398 910
398 1328
398 1461
398 1853
398 2036
398 2115
398 2116
398 2556
399 1047
399 1058
399 2124
400 1038
400 2125
401 1794
401 2511
402 930
402 1156
402 2341
403 1100
403 2107
404 911
404 1305
404 2463
405 413
405 496
405 644
405 1125
405 1553
405 1942
405 2521
406 470
406 901
406 1212
406 1464
406 1501
406 1574
406 2372
407 1531
407 2438
408 1218
408 1459
409 755
409 1267
409 1419
409 1704
409 1878
409 2245
409 2558
410 1322
411 655
411 2335
412 1337
412 2321
412 2632
413 2034
414 843
414 849
414 1266
414 1284
414 1398
415 1443
415 1707
416 830
416 2540
417 567
417 568
417 621
417 938
417 1095
417 1120
417 2278
418 983
418 1273
418 1459
419 703
419 902
419 1109
419 1223
419 1472
419 1644
419 1692
419 1802
420 1350
420 1933
421 774
421 1149
421 1394
421 1415
421 1475
421 1791
421 1793
422 908
422 1305
422 1758
423 899
423 987
423 1021
423 2019
423 2022
423 2394
424 1207
424 1211
425 1290
425 1353
425 2300
426 762
426 907
427 605
427 1477
427 2537
428 559
428 634
428 1155
429 485
429 631
429 1442
429 1600
429 1743
429 1764
429 1922
430 1462
430 2029
430 2264
431 534
431 1093
431 1303
431 1511
431 1882
431 2123
431 2426
432 824
432 850
432 988
433 650
433 2419
434 988
434 1756
434 2461
435 1593
435 1925
435 2125
436 498
436 610
436 1062
436 1417
436 1666
436 1912
436 2208
437 464
437 1051
437 1504
437 1723
437 1737
437 1871
437 2578
437 2624
438 1099
438 1679
438 1987
439 1365
439 1548
440 585
440 1695
440 1889
441 1369
441 1447
441 2185
442 1099
442 1609
442 2351
443 525
443 543
443 656
443 1456
443 1570
443 1648
443 2571
444 572
444 691
444 820
444 1469
444 1577
444 1784
444 2204
444 2224
445 1201
445 1289
445 1638
445 1661
445 1905
445 2049
445 2123
445 2593
446 677
446 707
446 2075
447 1832
447 2325
448 1465
448 1514
448 2027
449 1657
449 2466
449 2568
450 2302
451 1181
451 1906
452 830
452 2297
452 2442
453 1218
453 1452
454 941
454 1980
455 507
455 2096
455 2410
456 863
456 1630
456 2101
457 1551
457 1778
457 1909
457 2077
457 2174
457 2416
457 2604
458 856
458 1134
459 571
459 971
459 1328
459 1642
459 1740
459 2305
459 2528
460 1134
460 2349
460 2437
461 1916
461 2221
462 685
462 741
462 806
462 958
462 1384
462 1628
463 1098
463 1911
463 2001
464 781
464 2442
465 831
465 1477
465 2029
466 558
466 591
466 1827
466 2005
466 2354
466 2418
467 648
467 885
467 1409
468 1779
468 2063
469 508
469 922
469 1113
469 1513
469 1530
469 2399
469 2499
470 1298
470 2133
471 701
471 1061
471 1676
472 647
472 1758
473 680
473 2163
473 2355
474 673
474 1051
474 1259
474 1872
474 2168
474 2282
475 1765
475 1814
475 1962
476 876
476 1685
477 625
477 708
477 2553
478 670
478 1434
478 1472
478 1843
478 2112
478 2439
479 1410
479 1495
479 1519
480 1118
480 1545
480 1622
481 599
481 2066
481 2516
482 2373
483 768
483 866
483 1208
484 2192
484 2331
485 1830
485 2443
486 1357
486 1616
486 2459
487 1805
487 1821
487 2264
488 566
488 664
489 876
489 1273
489 1597
490 991
490 1363
490 2454
491 1910
491 2277
492 1892
492 2335
493 1349
493 2420
494 1331
494 1488
494 2047
495 561
495 849
495 891
495 1270
495 1456
495 1617
496 683
496 2392
497 1339
497 1560
497 1877
497 2193
497 2258
497 2290
498 1311
498 1319
499 1313
499 1498
500 1267
500 1351
500 1397
500 1592
500 1867
500 2072
500 2494
501 1741
501 2075
502 1803
502 2138
502 2253
503 1149
503 1389
503 1761
503 1857
503 2365
503 2462
504 772
504 948
504 1571
505 665
505 995
505 1072
505 1890
505 1999
505 2007
505 2618
506 628
506 2047
506 2550
507 972
507 1041
507 1784
507 1990
507 2612
508 574
508 1707
509 1579
509 1950
510 965
510 1316
510 1375
510 1472
510 1539
510 1860
510 2046
510 2552
511 734
511 1682
512 583
512 871
512 908
513 1385
513 1432
513 1792
513 2054
513 2235
513 2252
513 2487
513 2500
514 716
514 894
514 2448
515 1863
515 2390
516 854
516 1086
516 1088
516 1097
516 1558
516 2527
516 2616
517 1153
518 999
518 1313
519 625
519 2414
520 1707
520 1729
520 2463
521 855
521 1072
521 2137
521 2233
521 2342
521 2343
521 2449
522 1780
523 1333
523 1921
523 2568
524 1850
524 1991
525 1615
526 1122
526 1615
526 2177
527 1017
527 1377
527 1667
528 1556
528 2351
529 1962
529 2051
530 651
530 1048
530 1111
530 1854
530 2113
530 2156
530 2172
531 2078
532 625
532 1548
532 2443
533 1243
533 2443
534 1805
534 2150
535 1273
535 1459
535 2117
536 1718
536 2638
537 733
537 831
537 1018
538 624
538 1250
538 1269
538 1635
538 1768
538 2149
539 2027
539 2263
539 2454
540 683
540 1374
540 1587
541 940
541 1715
541 2450
542 638
542 975
542 1939
543 584
544 1165
544 1404
544 1935
545 896
545 991
545 2474
546 975
546 1487
546 1531
547 723
547 1828
547 1870
548 1155
549 601
549 865
549 1205
549 1426
549 1626
549 1823
549 2136
549 2339
550 1916
550 2189
551 597
551 615
551 649
551 1164
551 1674
551 2235
551 2403
552 1964
552 2330
552 2587
553 822
553 1765
553 1863
554 698
554 1462
554 1622
555 1998
556 835
556 1935
557 1939
557 2586
557 2587
558 1054
558 1160
559 662
559 690
559 754
559 992
559 1003
559 2352
560 1168
560 2295
561 989
561 2229
562 1757
562 2070
562 2244
563 805
563 1520
563 1928
564 943
564 1404
564 2067
565 1042
565 2002
565 2170
566 581
566 697
566 752
566 1242
566 1841
567 679
567 1937
568 1910
568 2444
569 941
569 1293
569 2020
570 1489
570 2162
571 933
571 1959
572 1616
572 2216
573 1168
574 1137
574 1497
574 1574
574 2054
574 2292
575 998
575 1645
575 1957
575 2108
575 2196
575 2397
575 2493
575 2525
576 1667
576 1684
576 2424
577 1098
577 1299
577 2378
578 2613
578 2622
579 912
579 1169
579 1820
580 1255
580 2264
580 2590
582 781
582 2154
582 2414
583 725
583 888
583 1222
583 1358
583 1455
583 2184
584 1142
584 1343
584 1549
584 1634
584 1708
584 2353
585 659
585 1124
585 1252
585 1285
585 1508
585 2119
585 2582
586 716
586 2182
587 1679
587 1911
588 1119
588 1388
588 1401
589 1050
589 1805
589 2189
590 1718
590 2635
591 664
591 706
592 1498
592 2600
593 1269
593 1555
593 1836
593 2364
594 706
594 867
594 2463
595 1255
595 2066
595 2255
596 1014
596 1959
596 2441
597 948
598 1591
598 1985
599 973
599 980
599 1065
599 1229
599 2179
599 2543
600 1353
600 2277
600 2459
601 890
601 896
602 664
602 743
602 983
603 999
603 1830
604 2297
605 621
605 624
605 1001
605 1096
605 1714
605 2252
606 876
606 1707
606 2070
607 804
607 1952
607 2093
608 1268
608 1893
608 2291
609 1832
610 1684
610 2451
611 1906
612 734
612 1918
612 2630
613 712
613 1079
613 1144
613 1885
613 1948
613 2038
614 1313
614 2199
615 1337
615 2516
616 2270
616 2511
616 2586
617 885
617 1944
617 2566
618 1870
618 2335
619 1630
620 1364
620 1734
620 1788
620 2160
620 2259
620 2365
621 2277
622 629
622 1896
622 2118
622 2411
622 2591
623 1050
623 1322
623 2575
624 2170
625 750
625 1449
625 1566
625 2007
626 1487
626 1894
626 2217
627 1609
627 2045
628 839
628 1524
628 2112
628 2599
629 1702
630 1613
630 2231
631 1465
631 2459
632 1821
632 2361
633 2043
633 2212
633 2566
634 821
634 1448
634 1688
634 1932
634 2040
634 2159
635 852
635 1070
635 1110
635 2193
635 2307
635 2411
636 1018
636 1311
636 1599
637 824
637 1016
637 1401
638 1274
638 1276
638 1306
638 1573
638 1831
638 2018
639 944
639 1084
639 1373
639 1993
639 2112
640 906
640 947
640 1141
640 1601
640 2143
640 2489
640 2557
640 2563
641 691
641 1128
641 1526
641 1536
641 1567
641 2103
641 2597
642 782
642 889
642 1807
643 912
643 1656
643 2264
644 1016
645 1695
645 1780
645 2368
646 948
646 1165
647 855
647 1158
647 1304
647 1398
647 1817
647 2266
647 2517
648 750
648 1013
648 1202
648 1509
648 1573
648 1829
648 2058
649 2067
650 903
650 938
650 1642
650 1781
650 2173
650 2186
651 2142
652 1657
652 1971
653 1131
653 1329
653 1522
653 1572
653 1782
653 2236
653 2582
654 1870
654 2175
655 869
655 961
655 1064
655 1341
655 1809
655 2464
656 810
656 1416
657 885
657 2366
658 734
658 943
658 983
659 1894
660 1367
660 1409
660 1773
661 1405
661 1609
661 1686
662 1058
663 676
663 885
663 1058
664 2178
664 2301
665 1630
665 1741
666 707
666 1685
667 1324
667 1348
667 1667
668 702
668 1937
669 894
669 1500
669 1889
670 1053
670 2450
671 728
671 851
671 1020
671 1438
671 1966
671 2332
671 2518
672 936
672 1349
672 2295
673 863
673 2458
674 1234
674 1319
675 2125
675 2600
676 1163
676 1249
676 1481
676 1536
676 1900
677 1719
677 1764
677 1857
677 2007
677 2044
677 2258
677 2407
678 928
678 1219
678 1408
678 1411
678 1430
678 1504
678 1611
678 1672
679 690
679 836
679 1040
679 1095
679 1781
679 1961
680 891
680 1751
680 1854
680 2024
680 2088
680 2445
681 1828
681 2614
682 1179
682 1421
683 689
683 1373
683 1468
683 2401
683 2515
684 1657
684 1892
684 2128
685 1293
685 1593
686 1998
686 2302
686 2382
687 941
687 1410
687 1470
688 1523
688 1534
688 1939
689 1028
689 2162
690 2107
692 723
692 1608
693 1116
693 1301
693 1682
694 803
694 1122
694 2291
695 961
695 1394
695 1665
695 2033
695 2453
695 2515
695 2559
696 867
696 1945
696 2613
697 1459
697 2553
698 1020
698 1021
698 1086
698 1848
698 1858
698 1955
698 2602
699 1832
699 2002
700 890
700 1210
700 1918
701 758
701 968
701 2183
701 2431
701 2497
702 1055
702 1232
702 1368
702 1865
702 2046
703 2304
703 2437
704 1012
704 2392
705 1290
705 1681
706 1524
706 1854
706 2141
706 2499
706 2585
707 985
707 1011
707 2230
707 2276
707 2318
707 2406
708 845
708 920
708 1194
708 1499
708 1594
708 2143
708 2524
709 1255
709 1410
709 1959
710 1507
711 1386
711 2185
712 1579
712 2265
713 1028
713 1378
714 1393
714 1498
715 954
715 1122
715 1514
716 897
716 1011
716 1955
716 2262
716 2407
717 1168
717 2331
717 2361
718 1135
718 1409
719 1943
720 1014
720 2051
720 2066
721 917
721 1447
722 1252
722 1342
722 1485
722 1881
722 1953
722 2324
722 2398
723 1052
723 1215
723 1603
723 1731
723 2100
724 748
724 812
724 1203
724 1340
724 2496
725 1951
725 2553
726 1381
726 2080
726 2381
727 1200
727 1933
727 2551
728 1514
729 1685
730 1305
730 1401
730 1534
731 1139
731 1191
731 1517
731 1621
731 1818
731 1953
731 2220
732 763
732 1194
732 1638
732 1706
732 2033
732 2110
733 739
733 1144
733 1633
733 2445
733 2530
734 802
734 1913
734 2243
734 2430
735 2253
735 2279
736 1260
736 1288
736 1515
736 1601
736 1671
736 1905
736 2337
737 933
737 1624
737 1794
738 889
738 2241
738 2422
739 948
739 1057
740 744
740 1366
740 1626
740 1712
740 2059
740 2222
740 2595
741 1280
741 1447
742 907
742 1313
742 2265
743 1222
743 1412
743 1689
743 2301
744 1277
744 2027
745 848
745 849
745 1424
745 1639
745 1926
745 2099
745 2110
746 1277
746 1735
747 842
747 1102
747 1188
747 1191
747 1429
747 1752
747 1864
747 2246
748 764
748 1609
749 1063
750 921
751 1581
752 1452
752 1741
753 1377
753 1828
753 1960
754 1042
755 1883
755 2567
756 959
756 1917
756 2454
757 999
757 1409
757 2212
758 1383
758 1925
759 829
759 1253
759 1987
760 1100
760 1103
761 1821
761 1959
761 2255
762 1486
762 1672
762 1786
762 2024
762 2071
762 2236
762 2623
763 1374
764 840
764 1043
764 1406
764 1738
764 1739
764 1840
764 2536
765 982
765 1325
765 1342
765 1429
765 1660
765 2130
765 2261
766 1063
767 936
767 2410
768 904
768 1052
768 1108
768 1387
768 1583
768 1842
769 1038
769 1151
769 2349
770 945
770 1045
770 1221
770 2037
770 2194
770 2230
770 2453
771 2080
771 2327
772 775
772 887
772 916
772 923
772 1071
772 2089
772 2230
773 1294
773 1599
773 1844
774 1105
774 2490
775 1917
775 2210
776 1119
776 1568
776 2244
777 1149
777 1476
777 1560
777 1600
777 1767
777 2421
777 2546
778 1042
778 1803
778 2192
779 797
779 947
779 1907
779 2016
779 2358
779 2522
779 2555
780 1265
780 2328
781 845
781 967
781 1259
781 1661
781 2032
782 1015
782 1212
782 1412
782 1643
782 2326
782 2416
783 867
783 1388
783 2325
784 1565
784 1770
784 2386
784 2432
784 2475
785 1681
785 1937
786 1978
786 2373
786 2511
787 1092
787 1995
787 2207
788 1134
788 1498
789 1991
789 2147
790 791
790 1568
790 2139
791 928
791 1724
791 1736
791 2109
791 2363
791 2423
791 2620
792 907
792 1862
793 1208
793 1608
794 844
794 1270
794 1706
794 1815
794 2457
794 2479
795 1952
795 2150
795 2199
796 1945
796 2448
797 1042
797 2402
798 1218
798 1624
799 1717
799 2417
799 2437
800 1186
800 1231
800 1317
800 1540
800 2017
800 2615
801 1925
801 2148
802 1850
803 1205
803 2019
803 2074
803 2151
803 2174
803 2332
804 966
804 1511
804 1562
804 1640
804 1790
804 1938
804 2146
805 919
805 1749
805 1759
805 1783
805 1885
805 2024
806 2241
807 1676
807 2267
808 1210
808 1488
808 1952
809 1978
809 2045
809 2267
810 1084
810 1361
810 1516
810 1670
810 1838
810 2097
810 2633
811 1199
811 1816
811 2217
812 1297
812 1314
813 1220
813 1924
813 2289
813 2556
814 1057
814 2163
814 2210
815 854
815 906
815 1428
815 1732
815 1742
815 2506
816 1944
816 2212
816 2414
817 819
817 1371
817 1653
817 1728
817 2013
817 2073
818 2410
818 2434
819 1179
819 1254
820 871
820 975
821 1155
821 1523
822 1056
822 1206
822 1391
822 1577
822 2576
823 890
823 1519
824 1370
824 1611
824 2605
825 1330
825 1360
825 1750
826 1118
826 1684
827 850
827 1305
828 882
828 1103
828 2217
829 840
829 1124
829 2008
829 2400
830 935
830 990
830 1219
830 1259
830 1982
831 950
831 1754
831 2005
831 2371
832 1452
832 1624
832 2254
833 2162
833 2297
833 2491
834 1715
834 2341
834 2551
835 879
835 1029
835 1031
835 1085
835 1808
835 1851
835 1919
836 1774
837 1061
837 1185
837 1593
838 959
838 1436
839 1160
839 2229
840 1556
841 2360
841 2361
842 1008
842 2020
843 1658
844 1122
844 1825
846 966
846 1083
846 1178
846 1391
846 1694
846 2205
847 1363
847 1409
847 2190
848 1283
850 990
850 1441
850 1724
850 1737
850 1760
850 2071
851 1855
852 1294
852 2241
853 1038
853 1123
853 2298
855 1998
856 1133
856 1157
856 1506
856 1846
856 2146
856 2339
857 897
857 1129
857 1829
857 2023
857 2209
857 2324
858 1290
858 1293
858 2419
859 1324
859 1615
859 2253
860 1136
860 2047
860 2093
861 1489
861 2390
861 2553
862 976
862 1035
862 1068
862 1285
862 2314
863 1088
863 1351
863 1625
863 1942
863 2026
864 2274
864 2335
865 1613
865 2263
866 1247
866 1675
866 2194
866 2296
866 2560
867 1513
867 1529
868 1294
868 1710
869 1253
869 2422
870 1155
871 1326
871 1335
871 1336
871 1521
871 1641
871 2447
872 1622
872 2221
873 1599
873 2420
874 1863
874 1951
875 1018
875 1608
875 2139
876 1496
876 1947
876 2332
877 1353
877 1893
877 2444
878 1218
878 1741
879 1165
879 1369
880 911
880 940
881 1183
881 1423
881 1479
881 2326
881 2508
882 1315
882 1772
882 2114
882 2233
882 2435
882 2529
883 1377
883 1797
883 2438
884 951
884 1458
884 1540
884 1575
884 1876
884 2104
884 2322
885 1026
885 1847
886 992
886 1172
886 1249
886 1281
886 2009
886 2152
886 2232
887 1255
887 2361
888 2390
889 956
889 1070
889 1147
889 1778
889 1958
890 1033
890 1312
890 1562
890 2455
890 2484
891 1054
892 1718
892 2381
892 2622
893 1498
893 1794
893 2020
894 1146
894 1202
894 1485
894 2065
894 2238
895 1008
895 1436
895 1465
896 1004
896 1133
896 2120
896 2334
897 1181
898 2001
898 2034
899 1376
899 2330
900 1230
900 1871
900 1967
900 2169
900 2453
900 2504
900 2564
901 1682
901 2051
902 1512
902 2043
903 2300
903 2328
904 1018
904 2244
905 1236
905 1590
905 1969
905 2003
905 2121
905 2334
906 1917
907 1310
907 1508
907 1898
907 2313
907 2429
908 1148
908 1370
908 1865
908 2471
909 1844
909 1991
910 1050
910 1959
911 2140
911 2239
911 2436
911 2493
911 2531
912 1530
912 1947
912 1979
912 2104
912 2292
913 1991
913 2199
913 2368
914 2020
915 1622
915 1914
915 2189
916 943
916 2577
917 1044
917 1784
917 1852
917 1878
917 2129
917 2534
918 977
918 1272
918 2257
918 2493
918 2564
919 1057
919 2265
920 1814
920 2167
921 1175
921 1749
921 1806
921 2503
922 1908
923 1821
924 1718
924 1830
925 2498
925 2537
926 1624
926 2298
927 1136
927 2050
928 2622
929 1283
929 2463
930 1484
930 1575
930 1636
930 2087
930 2134
930 2257
930 2629
931 1816
931 2509
931 2603
932 1452
932 1679
932 2034
933 1302
933 1402
933 1584
933 1696
933 2198
934 1369
934 1588
935 1313
935 1388
936 1130
936 1292
936 1552
936 1722
936 2386
937 1153
937 1971
938 1681
939 1017
939 1811
940 969
940 1272
940 1607
940 2492
941 1113
941 1167
941 1241
941 2073
941 2206
942 1726
942 2451
943 1300
943 1502
943 1851
943 2364
943 2481
944 997
945 979
945 1779
946 1193
946 1985
946 2402
947 1470
948 968
948 1466
948 2248
949 1621
949 2130
949 2283
949 2312
949 2539
949 2639
950 1208
950 2440
951 1821
951 2590
952 1353
952 1519
953 1568
953 2096
954 1233
954 2074
954 2238
954 2396
954 2604
955 1018
955 1710
955 2420
956 1820
956 1956
957 1212
957 1295
957 1407
957 1953
957 1997
957 2261
957 2266
957 2532
958 1933
958 2341
959 1432
959 1712
959 1799
959 2040
959 2377
960 1756
960 1780
960 1985
961 1777
962 1092
962 2351
963 1301
963 2630
964 1693
965 1816
965 1937
967 1587
967 2491
968 2458
969 1143
969 2630
970 1832
970 1862
971 1322
971 1673
972 1037
972 1950
973 1280
973 1393
974 1399
974 1818
974 1972
974 2083
974 2395
974 2570
975 1485
975 1864
975 2023
975 2228
975 2539
976 2211
976 2603
977 1779
978 1400
978 2325
978 2540
979 1005
979 1341
979 1468
979 2118
979 2169
980 1393
980 1615
981 1568
981 2185
981 2434
982 2045
983 1228
983 1546
983 1768
983 2505
983 2520
984 1637
984 2402
985 1322
986 1589
986 1991
986 2366
987 1314
987 1921
988 1066
988 1139
988 1411
988 1660
988 2294
989 1111
989 1359
989 1786
989 2141
989 2530
990 2000
991 1115
991 1480
991 1632
991 1826
991 2164
991 2249
992 2424
993 1150
993 1695
993 2150
994 1828
994 2021
994 2433
995 2443
996 2162
996 2316
996 2509
997 1323
997 1478
997 1553
997 2482
997 2559
998 1143
998 1333
999 1306
999 1449
999 1798
1000 1777
1000 2207
1001 1523
1001 2241
1002 1290
1002 2568
1003 1169
1004 1181
1005 1378
1005 1647
1006 1347
1006 2253
1006 2382
1007 1037
1007 1616
1007 1863
1008 1291
1008 1422
1008 2546
1008 2639
1009 1821
1009 1855
1010 1243
1010 2592
1011 2443
1012 1080
1012 1627
1012 1643
1012 2237
1012 2470
1013 1944
1013 2413
1014 1226
1014 1352
1014 2017
1014 2087
1014 2580
1015 2549
1016 1081
1016 1423
1016 1627
1016 2596
1017 1112
1017 1385
1017 1448
1017 2039
1017 2260
1018 1077
1018 1493
1018 1641
1019 1421
1019 2090
1019 2638
1020 1914
1022 1424
1022 1483
1022 2074
1022 2281
1022 2542
1023 1063
1023 1985
1024 2448
1025 1357
1026 2147
1026 2274
1027 1134
1027 1820
1027 2125
1028 1194
1028 1653
1028 1666
1028 2333
1028 2370
1028 2482
1029 1369
1029 2375
1030 1103
1030 1825
1031 1976
1031 2067
1032 1189
1032 1580
1032 2636
1033 1945
1033 2027
1034 1388
1034 1400
1035 1596
1036 1943
1037 1108
1037 1391
1037 1733
1037 2428
1037 2452
1038 1250
1038 1437
1038 1610
1038 1638
1038 1678
1039 1057
1039 1685
1039 1862
1040 1916
1041 1531
1042 1932
1042 2625
1043 1367
1043 2057
1044 2175
1044 2433
1045 2078
1046 1060
1046 1089
1046 1262
1046 1427
1046 1502
1046 1551
1046 1930
1047 1204
1047 1271
1047 1281
1047 2060
1048 1123
1048 1964
1049 1065
1049 2052
1049 2086
1049 2179
1049 2470
1049 2588
1050 1302
1050 1874
1050 2037
1050 2131
1050 2186
1051 2297
1052 1403
1053 1323
1053 1708
1053 2401
1053 2633
1054 1102
1054 1694
1054 1822
1054 2283
1054 2599
1055 1199
1055 1825
1056 1357
1056 1893
1057 1354
1057 1683
1057 1904
1057 2475
1058 1720
1058 2084
1058 2132
1058 2561
1058 2583
1059 2075
1059 2190
1060 2139
1061 1107
1061 1453
1061 1623
1061 2195
1061 2570
1061 2572
1062 1116
1062 1264
1063 1261
1063 1745
1063 2504
1063 2623
1064 1702
1064 1995
1065 2279
1067 1465
1067 1811
1067 2321
1068 1386
1068 2424
1069 1657
1070 1593
1071 1956
1071 1976
1072 1803
1073 1211
1073 2442
1073 2458
1074 1828
1074 1873
1074 1889
1075 1119
1075 2139
1076 1122
1076 1347
1076 2142
1077 2163
1077 2550
1078 1152
1078 1451
1078 1748
1078 2271
1078 2333
1079 1597
1079 2263
1080 2381
1081 1360
1081 1523
1082 1211
1082 1773
1082 2101
1083 1951
1084 1673
1085 1386
1085 1545
1086 1568
1087 1892
1087 2062
1087 2410
1088 1914
1089 1976
1089 2622
1090 1363
1090 1944
1091 1254
1091 1445
1091 2451
1092 1279
1092 1542
1092 1699
1092 1840
1092 2144
1092 2606
1093 2368
1093 2590
1094 1588
1095 1290
1096 1151
1096 1803
1097 2182
1098 1121
1098 1182
1098 1320
1098 1923
1098 2385
1099 1246
1099 1713
1099 2446
1099 2536
1100 1340
1100 1547
1100 1713
1100 1895
1101 1208
1101 1495
1101 2264
1102 1591
1103 1775
1103 1972
1103 2155
1103 2421
1104 1318
1104 1436
1104 2002
1105 1217
1105 1220
1105 1537
1105 1674
1105 1792
1105 1804
1106 2434
1107 1512
1108 1581
1109 1405
1110 2267
1111 1224
1112 2368
1112 2537
1113 1283
1114 1369
1114 2577
1114 2632
1115 1189
1115 1945
1116 1152
1116 1375
1116 1913
1116 2012
1117 1952
1117 2366
1118 1451
1118 1835
1118 1856
1118 1901
1118 2627
1119 1244
1119 1430
1119 1664
1119 1760
1119 2158
1120 1207
1120 1769
1121 1181
1122 1245
1122 1639
1122 1940
1123 1138
1123 1292
1123 1929
1123 2081
1123 2476
1124 1199
1125 1296
1126 1452
1126 2298
1126 2478
1127 1153
1127 2419
1127 2466
1128 1797
1128 2614
1129 2291
1130 1597
1130 1971
1132 1700
1132 2125
1133 2027
1134 1776
1134 2455
1135 1244
1135 1725
1135 2003
1135 2109
1135 2164
1135 2502
1136 1191
1136 1434
1136 1888
1136 2130
1136 2319
1136 2421
1137 1383
1138 1700
1138 2254
1139 2045
1140 1405
1140 2288
1141 2360
1142 1314
1142 1348
1143 1417
1143 1570
1143 1940
1143 2333
1144 2210
1145 2366
1145 2590
1146 2566
1147 1599
1148 1487
1148 1489
1150 1282
1150 1414
1150 1420
1150 2181
1150 2512
1151 1543
1151 1880
1151 2145
1151 2520
1153 1510
1153 1632
1153 1690
1153 2121
1154 1312
1154 1652
1154 1703
1154 1846
1154 1946
1154 2275
1154 2584
1155 2367
1155 2501
1155 2522
1155 2573
1156 1317
1156 1558
1156 1763
1156 1992
1156 2055
1157 1210
1158 2328
1159 1234
1160 1172
1160 1546
1160 1555
1160 1619
1160 2084
1160 2576
1161 1294
1161 1807
1162 1253
1162 1379
1163 1710
1164 1165
1164 2210
1165 1654
1165 2240
1166 1581
1166 1608
1166 1765
1167 2255
1167 2360
1168 1389
1168 1988
1168 2085
1168 2157
1169 1525
1169 1801
1169 2111
1169 2486
1169 2510
1170 1436
1170 1928
1171 2045
1171 2274
1172 1975
1173 1937
1173 2221
1174 1264
1174 1301
1174 1850
1175 1520
1175 1579
1176 1571
1176 2210
1177 1401
1177 1773
1177 1944
1178 1616
1178 1765
1179 1996
1179 2208
1179 2388
1180 1403
1180 1814
1180 1980
1181 2388
1181 2408
1181 2589
1182 2080
1182 2613
1183 2417
1184 1693
1184 2020
1185 1677
1185 1678
1185 2285
1185 2345
1185 2465
1185 2544
1186 2288
1186 2341
1187 1447
1187 1520
1187 2125
1188 1500
1188 1950
1189 2098
1189 2334
1189 2370
1189 2486
1190 1294
1190 1956
1192 1911
1192 2316
1192 2392
1193 1486
1193 1795
1193 1915
1193 1967
1193 2069
1193 2569
1195 1935
1195 1956
1195 2632
1196 1715
1196 2330
1197 1702
1197 1870
1197 2190
1198 1381
1199 1618
1199 2287
1199 2471
1199 2562
1199 2581
1200 1231
1200 1317
1200 1384
1200 1791
1200 2134
1200 2187
1200 2257
1201 1378
1201 1700
1202 2000
1203 1379
1203 1679
1204 1581
1204 2295
1205 1465
1206 2567
1207 1338
1207 1625
1207 1965
1207 2079
1207 2214
1207 2245
1208 1582
1209 1721
1209 1939
1209 2349
1210 1614
1210 2346
1210 2426
1211 1753
1211 2168
1211 2494
1213 1381
1213 1844
1213 2635
1214 1733
1214 1759
1214 1864
1214 1920
1214 2312
1215 1495
1215 2096
1216 1597
1217 1647
1218 2135
1218 2178
1220 1350
1223 2251
1224 1513
1224 2077
1224 2088
1224 2354
1224 2425
1225 1296
1225 2191
1225 2442
1226 1862
1226 2636
1227 1995
1227 2148
1227 2199
1228 2263
1229 2381
1229 2437
1232 1624
1232 2221
1233 1268
1233 2459
1234 1748
1234 1856
1234 2059
1234 2208
1234 2293
1234 2621
1235 2075
1235 2182
1235 2490
1236 2063
1236 2575
1237 1330
1237 1531
1237 1616
1238 1863
1238 2229
1239 1657
1239 1964
1239 2419
1240 1726
1241 1908
1241 2463
1242 1624
1242 2128
1243 1334
1243 1526
1243 1634
1243 1838
1243 1857
1243 1897
1245 1277
1245 2279
1246 1379
1246 2001
1247 1685
1247 2096
1248 1400
1248 1599
1248 2417
1249 2413
1250 2587
1251 1350
1251 2498
1251 2632
1252 1828
1253 1334
1253 2069
1253 2411
1253 2504
1254 1578
1254 2627
1255 1458
1255 2338
1255 2387
1255 2584
1256 1580
1256 2062
1256 2124
1257 2207
1257 2212
1258 2142
1258 2382
1260 1928
1261 1779
1261 2592
1262 1807
1262 2635
1263 1487
1263 1908
1264 1654
1264 2243
1264 2268
1264 2521
1264 2596
1265 1312
1265 1435
1265 1506
1265 2053
1265 2122
1265 2380
1265 2555
1266 1587
1266 2316
1268 1554
1268 2106
1268 2165
1268 2307
1268 2406
1269 2419
1270 2509
1271 1727
1271 1975
1272 2004
1273 1770
1274 2117
1275 1500
1275 1939
1275 2212
1276 2437
1276 2566
1277 1426
1277 2095
1277 2281
1278 1357
1278 1580
1279 1756
1279 1906
1280 1636
1280 1668
1280 1698
1280 2017
1280 2086
1280 2558
1281 2300
1282 1297
1282 1488
1283 1493
1283 1567
1283 1815
1283 2447
1284 2162
1286 1443
1286 2154
1286 2244
1287 1369
1287 1404
1287 1943
1288 2167
1290 1819
1290 2131
1290 2305
1291 2632
1291 2635
1292 1727
1293 2173
1293 2180
1293 2256
1294 1989
1294 2416
1294 2485
1295 1383
1296 1785
1296 1983
1297 2042
1297 2272
1297 2385
1297 2469
1298 1300
1298 1680
1298 1909
1298 2637
1299 1420
1299 1569
1299 1931
1299 2213
1299 2446
1299 2507
1300 2622
1301 2364
1301 2384
1301 2505
1301 2611
1302 2066
1303 1597
1303 2063
1304 1353
1304 2133
1305 1411
1305 1691
1305 2399
1306 1944
1307 1349
1307 1700
1307 2298
1308 1443
1308 1757
1308 2139
1309 1654
1309 1669
1309 1901
1309 2250
1309 2602
1309 2609
1310 1995
1311 1451
1311 1528
1311 1929
1311 1977
1311 2380
1311 2391
1313 1482
1313 1723
1313 1782
1314 1438
1314 1516
1314 1981
1314 2446
1315 2107
1315 2142
1316 1693
1316 2511
1318 1538
1318 1981
1318 2048
1318 2311
1318 2545
1318 2563
1318 2616
1319 1446
1319 1606
1319 2271
1319 2412
1320 1520
1320 1679
1321 1814
1321 2454
1322 1665
1322 2089
1322 2169
1322 2296
1323 1850
1324 1392
1324 1822
1324 2205
1324 2222
1325 2148
1325 2298
1326 1825
1326 1894
1327 2150
1327 2590
1328 2066
1329 1873
1330 1577
1330 1802
1330 2041
1330 2091
1330 2113
1331 1429
1331 1621
1331 1775
1331 1843
1332 2004
1332 2051
1332 2540
1333 1607
1333 1974
1333 2430
1333 2486
1334 1960
1335 2217
1335 2378
1336 1500
1336 1531
1337 1439
1337 1551
1337 1899
1337 2637
1339 2025
1339 2459
1341 2047
1343 1376
1343 1591
1344 2304
1344 2438
1344 2458
1345 1726
1345 1906
1346 1921
1346 1964
1346 2349
1347 1456
1347 1607
1347 1666
1347 2108
1348 1576
1348 1670
1348 2223
1348 2246
1348 2283
1348 2595
1349 1610
1349 2350
1349 2391
1350 1851
1350 1861
1350 2014
1350 2308
1352 1832
1352 2265
1353 2284
1353 2555
1354 1597
1355 1440
1355 1568
1355 2182
1356 1991
1356 2150
1357 1471
1357 2009
1357 2132
1357 2286
1358 1998
1358 2162
1359 1866
1359 2163
1360 1651
1360 1697
1360 1831
1360 1875
1360 2228
1360 2379
1361 2253
1362 1460
1362 1496
1362 1683
1362 1973
1362 2038
1362 2406
1362 2560
1362 2598
1363 1590
1363 2092
1363 2158
1363 2423
1364 2128
1365 1711
1365 1744
1365 1890
1365 2218
1365 2248
1365 2572
1366 1684
1367 1664
1367 1736
1367 2105
1367 2468
1368 2189
1368 2478
1369 1730
1370 1750
1371 2373
1371 2451
1372 2414
1373 1850
1374 1417
1374 2524
1375 2390
1376 1670
1376 1732
1376 2048
1376 2518
1377 1526
1377 1712
1377 1931
1378 1394
1378 1437
1378 2457
1378 2524
1379 1931
1379 1992
1379 2008
1379 2469
1380 1756
1380 2360
1381 1549
1381 1838
1381 2076
1382 1709
1382 2175
1383 1586
1383 1688
1383 1902
1383 2240
1383 2572
1384 1715
1385 2150
1386 1847
1386 2562
1387 1765
1387 1975
1388 1736
1388 2239
1388 2548
1388 2624
1389 2124
1390 1579
1390 1911
1390 1928
1392 1950
1393 1954
1393 2237
1393 2526
1393 2529
1395 1591
1395 1667
1396 2192
1396 2636
1397 1702
1397 2270
1398 2138
1399 1679
1399 2050
1400 2028
1400 2425
1400 2499
1401 1406
1401 1433
1401 1595
1401 2620
1402 1693
1402 2478
1403 1984
1403 2068
1403 2121
1403 2186
1403 2249
1403 2305
1404 1585
1404 1730
1404 1861
1404 2427
1405 1763
1405 2100
1405 2104
1405 2315
1406 2211
1407 2549
1408 2138
1409 1595
1409 1968
1410 1839
1410 2053
1410 2303
1410 2362
1410 2531
1412 1489
1413 2298
1413 2586
1414 1477
1414 1681
1416 1659
1416 2203
1416 2293
1416 2353
1418 2096
1419 1709
1419 1971
1420 2093
1421 1629
1421 2280
1422 1811
1422 2025
1423 1477
1424 1825
1425 1431
1425 1444
1425 2026
1425 2168
1425 2248
1425 2431
1426 1667
1427 1918
1427 2244
1428 1436
1428 2192
1430 2080
1431 1589
1431 2177
1432 2368
1433 2057
1433 2351
1434 1844
1435 1758
1435 2420
1436 1448
1436 1806
1437 2491
1438 2330
1439 1883
1440 1742
1440 1753
1440 1858
1440 2311
1441 1658
1442 1893
1442 2025
1443 1633
1443 1872
1443 1947
1443 2077
1443 2585
1444 1512
1444 2438
1445 1518
1445 2202
1445 2206
1445 2370
1446 1622
1446 2090
1447 2345
1447 2619
1449 1741
1450 1693
1450 2277
1452 1598
1452 1983
1452 2018
1453 2148
1454 1686
1454 2043
1454 2304
1455 1487
1455 2603
1457 2138
1457 2509
1458 1805
1459 1524
1459 2354
1460 2096
1461 1589
1461 2375
1462 1731
1462 1970
1462 2053
1462 2538
1462 2609
1463 1873
1463 1894
1463 2316
1464 1729
1464 2325
1465 1877
1466 1917
1467 1805
1467 2368
1468 2327
1470 1706
1470 2317
1471 1975
1471 2295
1473 2070
1473 2139
1473 2154
1474 1883
1474 2025
1474 2147
1475 2498
1476 1647
1477 1961
1477 2500
1478 2101
1478 2392
1479 1534
1479 2440
1480 2575
1481 2107
1482 1830
1482 2414
1483 2177
1483 2279
1484 2057
1484 2264
1487 1493
1487 1869
1487 2224
1488 1640
1488 2213
1488 2319
1488 2617
1489 1521
1489 2374
1490 2062
1491 1658
1491 2004
1491 2255
1492 2267
1494 1794
1494 2444
1495 1755
1495 1887
1495 2122
1495 2322
1495 2602
1497 2325
1497 2549
1498 2608
1500 1831
1500 2224
1500 2312
1500 2324
1502 2080
1503 1805
1503 2147
1504 2000
1505 1702
1507 2398
1509 2212
1509 2437
1510 1964
1510 2568
1511 2511
1512 1518
1512 1728
1512 2064
1512 2456
1512 2597
1514 1823
1514 2519
1514 2542
1514 2604
1515 2267
1515 2402
1516 1591
1517 1735
1518 1615
1519 1528
1519 1846
1519 1868
1519 2016
1519 2538
1520 1561
1520 1994
1520 2369
1520 2465
1521 2603
1522 2265
1523 1936
1523 2031
1523 2127
1525 1889
1525 2133
1527 1832
1527 2192
1528 1758
1529 1599
1529 2381
1530 1729
1531 1852
1531 2103
1532 2448
1532 2451
1533 2051
1533 2450
1533 2549
1534 2379
1534 2521
1534 2574
1535 1608
1535 2244
1536 1908
1537 1937
1537 2373
1538 1811
1538 2192
1539 1686
1539 2251
1540 2057
1541 2207
1543 1700
1543 2587
1544 1682
1544 2441
1544 2549
1545 1629
1545 1835
1545 2357
1545 2427
1547 2050
1548 1650
1548 1787
1548 2044
1548 2488
1548 2497
1549 1797
1550 1613
1550 1814
1550 2410
1552 2124
1553 1556
1554 1917
1554 2355
1555 2263
1556 2176
1556 2369
1556 2508
1557 1987
1557 2154
1557 2288
1558 2190
1559 2128
1560 2613
1561 2001
1563 2474
1563 2636
1564 1873
1564 2378
1565 2063
1566 1928
1566 2566
1568 2569
1569 1894
1570 2382
1571 1799
1571 2039
1571 2106
1571 2506
1571 2563
1572 2185
1572 2433
1573 2043
1575 2211
1578 1937
1578 2498
1579 1786
1579 1904
1579 1920
1580 1646
1580 1725
1581 1907
1581 2084
1581 2232
1581 2286
1582 2263
1583 2139
1584 2199
1584 2632
1585 1935
1585 2375
1587 1701
1587 2184
1587 2482
1587 2593
1588 1604
1588 1628
1588 1698
1588 2129
1588 2465
1588 2523
1589 1696
1589 2215
1589 2294
1590 1613
1591 2222
1592 2335
1593 2031
1593 2485
1593 2626
1594 2063
1594 2297
1595 1630
1596 1705
1596 1808
1596 1963
1596 2287
1596 2427
1596 2580
1597 1689
1597 1837
1598 2117
1598 2212
1600 2327
1601 1906
1602 1908
1602 2438
1603 1695
1603 2433
1604 1911
1604 2125
1605 2142
1605 2316
1606 2090
1606 2373
1608 1675
1608 1984
1608 2452
1609 1692
1609 2073
1610 2254
1612 1995
1612 2117
1613 1799
1613 2164
1613 2260
1613 2634
1614 1991
1614 2093
1615 2013
1615 2052
1615 2281
1616 1619
1616 1884
1617 1998
1617 2142
1618 2057
1618 2603
1619 2567
1620 2107
1620 2191
1620 2201
1622 1887
1622 2268
1623 1960
1623 2304
1624 2116
1626 2177
1627 2440
1628 1709
1630 1650
1630 2105
1630 2294
1631 1774
1633 2442
1634 1718
1635 1700
1635 2349
1637 1671
1637 1687
1637 1902
1637 2159
1637 2307
1637 2347
1637 2480
1639 2217
1640 1991
1641 1908
1643 2417
1644 2216
1645 1820
1645 2057
1646 1832
1646 2474
1647 1655
1647 2033
1647 2187
1647 2383
1647 2462
1648 2138
1648 2170
1649 1757
1649 2297
1649 2414
1651 1758
1651 2216
1652 1821
1652 1859
1653 2474
1655 1866
1655 2341
1656 1692
1656 1876
1656 2200
1656 2409
1657 1969
1657 2249
1658 1672
1658 2166
1658 2517
1658 2531
1658 2571
1659 1684
1660 1735
1661 2162
1662 2148
1663 2586
1664 2540
1665 1779
1667 1800
1667 2621
1668 1971
1668 2175
1669 1914
1669 2221
1673 1708
1673 1826
1673 2037
1673 2102
1674 2537
1675 2029
1676 1711
1676 2159
1676 2532
1676 2628
1677 1700
1679 1785
1680 1976
1680 2080
1681 2278
1681 2352
1682 2196
1683 2265
1684 2412
1685 1948
1685 2165
1685 2226
1686 2041
1686 2200
1686 2439
1686 2456
1687 2422
1688 2267
1690 2128
1691 1750
1691 2603
1693 2116
1693 2342
1695 1881
1695 2171
1695 2269
1696 1943
1697 1721
1697 2587
1698 2551
1699 2192
1701 2509
1702 1849
1702 2079
1702 2514
1703 1715
1703 1921
1704 1962
1704 2516
1707 1801
1707 1876
1707 2315
1709 1954
1709 2087
1709 2179
1710 1977
1710 2028
1711 1925
1713 1978
1714 2444
1715 1941
1715 2196
1715 2308
1716 2002
1716 2636
1717 1796
1717 1954
1717 2052
1717 2086
1717 2227
1717 2526
1718 1899
1718 2097
1719 1797
1720 1975
1721 1833
1721 2011
1721 2113
1721 2127
1722 1892
1723 2540
1724 2080
1725 1727
1726 1996
1726 2183
1726 2218
1726 2357
1726 2579
1727 2092
1727 2286
1728 2279
1729 1812
1729 2240
1729 2487
1729 2601
1731 2434
1732 2154
1734 2331
1735 2030
1735 2247
1735 2347
1739 2392
1740 2189
1740 2590
1741 1787
1741 2495
1742 2270
1743 2201
1743 2422
1744 2210
1744 2458
1745 2402
1746 1805
1746 1918
1746 2366
1747 1765
1747 1950
1748 2451
1749 1911
1750 1868
1750 2266
1750 2376
1750 2380
1751 2229
1751 2382
1752 1980
1752 2321
1753 1914
1754 2163
1755 2021
1755 2434
1756 2010
1756 2035
1756 2512
1757 2048
1757 2055
1758 1997
1758 2605
1760 2622
1761 1797
1761 2443
1762 1774
1762 2201
1763 2490
1765 2631
1766 1769
1766 2375
1767 2321
1767 2444
1768 2568
1769 1867
1769 1900
1769 2072
1769 2245
1769 2299
1771 2325
1771 2636
1772 1825
1772 2050
1773 1787
1773 1942
1773 1999
1774 1895
1774 1900
1774 2352
1774 2435
1774 2533
1777 2118
1777 2319
1777 2418
1779 1982
1779 2069
1779 2578
1780 1789
1780 1961
1780 2213
1780 2272
1782 1862
1783 1950
1783 2191
1788 2124
1789 1828
1789 2150
1790 1863
1790 1985
1791 1866
1793 2341
1793 2355
1794 1813
1794 1860
1794 2115
1794 2343
1796 1959
1796 2516
1797 2097
1797 2535
1798 2154
1798 2297
1800 2027
1800 2177
1803 2488
1803 2571
1803 2573
1804 2067
1804 2632
1805 2528
1806 2274
1807 2519
1807 2585
1807 2637
1808 2090
1809 1859
1809 2577
1810 2437
1810 2587
1810 2600
1811 2040
1811 2242
1812 1866
1812 2537
1813 1980
1814 2359
1814 2489
1815 2331
1816 2094
1816 2314
1816 2405
1818 2298
1819 2124
1819 2328
1820 1989
1820 2285
1821 2362
1822 1863
1823 2025
1824 2034
1824 2442
1825 1869
1825 2314
1826 2063
1827 2229
1828 2181
1830 2109
1830 2158
1830 2258
1832 2098
1833 2270
1834 2093
1834 2402
1835 2373
1837 2062
1839 2004
1839 2138
1840 1892
1841 2478
1842 2029
1844 1899
1844 2389
1845 2025
1845 2366
1845 2516
1847 1894
1848 2075
1849 1892
1849 2274
1850 2223
1850 2389
1853 1943
1855 2464
1855 2578
1855 2584
1855 2591
1859 1871
1859 1982
1859 2022
1859 2387
1861 1976
1862 1885
1862 1904
1862 2038
1865 2509
1866 2054
1866 2106
1866 2445
1866 2554
1868 2420
1869 2378
1870 1878
1870 1898
1870 2171
1872 2163
1873 1881
1873 2313
1873 2581
1874 2221
1874 2590
1875 2349
1875 2586
1877 1893
1879 2029
1879 2440
1879 2550
1880 1910
1880 2170
1882 2491
1883 2015
1883 2403
1883 2543
1884 1962
1886 2265
1886 2636
1887 2182
1888 2251
1889 2023
1889 2261
1890 2461
1891 2328
1891 2444
1891 2459
1893 2310
1893 2396
1894 1963
1894 2385
1895 2191
1896 2422
1896 2592
1897 2438
1897 2614
1898 2185
1901 2090
1903 2331
1903 2491
1905 2331
1906 2061
1908 2099
1908 2479
1909 2635
1910 2031
1910 2323
1910 2415
1910 2500
1911 2176
1911 2345
1913 2450
1914 2065
1914 2394
1915 2000
1916 2046
1916 2094
1916 2278
1917 2260
1917 2545
1917 2554
1918 2146
1919 1935
1919 1943
1920 2191
1921 2273
1921 2518
1921 2541
1922 2613
1923 2327
1923 2622
1924 2321
1924 2635
1925 2064
1925 2544
1925 2565
1926 2382
1926 2509
1927 2133
1927 2328
1928 2058
1928 2242
1930 2133
1930 2549
1933 1946
1933 1957
1933 2467
1934 1962
1934 2325
1934 2441
1935 2289
1935 2523
1936 2254
1936 2586
1940 2302
1941 2067
1944 2105
1945 2339
1945 2408
1946 2330
1948 2265
1949 2070
1949 2163
1949 2442
1950 2539
1951 2012
1951 2374
1951 2470
1951 2552
1952 2215
1952 2320
1952 2389
1955 2490
1956 2464
1956 2481
1957 2450
1958 2577
1959 2543
1960 2064
1960 2269
1960 2293
1960 2535
1962 2015
1962 2428
1962 2576
1963 2413
1964 2149
1964 2350
1965 2270
1965 2335
1966 2182
1967 2592
1968 2413
1968 2566
1970 2021
1970 2096
1971 2233
1971 2432
1972 2001
1973 2078
1974 2330
1974 2419
1975 2452
1976 2340
1976 2505
1978 2347
1978 2496
1979 2070
1980 2256
1980 2309
1980 2639
1981 2154
1983 2001
1984 2021
1985 2223
1986 2001
1986 2050
1986 2148
1987 2055
1987 2507
1987 2547
1988 2300
1989 2577
1990 2434
1992 2154
1993 2251
1993 2450
1994 2392
1995 2236
1995 2395
1996 2490
1998 2183
2000 2209
2000 2313
2000 2582
2002 2144
2002 2344
2002 2573
2003 2454
2004 2399
2004 2525
2004 2548
2005 2047
2006 2553
2008 2592
2009 2124
2011 2216
2013 2304
2015 2175
2016 2328
2018 2207
2020 2068
2020 2359
2021 2171
2021 2409
2025 2151
2026 2442
2027 2151
2027 2634
2028 2381
2029 2275
2029 2322
2029 2477
2032 2063
2034 2282
2034 2336
2036 2632
2039 2454
2042 2378
2043 2227
2045 2095
2045 2480
2047 2082
2050 2188
2050 2348
2051 2197
2051 2239
2056 2441
2056 2567
2057 2492
2059 2424
2061 2167
2062 2081
2062 2404
2062 2432
2063 2564
2065 2291
2066 2362
2067 2467
2068 2231
2071 2138
2072 2175
2075 2161
2076 2417
2076 2622
2078 2089
2078 2161
2078 2165
2078 2407
2078 2610
2081 2295
2082 2117
2083 2199
2085 2128
2090 2579
2090 2627
2091 2586
2093 2272
2093 2400
2095 2133
2096 2329
2099 2331
2101 2336
2101 2574
2101 2596
2102 2550
2107 2225
2107 2299
2108 2630
2110 2360
2115 2478
2117 2301
2117 2606
2119 2316
2119 2378
2120 2448
2120 2638
2122 2255
2125 2195
2126 2210
2127 2298
2128 2135
2129 2191
2132 2300
2133 2247
2133 2398
2134 2288
2135 2478
2136 2454
2138 2436
2140 2441
2140 2540
2142 2533
2143 2231
2144 2331
2145 2466
2145 2551
2147 2215
2147 2473
2148 2220
2149 2551
2150 2377
2153 2277
2153 2321
2155 2201
2156 2216
2156 2586
2160 2361
2161 2443
2166 2170
2166 2253
2167 2358
2167 2506
2167 2513
2167 2545
2170 2501
2170 2618
2172 2302
2172 2316
2173 2568
2174 2291
2175 2214
2177 2247
2177 2393
2178 2553
2180 2241
2180 2551
2181 2368
2182 2394
2182 2609
2185 2329
2185 2523
2185 2580
2187 2355
2188 2201
2191 2282
2191 2619
2192 2501
2193 2201
2195 2241
2197 2325
2197 2567
2198 2375
2199 2556
2199 2608
2201 2496
2202 2279
2202 2304
2203 2375
2204 2438
2205 2229
2209 2566
2210 2431
2211 2397
2211 2468
2211 2471
2211 2615
2212 2228
2217 2348
2219 2231
2219 2410
2219 2454
2220 2254
2221 2405
2221 2528
2225 2302
2226 2434
2227 2381
2229 2246
2231 2309
2231 2428
2231 2513
2231 2631
2234 2491
2235 2498
2237 2390
2241 2415
2241 2544
2242 2274
2244 2363
2252 2440
2253 2353
2255 2436
2255 2538
2263 2275
2263 2475
2264 2315
2264 2615
2269 2614
2270 2455
2270 2616
2271 2420
2273 2419
2273 2630
2274 2483
2276 2410
2277 2310
2277 2343
2277 2546
2279 2526
2285 2600
2287 2424
2288 2527
2289 2577
2290 2443
2291 2519
2291 2542
2292 2463
2295 2502
2297 2593
2300 2365
2300 2404
2302 2435
2303 2360
2304 2565
2308 2361
2310 2328
2316 2369
2318 2553
2320 2368
2323 2440
2323 2537
2326 2381
2327 2559
2337 2491
2340 2577
2341 2629
2342 2444
2346 2511
2351 2468
2355 2487
2355 2530
2356 2390
2357 2638
2358 2360
2360 2457
2361 2467
2366 2483
2367 2402
2371 2575
2372 2441
2372 2450
2375 2534
2377 2537
2383 2490
2383 2498
2384 2450
2393 2458
2403 2635
2405 2478
2408 2638
2410 2610
2413 2473
2413 2483
2413 2583
2414 2495
2418 2550
2419 2520
2420 2476
2422 2485
2424 2561
2425 2463
2429 2433
2433 2514
2434 2560
2437 2456
2441 2548
2451 2589
2458 2597
2460 2461
2461 2497
2461 2589
2461 2623
2466 2541
2469 2614
2472 2550
2472 2575
2472 2638
2474 2510
2484 2600
2503 2566
2507 2614
2509 2517
2510 2630
2515 2613
2535 2592
2540 2620
2541 2587
2547 2592
2549 2601
2551 2626
2553 2610
2567 2631
2575 2633
2577 2591
2600 2607
2603 2605
