4048 8832
0 271
0 390
0 649
0 1185
0 1312
0 3668
0 3813
0 4010
1 2533
1 2844
1 3789
2 2463
2 2777
2 4046
3 78
3 1960
3 1969
4 580
4 1669
4 1820
5 789
5 1479
5 1511
5 1853
5 2522
5 2822
5 3383
5 3523
6 423
6 482
6 1493
7 59
7 2459
7 3360
8 65
8 1077
8 1935
9 181
9 206
9 854
9 1177
9 1288
9 1307
9 1336
9 2116
10 119
10 1498
10 2695
11 185
11 666
11 1621
11 2095
11 2535
11 2994
11 3344
11 3596
12 263
12 3392
12 3946
13 595
13 1182
13 1365
14 292
14 1807
14 3647
15 589
15 1586
15 2041
16 897
16 1820
16 1949
17 119
17 2778
17 3139
18 459
18 2257
18 2332
19 282
19 723
19 1017
19 1416
19 2254
19 2302
19 2500
19 2951
20 704
20 2326
20 2870
21 941
21 1589
21 3267
22 506
22 1834
22 3036
23 139
23 473
23 775
23 960
23 1085
23 2435
23 2481
23 2988
24 618
24 2769
24 3731
25 504
25 599
25 1034
25 1554
25 1627
25 2367
25 2752
25 3833
26 646
26 849
26 2377
27 454
27 1086
27 2285
28 117
28 1420
28 1672
29 514
29 826
29 1313
30 379
30 3616
30 3859
31 836
31 2999
31 3079
32 40
32 1815
32 2285
33 1122
33 2761
33 2777
34 752
34 1695
34 2369
35 1167
35 2641
35 3670
36 249
36 914
36 3906
37 2743
37 2778
37 3850
38 190
38 1462
38 2300
39 96
39 1027
39 2747
40 662
40 1155
40 1606
40 2007
40 2643
40 3475
40 3560
41 1210
41 1716
41 3946
42 2048
42 2419
42 3024
43 1448
43 1858
43 2188
44 880
44 1770
44 2458
45 214
45 420
45 2199
46 423
46 2542
46 2768
47 229
47 2490
47 3717
48 2232
48 2375
48 4028
49 632
49 907
49 1976
50 552
50 1240
50 3670
51 236
51 2549
51 2644
52 278
52 1171
52 4034
53 366
53 1249
53 1383
53 1600
53 2472
53 3211
53 3611
53 3662
54 200
54 574
54 3954
55 712
55 805
55 3042
56 263
56 2506
56 3058
57 2443
57 2499
57 2938
58 307
58 2345
58 3800
59 207
59 986
59 1185
59 1894
59 2794
59 2855
59 3155
60 1459
60 1601
60 3148
61 980
61 1050
61 1880
62 381
62 1980
62 2549
63 1551
63 1927
63 2207
64 1078
64 1210
64 1345
65 512
65 1375
65 2109
65 2174
65 2200
65 3129
65 3733
66 676
66 3566
66 3849
67 324
67 1084
67 1372
67 2671
67 3054
67 3136
67 3282
67 4009
68 234
68 1967
68 2419
69 2000
69 3591
69 3674
70 811
70 860
70 1013
71 838
71 1681
71 2443
72 911
72 979
72 3889
73 95
73 2096
73 2901
74 1777
74 2380
74 3375
75 531
75 1126
75 2255
76 771
76 1278
76 3533
77 604
77 1396
77 3648
78 83
78 245
78 1381
78 1751
78 2052
78 2599
78 3141
79 218
79 1334
79 2792
80 887
80 1262
80 2221
81 393
81 563
81 993
81 1315
81 2297
81 2623
81 2952
81 2953
82 998
82 2492
82 2909
83 1617
83 4001
84 852
84 1858
84 2555
85 138
85 1843
85 2490
86 349
86 1253
86 2094
87 594
87 2976
87 3791
88 260
88 1652
88 3961
89 1343
89 1577
89 2736
90 1140
90 3291
90 3889
91 109
91 1499
91 3838
92 526
92 664
92 1505
92 2559
92 3432
92 3492
92 3524
92 3922
93 2184
93 2777
93 3342
94 1248
94 1384
94 1805
95 626
95 1148
95 1244
95 1267
95 1668
95 2306
95 2468
96 472
96 877
96 943
96 1268
96 1688
96 3365
96 3750
97 334
97 943
97 1458
97 2708
97 2757
97 2929
97 3239
97 3294
98 897
98 2277
98 3708
99 305
99 721
99 750
100 1893
100 2903
100 3569
101 359
101 1295
101 1526
101 2690
101 2797
101 2892
101 3178
101 3201
102 617
102 897
102 1711
103 550
103 1721
103 2257
104 650
104 1999
104 2702
105 942
105 3343
105 3774
106 114
106 312
106 736
107 401
107 1218
107 1444
107 1569
107 2765
107 3486
107 3751
107 3940
108 1514
108 1719
108 2181
108 2517
108 2925
108 3161
108 3269
108 3271
109 289
109 851
109 1042
109 1288
109 1510
109 2539
109 2906
110 580
110 754
110 3373
111 1057
111 2667
111 3508
112 1462
112 2065
112 2504
113 701
113 1298
113 1862
113 2060
113 2135
113 2268
113 2752
113 3604
114 1075
114 2239
114 2708
114 2912
114 3370
114 3400
114 3701
115 686
115 1612
115 3807
116 890
116 1675
116 2024
117 154
117 219
117 1014
117 1024
117 1556
117 3546
117 4018
118 1057
118 3773
118 4023
119 570
119 2528
119 2537
119 3328
119 3333
119 3496
120 1411
120 3303
120 3846
121 1278
121 1462
121 2474
122 249
122 1681
122 2284
123 384
123 602
123 820
123 1405
123 1487
123 3056
123 3493
123 3943
124 849
124 2084
124 2506
125 985
125 1165
125 3020
126 942
126 2434
126 3800
127 227
127 1989
127 2635
127 2983
127 3242
127 3641
127 3911
127 3996
128 164
128 2137
128 2360
129 693
129 996
129 1095
129 1336
129 1614
129 1707
129 1720
129 2677
130 326
130 559
130 2870
131 1453
131 1597
131 2198
132 274
132 2620
132 3621
133 1354
133 2272
133 2567
133 2986
133 3526
133 3613
133 3692
133 3976
134 2648
134 3467
134 3786
135 643
135 1907
135 3879
136 761
136 3343
136 3576
137 1727
137 2162
137 2458
138 1891
138 2683
138 2694
138 2969
138 3162
138 3207
138 4031
139 233
139 2199
140 1232
140 3326
140 3807
141 532
141 2448
141 2607
142 1539
142 3498
142 3929
143 648
143 2981
143 3499
144 2433
144 3042
144 3148
145 2063
145 2726
145 3870
146 389
146 2870
146 3648
147 206
147 450
147 693
147 723
147 1273
147 1340
147 3563
147 3716
148 1672
148 3123
148 3677
149 610
149 1893
149 3690
150 1988
150 2955
150 3320
151 1459
151 1532
151 3897
152 815
152 1034
152 1379
152 1390
152 1984
152 2804
152 2982
152 3894
153 956
153 3838
153 3864
154 532
154 1781
155 1908
155 2658
155 3238
156 1058
156 2478
156 3331
157 818
157 1055
157 1686
157 1753
157 2712
157 3541
157 3804
157 4020
158 886
158 1883
158 2573
159 1815
159 2402
159 3016
160 956
160 3597
160 3861
161 503
161 843
161 908
161 1104
161 1598
161 2038
161 3137
161 3290
162 549
162 698
162 1080
162 1685
162 1862
162 2017
162 2461
162 3149
163 686
163 1472
163 2773
164 653
164 818
164 833
164 2025
164 2946
164 3548
164 3654
165 2423
165 3771
165 3953
166 559
166 987
166 2382
167 336
167 488
167 1356
167 1791
167 2772
167 3363
167 3630
167 3641
168 836
168 837
168 2875
169 409
169 1334
169 2726
170 580
170 1904
170 2167
171 453
171 1365
171 3295
172 1494
172 2063
172 2632
173 829
173 2542
173 3202
174 445
174 874
174 1132
174 1507
174 2466
174 2640
174 3080
174 3514
175 254
175 454
175 3915
176 974
176 1278
176 2273
177 468
177 650
177 1004
178 499
178 527
178 781
178 1861
178 2344
178 2916
178 3445
178 3642
179 230
179 964
179 1168
179 1294
179 1668
179 2605
179 3630
179 3673
180 1054
180 3226
180 3231
181 1000
181 2142
182 429
182 573
182 1738
182 2374
182 2595
182 2984
182 3222
182 3839
183 462
183 713
183 1073
184 372
184 3238
184 3474
185 849
185 3744
186 1419
186 3420
186 3684
187 700
187 812
187 1031
187 1254
187 1576
187 1780
187 1995
187 3505
188 473
188 665
188 1031
188 1895
188 1938
188 2178
188 3269
188 3837
189 2277
189 2590
189 4024
190 1052
190 1103
190 1227
190 1788
190 2066
190 2705
190 2998
191 612
191 2252
191 2837
192 279
192 673
192 884
192 1217
192 1579
192 2194
192 2289
192 3391
193 771
193 3082
193 3647
194 1330
194 1546
194 1988
195 454
195 1970
195 3780
196 1675
196 3043
196 3895
197 922
197 2129
197 2492
198 3011
198 3737
198 3961
199 1005
199 1159
199 2007
199 2467
199 2671
199 2948
199 2986
199 3581
200 969
200 1644
200 2567
200 2606
200 2611
200 3098
200 3770
201 554
201 2903
201 3444
202 392
202 512
202 2121
202 2205
202 2565
202 2634
202 2973
202 3584
203 744
203 2259
203 3953
204 404
204 717
204 1318
204 1614
204 2017
204 2840
204 2919
204 3567
205 2839
205 3343
205 3482
206 1980
207 3562
207 3628
208 557
208 1094
208 3530
209 886
209 1680
209 3153
210 1567
210 3616
210 3802
211 811
211 2377
211 3616
212 462
212 1922
212 3731
213 677
213 1529
213 3257
214 419
214 1404
214 1476
214 1869
214 2511
214 3312
214 3957
215 1260
215 1781
215 3133
216 509
216 845
216 991
216 1134
216 1788
216 2126
216 2399
216 2885
217 1260
217 1956
217 3760
218 708
218 951
218 1093
218 1867
218 3215
218 3314
218 3916
219 1972
219 2259
220 834
220 1193
220 2483
220 2685
220 3203
220 3477
220 3646
220 3661
221 957
221 1258
221 2020
222 1362
222 1680
222 3249
223 515
223 2549
223 2904
224 731
224 1140
224 1958
225 1153
225 3539
225 4001
226 362
226 435
226 658
226 993
226 1316
226 1909
226 2689
226 3574
227 1803
227 2063
228 985
228 1348
228 3576
229 599
229 1011
229 1291
229 2233
229 2665
229 2804
229 3971
230 852
230 3722
231 646
231 2422
231 3684
232 775
232 1033
232 1427
232 1608
232 2175
232 2724
232 3038
232 3073
233 663
233 1289
233 1982
233 2365
233 3503
233 3663
233 3973
234 464
234 1693
234 2231
234 2744
234 2832
234 3179
234 3433
235 511
235 1446
235 3017
236 478
236 973
236 1090
236 2220
236 2274
236 3026
236 3051
237 268
237 890
237 2820
238 1674
238 2031
238 2536
238 3385
238 3549
238 3781
238 3863
238 3896
239 1672
239 2607
239 3800
240 1204
240 1935
240 3308
241 1424
241 1489
241 1945
242 1015
242 3446
242 3612
243 553
243 1381
243 1795
243 1836
243 2395
243 3454
243 3818
243 4029
244 764
244 897
244 3373
245 1407
245 2185
246 1313
246 1551
246 3461
247 647
247 3298
247 3313
248 1280
248 1908
248 2529
249 452
249 498
249 1105
249 1106
249 1772
249 2195
250 457
250 1480
250 1534
250 2661
250 3411
250 3456
250 3538
250 4022
251 1493
251 1925
251 3796
252 2008
252 3234
252 4016
253 1396
253 1757
253 2837
254 365
254 913
254 2127
254 2401
254 2497
254 3183
254 3374
255 860
255 1477
255 2658
256 1572
256 1834
256 2458
257 292
257 792
257 3953
258 478
258 1132
258 1138
258 1685
258 1979
258 2787
258 2877
258 2890
259 1999
259 2326
259 2936
260 563
260 661
260 1645
260 1769
260 2764
260 3459
260 3652
261 858
261 2228
261 3441
262 1440
262 2644
262 3885
263 1918
263 2428
263 2470
263 2601
263 3880
263 3987
264 988
264 3016
264 3408
265 1477
265 2447
265 3994
266 957
266 3357
266 3446
267 679
267 687
267 835
267 844
267 1478
267 2409
267 3571
267 3825
268 493
268 652
268 823
268 1294
268 2281
268 3122
268 3921
269 1137
269 1194
269 3133
270 438
270 903
270 954
270 1963
270 2312
270 2642
270 2748
270 3379
271 1760
271 2555
272 2978
272 3858
272 4041
273 1758
273 3118
273 3905
274 330
274 1832
274 2001
274 2105
274 2572
274 2887
274 3734
275 1007
275 2510
275 2792
276 1088
276 1301
276 1580
276 2311
276 2357
276 2657
276 3005
276 3988
277 907
277 2183
277 2326
278 495
278 1585
278 1665
278 2296
278 2571
278 3248
278 3632
279 1436
279 4028
280 501
280 925
280 1350
280 1386
280 2239
280 2612
280 2703
280 2961
281 321
281 651
281 1099
281 1271
281 1543
281 2487
281 2750
281 3558
282 1681
282 3234
283 595
283 758
283 2813
284 746
284 1743
284 2045
284 3002
284 3086
284 3350
284 3464
284 3995
285 1973
285 2085
285 3088
286 1472
286 2479
286 2970
287 427
287 1806
287 2228
288 767
288 1703
288 1760
289 2336
289 3790
290 456
290 844
290 898
290 1445
290 1615
290 3418
290 3437
290 3610
291 1077
291 1094
291 1393
292 573
292 905
292 947
292 1158
292 1959
292 3339
293 653
293 913
293 967
293 1541
293 1850
293 2175
293 2460
293 3984
294 2236
294 3743
294 3919
295 1061
295 2866
295 3906
296 2320
296 3138
296 3320
297 491
297 3469
297 3746
298 440
298 2474
298 3431
299 668
299 918
299 1003
299 1414
299 1737
299 2947
299 3214
299 3220
300 762
300 1669
300 3373
301 410
301 1415
301 2310
301 2570
301 3302
301 3450
301 3712
301 3969
302 1041
302 1831
302 2214
302 2247
302 2327
302 2566
302 3556
302 3594
303 1107
303 1480
303 2271
303 2446
303 2750
303 3065
303 3928
303 4032
304 707
304 829
304 1907
305 466
305 785
305 874
305 949
305 2398
305 2858
305 3097
306 882
306 1813
306 3447
307 487
307 899
307 2799
307 2860
307 3119
307 3236
307 3967
308 624
308 1459
308 1681
309 895
309 1334
309 1601
310 909
310 2046
310 2817
310 3369
310 3396
310 3672
310 3815
310 3990
311 1407
311 1807
311 3539
312 528
312 1774
312 2430
312 2678
312 2984
312 3228
312 3715
313 868
313 1572
313 3859
314 558
314 1597
314 3258
315 803
315 2641
315 3441
316 1200
316 1355
316 1814
317 903
317 1513
317 1526
317 1649
317 1779
317 2086
317 2383
317 3455
318 1258
318 2742
318 3870
319 364
319 795
319 1729
319 2664
319 2989
319 3513
319 3930
319 3975
320 557
320 1773
320 2157
321 2761
321 2932
322 792
322 1972
322 2607
323 390
323 634
323 1223
323 1506
323 1906
323 2790
323 3353
323 3451
324 3644
324 3961
325 1341
325 1572
325 2377
326 1747
326 2107
326 2303
326 3165
326 3302
326 3406
326 3888
327 2777
327 3533
327 3831
328 592
328 1236
328 3777
329 1094
329 1773
329 3375
330 641
330 4028
331 473
331 1690
331 1881
331 2066
331 3008
331 3300
331 3833
331 4008
332 552
332 1501
332 1835
333 579
333 2557
333 3357
334 2004
334 3963
335 831
335 1494
335 1793
336 826
336 1115
337 339
337 550
337 1004
338 773
338 2462
338 2647
339 2656
339 2833
339 3113
339 3178
339 3458
339 3479
339 3544
340 666
340 1035
340 2979
340 3093
340 3290
340 3527
340 3617
340 3977
341 1366
341 2478
341 2679
342 470
342 1440
342 1907
343 560
343 3042
343 3919
344 1678
344 2879
344 3883
345 372
345 2132
345 3024
346 389
346 594
346 2669
347 1527
347 3628
347 3711
348 388
348 548
348 2225
349 779
349 870
349 1868
349 3038
349 3304
349 3532
349 3547
350 1133
350 1986
350 3446
351 371
351 497
351 1225
352 406
352 1551
352 3537
353 377
353 483
353 3580
354 911
354 1958
354 3932
355 2300
355 2813
355 3644
356 1100
356 1714
356 3609
357 914
357 1710
357 3326
358 1066
358 1661
358 1957
358 2561
358 2694
358 2816
358 3186
358 3835
359 790
359 838
360 504
360 1118
360 1464
360 1510
360 1574
360 2348
360 3493
360 3504
361 2146
361 2649
361 3721
362 1489
362 3961
363 927
363 1338
363 1962
363 2668
363 2721
363 3010
363 3341
363 4039
364 1710
364 3746
365 826
365 1512
366 819
366 2839
367 1139
367 1945
367 3027
368 978
368 1816
368 2284
369 390
369 602
369 986
369 1246
369 1841
369 2304
369 2651
369 3378
370 557
370 2371
370 3448
371 553
371 1016
371 1540
371 2472
371 2619
371 2780
371 3980
372 457
372 602
372 1594
372 1859
372 2100
372 3798
373 959
373 2228
373 2478
374 425
374 2463
374 3298
375 2199
375 3088
375 3116
376 1319
376 1345
376 3292
377 841
377 961
377 1272
377 2675
377 2724
377 3600
377 4008
378 523
378 3941
378 3963
379 651
379 681
379 1097
379 1564
379 3881
379 4006
379 4030
380 777
380 1100
380 3499
381 1080
381 1329
381 1473
381 1724
381 2677
381 2877
381 3159
382 468
382 2332
382 3032
383 1002
383 1012
383 1315
383 2204
383 2636
383 2691
383 3006
383 3161
384 2438
384 2830
385 1529
385 3331
385 4041
386 638
386 890
386 3441
387 1112
387 1925
387 2240
388 1116
388 1335
388 2440
388 2745
388 3347
388 3543
388 3712
389 410
389 1332
389 1398
389 1905
389 2019
389 2624
391 660
391 1965
391 3905
392 1472
392 2284
393 2971
393 3717
394 1490
394 2083
394 3941
395 1463
395 2184
395 3853
396 3144
396 3777
396 3826
397 638
397 1167
397 1941
398 868
398 1815
398 2515
399 944
399 3435
399 3905
400 946
400 1457
400 2198
401 579
401 2004
402 1466
402 1588
402 2827
403 890
403 959
403 3557
404 1609
404 1855
405 1240
405 1532
405 3042
406 553
406 1421
406 1985
406 2578
406 2714
406 2856
406 3847
407 632
407 1656
407 2243
408 426
408 670
408 807
408 1147
408 1473
408 2819
408 3256
408 3511
409 2572
409 2681
409 3105
409 3210
409 3248
409 3403
409 3945
410 507
411 1835
411 2784
411 3760
412 673
412 877
412 1107
412 1337
412 2359
412 2440
412 2929
412 3250
413 1655
413 1689
413 1832
413 2069
413 2757
413 3701
413 3709
413 3893
414 2746
414 3512
414 3723
415 752
415 3533
415 3853
416 826
416 3404
416 3737
417 592
417 3016
417 3644
418 2243
418 3875
418 4046
419 1457
419 1835
420 1483
420 1712
420 2610
420 2646
420 3282
420 3476
420 3704
421 2080
421 3371
421 3799
422 1941
422 2371
422 3557
423 842
423 1611
423 2050
423 2099
423 2698
423 3776
424 2185
424 2261
424 3249
425 2217
425 2297
425 2579
425 2921
425 3178
425 3775
425 3937
426 1073
426 3205
427 708
427 999
427 1178
427 1959
427 1994
427 3246
427 3586
428 1452
428 1925
428 3117
429 1801
429 3004
430 1448
430 2918
430 3954
431 1911
431 3780
431 3923
432 1777
432 2604
432 3285
433 2521
433 2558
433 3150
434 507
434 944
434 3791
435 507
435 3146
436 1194
436 2257
436 3786
437 2901
437 3320
437 3512
438 1077
438 2529
439 1270
439 1723
439 3831
440 1130
440 1430
440 1517
440 1890
440 2012
440 2656
440 3347
441 805
441 3027
441 3622
442 1495
442 3483
442 3872
443 1967
443 2136
443 2743
444 1472
444 3952
444 4000
445 2035
445 2836
446 607
446 1422
446 2533
447 587
447 878
447 1736
447 2319
447 2633
447 2825
447 3340
447 3535
448 505
448 1718
448 3789
449 742
449 974
449 3831
450 2128
450 3530
451 1365
451 3773
451 3777
452 1489
452 2810
453 947
453 966
453 1178
453 2511
453 3185
453 3767
453 3887
454 687
454 1802
454 1930
454 2991
454 3862
455 805
455 931
455 3027
456 1422
456 3234
457 1098
458 1970
458 2897
458 3079
459 634
459 766
459 827
459 1196
459 2211
459 2811
459 2855
460 572
460 731
460 3989
461 2300
461 3171
461 3488
462 521
462 1218
462 1696
462 1864
462 3524
462 3792
463 1493
463 1880
463 3628
464 761
464 3952
465 783
465 1092
465 4023
466 1716
466 2533
467 1575
467 2506
467 2557
468 1123
468 1554
468 1560
468 2602
468 3149
468 3999
469 722
469 777
469 1721
470 490
470 576
470 832
470 1217
470 3553
470 3624
470 3986
471 3293
471 3393
471 3508
472 1814
472 2520
474 2782
474 3684
474 3702
475 837
475 1704
475 1970
476 702
476 2981
476 3787
477 613
477 1461
477 3393
478 1364
479 868
479 2555
479 3917
480 1453
480 1630
480 2316
481 2158
481 3457
481 4015
482 867
482 2044
482 2508
482 3613
482 3686
482 3933
482 3942
483 951
483 1590
483 1619
483 3085
483 3136
483 3199
483 3981
484 859
484 1586
484 3834
485 2253
485 2736
485 3101
486 1126
486 1319
486 2085
487 2839
487 3952
488 2096
488 2955
489 1028
489 1599
489 2308
490 3331
490 3787
491 1224
491 1618
491 2159
491 2718
491 3383
491 3407
491 3969
492 935
492 1512
492 2206
493 552
493 2313
494 1475
494 2520
494 2963
495 2679
495 3233
496 2039
496 2550
496 2641
497 603
497 678
497 1899
497 1912
497 2582
497 2869
497 3452
498 2250
498 3249
499 1629
499 1953
500 1176
500 3272
500 3648
501 2039
501 3550
502 1245
502 2162
502 2236
503 2620
503 3616
504 2003
505 1136
505 1184
505 3610
505 3645
505 3899
505 3908
505 3998
506 1206
506 1305
506 1412
506 2502
506 2780
506 3296
506 3878
507 1769
507 1921
507 2303
507 2354
507 3219
508 731
508 911
508 1086
509 3488
509 3616
510 2094
510 2550
510 2637
511 1156
511 1618
511 1823
511 1950
511 2021
511 2093
511 2926
512 1219
513 2096
513 2385
513 2392
514 698
514 1392
514 1964
514 2856
514 3104
514 3478
514 4013
515 561
515 864
515 1075
515 1410
515 1444
515 1995
515 2583
516 1515
516 2504
516 2808
517 2317
517 2410
517 3079
518 556
518 606
518 1087
518 1559
518 1784
518 2030
518 3536
518 3654
519 1393
519 1673
519 2142
520 627
520 735
520 788
520 936
520 1265
520 2116
520 2833
520 3299
521 529
521 618
522 589
522 2930
522 3873
523 1071
523 2152
523 2335
523 2471
523 2848
523 3372
523 3610
524 1813
524 1880
524 2345
525 1232
525 1235
525 1454
526 1424
526 1927
527 3017
527 3768
528 2662
528 3953
529 854
529 926
529 1145
529 2987
529 3160
529 3657
529 3788
530 1949
530 2261
530 2410
531 1728
531 1982
531 2366
531 2482
531 2562
531 2772
531 3145
532 1534
532 1560
532 2783
532 2885
532 3359
532 3604
533 589
533 3157
533 3629
534 1171
534 2163
534 3444
535 566
535 3098
535 3253
535 3288
535 3368
535 3542
535 3678
535 3909
536 543
536 1120
536 1371
536 1537
536 2045
536 2906
536 3132
536 3271
537 2981
537 3202
537 3614
538 2490
538 3591
538 3872
539 574
539 1716
539 3796
540 667
540 1172
540 1191
540 1247
540 1285
540 1821
540 2064
540 3738
541 1243
541 1616
541 1635
541 1660
541 1889
541 3259
541 3460
541 3475
542 773
542 2504
542 3063
543 1355
543 2564
544 1925
544 2666
544 2768
545 663
545 1085
545 1423
545 1569
545 1944
545 3476
545 3585
545 3957
546 1678
546 2422
546 3226
547 1490
547 2084
547 3650
548 1113
548 1337
548 1521
548 2393
548 3387
548 3599
548 3683
549 987
549 3229
550 828
550 902
550 1018
550 1084
550 1151
550 3976
551 826
551 3777
551 3985
552 968
552 1157
552 2505
552 3261
552 3416
554 1132
554 1522
554 1552
554 1774
554 2125
554 3067
554 3400
555 1813
555 3562
555 3963
556 3366
556 3708
557 1526
557 1544
557 2312
557 3056
557 3903
558 769
558 804
558 1037
558 1040
558 1208
558 1211
558 1550
559 1279
559 1579
559 1786
559 2019
559 3128
559 3675
560 1179
560 1304
560 1915
560 3255
560 3535
560 3898
560 3918
561 2004
561 3861
562 789
562 977
562 1150
562 1156
562 3327
562 3656
562 3978
562 4014
563 622
564 874
564 1283
564 1844
564 2150
564 2771
564 2883
564 3781
564 3801
565 770
565 1286
565 2854
566 1988
566 3483
567 2742
567 3235
567 3771
568 849
568 1252
568 3550
569 2185
569 2732
569 3153
570 1100
570 3295
571 1256
571 2097
571 3118
572 966
572 1404
572 1650
572 2919
572 3110
572 3181
572 3947
573 2259
574 692
574 1005
574 1018
574 1128
574 2943
574 3942
575 3371
575 3670
575 3989
576 2784
576 3435
577 593
577 1907
577 3885
578 611
578 1285
578 1289
578 1550
578 2527
578 2711
578 3401
578 3453
579 1067
579 1183
579 2027
579 2453
579 3370
579 3505
580 674
580 938
580 2713
580 2829
580 3653
581 931
581 1489
581 1551
582 702
582 3233
582 3873
583 1186
583 1782
583 3605
584 2097
584 2786
584 2975
585 1798
585 1882
585 2070
585 2517
585 2741
585 2880
585 3765
585 3956
586 2024
586 3298
586 3895
587 1277
587 3530
588 2382
588 3471
588 3912
589 1486
589 2037
589 3194
589 3252
589 3309
590 808
590 1330
590 3710
591 1137
591 1940
591 3467
592 822
592 1316
592 1762
592 3136
592 3288
592 3459
593 2624
593 2710
593 3108
593 3624
593 3764
593 3888
593 4032
594 661
594 1909
594 1993
594 2421
594 3302
594 3871
595 1831
595 2216
595 2528
595 3185
595 3755
595 4040
596 1334
596 2462
596 4034
597 2402
597 3130
597 3257
598 987
598 1669
598 3838
599 1664
600 706
600 2105
600 2289
600 2823
600 3132
600 3350
600 3936
600 4025
601 860
601 1567
601 2673
603 2839
603 4023
604 1279
604 1309
604 1413
604 1478
604 1657
604 1676
604 3222
605 1236
605 1620
605 2555
606 919
606 3233
607 1303
607 1464
607 1544
607 1819
607 1859
607 3318
607 3378
608 731
608 1567
608 3557
609 1050
609 1190
609 1551
610 971
610 1068
610 1375
610 1552
610 2724
610 3785
610 4027
611 2317
611 2679
612 1356
612 1728
612 1755
612 2306
612 2537
612 2659
612 3594
613 1266
613 2633
613 2845
613 3087
613 3637
613 3755
613 3992
614 644
614 1175
614 1496
614 1646
614 1850
614 2625
614 2753
614 2831
615 944
615 1703
615 2652
616 1675
616 2600
616 3313
617 715
617 825
617 1519
617 1591
617 1756
617 2141
617 3325
618 745
618 824
618 864
618 1744
618 3370
618 3839
619 1617
619 1723
619 3795
620 941
620 1461
620 1515
621 1662
621 3723
621 3850
622 1827
622 2568
622 2701
622 3095
622 3201
622 3574
622 3641
623 1956
623 3272
623 3885
624 1161
624 1667
624 1701
624 2205
624 2623
624 2886
624 3006
625 648
625 1204
625 3020
626 722
626 3499
627 790
627 1232
628 945
628 1808
628 2102
628 2656
628 2987
628 3185
628 3442
628 3443
629 631
629 824
629 1531
629 1768
629 2026
629 2476
629 2674
629 3997
630 816
630 2041
630 2727
631 2521
631 3631
632 1329
632 1693
632 2166
632 2846
632 2914
632 3511
633 1344
633 1847
633 1932
633 2365
633 2885
633 3325
633 3490
633 4044
634 2459
635 915
635 1625
635 2115
635 2200
635 2353
635 2565
635 3203
635 3245
636 958
636 1538
636 3072
637 739
637 790
637 1056
638 1339
638 1433
638 1564
638 2676
638 3680
638 3887
639 1256
639 2392
639 3499
640 1054
640 1941
640 3597
641 766
641 1082
641 1682
641 1733
641 2823
641 3354
641 3600
642 1967
642 3436
642 3929
643 1160
643 1535
643 2087
643 2379
643 2639
643 2774
643 3237
644 1588
644 1714
645 1720
645 2631
645 2663
645 2665
645 2818
645 2985
645 3280
645 4031
646 1021
646 1828
646 2689
646 2764
646 3254
646 3290
647 951
647 2394
647 2481
647 2705
647 2828
647 3429
647 3964
648 1677
648 2249
648 2534
648 2596
648 3176
648 3823
649 713
649 1647
650 1318
650 1964
650 2143
650 2268
650 2877
650 2992
651 2673
652 1953
652 3760
653 3530
654 1718
654 2727
654 3919
655 2083
655 2255
655 2285
656 1010
656 1496
656 2031
656 2807
656 2951
656 2964
656 3028
656 3418
657 1359
657 1715
657 3779
658 1419
658 2248
659 1020
659 1054
659 1411
660 725
660 737
660 796
660 1230
660 2179
660 2429
660 3548
661 3146
662 1971
662 2552
663 3116
664 2538
664 2769
665 2742
665 3357
666 2495
667 2023
667 2897
668 1617
668 2301
669 980
669 2839
669 3447
670 1165
670 2814
671 1319
671 2083
671 2515
672 2277
672 3148
672 3616
673 1457
674 980
674 2494
675 2632
675 2918
675 3167
676 1854
676 2314
676 3095
676 3190
676 3637
676 3718
676 3903
677 1332
677 1536
677 2107
677 2390
677 2618
677 3018
677 3553
678 1015
678 1489
679 1240
679 1711
680 2380
680 3247
680 3249
681 907
681 1940
682 849
682 1453
682 2641
683 691
683 847
683 1148
683 2201
683 2247
683 2772
683 3333
683 3820
684 1436
684 2079
684 3057
685 1686
685 2040
685 2189
685 2672
685 2898
685 2994
685 3365
685 3620
686 2113
686 2200
686 2886
686 2993
686 3041
686 3047
687 2041
688 803
688 959
688 3550
689 2433
689 3670
689 3760
690 818
690 997
690 1596
690 1692
690 1866
690 2686
690 3676
690 3730
691 777
691 963
692 1815
692 3677
693 2134
694 1270
694 1704
694 1824
695 1322
695 1326
695 2542
696 2063
696 2333
696 4024
697 2345
697 2495
697 2975
698 2702
699 891
699 2136
699 3566
700 935
700 3124
701 1355
701 2963
702 1562
702 1563
702 1775
702 2709
702 3099
702 3190
703 965
703 1229
703 1792
703 2634
703 2908
703 3041
703 3706
703 3982
704 2440
704 2543
704 3031
704 3074
704 3398
704 3615
704 3691
705 3202
705 3331
705 3885
706 3243
706 3925
707 1287
707 3337
707 3384
707 3599
707 3635
707 3691
707 4025
708 758
709 803
709 1757
709 2184
710 762
710 980
710 1904
711 1236
711 2406
711 3489
712 915
712 1069
712 1583
712 1634
712 2145
712 2722
712 3618
713 1231
713 1317
713 2674
713 3281
713 3349
713 4039
714 1359
714 1612
714 4046
715 2443
715 3130
716 2051
716 2316
716 3929
717 1452
717 1529
718 774
718 1351
718 1610
718 1644
718 2043
718 2893
718 3762
718 3968
719 1773
719 2184
719 3965
720 1599
720 2257
720 3360
721 1223
721 2580
721 2616
721 2855
721 3645
721 3667
721 3836
722 2327
722 2452
722 2528
722 2896
722 3040
722 3091
723 886
724 750
724 998
724 2459
725 1711
725 3366
726 979
726 2999
726 3774
727 880
727 1326
727 2163
728 1399
728 1493
728 3447
729 1629
729 2778
729 3723
730 2434
730 3146
730 3873
731 1357
731 1564
731 2115
731 3477
732 1078
732 1593
732 1880
733 3320
733 3597
733 3857
734 1098
734 2224
734 2419
735 2134
735 3243
736 1068
736 2210
736 2466
736 2622
736 2881
736 2890
736 3142
737 919
737 2033
738 1436
738 1597
738 4015
739 1177
739 1568
739 2265
739 2692
739 2770
739 3479
739 3782
740 1240
740 2727
740 3708
741 1422
741 2862
741 2966
742 1412
742 1875
742 2812
742 3083
742 3452
742 3662
742 3863
743 761
743 1245
743 1885
744 1178
744 2082
744 2092
744 2374
744 3377
744 3425
744 3694
745 1530
745 3953
746 2158
746 3838
747 1435
747 3743
747 3859
748 1237
748 3072
748 3566
749 1467
749 2419
749 4001
750 845
750 2304
750 2863
750 3052
750 3164
750 3666
751 1319
751 2221
751 3834
752 1819
752 2342
752 2493
752 2603
752 3056
752 3455
753 1065
753 1130
753 1357
753 1460
753 2005
753 2704
753 2857
753 3947
754 1198
754 1449
754 1889
754 2172
754 2340
754 2615
754 2816
755 935
755 1845
755 2094
756 2147
756 2479
756 3123
757 1369
757 1460
757 1595
757 1817
757 2015
757 2108
757 2149
757 3322
758 772
758 901
758 1101
758 1242
758 1585
758 3412
759 963
759 1319
759 3974
760 1330
760 2490
760 2937
761 1725
761 1833
761 2636
761 2811
761 3668
762 2022
762 2328
762 2340
762 2878
762 2939
762 3545
763 1490
763 2478
763 2667
764 1932
764 2197
764 2711
764 2791
764 2977
764 3585
764 3783
765 2033
765 3436
765 3506
766 3602
767 1083
767 1173
767 1417
767 1604
767 1605
767 2720
767 2954
768 2448
768 3121
768 3569
769 2057
769 2410
770 885
770 1243
770 1641
770 1734
770 2227
770 3581
770 3706
771 1146
771 2089
771 3022
771 3520
771 3707
771 3993
772 858
772 959
773 999
773 2295
773 2391
773 2445
773 2705
773 3195
774 819
774 3773
775 2188
776 1074
776 1209
776 1432
776 1604
776 1625
776 1641
776 2467
776 3182
777 1168
777 1755
777 2873
777 3013
777 3649
778 2776
778 2859
778 3092
779 2206
779 3915
780 2156
780 2259
780 3562
781 2065
781 2879
782 1210
782 1758
782 2827
783 1320
783 2053
783 2087
783 2525
783 2900
783 3725
783 3934
784 811
784 2232
784 3621
785 2241
785 2827
786 1475
786 2146
786 3786
787 1577
787 2266
787 3101
788 1072
788 3063
789 1845
790 902
790 945
790 1430
790 2217
790 2923
791 1996
791 2074
791 2691
791 2730
791 2832
791 3115
791 3126
791 3739
792 1024
792 1293
792 2374
792 2740
792 2802
792 2987
793 1807
793 2808
793 3743
794 2515
794 2895
794 2970
795 2385
795 3058
796 3559
796 3923
797 2495
797 3072
797 3872
798 852
798 1240
798 2080
799 1429
799 2081
799 2521
800 1194
800 2649
800 3915
801 2746
801 2995
801 3612
802 1190
802 2000
802 2773
803 1012
803 2480
803 2593
803 2650
803 3433
804 2023
804 2999
805 1284
805 1573
805 1759
805 3540
805 3962
806 858
806 3331
806 3497
807 1715
807 3875
808 1340
808 1402
808 2194
808 2892
808 3416
808 3749
808 3986
809 825
809 846
809 952
809 1097
809 1104
809 1788
809 3048
809 3643
810 1461
810 1805
810 3780
811 1104
811 2047
811 2750
811 2795
811 2887
812 911
812 1036
813 2776
813 3965
813 3989
814 1760
814 2995
814 3235
815 1776
815 3994
816 848
816 1325
816 2389
816 3007
816 3127
816 3183
816 3571
817 868
817 2406
817 2447
819 1320
819 1503
819 1899
819 2395
819 3639
819 3852
820 1422
820 2241
821 2341
821 2533
821 2972
822 1115
822 3011
823 852
823 2096
824 1647
825 3148
826 2628
826 2714
826 3230
827 2734
827 3829
828 3016
828 3257
829 1416
829 1736
829 1952
829 2473
829 2775
829 3592
830 1393
830 1553
830 2820
831 1622
831 2075
831 2617
831 2798
831 3368
831 3926
831 3951
832 3202
832 3858
833 2380
833 3285
834 1715
834 2844
835 2433
835 3708
836 2131
836 2414
836 2686
836 2991
836 3007
836 3724
837 881
837 1753
837 2025
837 2104
837 2290
837 3805
838 1709
838 2872
838 2953
838 3009
838 3113
838 3736
839 887
839 2308
839 2768
840 2057
840 3238
840 3485
841 2589
841 2903
842 2240
842 3117
843 1678
843 2558
844 3919
845 3605
846 2377
846 2620
847 2085
847 3404
848 1248
848 1970
849 2170
849 2388
849 3137
850 1002
850 2026
850 2181
850 2407
850 2514
850 2614
850 2779
850 3021
851 1167
851 3077
852 1642
852 2274
852 3518
852 3918
853 978
853 1489
853 3205
854 2494
855 890
855 1941
855 3609
856 1546
856 2346
856 2549
857 1845
857 2206
857 2346
858 1296
858 2263
858 2980
858 3770
858 3860
859 1053
859 1687
859 1735
859 2933
859 3275
859 3423
859 3681
860 1389
860 2271
860 2292
860 3321
860 4030
861 1126
861 3746
861 3758
862 1249
862 1874
862 1898
862 1912
862 2178
862 2717
862 2793
862 3830
863 1525
863 2162
863 3285
864 2637
865 1593
865 1907
865 3303
866 2423
866 2820
866 3721
867 3537
867 3879
868 2279
868 2591
868 2948
868 3460
869 935
869 2360
869 2589
870 2083
870 3569
871 1527
871 2971
871 3267
872 1384
872 1515
872 3393
873 1192
873 3609
873 3895
875 3293
875 3790
875 3864
876 919
876 1463
876 1741
877 3440
878 2185
878 3743
879 1280
879 2158
879 3790
880 1043
880 1552
880 2296
880 2622
880 3709
880 3734
881 2317
881 3367
882 1856
882 2180
882 2212
882 2609
882 2874
882 3119
882 3534
883 1181
883 1511
883 1865
883 2093
883 2347
883 3364
883 3511
883 3696
884 2147
884 3648
885 1500
885 1927
886 1001
886 1184
886 1291
886 1991
886 2920
887 1385
887 1653
887 2485
887 2536
887 2651
887 2883
888 1461
888 2734
888 3799
889 1874
889 2102
889 3003
889 3639
889 3659
889 3772
889 3968
889 4014
890 1141
890 3634
890 3763
891 1045
891 2179
891 2429
891 3301
891 3413
891 3536
891 3654
892 1260
892 1940
892 2448
893 2786
893 3789
893 3941
894 957
894 2081
894 3850
895 1051
895 2337
895 2893
895 3217
895 3266
895 3427
895 3978
896 1599
896 2008
896 2404
897 991
897 2760
897 2783
897 3503
898 1620
898 3802
899 1086
899 2423
900 2371
900 3550
900 3670
901 1806
901 2697
902 2492
903 3375
904 1907
904 2080
904 2549
905 2185
905 3533
906 922
906 1407
906 3101
907 920
907 1460
907 2378
907 2581
907 2749
908 1572
908 3392
909 3905
909 3946
910 931
910 2463
910 3758
911 1624
911 2358
911 2793
911 3075
912 1622
912 1628
912 2865
912 3068
912 3388
912 3532
912 3570
912 3902
913 2326
914 1059
914 2016
914 2126
914 3315
914 3329
914 4020
915 1027
916 1348
916 1461
916 3102
917 2521
917 2564
917 2658
918 1500
918 3853
919 1563
919 2276
919 3270
919 3413
919 3718
920 2649
920 3989
921 1816
921 3172
921 3234
922 1795
922 1851
922 2437
922 2762
922 2834
922 3039
923 1058
923 1278
923 3622
924 1770
924 3079
924 3233
925 2206
925 2637
926 1904
926 2134
927 1539
927 3994
928 2255
928 3292
928 3529
929 1495
929 1695
929 2333
930 1270
930 2129
930 2928
931 1114
931 3014
931 3407
931 3626
931 3809
932 1304
932 1361
932 2409
932 2907
932 3084
932 3166
932 3296
932 3437
933 1341
933 3209
933 3796
934 1162
934 1875
934 2192
934 2619
934 3064
934 3084
934 3265
934 3714
935 1387
935 2032
935 2175
935 3570
936 1493
936 1883
937 2183
937 2843
937 3920
938 1452
938 2479
939 1186
939 2838
939 3685
940 1494
940 1849
940 3336
941 1030
941 1562
941 2483
941 3087
941 3651
941 3698
942 1215
942 1654
942 2177
942 3181
942 3306
942 3948
943 2225
944 1878
944 1993
944 2390
944 3022
944 3893
945 2417
946 1569
946 1691
946 2072
946 2887
946 3163
946 3409
946 3832
947 2697
948 2462
948 3702
948 3824
949 1186
949 2459
950 1278
950 2695
950 3171
952 1782
952 3488
953 959
953 1232
953 1900
954 1588
954 2041
955 1525
955 2266
955 2459
956 1739
956 2449
956 3486
956 3607
956 3698
956 3814
957 1031
957 2122
957 2678
957 3422
957 3997
958 1114
958 1284
958 1426
958 1759
958 2815
958 2924
958 3246
959 2676
959 2968
959 3126
960 2589
960 2918
961 2375
961 3985
962 1024
962 1109
962 1269
962 2793
962 3263
962 3346
962 3638
962 3819
963 1039
963 2306
963 2545
963 2651
963 2910
963 3455
964 2392
964 3551
965 3343
965 4000
966 1333
967 2346
967 2589
968 2784
968 3130
969 1236
969 3209
970 1855
970 2479
970 3229
971 3292
971 3569
972 1715
972 2243
972 2888
973 1907
973 3682
974 1700
974 2489
974 3307
974 3319
974 3495
974 3589
975 1110
975 1189
975 1300
975 2171
975 2372
975 3395
975 3410
975 3745
976 1629
976 1662
976 2743
977 1348
977 1384
978 1321
978 1640
978 2016
978 2687
978 2945
978 3189
979 1113
979 1679
979 1896
979 2543
979 2693
979 2860
980 1076
980 2288
980 2428
980 2498
981 1214
981 1482
981 2155
982 1408
982 2417
982 2648
983 1702
983 2207
983 3879
984 2590
984 3929
984 3994
985 1181
985 2164
985 2378
985 2744
985 3159
985 3256
986 1885
987 1198
987 1318
987 3096
987 3135
987 3884
988 1046
988 1084
988 1239
988 2348
988 2618
988 3289
988 4045
989 2494
989 2552
989 3797
990 2972
990 3004
990 3953
991 3032
992 1122
992 1446
992 3342
993 3849
994 1710
994 1927
994 3247
995 1776
995 2733
995 3331
996 3229
996 3793
997 2963
997 3474
998 1839
998 2150
998 2616
998 2640
998 2913
998 3732
999 1888
1000 1371
1000 1648
1000 1722
1000 1829
1000 2384
1000 2737
1000 3504
1001 1525
1001 3292
1002 1133
1003 1286
1003 2023
1004 1851
1004 1862
1004 2923
1004 3097
1004 3732
1004 3840
1005 2262
1006 2051
1006 2669
1006 3059
1007 1374
1007 1638
1007 1789
1007 2090
1007 2296
1007 2363
1007 3449
1008 1027
1008 1814
1008 2733
1009 1258
1009 3674
1009 3753
1010 1681
1010 3172
1011 1362
1011 1883
1012 2422
1013 1271
1013 2359
1013 2661
1013 2710
1013 2949
1013 3223
1013 3720
1014 2448
1014 3032
1015 1624
1015 1895
1015 3076
1015 3611
1015 3638
1015 3659
1016 1467
1016 2422
1017 1277
1017 3285
1018 2937
1019 1845
1019 3138
1019 3308
1020 1123
1020 1856
1020 2095
1020 2387
1020 2657
1020 2752
1020 3745
1021 2120
1021 3864
1022 2120
1022 2215
1022 2971
1023 2035
1023 3650
1023 3941
1025 1849
1025 2183
1025 2333
1026 1253
1026 2206
1026 2258
1027 1523
1027 2834
1027 3131
1027 3473
1027 3808
1028 1040
1028 1172
1028 1804
1028 2917
1028 2944
1028 3312
1028 3865
1029 1194
1029 2648
1029 3277
1030 2416
1030 3293
1032 1241
1032 1878
1032 2708
1032 3120
1032 3415
1032 3734
1032 3817
1032 4012
1033 2918
1033 3116
1034 2573
1035 1419
1035 2377
1036 1293
1036 2123
1036 2485
1036 2800
1036 2959
1036 3034
1036 4020
1037 1180
1037 2404
1038 1465
1038 1602
1038 1989
1038 2482
1038 2931
1038 3484
1038 3759
1038 3934
1039 1262
1039 3345
1040 1800
1041 1981
1041 2695
1042 2134
1042 2142
1043 1171
1043 3334
1044 1367
1044 2083
1044 2755
1045 3506
1045 3595
1046 1796
1046 3994
1047 2218
1047 2684
1047 2978
1048 1475
1048 2251
1048 2492
1049 1278
1049 2652
1049 3647
1050 1899
1050 2145
1050 2608
1050 2799
1050 3111
1050 3211
1051 2316
1051 3102
1052 3106
1052 3171
1053 2385
1053 2838
1054 1547
1054 2287
1054 2388
1054 2672
1054 2979
1055 2971
1055 3559
1056 1439
1056 1934
1056 2307
1056 2703
1056 2833
1056 2968
1056 3070
1057 1091
1057 2606
1057 3427
1057 3639
1057 3700
1057 3876
1058 1292
1058 1659
1058 2036
1058 3764
1058 3860
1058 3904
1059 1235
1059 4000
1060 2020
1060 2454
1060 2742
1061 1201
1061 2582
1061 2841
1061 3152
1061 3396
1061 3549
1061 3662
1062 1512
1062 2782
1062 3144
1063 1806
1063 2028
1063 2792
1064 1888
1064 2697
1064 3824
1065 2369
1065 2417
1066 2454
1066 3753
1067 1210
1067 2549
1068 3444
1069 1219
1069 2520
1070 1153
1070 1527
1070 2301
1071 1525
1071 1718
1072 1521
1072 2265
1072 2543
1072 3012
1072 3064
1072 3719
1072 3878
1073 1556
1073 1699
1073 2190
1073 2378
1073 2584
1073 2846
1074 1805
1074 1958
1075 1922
1076 1345
1076 1466
1077 2465
1077 3099
1077 3176
1077 3194
1077 3651
1078 1705
1078 2212
1078 2597
1078 2707
1078 3188
1078 3979
1079 1715
1079 1900
1079 2777
1080 2373
1081 1313
1081 2734
1081 3658
1082 1539
1082 2000
1083 3258
1083 3612
1085 3088
1086 1604
1086 2235
1086 2389
1086 2806
1086 4047
1087 2033
1087 3812
1088 2776
1088 2866
1089 2009
1089 2237
1089 2324
1089 2758
1089 3327
1089 3389
1089 3762
1089 3876
1090 1240
1090 1435
1091 2447
1091 3342
1092 1222
1092 1369
1092 3039
1092 3055
1092 3598
1092 3852
1092 4019
1093 2228
1093 2697
1094 1377
1094 1513
1094 2068
1094 3158
1094 3509
1095 2490
1095 3677
1096 1978
1096 3461
1096 3925
1097 3802
1098 1131
1098 1977
1098 2319
1098 2766
1098 3045
1098 3907
1099 1477
1099 2057
1100 1267
1100 1822
1100 1831
1100 1902
1100 3192
1101 3295
1101 3622
1102 1428
1102 1702
1102 3985
1103 1599
1103 3092
1105 1816
1105 2773
1106 1469
1106 2551
1107 1260
1108 1973
1108 1981
1108 3497
1109 1501
1109 1577
1110 1981
1110 2041
1111 2138
1111 2381
1111 3118
1112 2029
1112 2099
1112 2126
1112 2956
1112 3620
1112 3657
1112 3705
1113 3036
1114 1139
1115 1206
1115 2110
1115 2481
1115 2619
1115 3522
1115 3687
1116 2810
1116 3336
1117 1180
1117 1182
1117 3557
1118 3257
1118 3994
1119 2604
1119 3153
1119 3247
1120 2895
1120 2932
1121 1190
1121 2284
1121 2523
1122 1455
1122 1649
1122 2650
1122 3115
1122 3910
1122 4037
1123 2859
1124 1824
1124 3293
1124 3861
1125 1927
1125 3424
1125 4000
1126 1398
1126 2067
1126 2107
1126 2718
1126 3090
1127 1435
1127 2555
1127 3954
1128 2891
1128 3408
1129 1428
1129 1803
1129 3081
1130 3711
1131 2048
1131 3658
1133 1308
1133 1537
1133 1938
1133 3200
1133 3588
1133 3765
1134 1186
1134 1588
1135 1763
1135 2836
1135 2972
1136 1834
1136 3285
1137 1213
1137 1222
1137 1474
1137 2544
1137 2594
1137 3038
1138 2080
1138 3912
1139 1426
1139 1583
1139 1632
1139 2803
1139 3500
1139 3972
1140 1254
1140 1896
1140 3034
1140 3638
1140 3830
1140 4047
1141 1673
1141 3722
1142 1629
1142 2313
1142 3883
1143 1313
1143 1424
1143 3537
1144 1843
1144 3072
1144 3744
1145 1922
1145 2769
1146 1908
1146 2761
1147 1976
1147 2810
1148 2221
1149 1463
1149 2658
1149 3485
1150 1461
1150 1935
1151 2648
1151 3499
1152 1708
1152 1948
1152 2130
1152 2229
1152 2267
1152 2347
1152 2668
1152 3179
1153 1414
1153 2431
1153 2599
1153 3083
1153 3086
1153 3385
1154 1803
1154 2079
1154 3336
1155 2447
1155 2555
1156 1512
1157 1953
1157 3722
1158 1286
1158 3247
1159 1776
1159 3016
1160 1593
1160 2644
1161 1323
1161 3121
1162 3072
1162 3919
1163 1200
1163 3336
1163 3831
1164 1501
1164 3130
1164 3760
1165 1685
1165 1707
1165 2143
1165 2166
1165 3664
1165 4026
1166 1333
1166 1457
1166 3130
1167 1371
1167 2119
1167 2350
1167 2889
1167 3903
1168 2901
1169 1326
1169 2548
1169 3015
1170 1758
1170 2207
1170 3059
1171 1713
1171 2034
1171 3071
1171 3210
1171 3438
1172 1180
1173 1341
1173 3917
1174 3118
1174 3559
1174 3946
1175 1843
1175 2360
1176 1579
1176 1867
1176 1994
1176 2061
1176 2368
1176 2451
1176 2815
1177 3243
1179 1960
1179 2062
1180 3104
1180 3355
1180 3693
1180 3887
1180 3907
1181 2243
1182 1404
1182 1794
1182 1808
1182 1959
1182 3377
1182 3680
1183 2904
1183 3682
1184 1893
1185 1262
1186 1246
1186 2616
1186 3169
1186 3625
1187 1935
1187 2048
1187 2133
1188 1214
1188 1482
1188 3121
1189 1498
1189 3629
1190 1573
1190 1632
1190 2339
1190 2353
1190 3473
1191 1597
1191 1703
1192 1339
1192 1373
1192 1764
1192 2119
1192 2287
1192 3344
1192 3763
1193 3267
1193 3393
1194 1259
1194 2149
1194 3333
1194 3594
1195 1200
1195 1803
1195 2183
1196 1599
1196 2648
1197 1446
1197 3647
1197 3831
1198 3790
1199 1310
1199 3063
1199 3824
1200 1352
1200 1458
1200 2425
1200 3742
1200 4033
1201 1680
1201 3118
1202 1467
1202 1515
1202 3295
1203 2647
1203 2726
1203 3824
1204 1377
1204 1562
1204 1963
1204 2547
1204 3252
1204 3733
1205 1630
1205 2345
1205 3744
1206 2161
1207 3787
1207 3858
1207 3885
1208 1703
1208 2158
1209 1219
1209 3154
1210 2315
1210 2325
1210 2512
1210 2583
1211 2897
1211 3853
1212 1678
1212 2377
1212 2557
1213 2146
1213 2462
1214 1290
1214 1989
1214 2468
1214 2873
1214 3735
1214 3741
1215 1364
1215 1855
1216 1448
1216 2157
1216 3849
1217 1956
1218 1647
1219 2349
1219 2436
1219 2993
1219 3473
1219 3477
1220 1809
1220 2352
1220 2502
1220 2924
1220 3084
1220 3287
1220 3593
1220 3882
1221 1317
1221 1744
1221 2418
1221 2476
1221 3669
1221 3792
1221 3940
1221 4010
1222 2726
1223 3360
1224 1482
1224 2669
1225 1504
1225 1600
1225 1655
1225 3053
1225 3672
1225 3817
1225 3913
1226 1765
1226 3875
1226 3919
1227 2600
1227 3824
1228 1726
1228 2426
1228 3121
1229 1609
1229 2970
1230 3233
1230 3812
1231 1976
1231 2769
1232 1350
1232 1434
1232 3147
1232 3479
1233 2024
1233 2169
1233 2273
1234 1931
1234 2814
1234 3334
1235 1876
1235 2498
1235 3070
1235 3224
1235 3728
1235 3944
1236 1926
1236 2530
1236 2798
1236 2902
1237 1520
1237 1666
1237 2352
1237 2864
1237 3141
1237 3162
1237 3255
1238 1945
1238 3436
1238 3875
1239 1776
1239 3130
1240 2114
1240 3279
1241 2138
1241 3474
1242 2478
1242 3441
1243 4036
1244 2426
1244 2894
1245 1746
1245 1901
1245 2924
1245 3386
1245 3724
1245 3813
1246 1256
1247 2999
1247 3853
1248 1581
1248 2485
1248 2720
1248 2991
1248 3798
1248 3821
1249 1489
1250 1493
1250 1742
1250 2620
1251 1532
1251 2236
1251 2433
1252 1623
1252 1810
1252 1825
1252 3049
1252 3093
1252 3312
1252 3955
1253 1802
1253 1998
1253 2149
1253 2203
1253 3175
1253 3183
1254 2156
1255 1612
1255 2423
1255 3721
1256 1749
1256 3052
1256 3417
1256 3524
1256 3815
1257 1800
1257 2062
1257 3024
1258 2101
1258 2544
1258 3186
1258 3502
1258 3627
1259 1940
1259 2546
1260 3416
1260 3558
1260 3720
1260 4030
1261 2084
1261 3789
1261 3963
1262 1405
1262 1859
1262 2790
1262 3052
1262 3169
1263 1375
1263 1473
1263 1785
1263 2852
1263 3131
1263 3273
1263 3664
1263 3949
1264 1855
1264 2218
1264 3912
1265 2362
1265 3036
1266 1711
1266 3448
1267 1721
1268 2402
1268 3331
1269 2253
1269 2784
1270 1406
1270 2812
1270 2853
1270 4021
1270 4043
1271 2620
1272 3602
1272 3644
1273 1330
1273 1956
1274 2094
1274 2258
1274 3915
1275 1951
1275 2971
1275 3905
1276 3366
1276 3566
1276 3595
1277 1281
1277 1418
1277 1468
1277 2208
1277 2950
1277 3337
1278 2655
1278 2853
1279 3139
1280 1347
1280 2186
1280 2431
1280 2699
1280 2974
1280 3132
1281 2542
1281 3787
1282 1425
1282 3580
1282 3644
1283 1801
1283 2836
1284 2813
1285 2057
1286 1378
1286 2405
1286 3025
1286 3694
1286 3958
1287 1978
1287 3537
1288 1553
1289 2380
1290 1545
1290 1726
1291 1342
1292 1981
1292 3351
1293 3562
1294 1435
1295 1986
1295 3849
1296 2035
1296 2667
1297 1424
1297 2207
1297 2854
1298 1946
1298 2932
1299 1512
1299 2901
1299 3308
1300 3231
1300 3717
1301 2434
1301 2928
1302 1960
1302 1971
1302 3743
1303 2241
1303 3938
1304 2236
1305 1723
1305 3313
1306 2550
1306 2838
1306 3373
1307 1904
1307 3731
1308 1403
1308 2521
1309 1420
1309 2755
1310 1437
1310 1902
1310 2391
1310 2452
1310 2825
1310 2845
1310 3466
1311 3233
1311 3436
1311 3566
1312 2406
1312 3612
1313 3173
1313 3421
1313 3818
1313 3980
1314 2375
1314 3360
1314 3602
1315 1943
1316 1652
1317 1885
1319 2366
1319 2696
1319 3305
1320 2146
1321 1652
1321 2810
1322 1636
1322 2034
1322 2439
1322 2947
1322 2952
1322 3218
1322 3541
1323 1470
1323 1510
1323 1842
1323 1876
1323 2384
1323 2627
1323 2719
1324 3123
1324 3234
1324 3795
1325 1958
1325 2285
1326 1492
1326 2996
1326 3112
1326 3248
1326 3390
1327 1364
1327 2080
1327 2373
1328 1494
1328 1988
1328 3011
1329 3020
1330 1622
1330 2488
1330 2663
1330 3564
1331 2245
1331 2443
1331 3106
1332 3469
1333 1623
1333 1794
1333 1804
1333 2576
1333 3476
1333 3481
1334 2540
1334 2627
1334 2758
1334 3728
1335 2669
1335 3777
1336 3710
1337 1408
1338 2590
1338 3498
1339 2371
1340 4042
1341 1598
1341 2044
1341 2470
1341 3066
1341 3679
1342 1497
1342 2500
1342 2770
1342 3299
1342 3568
1342 3683
1342 3691
1343 1397
1343 1548
1343 1578
1343 1795
1343 3689
1343 3814
1343 3914
1344 1782
1344 3032
1345 2269
1345 3212
1345 3747
1345 3987
1345 4008
1346 1411
1346 2065
1346 2422
1347 1597
1347 3838
1348 1693
1348 2364
1348 2465
1348 3001
1348 3733
1349 1781
1349 2607
1349 3032
1350 3746
1351 2447
1351 2761
1352 2870
1352 3440
1353 2743
1353 3367
1353 3595
1354 2667
1354 3954
1355 1389
1355 1968
1355 2487
1355 3100
1355 3999
1356 2085
1357 1855
1358 2003
1358 2725
1358 3118
1359 1417
1359 1683
1359 2235
1359 2436
1359 3245
1359 3581
1360 1885
1360 2555
1360 3612
1361 2955
1361 3875
1362 2302
1362 2967
1362 3193
1362 3568
1362 3716
1362 3899
1363 2257
1363 3408
1363 3499
1364 1650
1364 1892
1364 2379
1364 3338
1364 3901
1365 1430
1365 2740
1365 3160
1365 3544
1365 3772
1366 1996
1366 2263
1366 2650
1366 3278
1366 3428
1366 3608
1366 3958
1367 1486
1367 1775
1367 2403
1367 2554
1367 3276
1367 3324
1367 3823
1368 2188
1368 3167
1368 4024
1369 3721
1370 1546
1370 2258
1370 2895
1372 1776
1372 1815
1373 1499
1373 2024
1374 2548
1374 2862
1376 2035
1376 2083
1376 2084
1377 2529
1378 1757
1378 2133
1379 2402
1379 3498
1380 2245
1380 2300
1380 3434
1381 1807
1382 2300
1382 2443
1382 2499
1383 1723
1383 2725
1384 2222
1384 2849
1384 2954
1384 3087
1384 3174
1385 2156
1385 3780
1386 2641
1386 4041
1387 1546
1387 3682
1388 2020
1388 3512
1388 4042
1389 2761
1390 1953
1390 2336
1391 2662
1391 2820
1391 2995
1392 1800
1392 2251
1393 1963
1393 2860
1393 2974
1393 3019
1393 3995
1394 2385
1394 3754
1394 3870
1395 1601
1395 2548
1395 3469
1396 2710
1396 3128
1396 3328
1396 3428
1396 3556
1396 3928
1397 2253
1397 2266
1398 3435
1399 1506
1399 1884
1399 2575
1399 3155
1399 3220
1399 3627
1399 3842
1400 1855
1400 3932
1400 3989
1401 1419
1401 2120
1401 3793
1402 2673
1402 3760
1403 1725
1403 2181
1403 2278
1403 2480
1403 2623
1403 2927
1403 3739
1405 1911
1406 2251
1406 3609
1407 1503
1407 1698
1407 3847
1407 3914
1407 3980
1408 1517
1408 2592
1408 2688
1408 2731
1408 3398
1408 3450
1409 2081
1409 2273
1409 3601
1410 2558
1410 3357
1411 1535
1411 1621
1411 2091
1411 2771
1411 2965
1412 2317
1413 2727
1413 3702
1414 2866
1415 1530
1415 2051
1416 3375
1417 1958
1418 3172
1418 3375
1419 1484
1419 3137
1419 3358
1419 3652
1420 1603
1420 1637
1420 1654
1420 1974
1420 3119
1420 3877
1421 1424
1421 3461
1422 1470
1422 2553
1422 2807
1422 3836
1423 1949
1423 3298
1424 2145
1424 2339
1424 3809
1425 1608
1425 1733
1425 3085
1425 3300
1425 3507
1425 3747
1425 4027
1426 3622
1427 2258
1427 2546
1428 1791
1428 2455
1428 2568
1428 3484
1428 3487
1428 3735
1429 1471
1429 1830
1429 2026
1429 2544
1429 2685
1429 3572
1429 3627
1431 3447
1431 3628
1431 3726
1432 1612
1432 1715
1433 1567
1433 3932
1434 2463
1434 3441
1435 1913
1435 1915
1435 2242
1435 2960
1436 1954
1436 3472
1436 3742
1436 3884
1436 3936
1437 2065
1437 3171
1438 2423
1438 2995
1438 3779
1439 1900
1439 3441
1440 1659
1440 1905
1440 3223
1440 3406
1440 3924
1440 3928
1441 2002
1441 2510
1441 3101
1442 1570
1442 2725
1442 3795
1443 2362
1443 2434
1443 2999
1444 3150
1445 3489
1445 3859
1446 2058
1446 2822
1446 3114
1446 3890
1446 3931
1447 2063
1447 2142
1447 2649
1448 1514
1448 1938
1448 2700
1448 3162
1448 3201
1449 3838
1449 4015
1450 2097
1450 2198
1450 2652
1451 2515
1451 2564
1451 3124
1452 2099
1452 2318
1452 2517
1452 2878
1452 3588
1453 1804
1453 1869
1453 2049
1453 3264
1453 3617
1454 1626
1454 1857
1454 2113
1454 2307
1454 3266
1454 3389
1454 3584
1455 3238
1455 3853
1456 2132
1456 2755
1456 3032
1457 2624
1457 2680
1457 3406
1457 3575
1458 1518
1459 1660
1459 3107
1459 3197
1459 3200
1459 3271
1461 2165
1461 2720
1462 1822
1462 2452
1462 2586
1462 3268
1462 3466
1463 1897
1463 2100
1463 2280
1463 2789
1463 3910
1464 1904
1465 2188
1465 2632
1466 1508
1466 2154
1466 3251
1466 3679
1466 3844
1466 3891
1467 2298
1467 2767
1467 3029
1467 3563
1467 3755
1468 2137
1468 2808
1469 2399
1469 2712
1469 2945
1469 2959
1469 3705
1469 3866
1469 3944
1470 2510
1471 2454
1471 2546
1472 1734
1472 1987
1472 3134
1472 3232
1474 2258
1474 2589
1475 1523
1475 3055
1475 3840
1475 3914
1475 4029
1476 3046
1476 3130
1477 1919
1477 2863
1477 3620
1477 3625
1477 3769
1478 2647
1479 1656
1479 3367
1480 3133
1481 1630
1481 2097
1481 3963
1482 1555
1482 2516
1482 2570
1482 3140
1482 3590
1483 1824
1483 3320
1484 1672
1484 2422
1485 2245
1485 2510
1485 3789
1486 1714
1487 2533
1487 3938
1488 2004
1488 2786
1488 3440
1489 3459
1490 1507
1490 2577
1490 2717
1490 3659
1490 3770
1491 1529
1491 2240
1491 3229
1492 2792
1492 4036
1493 2770
1493 2795
1494 2144
1494 2613
1494 3806
1494 3841
1495 1502
1495 2477
1495 2613
1495 2835
1495 3956
1495 3966
1496 2008
1497 3017
1497 3172
1498 1998
1498 2566
1498 2899
1498 3005
1498 3554
1498 3904
1499 1722
1499 1924
1499 1984
1499 2281
1499 3402
1499 3528
1500 1571
1500 2092
1500 2484
1500 3278
1500 3339
1500 3531
1501 2299
1501 2482
1501 3050
1501 3553
1501 3960
1502 2736
1502 3277
1503 1781
1504 3711
1504 3799
1505 1551
1505 2854
1506 3562
1507 3061
1508 1716
1508 3605
1509 3011
1509 3621
1509 3985
1511 3768
1512 1731
1512 2109
1512 3523
1513 3285
1514 3446
1515 1854
1515 2216
1515 2825
1515 3757
1516 1781
1516 3121
1516 3690
1517 2257
1518 1747
1518 2019
1518 2408
1518 2585
1518 3262
1518 3387
1518 3615
1519 1532
1519 3616
1520 1986
1520 3591
1521 3291
1522 2666
1522 3923
1523 1946
1524 2380
1524 2915
1524 4016
1525 1615
1525 2580
1525 3089
1525 3193
1527 2013
1527 2405
1527 2439
1527 2484
1527 3842
1528 2301
1528 2573
1528 3744
1529 2177
1529 2450
1529 3289
1529 3703
1530 1761
1530 2055
1530 2559
1530 2595
1530 3565
1530 4014
1531 1570
1531 3601
1532 2288
1532 2756
1532 3224
1532 3643
1533 1793
1533 3621
1533 3826
1534 2755
1535 2936
1536 2784
1536 3885
1537 3797
1538 2131
1538 2598
1538 2861
1538 3317
1538 3332
1538 3593
1538 3668
1539 1756
1539 3170
1539 3426
1539 3427
1539 3762
1540 2128
1540 3420
1541 2782
1541 3920
1542 2837
1542 2999
1542 3291
1543 2658
1543 3685
1544 2830
1545 1565
1545 1667
1545 1730
1545 2337
1545 2719
1545 3389
1545 3590
1546 2424
1546 2824
1546 3547
1546 3926
1547 2039
1547 2868
1548 2002
1548 2862
1549 1900
1549 1945
1549 3758
1550 2658
1551 2173
1551 2722
1553 1767
1553 2108
1553 2737
1553 3361
1553 3545
1553 3653
1554 3231
1555 1814
1555 2188
1556 2024
1557 1765
1557 2096
1557 3404
1558 2448
1558 2673
1558 3133
1559 1965
1559 3559
1560 1599
1561 1958
1561 2423
1561 3482
1563 3448
1565 1781
1565 3569
1566 2684
1566 3392
1566 3796
1567 2076
1567 2581
1567 3048
1567 3558
1568 1742
1568 2134
1570 1663
1570 2088
1570 2853
1570 3281
1570 3549
1570 3589
1571 2723
1571 2854
1572 1954
1572 2090
1572 2486
1572 2643
1573 2236
1574 1680
1574 2859
1575 2150
1575 2398
1575 2577
1575 2890
1575 3067
1575 3868
1575 3983
1576 2346
1576 2970
1577 1882
1577 2197
1577 2330
1577 3394
1577 3713
1578 2510
1578 3320
1580 1981
1580 3629
1581 1911
1581 1965
1582 1601
1582 3974
1582 4034
1583 2236
1584 2552
1584 2723
1584 4036
1585 3202
1586 2249
1586 2989
1586 3094
1586 3216
1586 3465
1586 3719
1587 1849
1587 2458
1587 3057
1588 1918
1588 3158
1588 3164
1588 3382
1589 1830
1589 2115
1589 2349
1589 3168
1589 3208
1589 3606
1589 4005
1590 2300
1590 3622
1591 2590
1591 2632
1592 2981
1592 3061
1592 3845
1593 1840
1593 1992
1593 2508
1593 3922
1593 3970
1594 1965
1594 3780
1595 2142
1595 3081
1596 1946
1596 3431
1597 1810
1597 3135
1597 3464
1598 1727
1599 1690
1599 2135
1600 2161
1601 2009
1601 2067
1601 2681
1601 2756
1602 2918
1602 4024
1603 2607
1603 3684
1605 2447
1605 3392
1606 1727
1606 3859
1607 2362
1607 2392
1607 3883
1608 2903
1609 1717
1609 2451
1609 2829
1609 2878
1609 3110
1609 3134
1610 2416
1610 2667
1611 2523
1611 2970
1612 2990
1612 3213
1612 3262
1612 3584
1613 1888
1613 2313
1613 2385
1614 3864
1615 3789
1616 1669
1616 2261
1617 1743
1617 2013
1617 2338
1617 2699
1617 3863
1618 2136
1619 3016
1619 3961
1620 1856
1620 1936
1620 2087
1620 2645
1620 3678
1620 3784
1621 3231
1623 2404
1624 1972
1625 3889
1626 3889
1626 3906
1627 3092
1627 3371
1628 2258
1628 2564
1629 2325
1629 2763
1629 3855
1629 3997
1630 3049
1630 3286
1630 3415
1630 3534
1630 3893
1631 2490
1631 2891
1631 4042
1632 3042
1633 2862
1633 3101
1633 3320
1634 2000
1634 2284
1635 1904
1635 3797
1636 2215
1636 3717
1637 2345
1637 3482
1638 1727
1638 1834
1639 2128
1639 2137
1639 3710
1640 2250
1640 3153
1641 1815
1642 2406
1642 3954
1643 2382
1643 2458
1643 3483
1644 3508
1645 2215
1645 3849
1646 1695
1646 2380
1647 1750
1647 2412
1647 2785
1647 3180
1647 3761
1648 2336
1648 3838
1649 3965
1650 2218
1651 1718
1651 3489
1651 3802
1652 1772
1652 1912
1652 2173
1652 3611
1652 3809
1653 1978
1653 2008
1654 3927
1655 3474
1656 2021
1656 2229
1656 2322
1656 2400
1656 3256
1656 3397
1657 3800
1657 3845
1658 3106
1658 3622
1658 3644
1659 3508
1660 2494
1661 2308
1661 3602
1662 2214
1662 2256
1662 2281
1662 3260
1662 3328
1662 3822
1663 2169
1663 3043
1664 1924
1664 2018
1664 2071
1664 2427
1664 2503
1664 2518
1664 3414
1665 2228
1665 3787
1666 1969
1666 3539
1667 2966
1668 3138
1669 2561
1669 3561
1669 3573
1669 3828
1670 2262
1670 3123
1670 3684
1671 2936
1671 3226
1671 3303
1672 2118
1672 2351
1672 3254
1672 3374
1673 1767
1673 2018
1673 2962
1673 3103
1673 3894
1673 3921
1674 3234
1674 3471
1675 1947
1675 2872
1675 3429
1675 3585
1675 3937
1676 1801
1676 3953
1677 1714
1677 3873
1678 1861
1678 2091
1678 2728
1678 3466
1679 2529
1679 3482
1680 1751
1680 2046
1680 2367
1680 2491
1681 2687
1681 3688
1681 3775
1682 3360
1682 3580
1683 1815
1683 2723
1684 1727
1684 1893
1684 3457
1686 1965
1687 2888
1687 3334
1688 2868
1688 2875
1689 2975
1689 2976
1690 3488
1691 2938
1691 3046
1692 3313
1692 3367
1694 1888
1694 2065
1694 3883
1695 1830
1695 3419
1695 3661
1695 3806
1695 4017
1696 2207
1696 2538
1697 3685
1697 3917
1697 3994
1698 2448
1698 4023
1699 2607
1699 3043
1700 1824
1700 2875
1701 1816
1701 3797
1702 2191
1702 2588
1702 2689
1702 3652
1702 3922
1702 3996
1703 2626
1703 3180
1703 3669
1703 3707
1704 1865
1704 2400
1704 2686
1704 2940
1704 3307
1704 3365
1705 3447
1705 3879
1706 3017
1706 3367
1706 3883
1707 2549
1708 2136
1708 3723
1709 1816
1709 3434
1710 1818
1710 1987
1710 2933
1710 3944
1710 3982
1711 1854
1711 2140
1711 3536
1711 4044
1712 2653
1712 3016
1713 2792
1713 3015
1714 2942
1714 3040
1714 3283
1714 3465
1715 3168
1715 3890
1716 1870
1716 1918
1716 2913
1716 3613
1717 2147
1717 3471
1718 2219
1718 2409
1718 2645
1718 2807
1719 3077
1719 3797
1720 2262
1721 1749
1721 2037
1721 2596
1721 3515
1721 3900
1722 3790
1723 2582
1723 3265
1723 3385
1723 3495
1724 2243
1724 2814
1725 2381
1726 2098
1726 2911
1726 3623
1726 3660
1726 3741
1726 3969
1727 2279
1727 3472
1727 4007
1728 3404
1729 2894
1729 4000
1730 2448
1730 3690
1731 2094
1731 2346
1732 3834
1732 3897
1732 4034
1733 3985
1734 3892
1735 2163
1735 3875
1736 2137
1737 2971
1737 3753
1738 2662
1738 3771
1739 2416
1739 3393
1740 2198
1740 2499
1740 3434
1741 1966
1741 2593
1741 2715
1741 2832
1741 3232
1741 3538
1741 3706
1742 2047
1742 2116
1742 2526
1742 2621
1742 2892
1742 4025
1743 3020
1744 2081
1745 1803
1745 2777
1745 3647
1746 3027
1746 3072
1747 3648
1748 2008
1748 2768
1748 3345
1749 2909
1750 2320
1750 3258
1751 1908
1752 1945
1752 2501
1752 2888
1753 1777
1754 1852
1754 3771
1754 4041
1755 2221
1756 4024
1757 2980
1757 3115
1757 3204
1757 3241
1757 3531
1758 1870
1758 2154
1758 2470
1758 2559
1758 2817
1759 1945
1760 1895
1760 1898
1760 2234
1760 2507
1760 3583
1761 3102
1761 3773
1762 1793
1762 3737
1763 2010
1763 2160
1763 2398
1763 2536
1763 2640
1763 2965
1763 3439
1764 2336
1764 3043
1765 2907
1765 3012
1765 3094
1765 3335
1765 3630
1765 3951
1766 2854
1766 3303
1766 3912
1767 2529
1768 2742
1768 3850
1769 2653
1770 1789
1770 2111
1770 2182
1770 2996
1770 3210
1770 3412
1771 1967
1771 3576
1771 3658
1772 3205
1773 2342
1773 2690
1773 2910
1773 3379
1773 4037
1774 2637
1775 2033
1776 2518
1776 3062
1776 3750
1777 1784
1777 2429
1777 2941
1777 3676
1777 3984
1778 3150
1778 3440
1778 3963
1779 2221
1779 2830
1780 2742
1780 3446
1781 1836
1781 2519
1782 2783
1782 2998
1782 3164
1782 3315
1782 3705
1783 3448
1783 3614
1783 3812
1784 3366
1785 1931
1785 2163
1786 2147
1786 3272
1787 2402
1787 2733
1787 3858
1789 3444
1790 2020
1790 2726
1790 3081
1791 3849
1792 2479
1792 3124
1793 2610
1793 2935
1793 3187
1793 3409
1793 3687
1794 1855
1796 2361
1796 2367
1796 2384
1796 2539
1796 2739
1796 3318
1796 3943
1797 1880
1797 2167
1797 2839
1798 2343
1798 4036
1799 2028
1799 2966
1799 3326
1800 1821
1800 3045
1800 3680
1800 3767
1800 4003
1801 2010
1801 2585
1801 2990
1801 3240
1801 3380
1802 2782
1803 2058
1803 2812
1803 3495
1805 2235
1805 2507
1805 2626
1805 2876
1805 3066
1806 1939
1806 2061
1806 2540
1806 3199
1806 3964
1807 2294
1807 2958
1807 3425
1807 3535
1808 3295
1809 1843
1809 2495
1810 2938
1811 2136
1811 3366
1811 3506
1812 1967
1812 3595
1812 3723
1813 1840
1813 2269
1813 2282
1813 2512
1813 3517
1814 2098
1814 2900
1814 3023
1814 3191
1815 2272
1816 2579
1816 2951
1816 3197
1817 2146
1817 2995
1818 2854
1818 3424
1819 2438
1820 1928
1820 1932
1820 2340
1820 2824
1820 2865
1820 2961
1821 2404
1822 2504
1823 2250
1823 2777
1824 2287
1824 2370
1824 3486
1824 3596
1825 2158
1825 2198
1826 2248
1826 3461
1826 3846
1827 3448
1827 3566
1828 3717
1828 3793
1829 2371
1829 3077
1832 3444
1833 2734
1833 3360
1834 1901
1834 3064
1834 3089
1834 3317
1835 2141
1835 3062
1835 3156
1835 3481
1835 4045
1836 4023
1837 3016
1837 3146
1837 3857
1838 1908
1838 2652
1838 3342
1839 2533
1839 2827
1840 3447
1841 2221
1841 3345
1842 2862
1842 3938
1843 2460
1843 2477
1843 2754
1843 2818
1844 2262
1844 3226
1845 1950
1845 2401
1845 2628
1845 3129
1846 2057
1846 2521
1846 2895
1847 2732
1847 3088
1848 2094
1848 2373
1848 3061
1849 2477
1849 2530
1849 3368
1849 3449
1849 3640
1850 3872
1851 2251
1852 2237
1852 2721
1852 3049
1852 3264
1852 3671
1852 3715
1852 3978
1853 2777
1853 3017
1855 2511
1857 2551
1857 3154
1858 2242
1858 2567
1858 2880
1858 2943
1858 3274
1858 3552
1860 2551
1860 3267
1860 3793
1861 1888
1863 1953
1863 2385
1863 2879
1864 1976
1864 3601
1865 3138
1866 2317
1866 3768
1867 2647
1868 3650
1868 3690
1869 2404
1870 2904
1871 2250
1871 3768
1871 3883
1872 2308
1872 2332
1872 2404
1873 2000
1873 2375
1873 2590
1874 2035
1875 3313
1876 2028
1877 1951
1877 1965
1877 2868
1878 2975
1879 2224
1879 3167
1879 3874
1880 2212
1880 2575
1880 3517
1881 3116
1881 3446
1882 1971
1883 2254
1883 2692
1883 3074
1883 3599
1883 3729
1884 2454
1884 3631
1885 2412
1885 2790
1885 3332
1885 3583
1886 1971
1886 2253
1886 2735
1887 2257
1887 3277
1887 3467
1888 2682
1888 3500
1888 3540
1889 2732
1890 2695
1890 3474
1891 2499
1891 2632
1892 2382
1892 3123
1893 1954
1893 3193
1893 3212
1893 3305
1894 2084
1894 2736
1896 3154
1897 1911
1897 3474
1898 3446
1900 3009
1900 3407
1900 3931
1900 3937
1901 3042
1902 3171
1903 1935
1903 2224
1903 2587
1904 3107
1904 3943
1905 3046
1906 2169
1906 3628
1907 2208
1908 2280
1908 3311
1908 3995
1909 2653
1910 2002
1910 2320
1910 2901
1911 1977
1911 2531
1911 3378
1911 3411
1913 2080
1913 2433
1914 3471
1914 3677
1914 3684
1915 3802
1916 2332
1916 2648
1916 3360
1917 1980
1917 3229
1917 3864
1919 3498
1919 3917
1920 2320
1920 2743
1920 2746
1921 2097
1921 2976
1922 2270
1922 2453
1922 2476
1922 2595
1922 3761
1923 2827
1923 2904
1923 3946
1924 1953
1925 2213
1925 2729
1925 3665
1925 3686
1926 2667
1926 2684
1927 2774
1927 3025
1927 3901
1928 2550
1928 3058
1929 2079
1929 2382
1929 3457
1930 2727
1930 3629
1931 2196
1931 2297
1931 2805
1931 2851
1931 3297
1931 3736
1933 2023
1933 2184
1933 3238
1934 2550
1934 3746
1935 2222
1935 2744
1935 2914
1936 2345
1936 3231
1937 2501
1937 3233
1937 3506
1939 2147
1939 2647
1940 2076
1940 2519
1940 2661
1940 3065
1941 3035
1941 3528
1941 3596
1941 4035
1942 2020
1942 3551
1942 3754
1943 2103
1943 2121
1943 2278
1943 2719
1943 3047
1943 3197
1943 3688
1944 3621
1944 3861
1945 2159
1945 2173
1946 2276
1946 2290
1946 2762
1946 3301
1946 3999
1947 1949
1947 2199
1948 2419
1948 3576
1949 2153
1949 2527
1949 3394
1949 3490
1950 3102
1951 2025
1951 2189
1951 2959
1951 3218
1951 3329
1951 3676
1952 3172
1952 3285
1953 2682
1953 3816
1955 2510
1955 2966
1955 3938
1956 2621
1956 2797
1956 3261
1956 4002
1957 2523
1957 3591
1958 3236
1958 3862
1960 2574
1960 2700
1960 3207
1960 3803
1960 3882
1961 2117
1961 2592
1961 2902
1961 3230
1961 3288
1961 3443
1961 3712
1961 3772
1962 2252
1962 2316
1964 3754
1965 2125
1965 2210
1966 3238
1966 3812
1967 2322
1967 3341
1967 3696
1968 2895
1968 3077
1969 1985
1969 2165
1969 2811
1969 2849
1969 3173
1969 3399
1970 2861
1970 3060
1970 3386
1970 3730
1971 3045
1971 3255
1971 3355
1971 3460
1972 2073
1972 2444
1972 3050
1972 3713
1972 3830
1973 1982
1973 2153
1973 2197
1973 3500
1973 3904
1973 3962
1974 2218
1974 2434
1975 2320
1975 3235
1975 3723
1976 2164
1976 2238
1976 2660
1976 3546
1977 2132
1978 2050
1978 2213
1978 2475
1978 2630
1978 3465
1979 2094
1979 2836
1980 2840
1980 2850
1980 2985
1980 3555
1980 4026
1981 3175
1981 3496
1981 3699
1983 2120
1983 2490
1983 2573
1984 2313
1985 3658
1986 2701
1986 2997
1986 3207
1986 3269
1986 3274
1987 3343
1988 2530
1988 2935
1988 3335
1988 3388
1990 2808
1990 3024
1990 3754
1991 2003
1991 3249
1992 2207
1992 2248
1993 2097
1994 3027
1995 2557
1996 2184
1997 2369
1997 2830
1997 2915
1998 2653
1999 2461
1999 2714
1999 3421
1999 3579
1999 3693
1999 4003
2000 2694
2000 2698
2000 3665
2001 2695
2001 4034
2002 2370
2002 2496
2002 2617
2002 2646
2002 3335
2003 2052
2003 2739
2003 2967
2003 3311
2003 3396
2004 2315
2004 2407
2004 2763
2004 3695
2005 3371
2005 3965
2006 3148
2006 3797
2006 3897
2007 2515
2008 2202
2008 3835
2008 3865
2009 2028
2010 3061
2011 2320
2011 3870
2011 4042
2012 2369
2012 3989
2013 2866
2014 3441
2014 3557
2014 3895
2015 2843
2015 3989
2016 2551
2017 4015
2018 2129
2020 2305
2020 3352
2020 3564
2021 3768
2022 2167
2022 2494
2023 2356
2023 2484
2023 2603
2023 3910
2024 2088
2024 2238
2024 3035
2027 3150
2027 3861
2028 3105
2028 3215
2028 3217
2028 3376
2029 2891
2029 3731
2030 3905
2030 3923
2031 3123
2032 2970
2032 3357
2033 2111
2033 2226
2033 2334
2033 2571
2034 2666
2035 2611
2035 3076
2035 3983
2036 2813
2036 3082
2037 2981
2038 2065
2038 2557
2039 2450
2039 2560
2039 2706
2039 2994
2039 3715
2040 3117
2040 3685
2041 2534
2041 3005
2041 3509
2042 2245
2042 2632
2042 3591
2043 3342
2043 3917
2044 2684
2045 4028
2046 2725
2047 3726
2048 2073
2048 2364
2048 3346
2048 3725
2048 3759
2049 2158
2049 2938
2050 2666
2051 2201
2051 2659
2051 2721
2051 2917
2051 3525
2052 3485
2053 2747
2053 3569
2054 2128
2054 2381
2054 2419
2055 2207
2055 3946
2056 3101
2056 3293
2056 4036
2057 2280
2057 3021
2057 3321
2058 3533
2059 2155
2059 2755
2059 3061
2060 2859
2060 3231
2061 3702
2062 2070
2062 2330
2062 2591
2062 2864
2062 3475
2062 3907
2063 2108
2063 2305
2063 3487
2064 2410
2064 2658
2065 2321
2065 2922
2066 2332
2067 2792
2068 2137
2068 2438
2069 2138
2069 3431
2070 2253
2071 2402
2071 3994
2072 2199
2072 3861
2073 3846
2074 3441
2074 3550
2075 2333
2075 3011
2076 2843
2077 2462
2077 3081
2077 3870
2078 2768
2078 3537
2078 3925
2079 2408
2079 3023
2079 3100
2079 3294
2079 3697
2080 2759
2080 3811
2081 2614
2081 3281
2081 3761
2081 3855
2082 2185
2082 3647
2083 2556
2083 3030
2084 2471
2084 3451
2084 3977
2085 2299
2085 2541
2085 2931
2085 3663
2086 2184
2086 3670
2088 3562
2089 3342
2089 3485
2090 2162
2091 3420
2092 3247
2093 3367
2094 2239
2095 3226
2096 2355
2096 2960
2096 3649
2097 3369
2097 3520
2098 2918
2100 3431
2101 3628
2101 3631
2102 3777
2103 2966
2103 3121
2104 2963
2104 3431
2105 2375
2106 2499
2106 3106
2106 3434
2109 3138
2110 3144
2110 3404
2111 2679
2112 2434
2112 2897
2112 3063
2113 3779
2114 2236
2114 3148
2117 3144
2117 3985
2118 2647
2118 2782
2119 3557
2120 2311
2120 2665
2120 2952
2120 3745
2121 3756
2122 2746
2122 3771
2123 3345
2123 3780
2124 2313
2124 3722
2124 3760
2125 2542
2127 2360
2127 3920
2128 2216
2128 3198
2128 3323
2128 3992
2129 2982
2129 3104
2129 3319
2129 3840
2129 4003
2130 2743
2130 3595
2131 3470
2132 2715
2132 2949
2132 3065
2132 3359
2132 3740
2133 3001
2133 3278
2133 3310
2133 3538
2133 3740
2133 3822
2134 2737
2134 2847
2134 2850
2135 3032
2136 2151
2136 2522
2136 2569
2137 2312
2137 3563
2137 3984
2138 2176
2138 2472
2138 2869
2138 3225
2138 3990
2139 2604
2139 3249
2139 3424
2140 2433
2140 2727
2141 3434
2142 2713
2142 2939
2142 3330
2143 2373
2144 3081
2144 4024
2146 2148
2146 2437
2146 3069
2147 2386
2147 3246
2147 3916
2148 3874
2148 4023
2151 3367
2151 3723
2152 2533
2152 3756
2153 2253
2154 3392
2155 2509
2155 2596
2155 2709
2155 2911
2155 3309
2155 4011
2156 2712
2156 2802
2156 3075
2156 3329
2156 3821
2157 2217
2157 2383
2157 2621
2157 2701
2157 3113
2157 3749
2158 3738
2158 3884
2159 2463
2160 3345
2160 3795
2161 2192
2161 2767
2161 2869
2161 3198
2161 3818
2161 3847
2162 2598
2162 3714
2162 3878
2162 3908
2163 2397
2163 3131
2163 3227
2163 3513
2164 2843
2165 3470
2166 3619
2167 3111
2167 3224
2167 3636
2167 3844
2167 3987
2168 2326
2168 2360
2168 2782
2169 2282
2169 2800
2169 2802
2169 3155
2169 3979
2170 2341
2170 3941
2171 2434
2171 3609
2172 2416
2172 3674
2174 2814
2174 2903
2176 2369
2176 3799
2177 2684
2178 3612
2179 3708
2180 2975
2180 3744
2182 2228
2182 3202
2183 2731
2183 2745
2183 3697
2183 3841
2184 3114
2185 3454
2185 3898
2186 3077
2186 4028
2187 2188
2187 2589
2187 3116
2188 2997
2188 3660
2189 3923
2190 2769
2190 3601
2191 3537
2191 3846
2192 3737
2193 2285
2193 2564
2193 2970
2194 3885
2195 3017
2195 3153
2196 2844
2196 3106
2198 2323
2198 3856
2198 3993
2199 2576
2199 2765
2199 2791
2201 2837
2202 3602
2202 3674
2203 2649
2203 3467
2204 2381
2204 3829
2205 2844
2206 2787
2206 2912
2206 3125
2207 3417
2208 3925
2209 2326
2209 2843
2209 3336
2210 2666
2211 2375
2211 3580
2213 2542
2214 3139
2215 2278
2215 2921
2215 3006
2215 3574
2215 3736
2218 2376
2218 2871
2218 3655
2218 3703
2219 3234
2219 3938
2220 2373
2220 3912
2221 2342
2221 2629
2222 3102
2223 3057
2223 3123
2223 3912
2224 2441
2224 2444
2224 3001
2224 3263
2224 3934
2225 2446
2225 2680
2225 3381
2225 3391
2225 3398
2225 3720
2226 2501
2226 3566
2227 2552
2227 3015
2228 2905
2228 4040
2229 3436
2230 2587
2230 2778
2230 3424
2231 3343
2231 3829
2232 2432
2232 2823
2232 3120
2232 3709
2232 3832
2232 3945
2233 2866
2233 3744
2234 2746
2234 3721
2236 3317
2237 3102
2238 2607
2240 2328
2240 2829
2240 2925
2240 3567
2240 3765
2241 2286
2241 2913
2241 3372
2241 3380
2241 3603
2242 2406
2243 2584
2243 2660
2243 3664
2244 3267
2244 3864
2244 3906
2245 2335
2245 2683
2245 3848
2245 3856
2246 2362
2246 2897
2246 3927
2247 3467
2248 2455
2248 2532
2248 2635
2248 2764
2248 3432
2249 3629
2250 2344
2250 2500
2250 2822
2250 3729
2251 2489
2251 3414
2251 3693
2251 3894
2252 2310
2252 2469
2252 2944
2252 3565
2252 3671
2252 3820
2253 3050
2253 3783
2254 3017
2255 2541
2255 2545
2255 2629
2255 3212
2255 3463
2256 2336
2256 3722
2257 3543
2258 2464
2258 3030
2259 2800
2259 3160
2259 3442
2259 3819
2260 3082
2260 3497
2260 3622
2261 2294
2261 2365
2261 2615
2261 2711
2261 2760
2262 2272
2262 2351
2262 2965
2262 3555
2263 3079
2264 2662
2264 3721
2264 3779
2265 2362
2266 2794
2266 3451
2266 3582
2266 3645
2266 3966
2267 2501
2267 3929
2268 2492
2269 2904
2270 3059
2270 3953
2271 2620
2273 2563
2273 2674
2273 3152
2273 3896
2273 4021
2274 2433
2275 2382
2275 3648
2275 4015
2276 3366
2277 3156
2277 3244
2277 3426
2277 3643
2277 4044
2279 3802
2282 2786
2283 2313
2283 2879
2283 3551
2284 2442
2284 3041
2284 3836
2285 2457
2285 2696
2285 2948
2286 2506
2286 2972
2288 3326
2289 3457
2290 3474
2291 2301
2291 2725
2291 3906
2292 2932
2292 3342
2293 3448
2293 3506
2293 3849
2294 3153
2295 2600
2295 3488
2298 3530
2298 3710
2299 3167
2300 2805
2300 3000
2301 2357
2301 2841
2301 3395
2301 3971
2302 3710
2303 2669
2304 2538
2305 2462
2307 3326
2308 2475
2308 2625
2308 3028
2308 3766
2309 2975
2309 3791
2309 3963
2310 3059
2311 3231
2313 2503
2313 3642
2314 2371
2314 2438
2315 3850
2316 2430
2316 2560
2316 3327
2316 3955
2317 3265
2317 3429
2317 3501
2318 2978
2318 3229
2319 3754
2320 3564
2320 3669
2321 3226
2321 3420
2322 2501
2323 3046
2323 3621
2324 3121
2324 3807
2325 3150
2326 3387
2326 4013
2327 3295
2328 2479
2329 3753
2329 3793
2329 3906
2330 2735
2331 2538
2331 2909
2331 3499
2332 3587
2332 3604
2332 3865
2333 2411
2333 2935
2333 3078
2333 3480
2334 3614
2334 3873
2335 2862
2336 2503
2336 3035
2336 3122
2337 3807
2338 2381
2338 3539
2339 2839
2341 3251
2341 3380
2341 3514
2341 3868
2341 3880
2341 3977
2343 2411
2343 2754
2343 3494
2343 3582
2343 3640
2343 3778
2343 3806
2344 3367
2345 2387
2345 2707
2346 3068
2346 3073
2346 3869
2347 2501
2348 3498
2349 3932
2350 3550
2350 3965
2351 3471
2352 3506
2353 2520
2354 3154
2354 3205
2355 2909
2355 3551
2356 2830
2356 3533
2357 3371
2358 3154
2358 3291
2359 2673
2360 2941
2360 3037
2360 3073
2361 3257
2361 3498
2362 2391
2362 2916
2362 3810
2363 3057
2363 3483
2364 2587
2366 3469
2368 2479
2368 3471
2369 3053
2369 3214
2369 3842
2370 3857
2371 2906
2371 3316
2372 2866
2372 3371
2373 2466
2373 3067
2373 3125
2375 3170
2375 3507
2376 2837
2376 3343
2377 2922
2377 4007
2379 2854
2380 2884
2380 3633
2381 2599
2381 3029
2381 3672
2382 3449
2382 3742
2383 2438
2385 2605
2385 3352
2386 2697
2386 3027
2387 3489
2388 2495
2389 2515
2390 3559
2392 2858
2392 3445
2392 3515
2392 3732
2393 2870
2393 3920
2394 3116
2394 3737
2395 2448
2396 2652
2396 2761
2396 3485
2397 2814
2397 3827
2399 3117
2400 2901
2401 3144
2402 2671
2402 4045
2403 3233
2403 3614
2404 2469
2404 3525
2405 3853
2406 3560
2406 3583
2406 3678
2407 2558
2408 3440
2410 2420
2410 2977
2410 3633
2410 3973
2411 2915
2412 3601
2413 2963
2413 3366
2413 3812
2414 2679
2414 2897
2415 2820
2415 3722
2415 3895
2416 2561
2416 2606
2416 3764
2416 3924
2417 2456
2417 2957
2417 3362
2417 3543
2417 3544
2418 3258
2418 3512
2419 2578
2419 3173
2420 2679
2420 3313
2421 3205
2421 3889
2422 3198
2422 3739
2423 2962
2423 2984
2424 2702
2424 3373
2425 3057
2425 3457
2426 2911
2426 2983
2426 3013
2426 3140
2426 3484
2426 3590
2427 2573
2427 2859
2428 3529
2430 4041
2431 3020
2432 2474
2432 4034
2433 2505
2434 3276
2435 2600
2435 3737
2436 3889
2437 3277
2438 2690
2438 2748
2438 2889
2439 3753
2441 3024
2441 3658
2442 2459
2442 3938
2443 2579
2443 3156
2443 3856
2444 2936
2445 2697
2445 2879
2446 2673
2447 3066
2447 3851
2449 3790
2449 3793
2450 3858
2451 3123
2453 2637
2454 2594
2454 3422
2454 3572
2454 4038
2455 3826
2456 2695
2456 3431
2457 2895
2457 3124
2458 2751
2458 2821
2458 3632
2459 2553
2459 3998
2460 4016
2461 3754
2462 3105
2462 3598
2463 2872
2463 2968
2463 3890
2464 3569
2464 3650
2465 3308
2467 2723
2468 3746
2469 3786
2471 2786
2473 2666
2473 3787
2474 2566
2474 2572
2474 2957
2474 3033
2474 3496
2475 3345
2478 2611
2478 3241
2478 3939
2479 2919
2480 3420
2483 3753
2486 3292
2486 3457
2487 3342
2488 3512
2488 3870
2489 2928
2490 3555
2491 3485
2491 3539
2492 2858
2492 3149
2492 3458
2493 2915
2493 3711
2494 2847
2494 3318
2494 3493
2495 3534
2495 3935
2495 3971
2496 3138
2496 3512
2497 2647
2497 3684
2498 3148
2499 2716
2499 2848
2499 3843
2501 3014
2501 3341
2502 3919
2504 2633
2504 2728
2504 3091
2504 3810
2505 3965
2506 3080
2506 3240
2506 3527
2506 3891
2507 3258
2508 3461
2509 2836
2509 3845
2510 2821
2510 2848
2512 3529
2513 2653
2513 3873
2513 3927
2514 2658
2514 2895
2515 3463
2515 3862
2516 2747
2516 2918
2518 3498
2519 2673
2520 2762
2520 2852
2520 3227
2520 3462
2521 3161
2521 3695
2522 3758
2523 2729
2523 2969
2523 3170
2523 3354
2523 3618
2524 3272
2524 3457
2524 4028
2525 3303
2525 3489
2526 3925
2526 4028
2527 2732
2529 3002
2529 3330
2529 3967
2531 3238
2531 3431
2532 2936
2532 3537
2533 3240
2534 3157
2535 2868
2535 4041
2537 3467
2538 2842
2538 3169
2538 3369
2538 3515
2539 2966
2540 2548
2541 3469
2542 3142
2542 3438
2545 3834
2546 3069
2546 3304
2546 3430
2546 3502
2546 3598
2547 3393
2547 3614
2548 2821
2548 3071
2548 3090
2548 3215
2549 3570
2550 2912
2550 3147
2550 3184
2551 2738
2551 2781
2551 2841
2551 4004
2552 2591
2552 2615
2552 3107
2552 3561
2553 2773
2554 3650
2554 3845
2555 3253
2556 3845
2556 3873
2557 2779
2557 3514
2557 3695
2558 2922
2558 3080
2558 3505
2558 3868
2560 3771
2562 3088
2562 3351
2563 3043
2563 3562
2564 3021
2564 3547
2564 3578
2565 3308
2568 3404
2569 2743
2569 3768
2570 3758
2571 3079
2573 3280
2573 3568
2573 3935
2574 3072
2574 3506
2575 3726
2576 3857
2577 2836
2578 2734
2580 2736
2581 3133
2583 3682
2584 2810
2585 3779
2586 2695
2586 3082
2587 2715
2587 3260
2587 3531
2587 3958
2587 4022
2588 2936
2588 3461
2589 3304
2589 4027
2590 2893
2590 3354
2590 3876
2592 2669
2593 3576
2594 3631
2597 2786
2597 3562
2598 3042
2600 3199
2600 3314
2600 3501
2600 3522
2601 2827
2601 3605
2602 2932
2602 2963
2603 3647
2604 2753
2604 2946
2604 3401
2604 3973
2604 4017
2605 2909
2607 3819
2608 3482
2608 3952
2609 3482
2609 3800
2610 3602
2612 3058
2612 3373
2613 2915
2614 3631
2617 2955
2618 2978
2620 3151
2620 3832
2622 2903
2625 3234
2626 3612
2627 3326
2628 2782
2629 3974
2630 2930
2630 3157
2631 2937
2631 4042
2632 3078
2632 3426
2634 2773
2635 3985
2636 4001
2637 2757
2637 2881
2637 4012
2638 2897
2638 3291
2638 3774
2639 3226
2639 3846
2641 3093
2641 3126
2641 3316
2642 3605
2642 3629
2643 3802
2644 2654
2644 3337
2644 3592
2644 3624
2644 3811
2645 3859
2646 3597
2647 2809
2648 3347
2648 3900
2649 2704
2649 3361
2649 4019
2652 2826
2652 3748
2652 3959
2653 3054
2653 3276
2653 3699
2654 3303
2654 3879
2655 2813
2655 3497
2657 3717
2659 3774
2660 3205
2662 2806
2662 3103
2662 3213
2662 3236
2663 2891
2664 3334
2664 3875
2666 2950
2666 3390
2667 2943
2667 3542
2668 3436
2669 3565
2669 3623
2670 2955
2670 3036
2670 3157
2672 4041
2673 3261
2675 3092
2675 3529
2676 3895
2677 3682
2678 3235
2679 2980
2679 3060
2680 3272
2681 3834
2682 3551
2683 4024
2684 2741
2684 3098
2684 3552
2685 2915
2687 2773
2688 3205
2688 3336
2691 3420
2692 3726
2693 2837
2693 2897
2695 3945
2696 3650
2697 2815
2697 3377
2698 3124
2699 3619
2700 3591
2702 2766
2702 2865
2702 3340
2702 3352
2702 3886
2703 2894
2704 2843
2706 2978
2706 3331
2707 3447
2709 3202
2713 2891
2716 2862
2716 3789
2717 3773
2718 2894
2722 2839
2723 2908
2723 3025
2723 3232
2723 3259
2725 3452
2725 3896
2725 4004
2726 3069
2726 3195
2726 3376
2727 2809
2727 3437
2728 3171
2729 3124
2730 3576
2730 3892
2731 2810
2732 2958
2732 2977
2732 3503
2732 3561
2733 2898
2733 2929
2733 2940
2733 3381
2733 3462
2734 3141
2734 3174
2734 3803
2735 2835
2735 2925
2735 3552
2735 3577
2735 3588
2735 3778
2736 3353
2736 3494
2736 3998
2738 3807
2738 3889
2739 2859
2740 3731
2741 3954
2742 3228
2742 3855
2743 3854
2745 3205
2746 2867
2746 3228
2746 4039
2747 3100
2747 3462
2747 3491
2747 3660
2747 4033
2748 3530
2749 3336
2749 3920
2751 2792
2751 2862
2753 2915
2754 3483
2755 2934
2755 3284
2755 3950
2756 3797
2758 3897
2759 2776
2759 3470
2760 3088
2761 3114
2761 3700
2763 2904
2765 3621
2766 2808
2767 3420
2768 3216
2768 3283
2768 3635
2769 2785
2769 3417
2769 3940
2771 3677
2773 3618
2773 3667
2774 3912
2775 2808
2775 3530
2776 2857
2776 3026
2776 3395
2776 3833
2778 3122
2778 3310
2778 3402
2778 3556
2779 3150
2780 3737
2781 3753
2781 3864
2782 3127
2784 2931
2784 3145
2784 3713
2785 3861
2786 3239
2786 3286
2787 3061
2788 2937
2788 3117
2788 3731
2789 3812
2789 3892
2791 3298
2792 3516
2794 3941
2795 3243
2796 3020
2796 3827
2796 3834
2797 3243
2798 3483
2799 3343
2801 2909
2801 3063
2801 3883
2803 2879
2803 3351
2804 2859
2805 3756
2806 3482
2808 2845
2808 3898
2809 3004
2810 3219
2810 3871
2813 2905
2813 3972
2813 3981
2814 3227
2814 3785
2814 3808
2816 3508
2817 3559
2818 3591
2819 2888
2819 4046
2820 2982
2820 3330
2820 3414
2824 3754
2826 2938
2826 3791
2827 3692
2827 3942
2828 3488
2828 3824
2830 2910
2830 3356
2830 3419
2831 2930
2831 3605
2834 2963
2835 4036
2836 2934
2836 3125
2837 3608
2837 3948
2838 2863
2838 2961
2838 3880
2838 3891
2838 3930
2840 3793
2842 3118
2842 3791
2843 2846
2843 4006
2844 3000
2844 3047
2844 3208
2844 3372
2847 3731
2849 3799
2850 3710
2851 3020
2851 3974
2852 3334
2854 3196
2856 3144
2857 3670
2859 3008
2861 3799
2864 3743
2866 3935
2866 4004
2867 3601
2867 3929
2868 2940
2868 2956
2868 3769
2868 3804
2870 2990
2870 3294
2870 3405
2871 3800
2871 3927
2873 2894
2874 3231
2874 3489
2875 2898
2875 3364
2875 3397
2875 3730
2875 4043
2876 3392
2876 3917
2879 3586
2879 3962
2880 3209
2881 3771
2882 2888
2882 2955
2882 3919
2883 3795
2884 3153
2884 3424
2886 3756
2888 2907
2888 3513
2888 3626
2889 3448
2891 3545
2891 3788
2891 3976
2894 2933
2894 3147
2894 3521
2895 3532
2896 2930
2896 3609
2899 3146
2899 3915
2900 3690
2901 3129
2901 3364
2902 3961
2903 3348
2903 3949
2904 3188
2904 3468
2905 3295
2908 3892
2909 2916
2909 3097
2914 3576
2915 3606
2917 3786
2918 3274
2920 3172
2920 3710
2921 3827
2923 3408
2926 3595
2926 3758
2927 3829
2927 4001
2928 3040
2928 3192
2928 3410
2928 3763
2928 4035
2930 3192
2930 3216
2930 3382
2930 3823
2932 3023
2932 3578
2932 4033
2934 2981
2936 3346
2936 3478
2937 2939
2937 3526
2937 3653
2937 3657
2938 3520
2938 3575
2938 3848
2941 3530
2942 3605
2942 4016
2944 3277
2945 3906
2946 3375
2947 3267
2949 3133
2950 3202
2953 3827
2954 3780
2955 3673
2955 3719
2956 3685
2957 3474
2958 3249
2960 3722
2962 2995
2963 3413
2964 3471
2964 3795
2966 3504
2966 3728
2967 3153
2969 3674
2970 3665
2971 3390
2971 3438
2972 3222
2972 3262
2972 3405
2972 3801
2973 3779
2973 3807
2974 3485
2975 3264
2975 3955
2976 3018
2976 3415
2976 3707
2976 3959
2976 3991
2978 3306
2978 3567
2978 3752
2979 3744
2981 3140
2981 3741
2983 3167
2985 3677
2986 3677
2988 3092
2988 3446
2989 3974
2992 3229
2992 4015
2993 3308
2995 3213
2995 4019
2996 4034
2997 3954
2998 3616
2999 3060
2999 3143
3000 3827
3002 3485
3003 3059
3003 3102
3004 3128
3004 3206
3004 3825
3004 3877
3004 3950
3007 3780
3008 3371
3009 3298
3010 3235
3010 3601
3011 3163
3011 3177
3011 3704
3012 3157
3013 3746
3014 3875
3015 3259
3015 3607
3015 3689
3015 3778
3015 3956
3017 3189
3018 3905
3019 3291
3019 3482
3020 3194
3022 3258
3024 3340
3024 3355
3024 3411
3026 3799
3027 3593
3027 3972
3028 4016
3029 3658
3030 3690
3031 3036
3031 3291
3032 3456
3033 3082
3033 3171
3034 3357
3036 3094
3036 3714
3036 3782
3037 3872
3037 4016
3039 3786
3042 3166
3043 3528
3043 3546
3043 3634
3044 3461
3044 3796
3044 3879
3046 3250
3046 3391
3046 3481
3046 3888
3048 3859
3051 3371
3051 3470
3053 3470
3054 3857
3055 3277
3057 3096
3057 3338
3057 3675
3058 3251
3058 3275
3058 3625
3058 3666
3059 3492
3059 3656
3059 3839
3061 3801
3061 3983
3062 3257
3063 3143
3063 3445
3063 3782
3068 3682
3070 3807
3071 4036
3072 3296
3074 3925
3075 3357
3076 3773
3077 3200
3077 3350
3077 3578
3078 3081
3079 3241
3079 3453
3081 3242
3081 3361
3082 3589
3082 3748
3082 4021
3083 3795
3085 3602
3086 3619
3088 3401
3088 3633
3089 3375
3090 3897
3091 3171
3092 3587
3092 3747
3092 3837
3095 3506
3096 3648
3099 3393
3101 3607
3101 4029
3102 3523
3103 3721
3106 3268
3106 3510
3106 3981
3108 3497
3108 3508
3109 3235
3109 3612
3109 3721
3110 3229
3111 3447
3112 3334
3112 3444
3116 3522
3116 3837
3117 3315
3117 3769
3117 3788
3118 3913
3120 3444
3121 3266
3124 3134
3124 3869
3127 3915
3130 3244
3133 3430
3133 4006
3135 3457
3138 3397
3138 3649
3139 3204
3139 3206
3139 3223
3139 3608
3139 4032
3142 3923
3143 3927
3144 3363
3144 3421
3145 3167
3146 3175
3146 3282
3146 3324
3148 3636
3150 3239
3150 3468
3151 3243
3151 3726
3152 3795
3154 3245
3154 3519
3154 3871
3157 3283
3157 3681
3157 3975
3158 3629
3159 3619
3163 3826
3165 3435
3165 3469
3166 3743
3167 3725
3167 3735
3168 3756
3172 3716
3172 3729
3174 3470
3176 3619
3177 3602
3177 3857
3179 3658
3180 3512
3181 3912
3182 3779
3182 4046
3184 3550
3184 4041
3186 3267
3187 3580
3187 3857
3188 3529
3189 3249
3190 3812
3191 3569
3191 3874
3195 3702
3196 3247
3196 4000
3203 3932
3204 3774
3206 3648
3208 4046
3209 3306
3209 3542
3209 3577
3209 3703
3209 3933
3211 4023
3214 3628
3217 3897
3218 3559
3219 3889
3220 3711
3221 3619
3221 3827
3221 3974
3225 3470
3225 3711
3226 3439
3230 3826
3235 3349
3235 3854
3237 3489
3237 3874
3238 3270
3242 3831
3243 3384
3243 3749
3244 3434
3247 3260
3247 3310
3250 3272
3252 3619
3253 3489
3254 3420
3257 3752
3257 4009
3258 3738
3258 3959
3263 3846
3267 4038
3268 3488
3270 3892
3272 3936
3272 3986
3273 3334
3273 3827
3275 3551
3277 3525
3277 3582
3279 3760
3279 3965
3280 3717
3284 3650
3284 3873
3285 3379
3286 3791
3287 3744
3287 3872
3289 3435
3291 3967
3292 3348
3292 3472
3292 3899
3293 3689
3293 3751
3293 3867
3295 3992
3297 3619
3297 3834
3298 3501
3298 3634
3299 3726
3300 3529
3301 3812
3303 3784
3303 3901
3305 3529
3307 3597
3308 3785
3308 3949
3309 3499
3311 3539
3313 3453
3313 3805
3314 3644
3316 3965
3319 3609
3320 3951
3321 3685
3322 3467
3322 3915
3323 3658
3323 4001
3324 3927
3325 3708
3326 3636
3326 3866
3332 3829
3334 3808
3336 3480
3338 3471
3339 3424
3344 3597
3345 3781
3345 3821
3348 3690
3349 3929
3351 3394
3351 3540
3351 3554
3351 3663
3351 3783
3353 3941
3356 3647
3356 3853
3357 3869
3358 3717
3358 3864
3359 3845
3360 3399
3362 3711
3362 3989
3363 3737
3366 3548
3373 3490
3373 3902
3374 3702
3375 3908
3376 4034
3381 3440
3382 4016
3383 3595
3384 4028
3386 3470
3388 4042
3392 3933
3392 4007
3393 4005
3399 3829
3400 3771
3402 3722
3403 3897
3403 3974
3404 3673
3404 3911
3405 3779
3408 3458
3408 3526
3408 3900
3408 4009
3409 3985
3410 3927
3412 3787
3418 3938
3419 3711
3422 3870
3423 3746
3423 4000
3424 3694
3424 3822
3425 3533
3428 3774
3430 3467
3431 3817
3432 3879
3433 3892
3434 3775
3434 3848
3435 3752
3435 3960
3435 3991
3436 3626
3436 3696
3439 3677
3440 3701
3440 4012
3442 3731
3443 3773
3444 3632
3448 3757
3450 3777
3454 3539
3456 3845
3461 3635
3463 3650
3464 3790
3468 3850
3469 3516
3469 3521
3478 3920
3480 3483
3483 3841
3487 3831
3488 3587
3491 3690
3491 3874
3492 3946
3494 3786
3497 3554
3497 3924
3497 3939
3498 3851
3502 3631
3507 3826
3508 3698
3508 3828
3509 3605
3510 3756
3510 3827
3512 3854
3516 3897
3517 3879
3518 3743
3518 3802
3519 3807
3519 3906
3521 3758
3527 3941
3529 3844
3533 3748
3537 3970
3539 3803
3541 3905
3550 3617
3551 3886
3551 3930
3557 3767
3557 3881
3559 3991
3560 3917
3566 3882
3571 3629
3572 3628
3573 3790
3573 4015
3575 3621
3576 3794
3577 3954
3579 3846
3579 3920
3580 3704
3580 3766
3580 3835
3586 3824
3591 3843
3592 3925
3595 3727
3597 3751
3597 4043
3600 3826
3601 4010
3603 3756
3603 3789
3606 3631
3609 3988
3614 3651
3614 3718
3614 4011
3615 3920
3622 4040
3623 3758
3631 3661
3637 3708
3640 3872
3642 3850
3644 3964
3646 3756
3646 4046
3655 3774
3655 3952
3656 3773
3666 3685
3667 3938
3670 4037
3671 3929
3674 3766
3674 3828
3674 4038
3675 4015
3679 3946
3681 3974
3682 3811
3682 4026
3683 3925
3684 4018
3685 3851
3686 3726
3687 3961
3688 3797
3692 3796
3697 3831
3699 3915
3700 3917
3702 3825
3702 3916
3708 3757
3710 4002
3723 3727
3724 3799
3726 3776
3727 3768
3740 3892
3750 3858
3753 4005
3754 3902
3759 3874
3768 3805
3774 3820
3776 3796
3777 3909
3784 3874
3786 3966
3787 4011
3791 3815
3791 3993
3792 3861
3793 3867
3794 3829
3794 3952
3796 3970
3798 3923
3800 3950
3800 4018
3804 3923
3810 3824
3813 3829
3814 4036
3816 3850
3816 3883
3826 3996
3834 3975
3838 3867
3843 4024
3845 3877
3846 4013
3849 3911
3852 3874
3857 3957
3858 3860
3858 3939
3859 3918
3866 4000
3870 3886
3872 4031
3881 3932
3885 3960
3892 4022
3895 3921
3895 4035
3909 3961
3913 4001
3926 4042
3927 3988
3931 4046
3932 3947
3932 4047
3948 3952
3952 3982
3963 3979
3968 4023
3990 4001
4002 4042
4016 4017
