1496 3264
0 975
0 1232
0 1427
1 128
1 520
1 557
1 585
1 683
1 888
1 1252
1 1432
2 365
2 387
2 1335
3 115
3 940
3 1141
4 29
4 352
4 878
5 125
5 178
5 239
5 296
5 444
5 539
5 1157
5 1385
6 471
6 613
6 856
7 60
7 265
7 1339
8 356
8 367
8 392
9 90
9 169
9 825
10 536
10 881
10 1112
11 158
11 204
11 281
11 291
11 304
11 599
11 1038
11 1199
12 260
12 478
12 1167
13 101
13 594
13 1001
14 441
14 636
14 937
15 385
15 1028
15 1237
16 457
16 1015
16 1443
17 137
17 420
17 515
18 237
18 831
18 997
19 29
19 243
19 261
20 58
20 86
20 154
21 50
21 297
21 362
21 498
21 579
21 1283
21 1367
21 1452
22 73
22 116
22 153
22 706
22 726
22 844
22 848
22 1109
23 288
23 697
23 751
23 948
23 1008
23 1216
23 1254
23 1258
24 356
24 394
24 867
25 106
25 107
25 443
25 461
25 871
25 936
25 1290
25 1416
26 30
26 455
26 646
27 907
27 1129
27 1208
28 455
28 1006
28 1130
29 108
29 142
29 145
29 251
29 701
29 1380
30 294
30 375
30 437
30 630
30 1009
30 1019
30 1225
31 77
31 464
31 477
31 620
31 655
31 657
31 842
31 1018
32 346
32 617
32 893
33 801
33 1094
33 1473
34 135
34 387
34 1187
35 121
35 138
35 319
35 996
35 1022
35 1313
35 1314
35 1392
36 134
36 180
36 329
36 378
36 642
36 706
36 865
36 1163
37 878
37 960
37 1205
38 301
38 321
38 987
39 84
39 491
39 746
39 947
39 976
39 1037
39 1042
39 1165
40 224
40 825
40 893
41 600
41 1011
41 1286
42 811
42 964
42 1202
43 113
43 278
43 330
43 602
43 861
43 897
43 1115
43 1422
44 157
44 366
44 480
44 923
44 972
44 1012
44 1171
44 1182
45 321
45 1147
45 1414
46 158
46 424
46 522
46 776
46 852
46 1321
46 1377
46 1444
47 183
47 713
47 847
48 183
48 300
48 416
49 1205
49 1376
49 1436
50 86
50 327
51 105
51 331
51 525
52 966
52 1213
52 1443
53 203
53 653
53 1005
54 68
54 310
54 847
55 1088
55 1243
55 1424
56 285
56 1141
56 1491
57 86
57 634
57 915
58 439
58 523
58 675
58 942
58 1356
58 1472
58 1476
59 225
59 496
59 779
59 816
59 1004
59 1107
59 1194
59 1240
60 116
60 196
60 299
60 682
60 829
60 1405
60 1450
61 645
61 788
61 1179
62 523
62 524
62 574
62 637
62 652
62 822
62 1117
62 1367
63 169
63 1164
63 1414
64 502
64 756
64 983
65 833
65 1193
65 1295
66 260
66 515
66 801
67 343
67 831
67 1261
68 340
68 479
68 484
68 654
68 887
68 1145
68 1330
69 74
69 834
69 1447
70 141
70 174
70 453
70 550
70 715
70 843
70 1215
70 1329
71 933
71 1144
71 1228
72 185
72 257
72 954
73 562
73 1084
74 191
74 309
74 615
74 668
74 717
74 1058
74 1159
75 185
75 805
75 1487
76 441
76 743
76 1308
77 405
77 928
78 115
78 1243
78 1491
79 278
79 319
79 619
79 655
79 762
79 819
79 837
79 1429
80 627
80 954
80 1231
81 376
81 478
81 1237
82 285
82 1090
82 1349
83 1056
83 1061
83 1492
84 847
84 1418
85 536
85 890
85 1084
86 130
86 705
86 1241
86 1309
86 1398
87 89
87 320
87 421
87 609
87 837
87 926
87 1201
87 1405
88 326
88 687
88 730
89 287
89 1061
90 193
90 381
90 473
90 510
90 729
90 1345
90 1467
91 508
91 925
91 1191
92 221
92 945
92 1112
93 691
93 1160
93 1311
94 219
94 613
94 1056
95 220
95 811
95 1246
96 714
96 1090
96 1151
97 752
97 860
97 1015
98 380
98 690
98 880
98 895
98 950
98 1192
98 1235
98 1451
99 282
99 469
99 511
99 882
99 910
99 1197
99 1209
99 1409
100 252
100 450
100 620
100 871
100 1034
100 1156
100 1195
100 1207
101 320
101 428
101 530
101 1218
101 1229
101 1306
101 1468
102 262
102 403
102 846
102 918
102 947
102 976
102 1303
102 1479
103 747
103 1257
103 1489
104 165
104 723
104 736
105 528
105 690
105 715
105 866
105 1044
105 1411
105 1441
106 345
106 1489
107 711
107 894
108 408
108 1376
109 538
109 937
109 1187
110 966
110 1001
110 1155
111 241
111 747
111 1347
112 348
112 788
112 1401
113 684
113 756
114 945
114 1069
114 1093
115 119
115 314
115 375
115 440
115 514
115 787
116 1434
117 179
117 192
117 534
117 855
117 876
117 877
117 1245
117 1377
118 218
118 300
118 628
119 257
119 681
120 185
120 606
120 1162
121 684
121 1412
122 606
122 645
122 1336
123 243
123 407
123 769
124 847
124 1112
124 1133
125 429
125 1237
126 349
126 483
126 506
126 626
126 1139
126 1200
126 1405
126 1441
127 352
127 933
127 940
128 849
128 1041
129 281
129 299
129 486
129 534
129 781
129 871
129 1108
129 1265
130 343
130 344
131 230
131 1036
131 1179
132 663
132 750
132 1465
133 694
133 940
133 1011
134 1251
134 1268
135 147
135 178
135 905
135 909
135 977
135 980
135 1368
136 416
136 805
136 874
137 338
137 357
137 705
137 738
137 826
137 932
137 978
138 356
138 500
139 344
139 592
139 1406
140 225
140 676
140 682
140 761
140 773
140 1135
140 1212
140 1343
141 714
141 945
142 730
142 960
143 280
143 617
143 1151
144 221
144 241
144 678
145 416
145 635
146 644
146 934
146 1251
147 307
147 987
148 631
148 1295
148 1304
149 486
149 699
149 773
149 848
149 926
149 1074
149 1200
149 1220
150 238
150 691
150 961
151 409
151 684
151 1028
152 785
152 1335
152 1465
153 742
153 1144
154 414
154 425
154 426
154 529
154 579
154 989
154 1449
155 1268
155 1297
155 1461
156 297
156 410
156 439
156 504
156 513
156 765
156 898
156 1456
157 347
157 482
158 321
159 224
159 878
159 1301
160 305
160 370
160 417
160 444
160 870
160 958
160 1464
160 1484
161 190
161 448
161 661
161 791
161 1022
161 1302
161 1348
161 1422
162 265
162 1297
162 1486
163 344
163 993
163 1160
164 621
164 685
164 1257
165 639
165 689
165 918
165 936
165 1042
165 1070
165 1464
166 227
166 269
166 316
166 350
166 533
166 780
166 883
166 1049
167 263
167 859
167 1112
168 192
168 599
168 763
168 817
168 953
168 1146
168 1307
168 1446
169 676
169 733
169 822
169 919
169 1274
169 1470
170 276
170 767
170 961
171 422
171 1056
171 1297
172 754
172 1164
172 1366
173 648
173 694
173 778
174 224
174 1420
175 245
175 253
175 484
175 790
175 882
175 1018
175 1189
175 1378
176 197
176 1202
176 1420
177 220
177 548
177 769
178 545
179 408
179 535
180 617
180 899
181 1011
181 1133
181 1286
182 207
182 831
182 1208
183 190
183 499
183 649
183 800
183 865
183 1404
184 341
184 665
184 757
184 761
184 1002
184 1030
184 1064
184 1105
185 288
185 465
185 784
185 1281
185 1371
186 736
186 1129
186 1280
187 271
187 603
187 677
187 938
187 944
187 988
187 1099
187 1328
188 963
188 1246
188 1487
189 545
189 621
189 635
190 1036
191 1000
191 1187
192 321
193 1094
193 1487
194 223
194 394
194 853
195 264
195 578
195 1133
196 422
196 794
197 248
197 290
197 877
197 930
197 1023
197 1038
197 1337
198 681
198 1094
198 1336
199 321
199 1045
199 1213
200 646
200 767
200 867
201 214
201 960
201 963
202 345
202 508
202 831
203 235
203 835
203 919
203 1060
203 1176
203 1296
203 1438
204 535
204 1436
205 500
205 853
205 894
206 508
206 1208
206 1248
207 373
207 449
207 483
207 582
207 1294
207 1340
207 1426
208 282
208 437
208 798
208 887
208 921
208 1114
208 1264
208 1267
209 387
209 663
209 1168
210 462
210 885
210 1191
211 315
211 925
211 966
212 497
212 535
212 1369
213 289
213 376
213 688
214 418
214 672
214 923
214 955
214 980
214 1058
214 1103
215 257
215 285
215 687
216 327
216 685
216 1338
217 416
217 868
217 1391
218 701
218 824
218 846
218 938
218 1072
218 1178
218 1404
219 380
219 662
219 902
219 971
219 982
219 1152
219 1484
220 436
220 757
220 969
220 1315
220 1342
220 1457
221 540
221 610
221 686
221 765
221 823
221 994
222 892
222 957
222 1132
223 443
223 448
223 720
223 768
223 770
223 821
223 1287
224 273
224 519
224 949
224 990
224 1010
225 1251
226 825
226 922
226 1406
227 758
227 1237
228 259
228 306
228 767
229 645
229 663
229 1217
230 244
230 353
230 551
230 1009
230 1109
230 1219
230 1341
231 564
231 648
231 966
232 508
232 899
232 1339
233 276
233 711
233 1193
234 621
234 856
234 1397
235 1120
235 1366
236 653
236 1097
236 1349
237 399
237 460
237 660
237 869
237 1113
237 1363
237 1428
238 428
238 434
238 492
238 679
238 1030
238 1299
238 1460
239 301
239 753
240 515
240 712
240 915
241 246
241 324
241 368
241 1078
241 1149
241 1463
242 439
242 448
242 464
242 734
242 1043
242 1181
242 1189
242 1452
243 486
243 518
243 739
243 1450
243 1462
243 1470
244 292
244 1401
245 367
245 646
246 317
246 1492
247 420
247 600
247 1231
248 663
248 750
249 1036
249 1217
249 1335
250 376
250 596
250 723
251 1097
251 1322
252 894
252 1073
253 961
253 1128
254 400
254 462
254 1295
255 750
255 1144
255 1170
256 634
256 874
256 1289
257 374
257 480
257 740
257 1035
257 1374
258 279
258 962
258 1268
259 762
259 815
259 1092
259 1189
259 1207
259 1222
259 1224
260 275
260 520
260 568
260 1136
260 1142
260 1361
261 495
261 731
261 819
261 1095
261 1131
261 1223
261 1357
262 688
262 858
263 374
263 386
263 403
263 498
263 700
263 1165
263 1356
264 268
264 423
264 978
264 1269
264 1354
264 1379
264 1381
265 530
265 772
265 1138
265 1200
265 1325
265 1429
266 303
266 459
266 618
266 649
266 827
266 904
266 1291
266 1478
267 405
267 713
267 859
268 745
268 1011
269 502
269 723
270 285
270 482
270 681
271 420
271 1213
272 613
272 1168
272 1289
273 339
273 730
274 794
274 1084
274 1144
275 1249
275 1442
276 571
276 790
276 1195
276 1267
276 1421
276 1432
277 347
277 516
277 543
278 646
279 378
279 573
279 751
279 832
279 1107
279 1157
279 1343
280 395
280 876
280 1025
280 1038
280 1198
280 1282
280 1329
281 1013
282 693
283 310
283 858
283 1391
284 317
284 1050
284 1424
285 737
285 935
285 1106
285 1225
286 578
286 874
286 1141
287 323
287 677
287 731
287 927
287 1138
287 1270
287 1309
288 581
289 426
289 587
289 883
289 998
289 1121
289 1153
289 1437
290 636
290 1246
291 894
291 1079
292 398
292 630
292 1121
292 1190
292 1239
292 1253
292 1381
293 834
293 937
293 1120
294 546
294 1170
295 322
295 477
295 555
295 766
295 802
295 1100
295 1224
295 1309
296 409
296 748
297 306
298 454
298 568
298 614
298 695
298 970
298 1066
298 1318
298 1421
299 1322
300 384
300 795
300 824
300 1052
300 1276
300 1479
301 418
301 598
301 814
301 851
301 929
301 1488
302 546
302 696
302 1317
303 352
303 1160
304 446
304 1204
305 462
305 1447
306 363
306 770
306 777
306 942
306 1018
306 1302
307 418
307 574
307 599
307 1126
307 1255
307 1334
307 1377
308 416
308 497
308 1205
309 1120
309 1187
310 642
310 844
310 883
310 1077
310 1303
310 1409
311 691
311 1231
311 1443
312 945
312 963
312 1427
313 429
313 548
313 635
314 369
314 1401
315 435
315 465
315 537
315 658
315 719
315 832
315 840
316 1013
316 1084
317 605
317 775
317 789
317 814
317 1368
317 1480
318 333
318 412
318 934
319 892
320 1297
321 527
321 652
321 980
322 712
322 1249
323 940
323 1097
324 754
324 920
325 392
325 937
325 987
326 496
326 569
326 623
326 806
326 903
326 906
326 1327
327 485
327 505
327 998
327 1017
327 1104
327 1476
328 760
328 811
328 987
329 628
329 1304
330 892
330 928
331 382
331 532
331 855
331 1113
331 1199
331 1262
331 1276
332 552
332 859
332 1280
333 779
333 969
333 1083
333 1127
333 1143
333 1282
333 1458
334 356
334 409
334 515
335 834
335 937
335 1000
336 993
336 1056
336 1434
337 828
337 1112
337 1423
338 659
338 1050
339 379
339 484
339 647
339 661
339 766
339 1209
339 1278
340 767
340 1301
341 369
341 594
342 429
342 1436
342 1486
343 454
343 875
343 1116
343 1214
343 1252
343 1271
344 411
344 431
344 939
344 1091
344 1371
345 435
345 582
345 850
345 1008
345 1238
345 1463
346 571
346 707
346 985
346 986
346 1037
346 1114
346 1456
347 507
347 740
347 838
347 930
347 951
347 1298
348 597
348 741
348 1009
348 1153
348 1269
348 1293
348 1403
349 1168
349 1358
350 409
350 478
351 413
351 808
351 985
351 1033
351 1062
351 1163
351 1194
351 1329
352 651
352 807
352 891
352 923
352 1344
353 645
353 957
354 592
354 805
354 1162
355 752
355 754
355 1213
356 371
356 614
356 888
356 1115
357 997
357 1249
358 446
358 750
358 1335
359 577
359 1007
359 1112
360 721
360 729
360 912
360 1040
360 1060
360 1082
360 1116
360 1333
361 801
361 849
361 1249
362 1248
362 1414
363 743
363 858
364 441
364 1295
364 1366
365 838
365 839
365 845
365 984
365 1047
365 1242
365 1441
366 945
366 1032
367 388
367 479
367 511
367 669
367 823
367 1372
368 1093
368 1317
369 492
369 609
369 1138
369 1225
369 1235
369 1244
370 1120
370 1336
371 1237
371 1249
372 393
372 993
372 1423
373 627
373 1155
374 613
375 1061
376 624
376 629
376 1077
376 1316
376 1396
377 957
377 1217
377 1406
378 1028
379 878
379 922
380 1445
381 595
381 1180
382 1045
382 1358
383 714
383 754
383 907
384 778
384 1006
385 657
385 761
385 897
385 943
385 1224
385 1284
385 1314
386 536
386 1069
387 452
387 598
387 679
387 889
387 1026
388 394
388 1183
389 575
389 705
389 1080
389 1238
389 1277
389 1290
389 1363
389 1390
390 1191
390 1369
390 1489
391 1280
391 1391
391 1397
392 425
392 485
392 967
392 1058
392 1175
392 1287
393 411
393 442
393 487
393 674
393 807
393 1085
393 1478
394 529
394 589
394 717
394 1103
394 1104
395 581
395 1132
396 543
396 1180
396 1187
397 617
397 934
397 1133
398 1243
398 1286
399 420
399 1248
400 632
400 650
400 660
400 1087
400 1157
400 1390
400 1426
401 501
401 542
401 565
401 633
401 668
401 861
401 1022
401 1440
402 965
402 1442
402 1473
403 1397
404 455
404 536
404 742
405 491
405 762
405 898
405 904
405 1118
405 1362
406 920
406 1045
406 1268
407 605
407 666
407 817
407 1119
407 1150
407 1321
407 1455
408 511
408 572
408 1199
408 1330
408 1431
408 1468
409 481
409 1284
409 1316
409 1323
410 856
410 1445
411 1297
412 728
412 1004
412 1083
412 1361
412 1440
412 1457
412 1475
413 893
413 1418
414 724
414 810
415 937
415 1187
415 1447
416 944
416 1134
416 1479
417 536
417 1280
419 778
419 899
419 1001
420 561
420 854
420 1210
420 1305
421 993
421 1486
422 583
422 848
422 895
422 1096
422 1098
422 1470
423 1007
423 1011
424 885
424 1427
425 1310
426 1088
427 754
427 1015
427 1041
428 648
429 481
429 504
429 994
429 1002
429 1468
430 600
430 693
430 997
431 1112
431 1419
432 497
432 548
432 748
433 457
433 954
433 1213
434 1228
434 1419
435 1442
436 538
436 1419
437 1288
438 828
438 1217
438 1317
440 945
440 1349
441 601
441 615
441 728
441 1313
441 1422
442 691
442 1050
443 1193
444 1338
445 1248
445 1261
445 1453
446 521
446 876
446 1065
446 1250
446 1298
446 1469
447 1056
447 1217
447 1358
449 1191
449 1474
450 833
450 1420
451 1132
451 1167
451 1427
452 594
452 1419
453 920
453 1090
454 968
455 569
455 732
455 902
455 1055
455 1395
456 562
456 1133
456 1304
457 537
457 566
457 612
457 799
457 1216
457 1375
458 627
458 1050
458 1160
459 961
459 1162
460 535
460 635
461 631
461 983
462 488
462 931
462 1177
462 1389
462 1485
463 1001
463 1050
463 1339
464 767
465 653
466 833
466 1133
466 1144
467 963
467 1032
467 1090
468 513
468 672
468 804
468 979
468 986
468 1059
468 1218
468 1361
469 688
469 847
470 592
470 606
470 1487
471 517
471 942
471 986
471 994
471 1075
471 1118
471 1452
472 1160
472 1297
472 1423
473 917
473 1120
474 578
474 694
474 1491
475 562
475 1164
475 1228
476 648
476 899
476 1289
477 684
478 908
478 1143
478 1190
478 1198
478 1293
479 1436
480 698
481 1123
482 700
482 718
482 784
482 787
482 864
482 1172
483 899
485 1147
487 525
487 1261
488 681
488 965
489 539
489 863
489 870
489 911
489 1017
489 1449
489 1480
489 1482
490 508
490 564
490 627
491 621
492 548
493 893
493 1179
493 1217
494 577
494 628
494 713
495 917
495 928
496 1170
497 556
497 701
497 792
497 1002
497 1113
498 1261
499 645
499 1247
500 541
500 602
500 1021
500 1040
500 1265
500 1413
501 885
501 1366
502 624
502 720
502 842
502 902
502 959
502 1207
503 525
503 535
503 1358
504 1093
505 810
505 1088
506 1001
506 1311
507 1013
507 1168
508 632
508 1003
508 1139
509 747
509 788
509 794
510 581
510 1005
512 725
512 746
512 792
512 1166
512 1276
512 1279
512 1362
512 1490
513 1418
514 975
514 1090
515 802
515 896
515 1053
515 1122
516 567
516 773
516 796
516 829
516 955
516 1059
516 1315
517 760
517 1418
518 1232
518 1424
519 636
519 1151
520 752
521 698
521 1129
522 1089
522 1424
523 1248
524 543
524 1170
525 527
525 941
525 1206
525 1255
525 1382
526 758
526 849
526 1167
527 1015
528 1168
528 1339
529 1147
530 993
531 538
531 1130
531 1310
532 621
532 868
533 596
533 1129
534 1079
535 866
535 1052
535 1166
536 553
536 689
536 904
537 1474
538 623
538 873
538 1082
538 1159
538 1271
539 552
540 1069
540 1090
541 801
541 965
542 917
542 1295
543 547
543 727
543 1051
543 1063
543 1263
544 659
544 764
544 1311
545 733
545 792
545 830
545 851
545 1135
545 1263
546 571
546 654
546 910
546 1196
546 1234
546 1430
547 698
547 811
548 588
548 943
548 1212
548 1359
549 627
549 693
549 1443
550 617
550 1204
551 785
551 1317
552 662
552 689
552 782
552 793
552 820
552 1177
553 713
553 856
554 646
554 1132
554 1179
555 631
555 1301
556 621
556 753
557 968
557 1453
558 592
558 893
558 1423
559 691
559 693
559 954
560 687
560 878
560 1130
561 831
561 1369
562 591
562 803
562 889
562 1068
562 1407
563 723
563 853
563 1280
564 799
564 916
564 1260
564 1294
564 1437
564 1454
565 685
565 1308
566 724
566 745
567 964
567 1246
568 1041
569 712
570 724
570 1141
570 1424
572 1089
572 1205
573 1123
573 1191
574 1147
575 1257
575 1492
576 711
576 1304
576 1420
577 649
577 774
577 1016
577 1037
577 1145
577 1409
578 608
578 1328
578 1379
578 1400
578 1494
579 991
580 628
580 1036
580 1247
581 719
581 995
581 1060
581 1319
581 1357
582 1248
583 595
583 1322
584 940
584 960
584 1164
585 671
585 1183
586 628
586 833
586 962
587 671
587 1155
588 964
588 1232
589 736
589 983
590 769
590 1349
590 1427
591 750
591 1288
592 719
592 948
592 1172
592 1374
593 853
593 920
593 1376
594 667
594 1024
594 1256
594 1359
594 1393
595 739
595 900
595 1081
595 1117
595 1135
595 1296
596 604
596 620
596 815
596 821
596 1055
596 1152
597 810
597 1084
598 834
600 946
600 1046
600 1375
600 1379
600 1454
601 885
601 917
602 1183
603 634
603 778
604 983
604 1412
605 1311
606 911
606 944
606 1072
606 1273
606 1389
607 745
607 997
607 1231
608 745
608 1286
609 634
610 867
610 961
611 653
611 1132
611 1204
612 648
612 1155
613 718
613 845
613 880
613 898
614 671
615 1420
616 899
616 1011
616 1491
617 816
617 884
617 1364
618 628
618 847
619 917
619 1097
621 1052
621 1408
622 648
622 1311
622 1339
623 1147
624 1129
625 680
625 790
625 823
625 1256
625 1291
625 1394
625 1433
625 1460
626 648
626 1050
627 674
627 1024
627 1460
628 791
628 1134
629 742
629 1013
630 788
631 647
631 768
631 1195
631 1221
631 1266
632 1474
633 937
633 1420
634 1095
634 1100
634 1101
634 1325
635 1064
635 1178
635 1262
635 1490
636 668
636 843
636 1034
636 1184
636 1469
637 836
637 1288
638 907
638 1347
638 1492
639 1073
639 1474
640 893
640 957
640 1185
641 1079
641 1246
641 1434
642 794
643 1028
643 1167
643 1297
644 699
644 733
644 829
644 943
644 1081
644 1105
644 1107
645 692
645 791
645 931
646 673
646 1148
646 1392
647 915
648 1393
650 1123
650 1251
651 1164
651 1491
652 1310
653 729
653 948
653 1025
653 1131
654 693
655 856
656 745
656 1155
656 1442
657 915
658 801
658 1208
659 814
659 977
659 1080
659 1279
659 1353
659 1408
660 1489
661 965
662 858
663 839
663 971
663 1250
663 1399
664 860
664 878
664 1369
665 769
665 964
666 724
666 1243
667 828
667 1228
669 961
669 1093
670 1007
670 1144
670 1304
671 741
671 809
671 1190
671 1260
671 1480
672 811
673 890
673 1401
674 1311
675 881
675 1261
676 753
677 1289
678 798
678 1161
678 1259
678 1324
678 1341
678 1430
678 1471
679 828
680 767
680 1128
681 727
681 830
681 906
681 1386
682 811
683 1128
683 1412
684 862
684 1092
684 1105
684 1212
685 728
685 777
685 1043
685 1279
685 1449
686 907
686 1317
687 787
687 992
687 1263
687 1417
687 1485
688 706
688 901
688 1049
688 1145
688 1387
690 1217
691 1003
691 1256
691 1294
692 1185
692 1335
693 721
693 1210
693 1292
694 884
694 1139
694 1163
694 1169
694 1340
695 752
695 849
696 798
696 914
696 995
696 1025
696 1048
696 1071
696 1148
697 968
697 1251
698 796
698 864
698 1023
698 1047
698 1346
699 811
700 1445
702 963
702 1162
702 1202
703 922
703 1151
703 1420
704 785
704 1144
704 1288
707 847
707 1397
708 922
708 968
708 1147
709 748
709 1123
709 1237
710 847
710 1007
710 1069
711 815
711 842
711 1108
711 1184
711 1266
712 795
712 1039
712 1360
712 1383
712 1458
713 807
713 1227
713 1272
713 1433
714 841
714 1078
714 1124
714 1206
714 1448
715 1041
716 859
716 881
716 1069
717 987
718 881
720 1412
721 756
722 957
722 1261
722 1443
723 850
723 1023
723 1149
723 1298
724 932
724 998
724 1046
724 1354
725 743
725 1257
726 788
726 1492
727 753
730 755
730 1344
730 1370
730 1386
730 1428
731 1491
732 892
732 1401
734 983
734 1247
735 1041
735 1151
735 1358
736 913
736 1203
736 1265
736 1287
736 1448
737 945
737 975
738 1257
738 1311
739 1434
740 963
741 758
742 780
742 1153
742 1253
742 1407
742 1459
743 989
743 1017
743 1181
743 1408
743 1440
744 831
744 1067
744 1453
745 916
745 1125
745 1210
746 856
747 775
747 1080
747 1109
747 1244
747 1451
748 765
748 1064
748 1075
748 1306
748 1431
749 783
749 934
749 1308
750 982
750 1233
750 1341
751 797
752 912
752 1021
752 1044
752 1215
753 909
753 1081
753 1417
753 1490
754 857
754 869
754 1370
755 922
755 1301
756 821
756 1140
756 1314
756 1318
756 1432
757 1232
758 1142
758 1186
758 1239
758 1282
758 1316
759 874
759 997
759 1213
760 955
760 1136
760 1158
760 1229
760 1456
760 1475
763 1376
763 1424
764 854
764 896
764 1241
764 1277
764 1354
764 1402
764 1466
766 1193
767 1209
767 1372
768 1073
769 771
769 772
769 837
769 1373
770 1247
771 975
771 1032
772 928
774 1069
774 1133
775 907
776 1120
776 1349
777 1054
778 786
778 845
778 1270
778 1383
779 1308
780 1079
781 853
781 1473
782 1123
782 1338
783 974
783 1004
783 1039
783 1057
783 1186
783 1198
783 1457
784 1443
785 803
785 971
785 1250
785 1259
785 1337
786 1168
786 1445
788 1137
788 1233
788 1259
789 1154
789 1338
793 1336
793 1447
794 1074
794 1219
794 1387
794 1407
795 1289
796 836
797 840
797 872
797 911
797 949
797 1066
797 1252
797 1439
799 1001
800 962
800 1304
801 916
801 946
801 1008
802 1006
803 1170
804 825
804 1486
805 863
805 872
805 931
805 938
805 1332
806 934
806 1288
808 899
808 962
809 1338
809 1347
810 1049
810 1077
810 1253
810 1260
810 1493
811 951
812 993
812 1028
812 1461
813 825
813 836
813 1187
816 1007
817 1089
818 925
818 1376
818 1461
819 1366
820 1054
820 1465
822 933
824 1391
825 1051
825 1229
825 1296
826 991
826 1489
827 856
827 859
828 873
828 1091
828 1161
828 1342
830 836
831 1367
831 1472
832 968
833 865
833 1068
833 1184
833 1221
834 905
834 1051
834 1159
834 1410
835 965
835 1487
836 951
836 1410
836 1417
836 1481
838 1079
839 1228
840 1251
841 1028
841 1045
843 922
844 962
846 868
849 908
849 979
849 1122
849 1475
850 907
851 1123
852 1032
852 1295
853 967
853 1070
853 1124
854 1249
855 1436
856 1222
857 917
857 933
858 958
858 974
858 1043
858 1458
859 1395
859 1459
859 1464
860 1031
860 1078
860 1285
860 1352
860 1355
860 1428
861 1247
862 1237
862 1268
863 968
864 963
866 1045
867 1175
867 1197
867 1330
867 1378
867 1394
868 1134
868 1166
868 1383
868 1404
868 1477
869 878
870 1123
872 1338
873 964
874 1072
874 1111
874 1270
874 1305
875 1067
875 1248
877 1204
878 906
879 1090
879 1093
879 1112
880 1465
881 973
881 976
881 1035
881 1283
882 1301
884 962
885 953
885 1087
885 1221
885 1226
886 1168
886 1228
886 1335
887 1231
888 1154
889 933
890 959
890 1019
890 1152
890 1327
890 1360
890 1459
891 963
891 987
892 1019
892 1071
892 1372
892 1378
893 1275
893 1371
894 913
894 1220
894 1245
894 1450
895 993
896 997
897 1412
899 1494
900 933
900 1414
901 1054
901 1391
903 1000
903 1310
905 1228
907 1285
907 1471
908 1461
909 1123
910 1231
912 1473
913 1473
914 1032
914 1167
915 927
915 1092
915 1483
915 1495
917 1352
917 1438
918 1397
919 1180
920 1203
920 1285
920 1382
920 1388
921 1170
921 1401
922 1275
922 1439
924 1089
924 1461
924 1474
925 936
925 981
925 1014
925 1216
925 1426
926 1339
927 991
928 1020
928 1201
928 1222
928 1392
929 1257
929 1347
930 1129
932 1286
933 1031
933 1188
934 1033
934 1326
934 1343
935 940
935 1243
937 1103
939 991
939 1453
940 1095
940 1494
941 1067
941 1160
945 1388
946 1155
947 1280
949 1147
950 1297
950 1434
952 954
952 957
952 1067
953 1032
954 999
954 1172
954 1173
956 993
956 1167
956 1268
957 1137
957 1148
958 1465
959 1465
960 1182
960 1188
960 1272
960 1478
961 1024
961 1227
962 1351
962 1387
964 1057
964 1083
964 1435
965 992
965 1076
965 1345
966 1046
966 1125
966 1173
966 1254
967 983
968 990
968 1273
969 1308
970 1154
970 1183
972 1202
972 1487
973 1391
973 1397
974 1006
975 1131
975 1307
975 1319
975 1444
977 1347
978 1088
979 1308
981 1089
981 1167
982 1335
983 1230
983 1302
984 1339
984 1358
985 1406
987 1059
987 1182
988 1011
988 1141
989 1338
990 1310
991 1100
991 1214
991 1277
991 1476
992 1336
995 1204
996 1183
996 1473
997 1099
997 1211
999 1179
999 1261
1000 1116
1000 1320
1000 1342
1000 1350
1000 1435
1001 1169
1001 1299
1003 1155
1005 1021
1005 1140
1005 1271
1005 1292
1005 1312
1005 1320
1006 1127
1006 1327
1006 1477
1006 1495
1007 1033
1007 1068
1007 1400
1010 1180
1010 1406
1011 1111
1012 1090
1012 1427
1013 1029
1013 1047
1013 1098
1013 1245
1014 1073
1014 1280
1015 1099
1015 1126
1015 1173
1015 1305
1016 1397
1016 1418
1020 1097
1020 1366
1026 1144
1026 1164
1027 1311
1027 1347
1027 1424
1028 1351
1028 1382
1029 1202
1029 1434
1030 1061
1031 1366
1032 1110
1032 1425
1034 1304
1035 1445
1036 1137
1036 1332
1036 1389
1036 1399
1039 1054
1040 1041
1041 1312
1041 1355
1042 1391
1044 1151
1045 1085
1045 1126
1045 1384
1048 1427
1048 1461
1050 1119
1050 1466
1053 1183
1053 1237
1054 1127
1054 1181
1054 1303
1054 1484
1055 1465
1056 1086
1056 1244
1056 1411
1057 1308
1061 1106
1061 1325
1061 1359
1061 1451
1062 1151
1062 1204
1063 1288
1063 1414
1065 1246
1065 1420
1066 1453
1067 1085
1067 1236
1067 1283
1067 1356
1069 1091
1069 1365
1070 1129
1071 1179
1073 1108
1073 1230
1073 1238
1073 1415
1074 1434
1075 1093
1076 1247
1076 1301
1079 1096
1079 1346
1079 1396
1082 1453
1084 1121
1084 1395
1084 1396
1086 1445
1086 1465
1087 1336
1088 1125
1088 1150
1088 1375
1088 1402
1089 1124
1089 1203
1089 1380
1093 1394
1093 1471
1094 1176
1094 1278
1094 1348
1094 1413
1094 1485
1096 1202
1097 1101
1097 1319
1097 1462
1098 1246
1101 1491
1102 1179
1102 1185
1102 1406
1104 1310
1106 1401
1110 1232
1110 1349
1111 1243
1114 1128
1115 1473
1117 1164
1118 1445
1119 1347
1120 1177
1120 1307
1122 1442
1128 1156
1128 1196
1128 1266
1128 1318
1129 1463
1130 1240
1130 1326
1130 1350
1130 1360
1130 1386
1132 1264
1132 1425
1132 1430
1133 1194
1136 1308
1140 1231
1141 1150
1141 1381
1141 1403
1142 1461
1143 1204
1146 1295
1146 1427
1147 1350
1149 1208
1151 1388
1154 1239
1154 1293
1154 1437
1154 1482
1154 1493
1155 1493
1156 1193
1158 1180
1158 1486
1160 1272
1160 1384
1161 1185
1162 1171
1162 1176
1162 1345
1162 1433
1164 1352
1165 1391
1167 1331
1168 1346
1169 1289
1170 1326
1170 1481
1171 1246
1174 1185
1174 1317
1174 1419
1175 1183
1178 1205
1179 1236
1180 1218
1180 1275
1180 1410
1183 1323
1185 1192
1185 1399
1185 1411
1186 1204
1187 1488
1188 1491
1191 1300
1191 1363
1191 1385
1192 1358
1193 1226
1193 1230
1193 1483
1196 1418
1197 1436
1201 1232
1202 1315
1202 1469
1205 1223
1205 1344
1205 1462
1206 1268
1208 1258
1208 1290
1208 1415
1211 1248
1211 1369
1213 1255
1213 1355
1214 1423
1215 1358
1217 1324
1219 1492
1220 1322
1223 1322
1226 1304
1227 1487
1228 1488
1231 1333
1232 1429
1232 1455
1233 1317
1234 1288
1234 1401
1235 1492
1236 1443
1240 1288
1241 1489
1242 1289
1242 1445
1243 1269
1243 1328
1247 1278
1247 1313
1249 1323
1249 1495
1251 1351
1251 1385
1254 1474
1257 1368
1257 1466
1258 1442
1261 1384
1262 1369
1264 1317
1267 1418
1268 1284
1273 1338
1274 1322
1274 1434
1280 1416
1281 1406
1281 1423
1286 1400
1286 1402
1286 1403
1289 1477
1291 1487
1292 1412
1295 1300
1299 1486
1300 1336
1301 1348
1301 1483
1306 1436
1310 1334
1310 1439
1312 1473
1320 1453
1321 1376
1322 1373
1322 1455
1324 1419
1331 1376
1331 1474
1332 1336
1333 1412
1334 1414
1335 1337
1339 1340
1347 1482
1349 1357
1349 1446
1353 1489
1353 1492
1362 1397
1364 1406
1364 1418
1365 1419
1365 1423
1366 1467
1369 1370
1369 1390
1373 1424
1374 1443
1376 1448
1380 1436
1393 1486
1398 1423
1398 1453
1412 1421
1413 1442
1414 1472
1414 1481
1415 1489
1416 1474
1419 1435
1425 1461
1431 1486
1438 1447
1442 1454
1444 1447
1446 1447
1447 1467
