35 280
0 1
0 2
0 3
0 4
0 5
0 6
0 7
0 8
0 9
0 10
0 11
0 12
0 13
0 14
0 15
0 16
1 2
1 3
1 4
1 5
1 6
1 7
1 17
1 18
1 19
1 20
1 21
1 22
1 23
1 24
1 25
2 7
2 10
2 13
2 15
2 16
2 18
2 21
2 23
2 25
2 26
2 29
2 31
2 33
2 34
3 4
3 11
3 12
3 14
3 16
3 18
3 20
3 23
3 24
3 29
3 30
3 31
3 32
3 34
4 5
4 8
4 10
4 15
4 20
4 22
4 25
4 27
4 28
4 29
4 32
4 33
4 34
5 6
5 11
5 13
5 15
5 19
5 21
5 24
5 26
5 27
5 28
5 30
5 31
5 34
6 7
6 9
6 12
6 16
6 17
6 19
6 22
6 26
6 29
6 30
6 32
6 33
6 34
7 8
7 9
7 14
7 23
7 24
7 25
7 27
7 28
7 30
7 31
7 32
7 33
8 10
8 12
8 14
8 16
8 17
8 18
8 19
8 21
8 25
8 27
8 28
8 30
8 34
9 11
9 13
9 14
9 15
9 17
9 18
9 20
9 22
9 23
9 27
9 28
9 29
9 34
10 11
10 13
10 14
10 17
10 19
10 22
10 23
10 24
10 26
10 32
10 33
10 34
11 12
11 13
11 17
11 21
11 23
11 24
11 25
11 28
11 29
11 30
11 33
12 15
12 16
12 17
12 21
12 22
12 23
12 25
12 26
12 27
12 31
12 32
13 16
13 18
13 19
13 20
13 22
13 25
13 27
13 30
13 31
13 32
14 15
14 19
14 20
14 21
14 22
14 24
14 26
14 29
14 30
14 31
15 17
15 18
15 20
15 21
15 26
15 28
15 31
15 32
15 33
16 18
16 19
16 20
16 24
16 26
16 27
16 28
16 29
16 33
17 18
17 19
17 20
17 24
17 25
17 31
17 33
17 34
18 21
18 22
18 24
18 28
18 30
18 32
18 34
19 20
19 21
19 23
19 28
19 29
19 31
19 32
20 23
20 25
20 26
20 27
20 30
20 33
21 22
21 23
21 27
21 29
21 30
21 33
22 24
22 25
22 26
22 27
22 29
22 32
23 26
23 27
23 28
23 32
23 34
24 26
24 27
24 28
24 31
24 33
25 26
25 28
25 29
25 30
25 31
26 28
26 30
26 34
27 31
27 33
27 34
28 29
28 32
29 31
29 33
29 34
30 32
30 33
30 34
31 32
31 34
32 33
