35 280
0 1
0 2
0 3
0 4
0 5
0 6
0 7
0 8
0 9
0 10
0 11
0 12
0 13
0 14
0 15
0 16
1 2
1 3
1 4
1 5
1 6
1 7
1 17
1 18
1 19
1 20
1 21
1 22
1 23
1 24
1 25
2 4
2 11
2 14
2 15
2 16
2 17
2 21
2 23
2 25
2 29
2 30
2 31
2 33
2 34
3 6
3 8
3 12
3 15
3 16
3 19
3 20
3 24
3 25
3 26
3 29
3 32
3 33
3 34
4 5
4 10
4 13
4 16
4 18
4 20
4 24
4 27
4 28
4 29
4 31
4 32
4 34
5 7
5 12
5 14
5 15
5 19
5 22
5 23
5 26
5 27
5 28
5 30
5 32
5 34
6 7
6 9
6 10
6 13
6 21
6 23
6 24
6 26
6 27
6 30
6 31
6 33
6 34
7 8
7 9
7 11
7 18
7 22
7 25
7 28
7 29
7 30
7 31
7 32
7 33
8 10
8 11
8 12
8 16
8 17
8 18
8 19
8 20
8 23
8 28
8 30
8 31
8 34
9 12
9 13
9 14
9 15
9 17
9 18
9 20
9 21
9 25
9 27
9 28
9 29
9 34
10 11
10 13
10 15
10 17
10 19
10 22
10 23
10 24
10 27
10 28
10 29
10 33
11 14
11 15
11 18
11 19
11 21
11 24
11 25
11 26
11 27
11 31
11 32
12 14
12 16
12 17
12 21
12 22
12 23
12 24
12 27
12 29
12 31
12 32
13 14
13 16
13 17
13 19
13 20
13 22
13 25
13 26
13 30
13 31
13 32
14 18
14 19
14 20
14 23
14 24
14 26
14 29
14 30
14 33
15 17
15 20
15 21
15 22
15 26
15 28
15 32
15 33
15 34
16 18
16 21
16 22
16 25
16 26
16 27
16 28
16 30
16 33
17 18
17 22
17 23
17 24
17 25
17 30
17 32
17 34
18 20
18 22
18 24
18 26
18 27
18 33
18 34
19 20
19 21
19 22
19 25
19 27
19 29
19 30
19 34
20 21
20 23
20 28
20 31
20 32
20 33
21 22
21 24
21 27
21 28
21 30
21 31
22 26
22 29
22 31
22 33
23 25
23 26
23 27
23 28
23 31
23 33
24 26
24 28
24 29
24 30
24 32
25 26
25 27
25 28
25 29
25 32
26 28
26 31
26 34
27 32
27 33
27 34
28 29
28 30
29 31
29 33
29 34
30 32
30 33
30 34
31 32
31 34
32 33
