35 280
0 1
0 2
0 3
0 4
0 5
0 6
0 7
0 8
0 9
0 10
0 11
0 12
0 13
0 14
0 15
0 16
1 2
1 3
1 4
1 5
1 6
1 7
1 17
1 18
1 19
1 20
1 21
1 22
1 23
1 24
1 25
2 6
2 13
2 14
2 15
2 16
2 18
2 19
2 23
2 25
2 28
2 30
2 31
2 33
2 34
3 6
3 9
3 10
3 15
3 16
3 22
3 23
3 24
3 25
3 26
3 27
3 29
3 32
3 34
4 5
4 7
4 9
4 11
4 13
4 17
4 23
4 24
4 26
4 28
4 29
4 30
4 33
4 34
5 7
5 8
5 14
5 15
5 20
5 21
5 25
5 26
5 27
5 28
5 31
5 32
5 34
6 8
6 11
6 12
6 20
6 21
6 24
6 29
6 30
6 31
6 32
6 33
6 34
7 10
7 12
7 16
7 18
7 19
7 22
7 27
7 29
7 30
7 31
7 32
7 33
8 11
8 12
8 14
8 16
8 17
8 19
8 20
8 22
8 23
8 27
8 28
8 29
8 34
9 10
9 11
9 13
9 14
9 18
9 19
9 20
9 21
9 23
9 27
9 30
9 32
9 34
10 12
10 14
10 15
10 17
10 19
10 20
10 24
10 25
10 28
10 29
10 30
10 31
11 12
11 13
11 18
11 19
11 22
11 24
11 25
11 26
11 28
11 31
11 32
12 15
12 17
12 18
12 21
12 23
12 25
12 26
12 27
12 30
12 33
13 15
13 16
13 17
13 20
13 21
13 22
13 25
13 27
13 29
13 31
13 33
14 16
14 17
14 19
14 21
14 23
14 24
14 26
14 31
14 32
14 33
15 17
15 18
15 20
15 22
15 26
15 28
15 32
15 33
15 34
16 18
16 21
16 22
16 24
16 26
16 27
16 28
16 29
16 30
17 18
17 21
17 22
17 23
17 24
17 29
17 31
17 34
18 19
18 21
18 24
18 27
18 28
18 32
18 34
19 20
19 22
19 25
19 26
19 29
19 33
19 34
20 21
20 22
20 24
20 27
20 28
20 30
20 33
21 25
21 26
21 29
21 30
21 32
22 23
22 26
22 30
22 31
22 32
23 25
23 27
23 28
23 30
23 32
23 33
24 26
24 27
24 28
24 31
24 33
25 26
25 27
25 28
25 29
25 31
26 30
26 33
26 34
27 31
27 33
27 34
28 29
28 30
28 32
29 32
29 33
29 34
30 31
30 34
31 32
31 34
32 33
