35 280
0 1
0 2
0 3
0 4
0 5
0 6
0 7
0 8
0 9
0 10
0 11
0 12
0 13
0 14
0 15
0 16
1 2
1 3
1 4
1 5
1 6
1 7
1 17
1 18
1 19
1 20
1 21
1 22
1 23
1 24
1 25
2 4
2 8
2 14
2 15
2 16
2 19
2 21
2 22
2 24
2 29
2 30
2 32
2 33
2 34
3 7
3 9
3 12
3 13
3 15
3 20
3 21
3 22
3 23
3 26
3 27
3 32
3 33
3 34
4 10
4 11
4 13
4 16
4 20
4 23
4 24
4 25
4 27
4 28
4 31
4 33
4 34
5 6
5 11
5 12
5 14
5 16
5 17
5 22
5 23
5 25
5 26
5 29
5 31
5 32
5 34
6 7
6 9
6 10
6 14
6 18
6 21
6 24
6 27
6 28
6 30
6 31
6 32
6 34
7 13
7 15
7 16
7 18
7 19
7 25
7 26
7 28
7 29
7 30
7 31
7 33
8 9
8 12
8 13
8 14
8 15
8 17
8 18
8 19
8 21
8 23
8 25
8 28
8 31
8 34
9 11
9 12
9 16
9 17
9 20
9 21
9 24
9 25
9 28
9 30
9 32
9 33
10 11
10 12
10 13
10 15
10 17
10 19
10 21
10 22
10 24
10 26
10 27
10 30
10 31
11 13
11 14
11 18
11 19
11 20
11 21
11 25
11 26
11 29
11 32
11 33
12 16
12 18
12 19
12 22
12 23
12 24
12 27
12 29
12 31
12 33
13 17
13 18
13 22
13 23
13 28
13 29
13 30
13 32
13 34
14 15
14 18
14 20
14 22
14 23
14 26
14 27
14 28
14 30
14 33
15 17
15 20
15 24
15 25
15 26
15 27
15 29
15 31
15 32
16 17
16 19
16 20
16 26
16 27
16 28
16 29
16 30
16 34
17 18
17 20
17 22
17 24
17 25
17 26
17 30
17 34
18 19
18 20
18 24
18 27
18 29
18 33
18 34
19 21
19 23
19 25
19 26
19 27
19 30
19 32
20 21
20 23
20 27
20 29
20 30
20 31
21 22
21 26
21 28
21 29
21 31
21 34
22 25
22 27
22 28
22 29
22 30
22 33
23 24
23 26
23 28
23 30
23 31
23 32
24 26
24 28
24 29
24 32
24 33
25 27
25 28
25 31
25 32
25 33
26 28
26 33
26 34
27 28
27 32
27 34
28 29
29 31
29 32
30 31
30 32
30 33
31 33
31 34
32 34
33 34
