35 280
0 1
0 2
0 3
0 4
0 5
0 6
0 7
0 8
0 9
0 10
0 11
0 12
0 13
0 14
0 15
0 16
1 2
1 3
1 4
1 5
1 6
1 7
1 17
1 18
1 19
1 20
1 21
1 22
1 23
1 24
1 25
2 5
2 8
2 9
2 12
2 15
2 22
2 23
2 24
2 25
2 26
2 31
2 32
2 33
2 34
3 5
3 11
3 13
3 15
3 16
3 18
3 20
3 21
3 24
3 29
3 30
3 31
3 33
3 34
4 6
4 7
4 9
4 10
4 11
4 17
4 23
4 24
4 27
4 28
4 29
4 31
4 33
4 34
5 10
5 14
5 16
5 19
5 23
5 25
5 27
5 28
5 29
5 30
5 32
5 34
6 7
6 8
6 13
6 14
6 20
6 21
6 25
6 26
6 27
6 30
6 31
6 32
6 34
7 12
7 15
7 16
7 18
7 19
7 22
7 26
7 28
7 29
7 30
7 32
7 33
8 9
8 10
8 11
8 12
8 18
8 19
8 20
8 21
8 25
8 28
8 30
8 33
8 34
9 13
9 14
9 16
9 17
9 18
9 20
9 22
9 24
9 28
9 29
9 32
9 34
10 11
10 13
10 15
10 18
10 19
10 21
10 22
10 23
10 27
10 28
10 31
10 32
11 14
11 16
11 17
11 19
11 22
11 24
11 25
11 26
11 30
11 31
11 33
12 14
12 15
12 16
12 17
12 19
12 20
12 21
12 23
12 27
12 29
12 31
12 33
13 14
13 15
13 18
13 20
13 22
13 23
13 25
13 26
13 27
13 29
13 33
14 17
14 19
14 21
14 23
14 24
14 26
14 29
14 30
14 32
15 17
15 21
15 22
15 24
15 26
15 27
15 28
15 30
15 34
16 17
16 18
16 20
16 25
16 26
16 27
16 28
16 31
16 32
17 18
17 21
17 22
17 23
17 25
17 27
17 30
17 34
18 19
18 21
18 23
18 26
18 32
18 33
18 34
19 20
19 22
19 24
19 26
19 27
19 29
19 34
20 22
20 23
20 24
20 27
20 28
20 30
20 31
21 24
21 25
21 28
21 29
21 31
21 32
22 25
22 29
22 30
22 31
22 32
23 26
23 28
23 30
23 31
23 33
24 26
24 27
24 28
24 32
24 33
25 26
25 27
25 28
25 29
25 33
26 28
26 31
26 34
27 32
27 33
27 34
28 29
28 30
29 31
29 33
29 34
30 32
30 33
30 34
31 32
31 34
32 33
