35 280
0 1
0 2
0 3
0 4
0 5
0 6
0 7
0 8
0 9
0 10
0 11
0 12
0 13
0 14
0 15
0 16
1 2
1 3
1 4
1 5
1 6
1 7
1 17
1 18
1 19
1 20
1 21
1 22
1 23
1 24
1 25
2 6
2 9
2 10
2 12
2 14
2 18
2 20
2 24
2 25
2 29
2 31
2 32
2 33
2 34
3 6
3 11
3 12
3 15
3 16
3 17
3 22
3 23
3 25
3 26
3 27
3 29
3 33
3 34
4 7
4 8
4 10
4 13
4 16
4 19
4 22
4 24
4 25
4 26
4 28
4 31
4 33
4 34
5 7
5 11
5 13
5 14
5 16
5 17
5 20
5 23
5 24
5 27
5 30
5 31
5 32
5 33
6 13
6 15
6 16
6 18
6 19
6 21
6 27
6 28
6 30
6 31
6 32
6 34
7 9
7 14
7 15
7 21
7 23
7 25
7 26
7 28
7 29
7 30
7 32
7 34
8 9
8 10
8 11
8 15
8 16
8 18
8 20
8 21
8 22
8 23
8 25
8 27
8 31
8 32
9 11
9 13
9 15
9 17
9 18
9 19
9 20
9 23
9 28
9 29
9 33
9 34
10 12
10 14
10 16
10 17
10 19
10 21
10 23
10 24
10 27
10 29
10 30
10 34
11 12
11 13
11 17
11 18
11 21
11 24
11 25
11 26
11 30
11 31
11 34
12 13
12 14
12 19
12 20
12 22
12 23
12 25
12 26
12 28
12 30
12 32
13 19
13 21
13 22
13 24
13 27
13 28
13 29
13 32
13 33
14 15
14 17
14 18
14 21
14 22
14 26
14 27
14 28
14 31
14 33
15 19
15 20
15 22
15 24
15 26
15 27
15 29
15 30
15 31
16 17
16 18
16 20
16 26
16 28
16 29
16 30
16 32
16 33
17 19
17 20
17 21
17 22
17 28
17 29
17 31
17 34
18 21
18 22
18 23
18 24
18 26
18 28
18 30
18 33
19 20
19 21
19 23
19 26
19 30
19 31
19 33
20 24
20 25
20 26
20 27
20 28
20 32
21 25
21 26
21 27
21 29
21 32
22 23
22 24
22 28
22 29
22 31
22 32
23 27
23 30
23 32
23 33
23 34
24 26
24 27
24 29
24 30
24 34
25 27
25 28
25 29
25 30
25 31
25 33
26 32
26 33
26 34
27 28
27 33
27 34
28 30
28 34
29 30
29 32
29 33
30 31
31 32
31 33
31 34
32 34
