35 280
0 1
0 2
0 3
0 4
0 5
0 6
0 7
0 8
0 9
0 10
0 11
0 12
0 13
0 14
0 15
0 16
1 2
1 3
1 4
1 5
1 6
1 7
1 17
1 18
1 19
1 20
1 21
1 22
1 23
1 24
1 25
2 7
2 11
2 12
2 13
2 16
2 18
2 19
2 24
2 25
2 27
2 28
2 31
2 32
2 34
3 6
3 8
3 12
3 15
3 16
3 20
3 21
3 22
3 25
3 27
3 30
3 31
3 33
3 34
4 7
4 9
4 10
4 13
4 14
4 21
4 22
4 24
4 25
4 27
4 29
4 30
4 32
4 33
5 6
5 9
5 13
5 14
5 16
5 18
5 19
5 22
5 23
5 26
5 28
5 30
5 33
5 34
6 10
6 11
6 15
6 23
6 24
6 25
6 26
6 28
6 29
6 31
6 32
6 33
7 14
7 15
7 16
7 17
7 20
7 23
7 26
7 29
7 30
7 31
7 32
7 34
8 9
8 10
8 12
8 14
8 16
8 17
8 18
8 20
8 23
8 24
8 25
8 28
8 30
8 32
9 10
9 11
9 16
9 17
9 19
9 22
9 23
9 25
9 27
9 29
9 31
9 34
10 13
10 15
10 18
10 19
10 20
10 21
10 24
10 26
10 31
10 32
10 34
11 12
11 13
11 15
11 17
11 18
11 20
11 22
11 23
11 27
11 29
11 32
11 33
12 13
12 14
12 19
12 21
12 22
12 23
12 24
12 26
12 29
12 30
12 31
13 17
13 20
13 21
13 25
13 26
13 28
13 30
13 33
13 34
14 15
14 17
14 18
14 22
14 24
14 26
14 27
14 28
14 31
14 33
15 17
15 18
15 19
15 21
15 27
15 28
15 29
15 30
15 34
16 19
16 20
16 21
16 26
16 27
16 28
16 29
16 32
16 33
17 19
17 20
17 21
17 23
17 25
17 28
17 31
17 33
18 19
18 20
18 22
18 25
18 26
18 27
18 30
18 32
19 21
19 24
19 29
19 30
19 31
19 33
20 22
20 24
20 26
20 29
20 33
20 34
21 22
21 23
21 26
21 27
21 28
21 32
22 28
22 29
22 31
22 32
22 34
23 24
23 26
23 27
23 30
23 32
23 34
24 27
24 28
24 29
24 33
24 34
25 26
25 27
25 28
25 29
25 30
25 31
26 27
26 29
26 31
27 33
27 34
28 29
28 32
28 34
29 30
30 32
30 33
30 34
31 32
31 33
31 34
32 33
