35 280
0 1
0 2
0 3
0 4
0 5
0 6
0 7
0 8
0 9
0 10
0 11
0 12
0 13
0 14
0 15
0 16
1 2
1 3
1 4
1 5
1 6
1 7
1 17
1 18
1 19
1 20
1 21
1 22
1 23
1 24
1 25
2 7
2 12
2 13
2 15
2 16
2 19
2 21
2 23
2 25
2 26
2 29
2 31
2 32
2 34
3 6
3 11
3 13
3 14
3 16
3 17
3 22
3 23
3 25
3 27
3 28
3 32
3 33
3 34
4 6
4 10
4 12
4 14
4 16
4 18
4 20
4 21
4 24
4 27
4 30
4 31
4 32
4 34
5 7
5 10
5 13
5 14
5 15
5 19
5 20
5 22
5 24
5 28
5 29
5 30
5 32
5 33
6 8
6 9
6 15
6 22
6 23
6 24
6 26
6 29
6 30
6 31
6 33
6 34
7 8
7 9
7 11
7 20
7 21
7 25
7 27
7 28
7 30
7 31
7 33
7 34
8 11
8 12
8 14
8 15
8 17
8 18
8 19
8 21
8 22
8 27
8 29
8 31
8 33
9 10
9 11
9 12
9 13
9 17
9 20
9 23
9 24
9 25
9 26
9 27
9 29
9 30
10 13
10 14
10 15
10 18
10 21
10 22
10 23
10 25
10 26
10 27
10 28
10 31
11 14
11 16
11 18
11 19
11 20
11 23
11 24
11 26
11 28
11 31
11 32
12 15
12 16
12 17
12 19
12 22
12 24
12 25
12 27
12 28
12 30
12 32
13 16
13 17
13 18
13 19
13 24
13 27
13 29
13 31
13 33
13 34
14 17
14 19
14 21
14 25
14 26
14 29
14 30
14 32
14 34
15 17
15 18
15 20
15 23
15 26
15 28
15 32
15 33
15 34
16 18
16 20
16 21
16 22
16 26
16 28
16 29
16 30
16 33
17 18
17 20
17 21
17 24
17 25
17 28
17 29
17 34
18 19
18 20
18 23
18 25
18 30
18 31
18 33
19 22
19 23
19 24
19 26
19 27
19 30
19 34
20 22
20 26
20 27
20 29
20 32
20 34
21 23
21 24
21 26
21 27
21 28
21 29
21 33
22 25
22 26
22 27
22 28
22 29
22 31
23 27
23 28
23 29
23 30
23 32
24 26
24 28
24 31
24 32
24 33
25 26
25 30
25 31
25 32
25 33
26 33
26 34
27 32
27 33
27 34
28 30
28 31
28 34
29 30
29 31
29 32
30 33
30 34
31 32
31 34
32 33
