35 280
0 1
0 2
0 3
0 4
0 5
0 6
0 7
0 8
0 9
0 10
0 11
0 12
0 13
0 14
0 15
0 16
1 2
1 3
1 4
1 5
1 6
1 7
1 17
1 18
1 19
1 20
1 21
1 22
1 23
1 24
1 25
2 8
2 12
2 13
2 14
2 16
2 17
2 20
2 23
2 24
2 25
2 30
2 32
2 33
2 34
3 9
3 11
3 12
3 15
3 16
3 18
3 21
3 22
3 24
3 25
3 29
3 30
3 31
3 34
4 10
4 11
4 13
4 14
4 15
4 19
4 20
4 21
4 22
4 23
4 29
4 31
4 32
4 33
5 6
5 7
5 11
5 15
5 16
5 20
5 23
5 25
5 26
5 27
5 28
5 29
5 30
5 32
6 7
6 12
6 13
6 14
6 21
6 22
6 24
6 26
6 27
6 28
6 31
6 33
6 34
7 8
7 9
7 10
7 17
7 18
7 19
7 29
7 30
7 31
7 32
7 33
7 34
8 10
8 14
8 15
8 16
8 17
8 19
8 21
8 22
8 25
8 27
8 28
8 30
8 31
9 10
9 12
9 14
9 15
9 18
9 19
9 20
9 23
9 24
9 27
9 28
9 32
9 34
10 13
10 16
10 18
10 22
10 23
10 24
10 25
10 26
10 28
10 29
10 33
11 12
11 14
11 16
11 17
11 18
11 19
11 22
11 26
11 28
11 30
11 32
11 33
12 13
12 17
12 19
12 23
12 25
12 27
12 28
12 29
12 31
12 33
13 15
13 17
13 18
13 20
13 22
13 26
13 27
13 29
13 30
13 34
14 18
14 20
14 21
14 25
14 26
14 28
14 31
14 32
14 34
15 17
15 21
15 23
15 24
15 26
15 27
15 30
15 31
15 32
16 19
16 20
16 21
16 24
16 26
16 27
16 29
16 33
16 34
17 18
17 19
17 21
17 24
17 26
17 28
17 29
17 32
18 20
18 21
18 25
18 26
18 27
18 30
18 33
19 20
19 22
19 23
19 26
19 27
19 31
19 34
20 24
20 27
20 28
20 29
20 30
20 31
21 23
21 27
21 28
21 29
21 33
21 34
22 24
22 25
22 27
22 28
22 30
22 32
22 34
23 25
23 26
23 28
23 30
23 33
23 34
24 26
24 28
24 31
24 32
24 33
25 26
25 27
25 29
25 31
25 32
26 31
26 34
27 32
27 33
28 29
28 30
29 31
29 32
29 34
30 31
30 33
30 34
31 33
32 33
32 34
