35 280
0 1
0 2
0 3
0 4
0 5
0 6
0 7
0 8
0 9
0 10
0 11
0 12
0 13
0 14
0 15
0 16
1 2
1 3
1 4
1 5
1 6
1 7
1 17
1 18
1 19
1 20
1 21
1 22
1 23
1 24
1 25
2 6
2 9
2 13
2 15
2 16
2 19
2 20
2 23
2 25
2 26
2 29
2 30
2 33
2 34
3 4
3 12
3 14
3 15
3 16
3 18
3 19
3 23
3 24
3 27
3 29
3 31
3 32
3 34
4 5
4 9
4 10
4 11
4 20
4 22
4 25
4 28
4 29
4 31
4 32
4 33
4 34
5 7
5 8
5 15
5 16
5 18
5 21
5 22
5 26
5 27
5 28
5 30
5 33
5 34
6 7
6 8
6 11
6 12
6 17
6 21
6 24
6 29
6 30
6 31
6 32
6 33
6 34
7 10
7 13
7 14
7 23
7 24
7 25
7 26
7 27
7 28
7 30
7 31
7 32
8 10
8 12
8 14
8 16
8 17
8 19
8 20
8 21
8 25
8 27
8 28
8 29
8 34
9 10
9 11
9 12
9 13
9 19
9 21
9 22
9 23
9 24
9 27
9 28
9 30
9 34
10 13
10 14
10 17
10 18
10 19
10 20
10 24
10 26
10 32
10 33
10 34
11 12
11 14
11 15
11 17
11 18
11 21
11 23
11 25
11 26
11 28
11 31
11 33
12 16
12 18
12 20
12 22
12 24
12 25
12 26
12 27
12 30
12 32
13 15
13 16
13 17
13 18
13 21
13 22
13 25
13 27
13 29
13 31
13 32
14 15
14 19
14 20
14 21
14 22
14 23
14 26
14 29
14 30
14 31
15 17
15 18
15 20
15 24
15 27
15 28
15 29
15 30
15 33
16 17
16 19
16 22
16 23
16 26
16 28
16 31
16 32
16 33
17 18
17 20
17 22
17 23
17 24
17 28
17 31
17 34
18 19
18 21
18 25
18 26
18 30
18 32
18 34
19 21
19 24
19 25
19 28
19 30
19 31
19 33
20 22
20 23
20 25
20 27
20 30
20 32
20 33
21 22
21 23
21 27
21 29
21 32
21 33
22 24
22 26
22 29
22 30
22 31
23 26
23 27
23 28
23 32
23 34
24 26
24 27
24 28
24 29
24 33
25 26
25 27
25 28
25 29
25 31
26 29
26 33
26 34
27 31
27 33
27 34
28 29
28 30
28 32
29 32
29 34
30 31
30 32
30 34
31 33
31 34
32 33
