35 280
0 1
0 2
0 3
0 4
0 5
0 6
0 7
0 8
0 9
0 10
0 11
0 12
0 13
0 14
0 15
0 16
1 2
1 3
1 4
1 5
1 6
1 7
1 17
1 18
1 19
1 20
1 21
1 22
1 23
1 24
1 25
2 6
2 8
2 14
2 15
2 16
2 18
2 21
2 22
2 25
2 27
2 29
2 32
2 33
2 34
3 7
3 9
3 13
3 14
3 15
3 17
3 21
3 23
3 24
3 26
3 31
3 32
3 33
3 34
4 7
4 10
4 12
4 13
4 16
4 18
4 19
4 23
4 24
4 27
4 28
4 29
4 33
4 34
5 6
5 10
5 12
5 13
5 16
5 17
5 19
5 22
5 25
5 26
5 30
5 31
5 32
5 33
6 11
6 12
6 15
6 20
6 23
6 24
6 27
6 28
6 30
6 31
6 32
6 34
7 11
7 14
7 16
7 20
7 22
7 25
7 26
7 28
7 29
7 30
7 31
7 34
8 9
8 10
8 12
8 14
8 16
8 17
8 18
8 20
8 22
8 23
8 24
8 26
8 30
8 34
9 12
9 13
9 15
9 16
9 19
9 20
9 21
9 22
9 23
9 25
9 27
9 28
9 31
10 11
10 13
10 14
10 18
10 20
10 21
10 22
10 24
10 28
10 31
10 32
10 33
11 12
11 14
11 15
11 17
11 18
11 19
11 20
11 21
11 26
11 27
11 29
11 31
12 17
12 21
12 23
12 25
12 26
12 28
12 29
12 33
12 34
13 15
13 17
13 18
13 20
13 25
13 27
13 29
13 30
13 32
13 34
14 17
14 19
14 23
14 25
14 27
14 28
14 30
14 32
14 33
15 18
15 19
15 22
15 24
15 26
15 28
15 29
15 30
15 33
16 19
16 21
16 24
16 26
16 27
16 29
16 30
16 31
16 32
17 19
17 21
17 22
17 24
17 27
17 29
17 30
17 34
18 19
18 21
18 23
18 25
18 26
18 30
18 31
18 34
19 22
19 23
19 26
19 27
19 28
19 32
20 22
20 23
20 24
20 25
20 26
20 27
20 29
20 32
21 24
21 25
21 28
21 29
21 31
21 32
22 28
22 29
22 31
22 33
22 34
23 29
23 30
23 31
23 32
23 33
24 26
24 27
24 28
24 30
24 33
25 26
25 27
25 28
25 30
25 33
26 32
26 33
26 34
27 31
27 33
27 34
28 30
28 32
28 34
29 30
29 32
29 33
30 31
31 33
31 34
32 34
