35 280
0 1
0 2
0 3
0 4
0 5
0 6
0 7
0 8
0 9
0 10
0 11
0 12
0 13
0 14
0 15
0 16
1 2
1 3
1 4
1 5
1 6
1 7
1 17
1 18
1 19
1 20
1 21
1 22
1 23
1 24
1 25
2 7
2 10
2 12
2 13
2 16
2 17
2 20
2 22
2 24
2 27
2 28
2 30
2 33
2 34
3 4
3 9
3 12
3 14
3 15
3 18
3 19
3 22
3 24
3 30
3 31
3 32
3 33
3 34
4 11
4 12
4 13
4 16
4 17
4 21
4 23
4 25
4 26
4 29
4 32
4 33
4 34
5 6
5 9
5 10
5 11
5 15
5 22
5 23
5 24
5 25
5 26
5 27
5 28
5 32
5 34
6 7
6 13
6 14
6 15
6 18
6 20
6 21
6 26
6 28
6 29
6 31
6 33
6 34
7 8
7 14
7 16
7 19
7 23
7 25
7 27
7 29
7 30
7 31
7 32
7 34
8 9
8 12
8 14
8 15
8 16
8 17
8 18
8 21
8 22
8 24
8 25
8 26
8 27
8 29
9 10
9 13
9 16
9 17
9 18
9 19
9 23
9 24
9 28
9 29
9 31
9 34
10 12
10 13
10 14
10 19
10 20
10 21
10 22
10 23
10 26
10 29
10 30
10 32
11 13
11 14
11 15
11 16
11 17
11 18
11 19
11 20
11 25
11 27
11 28
11 30
11 32
12 15
12 19
12 20
12 21
12 25
12 26
12 27
12 28
12 31
12 34
13 18
13 21
13 24
13 25
13 27
13 29
13 30
13 31
13 33
14 17
14 19
14 21
14 24
14 26
14 28
14 30
14 32
14 33
15 17
15 20
15 22
15 23
15 27
15 29
15 30
15 31
15 33
16 18
16 20
16 22
16 23
16 26
16 28
16 31
16 32
16 33
17 20
17 21
17 23
17 24
17 28
17 29
17 30
17 34
18 19
18 20
18 21
18 22
18 26
18 27
18 30
18 34
19 20
19 23
19 25
19 27
19 28
19 29
19 33
20 24
20 26
20 29
20 31
20 32
21 22
21 23
21 27
21 28
21 31
21 32
22 25
22 28
22 29
22 30
22 32
22 33
23 26
23 27
23 30
23 31
23 33
24 25
24 26
24 27
24 31
24 32
24 33
25 26
25 28
25 29
25 30
25 31
26 30
26 33
26 34
27 32
27 33
27 34
28 31
28 33
28 34
29 32
29 33
29 34
30 31
30 34
31 32
32 34
