35 280
0 1
0 2
0 3
0 4
0 5
0 6
0 7
0 8
0 9
0 10
0 11
0 12
0 13
0 14
0 15
0 16
1 2
1 3
1 4
1 5
1 6
1 7
1 17
1 18
1 19
1 20
1 21
1 22
1 23
1 24
1 25
2 10
2 12
2 13
2 14
2 16
2 18
2 21
2 22
2 23
2 25
2 30
2 31
2 32
2 34
3 4
3 8
3 13
3 15
3 16
3 19
3 21
3 23
3 24
3 28
3 29
3 31
3 33
3 34
4 9
4 11
4 14
4 15
4 20
4 22
4 24
4 25
4 27
4 30
4 32
4 33
4 34
5 6
5 7
5 8
5 11
5 12
5 20
5 21
5 23
5 26
5 29
5 30
5 32
5 33
5 34
6 7
6 9
6 10
6 13
6 19
6 22
6 25
6 26
6 27
6 28
6 31
6 33
6 34
7 14
7 15
7 16
7 17
7 18
7 24
7 27
7 28
7 29
7 30
7 31
7 32
8 9
8 12
8 15
8 16
8 17
8 18
8 20
8 22
8 25
8 26
8 29
8 31
8 34
9 10
9 11
9 14
9 17
9 18
9 19
9 23
9 25
9 28
9 29
9 30
9 34
10 12
10 13
10 15
10 17
10 20
10 21
10 22
10 24
10 28
10 29
10 30
10 33
11 12
11 13
11 14
11 18
11 20
11 21
11 23
11 24
11 26
11 27
11 28
11 31
12 15
12 17
12 19
12 23
12 24
12 25
12 27
12 31
12 32
12 33
13 16
13 18
13 19
13 20
13 24
13 26
13 27
13 29
13 32
13 34
14 16
14 17
14 19
14 21
14 22
14 26
14 29
14 31
14 32
14 33
15 18
15 19
15 21
15 22
15 26
15 27
15 28
15 30
15 32
16 17
16 20
16 23
16 25
16 26
16 27
16 28
16 30
16 33
17 18
17 19
17 20
17 21
17 24
17 27
17 33
17 34
18 22
18 23
18 24
18 26
18 28
18 32
18 34
19 21
19 23
19 25
19 26
19 27
19 29
19 32
20 21
20 22
20 25
20 27
20 28
20 29
20 32
21 26
21 28
21 30
21 31
21 34
22 23
22 26
22 27
22 29
22 31
22 33
23 27
23 28
23 29
23 30
23 33
24 25
24 26
24 29
24 30
24 31
24 33
25 26
25 28
25 30
25 31
25 32
26 30
26 33
27 30
27 31
27 34
28 31
28 32
28 33
29 30
29 31
29 32
30 34
31 34
32 33
32 34
33 34
