35 280
0 1
0 2
0 3
0 4
0 5
0 6
0 7
0 8
0 9
0 10
0 11
0 12
0 13
0 14
0 15
0 16
1 2
1 3
1 4
1 5
1 6
1 7
1 17
1 18
1 19
1 20
1 21
1 22
1 23
1 24
1 25
2 7
2 11
2 14
2 15
2 16
2 21
2 23
2 24
2 25
2 27
2 29
2 32
2 33
2 34
3 7
3 10
3 12
3 13
3 16
3 20
3 22
3 24
3 25
3 28
3 30
3 31
3 33
3 34
4 5
4 6
4 8
4 12
4 14
4 17
4 20
4 25
4 27
4 29
4 30
4 31
4 32
4 33
5 6
5 10
5 11
5 13
5 19
5 23
5 24
5 26
5 27
5 28
5 30
5 32
5 34
6 9
6 15
6 16
6 18
6 21
6 22
6 26
6 28
6 29
6 31
6 33
6 34
7 13
7 14
7 15
7 17
7 18
7 19
7 26
7 28
7 29
7 30
7 31
7 32
8 9
8 12
8 13
8 14
8 15
8 18
8 19
8 22
8 23
8 24
8 25
8 29
8 30
8 34
9 11
9 13
9 15
9 16
9 17
9 19
9 20
9 21
9 24
9 25
9 28
9 31
9 32
10 11
10 12
10 13
10 15
10 18
10 19
10 20
10 21
10 23
10 27
10 29
10 31
10 33
11 14
11 16
11 18
11 19
11 20
11 22
11 25
11 26
11 30
11 32
11 33
12 14
12 16
12 17
12 18
12 21
12 23
12 24
12 26
12 28
12 32
12 33
13 17
13 21
13 22
13 25
13 26
13 27
13 29
13 32
13 34
14 19
14 20
14 21
14 22
14 26
14 27
14 28
14 31
14 34
15 17
15 18
15 20
15 23
15 27
15 28
15 30
15 33
15 34
16 17
16 22
16 23
16 24
16 26
16 27
16 29
16 30
16 31
17 19
17 20
17 22
17 23
17 26
17 27
17 32
17 33
18 20
18 21
18 22
18 24
18 26
18 29
18 30
18 32
19 22
19 23
19 24
19 28
19 29
19 31
19 33
20 24
20 25
20 26
20 27
20 31
20 34
21 22
21 23
21 25
21 27
21 28
21 31
21 32
22 27
22 30
22 33
22 34
23 25
23 26
23 30
23 31
23 34
24 27
24 28
24 29
24 32
24 34
25 26
25 28
25 29
25 30
25 33
26 28
26 29
26 34
27 28
27 29
27 30
28 30
28 33
29 31
29 33
30 31
30 32
31 32
31 34
32 33
32 34
33 34
