35 280
0 1
0 2
0 3
0 4
0 5
0 6
0 7
0 8
0 9
0 10
0 11
0 12
0 13
0 14
0 15
0 16
1 2
1 3
1 4
1 5
1 6
1 7
1 17
1 18
1 19
1 20
1 21
1 22
1 23
1 24
1 25
2 9
2 11
2 13
2 15
2 16
2 19
2 21
2 23
2 24
2 25
2 30
2 31
2 33
2 34
3 5
3 10
3 14
3 15
3 16
3 17
3 21
3 22
3 24
3 26
3 29
3 31
3 32
3 34
4 6
4 9
4 12
4 14
4 16
4 20
4 21
4 22
4 25
4 27
4 28
4 30
4 31
4 32
5 7
5 10
5 13
5 16
5 20
5 23
5 25
5 26
5 27
5 28
5 29
5 30
5 33
6 7
6 12
6 14
6 15
6 18
6 19
6 23
6 26
6 29
6 30
6 32
6 33
6 34
7 8
7 11
7 13
7 18
7 22
7 24
7 27
7 28
7 31
7 32
7 33
7 34
8 9
8 11
8 12
8 13
8 16
8 17
8 18
8 21
8 22
8 23
8 25
8 26
8 29
8 32
9 10
9 14
9 16
9 18
9 20
9 22
9 23
9 24
9 28
9 29
9 33
9 34
10 11
10 12
10 15
10 18
10 19
10 20
10 21
10 23
10 27
10 28
10 32
10 34
11 14
11 15
11 19
11 20
11 22
11 24
11 25
11 26
11 27
11 30
11 32
12 13
12 15
12 17
12 20
12 21
12 23
12 24
12 26
12 27
12 31
12 33
13 14
13 17
13 19
13 20
13 21
13 28
13 29
13 30
13 31
13 34
14 17
14 19
14 24
14 25
14 26
14 27
14 28
14 29
14 34
15 17
15 18
15 22
15 25
15 28
15 29
15 30
15 31
15 33
16 17
16 18
16 19
16 26
16 27
16 30
16 31
16 32
16 33
17 18
17 19
17 22
17 23
17 24
17 27
17 28
17 30
18 19
18 20
18 25
18 27
18 29
18 31
18 34
19 20
19 21
19 26
19 28
19 32
19 33
20 22
20 24
20 26
20 29
20 30
20 31
21 22
21 25
21 27
21 29
21 32
21 33
21 34
22 26
22 28
22 30
22 33
22 34
23 24
23 25
23 26
23 28
23 30
23 32
23 34
24 27
24 29
24 31
24 32
24 33
25 26
25 27
25 28
25 29
25 31
26 31
26 33
26 34
27 30
27 33
27 34
28 31
28 32
28 33
29 30
29 32
29 33
30 32
30 34
31 32
31 34
