35 280
0 1
0 2
0 3
0 4
0 5
0 6
0 7
0 8
0 9
0 10
0 11
0 12
0 13
0 14
0 15
0 16
1 2
1 3
1 4
1 5
1 6
1 7
1 17
1 18
1 19
1 20
1 21
1 22
1 23
1 24
1 25
2 3
2 9
2 10
2 14
2 16
2 21
2 22
2 23
2 25
2 26
2 27
2 29
2 33
2 34
3 11
3 12
3 13
3 15
3 17
3 22
3 24
3 25
3 30
3 31
3 32
3 33
3 34
4 6
4 8
4 11
4 14
4 16
4 19
4 20
4 24
4 25
4 27
4 29
4 31
4 32
4 34
5 7
5 8
5 9
5 13
5 15
5 20
5 21
5 23
5 25
5 28
5 29
5 31
5 32
5 33
6 7
6 10
6 12
6 15
6 21
6 23
6 24
6 26
6 27
6 28
6 30
6 32
6 34
7 13
7 14
7 16
7 18
7 19
7 22
7 26
7 28
7 30
7 31
7 33
7 34
8 9
8 11
8 14
8 15
8 17
8 18
8 21
8 22
8 23
8 27
8 30
8 31
8 34
9 10
9 15
9 16
9 17
9 18
9 19
9 24
9 25
9 26
9 28
9 32
9 34
10 11
10 12
10 16
10 18
10 19
10 20
10 21
10 23
10 30
10 31
10 32
10 33
11 13
11 14
11 18
11 20
11 21
11 22
11 24
11 26
11 28
11 32
11 33
12 13
12 14
12 15
12 17
12 18
12 19
12 21
12 25
12 27
12 28
12 29
12 31
13 16
13 17
13 18
13 20
13 23
13 26
13 27
13 29
13 32
13 34
14 17
14 19
14 23
14 25
14 26
14 28
14 29
14 30
14 33
15 19
15 20
15 22
15 24
15 26
15 27
15 29
15 30
15 33
16 17
16 20
16 22
16 24
16 27
16 28
16 29
16 30
16 31
17 19
17 20
17 21
17 23
17 24
17 28
17 30
17 34
18 19
18 22
18 23
18 24
18 25
18 26
18 27
18 31
19 20
19 22
19 29
19 32
19 33
19 34
20 21
20 25
20 26
20 27
20 30
20 33
21 22
21 26
21 28
21 29
21 31
21 34
22 27
22 28
22 29
22 30
22 32
23 24
23 27
23 29
23 30
23 32
23 33
24 26
24 28
24 29
24 31
24 33
25 26
25 27
25 28
25 30
25 31
25 32
26 29
26 30
26 34
27 28
27 33
27 34
28 32
28 33
29 31
29 32
30 31
30 32
31 33
31 34
32 34
33 34
