35 280
0 1
0 2
0 3
0 4
0 5
0 6
0 7
0 8
0 9
0 10
0 11
0 12
0 13
0 14
0 15
0 16
1 2
1 3
1 4
1 5
1 6
1 7
1 17
1 18
1 19
1 20
1 21
1 22
1 23
1 24
1 25
2 6
2 11
2 13
2 15
2 16
2 19
2 22
2 24
2 25
2 26
2 29
2 30
2 31
2 34
3 7
3 12
3 13
3 14
3 15
3 17
3 19
3 21
3 24
3 27
3 28
3 31
3 33
3 34
4 7
4 9
4 11
4 12
4 14
4 17
4 22
4 23
4 25
4 26
4 30
4 32
4 33
4 34
5 6
5 8
5 10
5 12
5 15
5 20
5 21
5 23
5 25
5 28
5 30
5 31
5 32
5 34
6 9
6 14
6 16
6 18
6 23
6 24
6 27
6 28
6 29
6 32
6 33
6 34
7 10
7 13
7 16
7 18
7 20
7 25
7 27
7 29
7 30
7 31
7 32
7 33
8 9
8 11
8 12
8 13
8 16
8 17
8 18
8 19
8 21
8 23
8 25
8 29
8 31
8 33
9 10
9 11
9 15
9 17
9 18
9 19
9 20
9 24
9 27
9 30
9 33
9 34
10 12
10 15
10 16
10 17
10 20
10 22
10 24
10 25
10 26
10 27
10 28
10 29
11 13
11 14
11 20
11 21
11 22
11 24
11 25
11 27
11 28
11 31
11 32
12 14
12 18
12 19
12 22
12 24
12 26
12 29
12 31
12 32
12 34
13 15
13 17
13 18
13 20
13 23
13 26
13 28
13 29
13 32
13 34
14 16
14 19
14 20
14 21
14 23
14 26
14 27
14 28
14 29
14 30
15 19
15 21
15 22
15 23
15 26
15 27
15 30
15 32
15 33
16 17
16 18
16 21
16 22
16 26
16 28
16 30
16 31
16 33
17 21
17 22
17 23
17 24
17 28
17 29
17 30
17 34
18 19
18 20
18 21
18 22
18 26
18 27
18 32
18 34
19 20
19 22
19 25
19 28
19 29
19 30
19 33
20 23
20 24
20 26
20 28
20 30
20 31
21 24
21 25
21 26
21 27
21 30
21 32
22 23
22 27
22 28
22 31
22 32
23 26
23 27
23 29
23 31
23 33
24 26
24 29
24 31
24 32
24 33
25 26
25 27
25 28
25 29
25 33
25 34
26 33
26 34
27 29
27 31
27 34
28 32
28 33
28 34
29 30
29 32
30 31
30 32
30 34
31 33
31 34
32 33
