35 280
0 1
0 2
0 3
0 4
0 5
0 6
0 7
0 8
0 9
0 10
0 11
0 12
0 13
0 14
0 15
0 16
1 2
1 3
1 4
1 5
1 6
1 7
1 17
1 18
1 19
1 20
1 21
1 22
1 23
1 24
1 25
2 7
2 11
2 12
2 13
2 16
2 18
2 19
2 23
2 25
2 27
2 29
2 31
2 32
2 34
3 7
3 9
3 14
3 15
3 16
3 20
3 21
3 23
3 25
3 26
3 28
3 29
3 31
3 33
4 6
4 8
4 10
4 14
4 16
4 19
4 21
4 22
4 25
4 27
4 30
4 31
4 32
4 33
5 6
5 10
5 13
5 15
5 16
5 18
5 20
5 22
5 24
5 26
5 29
5 30
5 31
5 34
6 9
6 11
6 12
6 23
6 24
6 25
6 26
6 28
6 30
6 32
6 33
6 34
7 13
7 14
7 15
7 17
7 22
7 24
7 27
7 28
7 30
7 32
7 33
7 34
8 11
8 12
8 13
8 14
8 15
8 17
8 20
8 22
8 23
8 24
8 25
8 26
8 27
8 31
9 10
9 11
9 12
9 15
9 17
9 18
9 21
9 22
9 25
9 27
9 29
9 33
9 34
10 13
10 14
10 16
10 17
10 18
10 21
10 23
10 24
10 27
10 28
10 29
10 32
11 13
11 14
11 18
11 19
11 20
11 21
11 24
11 28
11 31
11 33
11 34
12 15
12 16
12 17
12 19
12 20
12 22
12 23
12 28
12 29
12 30
12 32
13 17
13 20
13 21
13 25
13 26
13 29
13 30
13 32
13 33
14 18
14 19
14 22
14 23
14 26
14 28
14 29
14 30
14 34
15 18
15 19
15 21
15 24
15 26
15 27
15 30
15 31
15 32
16 17
16 19
16 20
16 26
16 27
16 28
16 31
16 33
16 34
17 19
17 21
17 22
17 24
17 25
17 26
17 28
17 34
18 19
18 20
18 22
18 25
18 26
18 27
18 28
18 32
19 21
19 24
19 26
19 29
19 30
19 33
20 21
20 22
20 23
20 27
20 28
20 30
20 33
21 23
21 30
21 31
21 32
21 34
22 29
22 31
22 32
22 33
22 34
23 24
23 26
23 27
23 29
23 32
23 34
24 27
24 28
24 29
24 31
24 33
25 26
25 27
25 28
25 29
25 30
25 31
26 32
26 33
26 34
27 30
27 33
27 34
28 30
28 31
28 32
29 30
29 31
29 33
30 34
31 32
31 34
32 33
