35 280
0 1
0 2
0 3
0 4
0 5
0 6
0 7
0 8
0 9
0 10
0 11
0 12
0 13
0 14
0 15
0 16
1 2
1 3
1 4
1 5
1 6
1 7
1 17
1 18
1 19
1 20
1 21
1 22
1 23
1 24
1 25
2 8
2 11
2 13
2 14
2 16
2 19
2 21
2 23
2 24
2 25
2 26
2 28
2 32
2 34
3 7
3 12
3 13
3 14
3 16
3 17
3 18
3 22
3 23
3 29
3 30
3 32
3 33
3 34
4 7
4 9
4 10
4 13
4 16
4 20
4 21
4 24
4 25
4 27
4 29
4 30
4 31
4 32
5 6
5 9
5 12
5 15
5 16
5 19
5 22
5 24
5 25
5 26
5 28
5 29
5 30
5 33
6 10
6 11
6 14
6 15
6 18
6 21
6 22
6 25
6 27
6 31
6 32
6 33
6 34
7 11
7 12
7 15
7 20
7 23
7 24
7 26
7 27
7 28
7 31
7 33
7 34
8 9
8 10
8 11
8 12
8 14
8 17
8 20
8 22
8 23
8 24
8 25
8 27
8 29
8 33
9 10
9 12
9 16
9 18
9 19
9 20
9 22
9 23
9 26
9 31
9 32
9 34
10 13
10 15
10 17
10 18
10 21
10 23
10 24
10 28
10 30
10 33
10 34
11 13
11 16
11 18
11 19
11 20
11 22
11 27
11 28
11 30
11 31
11 33
12 14
12 17
12 19
12 21
12 25
12 27
12 28
12 30
12 31
12 34
13 15
13 17
13 19
13 22
13 25
13 26
13 29
13 30
13 31
13 34
14 15
14 18
14 20
14 21
14 24
14 26
14 29
14 30
14 31
14 32
15 17
15 19
15 20
15 23
15 26
15 27
15 28
15 29
15 32
16 17
16 18
16 21
16 26
16 27
16 28
16 29
16 32
16 33
17 18
17 20
17 21
17 22
17 25
17 26
17 27
17 28
18 19
18 23
18 24
18 26
18 27
18 30
18 31
19 20
19 21
19 23
19 27
19 29
19 30
19 34
20 21
20 22
20 26
20 30
20 32
20 33
21 28
21 29
21 31
21 33
21 34
22 24
22 28
22 29
22 31
22 32
22 34
23 25
23 28
23 29
23 31
23 32
23 33
24 26
24 27
24 28
24 29
24 30
24 34
25 26
25 27
25 30
25 31
25 32
25 33
26 31
26 33
26 34
27 29
27 32
27 34
28 30
28 31
28 32
29 31
29 33
30 32
30 33
32 34
33 34
