35 280
0 1
0 2
0 3
0 4
0 5
0 6
0 7
0 8
0 9
0 10
0 11
0 12
0 13
0 14
0 15
0 16
1 2
1 3
1 4
1 5
1 6
1 7
1 17
1 18
1 19
1 20
1 21
1 22
1 23
1 24
1 25
2 11
2 12
2 13
2 14
2 15
2 20
2 22
2 23
2 24
2 25
2 28
2 30
2 31
2 33
3 8
3 10
3 13
3 15
3 16
3 18
3 21
3 23
3 24
3 25
3 27
3 31
3 32
3 34
4 7
4 9
4 12
4 14
4 16
4 18
4 19
4 23
4 25
4 26
4 29
4 31
4 32
4 33
5 6
5 12
5 13
5 15
5 16
5 17
5 19
5 20
5 21
5 29
5 30
5 32
5 33
5 34
6 7
6 8
6 14
6 16
6 22
6 24
6 25
6 26
6 27
6 28
6 29
6 30
6 34
7 9
7 10
7 11
7 20
7 21
7 22
7 27
7 28
7 31
7 32
7 33
7 34
8 9
8 10
8 11
8 12
8 18
8 19
8 20
8 23
8 25
8 28
8 29
8 30
8 34
9 12
9 13
9 15
9 17
9 18
9 19
9 22
9 24
9 27
9 28
9 30
9 32
10 12
10 14
10 15
10 17
10 20
10 21
10 22
10 23
10 26
10 27
10 29
10 33
11 13
11 14
11 16
11 17
11 18
11 19
11 20
11 21
11 26
11 28
11 31
11 34
12 17
12 21
12 24
12 25
12 26
12 30
12 31
12 33
12 34
13 14
13 17
13 18
13 22
13 25
13 27
13 29
13 32
13 33
13 34
14 19
14 21
14 23
14 24
14 26
14 27
14 29
14 30
14 32
15 16
15 19
15 20
15 22
15 24
15 26
15 28
15 29
15 31
15 32
16 17
16 18
16 23
16 26
16 27
16 28
16 30
16 31
16 33
17 19
17 21
17 22
17 23
17 25
17 26
17 27
17 28
18 20
18 21
18 22
18 24
18 26
18 29
18 30
18 33
19 20
19 23
19 24
19 27
19 29
19 31
19 34
20 25
20 26
20 27
20 30
20 32
20 33
21 24
21 28
21 29
21 30
21 31
21 32
22 23
22 26
22 29
22 30
22 31
22 34
23 28
23 30
23 32
23 33
23 34
24 26
24 27
24 28
24 33
24 34
25 26
25 27
25 28
25 29
25 31
25 32
26 32
26 34
27 30
27 31
27 33
28 29
28 32
28 33
29 31
29 33
30 31
30 32
31 34
32 34
33 34
