35 280
0 1
0 2
0 3
0 4
0 5
0 6
0 7
0 8
0 9
0 10
0 11
0 12
0 13
0 14
0 15
0 16
1 2
1 3
1 4
1 5
1 6
1 7
1 17
1 18
1 19
1 20
1 21
1 22
1 23
1 24
1 25
2 5
2 11
2 12
2 15
2 16
2 18
2 20
2 23
2 24
2 27
2 30
2 31
2 33
2 34
3 5
3 9
3 10
3 13
3 15
3 22
3 23
3 24
3 25
3 26
3 29
3 30
3 32
3 34
4 6
4 7
4 10
4 11
4 14
4 19
4 23
4 24
4 26
4 27
4 28
4 29
4 33
4 34
5 8
5 14
5 16
5 19
5 21
5 25
5 28
5 29
5 31
5 32
5 33
5 34
6 7
6 8
6 12
6 15
6 17
6 21
6 22
6 27
6 29
6 30
6 31
6 32
6 34
7 9
7 13
7 16
7 18
7 20
7 25
7 26
7 28
7 30
7 31
7 32
7 33
8 9
8 10
8 12
8 16
8 17
8 18
8 21
8 22
8 24
8 26
8 28
8 33
8 34
9 11
9 12
9 13
9 18
9 19
9 22
9 23
9 25
9 27
9 28
9 31
9 34
10 11
10 13
10 14
10 17
10 18
10 20
10 21
10 23
10 30
10 32
10 33
10 34
11 12
11 14
11 20
11 21
11 22
11 24
11 25
11 28
11 29
11 30
11 31
12 15
12 17
12 19
12 20
12 23
12 25
12 26
12 29
12 32
12 33
13 15
13 16
13 17
13 19
13 20
13 21
13 24
13 27
13 29
13 31
13 33
14 15
14 16
14 17
14 18
14 19
14 22
14 25
14 26
14 27
14 31
14 32
15 18
15 19
15 21
15 24
15 26
15 27
15 28
15 30
15 32
16 17
16 20
16 22
16 23
16 26
16 27
16 28
16 29
16 30
17 18
17 19
17 23
17 24
17 25
17 29
17 30
17 31
18 20
18 24
18 25
18 27
18 28
18 32
18 34
19 20
19 21
19 23
19 26
19 28
19 31
19 34
20 21
20 22
20 26
20 29
20 32
20 34
21 22
21 25
21 27
21 28
21 30
21 33
22 23
22 24
22 26
22 27
22 31
22 32
23 27
23 28
23 30
23 32
23 33
24 26
24 28
24 29
24 31
24 33
25 26
25 27
25 29
25 30
25 33
26 30
26 33
26 34
27 29
27 33
27 34
28 29
28 30
28 32
29 32
29 34
30 31
30 34
31 32
31 33
31 34
32 33
