35 280
0 1
0 2
0 3
0 4
0 5
0 6
0 7
0 8
0 9
0 10
0 11
0 12
0 13
0 14
0 15
0 16
1 2
1 3
1 4
1 5
1 6
1 7
1 17
1 18
1 19
1 20
1 21
1 22
1 23
1 24
1 25
2 3
2 8
2 9
2 11
2 16
2 20
2 21
2 23
2 24
2 27
2 31
2 32
2 33
2 34
3 12
3 13
3 14
3 15
3 19
3 21
3 22
3 25
3 28
3 30
3 31
3 32
3 33
4 7
4 9
4 10
4 13
4 15
4 17
4 18
4 22
4 24
4 29
4 31
4 32
4 33
4 34
5 6
5 8
5 10
5 13
5 14
5 18
5 21
5 23
5 25
5 27
5 28
5 29
5 33
5 34
6 7
6 11
6 12
6 16
6 20
6 22
6 25
6 26
6 29
6 30
6 31
6 33
6 34
7 14
7 15
7 16
7 19
7 23
7 24
7 26
7 27
7 28
7 30
7 32
7 34
8 10
8 12
8 14
8 15
8 17
8 20
8 22
8 23
8 24
8 26
8 28
8 31
8 34
9 10
9 11
9 13
9 16
9 21
9 22
9 23
9 24
9 25
9 26
9 28
9 29
9 30
10 14
10 16
10 17
10 19
10 20
10 22
10 25
10 27
10 30
10 32
10 33
11 12
11 13
11 14
11 17
11 18
11 19
11 20
11 23
11 29
11 30
11 32
11 34
12 15
12 16
12 17
12 18
12 22
12 24
12 25
12 27
12 28
12 29
12 32
13 15
13 18
13 19
13 20
13 25
13 26
13 27
13 28
13 31
13 34
14 18
14 19
14 21
14 24
14 26
14 29
14 30
14 31
14 32
15 17
15 20
15 21
15 23
15 26
15 27
15 29
15 30
15 33
16 17
16 18
16 19
16 21
16 26
16 27
16 28
16 31
16 33
17 18
17 19
17 21
17 23
17 25
17 30
17 31
17 34
18 20
18 21
18 24
18 26
18 28
18 32
18 33
19 20
19 22
19 23
19 27
19 28
19 29
19 31
20 22
20 24
20 26
20 27
20 30
20 33
21 22
21 26
21 27
21 29
21 30
21 34
22 26
22 28
22 29
22 32
22 34
23 25
23 26
23 28
23 29
23 32
23 33
24 25
24 27
24 28
24 29
24 30
24 31
25 26
25 27
25 30
25 31
25 32
26 31
26 32
27 29
27 32
27 34
28 30
28 33
28 34
29 31
29 33
30 33
30 34
31 33
31 34
32 33
32 34
