29 203
0 1
0 2
0 3
0 4
0 5
0 6
0 7
0 8
0 9
0 10
0 11
0 12
0 13
0 14
1 2
1 3
1 4
1 5
1 6
1 7
1 15
1 16
1 17
1 18
1 19
1 20
1 21
2 4
2 7
2 8
2 9
2 14
2 15
2 16
2 21
2 24
2 26
2 27
2 28
3 5
3 6
3 9
3 13
3 14
3 15
3 17
3 20
3 23
3 25
3 26
3 28
4 6
4 10
4 11
4 13
4 16
4 18
4 20
4 24
4 25
4 26
4 27
5 7
5 8
5 12
5 13
5 17
5 20
5 21
5 22
5 24
5 25
5 27
6 7
6 10
6 14
6 18
6 19
6 22
6 23
6 25
6 27
6 28
7 11
7 12
7 19
7 21
7 22
7 23
7 24
7 26
7 28
8 10
8 12
8 13
8 14
8 15
8 16
8 19
8 20
8 22
8 27
8 28
9 10
9 11
9 12
9 14
9 15
9 17
9 18
9 21
9 24
9 25
9 28
10 11
10 13
10 16
10 17
10 19
10 21
10 22
10 25
10 28
11 12
11 13
11 15
11 18
11 20
11 21
11 22
11 23
11 26
12 14
12 16
12 18
12 19
12 20
12 23
12 24
12 25
13 15
13 17
13 19
13 23
13 24
13 26
13 27
14 16
14 17
14 18
14 22
14 23
14 26
14 27
15 18
15 19
15 20
15 21
15 23
15 27
15 28
16 17
16 19
16 20
16 21
16 23
16 25
16 26
17 18
17 19
17 21
17 22
17 24
17 26
18 19
18 20
18 22
18 24
18 27
19 23
19 24
19 28
20 22
20 25
20 26
20 28
21 22
21 23
21 25
21 27
22 26
22 27
22 28
23 25
23 26
23 27
24 25
24 26
24 27
24 28
25 27
25 28
26 28
