26 130
19 14
19 1
19 24
19 15
19 6
19 18
19 11
19 17
19 5
19 0
14 1
14 24
14 15
14 4
14 21
14 13
14 8
14 25
14 12
1 17
1 0
1 8
1 25
1 16
1 9
1 3
1 2
24 18
24 0
24 25
24 12
24 20
24 23
24 7
24 10
15 11
15 5
15 13
15 12
15 22
15 3
15 10
15 2
6 18
6 11
6 0
6 4
6 21
6 13
6 7
6 9
6 3
18 5
18 13
18 8
18 20
18 23
18 9
18 2
11 17
11 21
11 25
11 20
11 22
11 7
11 2
17 5
17 21
17 8
17 16
17 23
17 7
17 10
5 4
5 12
5 16
5 22
5 23
5 9
0 4
0 20
0 16
0 22
0 3
0 10
4 21
4 13
4 25
4 16
4 22
4 23
21 8
21 12
21 20
21 23
21 3
13 8
13 16
13 7
13 10
13 2
8 20
8 22
8 9
8 10
25 22
25 23
25 7
25 9
25 2
12 20
12 16
12 7
12 9
12 3
20 16
20 22
20 2
16 7
16 2
22 9
22 10
23 3
23 10
23 2
7 9
7 10
9 3
3 10
3 2
