26 130
14 12
14 24
14 9
14 4
14 8
14 3
14 11
14 2
14 20
14 10
12 24
12 9
12 4
12 23
12 16
12 15
12 13
12 1
12 18
24 2
24 10
24 13
24 1
24 7
24 21
24 17
24 0
9 3
9 10
9 1
9 18
9 25
9 6
9 5
9 19
4 11
4 20
4 15
4 18
4 22
4 17
4 19
4 0
8 3
8 11
8 10
8 23
8 16
8 15
8 5
8 21
8 17
3 20
3 15
3 13
3 25
3 6
3 21
3 0
11 2
11 16
11 1
11 25
11 22
11 5
11 0
2 20
2 16
2 13
2 7
2 6
2 5
2 19
20 23
20 18
20 7
20 22
20 6
20 21
10 23
10 25
10 7
10 22
10 17
10 19
23 16
23 15
23 1
23 7
23 22
23 6
16 13
16 18
16 25
16 6
16 17
15 13
15 7
15 5
15 19
15 0
13 25
13 22
13 21
13 19
1 22
1 6
1 5
1 21
1 0
18 25
18 7
18 5
18 21
18 17
25 7
25 22
25 0
7 5
7 0
22 21
22 19
6 17
6 19
6 0
5 21
5 19
21 17
17 19
17 0
