26 130
3 5
3 25
3 12
3 13
3 23
3 6
3 8
3 4
3 10
3 1
5 25
5 12
5 13
5 7
5 19
5 14
5 18
5 2
5 15
25 4
25 1
25 18
25 2
25 24
25 21
25 20
25 0
12 6
12 1
12 2
12 15
12 16
12 9
12 22
12 17
13 8
13 10
13 14
13 15
13 11
13 20
13 17
13 0
23 6
23 8
23 1
23 7
23 19
23 14
23 22
23 21
23 20
6 10
6 14
6 18
6 16
6 9
6 21
6 0
8 4
8 19
8 2
8 16
8 11
8 22
8 0
4 10
4 19
4 18
4 24
4 9
4 22
4 17
10 7
10 15
10 24
10 11
10 9
10 21
1 7
1 16
1 24
1 11
1 20
1 17
7 19
7 14
7 2
7 24
7 11
7 9
19 18
19 15
19 16
19 9
19 20
14 18
14 24
14 22
14 17
14 0
18 16
18 11
18 21
18 17
2 11
2 9
2 22
2 21
2 0
15 16
15 24
15 22
15 21
15 20
16 24
16 11
16 0
24 22
24 0
11 21
11 17
9 20
9 17
9 0
22 21
22 17
21 20
20 17
20 0
