26 130
13 5
13 23
13 21
13 25
13 6
13 16
13 14
13 22
13 10
13 3
5 23
5 21
5 25
5 2
5 17
5 9
5 19
5 20
5 12
23 22
23 3
23 19
23 20
23 24
23 4
23 0
23 7
21 16
21 3
21 20
21 12
21 11
21 18
21 15
21 1
25 14
25 10
25 9
25 12
25 8
25 0
25 1
25 7
6 16
6 14
6 3
6 2
6 17
6 9
6 15
6 4
6 0
16 10
16 9
16 19
16 11
16 18
16 4
16 7
14 22
14 17
14 20
14 11
14 8
14 15
14 7
22 10
22 17
22 19
22 24
22 18
22 15
22 1
10 2
10 12
10 24
10 8
10 18
10 4
3 2
3 11
3 24
3 8
3 0
3 1
2 17
2 9
2 20
2 24
2 8
2 18
17 19
17 12
17 11
17 18
17 0
9 19
9 24
9 15
9 1
9 7
19 11
19 8
19 4
19 1
20 8
20 18
20 15
20 4
20 7
12 11
12 24
12 15
12 4
12 0
11 24
11 8
11 7
24 15
24 7
8 4
8 1
18 0
18 1
18 7
15 4
15 1
4 0
0 1
0 7
