26 130
14 10
14 23
14 0
14 13
14 24
14 2
14 22
14 7
14 20
14 12
10 23
10 0
10 13
10 19
10 3
10 6
10 21
10 1
10 17
23 7
23 12
23 21
23 1
23 25
23 8
23 11
23 16
0 2
0 12
0 1
0 17
0 15
0 5
0 9
0 18
13 22
13 20
13 6
13 17
13 4
13 11
13 18
13 16
24 2
24 22
24 12
24 19
24 3
24 6
24 9
24 8
24 11
2 20
2 6
2 21
2 15
2 5
2 8
2 16
22 7
22 3
22 1
22 15
22 4
22 9
22 16
7 20
7 3
7 21
7 25
7 5
7 9
7 18
20 19
20 17
20 25
20 4
20 5
20 8
12 19
12 15
12 25
12 4
12 11
12 18
19 3
19 6
19 1
19 25
19 4
19 5
3 21
3 17
3 15
3 5
3 11
6 21
6 25
6 9
6 18
6 16
21 15
21 4
21 8
21 18
1 4
1 5
1 9
1 8
1 16
17 15
17 25
17 9
17 8
17 11
15 25
15 4
15 16
25 9
25 16
4 8
4 18
5 11
5 18
5 16
9 8
9 18
8 11
11 18
11 16
