26 130
11 7
11 1
11 12
11 2
11 25
11 18
11 6
11 14
11 20
11 3
7 1
7 12
7 2
7 10
7 0
7 24
7 13
7 19
7 16
1 14
1 3
1 13
1 19
1 8
1 23
1 5
1 15
12 18
12 3
12 19
12 16
12 9
12 21
12 4
12 22
2 6
2 20
2 24
2 16
2 17
2 5
2 22
2 15
25 18
25 6
25 3
25 10
25 0
25 24
25 4
25 23
25 5
18 20
18 24
18 13
18 9
18 21
18 23
18 15
6 14
6 0
6 19
6 9
6 17
6 4
6 15
14 20
14 0
14 13
14 8
14 21
14 4
14 22
20 10
20 16
20 8
20 17
20 21
20 23
3 10
3 9
3 8
3 17
3 5
3 22
10 0
10 24
10 19
10 8
10 17
10 21
0 13
0 16
0 9
0 21
0 5
24 13
24 8
24 4
24 22
24 15
13 9
13 17
13 23
13 22
19 17
19 21
19 4
19 23
19 15
16 9
16 8
16 4
16 23
16 5
9 8
9 17
9 15
8 4
8 15
17 23
17 22
21 5
21 22
21 15
4 23
4 22
23 5
5 22
5 15
