26 130
14 21
14 20
14 18
14 24
14 1
14 15
14 4
14 3
14 0
14 25
21 20
21 18
21 24
21 17
21 23
21 10
21 6
21 12
21 13
20 3
20 25
20 6
20 12
20 9
20 2
20 11
20 8
18 15
18 25
18 12
18 13
18 19
18 22
18 16
18 5
24 4
24 0
24 10
24 13
24 7
24 11
24 5
24 8
1 15
1 4
1 25
1 17
1 23
1 10
1 16
1 2
1 11
15 0
15 10
15 6
15 19
15 22
15 2
15 8
4 3
4 23
4 12
4 19
4 7
4 16
4 8
3 0
3 23
3 6
3 9
3 22
3 16
3 5
0 17
0 13
0 9
0 7
0 22
0 2
25 17
25 19
25 9
25 7
25 11
25 5
17 23
17 10
17 12
17 9
17 7
17 22
23 6
23 13
23 19
23 22
23 11
10 6
10 9
10 16
10 5
10 8
6 19
6 7
6 2
6 5
12 7
12 22
12 16
12 2
12 8
13 19
13 9
13 16
13 2
13 11
19 9
19 7
19 8
9 16
9 8
7 2
7 5
22 11
22 5
22 8
16 2
16 5
2 11
11 5
11 8
