26 130
23 12
23 16
23 24
23 19
23 6
23 5
23 21
23 22
23 2
23 7
12 16
12 24
12 19
12 10
12 1
12 15
12 13
12 8
12 0
16 22
16 7
16 13
16 8
16 11
16 9
16 14
16 3
24 5
24 7
24 8
24 0
24 17
24 25
24 20
24 18
19 21
19 2
19 15
19 0
19 4
19 14
19 18
19 3
6 5
6 21
6 7
6 10
6 1
6 15
6 20
6 9
6 14
5 2
5 15
5 13
5 17
5 25
5 9
5 3
21 22
21 1
21 8
21 17
21 4
21 20
21 3
22 2
22 1
22 13
22 11
22 25
22 20
22 18
2 10
2 0
2 11
2 4
2 25
2 9
7 10
7 17
7 11
7 4
7 14
7 18
10 1
10 15
10 8
10 11
10 4
10 25
1 13
1 0
1 17
1 25
1 14
15 13
15 11
15 20
15 18
15 3
13 17
13 4
13 9
13 18
8 4
8 25
8 20
8 9
8 3
0 17
0 11
0 20
0 9
0 14
17 11
17 4
17 3
11 20
11 3
4 9
4 18
25 14
25 18
25 3
20 9
20 18
9 14
14 18
14 3
