26 130
14 12
14 16
14 13
14 25
14 21
14 7
14 20
14 4
14 0
14 1
12 16
12 13
12 25
12 23
12 2
12 6
12 24
12 18
12 8
16 4
16 1
16 24
16 18
16 11
16 10
16 15
16 17
13 7
13 1
13 18
13 8
13 9
13 19
13 5
13 3
25 20
25 0
25 6
25 8
25 22
25 15
25 3
25 17
21 7
21 20
21 1
21 23
21 2
21 6
21 5
21 10
21 15
7 0
7 6
7 24
7 9
7 19
7 10
7 17
20 4
20 2
20 18
20 9
20 22
20 5
20 17
4 0
4 2
4 24
4 11
4 19
4 5
4 3
0 23
0 8
0 11
0 22
0 19
0 10
1 23
1 9
1 11
1 22
1 15
1 3
23 2
23 6
23 18
23 11
23 22
23 19
2 24
2 8
2 9
2 19
2 15
6 24
6 11
6 5
6 3
6 17
24 9
24 22
24 10
24 3
18 22
18 19
18 5
18 10
18 17
8 9
8 11
8 5
8 10
8 15
9 11
9 22
9 17
11 5
11 17
22 10
22 3
19 15
19 3
19 17
5 10
5 3
10 15
15 3
15 17
