3750 9000
0 3267
0 3023
0 3179
1 3398
1 3267
1 3554
2 3398
2 3179
2 3642
3 3642
3 3554
3 3023
4 3078
4 3319
4 3047
5 3078
5 3694
5 3422
6 3453
6 3047
6 3694
7 3453
7 3319
7 3422
8 3278
8 3103
8 3064
9 3439
9 3103
9 3653
10 3064
10 3653
10 3478
11 3278
11 3478
11 3439
12 3160
12 3011
12 3103
13 3386
13 3103
13 3535
14 3535
14 3478
14 3011
15 3478
15 3386
15 3160
16 3263
16 3017
16 3223
17 3392
17 3263
17 3598
18 3223
18 3638
18 3392
19 3017
19 3598
19 3638
20 3055
20 3233
20 3202
21 3577
21 3430
21 3233
22 3202
22 3430
22 3608
23 3577
23 3055
23 3608
24 3153
24 3232
24 3089
25 3464
25 3153
25 3607
26 3464
26 3232
26 3528
27 3089
27 3528
27 3607
28 3118
28 3124
28 3334
29 3709
29 3124
29 3493
30 3499
30 3118
30 3709
31 3499
31 3493
31 3334
32 3060
32 3091
32 3070
33 3435
33 3091
33 3445
34 3070
34 3466
34 3435
35 3060
35 3466
35 3445
36 3009
36 3170
36 3289
37 3009
37 3545
37 3664
38 3545
38 3384
38 3289
39 3384
39 3170
39 3664
40 3347
40 3337
40 3048
41 3712
41 3347
41 3423
42 3722
42 3337
42 3423
43 3722
43 3048
43 3712
44 3158
44 3349
44 3168
45 3533
45 3168
45 3724
46 3724
46 3543
46 3158
47 3533
47 3349
47 3543
48 3222
48 3166
48 3371
49 3541
49 3371
49 3597
50 3222
50 3746
50 3541
51 3746
51 3166
51 3597
52 3246
52 3122
52 3088
53 3088
53 3497
53 3621
54 3463
54 3122
54 3621
55 3463
55 3246
55 3497
56 3170
56 3208
56 3038
57 3583
57 3413
57 3170
58 3545
58 3413
58 3208
59 3583
59 3038
59 3545
60 3369
60 3324
60 3331
61 3706
61 3744
61 3324
62 3744
62 3331
62 3699
63 3699
63 3706
63 3369
64 3223
64 3073
64 3154
65 3448
65 3529
65 3223
66 3598
66 3448
66 3154
67 3073
67 3598
67 3529
68 3125
68 3054
68 3025
69 3500
69 3429
69 3025
70 3400
70 3500
70 3054
71 3125
71 3400
71 3429
72 3197
72 3322
72 3054
73 3697
73 3054
73 3572
74 3697
74 3197
74 3429
75 3572
75 3322
75 3429
76 3062
76 3303
76 3250
77 3437
77 3303
77 3625
78 3437
78 3250
78 3678
79 3678
79 3625
79 3062
80 3202
80 3120
80 3055
81 3495
81 3055
81 3577
82 3430
82 3120
82 3577
83 3430
83 3202
83 3495
84 3037
84 3030
84 3266
85 3641
85 3412
85 3030
86 3405
86 3037
86 3641
87 3266
87 3405
87 3412
88 3246
88 3266
88 3087
89 3462
89 3621
89 3266
90 3087
90 3641
90 3621
91 3246
91 3641
91 3462
92 3224
92 3327
92 3102
93 3702
93 3102
93 3599
94 3224
94 3702
94 3477
95 3477
95 3327
95 3599
96 3176
96 3235
96 3161
97 3235
97 3536
97 3551
98 3161
98 3551
98 3610
99 3610
99 3536
99 3176
100 3285
100 3165
100 3056
101 3056
101 3540
101 3660
102 3165
102 3660
102 3431
103 3431
103 3540
103 3285
104 3179
104 3217
104 3024
105 3399
105 3179
105 3592
106 3399
106 3554
106 3217
107 3554
107 3592
107 3024
108 3133
108 3256
108 3360
109 3735
109 3256
109 3508
110 3735
110 3133
110 3631
111 3508
111 3360
111 3631
112 3089
112 3179
112 3152
113 3464
113 3152
113 3554
114 3464
114 3527
114 3179
115 3527
115 3554
115 3089
116 3196
116 3066
116 3285
117 3571
117 3066
117 3660
118 3571
118 3441
118 3285
119 3196
119 3660
119 3441
120 3065
120 3140
120 3008
121 3140
121 3383
121 3440
122 3383
122 3515
122 3065
123 3008
123 3515
123 3440
124 3210
124 3056
124 3156
125 3585
125 3056
125 3531
126 3585
126 3156
126 3431
127 3210
127 3431
127 3531
128 3320
128 3247
128 3322
129 3322
129 3622
129 3695
130 3697
130 3320
130 3622
131 3247
131 3697
131 3695
132 3235
132 3179
132 3083
133 3458
133 3179
133 3610
134 3083
134 3610
134 3554
135 3554
135 3235
135 3458
136 3281
136 3043
136 3077
137 3452
137 3418
137 3281
138 3043
138 3656
138 3452
139 3418
139 3077
139 3656
140 3249
140 3305
140 3130
141 3624
141 3130
141 3680
142 3505
142 3249
142 3680
143 3505
143 3624
143 3305
144 3024
144 3258
144 3084
145 3633
145 3024
145 3459
146 3633
146 3399
146 3084
147 3459
147 3399
147 3258
148 3317
148 3248
148 3123
149 3623
149 3317
149 3498
150 3692
150 3123
150 3623
151 3248
151 3692
151 3498
152 3268
152 3237
152 3309
153 3309
153 3612
153 3643
154 3643
154 3237
154 3684
155 3268
155 3684
155 3612
156 3274
156 3272
156 3068
157 3443
157 3647
157 3274
158 3068
158 3647
158 3649
159 3443
159 3272
159 3649
160 3100
160 3162
160 3115
161 3490
161 3475
161 3162
162 3537
162 3490
162 3100
163 3115
163 3537
163 3475
164 3204
164 3215
164 3290
165 3290
165 3590
165 3579
166 3204
166 3590
166 3665
167 3579
167 3215
167 3665
168 3208
168 3263
168 3137
169 3583
169 3638
169 3137
170 3583
170 3512
170 3263
171 3638
171 3208
171 3512
172 3050
172 3100
172 3210
173 3585
173 3475
173 3050
174 3100
174 3425
174 3585
175 3475
175 3425
175 3210
176 3168
176 3006
176 3367
177 3381
177 3367
177 3543
178 3543
178 3742
178 3006
179 3381
179 3742
179 3168
180 3137
180 3013
180 3216
181 3591
181 3013
181 3512
182 3591
182 3137
182 3388
183 3216
183 3512
183 3388
184 3345
184 3209
184 3085
185 3085
185 3584
185 3720
186 3720
186 3209
186 3460
187 3345
187 3460
187 3584
188 3012
188 3325
188 3019
189 3394
189 3325
189 3387
190 3019
190 3700
190 3387
191 3394
191 3700
191 3012
192 3208
192 3223
192 3226
193 3583
193 3601
193 3223
194 3601
194 3208
194 3598
195 3226
195 3598
195 3583
196 3248
196 3300
196 3262
197 3623
197 3675
197 3262
198 3637
198 3623
198 3300
199 3675
199 3248
199 3637
200 3075
200 3025
200 3067
201 3400
201 3442
201 3075
202 3067
202 3400
202 3450
203 3450
203 3025
203 3442
204 3227
204 3336
204 3245
205 3336
205 3602
205 3620
206 3620
206 3711
206 3227
207 3245
207 3602
207 3711
208 3351
208 3373
208 3116
209 3748
209 3491
209 3351
210 3491
210 3726
210 3373
211 3726
211 3116
211 3748
212 3212
212 3338
212 3034
213 3338
213 3587
213 3409
214 3034
214 3713
214 3587
215 3409
215 3713
215 3212
216 3125
216 3079
216 3208
217 3500
217 3079
217 3583
218 3125
218 3454
218 3583
219 3454
219 3208
219 3500
220 3126
220 3352
220 3171
221 3546
221 3126
221 3727
222 3546
222 3501
222 3352
223 3727
223 3171
223 3501
224 3216
224 3173
224 3222
225 3597
225 3173
225 3591
226 3591
226 3548
226 3222
227 3548
227 3216
227 3597
228 3149
228 3219
228 3190
229 3594
229 3190
229 3524
230 3524
230 3219
230 3565
231 3565
231 3594
231 3149
232 3152
232 3223
232 3123
233 3598
233 3498
233 3152
234 3598
234 3123
234 3527
235 3527
235 3498
235 3223
236 3287
236 3309
236 3344
237 3684
237 3662
237 3344
238 3287
238 3719
238 3684
239 3662
239 3719
239 3309
240 3195
240 3158
240 3110
241 3485
241 3195
241 3533
242 3570
242 3110
242 3533
243 3158
243 3485
243 3570
244 3222
244 3213
244 3090
245 3090
245 3588
245 3597
246 3597
246 3465
246 3213
247 3465
247 3222
247 3588
248 3146
248 3007
248 3318
249 3007
249 3693
249 3521
250 3382
250 3146
250 3693
251 3382
251 3521
251 3318
252 3260
252 3138
252 3331
253 3138
253 3635
253 3706
254 3513
254 3706
254 3260
255 3513
255 3635
255 3331
256 3034
256 3037
256 3024
257 3037
257 3399
257 3409
258 3034
258 3399
258 3412
259 3412
259 3024
259 3409
260 3369
260 3131
260 3219
261 3506
261 3369
261 3594
262 3131
262 3594
262 3744
263 3506
263 3744
263 3219
264 3224
264 3076
264 3324
265 3599
265 3699
265 3076
266 3699
266 3224
266 3451
267 3599
267 3324
267 3451
268 3321
268 3255
268 3016
269 3321
269 3391
269 3630
270 3016
270 3630
270 3696
271 3255
271 3696
271 3391
272 3087
272 3287
272 3370
273 3745
273 3287
273 3462
274 3087
274 3745
274 3662
275 3370
275 3462
275 3662
276 3029
276 3008
276 3147
277 3404
277 3522
277 3008
278 3147
278 3383
278 3404
279 3522
279 3383
279 3029
280 3048
280 3074
280 3144
281 3423
281 3449
281 3144
282 3519
282 3449
282 3048
283 3074
283 3519
283 3423
284 3370
284 3133
284 3167
285 3542
285 3133
285 3745
286 3542
286 3508
286 3370
287 3167
287 3745
287 3508
288 3213
288 3122
288 3019
289 3497
289 3394
289 3213
290 3019
290 3588
290 3497
291 3394
291 3122
291 3588
292 3008
292 3253
292 3261
293 3628
293 3261
293 3383
294 3008
294 3636
294 3628
295 3383
295 3253
295 3636
296 3011
296 3183
296 3109
297 3386
297 3109
297 3558
298 3484
298 3558
298 3011
299 3183
299 3484
299 3386
300 3071
300 3237
300 3311
301 3071
301 3612
301 3686
302 3237
302 3446
302 3686
303 3311
303 3446
303 3612
304 3341
304 3200
304 3114
305 3575
305 3114
305 3716
306 3200
306 3716
306 3489
307 3575
307 3489
307 3341
308 3077
308 3296
308 3154
309 3452
309 3154
309 3671
310 3671
310 3529
310 3077
311 3296
311 3452
311 3529
312 3138
312 3354
312 3213
313 3729
313 3138
313 3588
314 3588
314 3354
314 3513
315 3213
315 3729
315 3513
316 3159
316 3060
316 3245
317 3620
317 3435
317 3159
318 3620
318 3060
318 3534
319 3435
319 3245
319 3534
320 3178
320 3026
320 3175
321 3553
321 3175
321 3401
322 3026
322 3550
322 3553
323 3178
323 3550
323 3401
324 3229
324 3147
324 3206
325 3581
325 3147
325 3604
326 3604
326 3522
326 3206
327 3522
327 3581
327 3229
328 3286
328 3090
328 3184
329 3661
329 3465
329 3184
330 3559
330 3661
330 3090
331 3465
331 3286
331 3559
332 3159
332 3369
332 3179
333 3179
333 3534
333 3744
334 3554
334 3159
334 3744
335 3369
335 3534
335 3554
336 3055
336 3099
336 3175
337 3055
337 3550
337 3474
338 3099
338 3550
338 3430
339 3430
339 3474
339 3175
340 3067
340 3006
340 3018
341 3381
341 3018
341 3442
342 3067
342 3381
342 3393
343 3442
343 3393
343 3006
344 3220
344 3098
344 3163
345 3220
345 3538
345 3473
346 3473
346 3595
346 3163
347 3538
347 3098
347 3595
348 3360
348 3351
348 3366
349 3741
349 3735
349 3351
350 3366
350 3735
350 3726
351 3741
351 3360
351 3726
352 3332
352 3153
352 3246
353 3621
353 3707
353 3153
354 3621
354 3528
354 3332
355 3707
355 3246
355 3528
356 3174
356 3285
356 3065
357 3549
357 3065
357 3660
358 3549
358 3285
358 3440
359 3174
359 3440
359 3660
360 3150
360 3176
360 3098
361 3098
361 3525
361 3551
362 3525
362 3176
362 3473
363 3473
363 3551
363 3150
364 3206
364 3027
364 3200
365 3575
365 3206
365 3402
366 3027
366 3575
366 3581
367 3402
367 3581
367 3200
368 3360
368 3272
368 3084
369 3735
369 3084
369 3647
370 3459
370 3735
370 3272
371 3459
371 3360
371 3647
372 3303
372 3110
372 3071
373 3071
373 3678
373 3485
374 3446
374 3485
374 3303
375 3446
375 3110
375 3678
376 3180
376 3197
376 3245
377 3555
377 3197
377 3620
378 3245
378 3555
378 3572
379 3620
379 3180
379 3572
380 3224
380 3106
380 3210
381 3599
381 3106
381 3585
382 3224
382 3481
382 3585
383 3599
383 3481
383 3210
384 3054
384 3007
384 3137
385 3382
385 3054
385 3512
386 3007
386 3512
386 3429
387 3382
387 3137
387 3429
388 3186
388 3100
388 3019
389 3561
389 3019
389 3475
390 3100
390 3561
390 3394
391 3394
391 3186
391 3475
392 3228
392 3022
392 3331
393 3603
393 3706
393 3022
394 3397
394 3603
394 3331
395 3706
395 3397
395 3228
396 3054
396 3102
396 3310
397 3685
397 3102
397 3429
398 3477
398 3429
398 3310
399 3054
399 3477
399 3685
400 3346
400 3024
400 3283
401 3721
401 3658
401 3024
402 3346
402 3658
402 3399
403 3283
403 3721
403 3399
404 3051
404 3184
404 3350
405 3426
405 3350
405 3559
406 3184
406 3725
406 3426
407 3559
407 3725
407 3051
408 3358
408 3308
408 3036
409 3358
409 3683
409 3411
410 3036
410 3683
410 3733
411 3411
411 3733
411 3308
412 3187
412 3047
412 3094
413 3187
413 3422
413 3469
414 3047
414 3469
414 3562
415 3094
415 3422
415 3562
416 3039
416 3045
416 3252
417 3627
417 3039
417 3420
418 3420
418 3252
418 3414
419 3627
419 3045
419 3414
420 3051
420 3322
420 3215
421 3051
421 3697
421 3590
422 3215
422 3697
422 3426
423 3322
423 3590
423 3426
424 3251
424 3301
424 3324
425 3626
425 3301
425 3699
426 3699
426 3251
426 3676
427 3676
427 3626
427 3324
428 3210
428 3087
428 3310
429 3685
429 3585
429 3087
430 3462
430 3210
430 3685
431 3310
431 3462
431 3585
432 3042
432 3027
432 3158
433 3417
433 3533
433 3027
434 3402
434 3533
434 3042
435 3402
435 3417
435 3158
436 3207
436 3060
436 3309
437 3060
437 3582
437 3684
438 3207
438 3435
438 3684
439 3435
439 3582
439 3309
440 3177
440 3337
440 3201
441 3337
441 3552
441 3576
442 3201
442 3552
442 3712
443 3576
443 3177
443 3712
444 3215
444 3318
444 3229
445 3693
445 3215
445 3604
446 3229
446 3693
446 3590
447 3604
447 3590
447 3318
448 3281
448 3132
448 3028
449 3656
449 3403
449 3132
450 3028
450 3507
450 3656
451 3507
451 3281
451 3403
452 3077
452 3193
452 3342
453 3077
453 3568
453 3717
454 3193
454 3452
454 3717
455 3568
455 3342
455 3452
456 3020
456 3237
456 3295
457 3670
457 3020
457 3612
458 3612
458 3395
458 3295
459 3395
459 3237
459 3670
460 3043
460 3064
460 3141
461 3141
461 3418
461 3439
462 3418
462 3516
462 3064
463 3516
463 3439
463 3043
464 3199
464 3094
464 3116
465 3574
465 3094
465 3491
466 3469
466 3116
466 3574
467 3469
467 3491
467 3199
468 3090
468 3195
468 3122
469 3570
469 3465
469 3122
470 3195
470 3465
470 3497
471 3570
471 3497
471 3090
472 3184
472 3231
472 3302
473 3559
473 3231
473 3677
474 3606
474 3184
474 3677
475 3606
475 3559
475 3302
476 3055
476 3035
476 3207
477 3055
477 3582
477 3410
478 3035
478 3582
478 3430
479 3410
479 3207
479 3430
480 3002
480 3317
480 3261
481 3377
481 3636
481 3317
482 3377
482 3692
482 3261
483 3002
483 3636
483 3692
484 3179
484 3003
484 3027
485 3402
485 3554
485 3003
486 3554
486 3027
486 3378
487 3378
487 3179
487 3402
488 3179
488 3049
488 3182
489 3424
489 3182
489 3554
490 3424
490 3179
490 3557
491 3049
491 3557
491 3554
492 3055
492 3067
492 3358
493 3442
493 3430
493 3358
494 3055
494 3442
494 3733
495 3067
495 3430
495 3733
496 3027
496 3045
496 3347
497 3402
497 3347
497 3420
498 3027
498 3420
498 3722
499 3402
499 3045
499 3722
500 3349
500 3035
500 3331
501 3724
501 3706
501 3035
502 3410
502 3331
502 3724
503 3706
503 3410
503 3349
504 3043
504 3260
504 3195
505 3418
505 3635
505 3195
506 3570
506 3260
506 3418
507 3635
507 3570
507 3043
508 3276
508 3118
508 3351
509 3493
509 3651
509 3351
510 3726
510 3276
510 3493
511 3726
511 3651
511 3118
512 3354
512 3267
512 3125
513 3500
513 3642
513 3354
514 3729
514 3500
514 3267
515 3729
515 3642
515 3125
516 3303
516 3130
516 3178
517 3505
517 3178
517 3678
518 3505
518 3303
518 3553
519 3553
519 3678
519 3130
520 3250
520 3323
520 3214
521 3698
521 3250
521 3589
522 3698
522 3214
522 3625
523 3323
523 3589
523 3625
524 3081
524 3319
524 3165
525 3694
525 3456
525 3165
526 3081
526 3694
526 3540
527 3540
527 3319
527 3456
528 3294
528 3351
528 3161
529 3669
529 3536
529 3351
530 3536
530 3726
530 3294
531 3161
531 3726
531 3669
532 3219
532 3243
532 3078
533 3243
533 3594
533 3453
534 3078
534 3594
534 3618
535 3219
535 3453
535 3618
536 3277
536 3260
536 3298
537 3652
537 3298
537 3635
538 3277
538 3673
538 3635
539 3260
539 3652
539 3673
540 3352
540 3029
540 3086
541 3727
541 3086
541 3404
542 3727
542 3029
542 3461
543 3404
543 3461
543 3352
544 3314
544 3006
544 3300
545 3381
545 3689
545 3300
546 3675
546 3314
546 3381
547 3689
547 3006
547 3675
548 3123
548 3067
548 3063
549 3063
549 3498
549 3442
550 3438
550 3067
550 3498
551 3123
551 3442
551 3438
552 3131
552 3014
552 3314
553 3389
553 3689
553 3131
554 3506
554 3689
554 3014
555 3389
555 3506
555 3314
556 3041
556 3086
556 3008
557 3461
557 3008
557 3416
558 3041
558 3461
558 3383
559 3086
559 3416
559 3383
560 3239
560 3235
560 3005
561 3239
561 3380
561 3610
562 3235
562 3614
562 3380
563 3614
563 3005
563 3610
564 3221
564 3173
564 3315
565 3596
565 3315
565 3548
566 3690
566 3221
566 3548
567 3690
567 3173
567 3596
568 3072
568 3026
568 3014
569 3072
569 3401
569 3389
570 3389
570 3026
570 3447
571 3401
571 3014
571 3447
572 3095
572 3212
572 3293
573 3293
573 3587
573 3470
574 3212
574 3668
574 3470
575 3095
575 3587
575 3668
576 3127
576 3274
576 3236
577 3649
577 3127
577 3611
578 3649
578 3236
578 3502
579 3274
579 3611
579 3502
580 3318
580 3093
580 3116
581 3693
581 3093
581 3491
582 3693
582 3116
582 3468
583 3468
583 3318
583 3491
584 3341
584 3023
584 3006
585 3398
585 3341
585 3381
586 3716
586 3381
586 3023
587 3006
587 3398
587 3716
588 3143
588 3080
588 3157
589 3518
589 3455
589 3157
590 3143
590 3532
590 3455
591 3080
591 3532
591 3518
592 3312
592 3049
592 3309
593 3424
593 3684
593 3312
594 3049
594 3687
594 3684
595 3309
595 3687
595 3424
596 3016
596 3170
596 3167
597 3170
597 3542
597 3391
598 3545
598 3016
598 3542
599 3545
599 3391
599 3167
600 3099
600 3331
600 3035
601 3035
601 3706
601 3474
602 3706
602 3099
602 3410
603 3410
603 3474
603 3331
604 3296
604 3095
604 3194
605 3296
605 3470
605 3569
606 3569
606 3095
606 3671
607 3470
607 3671
607 3194
608 3120
608 3033
608 3198
609 3573
609 3495
609 3033
610 3495
610 3408
610 3198
611 3408
611 3573
611 3120
612 3293
612 3284
612 3205
613 3580
613 3284
613 3668
614 3668
614 3659
614 3205
615 3580
615 3659
615 3293
616 3157
616 3196
616 3260
617 3571
617 3157
617 3635
618 3635
618 3196
618 3532
619 3571
619 3260
619 3532
620 3216
620 3018
620 3332
621 3393
621 3216
621 3707
622 3018
622 3591
622 3707
623 3393
623 3591
623 3332
624 3134
624 3302
624 3254
625 3302
625 3509
625 3629
626 3254
626 3677
626 3509
627 3677
627 3629
627 3134
628 3032
628 3239
628 3218
629 3614
629 3032
629 3593
630 3407
630 3593
630 3239
631 3614
631 3407
631 3218
632 3260
632 3214
632 3036
633 3411
633 3635
633 3214
634 3635
634 3036
634 3589
635 3589
635 3411
635 3260
636 3322
636 3105
636 3262
637 3480
637 3637
637 3322
638 3105
638 3637
638 3697
639 3262
639 3697
639 3480
640 3303
640 3167
640 3004
641 3167
641 3678
641 3379
642 3303
642 3379
642 3542
643 3678
643 3542
643 3004
644 3134
644 3156
644 3342
645 3509
645 3342
645 3531
646 3509
646 3717
646 3156
647 3531
647 3134
647 3717
648 3109
648 3014
648 3147
649 3389
649 3522
649 3109
650 3522
650 3484
650 3014
651 3484
651 3389
651 3147
652 3099
652 3134
652 3359
653 3099
653 3509
653 3734
654 3359
654 3474
654 3509
655 3134
655 3474
655 3734
656 3205
656 3280
656 3369
657 3744
657 3205
657 3655
658 3580
658 3655
658 3369
659 3744
659 3580
659 3280
660 3237
660 3263
660 3286
661 3263
661 3661
661 3612
662 3661
662 3638
662 3237
663 3286
663 3638
663 3612
664 3139
664 3099
664 3121
665 3121
665 3514
665 3474
666 3514
666 3099
666 3496
667 3496
667 3474
667 3139
668 3112
668 3274
668 3239
669 3487
669 3274
669 3614
670 3649
670 3614
670 3112
671 3239
671 3649
671 3487
672 3367
672 3347
672 3361
673 3736
673 3367
673 3722
674 3347
674 3736
674 3742
675 3722
675 3742
675 3361
676 3023
676 3167
676 3072
677 3072
677 3398
677 3542
678 3447
678 3398
678 3167
679 3542
679 3023
679 3447
680 3127
680 3119
680 3352
681 3494
681 3502
681 3352
682 3727
682 3119
682 3502
683 3494
683 3127
683 3727
684 3135
684 3044
684 3026
685 3135
685 3401
685 3419
686 3510
686 3401
686 3044
687 3419
687 3510
687 3026
688 3113
688 3099
688 3277
689 3488
689 3099
689 3652
690 3277
690 3474
690 3488
691 3113
691 3474
691 3652
692 3160
692 3123
692 3318
693 3123
693 3535
693 3693
694 3160
694 3498
694 3693
695 3318
695 3498
695 3535
696 3054
696 3346
696 3351
697 3429
697 3721
697 3351
698 3054
698 3726
698 3721
699 3726
699 3429
699 3346
700 3098
700 3228
700 3182
701 3182
701 3603
701 3473
702 3228
702 3557
702 3473
703 3557
703 3603
703 3098
704 3048
704 3069
704 3132
705 3048
705 3444
705 3507
706 3507
706 3069
706 3423
707 3132
707 3444
707 3423
708 3164
708 3084
708 3068
709 3084
709 3539
709 3443
710 3164
710 3443
710 3459
711 3459
711 3068
711 3539
712 3258
712 3122
712 3306
713 3681
713 3122
713 3633
714 3258
714 3497
714 3681
715 3497
715 3306
715 3633
716 3261
716 3189
716 3062
717 3564
717 3437
717 3261
718 3189
718 3636
718 3437
719 3636
719 3564
719 3062
720 3237
720 3063
720 3180
721 3063
721 3555
721 3612
722 3438
722 3237
722 3555
723 3612
723 3438
723 3180
724 3145
724 3033
724 3187
725 3520
725 3033
725 3562
726 3562
726 3408
726 3145
727 3408
727 3520
727 3187
728 3162
728 3203
728 3247
729 3578
729 3247
729 3537
730 3203
730 3622
730 3537
731 3622
731 3578
731 3162
732 3065
732 3124
732 3274
733 3499
733 3440
733 3274
734 3649
734 3065
734 3499
735 3649
735 3440
735 3124
736 3187
736 3059
736 3087
737 3187
737 3434
737 3462
738 3462
738 3562
738 3059
739 3087
739 3434
739 3562
740 3125
740 3364
740 3088
741 3500
741 3364
741 3463
742 3463
742 3125
742 3739
743 3500
743 3088
743 3739
744 3093
744 3319
744 3314
745 3093
745 3694
745 3689
746 3468
746 3319
746 3689
747 3694
747 3468
747 3314
748 3334
748 3232
748 3368
749 3232
749 3743
749 3709
750 3709
750 3607
750 3368
751 3607
751 3334
751 3743
752 3364
752 3144
752 3192
753 3364
753 3519
753 3567
754 3144
754 3567
754 3739
755 3739
755 3192
755 3519
756 3179
756 3112
756 3033
757 3554
757 3112
757 3408
758 3179
758 3408
758 3487
759 3033
759 3487
759 3554
760 3099
760 3200
760 3077
761 3452
761 3474
761 3200
762 3452
762 3575
762 3099
763 3474
763 3077
763 3575
764 3280
764 3004
764 3372
765 3747
765 3280
765 3379
766 3379
766 3655
766 3372
767 3655
767 3004
767 3747
768 3132
768 3222
768 3045
769 3420
769 3132
769 3597
770 3222
770 3420
770 3507
771 3507
771 3597
771 3045
772 3289
772 3158
772 3293
773 3668
773 3158
773 3664
774 3293
774 3533
774 3664
775 3533
775 3668
775 3289
776 3214
776 3005
776 3123
777 3005
777 3498
777 3589
778 3123
778 3380
778 3589
779 3498
779 3380
779 3214
780 3030
780 3167
780 3066
781 3066
781 3405
781 3542
782 3167
782 3441
782 3405
783 3542
783 3441
783 3030
784 3269
784 3143
784 3194
785 3269
785 3518
785 3569
786 3644
786 3194
786 3518
787 3644
787 3143
787 3569
788 3285
788 3311
788 3228
789 3686
789 3285
789 3603
790 3660
790 3311
790 3603
791 3686
791 3660
791 3228
792 3146
792 3278
792 3143
793 3518
793 3278
793 3521
794 3653
794 3518
794 3146
795 3143
795 3653
795 3521
796 3014
796 3208
796 3140
797 3583
797 3014
797 3515
798 3389
798 3208
798 3515
799 3389
799 3583
799 3140
800 3321
800 3098
800 3056
801 3431
801 3098
801 3696
802 3056
802 3696
802 3473
803 3431
803 3473
803 3321
804 3028
804 3013
804 3101
805 3388
805 3028
805 3476
806 3388
806 3403
806 3101
807 3476
807 3403
807 3013
808 3193
808 3310
808 3028
809 3310
809 3403
809 3568
810 3568
810 3028
810 3685
811 3403
811 3685
811 3193
812 3337
812 3206
812 3356
813 3581
813 3731
813 3337
814 3712
814 3356
814 3581
815 3712
815 3206
815 3731
816 3183
816 3351
816 3052
817 3427
817 3351
817 3558
818 3183
818 3427
818 3726
819 3052
819 3726
819 3558
820 3222
820 3082
820 3327
821 3082
821 3597
821 3702
822 3327
822 3457
822 3597
823 3702
823 3222
823 3457
824 3302
824 3352
824 3146
825 3521
825 3727
825 3302
826 3146
826 3677
826 3727
827 3352
827 3677
827 3521
828 3074
828 3280
828 3222
829 3280
829 3449
829 3597
830 3655
830 3449
830 3222
831 3655
831 3597
831 3074
832 3078
832 3030
832 3142
833 3517
833 3030
833 3453
834 3517
834 3405
834 3078
835 3142
835 3405
835 3453
836 3125
836 3321
836 3159
837 3534
837 3696
837 3125
838 3500
838 3696
838 3159
839 3500
839 3534
839 3321
840 3189
840 3106
840 3071
841 3446
841 3189
841 3481
842 3106
842 3446
842 3564
843 3481
843 3071
843 3564
844 3155
844 3101
844 3153
845 3153
845 3530
845 3476
846 3101
846 3528
846 3530
847 3155
847 3476
847 3528
848 3079
848 3035
848 3122
849 3410
849 3122
849 3454
850 3497
850 3410
850 3079
851 3454
851 3497
851 3035
852 3042
852 3313
852 3079
853 3688
853 3417
853 3079
854 3042
854 3688
854 3454
855 3454
855 3417
855 3313
856 3196
856 3264
856 3155
857 3155
857 3639
857 3571
858 3639
858 3196
858 3530
859 3571
859 3530
859 3264
860 3059
860 3132
860 3129
861 3507
861 3504
861 3059
862 3504
862 3434
862 3132
863 3129
863 3507
863 3434
864 3190
864 3103
864 3360
865 3360
865 3478
865 3565
866 3735
866 3565
866 3103
867 3478
867 3190
867 3735
868 3243
868 3150
868 3264
869 3639
869 3243
869 3525
870 3639
870 3150
870 3618
871 3618
871 3525
871 3264
872 3199
872 3329
872 3226
873 3704
873 3601
873 3199
874 3329
874 3601
874 3574
875 3226
875 3704
875 3574
876 3126
876 3039
876 3162
877 3039
877 3537
877 3501
878 3414
878 3162
878 3501
879 3537
879 3414
879 3126
880 3012
880 3019
880 3069
881 3444
881 3012
881 3394
882 3444
882 3019
882 3387
883 3387
883 3069
883 3394
884 3065
884 3217
884 3306
885 3306
885 3592
885 3440
886 3440
886 3217
886 3681
887 3065
887 3681
887 3592
888 3302
888 3301
888 3242
889 3617
889 3677
889 3301
890 3677
890 3242
890 3676
891 3617
891 3676
891 3302
892 3149
892 3182
892 3152
893 3557
893 3149
893 3527
894 3524
894 3182
894 3527
895 3152
895 3557
895 3524
896 3120
896 3209
896 3263
897 3495
897 3263
897 3584
898 3584
898 3120
898 3638
899 3638
899 3495
899 3209
900 3017
900 3027
900 3112
901 3402
901 3112
901 3392
902 3487
902 3017
902 3402
903 3027
903 3487
903 3392
904 3277
904 3335
904 3258
905 3277
905 3710
905 3633
906 3258
906 3652
906 3710
907 3652
907 3633
907 3335
908 3136
908 3253
908 3239
909 3511
909 3239
909 3628
910 3136
910 3614
910 3628
911 3253
911 3614
911 3511
912 3065
912 3327
912 3029
913 3440
913 3029
913 3702
914 3702
914 3404
914 3065
915 3327
915 3440
915 3404
916 3020
916 3332
916 3251
917 3626
917 3332
917 3395
918 3395
918 3707
918 3251
919 3020
919 3707
919 3626
920 3041
920 3069
920 3048
921 3416
921 3069
921 3423
922 3444
922 3416
922 3048
923 3444
923 3423
923 3041
924 3258
924 3001
924 3334
925 3709
925 3258
925 3376
926 3633
926 3709
926 3001
927 3376
927 3633
927 3334
928 3142
928 3118
928 3041
929 3493
929 3142
929 3416
930 3517
930 3493
930 3041
931 3416
931 3118
931 3517
932 3180
932 3006
932 3024
933 3381
933 3024
933 3555
934 3006
934 3555
934 3399
935 3180
935 3381
935 3399
936 3362
936 3116
936 3179
937 3554
937 3362
937 3491
938 3737
938 3179
938 3491
939 3737
939 3116
939 3554
940 3007
940 3077
940 3274
941 3007
941 3649
941 3452
942 3274
942 3382
942 3452
943 3649
943 3382
943 3077
944 3114
944 3007
944 3057
945 3382
945 3114
945 3432
946 3057
946 3382
946 3489
947 3007
947 3489
947 3432
948 3035
948 3333
948 3265
949 3708
949 3035
949 3640
950 3410
950 3265
950 3708
951 3410
951 3333
951 3640
952 3066
952 3307
952 3183
953 3307
953 3558
953 3441
954 3183
954 3441
954 3682
955 3558
955 3682
955 3066
956 3147
956 3083
956 3190
957 3565
957 3083
957 3522
958 3565
958 3458
958 3147
959 3190
959 3458
959 3522
960 3050
960 3316
960 3023
961 3316
961 3398
961 3425
962 3398
962 3691
962 3050
963 3023
963 3425
963 3691
964 3290
964 3144
964 3162
965 3290
965 3519
965 3537
966 3665
966 3537
966 3144
967 3162
967 3665
967 3519
968 3154
968 3087
968 3089
969 3154
969 3462
969 3464
970 3087
970 3529
970 3464
971 3089
971 3529
971 3462
972 3129
972 3163
972 3058
973 3433
973 3163
973 3504
974 3504
974 3058
974 3538
975 3433
975 3129
975 3538
976 3049
976 3189
976 3247
977 3424
977 3189
977 3622
978 3247
978 3564
978 3424
979 3622
979 3564
979 3049
980 3372
980 3003
980 3123
981 3378
981 3498
981 3372
982 3003
982 3747
982 3498
983 3747
983 3378
983 3123
984 3304
984 3017
984 3045
985 3017
985 3679
985 3420
986 3392
986 3304
986 3420
987 3679
987 3045
987 3392
988 3040
988 3198
988 3014
989 3198
989 3389
989 3415
990 3573
990 3014
990 3415
991 3389
991 3040
991 3573
992 3102
992 3108
992 3122
993 3108
993 3497
993 3477
994 3497
994 3483
994 3102
995 3483
995 3122
995 3477
996 3303
996 3041
996 3066
997 3416
997 3303
997 3441
998 3416
998 3678
998 3066
999 3441
999 3041
999 3678
1000 3123
1000 3065
1000 3158
1001 3123
1001 3440
1001 3533
1002 3065
1002 3498
1002 3533
1003 3440
1003 3498
1003 3158
1004 3114
1004 3235
1004 3066
1005 3441
1005 3114
1005 3610
1006 3441
1006 3489
1006 3235
1007 3066
1007 3489
1007 3610
1008 3275
1008 3047
1008 3019
1009 3422
1009 3650
1009 3019
1010 3394
1010 3047
1010 3650
1011 3394
1011 3422
1011 3275
1012 3160
1012 3047
1012 3149
1013 3535
1013 3047
1013 3524
1014 3422
1014 3535
1014 3149
1015 3524
1015 3422
1015 3160
1016 3298
1016 3351
1016 3256
1017 3631
1017 3351
1017 3673
1018 3726
1018 3256
1018 3673
1019 3298
1019 3631
1019 3726
1020 3168
1020 3154
1020 3058
1021 3154
1021 3543
1021 3433
1022 3529
1022 3433
1022 3168
1023 3543
1023 3058
1023 3529
1024 3158
1024 3147
1024 3022
1025 3522
1025 3397
1025 3158
1026 3533
1026 3147
1026 3397
1027 3022
1027 3522
1027 3533
1028 3360
1028 3289
1028 3214
1029 3664
1029 3589
1029 3360
1030 3289
1030 3735
1030 3589
1031 3735
1031 3214
1031 3664
1032 3059
1032 3005
1032 3207
1033 3582
1033 3434
1033 3005
1034 3582
1034 3380
1034 3059
1035 3434
1035 3380
1035 3207
1036 3022
1036 3092
1036 3357
1037 3732
1037 3022
1037 3467
1038 3467
1038 3357
1038 3397
1039 3092
1039 3732
1039 3397
1040 3339
1040 3323
1040 3186
1041 3561
1041 3714
1041 3323
1042 3698
1042 3714
1042 3186
1043 3698
1043 3339
1043 3561
1044 3061
1044 3326
1044 3206
1045 3326
1045 3581
1045 3436
1046 3701
1046 3206
1046 3436
1047 3701
1047 3581
1047 3061
1048 3191
1048 3351
1048 3373
1049 3726
1049 3373
1049 3566
1050 3566
1050 3351
1050 3748
1051 3191
1051 3748
1051 3726
1052 3054
1052 3041
1052 3273
1053 3648
1053 3054
1053 3416
1054 3041
1054 3648
1054 3429
1055 3429
1055 3273
1055 3416
1056 3224
1056 3071
1056 3210
1057 3071
1057 3599
1057 3585
1058 3224
1058 3446
1058 3585
1059 3599
1059 3446
1059 3210
1060 3163
1060 3282
1060 3182
1061 3557
1061 3657
1061 3163
1062 3538
1062 3282
1062 3557
1063 3657
1063 3538
1063 3182
1064 3268
1064 3235
1064 3030
1065 3610
1065 3405
1065 3268
1066 3405
1066 3235
1066 3643
1067 3643
1067 3030
1067 3610
1068 3017
1068 3113
1068 3241
1069 3488
1069 3616
1069 3017
1070 3392
1070 3616
1070 3113
1071 3488
1071 3392
1071 3241
1072 3292
1072 3151
1072 3299
1073 3292
1073 3526
1073 3674
1074 3674
1074 3667
1074 3151
1075 3526
1075 3667
1075 3299
1076 3351
1076 3265
1076 3023
1077 3398
1077 3640
1077 3351
1078 3398
1078 3265
1078 3726
1079 3023
1079 3726
1079 3640
1080 3161
1080 3106
1080 3196
1081 3571
1081 3536
1081 3106
1082 3481
1082 3536
1082 3196
1083 3571
1083 3161
1083 3481
1084 3072
1084 3173
1084 3096
1085 3471
1085 3447
1085 3173
1086 3471
1086 3548
1086 3072
1087 3447
1087 3548
1087 3096
1088 3198
1088 3363
1088 3319
1089 3694
1089 3198
1089 3738
1090 3738
1090 3573
1090 3319
1091 3363
1091 3573
1091 3694
1092 3040
1092 3090
1092 3003
1093 3040
1093 3465
1093 3378
1094 3003
1094 3415
1094 3465
1095 3415
1095 3378
1095 3090
1096 3065
1096 3042
1096 3201
1097 3576
1097 3042
1097 3440
1098 3417
1098 3065
1098 3576
1099 3201
1099 3440
1099 3417
1100 3160
1100 3096
1100 3110
1101 3110
1101 3471
1101 3535
1102 3535
1102 3485
1102 3096
1103 3471
1103 3160
1103 3485
1104 3147
1104 3139
1104 3028
1105 3514
1105 3028
1105 3522
1106 3403
1106 3522
1106 3139
1107 3514
1107 3403
1107 3147
1108 3318
1108 3202
1108 3241
1109 3202
1109 3616
1109 3693
1110 3577
1110 3693
1110 3241
1111 3577
1111 3616
1111 3318
1112 3195
1112 3039
1112 3148
1113 3039
1113 3523
1113 3570
1114 3570
1114 3414
1114 3148
1115 3523
1115 3195
1115 3414
1116 3344
1116 3208
1116 3155
1117 3583
1117 3719
1117 3155
1118 3208
1118 3719
1118 3530
1119 3530
1119 3583
1119 3344
1120 3014
1120 3100
1120 3319
1121 3694
1121 3475
1121 3014
1122 3389
1122 3319
1122 3475
1123 3389
1123 3100
1123 3694
1124 3172
1124 3150
1124 3014
1125 3014
1125 3547
1125 3525
1126 3389
1126 3150
1126 3547
1127 3389
1127 3525
1127 3172
1128 3302
1128 3116
1128 3360
1129 3735
1129 3491
1129 3302
1130 3491
1130 3360
1130 3677
1131 3116
1131 3735
1131 3677
1132 3180
1132 3035
1132 3334
1133 3555
1133 3334
1133 3410
1134 3035
1134 3555
1134 3709
1135 3709
1135 3180
1135 3410
1136 3094
1136 3281
1136 3035
1137 3469
1137 3035
1137 3656
1138 3656
1138 3410
1138 3094
1139 3469
1139 3410
1139 3281
1140 3355
1140 3174
1140 3012
1141 3012
1141 3549
1141 3730
1142 3549
1142 3387
1142 3355
1143 3174
1143 3730
1143 3387
1144 3250
1144 3269
1144 3239
1145 3625
1145 3239
1145 3644
1146 3269
1146 3625
1146 3614
1147 3250
1147 3644
1147 3614
1148 3207
1148 3070
1148 3168
1149 3582
1149 3543
1149 3070
1150 3445
1150 3543
1150 3207
1151 3582
1151 3168
1151 3445
1152 3177
1152 3089
1152 3080
1153 3089
1153 3455
1153 3552
1154 3464
1154 3177
1154 3455
1155 3552
1155 3464
1155 3080
1156 3037
1156 3149
1156 3311
1157 3686
1157 3524
1157 3037
1158 3412
1158 3524
1158 3311
1159 3686
1159 3412
1159 3149
1160 3245
1160 3007
1160 3019
1161 3394
1161 3620
1161 3007
1162 3620
1162 3019
1162 3382
1163 3382
1163 3245
1163 3394
1164 3246
1164 3352
1164 3010
1165 3385
1165 3246
1165 3727
1166 3621
1166 3010
1166 3727
1167 3621
1167 3352
1167 3385
1168 3002
1168 3298
1168 3233
1169 3233
1169 3673
1169 3377
1170 3673
1170 3608
1170 3002
1171 3377
1171 3298
1171 3608
1172 3253
1172 3231
1172 3100
1173 3628
1173 3475
1173 3231
1174 3606
1174 3475
1174 3253
1175 3606
1175 3100
1175 3628
1176 3078
1176 3343
1176 3077
1177 3453
1177 3718
1177 3077
1178 3452
1178 3078
1178 3718
1179 3452
1179 3343
1179 3453
1180 3159
1180 3262
1180 3168
1181 3262
1181 3534
1181 3543
1182 3543
1182 3159
1182 3637
1183 3637
1183 3534
1183 3168
1184 3373
1184 3111
1184 3276
1185 3111
1185 3651
1185 3748
1186 3276
1186 3748
1186 3486
1187 3486
1187 3651
1187 3373
1188 3188
1188 3125
1188 3153
1189 3500
1189 3188
1189 3528
1190 3563
1190 3125
1190 3528
1191 3153
1191 3563
1191 3500
1192 3141
1192 3150
1192 3348
1193 3525
1193 3141
1193 3723
1194 3348
1194 3516
1194 3525
1195 3723
1195 3516
1195 3150
1196 3208
1196 3078
1196 3099
1197 3583
1197 3474
1197 3078
1198 3453
1198 3099
1198 3583
1199 3474
1199 3453
1199 3208
1200 3332
1200 3009
1200 3194
1201 3009
1201 3569
1201 3707
1202 3707
1202 3384
1202 3194
1203 3332
1203 3569
1203 3384
1204 3125
1204 3368
1204 3302
1205 3743
1205 3125
1205 3677
1206 3743
1206 3302
1206 3500
1207 3677
1207 3500
1207 3368
1208 3004
1208 3363
1208 3332
1209 3379
1209 3363
1209 3707
1210 3332
1210 3738
1210 3379
1211 3738
1211 3004
1211 3707
1212 3099
1212 3359
1212 3017
1213 3474
1213 3017
1213 3734
1214 3474
1214 3359
1214 3392
1215 3734
1215 3392
1215 3099
1216 3180
1216 3358
1216 3329
1217 3329
1217 3555
1217 3733
1218 3180
1218 3704
1218 3733
1219 3358
1219 3704
1219 3555
1220 3302
1220 3163
1220 3193
1221 3538
1221 3193
1221 3677
1222 3302
1222 3568
1222 3538
1223 3568
1223 3677
1223 3163
1224 3219
1224 3011
1224 3112
1225 3386
1225 3112
1225 3594
1226 3011
1226 3487
1226 3594
1227 3487
1227 3219
1227 3386
1228 3020
1228 3088
1228 3276
1229 3463
1229 3395
1229 3276
1230 3651
1230 3395
1230 3088
1231 3463
1231 3020
1231 3651
1232 3185
1232 3118
1232 3166
1233 3541
1233 3560
1233 3118
1234 3560
1234 3166
1234 3493
1235 3493
1235 3541
1235 3185
1236 3153
1236 3142
1236 3055
1237 3153
1237 3517
1237 3430
1238 3142
1238 3528
1238 3430
1239 3517
1239 3055
1239 3528
1240 3131
1240 3319
1240 3269
1241 3319
1241 3644
1241 3506
1242 3269
1242 3694
1242 3506
1243 3644
1243 3694
1243 3131
1244 3327
1244 3063
1244 3290
1245 3702
1245 3438
1245 3290
1246 3702
1246 3063
1246 3665
1247 3665
1247 3438
1247 3327
1248 3201
1248 3309
1248 3337
1249 3576
1249 3712
1249 3309
1250 3712
1250 3201
1250 3684
1251 3337
1251 3684
1251 3576
1252 3126
1252 3076
1252 3109
1253 3484
1253 3126
1253 3451
1254 3484
1254 3501
1254 3076
1255 3109
1255 3451
1255 3501
1256 3057
1256 3112
1256 3013
1257 3487
1257 3388
1257 3057
1258 3013
1258 3432
1258 3487
1259 3388
1259 3432
1259 3112
1260 3204
1260 3315
1260 3206
1261 3579
1261 3690
1261 3206
1262 3579
1262 3581
1262 3315
1263 3204
1263 3690
1263 3581
1264 3035
1264 3212
1264 3069
1265 3444
1265 3410
1265 3212
1266 3444
1266 3035
1266 3587
1267 3587
1267 3410
1267 3069
1268 3141
1268 3115
1268 3210
1269 3490
1269 3585
1269 3141
1270 3516
1270 3585
1270 3115
1271 3210
1271 3490
1271 3516
1272 3232
1272 3295
1272 3306
1273 3607
1273 3670
1273 3306
1274 3681
1274 3670
1274 3232
1275 3607
1275 3295
1275 3681
1276 3250
1276 3115
1276 3086
1277 3625
1277 3086
1277 3490
1278 3115
1278 3461
1278 3625
1279 3490
1279 3250
1279 3461
1280 3322
1280 3042
1280 3188
1281 3563
1281 3417
1281 3322
1282 3697
1282 3042
1282 3563
1283 3188
1283 3417
1283 3697
1284 3276
1284 3201
1284 3087
1285 3651
1285 3087
1285 3576
1286 3201
1286 3462
1286 3651
1287 3462
1287 3576
1287 3276
1288 3338
1288 3158
1288 3345
1289 3713
1289 3345
1289 3533
1290 3713
1290 3158
1290 3720
1291 3338
1291 3720
1291 3533
1292 3044
1292 3111
1292 3259
1293 3634
1293 3111
1293 3419
1294 3486
1294 3634
1294 3044
1295 3259
1295 3419
1295 3486
1296 3103
1296 3111
1296 3371
1297 3486
1297 3478
1297 3371
1298 3111
1298 3746
1298 3478
1299 3103
1299 3486
1299 3746
1300 3273
1300 3254
1300 3224
1301 3629
1301 3224
1301 3648
1302 3648
1302 3254
1302 3599
1303 3599
1303 3273
1303 3629
1304 3176
1304 3061
1304 3227
1305 3551
1305 3436
1305 3227
1306 3061
1306 3551
1306 3602
1307 3176
1307 3436
1307 3602
1308 3106
1308 3261
1308 3097
1309 3636
1309 3472
1309 3106
1310 3097
1310 3636
1310 3481
1311 3481
1311 3261
1311 3472
1312 3203
1312 3360
1312 3252
1313 3735
1313 3252
1313 3578
1314 3735
1314 3203
1314 3627
1315 3578
1315 3360
1315 3627
1316 3166
1316 3279
1316 3040
1317 3541
1317 3654
1317 3040
1318 3541
1318 3415
1318 3279
1319 3654
1319 3415
1319 3166
1320 3098
1320 3154
1320 3082
1321 3082
1321 3473
1321 3529
1322 3473
1322 3154
1322 3457
1323 3529
1323 3457
1323 3098
1324 3256
1324 3034
1324 3339
1325 3409
1325 3714
1325 3256
1326 3339
1326 3409
1326 3631
1327 3631
1327 3034
1327 3714
1328 3278
1328 3334
1328 3207
1329 3653
1329 3207
1329 3709
1330 3653
1330 3582
1330 3334
1331 3278
1331 3709
1331 3582
1332 3173
1332 3271
1332 3148
1333 3646
1333 3173
1333 3523
1334 3148
1334 3548
1334 3646
1335 3271
1335 3523
1335 3548
1336 3279
1336 3034
1336 3116
1337 3034
1337 3654
1337 3491
1338 3116
1338 3654
1338 3409
1339 3409
1339 3279
1339 3491
1340 3035
1340 3068
1340 3010
1341 3410
1341 3443
1341 3010
1342 3443
1342 3035
1342 3385
1343 3068
1343 3385
1343 3410
1344 3130
1344 3151
1344 3127
1345 3151
1345 3505
1345 3502
1346 3130
1346 3526
1346 3502
1347 3526
1347 3127
1347 3505
1348 3038
1348 3153
1348 3253
1349 3038
1349 3628
1349 3528
1350 3253
1350 3528
1350 3413
1351 3153
1351 3628
1351 3413
1352 3008
1352 3213
1352 3247
1353 3008
1353 3622
1353 3588
1354 3622
1354 3213
1354 3383
1355 3247
1355 3383
1355 3588
1356 3139
1356 3032
1356 3008
1357 3032
1357 3383
1357 3514
1358 3514
1358 3008
1358 3407
1359 3139
1359 3383
1359 3407
1360 3143
1360 3005
1360 3173
1361 3380
1361 3548
1361 3143
1362 3380
1362 3518
1362 3173
1363 3548
1363 3005
1363 3518
1364 3197
1364 3029
1364 3114
1365 3404
1365 3572
1365 3114
1366 3029
1366 3572
1366 3489
1367 3404
1367 3489
1367 3197
1368 3284
1368 3005
1368 3194
1369 3659
1369 3569
1369 3005
1370 3659
1370 3380
1370 3194
1371 3284
1371 3569
1371 3380
1372 3151
1372 3256
1372 3181
1373 3526
1373 3181
1373 3631
1374 3526
1374 3256
1374 3556
1375 3631
1375 3556
1375 3151
1376 3199
1376 3203
1376 3257
1377 3578
1377 3574
1377 3257
1378 3203
1378 3632
1378 3574
1379 3199
1379 3578
1379 3632
1380 3138
1380 3115
1380 3067
1381 3490
1381 3513
1381 3067
1382 3490
1382 3442
1382 3138
1383 3513
1383 3115
1383 3442
1384 3280
1384 3223
1384 3084
1385 3655
1385 3459
1385 3223
1386 3598
1386 3084
1386 3655
1387 3598
1387 3280
1387 3459
1388 3200
1388 3099
1388 3062
1389 3575
1389 3099
1389 3437
1390 3437
1390 3200
1390 3474
1391 3062
1391 3575
1391 3474
1392 3233
1392 3157
1392 3056
1393 3431
1393 3233
1393 3532
1394 3056
1394 3608
1394 3532
1395 3431
1395 3608
1395 3157
1396 3080
1396 3300
1396 3203
1397 3675
1397 3080
1397 3578
1398 3675
1398 3455
1398 3203
1399 3455
1399 3300
1399 3578
1400 3033
1400 3291
1400 3212
1401 3408
1401 3666
1401 3212
1402 3408
1402 3291
1402 3587
1403 3666
1403 3587
1403 3033
1404 3218
1404 3104
1404 3297
1405 3593
1405 3672
1405 3104
1406 3672
1406 3479
1406 3218
1407 3297
1407 3479
1407 3593
1408 3268
1408 3254
1408 3309
1409 3254
1409 3643
1409 3684
1410 3684
1410 3268
1410 3629
1411 3629
1411 3643
1411 3309
1412 3168
1412 3070
1412 3048
1413 3543
1413 3048
1413 3445
1414 3423
1414 3543
1414 3070
1415 3168
1415 3445
1415 3423
1416 3139
1416 3168
1416 3355
1417 3543
1417 3355
1417 3514
1418 3514
1418 3168
1418 3730
1419 3730
1419 3139
1419 3543
1420 3095
1420 3305
1420 3224
1421 3470
1421 3680
1421 3224
1422 3305
1422 3599
1422 3470
1423 3680
1423 3095
1423 3599
1424 3359
1424 3215
1424 3103
1425 3734
1425 3590
1425 3103
1426 3215
1426 3478
1426 3734
1427 3359
1427 3478
1427 3590
1428 3103
1428 3106
1428 3286
1429 3286
1429 3481
1429 3478
1430 3103
1430 3661
1430 3481
1431 3661
1431 3106
1431 3478
1432 3034
1432 3035
1432 3262
1433 3262
1433 3410
1433 3409
1434 3637
1434 3409
1434 3035
1435 3410
1435 3637
1435 3034
1436 3372
1436 3205
1436 3029
1437 3029
1437 3747
1437 3580
1438 3372
1438 3580
1438 3404
1439 3404
1439 3747
1439 3205
1440 3217
1440 3115
1440 3257
1441 3632
1441 3115
1441 3592
1442 3632
1442 3217
1442 3490
1443 3257
1443 3490
1443 3592
1444 3354
1444 3182
1444 3204
1445 3557
1445 3204
1445 3729
1446 3557
1446 3354
1446 3579
1447 3182
1447 3729
1447 3579
1448 3350
1448 3054
1448 3243
1449 3429
1449 3350
1449 3618
1450 3725
1450 3618
1450 3054
1451 3429
1451 3725
1451 3243
1452 3327
1452 3266
1452 3028
1453 3702
1453 3028
1453 3641
1454 3702
1454 3266
1454 3403
1455 3327
1455 3403
1455 3641
1456 3274
1456 3132
1456 3305
1457 3649
1457 3305
1457 3507
1458 3507
1458 3680
1458 3274
1459 3649
1459 3132
1459 3680
1460 3109
1460 3004
1460 3059
1461 3484
1461 3434
1461 3004
1462 3484
1462 3379
1462 3059
1463 3109
1463 3434
1463 3379
1464 3128
1464 3085
1464 3368
1465 3743
1465 3503
1465 3085
1466 3368
1466 3460
1466 3503
1467 3743
1467 3128
1467 3460
1468 3053
1468 3200
1468 3349
1469 3575
1469 3428
1469 3349
1470 3575
1470 3724
1470 3053
1471 3724
1471 3428
1471 3200
1472 3277
1472 3122
1472 3126
1473 3497
1473 3652
1473 3126
1474 3652
1474 3122
1474 3501
1475 3501
1475 3277
1475 3497
1476 3191
1476 3027
1476 3268
1477 3402
1477 3191
1477 3643
1478 3402
1478 3268
1478 3566
1479 3027
1479 3566
1479 3643
1480 3254
1480 3060
1480 3365
1481 3629
1481 3740
1481 3060
1482 3365
1482 3435
1482 3629
1483 3254
1483 3435
1483 3740
1484 3076
1484 3124
1484 3253
1485 3499
1485 3253
1485 3451
1486 3628
1486 3451
1486 3124
1487 3076
1487 3499
1487 3628
1488 3166
1488 3226
1488 3131
1489 3506
1489 3541
1489 3226
1490 3166
1490 3601
1490 3506
1491 3131
1491 3541
1491 3601
1492 3128
1492 3045
1492 3171
1493 3503
1493 3045
1493 3546
1494 3546
1494 3128
1494 3420
1495 3503
1495 3420
1495 3171
1496 3138
1496 3226
1496 3085
1497 3085
1497 3513
1497 3601
1498 3460
1498 3513
1498 3226
1499 3138
1499 3601
1499 3460
1500 3127
1500 3012
1500 3142
1501 3502
1501 3142
1501 3387
1502 3517
1502 3502
1502 3012
1503 3127
1503 3387
1503 3517
1504 3347
1504 3111
1504 3006
1505 3722
1505 3006
1505 3486
1506 3381
1506 3722
1506 3111
1507 3347
1507 3486
1507 3381
1508 3124
1508 3294
1508 3077
1509 3499
1509 3452
1509 3294
1510 3499
1510 3077
1510 3669
1511 3669
1511 3452
1511 3124
1512 3026
1512 3159
1512 3322
1513 3534
1513 3322
1513 3401
1514 3401
1514 3159
1514 3697
1515 3534
1515 3697
1515 3026
1516 3077
1516 3053
1516 3139
1517 3428
1517 3452
1517 3139
1518 3452
1518 3514
1518 3053
1519 3077
1519 3514
1519 3428
1520 3254
1520 3050
1520 3295
1521 3629
1521 3425
1521 3295
1522 3050
1522 3670
1522 3629
1523 3254
1523 3425
1523 3670
1524 3230
1524 3046
1524 3316
1525 3605
1525 3421
1525 3316
1526 3691
1526 3046
1526 3605
1527 3421
1527 3230
1527 3691
1528 3025
1528 3142
1528 3020
1529 3020
1529 3400
1529 3517
1530 3395
1530 3142
1530 3400
1531 3517
1531 3025
1531 3395
1532 3207
1532 3041
1532 3350
1533 3582
1533 3350
1533 3416
1534 3207
1534 3416
1534 3725
1535 3041
1535 3725
1535 3582
1536 3186
1536 3107
1536 3287
1537 3482
1537 3287
1537 3561
1538 3561
1538 3662
1538 3107
1539 3662
1539 3186
1539 3482
1540 3249
1540 3209
1540 3177
1541 3177
1541 3584
1541 3624
1542 3209
1542 3624
1542 3552
1543 3584
1543 3552
1543 3249
1544 3296
1544 3055
1544 3123
1545 3430
1545 3123
1545 3671
1546 3498
1546 3671
1546 3055
1547 3430
1547 3296
1547 3498
1548 3149
1548 3045
1548 3318
1549 3149
1549 3693
1549 3420
1550 3045
1550 3693
1550 3524
1551 3318
1551 3420
1551 3524
1552 3278
1552 3353
1552 3336
1553 3728
1553 3653
1553 3336
1554 3728
1554 3278
1554 3711
1555 3653
1555 3353
1555 3711
1556 3109
1556 3083
1556 3314
1557 3689
1557 3083
1557 3484
1558 3458
1558 3109
1558 3689
1559 3484
1559 3314
1559 3458
1560 3115
1560 3007
1560 3012
1561 3387
1561 3007
1561 3490
1562 3490
1562 3382
1562 3012
1563 3115
1563 3382
1563 3387
1564 3224
1564 3206
1564 3174
1565 3549
1565 3206
1565 3599
1566 3599
1566 3174
1566 3581
1567 3224
1567 3549
1567 3581
1568 3373
1568 3356
1568 3115
1569 3490
1569 3356
1569 3748
1570 3748
1570 3115
1570 3731
1571 3731
1571 3373
1571 3490
1572 3178
1572 3106
1572 3321
1573 3553
1573 3481
1573 3321
1574 3106
1574 3553
1574 3696
1575 3178
1575 3696
1575 3481
1576 3313
1576 3357
1576 3302
1577 3732
1577 3688
1577 3302
1578 3732
1578 3677
1578 3313
1579 3688
1579 3677
1579 3357
1580 3292
1580 3318
1580 3235
1581 3318
1581 3667
1581 3610
1582 3667
1582 3235
1582 3693
1583 3693
1583 3292
1583 3610
1584 3204
1584 3005
1584 3155
1585 3204
1585 3380
1585 3530
1586 3530
1586 3579
1586 3005
1587 3155
1587 3579
1587 3380
1588 3191
1588 3183
1588 3362
1589 3566
1589 3183
1589 3737
1590 3558
1590 3737
1590 3191
1591 3362
1591 3566
1591 3558
1592 3362
1592 3026
1592 3222
1593 3737
1593 3026
1593 3597
1594 3401
1594 3597
1594 3362
1595 3737
1595 3222
1595 3401
1596 3356
1596 3053
1596 3346
1597 3356
1597 3721
1597 3428
1598 3721
1598 3053
1598 3731
1599 3428
1599 3346
1599 3731
1600 3288
1600 3144
1600 3051
1601 3051
1601 3519
1601 3663
1602 3144
1602 3426
1602 3663
1603 3519
1603 3288
1603 3426
1604 3140
1604 3243
1604 3373
1605 3748
1605 3243
1605 3515
1606 3748
1606 3618
1606 3140
1607 3373
1607 3515
1607 3618
1608 3189
1608 3048
1608 3270
1609 3645
1609 3564
1609 3048
1610 3423
1610 3564
1610 3270
1611 3189
1611 3423
1611 3645
1612 3177
1612 3227
1612 3287
1613 3287
1613 3602
1613 3552
1614 3177
1614 3602
1614 3662
1615 3552
1615 3662
1615 3227
1616 3314
1616 3228
1616 3257
1617 3689
1617 3603
1617 3257
1618 3228
1618 3632
1618 3689
1619 3314
1619 3603
1619 3632
1620 3183
1620 3201
1620 3035
1621 3558
1621 3035
1621 3576
1622 3410
1622 3183
1622 3576
1623 3201
1623 3558
1623 3410
1624 3125
1624 3207
1624 3307
1625 3207
1625 3500
1625 3682
1626 3307
1626 3500
1626 3582
1627 3125
1627 3582
1627 3682
1628 3047
1628 3256
1628 3214
1629 3422
1629 3256
1629 3589
1630 3589
1630 3631
1630 3047
1631 3214
1631 3422
1631 3631
1632 3178
1632 3236
1632 3055
1633 3430
1633 3553
1633 3236
1634 3611
1634 3178
1634 3430
1635 3553
1635 3611
1635 3055
1636 3338
1636 3373
1636 3191
1637 3713
1637 3191
1637 3748
1638 3713
1638 3373
1638 3566
1639 3566
1639 3338
1639 3748
1640 3293
1640 3162
1640 3314
1641 3668
1641 3537
1641 3314
1642 3668
1642 3162
1642 3689
1643 3293
1643 3537
1643 3689
1644 3228
1644 3009
1644 3332
1645 3384
1645 3603
1645 3332
1646 3707
1646 3009
1646 3603
1647 3384
1647 3707
1647 3228
1648 3057
1648 3109
1648 3168
1649 3432
1649 3543
1649 3109
1650 3432
1650 3484
1650 3168
1651 3057
1651 3543
1651 3484
1652 3080
1652 3184
1652 3227
1653 3602
1653 3080
1653 3559
1654 3455
1654 3559
1654 3227
1655 3184
1655 3455
1655 3602
1656 3103
1656 3037
1656 3165
1657 3037
1657 3478
1657 3540
1658 3103
1658 3412
1658 3540
1659 3165
1659 3478
1659 3412
1660 3261
1660 3116
1660 3218
1661 3491
1661 3593
1661 3261
1662 3593
1662 3116
1662 3636
1663 3636
1663 3218
1663 3491
1664 3009
1664 3064
1664 3326
1665 3326
1665 3384
1665 3439
1666 3009
1666 3439
1666 3701
1667 3064
1667 3384
1667 3701
1668 3040
1668 3277
1668 3188
1669 3415
1669 3277
1669 3563
1670 3563
1670 3040
1670 3652
1671 3188
1671 3652
1671 3415
1672 3336
1672 3321
1672 3000
1673 3321
1673 3711
1673 3375
1674 3696
1674 3711
1674 3000
1675 3375
1675 3696
1675 3336
1676 3207
1676 3160
1676 3104
1677 3479
1677 3582
1677 3160
1678 3479
1678 3207
1678 3535
1679 3104
1679 3582
1679 3535
1680 3075
1680 3196
1680 3106
1681 3196
1681 3450
1681 3481
1682 3075
1682 3571
1682 3481
1683 3106
1683 3450
1683 3571
1684 3179
1684 3270
1684 3063
1685 3554
1685 3063
1685 3645
1686 3554
1686 3270
1686 3438
1687 3438
1687 3179
1687 3645
1688 3176
1688 3131
1688 3004
1689 3506
1689 3004
1689 3551
1690 3176
1690 3506
1690 3379
1691 3131
1691 3379
1691 3551
1692 3143
1692 3219
1692 3354
1693 3518
1693 3219
1693 3729
1694 3354
1694 3518
1694 3594
1695 3143
1695 3729
1695 3594
1696 3103
1696 3295
1696 3341
1697 3670
1697 3341
1697 3478
1698 3103
1698 3716
1698 3670
1699 3716
1699 3295
1699 3478
1700 3296
1700 3071
1700 3084
1701 3459
1701 3671
1701 3071
1702 3459
1702 3296
1702 3446
1703 3084
1703 3446
1703 3671
1704 3282
1704 3325
1704 3107
1705 3482
1705 3325
1705 3657
1706 3282
1706 3700
1706 3482
1707 3657
1707 3107
1707 3700
1708 3218
1708 3285
1708 3021
1709 3285
1709 3396
1709 3593
1710 3593
1710 3021
1710 3660
1711 3218
1711 3660
1711 3396
1712 3029
1712 3368
1712 3076
1713 3451
1713 3743
1713 3029
1714 3743
1714 3404
1714 3076
1715 3404
1715 3368
1715 3451
1716 3156
1716 3075
1716 3020
1717 3450
1717 3020
1717 3531
1718 3395
1718 3531
1718 3075
1719 3156
1719 3395
1719 3450
1720 3118
1720 3016
1720 3366
1721 3741
1721 3118
1721 3391
1722 3366
1722 3391
1722 3493
1723 3016
1723 3493
1723 3741
1724 3060
1724 3097
1724 3284
1725 3435
1725 3097
1725 3659
1726 3659
1726 3472
1726 3060
1727 3284
1727 3472
1727 3435
1728 3365
1728 3110
1728 3153
1729 3740
1729 3485
1729 3153
1730 3110
1730 3740
1730 3528
1731 3365
1731 3485
1731 3528
1732 3317
1732 3267
1732 3093
1733 3692
1733 3093
1733 3642
1734 3267
1734 3468
1734 3692
1735 3317
1735 3642
1735 3468
1736 3330
1736 3066
1736 3030
1737 3405
1737 3441
1737 3330
1738 3066
1738 3705
1738 3405
1739 3030
1739 3705
1739 3441
1740 3284
1740 3089
1740 3078
1741 3464
1741 3284
1741 3453
1742 3464
1742 3078
1742 3659
1743 3089
1743 3453
1743 3659
1744 3097
1744 3141
1744 3196
1745 3516
1745 3097
1745 3571
1746 3571
1746 3141
1746 3472
1747 3196
1747 3472
1747 3516
1748 3264
1748 3100
1748 3254
1749 3475
1749 3254
1749 3639
1750 3100
1750 3629
1750 3639
1751 3264
1751 3475
1751 3629
1752 3009
1752 3333
1752 3227
1753 3602
1753 3384
1753 3333
1754 3708
1754 3602
1754 3009
1755 3227
1755 3384
1755 3708
1756 3129
1756 3374
1756 3353
1757 3504
1757 3749
1757 3353
1758 3504
1758 3374
1758 3728
1759 3728
1759 3129
1759 3749
1760 3005
1760 3157
1760 3302
1761 3532
1761 3380
1761 3302
1762 3532
1762 3677
1762 3005
1763 3677
1763 3380
1763 3157
1764 3071
1764 3256
1764 3044
1765 3071
1765 3631
1765 3419
1766 3446
1766 3044
1766 3631
1767 3256
1767 3419
1767 3446
1768 3030
1768 3121
1768 3348
1769 3496
1769 3723
1769 3030
1770 3405
1770 3723
1770 3121
1771 3405
1771 3496
1771 3348
1772 3063
1772 3299
1772 3211
1773 3438
1773 3674
1773 3211
1774 3674
1774 3063
1774 3586
1775 3299
1775 3586
1775 3438
1776 3047
1776 3336
1776 3157
1777 3422
1777 3336
1777 3532
1778 3711
1778 3157
1778 3422
1779 3711
1779 3047
1779 3532
1780 3363
1780 3292
1780 3102
1781 3667
1781 3477
1781 3363
1782 3102
1782 3738
1782 3667
1783 3292
1783 3738
1783 3477
1784 3193
1784 3105
1784 3082
1785 3568
1785 3457
1785 3105
1786 3480
1786 3568
1786 3082
1787 3480
1787 3457
1787 3193
1788 3156
1788 3244
1788 3361
1789 3619
1789 3361
1789 3531
1790 3531
1790 3736
1790 3244
1791 3619
1791 3736
1791 3156
1792 3082
1792 3036
1792 3061
1793 3061
1793 3457
1793 3411
1794 3436
1794 3457
1794 3036
1795 3082
1795 3436
1795 3411
1796 3131
1796 3053
1796 3295
1797 3506
1797 3295
1797 3428
1798 3053
1798 3670
1798 3506
1799 3131
1799 3670
1799 3428
1800 3219
1800 3286
1800 3173
1801 3594
1801 3661
1801 3173
1802 3594
1802 3286
1802 3548
1803 3661
1803 3219
1803 3548
1804 3089
1804 3145
1804 3112
1805 3464
1805 3487
1805 3145
1806 3089
1806 3487
1806 3520
1807 3112
1807 3520
1807 3464
1808 3147
1808 3338
1808 3219
1809 3147
1809 3594
1809 3713
1810 3338
1810 3522
1810 3594
1811 3219
1811 3713
1811 3522
1812 3161
1812 3191
1812 3138
1813 3566
1813 3138
1813 3536
1814 3161
1814 3566
1814 3513
1815 3513
1815 3191
1815 3536
1816 3087
1816 3005
1816 3207
1817 3582
1817 3005
1817 3462
1818 3582
1818 3087
1818 3380
1819 3380
1819 3462
1819 3207
1820 3057
1820 3179
1820 3026
1821 3401
1821 3554
1821 3057
1822 3401
1822 3179
1822 3432
1823 3026
1823 3432
1823 3554
1824 3232
1824 3119
1824 3279
1825 3607
1825 3119
1825 3654
1826 3607
1826 3279
1826 3494
1827 3232
1827 3494
1827 3654
1828 3328
1828 3038
1828 3115
1829 3038
1829 3703
1829 3490
1830 3703
1830 3115
1830 3413
1831 3328
1831 3490
1831 3413
1832 3247
1832 3000
1832 3300
1833 3675
1833 3000
1833 3622
1834 3300
1834 3375
1834 3622
1835 3247
1835 3675
1835 3375
1836 3341
1836 3239
1836 3335
1837 3614
1837 3716
1837 3335
1838 3716
1838 3710
1838 3239
1839 3341
1839 3614
1839 3710
1840 3196
1840 3373
1840 3326
1841 3571
1841 3701
1841 3373
1842 3748
1842 3196
1842 3701
1843 3326
1843 3571
1843 3748
1844 3237
1844 3035
1844 3145
1845 3410
1845 3145
1845 3612
1846 3612
1846 3520
1846 3035
1847 3410
1847 3237
1847 3520
1848 3116
1848 3171
1848 3208
1849 3583
1849 3491
1849 3171
1850 3546
1850 3583
1850 3116
1851 3208
1851 3491
1851 3546
1852 3309
1852 3038
1852 3346
1853 3684
1853 3346
1853 3413
1854 3038
1854 3721
1854 3684
1855 3309
1855 3721
1855 3413
1856 3027
1856 3109
1856 3338
1857 3713
1857 3109
1857 3402
1858 3713
1858 3484
1858 3027
1859 3338
1859 3402
1859 3484
1860 3046
1860 3271
1860 3257
1861 3646
1861 3046
1861 3632
1862 3646
1862 3421
1862 3257
1863 3271
1863 3632
1863 3421
1864 3013
1864 3114
1864 3003
1865 3378
1865 3388
1865 3114
1866 3388
1866 3003
1866 3489
1867 3013
1867 3378
1867 3489
1868 3185
1868 3089
1868 3285
1869 3560
1869 3464
1869 3285
1870 3560
1870 3089
1870 3660
1871 3464
1871 3185
1871 3660
1872 3354
1872 3251
1872 3078
1873 3354
1873 3626
1873 3453
1874 3729
1874 3078
1874 3626
1875 3453
1875 3729
1875 3251
1876 3322
1876 3264
1876 3176
1877 3697
1877 3551
1877 3264
1878 3176
1878 3639
1878 3697
1879 3551
1879 3639
1879 3322
1880 3321
1880 3319
1880 3364
1881 3694
1881 3739
1881 3321
1882 3694
1882 3364
1882 3696
1883 3696
1883 3739
1883 3319
1884 3344
1884 3190
1884 3095
1885 3565
1885 3095
1885 3719
1886 3470
1886 3190
1886 3719
1887 3565
1887 3470
1887 3344
1888 3149
1888 3367
1888 3175
1889 3524
1889 3367
1889 3550
1890 3550
1890 3742
1890 3149
1891 3742
1891 3175
1891 3524
1892 3370
1892 3212
1892 3002
1893 3745
1893 3212
1893 3377
1894 3587
1894 3745
1894 3002
1895 3377
1895 3587
1895 3370
1896 3249
1896 3323
1896 3368
1897 3743
1897 3624
1897 3323
1898 3743
1898 3249
1898 3698
1899 3624
1899 3698
1899 3368
1900 3075
1900 3313
1900 3019
1901 3688
1901 3450
1901 3019
1902 3075
1902 3394
1902 3688
1903 3313
1903 3450
1903 3394
1904 3134
1904 3166
1904 3357
1905 3509
1905 3732
1905 3166
1906 3357
1906 3541
1906 3509
1907 3134
1907 3732
1907 3541
1908 3148
1908 3129
1908 3238
1909 3613
1909 3129
1909 3523
1910 3613
1910 3148
1910 3504
1911 3504
1911 3238
1911 3523
1912 3351
1912 3110
1912 3095
1913 3110
1913 3470
1913 3726
1914 3485
1914 3470
1914 3351
1915 3095
1915 3726
1915 3485
1916 3010
1916 3219
1916 3362
1917 3385
1917 3219
1917 3737
1918 3385
1918 3362
1918 3594
1919 3737
1919 3594
1919 3010
1920 3198
1920 3296
1920 3277
1921 3652
1921 3573
1921 3296
1922 3671
1922 3198
1922 3652
1923 3277
1923 3573
1923 3671
1924 3322
1924 3132
1924 3252
1925 3697
1925 3132
1925 3627
1926 3697
1926 3252
1926 3507
1927 3322
1927 3507
1927 3627
1928 3298
1928 3352
1928 3168
1929 3352
1929 3543
1929 3673
1930 3727
1930 3673
1930 3168
1931 3298
1931 3727
1931 3543
1932 3010
1932 3199
1932 3282
1933 3385
1933 3282
1933 3574
1934 3199
1934 3657
1934 3385
1935 3010
1935 3574
1935 3657
1936 3327
1936 3225
1936 3352
1937 3702
1937 3727
1937 3225
1938 3727
1938 3327
1938 3600
1939 3600
1939 3352
1939 3702
1940 3148
1940 3278
1940 3273
1941 3653
1941 3523
1941 3273
1942 3653
1942 3148
1942 3648
1943 3648
1943 3523
1943 3278
1944 3174
1944 3191
1944 3068
1945 3566
1945 3549
1945 3068
1946 3566
1946 3174
1946 3443
1947 3549
1947 3443
1947 3191
1948 3313
1948 3321
1948 3263
1949 3638
1949 3688
1949 3321
1950 3263
1950 3688
1950 3696
1951 3696
1951 3313
1951 3638
1952 3100
1952 3253
1952 3346
1953 3721
1953 3475
1953 3253
1954 3721
1954 3628
1954 3100
1955 3346
1955 3628
1955 3475
1956 3169
1956 3140
1956 3338
1957 3544
1957 3515
1957 3338
1958 3140
1958 3713
1958 3544
1959 3169
1959 3713
1959 3515
1960 3354
1960 3254
1960 3041
1961 3416
1961 3629
1961 3354
1962 3416
1962 3254
1962 3729
1963 3729
1963 3629
1963 3041
1964 3019
1964 3206
1964 3162
1965 3581
1965 3537
1965 3019
1966 3206
1966 3537
1966 3394
1967 3162
1967 3394
1967 3581
1968 3321
1968 3061
1968 3070
1969 3696
1969 3070
1969 3436
1970 3445
1970 3321
1970 3436
1971 3061
1971 3696
1971 3445
1972 3161
1972 3180
1972 3234
1973 3536
1973 3555
1973 3234
1974 3161
1974 3609
1974 3555
1975 3180
1975 3609
1975 3536
1976 3373
1976 3175
1976 3213
1977 3175
1977 3748
1977 3588
1978 3748
1978 3213
1978 3550
1979 3550
1979 3373
1979 3588
1980 3149
1980 3189
1980 3195
1981 3195
1981 3564
1981 3524
1982 3570
1982 3189
1982 3524
1983 3564
1983 3149
1983 3570
1984 3363
1984 3004
1984 3268
1985 3004
1985 3643
1985 3738
1986 3379
1986 3738
1986 3268
1987 3363
1987 3379
1987 3643
1988 3165
1988 3030
1988 3168
1989 3405
1989 3165
1989 3543
1990 3405
1990 3168
1990 3540
1991 3030
1991 3543
1991 3540
1992 3097
1992 3234
1992 3214
1993 3214
1993 3609
1993 3472
1994 3609
1994 3097
1994 3589
1995 3234
1995 3472
1995 3589
1996 3033
1996 3222
1996 3215
1997 3408
1997 3222
1997 3590
1998 3597
1998 3590
1998 3033
1999 3215
1999 3597
1999 3408
2000 3114
2000 3129
2000 3325
2001 3114
2001 3504
2001 3700
2002 3504
2002 3325
2002 3489
2003 3700
2003 3129
2003 3489
2004 3367
2004 3048
2004 3237
2005 3423
2005 3742
2005 3237
2006 3742
2006 3612
2006 3048
2007 3612
2007 3423
2007 3367
2008 3283
2008 3186
2008 3162
2009 3537
2009 3283
2009 3561
2010 3537
2010 3658
2010 3186
2011 3561
2011 3162
2011 3658
2012 3167
2012 3033
2012 3295
2013 3408
2013 3295
2013 3542
2014 3542
2014 3033
2014 3670
2015 3167
2015 3408
2015 3670
2016 3208
2016 3221
2016 3285
2017 3660
2017 3208
2017 3596
2018 3596
2018 3285
2018 3583
2019 3221
2019 3583
2019 3660
2020 3346
2020 3059
2020 3215
2021 3590
2021 3346
2021 3434
2022 3590
2022 3721
2022 3059
2023 3434
2023 3215
2023 3721
2024 3354
2024 3297
2024 3256
2025 3729
2025 3672
2025 3256
2026 3729
2026 3631
2026 3297
2027 3631
2027 3354
2027 3672
2028 3265
2028 3112
2028 3371
2029 3265
2029 3487
2029 3746
2030 3371
2030 3640
2030 3487
2031 3746
2031 3112
2031 3640
2032 3313
2032 3347
2032 3012
2033 3722
2033 3012
2033 3688
2034 3688
2034 3347
2034 3387
2035 3722
2035 3387
2035 3313
2036 3015
2036 3337
2036 3188
2037 3712
2037 3390
2037 3188
2038 3015
2038 3563
2038 3712
2039 3390
2039 3337
2039 3563
2040 3018
2040 3292
2040 3065
2041 3440
2041 3393
2041 3292
2042 3440
2042 3018
2042 3667
2043 3393
2043 3065
2043 3667
2044 3206
2044 3125
2044 3122
2045 3581
2045 3122
2045 3500
2046 3125
2046 3581
2046 3497
2047 3500
2047 3497
2047 3206
2048 3248
2048 3262
2048 3328
2049 3623
2049 3703
2049 3262
2050 3328
2050 3623
2050 3637
2051 3248
2051 3637
2051 3703
2052 3364
2052 3113
2052 3114
2053 3489
2053 3488
2053 3364
2054 3113
2054 3739
2054 3489
2055 3114
2055 3739
2055 3488
2056 3314
2056 3049
2056 3039
2057 3689
2057 3424
2057 3039
2058 3049
2058 3414
2058 3689
2059 3314
2059 3424
2059 3414
2060 3239
2060 3167
2060 3130
2061 3614
2061 3505
2061 3167
2062 3614
2062 3542
2062 3130
2063 3505
2063 3542
2063 3239
2064 3184
2064 3200
2064 3168
2065 3575
2065 3559
2065 3168
2066 3575
2066 3184
2066 3543
2067 3200
2067 3559
2067 3543
2068 3339
2068 3222
2068 3112
2069 3222
2069 3714
2069 3487
2070 3339
2070 3597
2070 3487
2071 3597
2071 3112
2071 3714
2072 3281
2072 3022
2072 3145
2073 3520
2073 3397
2073 3281
2074 3022
2074 3656
2074 3520
2075 3397
2075 3656
2075 3145
2076 3101
2076 3159
2076 3015
2077 3476
2077 3159
2077 3390
2078 3015
2078 3476
2078 3534
2079 3101
2079 3390
2079 3534
2080 3089
2080 3281
2080 3076
2081 3656
2081 3464
2081 3076
2082 3656
2082 3089
2082 3451
2083 3464
2083 3451
2083 3281
2084 3306
2084 3001
2084 3159
2085 3001
2085 3681
2085 3534
2086 3681
2086 3159
2086 3376
2087 3306
2087 3376
2087 3534
2088 3331
2088 3034
2088 3056
2089 3706
2089 3409
2089 3056
2090 3431
2090 3034
2090 3706
2091 3331
2091 3409
2091 3431
2092 3273
2092 3058
2092 3195
2093 3273
2093 3433
2093 3570
2094 3570
2094 3058
2094 3648
2095 3195
2095 3433
2095 3648
2096 3252
2096 3316
2096 3060
2097 3435
2097 3627
2097 3316
2098 3627
2098 3691
2098 3060
2099 3252
2099 3435
2099 3691
2100 3099
2100 3126
2100 3029
2101 3126
2101 3474
2101 3404
2102 3501
2102 3474
2102 3029
2103 3404
2103 3099
2103 3501
2104 3081
2104 3368
2104 3158
2105 3456
2105 3533
2105 3368
2106 3456
2106 3743
2106 3158
2107 3081
2107 3533
2107 3743
2108 3179
2108 3352
2108 3194
2109 3554
2109 3569
2109 3352
2110 3569
2110 3179
2110 3727
2111 3194
2111 3554
2111 3727
2112 3214
2112 3056
2112 3287
2113 3589
2113 3431
2113 3287
2114 3589
2114 3056
2114 3662
2115 3431
2115 3214
2115 3662
2116 3137
2116 3098
2116 3242
2117 3617
2117 3473
2117 3137
2118 3512
2118 3098
2118 3617
2119 3473
2119 3512
2119 3242
2120 3034
2120 3098
2120 3279
2121 3279
2121 3473
2121 3409
2122 3098
2122 3654
2122 3409
2123 3034
2123 3473
2123 3654
2124 3062
2124 3156
2124 3355
2125 3355
2125 3531
2125 3437
2126 3730
2126 3062
2126 3531
2127 3730
2127 3156
2127 3437
2128 3224
2128 3263
2128 3337
2129 3638
2129 3599
2129 3337
2130 3224
2130 3712
2130 3638
2131 3263
2131 3599
2131 3712
2132 3186
2132 3190
2132 3266
2133 3561
2133 3565
2133 3266
2134 3190
2134 3641
2134 3561
2135 3186
2135 3565
2135 3641
2136 3113
2136 3200
2136 3040
2137 3415
2137 3488
2137 3200
2138 3415
2138 3113
2138 3575
2139 3575
2139 3040
2139 3488
2140 3322
2140 3011
2140 3285
2141 3386
2141 3660
2141 3322
2142 3660
2142 3697
2142 3011
2143 3697
2143 3285
2143 3386
2144 3304
2144 3166
2144 3047
2145 3679
2145 3047
2145 3541
2146 3166
2146 3422
2146 3679
2147 3304
2147 3422
2147 3541
2148 3295
2148 3259
2148 3098
2149 3473
2149 3295
2149 3634
2150 3670
2150 3098
2150 3634
2151 3259
2151 3473
2151 3670
2152 3348
2152 3143
2152 3281
2153 3723
2153 3281
2153 3518
2154 3143
2154 3656
2154 3723
2155 3348
2155 3518
2155 3656
2156 3131
2156 3310
2156 3098
2157 3310
2157 3473
2157 3506
2158 3473
2158 3685
2158 3131
2159 3098
2159 3506
2159 3685
2160 3256
2160 3299
2160 3186
2161 3631
2161 3186
2161 3674
2162 3561
2162 3299
2162 3631
2163 3561
2163 3256
2163 3674
2164 3074
2164 3256
2164 3242
2165 3631
2165 3074
2165 3617
2166 3617
2166 3449
2166 3256
2167 3631
2167 3242
2167 3449
2168 3145
2168 3046
2168 3166
2169 3421
2169 3520
2169 3166
2170 3046
2170 3520
2170 3541
2171 3145
2171 3541
2171 3421
2172 3160
2172 3225
2172 3357
2173 3160
2173 3732
2173 3600
2174 3732
2174 3225
2174 3535
2175 3600
2175 3357
2175 3535
2176 3269
2176 3194
2176 3250
2177 3569
2177 3644
2177 3250
2178 3569
2178 3269
2178 3625
2179 3194
2179 3644
2179 3625
2180 3278
2180 3003
2180 3311
2181 3003
2181 3686
2181 3653
2182 3653
2182 3311
2182 3378
2183 3378
2183 3686
2183 3278
2184 3047
2184 3181
2184 3314
2185 3047
2185 3556
2185 3689
2186 3181
2186 3422
2186 3689
2187 3314
2187 3556
2187 3422
2188 3159
2188 3018
2188 3257
2189 3257
2189 3393
2189 3534
2190 3018
2190 3632
2190 3534
2191 3632
2191 3159
2191 3393
2192 3141
2192 3074
2192 3289
2193 3664
2193 3141
2193 3449
2194 3516
2194 3074
2194 3664
2195 3449
2195 3516
2195 3289
2196 3325
2196 3127
2196 3027
2197 3027
2197 3700
2197 3502
2198 3127
2198 3402
2198 3700
2199 3402
2199 3325
2199 3502
2200 3056
2200 3293
2200 3365
2201 3431
2201 3365
2201 3668
2202 3740
2202 3431
2202 3293
2203 3668
2203 3740
2203 3056
2204 3062
2204 3144
2204 3147
2205 3144
2205 3437
2205 3522
2206 3062
2206 3519
2206 3522
2207 3437
2207 3519
2207 3147
2208 3337
2208 3163
2208 3141
2209 3163
2209 3712
2209 3516
2210 3712
2210 3538
2210 3141
2211 3337
2211 3516
2211 3538
2212 3207
2212 3307
2212 3268
2213 3207
2213 3682
2213 3643
2214 3643
2214 3307
2214 3582
2215 3268
2215 3582
2215 3682
2216 3106
2216 3140
2216 3246
2217 3515
2217 3621
2217 3106
2218 3621
2218 3140
2218 3481
2219 3246
2219 3515
2219 3481
2220 3199
2220 3373
2220 3081
2221 3081
2221 3748
2221 3574
2222 3748
2222 3199
2222 3456
2223 3574
2223 3456
2223 3373
2224 3152
2224 3035
2224 3211
2225 3586
2225 3152
2225 3410
2226 3211
2226 3410
2226 3527
2227 3527
2227 3586
2227 3035
2228 3124
2228 3159
2228 3091
2229 3499
2229 3534
2229 3091
2230 3466
2230 3534
2230 3124
2231 3159
2231 3499
2231 3466
2232 3050
2232 3280
2232 3105
2233 3425
2233 3480
2233 3280
2234 3105
2234 3655
2234 3425
2235 3655
2235 3050
2235 3480
2236 3004
2236 3279
2236 3198
2237 3654
2237 3379
2237 3198
2238 3573
2238 3004
2238 3654
2239 3279
2239 3379
2239 3573
2240 3003
2240 3175
2240 3074
2241 3449
2241 3003
2241 3550
2242 3550
2242 3074
2242 3378
2243 3378
2243 3449
2243 3175
2244 3279
2244 3135
2244 3268
2245 3654
2245 3268
2245 3510
2246 3135
2246 3654
2246 3643
2247 3510
2247 3643
2247 3279
2248 3211
2248 3151
2248 3106
2249 3481
2249 3586
2249 3151
2250 3586
2250 3106
2250 3526
2251 3211
2251 3481
2251 3526
2252 3034
2252 3205
2252 3293
2253 3668
2253 3205
2253 3409
2254 3668
2254 3580
2254 3034
2255 3293
2255 3409
2255 3580
2256 3171
2256 3273
2256 3258
2257 3546
2257 3633
2257 3273
2258 3648
2258 3258
2258 3546
2259 3171
2259 3633
2259 3648
2260 3350
2260 3120
2260 3114
2261 3489
2261 3495
2261 3350
2262 3489
2262 3725
2262 3120
2263 3114
2263 3495
2263 3725
2264 3334
2264 3247
2264 3296
2265 3622
2265 3709
2265 3296
2266 3671
2266 3247
2266 3709
2267 3622
2267 3671
2267 3334
2268 3038
2268 3227
2268 3326
2269 3701
2269 3227
2269 3413
2270 3701
2270 3038
2270 3602
2271 3326
2271 3413
2271 3602
2272 3319
2272 3368
2272 3242
2273 3743
2273 3242
2273 3694
2274 3368
2274 3617
2274 3694
2275 3319
2275 3743
2275 3617
2276 3155
2276 3172
2276 3112
2277 3530
2277 3172
2277 3487
2278 3487
2278 3155
2278 3547
2279 3112
2279 3547
2279 3530
2280 3205
2280 3368
2280 3036
2281 3580
2281 3036
2281 3743
2282 3368
2282 3411
2282 3580
2283 3205
2283 3411
2283 3743
2284 3287
2284 3042
2284 3273
2285 3273
2285 3417
2285 3662
2286 3662
2286 3648
2286 3042
2287 3287
2287 3417
2287 3648
2288 3087
2288 3356
2288 3000
2289 3375
2289 3462
2289 3356
2290 3462
2290 3000
2290 3731
2291 3731
2291 3375
2291 3087
2292 3373
2292 3066
2292 3024
2293 3748
2293 3399
2293 3066
2294 3373
2294 3441
2294 3399
2295 3024
2295 3441
2295 3748
2296 3226
2296 3292
2296 3264
2297 3667
2297 3601
2297 3264
2298 3667
2298 3226
2298 3639
2299 3601
2299 3292
2299 3639
2300 3140
2300 3118
2300 3358
2301 3515
2301 3358
2301 3493
2302 3515
2302 3118
2302 3733
2303 3493
2303 3140
2303 3733
2304 3360
2304 3193
2304 3340
2305 3568
2305 3360
2305 3715
2306 3715
2306 3193
2306 3735
2307 3568
2307 3735
2307 3340
2308 3034
2308 3041
2308 3238
2309 3416
2309 3238
2309 3409
2310 3613
2310 3041
2310 3409
2311 3613
2311 3416
2311 3034
2312 3162
2312 3060
2312 3293
2313 3537
2313 3668
2313 3060
2314 3162
2314 3668
2314 3435
2315 3293
2315 3435
2315 3537
2316 3290
2316 3246
2316 3028
2317 3290
2317 3621
2317 3403
2318 3665
2318 3028
2318 3621
2319 3665
2319 3403
2319 3246
2320 3213
2320 3069
2320 3278
2321 3444
2321 3653
2321 3213
2322 3069
2322 3588
2322 3653
2323 3444
2323 3588
2323 3278
2324 3247
2324 3173
2324 3362
2325 3362
2325 3622
2325 3548
2326 3173
2326 3737
2326 3622
2327 3548
2327 3247
2327 3737
2328 3065
2328 3341
2328 3262
2329 3637
2329 3440
2329 3341
2330 3065
2330 3716
2330 3637
2331 3716
2331 3440
2331 3262
2332 3182
2332 3161
2332 3031
2333 3536
2333 3406
2333 3182
2334 3406
2334 3161
2334 3557
2335 3557
2335 3536
2335 3031
2336 3015
2336 3343
2336 3004
2337 3390
2337 3343
2337 3379
2338 3718
2338 3379
2338 3015
2339 3390
2339 3718
2339 3004
2340 3361
2340 3312
2340 3338
2341 3312
2341 3736
2341 3713
2342 3736
2342 3338
2342 3687
2343 3687
2343 3713
2343 3361
2344 3089
2344 3332
2344 3258
2345 3707
2345 3258
2345 3464
2346 3464
2346 3633
2346 3332
2347 3089
2347 3707
2347 3633
2348 3216
2348 3059
2348 3190
2349 3434
2349 3565
2349 3216
2350 3591
2350 3434
2350 3190
2351 3591
2351 3565
2351 3059
2352 3255
2352 3013
2352 3244
2353 3388
2353 3244
2353 3630
2354 3630
2354 3619
2354 3013
2355 3388
2355 3619
2355 3255
2356 3179
2356 3011
2356 3221
2357 3386
2357 3179
2357 3596
2358 3554
2358 3386
2358 3221
2359 3554
2359 3596
2359 3011
2360 3075
2360 3138
2360 3311
2361 3450
2361 3138
2361 3686
2362 3075
2362 3513
2362 3686
2363 3311
2363 3450
2363 3513
2364 3330
2364 3252
2364 3163
2365 3627
2365 3163
2365 3705
2366 3627
2366 3330
2366 3538
2367 3538
2367 3705
2367 3252
2368 3026
2368 3035
2368 3173
2369 3410
2369 3401
2369 3173
2370 3410
2370 3548
2370 3026
2371 3401
2371 3035
2371 3548
2372 3173
2372 3159
2372 3372
2373 3548
2373 3534
2373 3372
2374 3173
2374 3747
2374 3534
2375 3747
2375 3548
2375 3159
2376 3193
2376 3163
2376 3092
2377 3467
2377 3193
2377 3538
2378 3467
2378 3163
2378 3568
2379 3538
2379 3568
2379 3092
2380 3137
2380 3280
2380 3308
2381 3512
2381 3308
2381 3655
2382 3137
2382 3683
2382 3655
2383 3683
2383 3280
2383 3512
2384 3165
2384 3333
2384 3265
2385 3708
2385 3640
2385 3165
2386 3540
2386 3265
2386 3708
2387 3333
2387 3640
2387 3540
2388 3286
2388 3107
2388 3251
2389 3286
2389 3482
2389 3626
2390 3661
2390 3482
2390 3251
2391 3107
2391 3626
2391 3661
2392 3175
2392 3183
2392 3036
2393 3558
2393 3036
2393 3550
2394 3175
2394 3411
2394 3558
2395 3550
2395 3183
2395 3411
2396 3022
2396 3240
2396 3263
2397 3638
2397 3240
2397 3397
2398 3638
2398 3615
2398 3022
2399 3615
2399 3397
2399 3263
2400 3214
2400 3182
2400 3193
2401 3557
2401 3568
2401 3214
2402 3193
2402 3589
2402 3557
2403 3568
2403 3182
2403 3589
2404 3213
2404 3340
2404 3313
2405 3688
2405 3715
2405 3213
2406 3588
2406 3340
2406 3688
2407 3715
2407 3588
2407 3313
2408 3176
2408 3213
2408 3103
2409 3478
2409 3588
2409 3176
2410 3213
2410 3551
2410 3478
2411 3103
2411 3551
2411 3588
2412 3190
2412 3085
2412 3182
2413 3190
2413 3557
2413 3460
2414 3460
2414 3182
2414 3565
2415 3085
2415 3565
2415 3557
2416 3278
2416 3370
2416 3036
2417 3653
2417 3370
2417 3411
2418 3411
2418 3745
2418 3278
2419 3653
2419 3745
2419 3036
2420 3073
2420 3220
2420 3247
2421 3595
2421 3247
2421 3448
2422 3622
2422 3448
2422 3220
2423 3622
2423 3073
2423 3595
2424 3355
2424 3152
2424 3025
2425 3730
2425 3527
2425 3025
2426 3730
2426 3152
2426 3400
2427 3400
2427 3355
2427 3527
2428 3196
2428 3033
2428 3092
2429 3408
2429 3571
2429 3092
2430 3196
2430 3408
2430 3467
2431 3467
2431 3033
2431 3571
2432 3089
2432 3144
2432 3038
2433 3413
2433 3144
2433 3464
2434 3413
2434 3089
2434 3519
2435 3464
2435 3038
2435 3519
2436 3208
2436 3238
2436 3128
2437 3503
2437 3238
2437 3583
2438 3583
2438 3613
2438 3128
2439 3208
2439 3503
2439 3613
2440 3038
2440 3166
2440 3289
2441 3413
2441 3289
2441 3541
2442 3166
2442 3664
2442 3413
2443 3038
2443 3541
2443 3664
2444 3178
2444 3060
2444 3287
2445 3435
2445 3287
2445 3553
2446 3435
2446 3178
2446 3662
2447 3553
2447 3662
2447 3060
2448 3298
2448 3094
2448 3311
2449 3469
2449 3686
2449 3298
2450 3094
2450 3673
2450 3686
2451 3311
2451 3673
2451 3469
2452 3060
2452 3343
2452 3164
2453 3435
2453 3539
2453 3343
2454 3435
2454 3164
2454 3718
2455 3718
2455 3060
2455 3539
2456 3192
2456 3052
2456 3193
2457 3567
2457 3193
2457 3427
2458 3052
2458 3568
2458 3567
2459 3192
2459 3568
2459 3427
2460 3020
2460 3023
2460 3314
2461 3314
2461 3395
2461 3398
2462 3395
2462 3689
2462 3023
2463 3398
2463 3020
2463 3689
2464 3301
2464 3066
2464 3252
2465 3252
2465 3676
2465 3441
2466 3627
2466 3301
2466 3441
2467 3066
2467 3627
2467 3676
2468 3073
2468 3252
2468 3371
2469 3627
2469 3448
2469 3371
2470 3073
2470 3746
2470 3627
2471 3448
2471 3746
2471 3252
2472 3009
2472 3045
2472 3335
2473 3420
2473 3384
2473 3335
2474 3420
2474 3009
2474 3710
2475 3710
2475 3045
2475 3384
2476 3286
2476 3264
2476 3135
2477 3639
2477 3286
2477 3510
2478 3661
2478 3264
2478 3510
2479 3661
2479 3135
2479 3639
2480 3114
2480 3106
2480 3035
2481 3410
2481 3114
2481 3481
2482 3481
2482 3489
2482 3035
2483 3410
2483 3489
2483 3106
2484 3199
2484 3203
2484 3215
2485 3215
2485 3578
2485 3574
2486 3574
2486 3203
2486 3590
2487 3578
2487 3199
2487 3590
2488 3339
2488 3336
2488 3144
2489 3711
2489 3519
2489 3339
2490 3336
2490 3714
2490 3519
2491 3714
2491 3144
2491 3711
2492 3000
2492 3015
2492 3201
2493 3375
2493 3015
2493 3576
2494 3576
2494 3390
2494 3000
2495 3201
2495 3375
2495 3390
2496 3020
2496 3073
2496 3354
2497 3448
2497 3354
2497 3395
2498 3073
2498 3729
2498 3395
2499 3020
2499 3729
2499 3448
2500 3229
2500 3197
2500 3076
2501 3572
2501 3451
2501 3229
2502 3076
2502 3604
2502 3572
2503 3197
2503 3451
2503 3604
2504 3308
2504 3034
2504 3295
2505 3308
2505 3409
2505 3670
2506 3683
2506 3409
2506 3295
2507 3670
2507 3683
2507 3034
2508 3036
2508 3337
2508 3368
2509 3411
2509 3337
2509 3743
2510 3712
2510 3036
2510 3743
2511 3368
2511 3411
2511 3712
2512 3365
2512 3207
2512 3132
2513 3582
2513 3132
2513 3740
2514 3207
2514 3740
2514 3507
2515 3365
2515 3507
2515 3582
2516 3024
2516 3040
2516 3041
2517 3399
2517 3041
2517 3415
2518 3024
2518 3416
2518 3415
2519 3040
2519 3416
2519 3399
2520 3021
2520 3197
2520 3160
2521 3021
2521 3572
2521 3535
2522 3396
2522 3197
2522 3535
2523 3396
2523 3572
2523 3160
2524 3273
2524 3259
2524 3091
2525 3648
2525 3634
2525 3091
2526 3466
2526 3273
2526 3634
2527 3259
2527 3466
2527 3648
2528 3076
2528 3313
2528 3317
2529 3692
2529 3313
2529 3451
2530 3076
2530 3688
2530 3692
2531 3688
2531 3451
2531 3317
2532 3135
2532 3209
2532 3107
2533 3209
2533 3510
2533 3482
2534 3135
2534 3584
2534 3482
2535 3107
2535 3584
2535 3510
2536 3371
2536 3237
2536 3108
2537 3371
2537 3612
2537 3483
2538 3483
2538 3746
2538 3237
2539 3746
2539 3108
2539 3612
2540 3343
2540 3085
2540 3151
2541 3343
2541 3526
2541 3460
2542 3151
2542 3460
2542 3718
2543 3718
2543 3526
2543 3085
2544 3013
2544 3371
2544 3059
2545 3371
2545 3388
2545 3434
2546 3013
2546 3746
2546 3434
2547 3746
2547 3388
2547 3059
2548 3055
2548 3271
2548 3281
2549 3271
2549 3656
2549 3430
2550 3656
2550 3646
2550 3055
2551 3430
2551 3646
2551 3281
2552 3307
2552 3126
2552 3345
2553 3501
2553 3307
2553 3720
2554 3720
2554 3126
2554 3682
2555 3682
2555 3501
2555 3345
2556 3194
2556 3248
2556 3154
2557 3529
2557 3248
2557 3569
2558 3623
2558 3194
2558 3529
2559 3154
2559 3623
2559 3569
2560 3090
2560 3076
2560 3343
2561 3718
2561 3090
2561 3451
2562 3076
2562 3465
2562 3718
2563 3451
2563 3343
2563 3465
2564 3215
2564 3060
2564 3053
2565 3435
2565 3215
2565 3428
2566 3590
2566 3060
2566 3428
2567 3435
2567 3590
2567 3053
2568 3265
2568 3321
2568 3345
2569 3720
2569 3321
2569 3640
2570 3265
2570 3720
2570 3696
2571 3696
2571 3640
2571 3345
2572 3004
2572 3103
2572 3044
2573 3478
2573 3044
2573 3379
2574 3478
2574 3004
2574 3419
2575 3379
2575 3419
2575 3103
2576 3303
2576 3224
2576 3055
2577 3430
2577 3303
2577 3599
2578 3678
2578 3224
2578 3430
2579 3599
2579 3678
2579 3055
2580 3023
2580 3278
2580 3274
2581 3278
2581 3649
2581 3398
2582 3653
2582 3274
2582 3398
2583 3653
2583 3649
2583 3023
2584 3276
2584 3090
2584 3025
2585 3465
2585 3400
2585 3276
2586 3090
2586 3400
2586 3651
2587 3025
2587 3465
2587 3651
2588 3241
2588 3356
2588 3250
2589 3616
2589 3356
2589 3625
2590 3731
2590 3241
2590 3625
2591 3250
2591 3731
2591 3616
2592 3194
2592 3188
2592 3266
2593 3194
2593 3563
2593 3641
2594 3641
2594 3188
2594 3569
2595 3563
2595 3266
2595 3569
2596 3090
2596 3026
2596 3324
2597 3465
2597 3324
2597 3401
2598 3026
2598 3699
2598 3465
2599 3699
2599 3401
2599 3090
2600 3327
2600 3114
2600 3065
2601 3327
2601 3489
2601 3440
2602 3440
2602 3114
2602 3702
2603 3065
2603 3702
2603 3489
2604 3173
2604 3243
2604 3068
2605 3443
2605 3548
2605 3243
2606 3618
2606 3173
2606 3443
2607 3548
2607 3618
2607 3068
2608 3108
2608 3241
2608 3103
2609 3478
2609 3241
2609 3483
2610 3108
2610 3616
2610 3478
2611 3616
2611 3103
2611 3483
2612 3073
2612 3348
2612 3040
2613 3723
2613 3448
2613 3040
2614 3348
2614 3415
2614 3448
2615 3723
2615 3073
2615 3415
2616 3248
2616 3273
2616 3183
2617 3558
2617 3248
2617 3648
2618 3623
2618 3273
2618 3558
2619 3623
2619 3648
2619 3183
2620 3076
2620 3241
2620 3297
2621 3076
2621 3616
2621 3672
2622 3241
2622 3451
2622 3672
2623 3451
2623 3616
2623 3297
2624 3142
2624 3077
2624 3011
2625 3386
2625 3077
2625 3517
2626 3517
2626 3452
2626 3011
2627 3452
2627 3142
2627 3386
2628 3097
2628 3011
2628 3354
2629 3472
2629 3354
2629 3386
2630 3386
2630 3097
2630 3729
2631 3729
2631 3472
2631 3011
2632 3088
2632 3266
2632 3046
2633 3088
2633 3421
2633 3641
2634 3046
2634 3463
2634 3641
2635 3463
2635 3421
2635 3266
2636 3235
2636 3172
2636 3171
2637 3546
2637 3235
2637 3547
2638 3610
2638 3172
2638 3546
2639 3610
2639 3547
2639 3171
2640 3280
2640 3081
2640 3125
2641 3500
2641 3280
2641 3456
2642 3081
2642 3655
2642 3500
2643 3456
2643 3655
2643 3125
2644 3110
2644 3215
2644 3199
2645 3215
2645 3485
2645 3574
2646 3590
2646 3110
2646 3574
2647 3590
2647 3485
2647 3199
2648 3068
2648 3198
2648 3009
2649 3384
2649 3198
2649 3443
2650 3384
2650 3573
2650 3068
2651 3573
2651 3443
2651 3009
2652 3362
2652 3101
2652 3050
2653 3101
2653 3737
2653 3425
2654 3476
2654 3362
2654 3425
2655 3050
2655 3476
2655 3737
2656 3349
2656 3237
2656 3271
2657 3646
2657 3237
2657 3724
2658 3724
2658 3612
2658 3271
2659 3349
2659 3612
2659 3646
2660 3077
2660 3188
2660 3007
2661 3077
2661 3563
2661 3382
2662 3188
2662 3452
2662 3382
2663 3563
2663 3452
2663 3007
2664 3135
2664 3125
2664 3013
2665 3135
2665 3500
2665 3388
2666 3510
2666 3388
2666 3125
2667 3500
2667 3510
2667 3013
2668 3346
2668 3267
2668 3244
2669 3346
2669 3642
2669 3619
2670 3267
2670 3721
2670 3619
2671 3721
2671 3642
2671 3244
2672 3326
2672 3088
2672 3077
2673 3326
2673 3463
2673 3452
2674 3452
2674 3088
2674 3701
2675 3701
2675 3463
2675 3077
2676 3231
2676 3162
2676 3049
2677 3231
2677 3537
2677 3424
2678 3606
2678 3424
2678 3162
2679 3606
2679 3537
2679 3049
2680 3338
2680 3142
2680 3120
2681 3517
2681 3338
2681 3495
2682 3713
2682 3142
2682 3495
2683 3713
2683 3517
2683 3120
2684 3362
2684 3361
2684 3267
2685 3361
2685 3642
2685 3737
2686 3267
2686 3736
2686 3737
2687 3736
2687 3642
2687 3362
2688 3361
2688 3374
2688 3353
2689 3374
2689 3736
2689 3728
2690 3749
2690 3361
2690 3728
2691 3736
2691 3749
2691 3353
2692 3335
2692 3135
2692 3115
2693 3135
2693 3710
2693 3490
2694 3510
2694 3710
2694 3115
2695 3510
2695 3490
2695 3335
2696 3083
2696 3309
2696 3066
2697 3309
2697 3441
2697 3458
2698 3066
2698 3684
2698 3458
2699 3083
2699 3684
2699 3441
2700 3078
2700 3201
2700 3103
2701 3478
2701 3201
2701 3453
2702 3453
2702 3576
2702 3103
2703 3478
2703 3576
2703 3078
2704 3116
2704 3159
2704 3197
2705 3491
2705 3197
2705 3534
2706 3159
2706 3491
2706 3572
2707 3116
2707 3534
2707 3572
2708 3067
2708 3345
2708 3335
2709 3710
2709 3345
2709 3442
2710 3720
2710 3335
2710 3442
2711 3067
2711 3710
2711 3720
2712 3107
2712 3358
2712 3276
2713 3482
2713 3358
2713 3651
2714 3733
2714 3276
2714 3482
2715 3651
2715 3733
2715 3107
2716 3095
2716 3244
2716 3054
2717 3429
2717 3244
2717 3470
2718 3619
2718 3095
2718 3429
2719 3054
2719 3619
2719 3470
2720 3365
2720 3175
2720 3179
2721 3365
2721 3550
2721 3554
2722 3179
2722 3740
2722 3550
2723 3554
2723 3175
2723 3740
2724 3212
2724 3205
2724 3050
2725 3425
2725 3580
2725 3212
2726 3205
2726 3587
2726 3425
2727 3587
2727 3580
2727 3050
2728 3372
2728 3246
2728 3272
2729 3372
2729 3621
2729 3647
2730 3747
2730 3246
2730 3647
2731 3621
2731 3747
2731 3272
2732 3143
2732 3031
2732 3035
2733 3143
2733 3406
2733 3410
2734 3518
2734 3031
2734 3410
2735 3518
2735 3406
2735 3035
2736 3353
2736 3307
2736 3003
2737 3307
2737 3728
2737 3378
2738 3378
2738 3682
2738 3353
2739 3682
2739 3728
2739 3003
2740 3083
2740 3235
2740 3058
2741 3433
2741 3235
2741 3458
2742 3433
2742 3610
2742 3083
2743 3610
2743 3458
2743 3058
2744 3367
2744 3069
2744 3049
2745 3367
2745 3444
2745 3424
2746 3069
2746 3742
2746 3424
2747 3742
2747 3444
2747 3049
2748 3150
2748 3370
2748 3007
2749 3745
2749 3150
2749 3382
2750 3525
2750 3370
2750 3382
2751 3525
2751 3745
2751 3007
2752 3135
2752 3285
2752 3249
2753 3624
2753 3285
2753 3510
2754 3660
2754 3135
2754 3624
2755 3249
2755 3510
2755 3660
2756 3146
2756 3260
2756 3236
2757 3611
2757 3260
2757 3521
2758 3611
2758 3635
2758 3146
2759 3635
2759 3521
2759 3236
2760 3067
2760 3208
2760 3110
2761 3442
2761 3485
2761 3208
2762 3485
2762 3583
2762 3067
2763 3110
2763 3583
2763 3442
2764 3210
2764 3169
2764 3230
2765 3605
2765 3544
2765 3210
2766 3169
2766 3605
2766 3585
2767 3585
2767 3230
2767 3544
2768 3222
2768 3275
2768 3231
2769 3597
2769 3275
2769 3606
2770 3606
2770 3650
2770 3222
2771 3231
2771 3650
2771 3597
2772 3252
2772 3262
2772 3110
2773 3262
2773 3485
2773 3627
2774 3110
2774 3637
2774 3627
2775 3637
2775 3485
2775 3252
2776 3171
2776 3093
2776 3141
2777 3516
2777 3468
2777 3171
2778 3546
2778 3093
2778 3516
2779 3546
2779 3468
2779 3141
2780 3215
2780 3067
2780 3332
2781 3707
2781 3067
2781 3590
2782 3590
2782 3442
2782 3332
2783 3707
2783 3442
2783 3215
2784 3106
2784 3064
2784 3155
2785 3530
2785 3106
2785 3439
2786 3155
2786 3481
2786 3439
2787 3481
2787 3530
2787 3064
2788 3046
2788 3152
2788 3277
2789 3152
2789 3421
2789 3652
2790 3652
2790 3527
2790 3046
2791 3277
2791 3527
2791 3421
2792 3311
2792 3173
2792 3364
2793 3311
2793 3548
2793 3739
2794 3686
2794 3173
2794 3739
2795 3364
2795 3548
2795 3686
2796 3332
2796 3287
2796 3315
2797 3662
2797 3690
2797 3332
2798 3287
2798 3707
2798 3690
2799 3315
2799 3707
2799 3662
2800 3014
2800 3292
2800 3079
2801 3454
2801 3389
2801 3292
2802 3667
2802 3079
2802 3389
2803 3454
2803 3014
2803 3667
2804 3267
2804 3190
2804 3275
2805 3642
2805 3275
2805 3565
2806 3650
2806 3190
2806 3642
2807 3565
2807 3650
2807 3267
2808 3290
2808 3173
2808 3175
2809 3548
2809 3290
2809 3550
2810 3665
2810 3175
2810 3548
2811 3665
2811 3173
2811 3550
2812 3274
2812 3349
2812 3162
2813 3349
2813 3649
2813 3537
2814 3724
2814 3274
2814 3537
2815 3649
2815 3162
2815 3724
2816 3149
2816 3230
2816 3225
2817 3225
2817 3524
2817 3605
2818 3605
2818 3600
2818 3149
2819 3524
2819 3600
2819 3230
2820 3228
2820 3272
2820 3172
2821 3603
2821 3272
2821 3547
2822 3228
2822 3547
2822 3647
2823 3172
2823 3647
2823 3603
2824 3280
2824 3338
2824 3045
2825 3655
2825 3338
2825 3420
2826 3713
2826 3045
2826 3655
2827 3713
2827 3420
2827 3280
2828 3139
2828 3071
2828 3079
2829 3446
2829 3454
2829 3139
2830 3079
2830 3514
2830 3446
2831 3454
2831 3514
2831 3071
2832 3207
2832 3349
2832 3320
2833 3349
2833 3695
2833 3582
2834 3320
2834 3724
2834 3582
2835 3695
2835 3724
2835 3207
2836 3047
2836 3119
2836 3220
2837 3119
2837 3422
2837 3595
2838 3595
2838 3494
2838 3047
2839 3494
2839 3422
2839 3220
2840 3181
2840 3005
2840 3128
2841 3380
2841 3181
2841 3503
2842 3005
2842 3556
2842 3503
2843 3556
2843 3380
2843 3128
2844 3084
2844 3053
2844 3030
2845 3405
2845 3084
2845 3428
2846 3053
2846 3459
2846 3405
2847 3459
2847 3428
2847 3030
2848 3129
2848 3241
2848 3058
2849 3433
2849 3241
2849 3504
2850 3616
2850 3129
2850 3433
2851 3504
2851 3616
2851 3058
2852 3233
2852 3156
2852 3067
2853 3233
2853 3531
2853 3442
2854 3442
2854 3156
2854 3608
2855 3067
2855 3608
2855 3531
2856 3309
2856 3141
2856 3241
2857 3616
2857 3309
2857 3516
2858 3616
2858 3141
2858 3684
2859 3684
2859 3241
2859 3516
2860 3064
2860 3355
2860 3253
2861 3355
2861 3628
2861 3439
2862 3730
2862 3253
2862 3439
2863 3064
2863 3730
2863 3628
2864 3279
2864 3369
2864 3010
2865 3654
2865 3369
2865 3385
2866 3744
2866 3279
2866 3385
2867 3744
2867 3654
2867 3010
2868 3192
2868 3100
2868 3278
2869 3192
2869 3653
2869 3475
2870 3475
2870 3567
2870 3278
2871 3567
2871 3653
2871 3100
2872 3161
2872 3242
2872 3113
2873 3161
2873 3488
2873 3617
2874 3488
2874 3536
2874 3242
2875 3617
2875 3536
2875 3113
2876 3276
2876 3338
2876 3064
2877 3651
2877 3338
2877 3439
2878 3439
2878 3276
2878 3713
2879 3064
2879 3651
2879 3713
2880 3175
2880 3312
2880 3172
2881 3312
2881 3550
2881 3547
2882 3175
2882 3687
2882 3547
2883 3687
2883 3550
2883 3172
2884 3303
2884 3313
2884 3263
2885 3303
2885 3638
2885 3688
2886 3638
2886 3678
2886 3313
2887 3678
2887 3688
2887 3263
2888 3097
2888 3052
2888 3268
2889 3097
2889 3427
2889 3643
2890 3052
2890 3472
2890 3643
2891 3472
2891 3427
2891 3268
2892 3324
2892 3216
2892 3018
2893 3324
2893 3393
2893 3591
2894 3216
2894 3699
2894 3393
2895 3699
2895 3591
2895 3018
2896 3198
2896 3335
2896 3333
2897 3708
2897 3573
2897 3335
2898 3710
2898 3333
2898 3573
2899 3708
2899 3710
2899 3198
2900 3063
2900 3024
2900 3358
2901 3063
2901 3399
2901 3733
2902 3024
2902 3438
2902 3733
2903 3358
2903 3399
2903 3438
2904 3357
2904 3237
2904 3372
2905 3357
2905 3612
2905 3747
2906 3732
2906 3747
2906 3237
2907 3612
2907 3732
2907 3372
2908 3154
2908 3071
2908 3186
2909 3154
2909 3446
2909 3561
2910 3561
2910 3529
2910 3071
2911 3446
2911 3529
2911 3186
2912 3171
2912 3025
2912 3353
2913 3400
2913 3171
2913 3728
2914 3546
2914 3025
2914 3728
2915 3546
2915 3400
2915 3353
2916 3269
2916 3206
2916 3020
2917 3581
2917 3269
2917 3395
2918 3644
2918 3206
2918 3395
2919 3581
2919 3644
2919 3020
2920 3126
2920 3068
2920 3119
2921 3068
2921 3501
2921 3494
2922 3443
2922 3126
2922 3494
2923 3119
2923 3443
2923 3501
2924 3076
2924 3232
2924 3318
2925 3076
2925 3693
2925 3607
2926 3451
2926 3318
2926 3607
2927 3451
2927 3693
2927 3232
2928 3112
2928 3233
2928 3202
2929 3233
2929 3577
2929 3487
2930 3608
2930 3202
2930 3487
2931 3608
2931 3577
2931 3112
2932 3344
2932 3210
2932 3033
2933 3408
2933 3210
2933 3719
2934 3585
2934 3033
2934 3719
2935 3408
2935 3585
2935 3344
2936 3169
2936 3261
2936 3111
2937 3544
2937 3261
2937 3486
2938 3544
2938 3636
2938 3111
2939 3636
2939 3486
2939 3169
2940 3310
2940 3137
2940 3085
2941 3460
2941 3310
2941 3512
2942 3685
2942 3137
2942 3460
2943 3085
2943 3685
2943 3512
2944 3300
2944 3004
2944 3333
2945 3708
2945 3675
2945 3004
2946 3379
2946 3300
2946 3708
2947 3675
2947 3379
2947 3333
2948 3314
2948 3117
2948 3226
2949 3314
2949 3601
2949 3492
2950 3689
2950 3226
2950 3492
2951 3601
2951 3117
2951 3689
2952 3084
2952 3227
2952 3338
2953 3602
2953 3713
2953 3084
2954 3713
2954 3227
2954 3459
2955 3459
2955 3602
2955 3338
2956 3331
2956 3361
2956 3153
2957 3528
2957 3331
2957 3736
2958 3706
2958 3153
2958 3736
2959 3361
2959 3528
2959 3706
2960 3193
2960 3317
2960 3002
2961 3317
2961 3377
2961 3568
2962 3692
2962 3193
2962 3377
2963 3002
2963 3692
2963 3568
2964 3084
2964 3198
2964 3029
2965 3459
2965 3404
2965 3198
2966 3573
2966 3029
2966 3459
2967 3404
2967 3573
2967 3084
2968 3287
2968 3060
2968 3030
2969 3405
2969 3435
2969 3287
2970 3662
2970 3060
2970 3405
2971 3435
2971 3030
2971 3662
2972 3171
2972 3114
2972 3053
2973 3489
2973 3171
2973 3428
2974 3114
2974 3546
2974 3428
2975 3546
2975 3053
2975 3489
2976 3312
2976 3313
2976 3020
2977 3688
2977 3312
2977 3395
2978 3688
2978 3687
2978 3020
2979 3395
2979 3687
2979 3313
2980 3102
2980 3335
2980 3270
2981 3477
2981 3270
2981 3710
2982 3477
2982 3335
2982 3645
2983 3710
2983 3645
2983 3102
2984 3153
2984 3150
2984 3279
2985 3654
2985 3153
2985 3525
2986 3654
2986 3528
2986 3150
2987 3528
2987 3525
2987 3279
2988 3275
2988 3105
2988 3072
2989 3275
2989 3480
2989 3447
2990 3650
2990 3105
2990 3447
2991 3072
2991 3650
2991 3480
2992 3029
2992 3259
2992 3367
2993 3259
2993 3404
2993 3742
2994 3634
2994 3029
2994 3742
2995 3634
2995 3404
2995 3367
2996 3085
2996 3063
2996 3212
2997 3438
2997 3085
2997 3587
2998 3212
2998 3460
2998 3438
2999 3460
2999 3587
2999 3063
