2750 6600
0 2420
0 2356
0 2200
1 2631
1 2475
1 2420
2 2631
2 2200
2 2695
3 2475
3 2695
3 2356
4 2440
4 2291
4 2283
5 2291
5 2715
5 2558
6 2566
6 2440
6 2558
7 2566
7 2283
7 2715
8 2373
8 2267
8 2272
9 2648
9 2542
9 2272
10 2547
10 2373
10 2542
11 2547
11 2267
11 2648
12 2277
12 2445
12 2424
13 2445
13 2699
13 2552
14 2699
14 2720
14 2277
15 2424
15 2552
15 2720
16 2263
16 2435
16 2407
17 2710
17 2407
17 2538
18 2538
18 2435
18 2682
19 2710
19 2263
19 2682
20 2264
20 2297
20 2400
21 2675
21 2297
21 2539
22 2264
22 2572
22 2675
23 2572
23 2539
23 2400
24 2223
24 2321
24 2399
25 2321
25 2498
25 2674
26 2223
26 2596
26 2674
27 2596
27 2399
27 2498
28 2409
28 2286
28 2456
29 2561
29 2684
29 2456
30 2684
30 2286
30 2731
31 2731
31 2561
31 2409
32 2230
32 2324
32 2291
33 2505
33 2324
33 2566
34 2505
34 2291
34 2599
35 2566
35 2230
35 2599
36 2379
36 2308
36 2388
37 2654
37 2308
37 2663
38 2583
38 2388
38 2654
39 2583
39 2663
39 2379
40 2222
40 2401
40 2463
41 2676
41 2738
41 2222
42 2497
42 2463
42 2676
43 2497
43 2738
43 2401
44 2442
44 2304
44 2257
45 2579
45 2717
45 2257
46 2579
46 2442
46 2532
47 2304
47 2717
47 2532
48 2383
48 2207
48 2347
49 2658
49 2347
49 2482
50 2658
50 2622
50 2207
51 2482
51 2622
51 2383
52 2438
52 2461
52 2254
53 2461
53 2713
53 2529
54 2736
54 2529
54 2438
55 2254
55 2713
55 2736
56 2343
56 2311
56 2372
57 2647
57 2618
57 2311
58 2618
58 2586
58 2372
59 2343
59 2586
59 2647
60 2439
60 2384
60 2432
61 2707
61 2439
61 2659
62 2432
62 2714
62 2659
63 2714
63 2384
63 2707
64 2245
64 2420
64 2214
65 2520
65 2489
65 2420
66 2695
66 2489
66 2245
67 2695
67 2214
67 2520
68 2248
68 2305
68 2374
69 2649
69 2248
69 2580
70 2523
70 2374
70 2580
71 2305
71 2523
71 2649
72 2297
72 2451
72 2303
73 2572
73 2303
73 2726
74 2578
74 2451
74 2572
75 2578
75 2726
75 2297
76 2341
76 2215
76 2371
77 2616
77 2215
77 2646
78 2646
78 2490
78 2341
79 2490
79 2616
79 2371
80 2334
80 2292
80 2243
81 2609
81 2567
81 2243
82 2292
82 2518
82 2609
83 2567
83 2518
83 2334
84 2448
84 2321
84 2260
85 2535
85 2321
85 2723
86 2596
86 2723
86 2260
87 2448
87 2596
87 2535
88 2463
88 2233
88 2228
89 2233
89 2738
89 2503
90 2228
90 2738
90 2508
91 2503
91 2508
91 2463
92 2262
92 2438
92 2323
93 2713
93 2262
93 2598
94 2438
94 2598
94 2537
95 2537
95 2713
95 2323
96 2200
96 2416
96 2412
97 2475
97 2416
97 2687
98 2691
98 2200
98 2687
99 2475
99 2691
99 2412
100 2350
100 2337
100 2257
101 2350
101 2532
101 2612
102 2257
102 2612
102 2625
103 2532
103 2625
103 2337
104 2428
104 2276
104 2362
105 2276
105 2637
105 2703
106 2637
106 2428
106 2551
107 2551
107 2703
107 2362
108 2232
108 2316
108 2244
109 2232
109 2591
109 2519
110 2519
110 2507
110 2316
111 2507
111 2591
111 2244
112 2260
112 2249
112 2459
113 2535
113 2734
113 2249
114 2260
114 2734
114 2524
115 2524
115 2535
115 2459
116 2256
116 2357
116 2288
117 2563
117 2357
117 2531
118 2288
118 2632
118 2531
119 2563
119 2632
119 2256
120 2304
120 2370
120 2302
121 2577
121 2370
121 2579
122 2304
122 2577
122 2645
123 2645
123 2579
123 2302
124 2416
124 2435
124 2379
125 2379
125 2691
125 2710
126 2710
126 2416
126 2654
127 2691
127 2435
127 2654
128 2234
128 2288
128 2463
129 2509
129 2738
129 2288
130 2463
130 2509
130 2563
131 2234
131 2738
131 2563
132 2203
132 2433
132 2328
133 2328
133 2708
133 2478
134 2708
134 2203
134 2603
135 2603
135 2433
135 2478
136 2349
136 2441
136 2282
137 2282
137 2716
137 2624
138 2557
138 2349
138 2716
139 2624
139 2557
139 2441
140 2301
140 2356
140 2290
141 2576
141 2565
141 2356
142 2631
142 2290
142 2576
143 2565
143 2631
143 2301
144 2345
144 2243
144 2391
145 2620
145 2518
145 2391
146 2518
146 2345
146 2666
147 2243
147 2620
147 2666
148 2312
148 2422
148 2304
149 2312
149 2579
149 2697
150 2422
150 2587
150 2579
151 2304
151 2587
151 2697
152 2454
152 2354
152 2364
153 2729
153 2629
153 2364
154 2354
154 2729
154 2639
155 2639
155 2454
155 2629
156 2213
156 2420
156 2231
157 2420
157 2488
157 2506
158 2695
158 2488
158 2231
159 2695
159 2506
159 2213
160 2253
160 2383
160 2413
161 2658
161 2688
161 2253
162 2688
162 2528
162 2383
163 2413
163 2658
163 2528
164 2385
164 2298
164 2269
165 2660
165 2573
165 2269
166 2544
166 2298
166 2660
167 2573
167 2544
167 2385
168 2457
168 2289
168 2453
169 2453
169 2732
169 2564
170 2732
170 2289
170 2728
171 2457
171 2564
171 2728
172 2361
172 2469
172 2229
173 2229
173 2744
173 2636
174 2636
174 2469
174 2504
175 2361
175 2504
175 2744
176 2438
176 2468
176 2263
177 2743
177 2438
177 2538
178 2263
178 2713
178 2743
179 2468
179 2538
179 2713
180 2346
180 2293
180 2256
181 2293
181 2621
181 2531
182 2568
182 2346
182 2531
183 2256
183 2621
183 2568
184 2453
184 2460
184 2410
185 2735
185 2685
185 2453
186 2685
186 2728
186 2460
187 2410
187 2728
187 2735
188 2376
188 2238
188 2239
189 2651
189 2239
189 2513
190 2238
190 2651
190 2514
191 2513
191 2376
191 2514
192 2424
192 2292
192 2425
193 2425
193 2567
193 2699
194 2699
194 2292
194 2700
195 2700
195 2567
195 2424
196 2462
196 2263
196 2382
197 2263
197 2737
197 2657
198 2737
198 2382
198 2538
199 2657
199 2462
199 2538
200 2308
200 2430
200 2368
201 2308
201 2643
201 2705
202 2368
202 2705
202 2583
203 2643
203 2583
203 2430
204 2355
204 2248
204 2201
205 2201
205 2630
205 2523
206 2476
206 2355
206 2523
207 2630
207 2476
207 2248
208 2441
208 2352
208 2442
209 2352
209 2716
209 2717
210 2441
210 2627
210 2717
211 2442
211 2716
211 2627
212 2427
212 2368
212 2468
213 2468
213 2702
213 2643
214 2702
214 2743
214 2368
215 2643
215 2427
215 2743
216 2460
216 2266
216 2388
217 2735
217 2388
217 2541
218 2460
218 2663
218 2541
219 2735
219 2663
219 2266
220 2294
220 2442
220 2350
221 2717
221 2350
221 2569
222 2625
222 2442
222 2569
223 2625
223 2294
223 2717
224 2312
224 2268
224 2386
225 2661
225 2587
225 2268
226 2386
226 2587
226 2543
227 2543
227 2312
227 2661
228 2249
228 2329
228 2320
229 2595
229 2329
229 2524
230 2595
230 2604
230 2249
231 2320
231 2604
231 2524
232 2388
232 2461
232 2408
233 2461
233 2683
233 2663
234 2683
234 2388
234 2736
235 2408
235 2663
235 2736
236 2211
236 2283
236 2321
237 2596
237 2558
237 2211
238 2283
238 2596
238 2486
239 2558
239 2486
239 2321
240 2352
240 2219
240 2469
241 2352
241 2744
241 2494
242 2627
242 2219
242 2744
243 2469
243 2627
243 2494
244 2377
244 2416
244 2434
245 2652
245 2416
245 2709
246 2709
246 2377
246 2691
247 2691
247 2434
247 2652
248 2425
248 2376
248 2218
249 2651
249 2493
249 2425
250 2700
250 2651
250 2218
251 2376
251 2493
251 2700
252 2244
252 2269
252 2247
253 2522
253 2519
253 2269
254 2522
254 2244
254 2544
255 2247
255 2544
255 2519
256 2473
256 2445
256 2402
257 2720
257 2402
257 2748
258 2720
258 2473
258 2677
259 2748
259 2677
259 2445
260 2259
260 2290
260 2267
261 2565
261 2259
261 2542
262 2290
262 2534
262 2542
263 2267
263 2565
263 2534
264 2360
264 2320
264 2377
265 2320
265 2635
265 2652
266 2377
266 2595
266 2635
267 2360
267 2595
267 2652
268 2451
268 2435
268 2235
269 2451
269 2710
269 2510
270 2510
270 2435
270 2726
271 2726
271 2235
271 2710
272 2335
272 2403
272 2447
273 2610
273 2403
273 2722
274 2678
274 2447
274 2610
275 2722
275 2678
275 2335
276 2357
276 2360
276 2436
277 2632
277 2436
277 2635
278 2711
278 2635
278 2357
279 2360
279 2632
279 2711
280 2346
280 2395
280 2444
281 2621
281 2719
281 2395
282 2346
282 2670
282 2719
283 2444
283 2670
283 2621
284 2369
284 2264
284 2278
285 2539
285 2369
285 2553
286 2644
286 2278
286 2539
287 2553
287 2644
287 2264
288 2239
288 2465
288 2427
289 2702
289 2740
289 2239
290 2514
290 2427
290 2740
291 2514
291 2702
291 2465
292 2236
292 2328
292 2254
293 2511
293 2603
293 2254
294 2328
294 2529
294 2511
295 2529
295 2603
295 2236
296 2253
296 2429
296 2364
297 2429
297 2528
297 2639
298 2704
298 2364
298 2528
299 2253
299 2704
299 2639
300 2473
300 2318
300 2290
301 2473
301 2593
301 2565
302 2318
302 2748
302 2565
303 2593
303 2290
303 2748
304 2252
304 2257
304 2370
305 2527
305 2645
305 2257
306 2252
306 2532
306 2645
307 2370
307 2532
307 2527
308 2287
308 2220
308 2385
309 2562
309 2660
309 2220
310 2660
310 2495
310 2287
311 2562
311 2495
311 2385
312 2435
312 2283
312 2363
313 2435
313 2558
313 2638
314 2283
314 2710
314 2638
315 2558
315 2363
315 2710
316 2427
316 2304
316 2265
317 2265
317 2702
317 2579
318 2540
318 2702
318 2304
319 2579
319 2427
319 2540
320 2273
320 2469
320 2314
321 2548
321 2469
321 2589
322 2744
322 2273
322 2589
323 2314
323 2744
323 2548
324 2223
324 2445
324 2210
325 2720
325 2485
325 2223
326 2720
326 2210
326 2498
327 2445
327 2498
327 2485
328 2251
328 2304
328 2335
329 2610
329 2526
329 2304
330 2526
330 2579
330 2335
331 2251
331 2610
331 2579
332 2279
332 2291
332 2356
333 2554
333 2356
333 2566
334 2279
334 2631
334 2566
335 2554
335 2631
335 2291
336 2287
336 2328
336 2228
337 2503
337 2328
337 2562
338 2228
338 2603
338 2562
339 2503
339 2287
339 2603
340 2358
340 2407
340 2326
341 2601
341 2407
341 2633
342 2601
342 2358
342 2682
343 2682
343 2633
343 2326
344 2278
344 2434
344 2214
345 2278
345 2709
345 2489
346 2434
346 2553
346 2489
347 2553
347 2709
347 2214
348 2361
348 2388
348 2219
349 2219
349 2636
349 2663
350 2361
350 2663
350 2494
351 2388
351 2494
351 2636
352 2457
352 2200
352 2383
353 2658
353 2200
353 2732
354 2475
354 2383
354 2732
355 2475
355 2658
355 2457
356 2357
356 2282
356 2338
357 2357
357 2557
357 2613
358 2282
358 2632
358 2613
359 2338
359 2632
359 2557
360 2243
360 2211
360 2293
361 2518
361 2568
361 2211
362 2518
362 2486
362 2293
363 2568
363 2243
363 2486
364 2324
364 2213
364 2277
365 2488
365 2552
365 2324
366 2552
366 2213
366 2599
367 2599
367 2277
367 2488
368 2260
368 2372
368 2309
369 2647
369 2584
369 2260
370 2309
370 2535
370 2647
371 2372
371 2535
371 2584
372 2465
372 2345
372 2215
373 2345
373 2490
373 2740
374 2465
374 2620
374 2490
375 2215
375 2620
375 2740
376 2302
376 2381
376 2324
377 2381
377 2577
377 2599
378 2599
378 2302
378 2656
379 2656
379 2577
379 2324
380 2265
380 2425
380 2447
381 2700
381 2447
381 2540
382 2722
382 2425
382 2540
383 2700
383 2722
383 2265
384 2334
384 2385
384 2466
385 2660
385 2609
385 2466
386 2741
386 2609
386 2385
387 2741
387 2660
387 2334
388 2343
388 2211
388 2309
389 2584
389 2343
389 2486
390 2618
390 2211
390 2584
391 2618
391 2309
391 2486
392 2239
392 2307
392 2428
393 2514
393 2307
393 2703
394 2428
394 2582
394 2514
395 2582
395 2703
395 2239
396 2335
396 2434
396 2443
397 2718
397 2335
397 2709
398 2709
398 2610
398 2443
399 2610
399 2434
399 2718
400 2324
400 2412
400 2384
401 2599
401 2659
401 2412
402 2384
402 2687
402 2599
403 2324
403 2659
403 2687
404 2411
404 2366
404 2254
405 2366
405 2529
405 2686
406 2529
406 2641
406 2411
407 2686
407 2254
407 2641
408 2456
408 2203
408 2307
409 2582
409 2203
409 2731
410 2582
410 2478
410 2456
411 2731
411 2478
411 2307
412 2394
412 2362
412 2372
413 2362
413 2647
413 2669
414 2637
414 2647
414 2394
415 2372
415 2637
415 2669
416 2375
416 2304
416 2406
417 2650
417 2304
417 2681
418 2579
418 2681
418 2375
419 2406
419 2650
419 2579
420 2218
420 2442
420 2343
421 2717
421 2618
421 2218
422 2618
422 2493
422 2442
423 2493
423 2343
423 2717
424 2396
424 2378
424 2246
425 2396
425 2653
425 2521
426 2653
426 2671
426 2246
427 2378
427 2671
427 2521
428 2248
428 2208
428 2321
429 2483
429 2248
429 2596
430 2523
430 2483
430 2321
431 2596
431 2523
431 2208
432 2264
432 2344
432 2281
433 2556
433 2264
433 2619
434 2556
434 2344
434 2539
435 2619
435 2281
435 2539
436 2285
436 2341
436 2465
437 2560
437 2465
437 2616
438 2560
438 2740
438 2341
439 2740
439 2616
439 2285
440 2445
440 2214
440 2447
441 2214
441 2722
441 2720
442 2722
442 2445
442 2489
443 2489
443 2447
443 2720
444 2415
444 2279
444 2384
445 2384
445 2690
445 2554
446 2554
446 2415
446 2659
447 2279
447 2659
447 2690
448 2340
448 2211
448 2321
449 2596
449 2486
449 2340
450 2321
450 2615
450 2486
451 2596
451 2615
451 2211
452 2304
452 2260
452 2214
453 2535
453 2304
453 2489
454 2214
454 2535
454 2579
455 2489
455 2579
455 2260
456 2427
456 2306
456 2237
457 2512
457 2427
457 2581
458 2237
458 2702
458 2581
459 2306
459 2512
459 2702
460 2253
460 2463
460 2371
461 2528
461 2371
461 2738
462 2646
462 2463
462 2528
463 2646
463 2738
463 2253
464 2430
464 2237
464 2203
465 2705
465 2237
465 2478
466 2512
466 2478
466 2430
467 2705
467 2512
467 2203
468 2267
468 2403
468 2465
469 2465
469 2542
469 2678
470 2542
470 2403
470 2740
471 2267
471 2740
471 2678
472 2336
472 2237
472 2455
473 2611
473 2512
473 2455
474 2237
474 2730
474 2611
475 2512
475 2336
475 2730
476 2410
476 2279
476 2312
477 2312
477 2554
477 2685
478 2685
478 2587
478 2279
479 2587
479 2554
479 2410
480 2400
480 2312
480 2302
481 2400
481 2587
481 2577
482 2312
482 2675
482 2577
483 2675
483 2587
483 2302
484 2271
484 2219
484 2301
485 2576
485 2219
485 2546
486 2494
486 2301
486 2546
487 2494
487 2271
487 2576
488 2354
488 2253
488 2404
489 2629
489 2528
489 2404
490 2253
490 2679
490 2629
491 2679
491 2528
491 2354
492 2381
492 2253
492 2320
493 2595
493 2528
493 2381
494 2253
494 2656
494 2595
495 2528
495 2656
495 2320
496 2394
496 2254
496 2243
497 2669
497 2518
497 2254
498 2518
498 2394
498 2529
499 2243
499 2529
499 2669
500 2360
500 2422
500 2274
501 2274
501 2635
501 2697
502 2360
502 2549
502 2697
503 2422
503 2635
503 2549
504 2371
504 2467
504 2424
505 2699
505 2467
505 2646
506 2742
506 2646
506 2424
507 2371
507 2742
507 2699
508 2426
508 2262
508 2430
509 2537
509 2705
509 2426
510 2701
510 2262
510 2705
511 2430
511 2701
511 2537
512 2233
512 2381
512 2285
513 2508
513 2656
513 2285
514 2560
514 2233
514 2656
515 2508
515 2381
515 2560
516 2213
516 2218
516 2265
517 2540
517 2488
517 2218
518 2265
518 2493
518 2488
519 2493
519 2213
519 2540
520 2353
520 2454
520 2469
521 2729
521 2744
521 2353
522 2744
522 2454
522 2628
523 2469
523 2628
523 2729
524 2223
524 2256
524 2247
525 2531
525 2247
525 2498
526 2223
526 2531
526 2522
527 2256
527 2498
527 2522
528 2297
528 2230
528 2407
529 2505
529 2407
529 2572
530 2230
530 2572
530 2682
531 2297
531 2682
531 2505
532 2386
532 2365
532 2472
533 2472
533 2640
533 2661
534 2640
534 2747
534 2386
535 2661
535 2365
535 2747
536 2376
536 2243
536 2271
537 2376
537 2546
537 2518
538 2243
538 2651
538 2546
539 2518
539 2651
539 2271
540 2310
540 2214
540 2203
541 2214
541 2478
541 2585
542 2489
542 2310
542 2478
543 2585
543 2489
543 2203
544 2389
544 2405
544 2413
545 2688
545 2680
545 2389
546 2405
546 2664
546 2688
547 2664
547 2680
547 2413
548 2214
548 2385
548 2312
549 2587
549 2660
549 2214
550 2489
550 2660
550 2312
551 2489
551 2385
551 2587
552 2378
552 2450
552 2331
553 2606
553 2653
553 2450
554 2606
554 2378
554 2725
555 2725
555 2331
555 2653
556 2423
556 2245
556 2389
557 2245
557 2698
557 2664
558 2389
558 2520
558 2698
559 2664
559 2423
559 2520
560 2258
560 2386
560 2463
561 2533
561 2386
561 2738
562 2258
562 2661
562 2738
563 2661
563 2463
563 2533
564 2286
564 2209
564 2411
565 2686
565 2561
565 2209
566 2561
566 2411
566 2484
567 2484
567 2686
567 2286
568 2221
568 2268
568 2440
569 2543
569 2715
569 2221
570 2496
570 2268
570 2715
571 2543
571 2496
571 2440
572 2336
572 2330
572 2473
573 2748
573 2611
573 2330
574 2336
574 2605
574 2748
575 2611
575 2605
575 2473
576 2414
576 2226
576 2315
577 2689
577 2226
577 2590
578 2501
578 2689
578 2315
579 2501
579 2414
579 2590
580 2292
580 2249
580 2390
581 2567
581 2665
581 2249
582 2567
582 2524
582 2390
583 2665
583 2524
583 2292
584 2388
584 2367
584 2354
585 2663
585 2642
585 2354
586 2663
586 2367
586 2629
587 2629
587 2642
587 2388
588 2394
588 2373
588 2415
589 2648
589 2415
589 2669
590 2373
590 2690
590 2669
591 2648
591 2394
591 2690
592 2424
592 2241
592 2239
593 2241
593 2699
593 2514
594 2699
594 2239
594 2516
595 2424
595 2516
595 2514
596 2449
596 2379
596 2445
597 2724
597 2720
597 2379
598 2654
598 2720
598 2449
599 2654
599 2445
599 2724
600 2219
600 2352
600 2382
601 2627
601 2657
601 2219
602 2657
602 2352
602 2494
603 2494
603 2627
603 2382
604 2280
604 2456
604 2431
605 2280
605 2731
605 2706
606 2431
606 2731
606 2555
607 2706
607 2555
607 2456
608 2353
608 2464
608 2286
609 2628
609 2561
609 2464
610 2739
610 2628
610 2286
611 2739
611 2561
611 2353
612 2340
612 2333
612 2415
613 2608
613 2415
613 2615
614 2690
614 2333
614 2615
615 2340
615 2690
615 2608
616 2368
616 2273
616 2410
617 2273
617 2643
617 2685
618 2548
618 2368
618 2685
619 2548
619 2410
619 2643
620 2225
620 2454
620 2392
621 2729
621 2667
621 2225
622 2667
622 2500
622 2454
623 2392
623 2729
623 2500
624 2402
624 2256
624 2273
625 2677
625 2531
625 2273
626 2677
626 2256
626 2548
627 2402
627 2531
627 2548
628 2361
628 2397
628 2299
629 2574
629 2672
629 2361
630 2636
630 2397
630 2574
631 2299
631 2672
631 2636
632 2414
632 2398
632 2319
633 2689
633 2673
633 2319
634 2398
634 2689
634 2594
635 2414
635 2673
635 2594
636 2378
636 2295
636 2290
637 2290
637 2653
637 2570
638 2295
638 2565
638 2653
639 2570
639 2565
639 2378
640 2363
640 2338
640 2313
641 2638
641 2613
641 2313
642 2638
642 2338
642 2588
643 2363
643 2613
643 2588
644 2244
644 2256
644 2294
645 2519
645 2531
645 2294
646 2256
646 2519
646 2569
647 2531
647 2569
647 2244
648 2248
648 2255
648 2320
649 2595
649 2248
649 2530
650 2595
650 2255
650 2523
651 2320
651 2530
651 2523
652 2448
652 2210
652 2457
653 2723
653 2210
653 2732
654 2732
654 2448
654 2485
655 2723
655 2485
655 2457
656 2444
656 2280
656 2321
657 2719
657 2596
657 2280
658 2719
658 2321
658 2555
659 2444
659 2596
659 2555
660 2294
660 2383
660 2333
661 2294
661 2658
661 2608
662 2333
662 2658
662 2569
663 2569
663 2383
663 2608
664 2201
664 2379
664 2382
665 2476
665 2379
665 2657
666 2201
666 2657
666 2654
667 2382
667 2476
667 2654
668 2270
668 2432
668 2299
669 2707
669 2545
669 2299
670 2574
670 2270
670 2707
671 2432
671 2545
671 2574
672 2255
672 2220
672 2406
673 2220
673 2681
673 2530
674 2255
674 2681
674 2495
675 2406
675 2530
675 2495
676 2320
676 2356
676 2464
677 2595
677 2631
677 2464
678 2739
678 2320
678 2631
679 2356
679 2595
679 2739
680 2439
680 2273
680 2451
681 2273
681 2726
681 2714
682 2439
682 2548
682 2726
683 2714
683 2451
683 2548
684 2457
684 2429
684 2218
685 2704
685 2457
685 2493
686 2704
686 2732
686 2218
687 2429
687 2732
687 2493
688 2200
688 2462
688 2361
689 2475
689 2361
689 2737
690 2636
690 2475
690 2462
691 2636
691 2737
691 2200
692 2286
692 2385
692 2395
693 2561
693 2385
693 2670
694 2395
694 2561
694 2660
695 2670
695 2660
695 2286
696 2293
696 2298
696 2354
697 2629
697 2568
697 2298
698 2293
698 2573
698 2629
699 2568
699 2573
699 2354
700 2306
700 2264
700 2339
701 2264
701 2614
701 2581
702 2539
702 2614
702 2306
703 2581
703 2339
703 2539
704 2257
704 2410
704 2295
705 2532
705 2410
705 2570
706 2570
706 2257
706 2685
707 2295
707 2532
707 2685
708 2355
708 2286
708 2401
709 2630
709 2561
709 2401
710 2630
710 2676
710 2286
711 2676
711 2355
711 2561
712 2208
712 2426
712 2459
713 2734
713 2208
713 2701
714 2701
714 2459
714 2483
715 2483
715 2734
715 2426
716 2261
716 2432
716 2280
717 2555
717 2261
717 2707
718 2536
718 2432
718 2555
719 2280
719 2707
719 2536
720 2337
720 2289
720 2409
721 2684
721 2612
721 2289
722 2684
722 2337
722 2564
723 2409
723 2564
723 2612
724 2210
724 2271
724 2410
725 2485
725 2685
725 2271
726 2685
726 2546
726 2210
727 2410
727 2485
727 2546
728 2460
728 2242
728 2220
729 2495
729 2735
729 2242
730 2735
730 2517
730 2220
731 2460
731 2495
731 2517
732 2317
732 2296
732 2399
733 2674
733 2592
733 2296
734 2674
734 2571
734 2317
735 2399
735 2571
735 2592
736 2426
736 2342
736 2233
737 2701
737 2233
737 2617
738 2701
738 2342
738 2508
739 2617
739 2508
739 2426
740 2342
740 2357
740 2400
741 2675
741 2617
741 2357
742 2632
742 2675
742 2342
743 2400
743 2617
743 2632
744 2380
744 2358
744 2451
745 2451
745 2655
745 2633
746 2655
746 2358
746 2726
747 2726
747 2380
747 2633
748 2347
748 2269
748 2473
749 2622
749 2269
749 2748
750 2544
750 2748
750 2347
751 2622
751 2473
751 2544
752 2450
752 2367
752 2400
753 2725
753 2642
753 2400
754 2725
754 2675
754 2367
755 2450
755 2642
755 2675
756 2238
756 2245
756 2418
757 2520
757 2418
757 2513
758 2520
758 2693
758 2238
759 2245
759 2513
759 2693
760 2296
760 2341
760 2381
761 2616
761 2656
761 2296
762 2616
762 2381
762 2571
763 2341
763 2656
763 2571
764 2461
764 2372
764 2463
765 2738
765 2736
765 2372
766 2738
766 2461
766 2647
767 2647
767 2463
767 2736
768 2278
768 2420
768 2363
769 2553
769 2695
769 2363
770 2638
770 2278
770 2695
771 2420
771 2553
771 2638
772 2222
772 2350
772 2346
773 2621
773 2625
773 2222
774 2625
774 2497
774 2346
775 2350
775 2497
775 2621
776 2339
776 2277
776 2397
777 2672
777 2614
777 2277
778 2672
778 2552
778 2339
779 2397
779 2552
779 2614
780 2343
780 2365
780 2243
781 2243
781 2640
781 2618
782 2365
782 2618
782 2518
783 2518
783 2640
783 2343
784 2397
784 2321
784 2314
785 2596
785 2672
785 2314
786 2589
786 2321
786 2672
787 2589
787 2596
787 2397
788 2324
788 2317
788 2289
789 2599
789 2592
789 2289
790 2564
790 2317
790 2599
791 2592
791 2564
791 2324
792 2254
792 2456
792 2215
793 2731
793 2529
793 2215
794 2731
794 2490
794 2254
795 2456
795 2490
795 2529
796 2310
796 2219
796 2312
797 2587
797 2585
797 2219
798 2310
798 2587
798 2494
799 2585
799 2312
799 2494
800 2330
800 2248
800 2294
801 2569
801 2248
801 2605
802 2605
802 2294
802 2523
803 2330
803 2523
803 2569
804 2212
804 2362
804 2389
805 2664
805 2212
805 2637
806 2664
806 2362
806 2487
807 2389
807 2637
807 2487
808 2295
808 2248
808 2261
809 2570
809 2523
809 2261
810 2248
810 2536
810 2570
811 2295
811 2536
811 2523
812 2374
812 2279
812 2244
813 2374
813 2554
813 2519
814 2279
814 2519
814 2649
815 2244
815 2554
815 2649
816 2312
816 2471
816 2209
817 2746
817 2209
817 2587
818 2746
818 2484
818 2312
819 2471
819 2587
819 2484
820 2232
820 2281
820 2318
821 2507
821 2281
821 2593
822 2593
822 2232
822 2556
823 2318
823 2556
823 2507
824 2438
824 2469
824 2452
825 2727
825 2713
825 2469
826 2713
826 2452
826 2744
827 2727
827 2744
827 2438
828 2331
828 2335
828 2462
829 2606
829 2737
829 2335
830 2737
830 2331
830 2610
831 2610
831 2606
831 2462
832 2241
832 2215
832 2428
833 2703
833 2215
833 2516
834 2703
834 2241
834 2490
835 2428
835 2516
835 2490
836 2329
836 2268
836 2399
837 2543
837 2399
837 2604
838 2604
838 2268
838 2674
839 2674
839 2329
839 2543
840 2282
840 2268
840 2345
841 2557
841 2345
841 2543
842 2543
842 2282
842 2620
843 2620
843 2268
843 2557
844 2237
844 2362
844 2401
845 2512
845 2637
845 2401
846 2512
846 2362
846 2676
847 2676
847 2637
847 2237
848 2206
848 2425
848 2220
849 2481
849 2425
849 2495
850 2481
850 2220
850 2700
851 2206
851 2700
851 2495
852 2399
852 2268
852 2343
853 2618
853 2674
853 2268
854 2674
854 2343
854 2543
855 2399
855 2543
855 2618
856 2376
856 2251
856 2249
857 2524
857 2526
857 2376
858 2651
858 2251
858 2524
859 2526
859 2651
859 2249
860 2224
860 2472
860 2436
861 2711
861 2499
861 2472
862 2711
862 2224
862 2747
863 2747
863 2436
863 2499
864 2371
864 2327
864 2351
865 2646
865 2626
865 2327
866 2626
866 2371
866 2602
867 2646
867 2602
867 2351
868 2316
868 2252
868 2244
869 2527
869 2591
869 2244
870 2519
870 2591
870 2252
871 2527
871 2316
871 2519
872 2463
872 2427
872 2406
873 2681
873 2427
873 2738
874 2738
874 2406
874 2702
875 2681
875 2463
875 2702
876 2439
876 2363
876 2375
877 2714
877 2650
877 2363
878 2650
878 2638
878 2439
879 2375
879 2638
879 2714
880 2383
880 2463
880 2331
881 2738
881 2331
881 2658
882 2606
882 2383
882 2738
883 2606
883 2658
883 2463
884 2236
884 2432
884 2462
885 2511
885 2737
885 2432
886 2737
886 2236
886 2707
887 2511
887 2707
887 2462
888 2239
888 2399
888 2397
889 2399
889 2514
889 2672
890 2239
890 2674
890 2672
891 2397
891 2514
891 2674
892 2365
892 2395
892 2284
893 2670
893 2640
893 2284
894 2670
894 2365
894 2559
895 2395
895 2640
895 2559
896 2348
896 2232
896 2259
897 2623
897 2232
897 2534
898 2348
898 2507
898 2534
899 2259
899 2623
899 2507
900 2305
900 2247
900 2461
901 2522
901 2736
901 2305
902 2461
902 2522
902 2580
903 2247
903 2580
903 2736
904 2364
904 2222
904 2284
905 2497
905 2639
905 2284
906 2364
906 2559
906 2497
907 2559
907 2222
907 2639
908 2448
908 2419
908 2279
909 2723
909 2279
909 2694
910 2554
910 2723
910 2419
911 2448
911 2694
911 2554
912 2456
912 2261
912 2269
913 2261
913 2731
913 2544
914 2269
914 2536
914 2731
915 2456
915 2536
915 2544
916 2425
916 2396
916 2369
917 2671
917 2369
917 2700
918 2396
918 2644
918 2700
919 2425
919 2644
919 2671
920 2448
920 2235
920 2228
921 2510
921 2723
921 2228
922 2503
922 2235
922 2723
923 2448
923 2503
923 2510
924 2464
924 2346
924 2298
925 2739
925 2573
925 2346
926 2298
926 2621
926 2739
927 2464
927 2621
927 2573
928 2293
928 2209
928 2273
929 2568
929 2548
929 2209
930 2484
930 2548
930 2293
931 2568
931 2273
931 2484
932 2468
932 2285
932 2256
933 2531
933 2743
933 2285
934 2560
934 2531
934 2468
935 2743
935 2560
935 2256
936 2320
936 2302
936 2322
937 2322
937 2595
937 2577
938 2595
938 2302
938 2597
939 2577
939 2320
939 2597
940 2278
940 2314
940 2288
941 2563
941 2553
941 2314
942 2288
942 2589
942 2553
943 2278
943 2563
943 2589
944 2399
944 2453
944 2356
945 2728
945 2674
945 2356
946 2453
946 2631
946 2674
947 2728
947 2631
947 2399
948 2383
948 2248
948 2363
949 2638
949 2248
949 2658
950 2383
950 2638
950 2523
951 2658
951 2363
951 2523
952 2295
952 2473
952 2293
953 2473
953 2568
953 2570
954 2748
954 2295
954 2568
955 2748
955 2570
955 2293
956 2264
956 2205
956 2378
957 2539
957 2378
957 2480
958 2205
958 2653
958 2539
959 2264
959 2480
959 2653
960 2278
960 2385
960 2387
961 2662
961 2553
961 2385
962 2662
962 2278
962 2660
963 2387
963 2553
963 2660
964 2390
964 2454
964 2298
965 2573
965 2665
965 2454
966 2665
966 2298
966 2729
967 2390
967 2729
967 2573
968 2275
968 2367
968 2444
969 2550
969 2719
969 2367
970 2550
970 2444
970 2642
971 2719
971 2275
971 2642
972 2380
972 2382
972 2409
973 2684
973 2382
973 2655
974 2684
974 2657
974 2380
975 2409
975 2655
975 2657
976 2437
976 2314
976 2407
977 2589
977 2407
977 2712
978 2712
978 2314
978 2682
979 2682
979 2437
979 2589
980 2455
980 2321
980 2340
981 2730
981 2340
981 2596
982 2615
982 2321
982 2730
983 2596
983 2455
983 2615
984 2316
984 2220
984 2283
985 2591
985 2495
985 2283
986 2220
986 2591
986 2558
987 2316
987 2495
987 2558
988 2436
988 2210
988 2365
989 2485
989 2640
989 2436
990 2365
990 2711
990 2485
991 2210
991 2640
991 2711
992 2328
992 2232
992 2397
993 2603
993 2507
993 2397
994 2232
994 2603
994 2672
995 2507
995 2328
995 2672
996 2449
996 2210
996 2310
997 2485
997 2724
997 2310
998 2724
998 2210
998 2585
999 2585
999 2449
999 2485
1000 2454
1000 2447
1000 2263
1001 2729
1001 2538
1001 2447
1002 2722
1002 2729
1002 2263
1003 2454
1003 2538
1003 2722
1004 2429
1004 2291
1004 2448
1005 2566
1005 2704
1005 2448
1006 2704
1006 2291
1006 2723
1007 2429
1007 2566
1007 2723
1008 2306
1008 2357
1008 2388
1009 2632
1009 2581
1009 2388
1010 2581
1010 2357
1010 2663
1011 2306
1011 2663
1011 2632
1012 2242
1012 2394
1012 2222
1013 2517
1013 2394
1013 2497
1014 2242
1014 2497
1014 2669
1015 2517
1015 2669
1015 2222
1016 2292
1016 2242
1016 2201
1017 2242
1017 2567
1017 2476
1018 2567
1018 2201
1018 2517
1019 2292
1019 2476
1019 2517
1020 2457
1020 2299
1020 2245
1021 2245
1021 2732
1021 2574
1022 2574
1022 2520
1022 2457
1023 2732
1023 2520
1023 2299
1024 2332
1024 2301
1024 2420
1025 2607
1025 2301
1025 2695
1026 2607
1026 2420
1026 2576
1027 2332
1027 2576
1027 2695
1028 2431
1028 2231
1028 2342
1029 2342
1029 2506
1029 2706
1030 2706
1030 2617
1030 2231
1031 2617
1031 2431
1031 2506
1032 2294
1032 2370
1032 2319
1033 2294
1033 2594
1033 2645
1034 2594
1034 2569
1034 2370
1035 2645
1035 2319
1035 2569
1036 2326
1036 2435
1036 2393
1037 2710
1037 2601
1037 2393
1038 2435
1038 2601
1038 2668
1039 2668
1039 2710
1039 2326
1040 2329
1040 2277
1040 2419
1041 2604
1041 2552
1041 2419
1042 2277
1042 2604
1042 2694
1043 2329
1043 2552
1043 2694
1044 2219
1044 2265
1044 2386
1045 2661
1045 2540
1045 2219
1046 2661
1046 2265
1046 2494
1047 2386
1047 2540
1047 2494
1048 2310
1048 2422
1048 2203
1049 2478
1049 2422
1049 2585
1050 2478
1050 2310
1050 2697
1051 2697
1051 2203
1051 2585
1052 2210
1052 2307
1052 2400
1053 2675
1053 2485
1053 2307
1054 2675
1054 2210
1054 2582
1055 2400
1055 2485
1055 2582
1056 2359
1056 2303
1056 2205
1057 2205
1057 2634
1057 2578
1058 2480
1058 2578
1058 2359
1059 2634
1059 2303
1059 2480
1060 2443
1060 2316
1060 2327
1061 2602
1061 2718
1061 2316
1062 2602
1062 2591
1062 2443
1063 2327
1063 2718
1063 2591
1064 2397
1064 2316
1064 2208
1065 2591
1065 2672
1065 2208
1066 2316
1066 2672
1066 2483
1067 2591
1067 2397
1067 2483
1068 2374
1068 2397
1068 2321
1069 2649
1069 2672
1069 2321
1070 2649
1070 2596
1070 2397
1071 2672
1071 2596
1071 2374
1072 2394
1072 2284
1072 2349
1073 2669
1073 2349
1073 2559
1074 2669
1074 2284
1074 2624
1075 2394
1075 2624
1075 2559
1076 2209
1076 2313
1076 2413
1077 2484
1077 2588
1077 2413
1078 2588
1078 2688
1078 2209
1079 2313
1079 2688
1079 2484
1080 2385
1080 2457
1080 2305
1081 2660
1081 2732
1081 2305
1082 2660
1082 2457
1082 2580
1083 2580
1083 2732
1083 2385
1084 2382
1084 2277
1084 2328
1085 2603
1085 2382
1085 2552
1086 2552
1086 2328
1086 2657
1087 2657
1087 2277
1087 2603
1088 2468
1088 2382
1088 2308
1089 2657
1089 2308
1089 2743
1090 2657
1090 2583
1090 2468
1091 2382
1091 2743
1091 2583
1092 2436
1092 2394
1092 2264
1093 2711
1093 2539
1093 2394
1094 2436
1094 2539
1094 2669
1095 2264
1095 2669
1095 2711
1096 2294
1096 2366
1096 2256
1097 2641
1097 2531
1097 2294
1098 2256
1098 2641
1098 2569
1099 2366
1099 2569
1099 2531
1100 2363
1100 2417
1100 2402
1101 2417
1101 2638
1101 2677
1102 2638
1102 2692
1102 2402
1103 2677
1103 2363
1103 2692
1104 2338
1104 2439
1104 2305
1105 2580
1105 2439
1105 2613
1106 2613
1106 2305
1106 2714
1107 2338
1107 2714
1107 2580
1108 2439
1108 2443
1108 2447
1109 2447
1109 2718
1109 2714
1110 2439
1110 2718
1110 2722
1111 2722
1111 2714
1111 2443
1112 2285
1112 2454
1112 2421
1113 2560
1113 2454
1113 2696
1114 2421
1114 2729
1114 2560
1115 2696
1115 2729
1115 2285
1116 2290
1116 2210
1116 2366
1117 2641
1117 2210
1117 2565
1118 2641
1118 2290
1118 2485
1119 2366
1119 2565
1119 2485
1120 2376
1120 2368
1120 2328
1121 2368
1121 2603
1121 2651
1122 2603
1122 2376
1122 2643
1123 2651
1123 2328
1123 2643
1124 2254
1124 2322
1124 2453
1125 2529
1125 2453
1125 2597
1126 2254
1126 2728
1126 2597
1127 2529
1127 2728
1127 2322
1128 2270
1128 2295
1128 2297
1129 2545
1129 2570
1129 2297
1130 2295
1130 2572
1130 2545
1131 2570
1131 2572
1131 2270
1132 2261
1132 2420
1132 2330
1133 2605
1133 2420
1133 2536
1134 2261
1134 2695
1134 2605
1135 2330
1135 2695
1135 2536
1136 2255
1136 2317
1136 2201
1137 2476
1137 2530
1137 2317
1138 2476
1138 2255
1138 2592
1139 2592
1139 2201
1139 2530
1140 2268
1140 2302
1140 2470
1141 2577
1141 2470
1141 2543
1142 2543
1142 2302
1142 2745
1143 2577
1143 2745
1143 2268
1144 2221
1144 2443
1144 2474
1145 2749
1145 2496
1145 2443
1146 2749
1146 2718
1146 2221
1147 2474
1147 2496
1147 2718
1148 2420
1148 2461
1148 2459
1149 2695
1149 2736
1149 2459
1150 2736
1150 2734
1150 2420
1151 2695
1151 2461
1151 2734
1152 2341
1152 2316
1152 2402
1153 2677
1153 2341
1153 2591
1154 2677
1154 2616
1154 2316
1155 2616
1155 2591
1155 2402
1156 2373
1156 2313
1156 2346
1157 2373
1157 2621
1157 2588
1158 2313
1158 2648
1158 2621
1159 2648
1159 2588
1159 2346
1160 2353
1160 2288
1160 2474
1161 2563
1161 2628
1161 2474
1162 2563
1162 2353
1162 2749
1163 2628
1163 2288
1163 2749
1164 2440
1164 2399
1164 2302
1165 2302
1165 2674
1165 2715
1166 2674
1166 2440
1166 2577
1167 2399
1167 2715
1167 2577
1168 2399
1168 2411
1168 2397
1169 2674
1169 2411
1169 2672
1170 2686
1170 2397
1170 2674
1171 2672
1171 2399
1171 2686
1172 2218
1172 2380
1172 2470
1173 2493
1173 2655
1173 2470
1174 2380
1174 2745
1174 2493
1175 2218
1175 2655
1175 2745
1176 2242
1176 2314
1176 2350
1177 2517
1177 2350
1177 2589
1178 2625
1178 2517
1178 2314
1179 2242
1179 2589
1179 2625
1180 2226
1180 2407
1180 2275
1181 2550
1181 2407
1181 2501
1182 2226
1182 2550
1182 2682
1183 2501
1183 2682
1183 2275
1184 2390
1184 2360
1184 2207
1185 2482
1185 2390
1185 2635
1186 2665
1186 2482
1186 2360
1187 2665
1187 2635
1187 2207
1188 2328
1188 2412
1188 2345
1189 2603
1189 2345
1189 2687
1190 2603
1190 2620
1190 2412
1191 2620
1191 2687
1191 2328
1192 2283
1192 2239
1192 2391
1193 2283
1193 2666
1193 2514
1194 2239
1194 2666
1194 2558
1195 2514
1195 2391
1195 2558
1196 2461
1196 2329
1196 2442
1197 2736
1197 2604
1197 2442
1198 2736
1198 2717
1198 2329
1199 2461
1199 2717
1199 2604
1200 2319
1200 2249
1200 2344
1201 2524
1201 2344
1201 2594
1202 2619
1202 2594
1202 2249
1203 2619
1203 2319
1203 2524
1204 2209
1204 2381
1204 2340
1205 2615
1205 2381
1205 2484
1206 2484
1206 2340
1206 2656
1207 2656
1207 2209
1207 2615
1208 2352
1208 2213
1208 2220
1209 2488
1209 2627
1209 2220
1210 2213
1210 2627
1210 2495
1211 2352
1211 2488
1211 2495
1212 2351
1212 2419
1212 2397
1213 2626
1213 2672
1213 2419
1214 2626
1214 2397
1214 2694
1215 2694
1215 2672
1215 2351
1216 2428
1216 2277
1216 2252
1217 2527
1217 2428
1217 2552
1218 2277
1218 2703
1218 2527
1219 2552
1219 2252
1219 2703
1220 2299
1220 2202
1220 2209
1221 2477
1221 2574
1221 2209
1222 2477
1222 2484
1222 2299
1223 2202
1223 2574
1223 2484
1224 2315
1224 2411
1224 2418
1225 2590
1225 2693
1225 2411
1226 2693
1226 2315
1226 2686
1227 2686
1227 2590
1227 2418
1228 2353
1228 2325
1228 2317
1229 2325
1229 2628
1229 2592
1230 2317
1230 2600
1230 2628
1231 2353
1231 2592
1231 2600
1232 2305
1232 2380
1232 2376
1233 2580
1233 2651
1233 2380
1234 2580
1234 2655
1234 2376
1235 2651
1235 2305
1235 2655
1236 2325
1236 2361
1236 2212
1237 2600
1237 2636
1237 2212
1238 2600
1238 2361
1238 2487
1239 2487
1239 2325
1239 2636
1240 2289
1240 2325
1240 2377
1241 2564
1241 2377
1241 2600
1242 2600
1242 2652
1242 2289
1243 2325
1243 2564
1243 2652
1244 2224
1244 2423
1244 2316
1245 2423
1245 2499
1245 2591
1246 2224
1246 2698
1246 2591
1247 2499
1247 2698
1247 2316
1248 2431
1248 2432
1248 2224
1249 2224
1249 2706
1249 2707
1250 2707
1250 2431
1250 2499
1251 2499
1251 2706
1251 2432
1252 2293
1252 2474
1252 2381
1253 2568
1253 2656
1253 2474
1254 2749
1254 2381
1254 2568
1255 2656
1255 2293
1255 2749
1256 2372
1256 2228
1256 2367
1257 2372
1257 2503
1257 2642
1258 2642
1258 2647
1258 2228
1259 2503
1259 2647
1259 2367
1260 2470
1260 2274
1260 2309
1261 2745
1261 2549
1261 2309
1262 2584
1262 2549
1262 2470
1263 2274
1263 2584
1263 2745
1264 2435
1264 2409
1264 2367
1265 2435
1265 2684
1265 2642
1266 2710
1266 2409
1266 2642
1267 2710
1267 2684
1267 2367
1268 2316
1268 2381
1268 2357
1269 2591
1269 2381
1269 2632
1270 2591
1270 2656
1270 2357
1271 2656
1271 2632
1271 2316
1272 2331
1272 2416
1272 2314
1273 2606
1273 2416
1273 2589
1274 2691
1274 2331
1274 2589
1275 2606
1275 2691
1275 2314
1276 2379
1276 2337
1276 2203
1277 2478
1277 2654
1277 2337
1278 2654
1278 2612
1278 2203
1279 2478
1279 2612
1279 2379
1280 2363
1280 2279
1280 2335
1281 2554
1281 2363
1281 2610
1282 2638
1282 2279
1282 2610
1283 2335
1283 2638
1283 2554
1284 2211
1284 2322
1284 2459
1285 2322
1285 2486
1285 2734
1286 2597
1286 2459
1286 2486
1287 2211
1287 2597
1287 2734
1288 2362
1288 2461
1288 2411
1289 2637
1289 2461
1289 2686
1290 2736
1290 2362
1290 2686
1291 2736
1291 2637
1291 2411
1292 2361
1292 2461
1292 2273
1293 2548
1293 2736
1293 2361
1294 2736
1294 2636
1294 2273
1295 2636
1295 2548
1295 2461
1296 2258
1296 2357
1296 2284
1297 2559
1297 2357
1297 2533
1298 2632
1298 2284
1298 2533
1299 2632
1299 2559
1299 2258
1300 2273
1300 2394
1300 2248
1301 2523
1301 2394
1301 2548
1302 2523
1302 2273
1302 2669
1303 2669
1303 2548
1303 2248
1304 2272
1304 2254
1304 2203
1305 2547
1305 2254
1305 2478
1306 2203
1306 2529
1306 2547
1307 2272
1307 2478
1307 2529
1308 2425
1308 2246
1308 2203
1309 2478
1309 2521
1309 2425
1310 2700
1310 2203
1310 2521
1311 2246
1311 2700
1311 2478
1312 2262
1312 2342
1312 2320
1313 2262
1313 2617
1313 2595
1314 2537
1314 2342
1314 2595
1315 2537
1315 2617
1315 2320
1316 2359
1316 2328
1316 2457
1317 2603
1317 2359
1317 2732
1318 2634
1318 2328
1318 2732
1319 2634
1319 2457
1319 2603
1320 2371
1320 2470
1320 2299
1321 2470
1321 2646
1321 2574
1322 2745
1322 2371
1322 2574
1323 2646
1323 2745
1323 2299
1324 2428
1324 2315
1324 2235
1325 2590
1325 2428
1325 2510
1326 2703
1326 2315
1326 2510
1327 2703
1327 2590
1327 2235
1328 2399
1328 2439
1328 2343
1329 2618
1329 2439
1329 2674
1330 2714
1330 2399
1330 2618
1331 2714
1331 2343
1331 2674
1332 2395
1332 2426
1332 2442
1333 2395
1333 2717
1333 2701
1334 2717
1334 2670
1334 2426
1335 2670
1335 2701
1335 2442
1336 2456
1336 2437
1336 2452
1337 2456
1337 2712
1337 2727
1338 2731
1338 2727
1338 2437
1339 2712
1339 2731
1339 2452
1340 2300
1340 2339
1340 2295
1341 2339
1341 2570
1341 2575
1342 2295
1342 2614
1342 2575
1343 2614
1343 2570
1343 2300
1344 2351
1344 2412
1344 2458
1345 2458
1345 2687
1345 2626
1346 2626
1346 2412
1346 2733
1347 2687
1347 2733
1347 2351
1348 2427
1348 2343
1348 2387
1349 2427
1349 2662
1349 2618
1350 2702
1350 2618
1350 2387
1351 2702
1351 2662
1351 2343
1352 2350
1352 2331
1352 2325
1353 2625
1353 2600
1353 2331
1354 2600
1354 2606
1354 2350
1355 2606
1355 2625
1355 2325
1356 2304
1356 2445
1356 2319
1357 2594
1357 2579
1357 2445
1358 2720
1358 2304
1358 2594
1359 2319
1359 2720
1359 2579
1360 2302
1360 2259
1360 2331
1361 2331
1361 2534
1361 2577
1362 2606
1362 2302
1362 2534
1363 2259
1363 2606
1363 2577
1364 2381
1364 2426
1364 2378
1365 2426
1365 2656
1365 2653
1366 2381
1366 2701
1366 2653
1367 2701
1367 2656
1367 2378
1368 2440
1368 2241
1368 2251
1369 2241
1369 2526
1369 2715
1370 2516
1370 2251
1370 2715
1371 2526
1371 2516
1371 2440
1372 2245
1372 2237
1372 2451
1373 2520
1373 2451
1373 2512
1374 2726
1374 2245
1374 2512
1375 2726
1375 2520
1375 2237
1376 2450
1376 2368
1376 2266
1377 2450
1377 2541
1377 2643
1378 2266
1378 2725
1378 2643
1379 2368
1379 2725
1379 2541
1380 2334
1380 2259
1380 2364
1381 2639
1381 2334
1381 2534
1382 2609
1382 2639
1382 2259
1383 2609
1383 2534
1383 2364
1384 2424
1384 2264
1384 2392
1385 2539
1385 2667
1385 2424
1386 2392
1386 2699
1386 2539
1387 2667
1387 2264
1387 2699
1388 2281
1388 2331
1388 2464
1389 2464
1389 2556
1389 2606
1390 2606
1390 2739
1390 2281
1391 2331
1391 2739
1391 2556
1392 2456
1392 2231
1392 2444
1393 2456
1393 2506
1393 2719
1394 2731
1394 2231
1394 2719
1395 2506
1395 2731
1395 2444
1396 2467
1396 2292
1396 2202
1397 2467
1397 2477
1397 2567
1398 2742
1398 2292
1398 2477
1399 2202
1399 2742
1399 2567
1400 2215
1400 2408
1400 2250
1401 2215
1401 2683
1401 2525
1402 2525
1402 2408
1402 2490
1403 2490
1403 2683
1403 2250
1404 2430
1404 2256
1404 2318
1405 2430
1405 2593
1405 2531
1406 2705
1406 2256
1406 2593
1407 2531
1407 2318
1407 2705
1408 2314
1408 2313
1408 2365
1409 2640
1409 2313
1409 2589
1410 2640
1410 2588
1410 2314
1411 2588
1411 2589
1411 2365
1412 2401
1412 2436
1412 2312
1413 2676
1413 2587
1413 2436
1414 2711
1414 2401
1414 2587
1415 2676
1415 2711
1415 2312
1416 2291
1416 2335
1416 2290
1417 2335
1417 2565
1417 2566
1418 2290
1418 2610
1418 2566
1419 2565
1419 2610
1419 2291
1420 2418
1420 2352
1420 2446
1421 2721
1421 2352
1421 2693
1422 2693
1422 2627
1422 2446
1423 2721
1423 2627
1423 2418
1424 2350
1424 2381
1424 2279
1425 2381
1425 2554
1425 2625
1426 2279
1426 2656
1426 2625
1427 2554
1427 2656
1427 2350
1428 2244
1428 2220
1428 2344
1429 2244
1429 2619
1429 2495
1430 2519
1430 2220
1430 2619
1431 2495
1431 2519
1431 2344
1432 2406
1432 2209
1432 2361
1433 2361
1433 2484
1433 2681
1434 2681
1434 2209
1434 2636
1435 2636
1435 2484
1435 2406
1436 2291
1436 2311
1436 2446
1437 2311
1437 2721
1437 2566
1438 2446
1438 2586
1438 2566
1439 2721
1439 2586
1439 2291
1440 2325
1440 2335
1440 2381
1441 2335
1441 2600
1441 2656
1442 2656
1442 2610
1442 2325
1443 2610
1443 2600
1443 2381
1444 2320
1444 2305
1444 2282
1445 2580
1445 2320
1445 2557
1446 2305
1446 2595
1446 2557
1447 2595
1447 2580
1447 2282
1448 2374
1448 2345
1448 2382
1449 2374
1449 2657
1449 2620
1450 2649
1450 2345
1450 2657
1451 2620
1451 2649
1451 2382
1452 2449
1452 2247
1452 2354
1453 2522
1453 2449
1453 2629
1454 2522
1454 2724
1454 2354
1455 2247
1455 2724
1455 2629
1456 2462
1456 2381
1456 2429
1457 2737
1457 2704
1457 2381
1458 2656
1458 2462
1458 2704
1459 2656
1459 2429
1459 2737
1460 2226
1460 2390
1460 2334
1461 2665
1461 2226
1461 2609
1462 2501
1462 2334
1462 2665
1463 2501
1463 2609
1463 2390
1464 2338
1464 2418
1464 2218
1465 2693
1465 2338
1465 2493
1466 2693
1466 2613
1466 2218
1467 2613
1467 2418
1467 2493
1468 2259
1468 2224
1468 2442
1469 2259
1469 2499
1469 2717
1470 2717
1470 2534
1470 2224
1471 2534
1471 2442
1471 2499
1472 2318
1472 2272
1472 2368
1473 2368
1473 2593
1473 2547
1474 2547
1474 2643
1474 2318
1475 2593
1475 2643
1475 2272
1476 2228
1476 2320
1476 2284
1477 2559
1477 2320
1477 2503
1478 2284
1478 2503
1478 2595
1479 2228
1479 2595
1479 2559
1480 2290
1480 2351
1480 2463
1481 2290
1481 2626
1481 2738
1482 2738
1482 2565
1482 2351
1483 2626
1483 2565
1483 2463
1484 2216
1484 2304
1484 2254
1485 2304
1485 2491
1485 2529
1486 2579
1486 2216
1486 2529
1487 2579
1487 2491
1487 2254
1488 2349
1488 2449
1488 2317
1489 2449
1489 2624
1489 2592
1490 2592
1490 2724
1490 2349
1491 2317
1491 2724
1491 2624
1492 2364
1492 2239
1492 2254
1493 2529
1493 2364
1493 2514
1494 2639
1494 2239
1494 2529
1495 2514
1495 2639
1495 2254
1496 2233
1496 2209
1496 2447
1497 2209
1497 2722
1497 2508
1498 2484
1498 2508
1498 2447
1499 2484
1499 2722
1499 2233
1500 2286
1500 2289
1500 2245
1501 2520
1501 2289
1501 2561
1502 2520
1502 2564
1502 2286
1503 2564
1503 2245
1503 2561
1504 2372
1504 2269
1504 2235
1505 2372
1505 2510
1505 2544
1506 2647
1506 2510
1506 2269
1507 2647
1507 2544
1507 2235
1508 2244
1508 2314
1508 2275
1509 2314
1509 2519
1509 2550
1510 2550
1510 2589
1510 2244
1511 2275
1511 2589
1511 2519
1512 2435
1512 2407
1512 2453
1513 2407
1513 2710
1513 2728
1514 2682
1514 2435
1514 2728
1515 2710
1515 2682
1515 2453
1516 2459
1516 2409
1516 2403
1517 2409
1517 2678
1517 2734
1518 2684
1518 2403
1518 2734
1519 2678
1519 2684
1519 2459
1520 2235
1520 2398
1520 2306
1521 2581
1521 2235
1521 2673
1522 2398
1522 2581
1522 2510
1523 2510
1523 2306
1523 2673
1524 2453
1524 2281
1524 2231
1525 2506
1525 2556
1525 2453
1526 2728
1526 2506
1526 2281
1527 2728
1527 2556
1527 2231
1528 2442
1528 2422
1528 2406
1529 2681
1529 2697
1529 2442
1530 2681
1530 2422
1530 2717
1531 2406
1531 2717
1531 2697
1532 2264
1532 2409
1532 2424
1533 2424
1533 2684
1533 2539
1534 2539
1534 2699
1534 2409
1535 2264
1535 2699
1535 2684
1536 2386
1536 2421
1536 2328
1537 2603
1537 2421
1537 2661
1538 2696
1538 2328
1538 2661
1539 2386
1539 2696
1539 2603
1540 2316
1540 2439
1540 2384
1541 2591
1541 2384
1541 2714
1542 2316
1542 2659
1542 2714
1543 2591
1543 2439
1543 2659
1544 2275
1544 2260
1544 2311
1545 2260
1545 2586
1545 2550
1546 2535
1546 2311
1546 2550
1547 2535
1547 2586
1547 2275
1548 2377
1548 2432
1548 2397
1549 2672
1549 2432
1549 2652
1550 2707
1550 2377
1550 2672
1551 2707
1551 2652
1551 2397
1552 2355
1552 2253
1552 2285
1553 2355
1553 2528
1553 2560
1554 2630
1554 2253
1554 2560
1555 2630
1555 2528
1555 2285
1556 2299
1556 2333
1556 2338
1557 2608
1557 2338
1557 2574
1558 2333
1558 2613
1558 2574
1559 2608
1559 2613
1559 2299
1560 2434
1560 2289
1560 2230
1561 2434
1561 2564
1561 2505
1562 2289
1562 2709
1562 2505
1563 2709
1563 2564
1563 2230
1564 2470
1564 2399
1564 2201
1565 2745
1565 2399
1565 2476
1566 2476
1566 2674
1566 2470
1567 2745
1567 2201
1567 2674
1568 2376
1568 2256
1568 2238
1569 2376
1569 2513
1569 2531
1570 2256
1570 2513
1570 2651
1571 2238
1571 2651
1571 2531
1572 2471
1572 2236
1572 2441
1573 2236
1573 2746
1573 2716
1574 2716
1574 2511
1574 2471
1575 2746
1575 2441
1575 2511
1576 2378
1576 2343
1576 2431
1577 2653
1577 2431
1577 2618
1578 2378
1578 2706
1578 2618
1579 2706
1579 2653
1579 2343
1580 2250
1580 2295
1580 2303
1581 2295
1581 2525
1581 2578
1582 2578
1582 2570
1582 2250
1583 2570
1583 2525
1583 2303
1584 2243
1584 2395
1584 2251
1585 2243
1585 2526
1585 2670
1586 2518
1586 2395
1586 2526
1587 2251
1587 2518
1587 2670
1588 2318
1588 2300
1588 2446
1589 2575
1589 2446
1589 2593
1590 2721
1590 2300
1590 2593
1591 2318
1591 2721
1591 2575
1592 2242
1592 2438
1592 2237
1593 2242
1593 2713
1593 2512
1594 2517
1594 2237
1594 2713
1595 2512
1595 2517
1595 2438
1596 2240
1596 2245
1596 2401
1597 2520
1597 2240
1597 2676
1598 2401
1598 2520
1598 2515
1599 2676
1599 2515
1599 2245
1600 2341
1600 2215
1600 2413
1601 2215
1601 2616
1601 2688
1602 2490
1602 2688
1602 2341
1603 2616
1603 2413
1603 2490
1604 2411
1604 2299
1604 2429
1605 2411
1605 2574
1605 2704
1606 2299
1606 2686
1606 2704
1607 2429
1607 2686
1607 2574
1608 2429
1608 2239
1608 2358
1609 2514
1609 2429
1609 2633
1610 2358
1610 2514
1610 2704
1611 2239
1611 2704
1611 2633
1612 2311
1612 2384
1612 2293
1613 2586
1613 2384
1613 2568
1614 2568
1614 2659
1614 2311
1615 2293
1615 2659
1615 2586
1616 2269
1616 2414
1616 2367
1617 2544
1617 2414
1617 2642
1618 2544
1618 2367
1618 2689
1619 2689
1619 2642
1619 2269
1620 2451
1620 2465
1620 2445
1621 2465
1621 2726
1621 2720
1622 2740
1622 2451
1622 2720
1623 2726
1623 2740
1623 2445
1624 2215
1624 2236
1624 2430
1625 2705
1625 2215
1625 2511
1626 2705
1626 2490
1626 2236
1627 2511
1627 2430
1627 2490
1628 2226
1628 2260
1628 2234
1629 2501
1629 2509
1629 2260
1630 2535
1630 2234
1630 2501
1631 2509
1631 2226
1631 2535
1632 2201
1632 2301
1632 2267
1633 2542
1633 2301
1633 2476
1634 2576
1634 2267
1634 2476
1635 2576
1635 2201
1635 2542
1636 2238
1636 2471
1636 2380
1637 2513
1637 2380
1637 2746
1638 2471
1638 2655
1638 2513
1639 2238
1639 2655
1639 2746
1640 2292
1640 2340
1640 2335
1641 2340
1641 2567
1641 2610
1642 2335
1642 2567
1642 2615
1643 2615
1643 2610
1643 2292
1644 2372
1644 2397
1644 2250
1645 2672
1645 2372
1645 2525
1646 2647
1646 2250
1646 2672
1647 2525
1647 2397
1647 2647
1648 2219
1648 2304
1648 2366
1649 2366
1649 2494
1649 2579
1650 2641
1650 2219
1650 2579
1651 2304
1651 2494
1651 2641
1652 2348
1652 2424
1652 2461
1653 2623
1653 2461
1653 2699
1654 2424
1654 2736
1654 2623
1655 2736
1655 2348
1655 2699
1656 2244
1656 2282
1656 2220
1657 2557
1657 2244
1657 2495
1658 2495
1658 2282
1658 2519
1659 2220
1659 2519
1659 2557
1660 2223
1660 2463
1660 2333
1661 2498
1661 2463
1661 2608
1662 2333
1662 2498
1662 2738
1663 2608
1663 2738
1663 2223
1664 2212
1664 2465
1664 2204
1665 2479
1665 2465
1665 2487
1666 2740
1666 2479
1666 2212
1667 2204
1667 2740
1667 2487
1668 2207
1668 2321
1668 2465
1669 2465
1669 2596
1669 2482
1670 2482
1670 2740
1670 2321
1671 2740
1671 2596
1671 2207
1672 2276
1672 2454
1672 2447
1673 2551
1673 2454
1673 2722
1674 2722
1674 2729
1674 2276
1675 2729
1675 2551
1675 2447
1676 2464
1676 2316
1676 2442
1677 2464
1677 2591
1677 2717
1678 2442
1678 2591
1678 2739
1679 2316
1679 2717
1679 2739
1680 2386
1680 2218
1680 2305
1681 2580
1681 2493
1681 2386
1682 2218
1682 2580
1682 2661
1683 2493
1683 2661
1683 2305
1684 2369
1684 2218
1684 2276
1685 2551
1685 2369
1685 2493
1686 2644
1686 2493
1686 2276
1687 2551
1687 2644
1687 2218
1688 2456
1688 2327
1688 2302
1689 2456
1689 2602
1689 2577
1690 2327
1690 2731
1690 2577
1691 2602
1691 2731
1691 2302
1692 2474
1692 2260
1692 2217
1693 2492
1693 2474
1693 2535
1694 2749
1694 2535
1694 2217
1695 2749
1695 2492
1695 2260
1696 2226
1696 2278
1696 2404
1697 2553
1697 2679
1697 2226
1698 2501
1698 2278
1698 2679
1699 2404
1699 2501
1699 2553
1700 2206
1700 2235
1700 2419
1701 2481
1701 2235
1701 2694
1702 2510
1702 2419
1702 2481
1703 2694
1703 2510
1703 2206
1704 2421
1704 2294
1704 2431
1705 2696
1705 2431
1705 2569
1706 2696
1706 2294
1706 2706
1707 2569
1707 2706
1707 2421
1708 2450
1708 2438
1708 2292
1709 2725
1709 2292
1709 2713
1710 2567
1710 2438
1710 2725
1711 2450
1711 2567
1711 2713
1712 2252
1712 2384
1712 2228
1713 2228
1713 2659
1713 2527
1714 2503
1714 2384
1714 2527
1715 2252
1715 2503
1715 2659
1716 2207
1716 2442
1716 2412
1717 2482
1717 2687
1717 2442
1718 2717
1718 2207
1718 2687
1719 2482
1719 2717
1719 2412
1720 2300
1720 2348
1720 2407
1721 2623
1721 2300
1721 2682
1722 2682
1722 2575
1722 2348
1723 2407
1723 2575
1723 2623
1724 2400
1724 2219
1724 2469
1725 2494
1725 2400
1725 2744
1726 2219
1726 2675
1726 2744
1727 2469
1727 2494
1727 2675
1728 2326
1728 2403
1728 2418
1729 2403
1729 2693
1729 2601
1730 2418
1730 2678
1730 2601
1731 2326
1731 2678
1731 2693
1732 2410
1732 2356
1732 2239
1733 2410
1733 2631
1733 2514
1734 2685
1734 2514
1734 2356
1735 2239
1735 2685
1735 2631
1736 2246
1736 2220
1736 2349
1737 2624
1737 2246
1737 2495
1738 2624
1738 2521
1738 2220
1739 2349
1739 2495
1739 2521
1740 2256
1740 2297
1740 2246
1741 2572
1741 2256
1741 2521
1742 2297
1742 2531
1742 2521
1743 2531
1743 2572
1743 2246
1744 2440
1744 2303
1744 2267
1745 2578
1745 2440
1745 2542
1746 2542
1746 2715
1746 2303
1747 2267
1747 2715
1747 2578
1748 2282
1748 2373
1748 2271
1749 2557
1749 2546
1749 2373
1750 2546
1750 2648
1750 2282
1751 2648
1751 2557
1751 2271
1752 2432
1752 2207
1752 2427
1753 2427
1753 2482
1753 2707
1754 2707
1754 2702
1754 2207
1755 2702
1755 2482
1755 2432
1756 2439
1756 2354
1756 2287
1757 2439
1757 2629
1757 2562
1758 2562
1758 2714
1758 2354
1759 2287
1759 2714
1759 2629
1760 2271
1760 2311
1760 2465
1761 2586
1761 2740
1761 2271
1762 2465
1762 2546
1762 2586
1763 2546
1763 2311
1763 2740
1764 2387
1764 2328
1764 2441
1765 2387
1765 2603
1765 2716
1766 2328
1766 2716
1766 2662
1767 2662
1767 2603
1767 2441
1768 2286
1768 2224
1768 2460
1769 2499
1769 2286
1769 2735
1770 2735
1770 2224
1770 2561
1771 2561
1771 2499
1771 2460
1772 2212
1772 2320
1772 2399
1773 2674
1773 2212
1773 2595
1774 2320
1774 2487
1774 2674
1775 2487
1775 2595
1775 2399
1776 2245
1776 2230
1776 2279
1777 2279
1777 2520
1777 2505
1778 2554
1778 2245
1778 2505
1779 2230
1779 2554
1779 2520
1780 2451
1780 2269
1780 2369
1781 2369
1781 2726
1781 2544
1782 2644
1782 2451
1782 2544
1783 2644
1783 2269
1783 2726
1784 2442
1784 2356
1784 2294
1785 2442
1785 2631
1785 2569
1786 2569
1786 2717
1786 2356
1787 2717
1787 2631
1787 2294
1788 2457
1788 2458
1788 2333
1789 2457
1789 2608
1789 2733
1790 2732
1790 2333
1790 2733
1791 2608
1791 2458
1791 2732
1792 2241
1792 2215
1792 2240
1793 2490
1793 2241
1793 2515
1794 2515
1794 2516
1794 2215
1795 2516
1795 2490
1795 2240
1796 2314
1796 2441
1796 2242
1797 2441
1797 2517
1797 2589
1798 2517
1798 2716
1798 2314
1799 2716
1799 2242
1799 2589
1800 2255
1800 2210
1800 2257
1801 2255
1801 2485
1801 2532
1802 2210
1802 2532
1802 2530
1803 2530
1803 2485
1803 2257
1804 2447
1804 2240
1804 2295
1805 2240
1805 2570
1805 2722
1806 2515
1806 2295
1806 2722
1807 2515
1807 2447
1807 2570
1808 2427
1808 2227
1808 2432
1809 2502
1809 2707
1809 2427
1810 2707
1810 2227
1810 2702
1811 2432
1811 2702
1811 2502
1812 2284
1812 2308
1812 2470
1813 2470
1813 2583
1813 2559
1814 2745
1814 2284
1814 2583
1815 2745
1815 2559
1815 2308
1816 2389
1816 2277
1816 2216
1817 2491
1817 2389
1817 2552
1818 2664
1818 2216
1818 2552
1819 2664
1819 2491
1819 2277
1820 2273
1820 2258
1820 2416
1821 2273
1821 2533
1821 2691
1822 2548
1822 2258
1822 2691
1823 2548
1823 2533
1823 2416
1824 2331
1824 2256
1824 2257
1825 2531
1825 2532
1825 2331
1826 2256
1826 2606
1826 2532
1827 2606
1827 2531
1827 2257
1828 2336
1828 2354
1828 2283
1829 2558
1829 2354
1829 2611
1830 2629
1830 2611
1830 2283
1831 2629
1831 2336
1831 2558
1832 2360
1832 2301
1832 2442
1833 2360
1833 2576
1833 2717
1834 2635
1834 2301
1834 2717
1835 2442
1835 2635
1835 2576
1836 2273
1836 2387
1836 2461
1837 2662
1837 2461
1837 2548
1838 2736
1838 2662
1838 2273
1839 2736
1839 2548
1839 2387
1840 2233
1840 2302
1840 2293
1841 2568
1841 2302
1841 2508
1842 2577
1842 2293
1842 2508
1843 2568
1843 2233
1843 2577
1844 2251
1844 2281
1844 2240
1845 2281
1845 2515
1845 2526
1846 2526
1846 2556
1846 2240
1847 2556
1847 2251
1847 2515
1848 2215
1848 2266
1848 2472
1849 2541
1849 2472
1849 2490
1850 2541
1850 2747
1850 2215
1851 2490
1851 2747
1851 2266
1852 2219
1852 2305
1852 2456
1853 2305
1853 2494
1853 2731
1854 2731
1854 2580
1854 2219
1855 2456
1855 2580
1855 2494
1856 2330
1856 2296
1856 2213
1857 2488
1857 2330
1857 2571
1858 2488
1858 2605
1858 2296
1859 2605
1859 2571
1859 2213
1860 2379
1860 2376
1860 2329
1861 2376
1861 2604
1861 2654
1862 2604
1862 2379
1862 2651
1863 2654
1863 2651
1863 2329
1864 2203
1864 2401
1864 2296
1865 2676
1865 2571
1865 2203
1866 2401
1866 2571
1866 2478
1867 2676
1867 2478
1867 2296
1868 2320
1868 2219
1868 2383
1869 2494
1869 2383
1869 2595
1870 2595
1870 2658
1870 2219
1871 2320
1871 2658
1871 2494
1872 2420
1872 2436
1872 2459
1873 2436
1873 2734
1873 2695
1874 2711
1874 2459
1874 2695
1875 2420
1875 2734
1875 2711
1876 2274
1876 2233
1876 2352
1877 2274
1877 2508
1877 2627
1878 2549
1878 2233
1878 2627
1879 2549
1879 2508
1879 2352
1880 2421
1880 2246
1880 2404
1881 2246
1881 2696
1881 2679
1882 2421
1882 2521
1882 2679
1883 2521
1883 2696
1883 2404
1884 2332
1884 2351
1884 2468
1885 2351
1885 2743
1885 2607
1886 2607
1886 2468
1886 2626
1887 2332
1887 2743
1887 2626
1888 2331
1888 2367
1888 2356
1889 2331
1889 2631
1889 2642
1890 2642
1890 2356
1890 2606
1891 2606
1891 2631
1891 2367
1892 2465
1892 2330
1892 2263
1893 2605
1893 2465
1893 2538
1894 2740
1894 2605
1894 2263
1895 2330
1895 2740
1895 2538
1896 2411
1896 2315
1896 2230
1897 2505
1897 2686
1897 2315
1898 2411
1898 2590
1898 2505
1899 2686
1899 2590
1899 2230
1900 2395
1900 2246
1900 2327
1901 2395
1901 2521
1901 2602
1902 2246
1902 2670
1902 2602
1903 2670
1903 2521
1903 2327
1904 2412
1904 2449
1904 2297
1905 2687
1905 2297
1905 2724
1906 2449
1906 2687
1906 2572
1907 2572
1907 2724
1907 2412
1908 2286
1908 2281
1908 2207
1909 2482
1909 2286
1909 2556
1910 2281
1910 2561
1910 2482
1911 2556
1911 2207
1911 2561
1912 2424
1912 2251
1912 2238
1913 2526
1913 2424
1913 2513
1914 2699
1914 2251
1914 2513
1915 2699
1915 2526
1915 2238
1916 2354
1916 2355
1916 2431
1917 2355
1917 2629
1917 2706
1918 2706
1918 2630
1918 2354
1919 2630
1919 2629
1919 2431
1920 2382
1920 2350
1920 2411
1921 2411
1921 2625
1921 2657
1922 2686
1922 2350
1922 2657
1923 2625
1923 2686
1923 2382
1924 2203
1924 2262
1924 2279
1925 2203
1925 2537
1925 2554
1926 2554
1926 2478
1926 2262
1927 2478
1927 2279
1927 2537
1928 2381
1928 2422
1928 2360
1929 2635
1929 2422
1929 2656
1930 2656
1930 2697
1930 2360
1931 2381
1931 2635
1931 2697
1932 2263
1932 2367
1932 2240
1933 2263
1933 2515
1933 2642
1934 2642
1934 2538
1934 2240
1935 2538
1935 2367
1935 2515
1936 2281
1936 2313
1936 2287
1937 2313
1937 2562
1937 2556
1938 2556
1938 2588
1938 2287
1939 2281
1939 2562
1939 2588
1940 2353
1940 2306
1940 2474
1941 2353
1941 2581
1941 2749
1942 2474
1942 2628
1942 2581
1943 2749
1943 2306
1943 2628
1944 2248
1944 2383
1944 2373
1945 2648
1945 2383
1945 2523
1946 2648
1946 2248
1946 2658
1947 2523
1947 2658
1947 2373
1948 2383
1948 2275
1948 2318
1949 2383
1949 2593
1949 2550
1950 2658
1950 2318
1950 2550
1951 2275
1951 2658
1951 2593
1952 2373
1952 2284
1952 2467
1953 2284
1953 2648
1953 2742
1954 2559
1954 2373
1954 2742
1955 2467
1955 2648
1955 2559
1956 2377
1956 2216
1956 2218
1957 2491
1957 2377
1957 2493
1958 2652
1958 2216
1958 2493
1959 2218
1959 2652
1959 2491
1960 2370
1960 2394
1960 2468
1961 2394
1961 2743
1961 2645
1962 2669
1962 2468
1962 2645
1963 2370
1963 2669
1963 2743
1964 2399
1964 2320
1964 2316
1965 2595
1965 2316
1965 2674
1966 2591
1966 2399
1966 2595
1967 2674
1967 2320
1967 2591
1968 2377
1968 2297
1968 2429
1969 2377
1969 2572
1969 2704
1970 2297
1970 2652
1970 2704
1971 2572
1971 2429
1971 2652
1972 2359
1972 2360
1972 2231
1973 2231
1973 2634
1973 2635
1974 2360
1974 2506
1974 2634
1975 2506
1975 2635
1975 2359
1976 2468
1976 2310
1976 2336
1977 2743
1977 2336
1977 2585
1978 2611
1978 2310
1978 2743
1979 2468
1979 2611
1979 2585
1980 2376
1980 2227
1980 2259
1981 2534
1981 2376
1981 2502
1982 2534
1982 2651
1982 2227
1983 2259
1983 2651
1983 2502
1984 2366
1984 2219
1984 2396
1985 2641
1985 2396
1985 2494
1986 2366
1986 2671
1986 2494
1987 2219
1987 2641
1987 2671
1988 2382
1988 2329
1988 2431
1989 2431
1989 2657
1989 2604
1990 2604
1990 2706
1990 2382
1991 2329
1991 2657
1991 2706
1992 2459
1992 2445
1992 2462
1993 2720
1993 2459
1993 2737
1994 2445
1994 2737
1994 2734
1995 2720
1995 2734
1995 2462
1996 2323
1996 2334
1996 2269
1997 2609
1997 2598
1997 2269
1998 2544
1998 2334
1998 2598
1999 2323
1999 2609
1999 2544
2000 2230
2000 2293
2000 2277
2001 2293
2001 2552
2001 2505
2002 2568
2002 2277
2002 2505
2003 2568
2003 2552
2003 2230
2004 2369
2004 2202
2004 2250
2005 2644
2005 2202
2005 2525
2006 2477
2006 2525
2006 2369
2007 2644
2007 2250
2007 2477
2008 2345
2008 2366
2008 2458
2009 2620
2009 2366
2009 2733
2010 2458
2010 2641
2010 2620
2011 2345
2011 2641
2011 2733
2012 2389
2012 2236
2012 2355
2013 2630
2013 2236
2013 2664
2014 2664
2014 2511
2014 2355
2015 2511
2015 2630
2015 2389
2016 2268
2016 2281
2016 2317
2017 2592
2017 2281
2017 2543
2018 2556
2018 2268
2018 2592
2019 2543
2019 2317
2019 2556
2020 2280
2020 2365
2020 2327
2021 2365
2021 2555
2021 2602
2022 2640
2022 2280
2022 2602
2023 2555
2023 2640
2023 2327
2024 2243
2024 2200
2024 2387
2025 2243
2025 2475
2025 2662
2026 2518
2026 2200
2026 2662
2027 2387
2027 2518
2027 2475
2028 2293
2028 2438
2028 2209
2029 2438
2029 2568
2029 2484
2030 2568
2030 2209
2030 2713
2031 2713
2031 2484
2031 2293
2032 2245
2032 2258
2032 2330
2033 2258
2033 2605
2033 2520
2034 2245
2034 2533
2034 2605
2035 2533
2035 2520
2035 2330
2036 2257
2036 2329
2036 2374
2037 2604
2037 2374
2037 2532
2038 2257
2038 2604
2038 2649
2039 2532
2039 2649
2039 2329
2040 2413
2040 2401
2040 2462
2041 2413
2041 2676
2041 2737
2042 2401
2042 2688
2042 2737
2043 2676
2043 2462
2043 2688
2044 2441
2044 2253
2044 2446
2045 2716
2045 2446
2045 2528
2046 2721
2046 2441
2046 2528
2047 2721
2047 2716
2047 2253
2048 2288
2048 2316
2048 2407
2049 2288
2049 2591
2049 2682
2050 2682
2050 2316
2050 2563
2051 2563
2051 2591
2051 2407
2052 2284
2052 2405
2052 2309
2053 2584
2053 2559
2053 2405
2054 2680
2054 2584
2054 2284
2055 2309
2055 2680
2055 2559
2056 2426
2056 2297
2056 2389
2057 2572
2057 2701
2057 2389
2058 2664
2058 2297
2058 2701
2059 2664
2059 2572
2059 2426
2060 2467
2060 2381
2060 2300
2061 2575
2061 2381
2061 2742
2062 2742
2062 2300
2062 2656
2063 2575
2063 2656
2063 2467
2064 2419
2064 2377
2064 2356
2065 2652
2065 2356
2065 2694
2066 2631
2066 2377
2066 2694
2067 2631
2067 2652
2067 2419
2068 2466
2068 2275
2068 2292
2069 2567
2069 2466
2069 2550
2070 2741
2070 2567
2070 2275
2071 2741
2071 2550
2071 2292
2072 2406
2072 2372
2072 2322
2073 2681
2073 2372
2073 2597
2074 2681
2074 2647
2074 2322
2075 2647
2075 2406
2075 2597
2076 2230
2076 2359
2076 2340
2077 2505
2077 2359
2077 2615
2078 2230
2078 2634
2078 2615
2079 2634
2079 2505
2079 2340
2080 2272
2080 2410
2080 2408
2081 2685
2081 2547
2081 2408
2082 2683
2082 2410
2082 2547
2083 2685
2083 2272
2083 2683
2084 2428
2084 2239
2084 2374
2085 2514
2085 2428
2085 2649
2086 2703
2086 2239
2086 2649
2087 2374
2087 2514
2087 2703
2088 2326
2088 2292
2088 2312
2089 2312
2089 2601
2089 2567
2090 2567
2090 2587
2090 2326
2091 2601
2091 2292
2091 2587
2092 2331
2092 2404
2092 2366
2093 2606
2093 2366
2093 2679
2094 2641
2094 2331
2094 2679
2095 2641
2095 2404
2095 2606
2096 2369
2096 2364
2096 2377
2097 2369
2097 2639
2097 2652
2098 2652
2098 2644
2098 2364
2099 2644
2099 2639
2099 2377
2100 2239
2100 2395
2100 2376
2101 2514
2101 2395
2101 2651
2102 2670
2102 2514
2102 2376
2103 2239
2103 2670
2103 2651
2104 2424
2104 2282
2104 2237
2105 2282
2105 2512
2105 2699
2106 2557
2106 2424
2106 2512
2107 2699
2107 2557
2107 2237
2108 2218
2108 2214
2108 2238
2109 2489
2109 2218
2109 2513
2110 2493
2110 2214
2110 2513
2111 2493
2111 2489
2111 2238
2112 2317
2112 2308
2112 2244
2113 2592
2113 2519
2113 2308
2114 2583
2114 2317
2114 2519
2115 2583
2115 2592
2115 2244
2116 2295
2116 2354
2116 2328
2117 2603
2117 2629
2117 2295
2118 2354
2118 2570
2118 2603
2119 2629
2119 2328
2119 2570
2120 2474
2120 2215
2120 2227
2121 2502
2121 2490
2121 2474
2122 2749
2122 2490
2122 2227
2123 2502
2123 2749
2123 2215
2124 2448
2124 2426
2124 2325
2125 2448
2125 2600
2125 2701
2126 2723
2126 2426
2126 2600
2127 2701
2127 2723
2127 2325
2128 2312
2128 2296
2128 2413
2129 2571
2129 2413
2129 2587
2130 2688
2130 2296
2130 2587
2131 2688
2131 2312
2131 2571
2132 2354
2132 2403
2132 2271
2133 2354
2133 2678
2133 2546
2134 2546
2134 2629
2134 2403
2135 2271
2135 2678
2135 2629
2136 2403
2136 2356
2136 2457
2137 2403
2137 2732
2137 2631
2138 2678
2138 2457
2138 2631
2139 2678
2139 2732
2139 2356
2140 2221
2140 2432
2140 2209
2141 2484
2141 2432
2141 2496
2142 2707
2142 2209
2142 2496
2143 2221
2143 2707
2143 2484
2144 2334
2144 2404
2144 2248
2145 2248
2145 2609
2145 2679
2146 2334
2146 2523
2146 2679
2147 2523
2147 2609
2147 2404
2148 2435
2148 2241
2148 2419
2149 2241
2149 2710
2149 2694
2150 2435
2150 2516
2150 2694
2151 2516
2151 2419
2151 2710
2152 2267
2152 2410
2152 2425
2153 2700
2153 2267
2153 2685
2154 2542
2154 2410
2154 2700
2155 2425
2155 2542
2155 2685
2156 2419
2156 2306
2156 2309
2157 2694
2157 2306
2157 2584
2158 2584
2158 2419
2158 2581
2159 2309
2159 2581
2159 2694
2160 2286
2160 2245
2160 2259
2161 2286
2161 2534
2161 2520
2162 2520
2162 2259
2162 2561
2163 2534
2163 2561
2163 2245
2164 2350
2164 2356
2164 2471
2165 2350
2165 2631
2165 2746
2166 2356
2166 2625
2166 2746
2167 2631
2167 2625
2167 2471
2168 2352
2168 2342
2168 2312
2169 2312
2169 2617
2169 2627
2170 2587
2170 2352
2170 2617
2171 2342
2171 2627
2171 2587
2172 2256
2172 2325
2172 2239
2173 2239
2173 2531
2173 2600
2174 2256
2174 2514
2174 2600
2175 2325
2175 2514
2175 2531
2176 2264
2176 2442
2176 2423
2177 2264
2177 2698
2177 2717
2178 2539
2178 2423
2178 2717
2179 2442
2179 2539
2179 2698
2180 2389
2180 2286
2180 2228
2181 2503
2181 2561
2181 2389
2182 2228
2182 2561
2182 2664
2183 2664
2183 2503
2183 2286
2184 2319
2184 2446
2184 2211
2185 2486
2185 2319
2185 2721
2186 2486
2186 2594
2186 2446
2187 2211
2187 2594
2187 2721
2188 2278
2188 2239
2188 2280
2189 2553
2189 2280
2189 2514
2190 2514
2190 2555
2190 2278
2191 2553
2191 2555
2191 2239
2192 2337
2192 2232
2192 2354
2193 2232
2193 2629
2193 2612
2194 2354
2194 2507
2194 2612
2195 2507
2195 2337
2195 2629
2196 2285
2196 2335
2196 2470
2197 2335
2197 2560
2197 2745
2198 2745
2198 2285
2198 2610
2199 2560
2199 2610
2199 2470
