500 1200
0 436
0 449
0 413
1 499
1 486
1 413
2 499
2 463
2 436
3 486
3 449
3 463
4 410
4 433
4 411
5 460
5 483
5 411
6 461
6 433
6 460
7 483
7 410
7 461
8 402
8 401
8 436
9 452
9 486
9 401
10 451
10 436
10 452
11 451
11 402
11 486
12 434
12 429
12 410
13 429
13 484
13 460
14 484
14 410
14 479
15 434
15 479
15 460
16 412
16 426
16 414
17 464
17 426
17 462
18 462
18 414
18 476
19 476
19 464
19 412
20 411
20 403
20 407
21 453
21 461
21 407
22 461
22 457
22 403
23 453
23 457
23 411
24 409
24 449
24 413
25 463
25 459
25 449
26 499
26 413
26 459
27 409
27 463
27 499
28 445
28 408
28 437
29 487
29 458
29 445
30 458
30 495
30 437
31 495
31 487
31 408
32 424
32 438
32 449
33 474
33 488
33 449
34 488
34 424
34 499
35 438
35 474
35 499
36 401
36 402
36 405
37 455
37 401
37 452
38 405
38 451
38 452
39 455
39 402
39 451
40 413
40 414
40 401
41 463
41 451
41 414
42 464
42 463
42 401
43 464
43 451
43 413
44 423
44 431
44 406
45 456
45 473
45 431
46 406
46 473
46 481
47 423
47 481
47 456
48 448
48 407
48 405
49 457
49 405
49 498
50 407
50 455
50 498
51 455
51 448
51 457
52 422
52 442
52 439
53 492
53 439
53 472
54 489
54 472
54 442
55 489
55 422
55 492
56 402
56 442
56 438
57 452
57 488
57 442
58 488
58 402
58 492
59 452
59 492
59 438
60 417
60 446
60 449
61 417
61 496
61 499
62 449
62 467
62 496
63 446
63 499
63 467
64 444
64 432
64 410
65 444
65 482
65 460
66 432
66 494
66 460
67 410
67 482
67 494
68 441
68 423
68 420
69 473
69 470
69 441
70 470
70 423
70 491
71 420
71 491
71 473
72 427
72 434
72 432
73 484
73 432
73 477
74 484
74 482
74 427
75 482
75 477
75 434
76 410
76 439
76 438
77 460
77 439
77 488
78 489
78 460
78 438
79 488
79 410
79 489
80 422
80 407
80 436
81 472
81 457
81 436
82 422
82 457
82 486
83 472
83 486
83 407
84 404
84 445
84 418
85 418
85 454
85 495
86 495
86 468
86 404
87 468
87 454
87 445
88 446
88 427
88 412
89 412
89 477
89 496
90 496
90 427
90 462
91 462
91 477
91 446
92 445
92 440
92 437
93 487
93 445
93 490
94 495
94 440
94 487
95 490
95 437
95 495
96 425
96 441
96 407
97 491
97 425
97 457
98 441
98 457
98 475
99 407
99 475
99 491
100 431
100 443
100 407
101 457
101 431
101 493
102 481
102 493
102 407
103 457
103 443
103 481
104 442
104 411
104 423
105 492
105 411
105 473
106 442
106 461
106 473
107 461
107 423
107 492
108 416
108 420
108 409
109 459
109 420
109 466
110 466
110 409
110 470
111 459
111 470
111 416
112 428
112 432
112 421
113 432
113 471
113 478
114 478
114 482
114 421
115 482
115 471
115 428
116 428
116 407
116 409
117 459
117 407
117 478
118 478
118 409
118 457
119 457
119 459
119 428
120 418
120 429
120 409
121 468
121 429
121 459
122 459
122 479
122 418
123 479
123 468
123 409
124 424
124 426
124 443
125 493
125 476
125 424
126 474
126 443
126 476
127 426
127 474
127 493
128 438
128 439
128 443
129 438
129 489
129 493
130 488
130 443
130 489
131 439
131 488
131 493
132 429
132 412
132 406
133 462
133 479
133 406
134 479
134 412
134 456
135 456
135 429
135 462
136 417
136 411
136 423
137 467
137 461
137 423
138 467
138 411
138 473
139 417
139 461
139 473
140 437
140 423
140 442
141 492
141 473
141 437
142 423
142 492
142 487
143 442
143 487
143 473
144 431
144 408
144 440
145 481
145 440
145 458
146 490
146 481
146 408
147 458
147 431
147 490
148 430
148 414
148 427
149 477
149 414
149 480
150 480
150 464
150 427
151 430
151 477
151 464
152 442
152 433
152 449
153 483
153 499
153 442
154 433
154 492
154 499
155 449
155 492
155 483
156 429
156 414
156 407
157 464
157 407
157 479
158 479
158 414
158 457
159 429
159 464
159 457
160 413
160 449
160 400
161 463
161 449
161 450
162 463
162 400
162 499
163 413
163 450
163 499
164 436
164 435
164 413
165 486
165 435
165 463
166 485
166 463
166 436
167 485
167 486
167 413
168 400
168 434
168 449
169 450
169 484
169 449
170 450
170 434
170 499
171 400
171 499
171 484
172 434
172 400
172 416
173 484
173 466
173 400
174 466
174 450
174 434
175 484
175 416
175 450
176 445
176 423
176 406
177 495
177 406
177 473
178 423
178 456
178 495
179 445
179 456
179 473
180 407
180 403
180 401
181 451
181 457
181 403
182 457
182 453
182 401
183 453
183 407
183 451
184 410
184 415
184 424
185 415
185 474
185 460
186 465
186 474
186 410
187 424
187 465
187 460
188 441
188 417
188 406
189 456
189 467
189 441
190 491
190 406
190 467
191 417
191 456
191 491
192 424
192 416
192 448
193 498
193 416
193 474
194 424
194 466
194 498
195 448
195 474
195 466
196 432
196 401
196 412
197 462
197 451
197 432
198 462
198 401
198 482
199 451
199 482
199 412
200 405
200 434
200 422
201 422
201 455
201 484
202 455
202 472
202 434
203 405
203 484
203 472
204 427
204 407
204 435
205 477
205 435
205 457
206 407
206 477
206 485
207 457
207 485
207 427
208 419
208 411
208 415
209 465
209 469
209 411
210 465
210 419
210 461
211 469
211 461
211 415
212 431
212 441
212 425
213 481
213 491
213 425
214 481
214 441
214 475
215 431
215 475
215 491
216 438
216 430
216 419
217 480
217 438
217 469
218 480
218 419
218 488
219 469
219 488
219 430
220 427
220 412
220 409
221 459
221 412
221 477
222 409
222 462
222 477
223 459
223 462
223 427
224 449
224 400
224 439
225 499
225 400
225 489
226 499
226 439
226 450
227 450
227 489
227 449
228 403
228 434
228 410
229 434
229 453
229 460
230 403
230 484
230 460
231 410
231 484
231 453
232 407
232 429
232 406
233 479
233 406
233 457
234 429
234 457
234 456
235 407
235 456
235 479
236 421
236 419
236 414
237 469
237 414
237 471
238 419
238 464
238 471
239 464
239 421
239 469
240 440
240 424
240 433
241 424
241 483
241 490
242 440
242 474
242 483
243 433
243 490
243 474
244 412
244 442
244 411
245 492
245 461
245 412
246 492
246 411
246 462
247 461
247 462
247 442
248 444
248 429
248 409
249 494
249 409
249 479
250 429
250 459
250 494
251 459
251 479
251 444
252 407
252 403
252 429
253 457
253 453
253 429
254 403
254 479
254 457
255 479
255 407
255 453
256 422
256 426
256 441
257 426
257 491
257 472
258 422
258 491
258 476
259 441
259 476
259 472
260 429
260 421
260 409
261 429
261 471
261 459
262 471
262 409
262 479
263 421
263 479
263 459
264 412
264 441
264 439
265 489
265 462
265 441
266 489
266 491
266 412
267 491
267 439
267 462
268 449
268 415
268 433
269 465
269 433
269 499
270 483
270 415
270 499
271 449
271 483
271 465
272 428
272 427
272 440
273 477
273 440
273 478
274 490
274 427
274 478
275 490
275 428
275 477
276 438
276 447
276 422
277 488
277 447
277 472
278 438
278 497
278 472
279 488
279 497
279 422
280 422
280 409
280 407
281 459
281 457
281 422
282 457
282 472
282 409
283 407
283 472
283 459
284 449
284 438
284 437
285 487
285 449
285 488
286 438
286 499
286 487
287 488
287 499
287 437
288 420
288 444
288 441
289 494
289 441
289 470
290 491
290 420
290 494
291 491
291 470
291 444
292 413
292 407
292 402
293 457
293 413
293 452
294 452
294 463
294 407
295 463
295 457
295 402
296 402
296 400
296 435
297 452
297 435
297 450
298 485
298 402
298 450
299 485
299 400
299 452
300 447
300 444
300 419
301 444
301 469
301 497
302 494
302 419
302 497
303 469
303 494
303 447
304 448
304 410
304 412
305 448
305 460
305 462
306 410
306 498
306 462
307 460
307 498
307 412
308 435
308 403
308 415
309 403
309 465
309 485
310 485
310 453
310 415
311 435
311 453
311 465
312 434
312 405
312 439
313 489
313 434
313 455
314 405
314 484
314 489
315 455
315 484
315 439
316 436
316 440
316 413
317 440
317 486
317 463
318 436
318 490
318 463
319 490
319 486
319 413
320 407
320 423
320 413
321 423
321 457
321 463
322 473
322 413
322 457
323 407
323 473
323 463
324 433
324 427
324 434
325 477
325 434
325 483
326 484
326 427
326 483
327 484
327 477
327 433
328 411
328 445
328 412
329 411
329 462
329 495
330 461
330 412
330 495
331 461
331 462
331 445
332 448
332 443
332 447
333 448
333 497
333 493
334 497
334 498
334 443
335 493
335 498
335 447
336 436
336 421
336 416
337 471
337 436
337 466
338 421
338 486
338 466
339 486
339 471
339 416
340 400
340 443
340 438
341 493
341 400
341 488
342 450
342 438
342 493
343 443
343 450
343 488
344 400
344 403
344 410
345 450
345 403
345 460
346 453
346 460
346 400
347 410
347 450
347 453
348 448
348 418
348 447
349 418
349 498
349 497
350 468
350 448
350 497
351 468
351 447
351 498
352 409
352 400
352 411
353 450
353 411
353 459
354 461
354 400
354 459
355 461
355 450
355 409
356 406
356 404
356 433
357 406
357 483
357 454
358 456
358 433
358 454
359 456
359 483
359 404
360 415
360 436
360 424
361 465
361 436
361 474
362 415
362 474
362 486
363 486
363 465
363 424
364 449
364 402
364 401
365 499
365 451
365 402
366 452
366 401
366 499
367 451
367 452
367 449
368 429
368 402
368 438
369 402
369 488
369 479
370 452
370 438
370 479
371 488
371 429
371 452
372 434
372 429
372 444
373 444
373 479
373 484
374 429
374 484
374 494
375 494
375 479
375 434
376 443
376 409
376 429
377 459
377 443
377 479
378 493
378 409
378 479
379 429
379 459
379 493
380 423
380 435
380 441
381 491
381 473
381 435
382 485
382 423
382 491
383 473
383 441
383 485
384 420
384 445
384 414
385 464
385 420
385 495
386 470
386 414
386 495
387 470
387 464
387 445
388 443
388 433
388 448
389 483
389 443
389 498
390 493
390 433
390 498
391 493
391 483
391 448
392 412
392 433
392 405
393 462
393 455
393 433
394 483
394 455
394 412
395 462
395 483
395 405
396 430
396 404
396 419
397 419
397 454
397 480
398 404
398 469
398 480
399 469
399 454
399 430
