2250 4500
0 1851
0 1500
0 2059
1 2054
1 2198
1 2033
2 2168
2 1580
2 1548
3 2193
3 2190
3 1543
4 1821
4 1664
4 1822
5 1854
5 2041
5 2143
6 2030
6 1522
6 1661
7 1846
7 1884
7 1910
8 1837
8 1930
8 1585
9 1688
9 1587
9 1863
10 1635
10 1612
10 1544
11 2015
11 1750
11 2068
12 1703
12 1872
12 2018
13 1668
13 1809
13 1587
14 1674
14 2040
14 1794
15 1507
15 1648
15 1591
16 1867
16 1963
16 1607
17 2093
17 1874
17 1528
18 2136
18 2118
18 1771
19 2172
19 1916
19 1788
20 2049
20 1743
20 1734
21 1806
21 1655
21 2129
22 1785
22 1537
22 1935
23 1728
23 1550
23 1824
24 2095
24 1841
24 1594
25 1687
25 1665
25 2125
26 2203
26 1622
26 1597
27 1943
27 2026
27 1844
28 2111
28 1878
28 1622
29 2015
29 2165
29 1926
30 2084
30 2020
30 1980
31 2141
31 2183
31 2051
32 1530
32 1598
32 2177
33 2103
33 1943
33 2147
34 1932
34 1929
34 1890
35 1852
35 1812
35 2157
36 1905
36 2171
36 1808
37 1657
37 1861
37 1632
38 1942
38 1838
38 1522
39 2189
39 1734
39 1754
40 2122
40 1743
40 2191
41 1933
41 1536
41 1526
42 1917
42 2002
42 2022
43 1672
43 1661
43 1523
44 1998
44 1747
44 1823
45 1690
45 1725
45 1921
46 1916
46 1634
46 1726
47 1746
47 2001
47 1553
48 1778
48 1895
48 2232
49 2158
49 1731
49 2198
50 2149
50 2197
50 1620
51 2009
51 1982
51 1570
52 2143
52 1568
52 2151
53 1560
53 1619
53 2125
54 1733
54 2228
54 1701
55 1854
55 1929
55 1882
56 2063
56 1660
56 1980
57 1820
57 1566
57 2209
58 1990
58 1774
58 2110
59 2144
59 1821
59 1957
60 2039
60 1810
60 2194
61 1645
61 2111
61 2154
62 1761
62 1595
62 1885
63 1789
63 2107
63 1590
64 2005
64 2030
64 2078
65 2016
65 1689
65 2014
66 1955
66 1618
66 2225
67 1922
67 1935
67 2144
68 1719
68 1508
68 1810
69 2058
69 1514
69 1585
70 2005
70 2201
70 2204
71 1542
71 1978
71 2202
72 2178
72 1768
72 2043
73 1652
73 2126
73 2074
74 2248
74 1864
74 1591
75 1674
75 1865
75 1814
76 1754
76 1726
76 1808
77 1953
77 2041
77 1583
78 1727
78 2008
78 2006
79 2109
79 2023
79 1908
80 2138
80 1510
80 1709
81 1741
81 2201
81 2116
82 1995
82 1513
82 2247
83 2202
83 1925
83 1962
84 2067
84 1796
84 1857
85 2200
85 2195
85 1690
86 2158
86 2026
86 1739
87 2169
87 1973
87 2161
88 1789
88 1889
88 1754
89 2113
89 1628
89 1911
90 1844
90 1613
90 1727
91 2236
91 1534
91 1976
92 2160
92 1752
92 1790
93 2125
93 1989
93 1671
94 2102
94 1633
94 1740
95 2091
95 1666
95 1560
96 1958
96 1599
96 2206
97 1716
97 2022
97 1819
98 1954
98 1678
98 2052
99 2090
99 1859
99 2194
100 2036
100 1648
100 2026
101 2237
101 1769
101 1503
102 1774
102 2123
102 2247
103 1629
103 2146
103 1711
104 1818
104 2076
104 1831
105 2167
105 1829
105 1770
106 1951
106 2111
106 2071
107 1978
107 1567
107 1732
108 1555
108 1574
108 2240
109 1580
109 1800
109 1895
110 2247
110 2194
110 1935
111 1990
111 2159
111 1888
112 2172
112 1854
112 1636
113 2220
113 2249
113 2174
114 1980
114 2070
114 1785
115 1938
115 1954
115 2053
116 2053
116 1527
116 2007
117 1673
117 1698
117 1632
118 1564
118 2124
118 2107
119 1784
119 1947
119 1771
120 1657
120 2049
120 2117
121 1516
121 2088
121 1693
122 1723
122 1774
122 1798
123 2168
123 1874
123 2171
124 1933
124 1922
124 1902
125 1972
125 2095
125 1500
126 1866
126 1935
126 2011
127 2205
127 2000
127 1838
128 2043
128 1584
128 2191
129 1925
129 2206
129 2065
130 1633
130 1810
130 1588
131 1748
131 1816
131 1757
132 1645
132 1572
132 2095
133 1778
133 1957
133 2091
134 1796
134 2241
134 1681
135 2243
135 1939
135 2015
136 1805
136 1731
136 2201
137 1794
137 2207
137 2044
138 1812
138 1699
138 1863
139 1738
139 2121
139 2076
140 1750
140 2200
140 1993
141 2204
141 2074
141 1901
142 1972
142 1840
142 1817
143 1554
143 1536
143 1733
144 2219
144 1881
144 2169
145 1812
145 1804
145 1993
146 1527
146 2209
146 1929
147 1808
147 2008
147 1775
148 1776
148 2238
148 1573
149 1878
149 1998
149 1768
150 2086
150 1722
150 2117
151 2098
151 2193
151 1831
152 2115
152 1971
152 2201
153 2204
153 1704
153 1886
154 1956
154 1740
154 1888
155 1775
155 1861
155 2034
156 2183
156 1805
156 2089
157 2056
157 2049
157 1822
158 2062
158 2040
158 1819
159 1726
159 1907
159 1904
160 2110
160 2078
160 1727
161 1555
161 1672
161 1613
162 1642
162 1915
162 1792
163 1964
163 2166
163 2057
164 1547
164 1698
164 1605
165 1713
165 1901
165 1956
166 2144
166 2152
166 1879
167 2162
167 1940
167 2166
168 1525
168 1893
168 2056
169 1926
169 1920
169 2184
170 1536
170 2199
170 1869
171 1808
171 1813
171 1661
172 1682
172 1570
172 1631
173 1689
173 1835
173 2077
174 1504
174 1514
174 1775
175 2054
175 1536
175 1626
176 1908
176 1826
176 2074
177 1908
177 1784
177 1822
178 1630
178 1586
178 2245
179 1608
179 2133
179 1705
180 2179
180 1652
180 2128
181 2161
181 1965
181 1785
182 1748
182 2083
182 1874
183 1797
183 1804
183 1916
184 1825
184 1814
184 1610
185 2148
185 2051
185 1832
186 1514
186 1958
186 1722
187 1696
187 1521
187 1914
188 2114
188 1698
188 2125
189 1873
189 2228
189 1740
190 2102
190 1572
190 1800
191 1743
191 2116
191 2002
192 1979
192 1677
192 2180
193 2150
193 2188
193 2066
194 2081
194 2011
194 1834
195 2017
195 1984
195 2221
196 1964
196 1907
196 1708
197 1668
197 2059
197 1802
198 1924
198 1931
198 1542
199 1543
199 2235
199 2106
200 1792
200 2017
200 2061
201 2163
201 2145
201 1885
202 1887
202 1898
202 1876
203 1763
203 2047
203 2007
204 1507
204 1696
204 1983
205 1615
205 2217
205 2103
206 1563
206 1782
206 1937
207 1521
207 1836
207 2007
208 1915
208 1652
208 1662
209 2054
209 1721
209 1731
210 1539
210 1794
210 2011
211 1931
211 2069
211 1871
212 2174
212 1820
212 1909
213 1502
213 2095
213 2155
214 1592
214 2135
214 2204
215 1669
215 1647
215 2116
216 1512
216 2212
216 1862
217 2038
217 1693
217 1545
218 1529
218 1510
218 1732
219 2210
219 1643
219 1512
220 1501
220 2227
220 1533
221 1967
221 2099
221 1946
222 2239
222 1732
222 1602
223 2246
223 1838
223 2038
224 2183
224 1814
224 1778
225 2249
225 2133
225 2150
226 1735
226 1953
226 1634
227 1754
227 2220
227 1972
228 1729
228 1933
228 1798
229 1533
229 1777
229 1886
230 1583
230 1855
230 1920
231 2070
231 1768
231 2153
232 1998
232 1767
232 1892
233 1555
233 1812
233 1842
234 2185
234 2244
234 1525
235 2193
235 1817
235 1985
236 1856
236 1652
236 1511
237 1596
237 2015
237 2012
238 1755
238 1653
238 1572
239 2244
239 1982
239 2020
240 2175
240 1937
240 2076
241 2119
241 1978
241 1799
242 1557
242 2121
242 1901
243 2130
243 2090
243 1833
244 2241
244 1761
244 2199
245 2037
245 1615
245 2204
246 1993
246 1861
246 2130
247 1806
247 1551
247 1979
248 1545
248 2103
248 1539
249 1958
249 1789
249 1580
250 2177
250 1809
250 2248
251 1604
251 2009
251 1601
252 1792
252 2108
252 1615
253 2190
253 2110
253 1887
254 2017
254 1640
254 1947
255 1566
255 1571
255 1550
256 1956
256 1616
256 1843
257 2115
257 1763
257 1722
258 1962
258 2181
258 2037
259 2188
259 1529
259 1865
260 1585
260 1856
260 1612
261 2007
261 2157
261 1683
262 1575
262 1824
262 1873
263 1998
263 1821
263 2104
264 1593
264 2036
264 2163
265 2223
265 1662
265 1850
266 1967
266 1859
266 2170
267 2085
267 2014
267 1560
268 2202
268 1945
268 1810
269 1605
269 2054
269 1898
270 2235
270 1641
270 1578
271 1613
271 1640
271 1808
272 2094
272 2196
272 2199
273 1904
273 1523
273 1977
274 1582
274 1705
274 1973
275 1502
275 1662
275 2048
276 1868
276 2009
276 2177
277 1533
277 1862
277 2129
278 1989
278 1990
278 2105
279 1780
279 2197
279 2184
280 1873
280 2121
280 1541
281 1726
281 2139
281 1878
282 2096
282 1825
282 1941
283 1630
283 1652
283 2028
284 1813
284 1576
284 2246
285 1609
285 1527
285 2078
286 1503
286 1851
286 2085
287 2195
287 1535
287 1778
288 2028
288 1623
288 1796
289 1515
289 1654
289 2156
290 2129
290 1848
290 1746
291 2190
291 1813
291 1547
292 2186
292 1824
292 1839
293 1701
293 1846
293 1979
294 1714
294 2113
294 1813
295 2122
295 2097
295 1706
296 2067
296 2215
296 1820
297 1573
297 1747
297 2131
298 1586
298 2248
298 2215
299 1732
299 2147
299 2134
300 1845
300 1984
300 1761
301 1520
301 2185
301 2236
302 1871
302 1629
302 1700
303 2197
303 1953
303 2181
304 2234
304 1841
304 1965
305 1793
305 2107
305 1726
306 2179
306 1951
306 2170
307 2227
307 1514
307 1614
308 1506
308 2052
308 1963
309 1854
309 2226
309 1689
310 1536
310 1640
310 1865
311 1975
311 1608
311 1587
312 1626
312 2235
312 1555
313 2082
313 1751
313 2016
314 1727
314 1545
314 1712
315 1559
315 1905
315 2222
316 1591
316 1864
316 1914
317 2129
317 1659
317 1722
318 1635
318 1588
318 2194
319 2086
319 1653
319 1634
320 1818
320 1974
320 2135
321 2065
321 1739
321 2139
322 1630
322 1759
322 2083
323 2048
323 2074
323 1948
324 2186
324 2035
324 1832
325 1802
325 2055
325 2132
326 1713
326 1779
326 2205
327 1753
327 1808
327 1815
328 2115
328 1749
328 1511
329 1779
329 1645
329 1710
330 1859
330 1609
330 2017
331 1905
331 2194
331 1677
332 1926
332 1780
332 2108
333 1735
333 1879
333 1895
334 2187
334 1851
334 1947
335 1502
335 1780
335 1747
336 1663
336 1724
336 2238
337 2112
337 1761
337 2032
338 1898
338 1657
338 1577
339 1938
339 1890
339 2104
340 2223
340 2209
340 1512
341 1734
341 1928
341 2108
342 1723
342 1943
342 2230
343 2061
343 1578
343 1650
344 2007
344 1607
344 2086
345 1631
345 2085
345 2249
346 1749
346 1547
346 1863
347 1989
347 2154
347 1953
348 1552
348 1811
348 2195
349 2075
349 2230
349 2247
350 1868
350 2152
350 2100
351 1927
351 1501
351 2132
352 2053
352 1545
352 1688
353 1958
353 1713
353 2208
354 1664
354 1563
354 2106
355 1731
355 2158
355 2166
356 2122
356 1776
356 2232
357 1634
357 2181
357 1547
358 1659
358 1876
358 1994
359 1586
359 2173
359 1942
360 1898
360 1679
360 1890
361 1515
361 1635
361 1897
362 1921
362 1563
362 1971
363 1973
363 2181
363 1666
364 1888
364 1575
364 1529
365 1991
365 1670
365 2168
366 1610
366 1838
366 1693
367 1597
367 1959
367 1564
368 2193
368 1829
368 1972
369 1765
369 1980
369 2139
370 1756
370 1522
370 1904
371 1779
371 1672
371 1767
372 1906
372 1508
372 1877
373 1639
373 1892
373 1990
374 2034
374 2224
374 2131
375 1972
375 1797
375 2052
376 1794
376 2171
376 2161
377 1569
377 1928
377 2076
378 1876
378 1517
378 1757
379 1626
379 2218
379 2248
380 2229
380 1889
380 2068
381 2223
381 1788
381 1899
382 2049
382 1545
382 1970
383 1538
383 1871
383 1914
384 2249
384 1714
384 2119
385 1790
385 1785
385 1752
386 1834
386 1715
386 1730
387 1937
387 1686
387 2201
388 1697
388 1571
388 1527
389 2143
389 2070
389 1778
390 1912
390 1600
390 1800
391 1631
391 2045
391 2132
392 1895
392 1887
392 1581
393 1556
393 2190
393 1643
394 1898
394 1670
394 2037
395 1666
395 2101
395 2217
396 1565
396 1738
396 1630
397 1656
397 1684
397 2150
398 2226
398 2110
398 1811
399 1808
399 1956
399 1644
400 1650
400 1985
400 1704
401 1904
401 1620
401 1642
402 1782
402 1512
402 1653
403 2042
403 1605
403 1892
404 1648
404 1586
404 1705
405 1797
405 1585
405 1791
406 1772
406 1959
406 1691
407 1698
407 1738
407 1944
408 1866
408 2104
408 1894
409 2219
409 1672
409 2007
410 1501
410 1582
410 1786
411 1796
411 1603
411 2035
412 2113
412 1587
412 2011
413 2233
413 1665
413 2113
414 1545
414 1863
414 1736
415 1849
415 1965
415 2026
416 1530
416 1630
416 2178
417 1933
417 1827
417 2046
418 1933
418 1896
418 1655
419 1847
419 1561
419 1898
420 2167
420 1804
420 1610
421 1734
421 1740
421 2112
422 2070
422 1833
422 2133
423 1649
423 2094
423 1745
424 1875
424 1930
424 2232
425 1704
425 1633
425 1765
426 2211
426 2137
426 1535
427 1769
427 1527
427 1934
428 2102
428 2024
428 2154
429 2070
429 1544
429 2244
430 2226
430 2241
430 1517
431 2013
431 1924
431 1962
432 2006
432 1809
432 2022
433 1773
433 1651
433 1719
434 2237
434 1632
434 2187
435 2027
435 1992
435 2157
436 1928
436 2000
436 2051
437 1625
437 1923
437 1977
438 1776
438 1757
438 1816
439 1731
439 1586
439 1962
440 1914
440 2218
440 1976
441 1731
441 1560
441 2136
442 1676
442 1644
442 1823
443 1821
443 2127
443 2228
444 2236
444 1599
444 1984
445 1995
445 1747
445 1712
446 1822
446 1556
446 2081
447 1510
447 2193
447 1815
448 1915
448 1997
448 1987
449 1588
449 2034
449 1672
450 1723
450 1511
450 1739
451 1731
451 1599
451 1841
452 1898
452 2037
452 1786
453 1817
453 1538
453 2211
454 2079
454 1699
454 1901
455 1672
455 1824
455 2124
456 1966
456 1817
456 1604
457 1758
457 1978
457 1878
458 2003
458 1686
458 1997
459 1607
459 1546
459 1787
460 2000
460 1915
460 2214
461 2135
461 1510
461 1844
462 1878
462 2063
462 2226
463 1855
463 1922
463 1817
464 1672
464 1526
464 1639
465 2031
465 1676
465 1597
466 1884
466 1529
466 2101
467 2084
467 1640
467 1798
468 1565
468 2154
468 2247
469 1597
469 1820
469 2225
470 1602
470 1918
470 1760
471 1935
471 1921
471 2121
472 1838
472 2000
472 2113
473 1636
473 1938
473 1599
474 2243
474 1846
474 1766
475 1510
475 1909
475 2023
476 2021
476 1948
476 2002
477 1532
477 2200
477 1786
478 1997
478 1531
478 1842
479 2222
479 1662
479 1899
480 1913
480 1935
480 1530
481 1587
481 2084
481 2230
482 2240
482 1673
482 2093
483 2009
483 1868
483 1849
484 2055
484 1847
484 2080
485 2065
485 1564
485 1570
486 2066
486 2157
486 1674
487 1535
487 2058
487 1872
488 1657
488 1700
488 1552
489 1522
489 1983
489 1691
490 1837
490 1597
490 2044
491 2122
491 1793
491 1851
492 2249
492 1759
492 2235
493 2126
493 1876
493 2031
494 2026
494 2173
494 2180
495 1597
495 2069
495 2193
496 2047
496 1754
496 2102
497 1762
497 1810
497 1934
498 1789
498 1619
498 2004
499 2088
499 1692
499 1879
500 1699
500 2186
500 2019
501 2154
501 1892
501 1978
502 2081
502 2017
502 2207
503 2208
503 1766
503 1786
504 1645
504 1644
504 2114
505 1728
505 1899
505 1891
506 2009
506 2083
506 2228
507 1529
507 1754
507 2040
508 2126
508 1567
508 2232
509 1566
509 1871
509 1720
510 1746
510 1689
510 1810
511 2063
511 1883
511 2243
512 1913
512 1518
512 2123
513 1765
513 2111
513 1699
514 2154
514 2192
514 2094
515 2153
515 1640
515 1775
516 2122
516 1664
516 1826
517 1874
517 1959
517 2096
518 1842
518 1942
518 1631
519 2178
519 1776
519 2035
520 2084
520 2218
520 1526
521 1664
521 1943
521 1934
522 2078
522 2249
522 1788
523 1613
523 1520
523 2216
524 2063
524 1743
524 2157
525 1885
525 1794
525 1640
526 1739
526 2105
526 1712
527 1865
527 1740
527 2181
528 2078
528 1565
528 1923
529 2231
529 1722
529 1995
530 2150
530 1892
530 2095
531 2167
531 2225
531 1717
532 1783
532 2177
532 1963
533 1758
533 2248
533 2036
534 1818
534 2104
534 1543
535 1791
535 1819
535 1590
536 1533
536 1580
536 2023
537 1633
537 2218
537 1735
538 1753
538 1972
538 1786
539 1700
539 2163
539 1900
540 2009
540 1765
540 1939
541 2161
541 1943
541 2191
542 1806
542 1788
542 2138
543 1690
543 1760
543 1869
544 2089
544 1762
544 1885
545 1811
545 1553
545 1784
546 2096
546 2168
546 1827
547 2230
547 1702
547 1716
548 1517
548 1613
548 1960
549 1769
549 1943
549 1563
550 1917
550 1919
550 1653
551 1972
551 1627
551 1767
552 1741
552 1771
552 2167
553 2171
553 1710
553 1702
554 1948
554 2119
554 2207
555 2052
555 2138
555 1810
556 1500
556 1792
556 2173
557 1622
557 1541
557 2227
558 2041
558 1501
558 1811
559 1685
559 1531
559 1888
560 2132
560 1846
560 2236
561 2082
561 2124
561 2025
562 1679
562 1681
562 1654
563 1865
563 1944
563 2208
564 2241
564 2103
564 2197
565 2247
565 2075
565 1589
566 2221
566 1727
566 1792
567 1936
567 1831
567 2209
568 1581
568 1710
568 1811
569 2097
569 1527
569 2199
570 1718
570 1511
570 1598
571 2123
571 1717
571 2126
572 2105
572 1529
572 2048
573 1997
573 2106
573 1874
574 1589
574 1907
574 1529
575 1604
575 1589
575 1918
576 2159
576 1881
576 1532
577 1657
577 1835
577 1750
578 1979
578 1699
578 1988
579 1589
579 1699
579 1715
580 1518
580 2063
580 1777
581 1824
581 2206
581 1746
582 2125
582 1874
582 1724
583 1575
583 1828
583 2103
584 1939
584 1626
584 2179
585 2128
585 1872
585 1709
586 1971
586 1625
586 1579
587 1671
587 1950
587 1607
588 1632
588 1755
588 1912
589 2003
589 1953
589 1822
590 1732
590 1701
590 2141
591 1756
591 1624
591 1991
592 2112
592 1910
592 1527
593 1817
593 1808
593 1597
594 1810
594 1839
594 1589
595 1841
595 1818
595 1806
596 2249
596 1895
596 2207
597 2171
597 1770
597 2095
598 2092
598 1907
598 2230
599 2166
599 1704
599 1687
600 2137
600 1590
600 2006
601 2043
601 2047
601 1984
602 2196
602 2133
602 1770
603 2172
603 2065
603 1859
604 1671
604 2085
604 2239
605 2228
605 1648
605 2187
606 2095
606 1727
606 1757
607 2153
607 2148
607 2050
608 1750
608 1552
608 1995
609 2155
609 2160
609 1967
610 2209
610 1787
610 1574
611 1950
611 2142
611 1791
612 1840
612 1622
612 1589
613 2000
613 2080
613 1595
614 2012
614 2074
614 1962
615 1574
615 2229
615 2123
616 1714
616 1755
616 1761
617 2102
617 1546
617 1684
618 1540
618 1656
618 1599
619 1662
619 2158
619 1611
620 2157
620 2092
620 2129
621 1925
621 1564
621 2205
622 1520
622 1676
622 2138
623 2228
623 2122
623 1718
624 1649
624 2248
624 1611
625 2042
625 1837
625 1855
626 2076
626 2050
626 1997
627 2020
627 1817
627 1712
628 2119
628 1963
628 1867
629 1893
629 1519
629 2006
630 2057
630 2186
630 1860
631 2018
631 2088
631 1687
632 2119
632 2075
632 2229
633 1548
633 1876
633 2047
634 2059
634 2184
634 1987
635 1892
635 2219
635 1970
636 2038
636 2096
636 2244
637 2113
637 2170
637 2010
638 1646
638 1682
638 2006
639 2154
639 2062
639 1502
640 1850
640 2208
640 1804
641 1828
641 1815
641 1654
642 2024
642 1504
642 1744
643 1929
643 1968
643 1552
644 1987
644 1680
644 1548
645 1745
645 1557
645 1657
646 1588
646 1920
646 1705
647 2159
647 2155
647 1718
648 1834
648 2101
648 2090
649 1626
649 1699
649 2025
650 2078
650 2054
650 1936
651 1538
651 1979
651 1944
652 2018
652 1891
652 1734
653 1909
653 1889
653 1941
654 1932
654 1862
654 1893
655 1639
655 1953
655 2069
656 1991
656 1706
656 1773
657 1987
657 1516
657 1776
658 1620
658 2089
658 1548
659 2115
659 2173
659 1657
660 2101
660 1661
660 1676
661 2121
661 1635
661 1894
662 1641
662 1510
662 1717
663 1809
663 2156
663 1557
664 2056
664 1579
664 2045
665 2235
665 1816
665 1776
666 1705
666 1567
666 1850
667 1929
667 1823
667 1713
668 2181
668 1753
668 1718
669 2242
669 1687
669 1682
670 1858
670 1855
670 1752
671 2162
671 1520
671 2112
672 1953
672 1806
672 1722
673 1840
673 1690
673 1506
674 2226
674 2169
674 1710
675 1880
675 1909
675 1704
676 2182
676 1571
676 1732
677 1817
677 2168
677 1583
678 1850
678 1725
678 2003
679 2019
679 2229
679 1692
680 1624
680 2124
680 1551
681 2224
681 2003
681 1855
682 1558
682 2096
682 1594
683 1687
683 1798
683 2065
684 1624
684 1552
684 2182
685 1587
685 1775
685 1879
686 1610
686 2023
686 1609
687 2069
687 1742
687 1608
688 1664
688 2201
688 2090
689 2184
689 1817
689 1521
690 2212
690 2088
690 2065
691 1674
691 1624
691 1801
692 1880
692 1662
692 1820
693 2154
693 2212
693 1626
694 1995
694 1673
694 2163
695 1982
695 1707
695 1579
696 2238
696 1731
696 1678
697 1634
697 1535
697 2223
698 1919
698 1882
698 1601
699 1885
699 2201
699 1900
700 2219
700 2145
700 2122
701 2068
701 1618
701 2164
702 2080
702 1853
702 2179
703 2064
703 1713
703 2101
704 1810
704 2080
704 2238
705 2236
705 2196
705 1894
706 2143
706 2113
706 1759
707 1919
707 2224
707 2231
708 1881
708 1940
708 2235
709 1977
709 1744
709 1575
710 1596
710 1937
710 1520
711 1592
711 2039
711 2134
712 1889
712 2093
712 1881
713 1642
713 1596
713 2058
714 1940
714 1609
714 1753
715 2015
715 1934
715 2027
716 1691
716 1853
716 1535
717 1871
717 1774
717 1868
718 2193
718 1532
718 1939
719 2174
719 1526
719 1882
720 1710
720 1805
720 1522
721 2095
721 2085
721 2202
722 1616
722 1517
722 2207
723 1806
723 1715
723 1515
724 1969
724 1842
724 1559
725 1736
725 2084
725 1754
726 1822
726 2016
726 1640
727 1733
727 1867
727 1594
728 1943
728 1800
728 1606
729 1772
729 1604
729 1922
730 2122
730 1530
730 1664
731 1767
731 2172
731 1509
732 2056
732 1855
732 1690
733 1818
733 1786
733 1553
734 1972
734 1952
734 1514
735 1655
735 1569
735 1962
736 1527
736 1686
736 1577
737 2123
737 1627
737 1603
738 1882
738 1776
738 1746
739 1595
739 1585
739 1679
740 1633
740 2159
740 2069
741 2021
741 2016
741 1692
742 2117
742 2106
742 2239
743 1544
743 1629
743 1963
744 2221
744 1966
744 1667
745 1777
745 2181
745 1713
746 2149
746 1830
746 1902
747 2011
747 1969
747 2116
748 1576
748 1950
748 1575
749 1517
749 1956
749 2235
750 1994
750 1960
750 1833
751 1981
751 1517
751 2086
752 1655
752 2047
752 1702
753 2066
753 1961
753 1804
754 1612
754 1715
754 1649
755 1888
755 1598
755 1535
756 2108
756 1556
756 1603
757 2202
757 1870
757 2065
758 1570
758 2177
758 2069
759 1617
759 1504
759 1901
760 1810
760 1542
760 1504
761 1958
761 1962
761 2211
762 1702
762 1913
762 1696
763 1840
763 1661
763 1883
764 1594
764 1924
764 1796
765 2083
765 1725
765 1529
766 1623
766 2033
766 1872
767 2181
767 1538
767 2031
768 1922
768 1551
768 1946
769 2028
769 1782
769 1585
770 1712
770 2142
770 1641
771 2115
771 1863
771 1652
772 1512
772 1970
772 1703
773 2016
773 1694
773 1630
774 2027
774 1816
774 1789
775 2225
775 1966
775 1943
776 1685
776 1618
776 1584
777 1730
777 1998
777 1519
778 1543
778 1664
778 1940
779 1925
779 1531
779 2028
780 1863
780 2014
780 2136
781 2049
781 1926
781 1705
782 1613
782 2211
782 1543
783 1775
783 1612
783 2180
784 1742
784 1534
784 2189
785 1962
785 2064
785 2094
786 2228
786 2009
786 1529
787 1826
787 1752
787 1705
788 1654
788 1869
788 1840
789 2141
789 1977
789 1925
790 1736
790 2181
790 1594
791 2072
791 1692
791 1592
792 2161
792 2116
792 1981
793 1710
793 1729
793 1928
794 2079
794 1794
794 1515
795 1798
795 2122
795 1866
796 1791
796 1564
796 1846
797 2229
797 1691
797 1621
798 1908
798 1599
798 1668
799 2099
799 2128
799 1763
800 2169
800 1975
800 1604
801 1719
801 2060
801 1948
802 2081
802 2029
802 1881
803 2196
803 1890
803 2159
804 2153
804 1971
804 2024
805 1987
805 1929
805 1593
806 1999
806 2028
806 1831
807 2196
807 1596
807 2207
808 1986
808 2233
808 1504
809 2124
809 1728
809 1796
810 2116
810 1768
810 1726
811 1876
811 1523
811 2221
812 2226
812 2036
812 1563
813 1715
813 1698
813 1604
814 1553
814 1742
814 1651
815 2228
815 2142
815 1802
816 2136
816 1940
816 1609
817 1882
817 1625
817 1721
818 1647
818 1978
818 1935
819 2221
819 1665
819 1614
820 2146
820 2034
820 2066
821 2016
821 1552
821 2001
822 2032
822 1619
822 1717
823 1892
823 2129
823 1951
824 1530
824 2235
824 1909
825 1938
825 1654
825 1809
826 2178
826 1590
826 2043
827 1510
827 1523
827 1845
828 2206
828 1552
828 2091
829 1531
829 1524
829 2056
830 2203
830 1618
830 2006
831 2061
831 2151
831 1782
832 1770
832 1699
832 1625
833 2100
833 1524
833 2190
834 1642
834 1547
834 1754
835 1947
835 1750
835 1586
836 1599
836 1869
836 1522
837 1786
837 1705
837 1681
838 2192
838 1962
838 1851
839 1644
839 1956
839 2084
840 2091
840 2039
840 2115
841 2091
841 1885
841 1532
842 1819
842 1595
842 1797
843 1813
843 2094
843 1849
844 1773
844 2126
844 1597
845 2164
845 2025
845 1946
846 2031
846 1841
846 1839
847 1829
847 2220
847 1866
848 1928
848 2022
848 2001
849 1799
849 1534
849 1913
850 1611
850 1829
850 1842
851 1866
851 2152
851 1736
852 1587
852 1768
852 2078
853 2156
853 2122
853 2095
854 1977
854 1642
854 1958
855 2127
855 1653
855 1599
856 1763
856 1900
856 1789
857 1998
857 2178
857 1851
858 2070
858 1836
858 1786
859 2174
859 1578
859 1618
860 1829
860 2242
860 2126
861 1963
861 1707
861 1794
862 1672
862 1878
862 1549
863 1619
863 1706
863 2082
864 1665
864 1591
864 1776
865 1663
865 2038
865 2208
866 2131
866 1572
866 1536
867 1925
867 1800
867 2148
868 1827
868 1745
868 1698
869 2123
869 1732
869 1574
870 2216
870 1829
870 1530
871 1945
871 1581
871 1693
872 1676
872 1608
872 2230
873 2156
873 1801
873 1505
874 1996
874 1698
874 1558
875 2079
875 1914
875 1517
876 1596
876 1572
876 1583
877 2024
877 2127
877 1993
878 2047
878 2111
878 1550
879 2244
879 1664
879 1657
880 2223
880 2114
880 1521
881 1500
881 1630
881 1569
882 1734
882 1666
882 1534
883 2089
883 2152
883 1574
884 2106
884 2143
884 1900
885 2128
885 1997
885 1597
886 2176
886 1568
886 2153
887 1874
887 1963
887 1630
888 2062
888 1965
888 1595
889 2217
889 1544
889 1941
890 1818
890 1674
890 2027
891 1796
891 2177
891 1652
892 1962
892 1803
892 2051
893 2164
893 1709
893 2168
894 2208
894 1790
894 1603
895 1595
895 1608
895 2197
896 1827
896 1719
896 1939
897 2088
897 1645
897 1856
898 2147
898 1523
898 2138
899 2144
899 1980
899 2046
900 1510
900 2037
900 2067
901 2204
901 1782
901 1950
902 2234
902 1931
902 2049
903 1895
903 1559
903 1958
904 2209
904 2180
904 2113
905 1714
905 2238
905 1952
906 2068
906 1836
906 2067
907 1520
907 1829
907 2114
908 1975
908 1846
908 2123
909 2237
909 2035
909 2063
910 1658
910 1842
910 1898
911 1540
911 2096
911 2009
912 2227
912 1508
912 1928
913 1966
913 1689
913 1548
914 2029
914 2001
914 1547
915 2157
915 1908
915 1719
916 1917
916 2179
916 2131
917 2086
917 2154
917 2142
918 2091
918 1851
918 1783
919 1961
919 1525
919 2080
920 1852
920 1835
920 1593
921 1873
921 1986
921 1698
922 1906
922 1648
922 1680
923 2165
923 2072
923 1573
924 1679
924 1692
924 2222
925 1759
925 2189
925 1576
926 1636
926 2217
926 1664
927 1678
927 1974
927 2207
928 2206
928 2114
928 1594
929 2144
929 2113
929 1832
930 1699
930 2036
930 1695
931 1954
931 1664
931 1669
932 2237
932 2058
932 2182
933 1597
933 1566
933 1580
934 1617
934 1616
934 1584
935 1652
935 2088
935 2107
936 2168
936 2152
936 1759
937 1698
937 1628
937 1534
938 2114
938 1885
938 1714
939 1770
939 1737
939 2149
940 2027
940 2161
940 1856
941 2246
941 1754
941 1939
942 2236
942 2161
942 1891
943 1717
943 1823
943 1994
944 1814
944 2168
944 1611
945 1828
945 2073
945 2023
946 1518
946 1517
946 1680
947 1918
947 1929
947 2145
948 1665
948 1693
948 1866
949 1885
949 1619
949 1991
950 2013
950 1925
950 1756
951 1626
951 1610
951 2248
952 1938
952 1592
952 2064
953 1951
953 1681
953 2118
954 1763
954 1868
954 1670
955 1627
955 1616
955 1726
956 2026
956 1637
956 1738
957 2119
957 2230
957 1955
958 1971
958 1807
958 1574
959 1648
959 2032
959 1850
960 2076
960 1501
960 1586
961 1753
961 1586
961 1993
962 1566
962 2192
962 1647
963 1889
963 2118
963 1784
964 1998
964 1614
964 1916
965 1680
965 1658
965 1577
966 1847
966 2209
966 1893
967 2187
967 1562
967 1730
968 1857
968 2042
968 2215
969 1571
969 1716
969 1670
970 1760
970 1559
970 1896
971 1826
971 1664
971 1839
972 1748
972 1632
972 1542
973 1844
973 1716
973 1752
974 1919
974 1914
974 1627
975 1587
975 1948
975 1776
976 2168
976 2083
976 2049
977 2078
977 1900
977 2206
978 1909
978 1839
978 1571
979 2209
979 1719
979 1822
980 2083
980 1863
980 1593
981 1582
981 1903
981 2053
982 1682
982 1579
982 1543
983 2188
983 1903
983 1910
984 1994
984 1580
984 1993
985 1894
985 2200
985 1885
986 1669
986 1524
986 1983
987 1735
987 2039
987 1987
988 2240
988 2158
988 1842
989 1935
989 1907
989 1780
990 1817
990 2056
990 1871
991 2037
991 1848
991 2237
992 1955
992 1613
992 2126
993 1966
993 1958
993 1562
994 1521
994 2200
994 1980
995 2003
995 2183
995 1629
996 1536
996 1693
996 1744
997 1628
997 1702
997 2170
998 1836
998 1774
998 1509
999 2100
999 1706
999 1586
1000 2247
1000 2144
1000 1532
1001 2074
1001 1799
1001 2177
1002 1762
1002 1706
1002 2045
1003 1514
1003 1763
1003 1978
1004 1545
1004 2069
1004 1877
1005 1997
1005 2093
1005 2145
1006 1994
1006 1940
1006 1773
1007 1946
1007 1542
1007 1508
1008 1582
1008 2051
1008 2028
1009 1676
1009 1520
1009 1761
1010 2209
1010 1781
1010 1510
1011 1584
1011 1529
1011 1557
1012 1618
1012 1534
1012 1704
1013 2085
1013 1705
1013 1956
1014 2158
1014 2034
1014 2188
1015 1508
1015 1822
1015 1827
1016 1770
1016 2063
1016 1564
1017 2224
1017 2206
1017 1746
1018 1775
1018 2117
1018 1783
1019 1801
1019 1695
1019 1528
1020 1548
1020 1804
1020 1940
1021 1703
1021 1511
1021 1503
1022 2013
1022 1726
1022 2020
1023 1638
1023 1940
1023 1537
1024 2168
1024 1865
1024 1597
1025 1588
1025 1641
1025 2092
1026 2096
1026 2230
1026 2148
1027 2184
1027 1618
1027 1617
1028 2241
1028 1714
1028 1951
1029 1599
1029 2074
1029 1521
1030 1682
1030 1525
1030 1861
1031 1966
1031 1683
1031 1547
1032 1995
1032 1928
1032 1794
1033 1583
1033 1564
1033 1645
1034 1953
1034 2117
1034 1605
1035 2241
1035 1865
1035 1681
1036 2148
1036 1583
1036 1515
1037 1681
1037 1524
1037 1512
1038 1540
1038 1738
1038 1734
1039 1859
1039 2140
1039 1866
1040 1931
1040 1664
1040 1622
1041 2208
1041 1675
1041 2120
1042 1511
1042 2039
1042 1727
1043 1625
1043 1757
1043 1573
1044 2116
1044 2099
1044 1740
1045 1972
1045 1635
1045 1569
1046 2157
1046 1866
1046 2037
1047 1609
1047 2087
1047 1878
1048 2112
1048 1519
1048 1516
1049 1872
1049 1757
1049 1672
1050 2186
1050 2191
1050 1950
1051 2168
1051 1960
1051 1506
1052 1818
1052 2019
1052 1710
1053 2138
1053 2016
1053 1855
1054 1979
1054 1819
1054 1779
1055 2169
1055 1632
1055 1852
1056 1757
1056 2247
1056 1639
1057 1983
1057 1621
1057 1524
1058 1811
1058 2144
1058 1674
1059 1868
1059 1849
1059 2115
1060 2017
1060 1979
1060 1510
1061 1835
1061 1667
1061 2152
1062 1842
1062 2014
1062 2066
1063 1543
1063 2124
1063 1975
1064 1590
1064 1788
1064 1708
1065 2038
1065 1950
1065 2006
1066 1746
1066 1662
1066 1775
1067 1654
1067 1596
1067 1914
1068 2058
1068 1775
1068 2132
1069 1976
1069 1799
1069 2236
1070 2081
1070 1717
1070 1757
1071 2213
1071 2043
1071 1566
1072 2177
1072 2114
1072 1639
1073 2074
1073 1653
1073 1618
1074 1693
1074 2023
1074 2111
1075 2016
1075 1984
1075 1601
1076 1712
1076 1764
1076 1635
1077 2178
1077 1703
1077 1633
1078 2169
1078 1773
1078 2042
1079 1811
1079 1734
1079 2148
1080 1858
1080 2167
1080 2150
1081 2172
1081 2056
1081 1918
1082 2188
1082 1947
1082 1714
1083 2232
1083 1642
1083 1710
1084 1536
1084 1980
1084 1889
1085 1836
1085 1530
1085 2223
1086 1689
1086 2077
1086 1586
1087 1644
1087 1826
1087 1903
1088 1902
1088 1742
1088 2197
1089 2015
1089 1719
1089 1523
1090 1995
1090 2138
1090 1717
1091 1591
1091 1552
1091 2055
1092 1592
1092 1834
1092 1888
1093 1709
1093 2216
1093 2037
1094 2040
1094 1881
1094 2003
1095 1749
1095 1994
1095 1787
1096 2227
1096 1985
1096 1568
1097 1505
1097 2235
1097 2218
1098 1928
1098 1763
1098 2119
1099 2103
1099 2150
1099 1737
1100 2160
1100 1667
1100 1917
1101 2092
1101 1705
1101 1786
1102 1570
1102 1674
1102 1694
1103 1632
1103 1790
1103 1847
1104 2234
1104 1775
1104 1999
1105 1877
1105 1565
1105 2181
1106 2247
1106 2235
1106 1815
1107 2086
1107 1740
1107 1543
1108 1982
1108 1584
1108 1790
1109 1940
1109 1953
1109 1688
1110 2050
1110 1752
1110 2008
1111 2196
1111 1889
1111 1936
1112 1632
1112 2204
1112 1642
1113 1885
1113 1758
1113 1907
1114 2066
1114 2145
1114 1756
1115 1837
1115 2016
1115 1942
1116 1981
1116 2003
1116 1935
1117 2009
1117 1646
1117 2202
1118 2166
1118 1986
1118 1738
1119 2063
1119 2005
1119 1663
1120 2087
1120 2172
1120 2039
1121 1822
1121 1864
1121 2049
1122 1856
1122 1889
1122 1781
1123 1583
1123 1581
1123 2198
1124 2080
1124 1608
1124 1995
1125 2081
1125 1659
1125 2084
1126 1797
1126 1703
1126 1996
1127 1806
1127 2076
1127 1702
1128 1943
1128 1593
1128 1942
1129 1756
1129 1846
1129 1918
1130 1832
1130 1923
1130 1745
1131 2244
1131 1987
1131 1799
1132 1942
1132 1856
1132 1890
1133 1573
1133 2025
1133 1973
1134 1986
1134 1938
1134 1629
1135 1689
1135 2182
1135 2123
1136 2099
1136 2244
1136 1991
1137 2189
1137 2057
1137 1774
1138 2224
1138 1510
1138 2063
1139 1570
1139 2124
1139 1510
1140 1800
1140 2108
1140 1504
1141 2206
1141 1854
1141 1829
1142 1923
1142 1917
1142 2224
1143 1800
1143 1567
1143 1901
1144 1516
1144 2157
1144 1910
1145 1788
1145 2120
1145 2109
1146 1927
1146 1764
1146 2246
1147 2093
1147 1991
1147 1953
1148 1570
1148 2229
1148 1676
1149 2083
1149 1764
1149 1593
1150 2151
1150 1803
1150 2144
1151 1861
1151 2096
1151 1569
1152 1985
1152 2003
1152 1709
1153 1731
1153 1559
1153 2096
1154 1867
1154 1580
1154 1965
1155 1721
1155 1627
1155 1501
1156 1761
1156 2108
1156 1733
1157 2094
1157 2009
1157 2006
1158 1769
1158 1817
1158 2140
1159 1930
1159 2123
1159 1929
1160 1664
1160 1622
1160 2146
1161 1881
1161 1905
1161 1737
1162 1690
1162 2221
1162 2228
1163 1894
1163 1804
1163 2141
1164 2141
1164 1537
1164 1961
1165 1695
1165 1804
1165 1619
1166 1801
1166 2142
1166 1958
1167 1831
1167 1939
1167 1891
1168 1851
1168 1500
1168 2054
1169 1610
1169 1694
1169 2172
1170 2240
1170 1638
1170 1595
1171 1804
1171 1766
1171 1748
1172 2028
1172 1781
1172 1591
1173 1639
1173 1973
1173 2191
1174 1560
1174 2208
1174 1951
1175 2068
1175 1732
1175 1646
1176 1795
1176 1656
1176 1990
1177 1725
1177 1711
1177 1583
1178 2076
1178 1778
1178 2224
1179 1614
1179 2008
1179 2159
1180 2112
1180 1739
1180 1882
1181 1900
1181 1634
1181 1863
1182 2083
1182 1889
1182 2202
1183 1921
1183 1967
1183 1797
1184 1551
1184 1702
1184 1974
1185 2106
1185 1660
1185 1971
1186 1948
1186 1866
1186 1804
1187 1709
1187 1642
1187 1651
1188 2162
1188 1994
1188 1925
1189 1543
1189 1878
1189 1824
1190 1933
1190 1532
1190 1633
1191 2060
1191 1932
1191 1565
1192 2017
1192 2175
1192 2186
1193 2140
1193 1970
1193 1944
1194 1546
1194 1689
1194 1506
1195 2228
1195 1837
1195 1934
1196 2017
1196 2248
1196 1726
1197 2000
1197 2061
1197 1606
1198 2094
1198 1624
1198 1695
1199 2191
1199 2190
1199 1588
1200 1525
1200 2096
1200 1701
1201 1939
1201 2248
1201 1837
1202 1740
1202 1544
1202 1821
1203 2112
1203 1535
1203 2190
1204 2113
1204 1925
1204 1960
1205 2014
1205 1575
1205 2071
1206 2239
1206 1527
1206 1596
1207 1839
1207 2059
1207 2020
1208 2207
1208 1617
1208 1817
1209 2241
1209 1565
1209 2207
1210 1703
1210 1576
1210 1619
1211 1824
1211 1530
1211 2119
1212 2232
1212 2081
1212 1562
1213 1622
1213 2011
1213 1679
1214 1977
1214 2169
1214 2190
1215 2164
1215 2198
1215 1768
1216 2156
1216 1902
1216 1801
1217 2069
1217 1890
1217 1513
1218 1893
1218 2201
1218 2020
1219 1955
1219 2014
1219 1869
1220 2194
1220 1911
1220 1534
1221 1915
1221 1929
1221 2133
1222 2197
1222 2126
1222 1921
1223 1762
1223 1521
1223 1578
1224 1667
1224 1752
1224 2060
1225 2030
1225 1720
1225 1781
1226 2052
1226 1559
1226 1518
1227 2103
1227 1666
1227 2119
1228 1698
1228 1598
1228 1851
1229 2015
1229 2012
1229 1736
1230 2122
1230 2023
1230 2149
1231 1882
1231 1935
1231 1817
1232 2091
1232 2175
1232 1575
1233 2224
1233 1668
1233 1535
1234 2155
1234 2114
1234 1885
1235 1916
1235 2152
1235 2055
1236 1709
1236 1504
1236 1641
1237 1553
1237 2027
1237 2177
1238 2135
1238 1788
1238 2053
1239 1635
1239 1975
1239 1642
1240 2043
1240 1799
1240 1749
1241 1632
1241 1766
1241 1832
1242 2107
1242 1789
1242 1754
1243 2215
1243 1517
1243 1785
1244 1962
1244 1764
1244 1572
1245 1503
1245 1541
1245 1578
1246 1673
1246 1705
1246 1708
1247 1579
1247 1933
1247 1548
1248 1820
1248 2029
1248 2234
1249 2128
1249 1924
1249 2047
1250 1762
1250 2089
1250 1637
1251 2159
1251 1859
1251 2221
1252 1580
1252 1911
1252 1924
1253 2056
1253 1838
1253 2151
1254 2176
1254 1603
1254 2248
1255 2042
1255 1741
1255 1966
1256 1947
1256 1847
1256 2138
1257 1682
1257 1837
1257 2150
1258 1736
1258 1595
1258 1755
1259 1870
1259 2249
1259 1571
1260 1980
1260 1689
1260 1555
1261 1842
1261 1516
1261 1779
1262 1678
1262 2151
1262 1898
1263 1584
1263 1717
1263 2179
1264 1865
1264 2010
1264 2027
1265 1586
1265 1748
1265 1815
1266 1650
1266 1930
1266 2004
1267 1585
1267 1673
1267 1944
1268 1831
1268 1917
1268 2119
1269 1712
1269 1758
1269 1657
1270 1787
1270 1826
1270 2140
1271 1534
1271 1646
1271 1750
1272 1991
1272 2240
1272 2243
1273 1687
1273 1714
1273 2166
1274 2141
1274 1687
1274 2224
1275 1836
1275 1899
1275 1922
1276 1680
1276 1583
1276 2004
1277 1674
1277 1607
1277 2240
1278 1632
1278 1649
1278 2051
1279 2101
1279 1974
1279 1790
1280 1851
1280 2045
1280 1502
1281 1641
1281 1747
1281 1939
1282 1929
1282 1685
1282 2238
1283 1937
1283 1526
1283 1825
1284 1676
1284 1643
1284 1817
1285 1588
1285 1511
1285 2207
1286 1739
1286 1724
1286 2184
1287 1978
1287 1593
1287 2020
1288 1687
1288 1971
1288 2012
1289 2082
1289 1973
1289 2239
1290 2010
1290 1569
1290 1746
1291 1554
1291 2174
1291 2249
1292 1854
1292 1540
1292 1999
1293 1526
1293 1785
1293 2020
1294 1605
1294 1964
1294 1813
1295 1721
1295 1606
1295 1988
1296 1643
1296 1806
1296 2205
1297 2200
1297 2092
1297 1972
1298 1675
1298 1785
1298 1940
1299 2064
1299 2208
1299 2249
1300 1750
1300 1765
1300 2200
1301 2060
1301 1959
1301 1561
1302 1693
1302 1741
1302 1868
1303 1607
1303 1903
1303 2207
1304 2089
1304 2168
1304 2220
1305 1756
1305 1965
1305 2216
1306 2057
1306 1566
1306 1853
1307 1600
1307 2035
1307 1549
1308 1991
1308 2139
1308 1807
1309 2124
1309 1613
1309 1735
1310 1840
1310 1741
1310 1747
1311 2071
1311 1713
1311 2100
1312 1541
1312 1833
1312 1744
1313 1658
1313 1609
1313 2225
1314 2172
1314 1995
1314 1515
1315 1611
1315 2035
1315 1637
1316 1913
1316 1893
1316 2172
1317 1689
1317 1985
1317 1786
1318 2058
1318 1590
1318 1953
1319 1778
1319 1616
1319 1877
1320 2120
1320 2149
1320 2161
1321 2078
1321 1900
1321 2228
1322 1924
1322 1571
1322 1982
1323 2088
1323 2036
1323 2038
1324 1825
1324 1579
1324 1986
1325 1797
1325 1725
1325 2100
1326 1586
1326 1897
1326 2021
1327 1659
1327 1610
1327 2076
1328 2006
1328 1736
1328 2154
1329 1742
1329 1535
1329 1566
1330 1843
1330 1995
1330 2202
1331 2231
1331 1824
1331 1930
1332 1926
1332 1826
1332 2031
1333 1642
1333 1682
1333 1825
1334 1570
1334 2243
1334 2079
1335 1999
1335 1651
1335 2246
1336 1987
1336 2021
1336 2142
1337 1764
1337 1799
1337 1947
1338 2043
1338 2207
1338 1557
1339 1689
1339 1704
1339 2072
1340 1626
1340 1799
1340 2035
1341 2101
1341 1758
1341 1783
1342 2210
1342 1977
1342 2031
1343 1819
1343 2150
1343 1675
1344 1752
1344 1658
1344 1819
1345 2148
1345 2160
1345 2172
1346 1897
1346 2088
1346 1601
1347 1639
1347 1502
1347 1902
1348 1700
1348 1919
1348 1991
1349 2037
1349 1904
1349 2142
1350 2238
1350 1628
1350 1657
1351 1628
1351 2033
1351 2205
1352 1680
1352 1685
1352 2241
1353 1822
1353 1620
1353 1697
1354 1664
1354 1904
1354 2081
1355 1503
1355 1857
1355 2061
1356 1692
1356 1557
1356 2098
1357 1609
1357 1851
1357 1995
1358 2175
1358 1768
1358 1822
1359 1939
1359 2040
1359 1617
1360 1760
1360 1796
1360 1942
1361 2098
1361 2162
1361 2169
1362 1695
1362 1839
1362 2011
1363 1512
1363 2051
1363 2093
1364 1608
1364 1853
1364 2171
1365 2148
1365 1917
1365 2104
1366 1997
1366 2241
1366 1757
1367 1945
1367 2053
1367 1829
1368 1680
1368 1818
1368 1904
1369 1717
1369 1728
1369 2071
1370 2001
1370 2095
1370 2197
1371 1598
1371 1711
1371 1500
1372 1963
1372 1956
1372 2140
1373 2175
1373 1604
1373 1674
1374 2199
1374 1817
1374 1995
1375 1985
1375 1837
1375 1771
1376 1998
1376 2184
1376 2216
1377 1584
1377 2003
1377 2210
1378 2182
1378 1613
1378 1606
1379 1796
1379 1986
1379 2215
1380 1639
1380 1626
1380 1910
1381 2038
1381 2005
1381 2044
1382 2022
1382 2129
1382 2141
1383 1840
1383 1622
1383 1731
1384 2119
1384 2155
1384 2123
1385 2161
1385 1737
1385 1570
1386 1563
1386 1718
1386 1886
1387 1714
1387 1793
1387 2229
1388 1754
1388 2223
1388 1874
1389 1900
1389 1519
1389 2047
1390 1882
1390 1674
1390 2023
1391 2106
1391 1596
1391 2212
1392 1580
1392 1665
1392 1831
1393 1630
1393 1786
1393 2140
1394 1500
1394 1526
1394 2061
1395 1670
1395 1627
1395 1902
1396 2154
1396 1784
1396 2030
1397 2145
1397 2117
1397 1795
1398 2142
1398 1894
1398 1968
1399 2094
1399 2216
1399 1726
1400 1530
1400 2122
1400 2169
1401 1819
1401 1773
1401 1855
1402 1626
1402 1804
1402 2194
1403 1542
1403 1573
1403 1726
1404 2235
1404 1633
1404 2074
1405 1600
1405 1918
1405 1725
1406 1738
1406 1964
1406 2092
1407 1988
1407 1640
1407 1947
1408 1970
1408 1935
1408 1968
1409 1600
1409 1668
1409 2072
1410 1933
1410 1527
1410 1909
1411 1712
1411 1830
1411 2235
1412 2109
1412 1546
1412 1645
1413 1505
1413 1937
1413 2221
1414 2128
1414 2206
1414 2033
1415 2218
1415 1781
1415 1997
1416 1551
1416 1548
1416 1960
1417 1830
1417 1834
1417 2089
1418 2242
1418 2005
1418 2051
1419 1837
1419 1646
1419 1529
1420 1609
1420 1692
1420 1974
1421 1654
1421 1555
1421 2227
1422 2161
1422 1655
1422 2002
1423 1607
1423 1955
1423 1975
1424 1642
1424 1756
1424 2067
1425 2046
1425 1553
1425 1556
1426 2158
1426 1918
1426 2231
1427 1786
1427 1912
1427 2023
1428 1548
1428 1837
1428 1639
1429 2110
1429 1752
1429 2187
1430 2014
1430 1745
1430 2178
1431 1771
1431 1789
1431 2214
1432 1627
1432 1655
1432 2090
1433 1975
1433 2160
1433 2165
1434 1844
1434 2184
1434 2213
1435 2058
1435 1528
1435 2010
1436 1618
1436 2102
1436 1507
1437 1607
1437 1773
1437 2156
1438 1592
1438 1646
1438 2191
1439 1692
1439 1775
1439 2159
1440 1763
1440 1895
1440 1846
1441 1573
1441 1860
1441 2031
1442 1874
1442 1668
1442 1767
1443 1552
1443 1626
1443 1910
1444 1547
1444 1753
1444 1758
1445 2204
1445 1998
1445 2144
1446 1817
1446 1565
1446 1847
1447 1854
1447 1552
1447 1952
1448 1502
1448 1513
1448 2076
1449 1696
1449 1621
1449 1808
1450 2007
1450 1878
1450 1550
1451 1591
1451 1820
1451 1843
1452 2201
1452 1553
1452 1687
1453 1704
1453 1960
1453 1669
1454 1904
1454 1967
1454 2162
1455 1739
1455 1588
1455 1646
1456 2128
1456 1791
1456 1763
1457 1614
1457 1909
1457 1949
1458 1611
1458 2100
1458 1951
1459 1501
1459 1954
1459 2237
1460 1536
1460 1952
1460 1953
1461 1882
1461 1501
1461 2008
1462 2197
1462 1683
1462 2035
1463 2024
1463 1626
1463 1929
1464 1780
1464 1870
1464 2016
1465 2115
1465 1843
1465 2060
1466 1726
1466 1633
1466 1830
1467 1850
1467 1951
1467 2150
1468 1667
1468 2101
1468 2182
1469 2000
1469 2074
1469 1547
1470 1969
1470 1549
1470 2071
1471 1597
1471 1578
1471 2115
1472 1929
1472 1709
1472 1850
1473 1549
1473 2080
1473 2087
1474 1591
1474 2078
1474 2213
1475 1875
1475 1933
1475 2105
1476 1670
1476 1910
1476 2044
1477 1581
1477 1534
1477 2049
1478 2215
1478 2239
1478 1846
1479 2206
1479 1587
1479 2182
1480 1706
1480 1784
1480 2011
1481 1805
1481 1900
1481 1698
1482 1980
1482 2062
1482 2178
1483 1662
1483 1742
1483 1878
1484 1554
1484 1725
1484 1695
1485 1717
1485 1569
1485 1719
1486 1770
1486 1800
1486 2096
1487 1811
1487 1550
1487 1724
1488 1970
1488 2034
1488 2116
1489 1582
1489 1944
1489 2067
1490 1614
1490 1546
1490 1530
1491 2053
1491 2037
1491 2176
1492 1908
1492 2015
1492 2205
1493 1706
1493 2165
1493 1791
1494 1917
1494 1909
1494 1625
1495 1871
1495 1525
1495 2181
1496 1754
1496 1924
1496 2040
1497 1673
1497 1744
1497 1933
1498 1863
1498 1876
1498 1795
1499 1690
1499 1737
1499 2163
