1500 3000
0 1339
0 1302
0 1353
1 1183
1 1412
1 1170
2 1330
2 1086
2 1043
3 1188
3 1325
3 1061
4 1137
4 1159
4 1074
5 1256
5 1396
5 1058
6 1197
6 1144
6 1452
7 1343
7 1472
7 1087
8 1151
8 1413
8 1234
9 1158
9 1117
9 1325
10 1106
10 1451
10 1241
11 1214
11 1127
11 1402
12 1014
12 1017
12 1241
13 1183
13 1200
13 1278
14 1205
14 1175
14 1406
15 1280
15 1141
15 1396
16 1079
16 1479
16 1089
17 1009
17 1409
17 1477
18 1276
18 1378
18 1364
19 1494
19 1288
19 1261
20 1478
20 1267
20 1389
21 1349
21 1423
21 1427
22 1342
22 1293
22 1129
23 1331
23 1472
23 1194
24 1105
24 1069
24 1193
25 1174
25 1024
25 1047
26 1177
26 1481
26 1119
27 1129
27 1459
27 1143
28 1262
28 1369
28 1099
29 1283
29 1373
29 1408
30 1107
30 1296
30 1245
31 1232
31 1013
31 1141
32 1251
32 1021
32 1294
33 1012
33 1185
33 1075
34 1161
34 1439
34 1065
35 1499
35 1023
35 1296
36 1180
36 1427
36 1381
37 1376
37 1055
37 1336
38 1100
38 1370
38 1468
39 1046
39 1288
39 1067
40 1141
40 1030
40 1060
41 1029
41 1134
41 1044
42 1363
42 1468
42 1499
43 1333
43 1388
43 1209
44 1171
44 1495
44 1228
45 1392
45 1123
45 1444
46 1086
46 1336
46 1059
47 1060
47 1057
47 1447
48 1418
48 1385
48 1008
49 1446
49 1434
49 1280
50 1237
50 1282
50 1315
51 1406
51 1079
51 1277
52 1117
52 1424
52 1445
53 1318
53 1499
53 1225
54 1340
54 1490
54 1385
55 1095
55 1285
55 1452
56 1191
56 1407
56 1413
57 1150
57 1488
57 1203
58 1450
58 1110
58 1443
59 1114
59 1072
59 1231
60 1438
60 1241
60 1081
61 1226
61 1153
61 1192
62 1433
62 1487
62 1158
63 1047
63 1054
63 1162
64 1460
64 1090
64 1012
65 1474
65 1211
65 1150
66 1132
66 1437
66 1108
67 1222
67 1056
67 1406
68 1180
68 1385
68 1152
69 1240
69 1074
69 1305
70 1146
70 1259
70 1017
71 1071
71 1385
71 1215
72 1092
72 1322
72 1249
73 1453
73 1246
73 1227
74 1201
74 1087
74 1133
75 1125
75 1499
75 1192
76 1246
76 1475
76 1095
77 1315
77 1228
77 1288
78 1258
78 1499
78 1211
79 1072
79 1308
79 1398
80 1207
80 1234
80 1371
81 1051
81 1411
81 1379
82 1428
82 1199
82 1296
83 1493
83 1078
83 1169
84 1383
84 1445
84 1277
85 1404
85 1463
85 1411
86 1411
86 1206
86 1261
87 1276
87 1420
87 1242
88 1274
88 1010
88 1100
89 1406
89 1165
89 1117
90 1300
90 1357
90 1072
91 1170
91 1293
91 1234
92 1114
92 1298
92 1070
93 1488
93 1072
93 1083
94 1109
94 1301
94 1439
95 1183
95 1456
95 1372
96 1195
96 1445
96 1147
97 1382
97 1397
97 1117
98 1198
98 1395
98 1166
99 1471
99 1394
99 1166
100 1496
100 1467
100 1385
101 1208
101 1186
101 1195
102 1468
102 1450
102 1032
103 1363
103 1400
103 1092
104 1034
104 1077
104 1392
105 1172
105 1210
105 1248
106 1415
106 1162
106 1249
107 1324
107 1271
107 1397
108 1024
108 1311
108 1451
109 1494
109 1366
109 1133
110 1378
110 1248
110 1143
111 1042
111 1052
111 1190
112 1418
112 1489
112 1050
113 1206
113 1355
113 1225
114 1383
114 1296
114 1137
115 1377
115 1065
115 1091
116 1136
116 1336
116 1452
117 1268
117 1054
117 1336
118 1328
118 1474
118 1046
119 1416
119 1472
119 1015
120 1303
120 1345
120 1016
121 1067
121 1030
121 1025
122 1057
122 1130
122 1162
123 1316
123 1258
123 1198
124 1099
124 1135
124 1068
125 1129
125 1337
125 1315
126 1117
126 1370
126 1303
127 1170
127 1086
127 1489
128 1403
128 1491
128 1095
129 1307
129 1407
129 1168
130 1137
130 1142
130 1356
131 1277
131 1002
131 1018
132 1296
132 1030
132 1264
133 1127
133 1262
133 1033
134 1379
134 1104
134 1230
135 1183
135 1448
135 1338
136 1042
136 1370
136 1428
137 1349
137 1110
137 1017
138 1188
138 1261
138 1476
139 1380
139 1055
139 1470
140 1335
140 1069
140 1454
141 1068
141 1039
141 1180
142 1184
142 1473
142 1489
143 1435
143 1395
143 1035
144 1162
144 1394
144 1496
145 1430
145 1312
145 1056
146 1357
146 1273
146 1025
147 1047
147 1198
147 1276
148 1327
148 1096
148 1159
149 1361
149 1440
149 1134
150 1437
150 1206
150 1312
151 1144
151 1222
151 1319
152 1128
152 1431
152 1472
153 1149
153 1015
153 1348
154 1342
154 1353
154 1266
155 1475
155 1333
155 1338
156 1050
156 1320
156 1495
157 1353
157 1014
157 1439
158 1303
158 1457
158 1311
159 1067
159 1128
159 1470
160 1436
160 1023
160 1382
161 1356
161 1286
161 1110
162 1146
162 1253
162 1040
163 1470
163 1411
163 1092
164 1067
164 1307
164 1199
165 1306
165 1067
165 1309
166 1334
166 1248
166 1318
167 1046
167 1454
167 1341
168 1336
168 1127
168 1311
169 1267
169 1411
169 1146
170 1198
170 1360
170 1242
171 1335
171 1146
171 1263
172 1438
172 1074
172 1283
173 1220
173 1374
173 1481
174 1479
174 1356
174 1351
175 1028
175 1178
175 1336
176 1285
176 1124
176 1015
177 1387
177 1317
177 1176
178 1343
178 1085
178 1448
179 1246
179 1279
179 1229
180 1253
180 1453
180 1152
181 1147
181 1280
181 1397
182 1195
182 1022
182 1399
183 1019
183 1351
183 1076
184 1484
184 1149
184 1439
185 1001
185 1391
185 1470
186 1165
186 1160
186 1032
187 1063
187 1045
187 1443
188 1365
188 1108
188 1407
189 1434
189 1076
189 1459
190 1106
190 1498
190 1148
191 1397
191 1097
191 1467
192 1021
192 1109
192 1392
193 1420
193 1354
193 1219
194 1245
194 1084
194 1434
195 1335
195 1312
195 1472
196 1175
196 1405
196 1240
197 1238
197 1078
197 1310
198 1266
198 1386
198 1416
199 1439
199 1386
199 1337
200 1328
200 1257
200 1348
201 1121
201 1344
201 1107
202 1022
202 1084
202 1499
203 1089
203 1398
203 1478
204 1438
204 1081
204 1484
205 1050
205 1262
205 1080
206 1372
206 1276
206 1157
207 1231
207 1208
207 1491
208 1064
208 1011
208 1441
209 1043
209 1491
209 1210
210 1106
210 1267
210 1238
211 1028
211 1422
211 1225
212 1046
212 1464
212 1221
213 1003
213 1198
213 1283
214 1245
214 1313
214 1100
215 1181
215 1421
215 1343
216 1243
216 1113
216 1473
217 1105
217 1185
217 1368
218 1435
218 1063
218 1368
219 1027
219 1386
219 1058
220 1044
220 1099
220 1326
221 1340
221 1245
221 1029
222 1291
222 1341
222 1308
223 1136
223 1227
223 1298
224 1044
224 1499
224 1170
225 1436
225 1410
225 1466
226 1019
226 1426
226 1231
227 1075
227 1161
227 1424
228 1414
228 1132
228 1042
229 1015
229 1444
229 1398
230 1303
230 1209
230 1263
231 1357
231 1131
231 1048
232 1160
232 1497
232 1152
233 1048
233 1227
233 1065
234 1346
234 1368
234 1265
235 1130
235 1138
235 1490
236 1487
236 1346
236 1470
237 1281
237 1478
237 1404
238 1405
238 1263
238 1287
239 1486
239 1096
239 1448
240 1234
240 1105
240 1025
241 1284
241 1413
241 1027
242 1038
242 1239
242 1349
243 1277
243 1320
243 1048
244 1414
244 1018
244 1056
245 1132
245 1247
245 1396
246 1179
246 1161
246 1105
247 1311
247 1456
247 1106
248 1313
248 1159
248 1252
249 1101
249 1268
249 1020
250 1403
250 1468
250 1181
251 1017
251 1120
251 1433
252 1234
252 1122
252 1339
253 1363
253 1455
253 1291
254 1404
254 1086
254 1162
255 1343
255 1430
255 1380
256 1106
256 1099
256 1417
257 1025
257 1341
257 1345
258 1250
258 1051
258 1005
259 1362
259 1092
259 1255
260 1106
260 1175
260 1333
261 1431
261 1074
261 1182
262 1347
262 1063
262 1053
263 1281
263 1245
263 1187
264 1282
264 1198
264 1373
265 1074
265 1241
265 1351
266 1450
266 1340
266 1101
267 1498
267 1221
267 1339
268 1115
268 1175
268 1252
269 1094
269 1152
269 1159
270 1428
270 1283
270 1386
271 1461
271 1212
271 1039
272 1092
272 1287
272 1239
273 1405
273 1401
273 1196
274 1322
274 1036
274 1407
275 1481
275 1147
275 1119
276 1042
276 1444
276 1395
277 1460
277 1031
277 1142
278 1295
278 1321
278 1420
279 1350
279 1068
279 1367
280 1327
280 1071
280 1130
281 1437
281 1401
281 1102
282 1027
282 1401
282 1106
283 1481
283 1351
283 1229
284 1268
284 1264
284 1255
285 1267
285 1418
285 1115
286 1366
286 1147
286 1050
287 1420
287 1122
287 1336
288 1209
288 1147
288 1103
289 1488
289 1147
289 1254
290 1472
290 1074
290 1487
291 1175
291 1408
291 1142
292 1165
292 1109
292 1026
293 1372
293 1185
293 1188
294 1381
294 1057
294 1036
295 1294
295 1284
295 1039
296 1173
296 1151
296 1141
297 1125
297 1137
297 1307
298 1237
298 1122
298 1394
299 1283
299 1219
299 1326
300 1086
300 1000
300 1106
301 1222
301 1224
301 1314
302 1262
302 1131
302 1068
303 1334
303 1299
303 1186
304 1105
304 1357
304 1384
305 1279
305 1179
305 1145
306 1061
306 1196
306 1475
307 1044
307 1121
307 1357
308 1295
308 1046
308 1217
309 1443
309 1047
309 1208
310 1355
310 1350
310 1107
311 1188
311 1326
311 1301
312 1402
312 1084
312 1009
313 1406
313 1429
313 1078
314 1274
314 1222
314 1119
315 1323
315 1486
315 1083
316 1434
316 1171
316 1256
317 1009
317 1377
317 1479
318 1357
318 1127
318 1178
319 1422
319 1085
319 1022
320 1073
320 1215
320 1039
321 1404
321 1062
321 1457
322 1288
322 1122
322 1096
323 1336
323 1007
323 1427
324 1110
324 1273
324 1059
325 1252
325 1038
325 1454
326 1372
326 1318
326 1297
327 1243
327 1093
327 1000
328 1413
328 1461
328 1020
329 1161
329 1069
329 1377
330 1091
330 1001
330 1155
331 1439
331 1272
331 1268
332 1281
332 1197
332 1087
333 1174
333 1315
333 1099
334 1411
334 1366
334 1471
335 1437
335 1160
335 1318
336 1093
336 1045
336 1413
337 1413
337 1337
337 1045
338 1424
338 1423
338 1223
339 1163
339 1097
339 1368
340 1183
340 1417
340 1305
341 1085
341 1146
341 1265
342 1109
342 1252
342 1102
343 1068
343 1252
343 1209
344 1185
344 1113
344 1469
345 1197
345 1035
345 1196
346 1205
346 1245
346 1490
347 1406
347 1211
347 1202
348 1380
348 1492
348 1208
349 1395
349 1207
349 1166
350 1496
350 1206
350 1285
351 1231
351 1081
351 1415
352 1385
352 1020
352 1335
353 1281
353 1073
353 1136
354 1472
354 1175
354 1328
355 1371
355 1338
355 1268
356 1208
356 1422
356 1402
357 1481
357 1415
357 1069
358 1302
358 1042
358 1162
359 1429
359 1328
359 1394
360 1365
360 1078
360 1276
361 1444
361 1367
361 1076
362 1221
362 1128
362 1233
363 1056
363 1243
363 1244
364 1214
364 1280
364 1076
365 1338
365 1475
365 1244
366 1352
366 1231
366 1135
367 1489
367 1081
367 1117
368 1044
368 1258
368 1424
369 1068
369 1395
369 1280
370 1197
370 1210
370 1293
371 1470
371 1003
371 1402
372 1385
372 1190
372 1019
373 1486
373 1255
373 1133
374 1485
374 1459
374 1206
375 1115
375 1270
375 1184
376 1276
376 1236
376 1129
377 1158
377 1144
377 1198
378 1073
378 1281
378 1267
379 1227
379 1258
379 1019
380 1234
380 1322
380 1061
381 1417
381 1387
381 1069
382 1482
382 1283
382 1021
383 1047
383 1104
383 1161
384 1465
384 1459
384 1015
385 1218
385 1084
385 1342
386 1134
386 1161
386 1067
387 1445
387 1185
387 1020
388 1415
388 1105
388 1079
389 1454
389 1419
389 1202
390 1445
390 1201
390 1414
391 1329
391 1228
391 1344
392 1280
392 1146
392 1008
393 1473
393 1281
393 1137
394 1416
394 1051
394 1347
395 1376
395 1311
395 1275
396 1438
396 1424
396 1319
397 1083
397 1143
397 1344
398 1306
398 1285
398 1264
399 1448
399 1396
399 1061
400 1447
400 1154
400 1120
401 1374
401 1077
401 1433
402 1054
402 1038
402 1152
403 1027
403 1110
403 1207
404 1410
404 1185
404 1376
405 1286
405 1349
405 1132
406 1368
406 1197
406 1140
407 1428
407 1310
407 1174
408 1342
408 1229
408 1402
409 1297
409 1352
409 1193
410 1009
410 1015
410 1409
411 1066
411 1079
411 1353
412 1258
412 1399
412 1141
413 1269
413 1304
413 1186
414 1387
414 1296
414 1088
415 1253
415 1043
415 1462
416 1086
416 1447
416 1256
417 1003
417 1044
417 1155
418 1071
418 1055
418 1415
419 1265
419 1290
419 1113
420 1374
420 1170
420 1028
421 1333
421 1055
421 1498
422 1185
422 1493
422 1414
423 1017
423 1457
423 1466
424 1043
424 1169
424 1468
425 1392
425 1498
425 1065
426 1055
426 1284
426 1172
427 1010
427 1028
427 1451
428 1382
428 1426
428 1460
429 1261
429 1050
429 1114
430 1323
430 1242
430 1119
431 1466
431 1287
431 1471
432 1362
432 1163
432 1299
433 1106
433 1137
433 1296
434 1444
434 1401
434 1040
435 1384
435 1080
435 1175
436 1404
436 1146
436 1202
437 1096
437 1325
437 1167
438 1471
438 1265
438 1052
439 1026
439 1078
439 1438
440 1171
440 1413
440 1456
441 1136
441 1161
441 1494
442 1066
442 1212
442 1286
443 1375
443 1107
443 1357
444 1120
444 1062
444 1312
445 1304
445 1284
445 1171
446 1058
446 1043
446 1419
447 1226
447 1154
447 1328
448 1321
448 1063
448 1012
449 1489
449 1254
449 1377
450 1436
450 1054
450 1321
451 1127
451 1027
451 1382
452 1215
452 1398
452 1061
453 1461
453 1434
453 1204
454 1489
454 1278
454 1402
455 1181
455 1061
455 1117
456 1327
456 1017
456 1254
457 1201
457 1005
457 1190
458 1171
458 1036
458 1479
459 1495
459 1283
459 1030
460 1270
460 1242
460 1110
461 1206
461 1340
461 1362
462 1190
462 1450
462 1139
463 1350
463 1271
463 1139
464 1169
464 1019
464 1028
465 1010
465 1002
465 1094
466 1102
466 1367
466 1233
467 1338
467 1018
467 1420
468 1243
468 1245
468 1223
469 1298
469 1099
469 1212
470 1214
470 1204
470 1446
471 1398
471 1024
471 1412
472 1354
472 1311
472 1487
473 1476
473 1210
473 1467
474 1220
474 1079
474 1394
475 1293
475 1451
475 1034
476 1437
476 1481
476 1431
477 1489
477 1184
477 1200
478 1171
478 1057
478 1292
479 1029
479 1357
479 1182
480 1225
480 1295
480 1105
481 1212
481 1450
481 1126
482 1232
482 1110
482 1241
483 1246
483 1163
483 1126
484 1316
484 1159
484 1194
485 1211
485 1191
485 1022
486 1097
486 1252
486 1332
487 1062
487 1469
487 1172
488 1093
488 1101
488 1461
489 1158
489 1407
489 1363
490 1157
490 1041
490 1263
491 1390
491 1289
491 1196
492 1443
492 1062
492 1368
493 1086
493 1371
493 1153
494 1043
494 1003
494 1165
495 1104
495 1033
495 1146
496 1292
496 1136
496 1031
497 1496
497 1131
497 1462
498 1466
498 1049
498 1067
499 1425
499 1282
499 1497
500 1300
500 1297
500 1046
501 1354
501 1381
501 1414
502 1280
502 1111
502 1359
503 1121
503 1464
503 1027
504 1142
504 1085
504 1319
505 1465
505 1420
505 1035
506 1484
506 1349
506 1105
507 1350
507 1015
507 1477
508 1436
508 1015
508 1037
509 1430
509 1311
509 1253
510 1283
510 1404
510 1154
511 1232
511 1003
511 1388
512 1491
512 1091
512 1251
513 1192
513 1064
513 1054
514 1071
514 1309
514 1499
515 1240
515 1105
515 1096
516 1145
516 1108
516 1195
517 1104
517 1272
517 1370
518 1160
518 1354
518 1055
519 1129
519 1126
519 1040
520 1075
520 1062
520 1464
521 1115
521 1333
521 1109
522 1493
522 1082
522 1435
523 1213
523 1123
523 1088
524 1432
524 1376
524 1007
525 1185
525 1304
525 1253
526 1440
526 1497
526 1291
527 1471
527 1220
527 1491
528 1370
528 1095
528 1148
529 1398
529 1015
529 1230
530 1417
530 1370
530 1073
531 1445
531 1383
531 1360
532 1416
532 1309
532 1374
533 1453
533 1080
533 1442
534 1220
534 1053
534 1192
535 1460
535 1137
535 1229
536 1076
536 1396
536 1021
537 1417
537 1075
537 1442
538 1129
538 1374
538 1318
539 1011
539 1379
539 1427
540 1027
540 1060
540 1161
541 1461
541 1043
541 1289
542 1496
542 1125
542 1326
543 1384
543 1261
543 1323
544 1453
544 1011
544 1354
545 1376
545 1271
545 1341
546 1373
546 1022
546 1291
547 1488
547 1165
547 1086
548 1484
548 1480
548 1189
549 1175
549 1005
549 1477
550 1321
550 1361
550 1357
551 1144
551 1255
551 1357
552 1459
552 1454
552 1492
553 1103
553 1463
553 1443
554 1456
554 1287
554 1322
555 1276
555 1364
555 1152
556 1097
556 1231
556 1354
557 1060
557 1369
557 1234
558 1490
558 1228
558 1156
559 1479
559 1422
559 1031
560 1161
560 1088
560 1127
561 1482
561 1111
561 1312
562 1292
562 1483
562 1158
563 1182
563 1232
563 1386
564 1153
564 1030
564 1249
565 1141
565 1126
565 1109
566 1324
566 1377
566 1265
567 1355
567 1262
567 1061
568 1485
568 1079
568 1173
569 1334
569 1360
569 1355
570 1269
570 1057
570 1253
571 1306
571 1130
571 1106
572 1493
572 1087
572 1448
573 1043
573 1320
573 1120
574 1333
574 1144
574 1200
575 1306
575 1357
575 1099
576 1084
576 1235
576 1170
577 1425
577 1272
577 1028
578 1454
578 1173
578 1350
579 1330
579 1027
579 1193
580 1044
580 1050
580 1459
581 1015
581 1069
581 1363
582 1286
582 1033
582 1425
583 1383
583 1051
583 1110
584 1489
584 1117
584 1315
585 1003
585 1016
585 1320
586 1114
586 1424
586 1477
587 1122
587 1061
587 1477
588 1333
588 1149
588 1220
589 1363
589 1185
589 1273
590 1142
590 1102
590 1402
591 1113
591 1118
591 1379
592 1427
592 1274
592 1435
593 1294
593 1143
593 1445
594 1160
594 1203
594 1058
595 1220
595 1057
595 1333
596 1184
596 1197
596 1269
597 1385
597 1118
597 1284
598 1296
598 1013
598 1044
599 1370
599 1153
599 1386
600 1092
600 1378
600 1405
601 1002
601 1234
601 1434
602 1186
602 1305
602 1318
603 1216
603 1007
603 1292
604 1236
604 1245
604 1392
605 1248
605 1113
605 1268
606 1329
606 1084
606 1439
607 1003
607 1195
607 1206
608 1171
608 1342
608 1410
609 1376
609 1345
609 1454
610 1068
610 1183
610 1144
611 1378
611 1254
611 1271
612 1429
612 1187
612 1225
613 1094
613 1124
613 1111
614 1216
614 1285
614 1128
615 1084
615 1257
615 1483
616 1007
616 1324
616 1320
617 1111
617 1283
617 1266
618 1140
618 1213
618 1376
619 1315
619 1413
619 1281
620 1143
620 1308
620 1320
621 1351
621 1332
621 1261
622 1320
622 1097
622 1448
623 1030
623 1069
623 1403
624 1082
624 1338
624 1444
625 1382
625 1081
625 1150
626 1459
626 1345
626 1289
627 1438
627 1329
627 1399
628 1122
628 1342
628 1397
629 1483
629 1278
629 1467
630 1026
630 1074
630 1114
631 1146
631 1322
631 1062
632 1052
632 1491
632 1251
633 1445
633 1160
633 1460
634 1335
634 1332
634 1346
635 1452
635 1244
635 1376
636 1215
636 1037
636 1393
637 1197
637 1232
637 1430
638 1130
638 1474
638 1406
639 1373
639 1260
639 1493
640 1219
640 1040
640 1453
641 1197
641 1330
641 1018
642 1256
642 1299
642 1343
643 1417
643 1191
643 1228
644 1226
644 1010
644 1488
645 1179
645 1334
645 1428
646 1008
646 1359
646 1114
647 1065
647 1469
647 1094
648 1072
648 1113
648 1475
649 1416
649 1009
649 1448
650 1201
650 1231
650 1397
651 1488
651 1026
651 1007
652 1461
652 1205
652 1427
653 1467
653 1411
653 1133
654 1229
654 1386
654 1010
655 1157
655 1071
655 1170
656 1048
656 1043
656 1177
657 1344
657 1190
657 1391
658 1150
658 1020
658 1496
659 1043
659 1131
659 1144
660 1163
660 1104
660 1407
661 1287
661 1212
661 1333
662 1237
662 1072
662 1186
663 1078
663 1363
663 1452
664 1351
664 1423
664 1379
665 1245
665 1331
665 1417
666 1344
666 1391
666 1264
667 1292
667 1499
667 1448
668 1069
668 1410
668 1319
669 1187
669 1319
669 1498
670 1401
670 1088
670 1177
671 1217
671 1333
671 1426
672 1427
672 1498
672 1355
673 1046
673 1486
673 1442
674 1165
674 1142
674 1032
675 1035
675 1130
675 1302
676 1015
676 1233
676 1484
677 1001
677 1087
677 1168
678 1281
678 1010
678 1094
679 1388
679 1037
679 1179
680 1095
680 1351
680 1019
681 1131
681 1052
681 1237
682 1377
682 1362
682 1032
683 1339
683 1050
683 1079
684 1378
684 1460
684 1429
685 1083
685 1114
685 1318
686 1190
686 1207
686 1220
687 1268
687 1001
687 1033
688 1108
688 1114
688 1303
689 1117
689 1303
689 1323
690 1393
690 1128
690 1321
691 1278
691 1064
691 1109
692 1267
692 1432
692 1467
693 1233
693 1262
693 1450
694 1337
694 1231
694 1223
695 1331
695 1020
695 1328
696 1128
696 1031
696 1288
697 1217
697 1167
697 1418
698 1062
698 1240
698 1404
699 1413
699 1061
699 1184
700 1471
700 1123
700 1266
701 1474
701 1099
701 1033
702 1491
702 1182
702 1394
703 1151
703 1464
703 1054
704 1236
704 1159
704 1398
705 1456
705 1117
705 1490
706 1157
706 1219
706 1441
707 1047
707 1417
707 1494
708 1362
708 1232
708 1337
709 1049
709 1085
709 1013
710 1369
710 1134
710 1375
711 1166
711 1094
711 1490
712 1323
712 1188
712 1122
713 1073
713 1147
713 1237
714 1006
714 1263
714 1286
715 1208
715 1494
715 1111
716 1108
716 1044
716 1383
717 1109
717 1490
717 1376
718 1425
718 1070
718 1411
719 1127
719 1136
719 1229
720 1229
720 1283
720 1470
721 1400
721 1118
721 1292
722 1422
722 1128
722 1218
723 1262
723 1256
723 1369
724 1075
724 1265
724 1345
725 1086
725 1444
725 1446
726 1440
726 1291
726 1367
727 1270
727 1400
727 1493
728 1199
728 1063
728 1468
729 1111
729 1370
729 1488
730 1144
730 1147
730 1425
731 1461
731 1431
731 1177
732 1007
732 1308
732 1459
733 1110
733 1321
733 1326
734 1135
734 1335
734 1440
735 1110
735 1285
735 1310
736 1159
736 1278
736 1342
737 1318
737 1100
737 1335
738 1290
738 1462
738 1050
739 1331
739 1450
739 1127
740 1340
740 1268
740 1264
741 1105
741 1325
741 1394
742 1089
742 1141
742 1464
743 1463
743 1147
743 1250
744 1214
744 1254
744 1406
745 1124
745 1268
745 1467
746 1127
746 1105
746 1489
747 1100
747 1426
747 1311
748 1472
748 1194
748 1418
749 1343
749 1226
749 1231
750 1170
750 1003
750 1084
751 1096
751 1032
751 1435
752 1448
752 1069
752 1056
753 1431
753 1358
753 1323
754 1240
754 1185
754 1337
755 1040
755 1145
755 1295
756 1083
756 1337
756 1373
757 1028
757 1074
757 1490
758 1068
758 1008
758 1028
759 1242
759 1168
759 1048
760 1412
760 1327
760 1479
761 1067
761 1034
761 1192
762 1054
762 1246
762 1452
763 1452
763 1016
763 1098
764 1390
764 1079
764 1431
765 1364
765 1400
765 1404
766 1452
766 1391
766 1247
767 1060
767 1118
767 1145
768 1364
768 1288
768 1253
769 1154
769 1175
769 1479
770 1246
770 1351
770 1460
771 1435
771 1047
771 1432
772 1113
772 1294
772 1345
773 1069
773 1176
773 1286
774 1112
774 1166
774 1453
775 1413
775 1106
775 1068
776 1237
776 1362
776 1415
777 1059
777 1094
777 1242
778 1002
778 1154
778 1370
779 1451
779 1330
779 1393
780 1025
780 1466
780 1284
781 1099
781 1112
781 1382
782 1479
782 1037
782 1032
783 1208
783 1351
783 1332
784 1093
784 1001
784 1406
785 1077
785 1275
785 1495
786 1076
786 1317
786 1334
787 1344
787 1371
787 1163
788 1174
788 1429
788 1449
789 1446
789 1260
789 1353
790 1318
790 1372
790 1056
791 1253
791 1304
791 1344
792 1010
792 1294
792 1425
793 1336
793 1157
793 1209
794 1484
794 1096
794 1441
795 1164
795 1201
795 1335
796 1015
796 1041
796 1360
797 1217
797 1027
797 1339
798 1081
798 1039
798 1423
799 1087
799 1421
799 1490
800 1490
800 1042
800 1217
801 1446
801 1115
801 1235
802 1260
802 1344
802 1467
803 1043
803 1154
803 1430
804 1280
804 1224
804 1084
805 1025
805 1014
805 1269
806 1315
806 1092
806 1420
807 1087
807 1160
807 1307
808 1020
808 1041
808 1290
809 1095
809 1030
809 1152
810 1217
810 1216
810 1474
811 1011
811 1266
811 1034
812 1259
812 1083
812 1283
813 1428
813 1101
813 1253
814 1122
814 1246
814 1434
815 1138
815 1180
815 1307
816 1076
816 1068
816 1203
817 1406
817 1347
817 1362
818 1114
818 1016
818 1020
819 1381
819 1164
819 1167
820 1076
820 1248
820 1432
821 1291
821 1395
821 1399
822 1136
822 1143
822 1177
823 1094
823 1208
823 1333
824 1234
824 1376
824 1427
825 1408
825 1019
825 1368
826 1241
826 1483
826 1485
827 1060
827 1378
827 1226
828 1251
828 1037
828 1428
829 1236
829 1189
829 1261
830 1364
830 1489
830 1492
831 1457
831 1327
831 1255
832 1184
832 1107
832 1023
833 1460
833 1158
833 1284
834 1073
834 1080
834 1207
835 1342
835 1107
835 1285
836 1370
836 1311
836 1180
837 1095
837 1435
837 1054
838 1221
838 1398
838 1376
839 1105
839 1137
839 1400
840 1249
840 1316
840 1297
841 1283
841 1298
841 1383
842 1436
842 1241
842 1483
843 1417
843 1150
843 1455
844 1121
844 1062
844 1179
845 1162
845 1184
845 1213
846 1113
846 1345
846 1018
847 1263
847 1237
847 1400
848 1085
848 1046
848 1237
849 1001
849 1179
849 1223
850 1495
850 1127
850 1310
851 1200
851 1356
851 1166
852 1062
852 1184
852 1351
853 1174
853 1010
853 1210
854 1087
854 1219
854 1308
855 1056
855 1097
855 1112
856 1190
856 1359
856 1174
857 1116
857 1280
857 1406
858 1135
858 1141
858 1315
859 1385
859 1354
859 1062
860 1224
860 1422
860 1489
861 1195
861 1080
861 1258
862 1323
862 1238
862 1270
863 1150
863 1082
863 1330
864 1262
864 1495
864 1132
865 1304
865 1398
865 1488
866 1322
866 1080
866 1249
867 1123
867 1029
867 1458
868 1466
868 1017
868 1087
869 1137
869 1346
869 1353
870 1245
870 1210
870 1470
871 1209
871 1301
871 1420
872 1224
872 1373
872 1426
873 1127
873 1252
873 1396
874 1024
874 1053
874 1039
875 1022
875 1085
875 1245
876 1128
876 1378
876 1288
877 1251
877 1057
877 1264
878 1446
878 1056
878 1423
879 1336
879 1184
879 1493
880 1391
880 1083
880 1486
881 1280
881 1012
881 1182
882 1014
882 1010
882 1242
883 1067
883 1191
883 1267
884 1488
884 1327
884 1217
885 1306
885 1119
885 1478
886 1113
886 1149
886 1182
887 1020
887 1039
887 1495
888 1348
888 1317
888 1468
889 1059
889 1386
889 1479
890 1079
890 1145
890 1447
891 1218
891 1226
891 1249
892 1140
892 1229
892 1211
893 1275
893 1011
893 1450
894 1272
894 1302
894 1307
895 1215
895 1420
895 1493
896 1442
896 1017
896 1176
897 1384
897 1197
897 1429
898 1298
898 1092
898 1145
899 1077
899 1012
899 1225
900 1300
900 1284
900 1462
901 1272
901 1309
901 1060
902 1164
902 1280
902 1423
903 1440
903 1394
903 1457
904 1111
904 1086
904 1310
905 1252
905 1209
905 1458
906 1215
906 1148
906 1214
907 1377
907 1202
907 1407
908 1138
908 1150
908 1270
909 1175
909 1134
909 1344
910 1426
910 1120
910 1213
911 1028
911 1147
911 1205
912 1197
912 1007
912 1177
913 1437
913 1468
913 1498
914 1175
914 1385
914 1324
915 1042
915 1251
915 1324
916 1098
916 1207
916 1360
917 1132
917 1211
917 1269
918 1396
918 1139
918 1328
919 1021
919 1477
919 1243
920 1206
920 1215
920 1237
921 1287
921 1329
921 1308
922 1431
922 1336
922 1087
923 1056
923 1388
923 1417
924 1440
924 1119
924 1170
925 1224
925 1146
925 1218
926 1185
926 1181
926 1451
927 1087
927 1238
927 1306
928 1144
928 1337
928 1397
929 1386
929 1123
929 1475
930 1449
930 1174
930 1155
931 1362
931 1208
931 1474
932 1262
932 1432
932 1078
933 1443
933 1291
933 1165
934 1484
934 1248
934 1239
935 1281
935 1252
935 1475
936 1255
936 1397
936 1236
937 1066
937 1216
937 1267
938 1232
938 1225
938 1443
939 1261
939 1491
939 1296
940 1160
940 1119
940 1161
941 1385
941 1149
941 1448
942 1075
942 1128
942 1488
943 1057
943 1073
943 1445
944 1336
944 1116
944 1228
945 1287
945 1210
945 1033
946 1218
946 1083
946 1194
947 1150
947 1315
947 1486
948 1249
948 1378
948 1447
949 1306
949 1470
949 1457
950 1301
950 1024
950 1473
951 1442
951 1000
951 1420
952 1201
952 1208
952 1289
953 1108
953 1064
953 1093
954 1178
954 1055
954 1328
955 1012
955 1109
955 1268
956 1255
956 1340
956 1457
957 1004
957 1076
957 1294
958 1188
958 1284
958 1499
959 1027
959 1114
959 1266
960 1336
960 1315
960 1051
961 1156
961 1067
961 1426
962 1137
962 1363
962 1112
963 1318
963 1358
963 1493
964 1418
964 1059
964 1222
965 1320
965 1218
965 1144
966 1117
966 1488
966 1193
967 1496
967 1414
967 1499
968 1405
968 1289
968 1207
969 1142
969 1099
969 1254
970 1225
970 1038
970 1397
971 1037
971 1144
971 1288
972 1043
972 1122
972 1416
973 1317
973 1184
973 1489
974 1264
974 1183
974 1040
975 1283
975 1271
975 1196
976 1117
976 1065
976 1156
977 1286
977 1426
977 1336
978 1341
978 1012
978 1146
979 1476
979 1423
979 1448
980 1112
980 1039
980 1451
981 1438
981 1383
981 1069
982 1486
982 1236
982 1303
983 1390
983 1054
983 1293
984 1365
984 1276
984 1090
985 1192
985 1441
985 1100
986 1091
986 1171
986 1293
987 1277
987 1211
987 1275
988 1133
988 1299
988 1384
989 1314
989 1021
989 1024
990 1283
990 1443
990 1059
991 1341
991 1276
991 1287
992 1324
992 1008
992 1280
993 1477
993 1365
993 1369
994 1280
994 1019
994 1395
995 1433
995 1208
995 1327
996 1071
996 1239
996 1261
997 1135
997 1276
997 1176
998 1194
998 1239
998 1220
999 1034
999 1045
999 1457
