4250 10200
0 3469
0 3822
0 3556
1 4247
1 3556
1 3894
2 3894
2 3822
2 3981
3 3981
3 4247
3 3469
4 3728
4 3589
4 3741
5 3741
5 4153
5 4014
6 4166
6 4153
6 3589
7 4014
7 3728
7 4166
8 3443
8 3509
8 3560
9 3868
9 3985
9 3509
10 3985
10 3934
10 3443
11 3868
11 3560
11 3934
12 3421
12 3521
12 3728
13 3846
13 3946
13 3728
14 3421
14 4153
14 3946
15 4153
15 3521
15 3846
16 3495
16 3785
16 3792
17 3785
17 4217
17 3920
18 4210
18 3920
18 3792
19 4217
19 4210
19 3495
20 3422
20 3783
20 3709
21 3847
21 3709
21 4208
22 4208
22 3422
22 4134
23 3783
23 4134
23 3847
24 3419
24 3408
24 3468
25 3468
25 3833
25 3844
26 3833
26 3419
26 3893
27 3893
27 3844
27 3408
28 3571
28 3580
28 3551
29 3976
29 4005
29 3571
30 3580
30 3996
30 3976
31 3551
31 4005
31 3996
32 3583
32 3526
32 3538
33 3526
33 4008
33 3963
34 3951
34 3963
34 3583
35 3538
35 3951
35 4008
36 3796
36 3535
36 3719
37 3960
37 4221
37 3719
38 3796
38 4144
38 3960
39 4221
39 4144
39 3535
40 3415
40 3796
40 3785
41 3840
41 4221
41 3785
42 3796
42 4210
42 3840
43 4210
43 3415
43 4221
44 3817
44 3485
44 3552
45 4242
45 3485
45 3977
46 3910
46 3817
46 3977
47 3910
47 4242
47 3552
48 3780
48 3442
48 3733
49 3867
49 3733
49 4205
50 4205
50 4158
50 3442
51 3780
51 4158
51 3867
52 3793
52 3532
52 3634
53 3957
53 3793
53 4059
54 3532
54 4059
54 4218
55 4218
55 3957
55 3634
56 3633
56 3647
56 3690
57 3690
57 4058
57 4072
58 4058
58 4115
58 3647
59 3633
59 4115
59 4072
60 3526
60 3412
60 3662
61 4087
61 3837
61 3526
62 3662
62 3951
62 3837
63 3412
63 3951
63 4087
64 3448
64 3479
64 3567
65 3904
65 3992
65 3448
66 3904
66 3873
66 3567
67 3873
67 3992
67 3479
68 3754
68 3709
68 3410
69 3835
69 4134
69 3754
70 3835
70 4179
70 3709
71 3410
71 4179
71 4134
72 3733
72 3818
72 3633
73 4243
73 4158
73 3633
74 4158
74 4058
74 3818
75 4243
75 4058
75 3733
76 3764
76 3795
76 3507
77 3507
77 4189
77 4220
78 3932
78 3764
78 4220
79 3795
79 4189
79 3932
80 3787
80 3488
80 3769
81 4212
81 3913
81 3769
82 4194
82 3913
82 3787
83 4194
83 4212
83 3488
84 3591
84 3512
84 3592
85 3591
85 3937
85 4017
86 3512
86 4016
86 4017
87 3937
87 4016
87 3592
88 3704
88 3516
88 3520
89 3520
89 4129
89 3941
90 3945
90 3704
90 3941
91 3945
91 4129
91 3516
92 3627
92 3538
92 3476
93 3476
93 4052
93 3963
94 4052
94 3538
94 3901
95 3963
95 3627
95 3901
96 3748
96 3494
96 3682
97 3919
97 3748
97 4107
98 3494
98 4107
98 4173
99 3919
99 4173
99 3682
100 3426
100 3668
100 3666
101 3668
101 4091
101 3851
102 4091
102 3426
102 4093
103 3666
103 4093
103 3851
104 3674
104 3742
104 3414
105 3839
105 3742
105 4099
106 4099
106 4167
106 3414
107 3674
107 3839
107 4167
108 3627
108 3717
108 3663
109 3627
109 4088
109 4142
110 3663
110 4142
110 4052
111 3717
111 4088
111 4052
112 3703
112 3791
112 3439
113 3791
113 3864
113 4128
114 4216
114 4128
114 3439
115 3864
115 3703
115 4216
116 3532
116 3817
116 3488
117 4242
117 3488
117 3957
118 3913
118 3957
118 3817
119 3532
119 3913
119 4242
120 3695
120 3520
120 3571
121 4120
121 3945
121 3571
122 4120
122 3520
122 3996
123 3945
123 3996
123 3695
124 3785
124 3423
124 3511
125 3423
125 3936
125 4210
126 3848
126 3936
126 3785
127 4210
127 3848
127 3511
128 3560
128 3411
128 3780
129 3780
129 3836
129 3985
130 4205
130 3560
130 3836
131 3985
131 4205
131 3411
132 3693
132 3688
132 3656
133 4118
133 3656
133 4113
134 4081
134 3693
134 4113
135 4081
135 4118
135 3688
136 3400
136 3692
136 3614
137 3614
137 3825
137 4117
138 3825
138 4039
138 3692
139 4117
139 4039
139 3400
140 3608
140 3551
140 3528
141 3953
141 3608
141 3976
142 3551
142 4033
142 3953
143 4033
143 3528
143 3976
144 3812
144 3675
144 3656
145 3656
145 4237
145 4100
146 4081
146 4100
146 3812
147 4081
147 3675
147 4237
148 3576
148 3823
148 3652
149 4248
149 3576
149 4077
150 4248
150 3652
150 4001
151 4001
151 3823
151 4077
152 3546
152 3517
152 3660
153 4085
153 3517
153 3971
154 3971
154 3942
154 3660
155 3942
155 3546
155 4085
156 3532
156 3571
156 3433
157 3532
157 3996
157 3858
158 3433
158 3957
158 3996
159 3858
159 3957
159 3571
160 3424
160 3672
160 3808
161 3808
161 3849
161 4097
162 4097
162 3424
162 4233
163 4233
163 3849
163 3672
164 3580
164 3779
164 3439
165 3864
165 3779
165 4005
166 3439
166 4204
166 4005
167 4204
167 3580
167 3864
168 3669
168 3449
168 3643
169 3449
169 4068
169 4094
170 3874
170 4068
170 3669
171 4094
171 3874
171 3643
172 3740
172 3734
172 3772
173 4165
173 4159
173 3772
174 4165
174 4197
174 3734
175 4159
175 3740
175 4197
176 3816
176 3736
176 3426
177 3851
177 3736
177 4241
178 4161
178 3851
178 3816
179 3426
179 4161
179 4241
180 3620
180 3538
180 3669
181 4045
181 3963
181 3669
182 3620
182 3963
182 4094
183 4094
183 4045
183 3538
184 3522
184 3785
184 3573
185 3785
185 3998
185 3947
186 3947
186 4210
186 3573
187 3522
187 4210
187 3998
188 3741
188 3409
188 3483
189 3409
189 3908
189 4166
190 3741
190 3834
190 3908
191 3483
191 3834
191 4166
192 3458
192 3595
192 3543
193 4020
193 3543
193 3883
194 3458
194 3968
194 4020
195 3968
195 3595
195 3883
196 3520
196 3515
196 3675
197 4100
197 3940
197 3520
198 3940
198 3675
198 3945
199 3945
199 4100
199 3515
200 3797
200 3519
200 3611
201 4222
201 3944
201 3611
202 3944
202 3797
202 4036
203 4036
203 3519
203 4222
204 3693
204 3622
204 3795
205 4118
205 3622
205 4220
206 4220
206 4047
206 3693
207 4047
207 4118
207 3795
208 3818
208 3566
208 3575
209 3991
209 3818
209 4000
210 4243
210 3566
210 4000
211 3575
211 3991
211 4243
212 3533
212 3622
212 3439
213 3533
213 3864
213 4047
214 3439
214 3958
214 4047
215 3864
215 3622
215 3958
216 3543
216 3712
216 3625
217 4050
217 4137
217 3543
218 4050
218 3712
218 3968
219 3625
219 4137
219 3968
220 3535
220 3813
220 3716
221 4238
221 3716
221 3960
222 4141
222 4238
222 3535
223 3813
223 4141
223 3960
224 3486
224 3646
224 3616
225 4041
225 4071
225 3486
226 4071
226 3911
226 3616
227 4041
227 3646
227 3911
228 3571
228 3718
228 3620
229 3996
229 4045
229 3718
230 3620
230 3996
230 4143
231 4143
231 3571
231 4045
232 3713
232 3704
232 3603
233 3713
233 4129
233 4028
234 4129
234 3603
234 4138
235 4138
235 3704
235 4028
236 3456
236 3641
236 3705
237 3881
237 3705
237 4066
238 3641
238 4130
238 3881
239 4130
239 3456
239 4066
240 3728
240 3711
240 3474
241 3899
241 3728
241 4136
242 4136
242 4153
242 3474
243 4153
243 3899
243 3711
244 3435
244 3760
244 3551
245 3976
245 3435
245 4185
246 4185
246 3860
246 3551
247 3976
247 3860
247 3760
248 3689
248 3687
248 3747
249 3687
249 4172
249 4114
250 3689
250 4112
250 4172
251 4112
251 4114
251 3747
252 3428
252 3810
252 3555
253 3810
253 3853
253 3980
254 3428
254 3980
254 4235
255 3853
255 4235
255 3555
256 3414
256 3470
256 3565
257 3990
257 3839
257 3470
258 3895
258 3990
258 3414
259 3895
259 3565
259 3839
260 3769
260 3664
260 3583
261 4008
261 3664
261 4194
262 4089
262 4194
262 3583
263 4089
263 3769
263 4008
264 3401
264 3693
264 3537
265 3962
265 4118
265 3401
266 3693
266 3826
266 3962
267 3537
267 4118
267 3826
268 3823
268 3660
268 3719
269 4144
269 4085
269 3823
270 4144
270 3660
270 4248
271 4085
271 3719
271 4248
272 3556
272 3412
272 3651
273 3981
273 3837
273 3651
274 4076
274 3981
274 3412
275 3556
275 3837
275 4076
276 3562
276 3585
276 3761
277 3987
277 3585
277 4186
278 4186
278 4010
278 3562
279 3761
279 3987
279 4010
280 3778
280 3623
280 3795
281 3778
281 4220
281 4048
282 4203
282 4048
282 3795
283 4220
283 4203
283 3623
284 3712
284 3775
284 3740
285 4165
285 3775
285 4137
286 3740
286 4200
286 4137
287 4200
287 3712
287 4165
288 3585
288 3557
288 3771
289 3557
289 4010
289 4196
290 3982
290 4196
290 3585
291 3982
291 3771
291 4010
292 3681
292 3595
292 3810
293 3595
293 4106
293 4235
294 3681
294 4020
294 4235
295 4106
295 3810
295 4020
296 3446
296 3610
296 3817
297 4242
297 3610
297 3871
298 4035
298 4242
298 3446
299 4035
299 3871
299 3817
300 3619
300 3705
300 3487
301 3912
301 3619
301 4130
302 4044
302 3487
302 4130
303 4044
303 3705
303 3912
304 3660
304 3460
304 3693
305 4085
305 3885
305 3693
306 3660
306 3885
306 4118
307 4085
307 4118
307 3460
308 3732
308 3745
308 3570
309 4170
309 4157
309 3570
310 3995
310 3745
310 4157
311 3732
311 3995
311 4170
312 3697
312 3480
312 3473
313 4122
313 3473
313 3905
314 3898
314 3697
314 3905
315 4122
315 3480
315 3898
316 3516
316 3544
316 3559
317 3544
317 3941
317 3984
318 3969
318 3516
318 3984
319 3559
319 3969
319 3941
320 3537
320 3556
320 3765
321 4190
321 3556
321 3962
322 3962
322 3765
322 3981
323 3981
323 3537
323 4190
324 3529
324 3554
324 3777
325 3954
325 3777
325 3979
326 3529
326 4202
326 3979
327 4202
327 3954
327 3554
328 3645
328 3714
328 3448
329 4139
329 3873
329 3645
330 3448
330 4139
330 4070
331 3873
331 4070
331 3714
332 3705
332 3475
332 3552
333 4130
333 3552
333 3900
334 3900
334 3705
334 3977
335 4130
335 3977
335 3475
336 3469
336 3795
336 3783
337 4208
337 3795
337 3894
338 4208
338 3469
338 4220
339 3783
339 4220
339 3894
340 3497
340 3727
340 3484
341 3727
341 3909
341 3922
342 3922
342 4152
342 3484
343 3497
343 3909
343 4152
344 3612
344 3414
344 3611
345 3611
345 4037
345 3839
346 4036
346 3414
346 4037
347 3612
347 3839
347 4036
348 3653
348 3569
348 3514
349 3939
349 3569
349 4078
350 3653
350 3994
350 3939
351 4078
351 3994
351 3514
352 3563
352 3738
352 3774
353 4199
353 3988
353 3738
354 4163
354 3988
354 3774
355 3563
355 4163
355 4199
356 3520
356 3464
356 3439
357 3864
357 3889
357 3520
358 3464
358 3864
358 3945
359 3889
359 3439
359 3945
360 3736
360 3536
360 3659
361 3736
361 4084
361 3961
362 3659
362 4161
362 3961
363 4161
363 4084
363 3536
364 3808
364 3714
364 3585
365 4233
365 3585
365 4139
366 3808
366 4010
366 4139
367 4233
367 4010
367 3714
368 3619
368 3567
368 3675
369 4044
369 3567
369 4100
370 3619
370 3992
370 4100
371 4044
371 3675
371 3992
372 3752
372 3494
372 3462
373 3752
373 3887
373 3919
374 3494
374 4177
374 3887
375 3919
375 3462
375 4177
376 3456
376 3766
376 3620
377 4045
377 3766
377 3881
378 4045
378 3456
378 4191
379 3620
379 3881
379 4191
380 3502
380 3624
380 3598
381 4023
381 3624
381 3927
382 3598
382 4049
382 3927
383 4023
383 4049
383 3502
384 3624
384 3632
384 3772
385 3772
385 4049
385 4057
386 4057
386 3624
386 4197
387 3632
387 4197
387 4049
388 3692
388 3790
388 3716
389 3790
389 4117
389 4141
390 3692
390 4215
390 4141
391 4117
391 3716
391 4215
392 3783
392 3664
392 3524
393 3524
393 4089
393 4208
394 3664
394 4208
394 3949
395 3949
395 3783
395 4089
396 3494
396 3790
396 3798
397 3919
397 3798
397 4215
398 4215
398 4223
398 3494
399 3790
399 3919
399 4223
400 3455
400 3668
400 3677
401 3455
401 4102
401 4093
402 3880
402 4102
402 3668
403 3677
403 4093
403 3880
404 3508
404 3711
404 3600
405 3600
405 4136
405 3933
406 3933
406 4025
406 3711
407 4025
407 3508
407 4136
408 3558
408 3500
408 3462
409 3983
409 3500
409 3887
410 3887
410 3925
410 3558
411 3925
411 3983
411 3462
412 3609
412 3682
412 3810
413 3609
413 4235
413 4107
414 3810
414 4034
414 4107
415 3682
415 4235
415 4034
416 3534
416 3823
416 3793
417 3534
417 4218
417 4248
418 4218
418 3959
418 3823
419 3959
419 3793
419 4248
420 3811
420 3646
420 3520
421 4071
421 3811
421 3945
422 3945
422 3646
422 4236
423 3520
423 4071
423 4236
424 3577
424 3802
424 3812
425 4227
425 3812
425 4002
426 4237
426 4002
426 3802
427 3577
427 4237
427 4227
428 3512
428 3804
428 3809
429 3804
429 4234
429 3937
430 3809
430 3937
430 4229
431 4229
431 3512
431 4234
432 3595
432 3426
432 3477
433 3902
433 3595
433 3851
434 4020
434 3902
434 3426
435 3477
435 3851
435 4020
436 3633
436 3755
436 3618
437 3618
437 4180
437 4058
438 4058
438 3755
438 4043
439 3633
439 4180
439 4043
440 3760
440 3667
440 3711
441 4185
441 4136
441 3667
442 4136
442 4092
442 3760
443 4185
443 3711
443 4092
444 3533
444 3575
444 3660
445 3958
445 3660
445 4000
446 4000
446 3533
446 4085
447 3575
447 3958
447 4085
448 3773
448 3603
448 3573
449 4198
449 4028
449 3573
450 4028
450 3998
450 3773
451 4198
451 3998
451 3603
452 3411
452 3464
452 3506
453 3889
453 3411
453 3931
454 3931
454 3836
454 3464
455 3506
455 3836
455 3889
456 3419
456 3406
456 3801
457 3844
457 3831
457 3801
458 4226
458 3406
458 3844
459 3831
459 3419
459 4226
460 3582
460 3615
460 3690
461 4007
461 3690
461 4040
462 4115
462 4007
462 3615
463 4115
463 4040
463 3582
464 3416
464 3637
464 3549
465 4062
465 3549
465 3841
466 3416
466 4062
466 3974
467 3974
467 3841
467 3637
468 3705
468 3710
468 3623
469 3710
469 4048
469 4130
470 3705
470 4135
470 4048
471 3623
471 4135
471 4130
472 3452
472 3624
472 3533
473 3452
473 4049
473 3958
474 3624
474 3958
474 3877
475 4049
475 3533
475 3877
476 3613
476 3401
476 3806
477 3613
477 3826
477 4231
478 4231
478 4038
478 3401
479 3806
479 3826
479 4038
480 3427
480 3489
480 3685
481 3914
481 3427
481 4110
482 4110
482 3489
482 3852
483 3852
483 3685
483 3914
484 3804
484 3475
484 3468
485 3804
485 3900
485 3893
486 3900
486 3468
486 4229
487 3475
487 4229
487 3893
488 3808
488 3569
488 3422
489 3422
489 4233
489 3994
490 3847
490 3569
490 4233
491 3994
491 3847
491 3808
492 3803
492 3675
492 3587
493 4012
493 4228
493 3675
494 3803
494 4012
494 4100
495 4100
495 3587
495 4228
496 3519
496 3642
496 3425
497 3519
497 3850
497 4067
498 3944
498 3642
498 3850
499 3425
499 4067
499 3944
500 3749
500 3501
500 3598
501 4023
501 4174
501 3501
502 3749
502 4023
502 3926
503 3598
503 4174
503 3926
504 3789
504 3518
504 3462
505 4214
505 3462
505 3943
506 3887
506 3943
506 3789
507 4214
507 3887
507 3518
508 3695
508 3543
508 3641
509 3968
509 3641
509 4120
510 3695
510 3968
510 4066
511 3543
511 4120
511 4066
512 3435
512 3616
512 3547
513 4041
513 3547
513 3860
514 3616
514 3972
514 3860
515 3435
515 4041
515 3972
516 3402
516 3403
516 3493
517 3827
517 3403
517 3918
518 3827
518 3493
518 3828
519 3918
519 3828
519 3402
520 3532
520 3766
520 3584
521 3766
521 4009
521 3957
522 4191
522 3532
522 4009
523 3584
523 3957
523 4191
524 3406
524 3687
524 3579
525 3687
525 4004
525 3831
526 4112
526 3579
526 3831
527 4112
527 3406
527 4004
528 3472
528 3788
528 3724
529 3897
529 3724
529 4213
530 3788
530 3897
530 4149
531 3472
531 4149
531 4213
532 3651
532 3496
532 3746
533 3651
533 4171
533 3921
534 4076
534 3746
534 3921
535 4076
535 3496
535 4171
536 3776
536 3426
536 3475
537 3475
537 4201
537 3851
538 3426
538 4201
538 3900
539 3900
539 3851
539 3776
540 3747
540 3521
540 3421
541 3846
541 3521
541 4172
542 3421
542 3946
542 4172
543 3946
543 3747
543 3846
544 3426
544 3527
544 3580
545 3851
545 3527
545 4005
546 4005
546 3426
546 3952
547 3952
547 3580
547 3851
548 3403
548 3650
548 3432
549 3828
549 4075
549 3432
550 3650
550 3828
550 3857
551 3857
551 3403
551 4075
552 3444
552 3693
552 3802
553 3693
553 4227
553 3869
554 3444
554 4227
554 4118
555 3869
555 3802
555 4118
556 3766
556 3698
556 3406
557 4191
557 3831
557 3698
558 3406
558 4191
558 4123
559 4123
559 3766
559 3831
560 3647
560 3522
560 3567
561 3522
561 4072
561 3992
562 3647
562 3947
562 3992
563 3567
563 4072
563 3947
564 3772
564 3672
564 3609
565 4197
565 4034
565 3672
566 4097
566 4197
566 3609
567 4097
567 4034
567 3772
568 3765
568 3503
568 3404
569 3928
569 3404
569 4190
570 3829
570 3928
570 3765
571 3503
571 3829
571 4190
572 3424
572 3492
572 3450
573 3849
573 3875
573 3492
574 3450
574 3917
574 3849
575 3424
575 3917
575 3875
576 3403
576 3512
576 3542
577 3937
577 3828
577 3542
578 3828
578 3512
578 3967
579 3937
579 3967
579 3403
580 3774
580 3742
580 3800
581 4167
581 3800
581 4199
582 4225
582 3774
582 4167
583 3742
583 4225
583 4199
584 3635
584 3674
584 3629
585 3635
585 4099
585 4054
586 4054
586 4060
586 3674
587 4060
587 4099
587 3629
588 3724
588 3429
588 3454
589 3454
589 4149
589 3854
590 3724
590 3879
590 3854
591 3879
591 4149
591 3429
592 3410
592 3408
592 3637
593 3410
593 3833
593 4062
594 3637
594 3833
594 3835
595 3408
595 4062
595 3835
596 3606
596 3610
596 3661
597 3606
597 4035
597 4086
598 4035
598 4031
598 3661
599 4031
599 4086
599 3610
600 3769
600 3536
600 3461
601 3961
601 3461
601 4194
602 3961
602 3769
602 3886
603 3536
603 4194
603 3886
604 3811
604 3734
604 3777
605 3777
605 4236
605 4159
606 4202
606 4159
606 3811
607 3734
607 4202
607 4236
608 3572
608 3792
608 3549
609 3549
609 4217
609 3997
610 3792
610 3997
610 3974
611 4217
611 3974
611 3572
612 3716
612 3607
612 3799
613 4224
613 3607
613 4141
614 4032
614 3716
614 4224
615 4032
615 3799
615 4141
616 3550
616 3801
616 3558
617 3975
617 3801
617 3983
618 4226
618 3558
618 3975
619 4226
619 3983
619 3550
620 3656
620 3554
620 3607
621 3979
621 4032
621 3656
622 4032
622 3554
622 4081
623 3979
623 3607
623 4081
624 3461
624 3731
624 3460
625 4156
625 3461
625 3885
626 4156
626 3886
626 3460
627 3885
627 3886
627 3731
628 3783
628 3678
628 3535
629 3783
629 3960
629 4103
630 3678
630 3960
630 4208
631 3535
631 4208
631 4103
632 3467
632 3613
632 3810
633 4235
633 3467
633 4038
634 3892
634 4235
634 3613
635 3892
635 4038
635 3810
636 3769
636 3795
636 3444
637 4194
637 4220
637 3444
638 3869
638 4220
638 3769
639 3795
639 3869
639 4194
640 3493
640 3427
640 3824
641 3493
641 4249
641 3852
642 3824
642 3918
642 3852
643 3427
643 3918
643 4249
644 3469
644 3619
644 3631
645 3631
645 3894
645 4044
646 3469
646 4056
646 4044
647 3619
647 3894
647 4056
648 3663
648 3450
648 3650
649 4075
649 3663
649 3875
650 3650
650 4088
650 3875
651 4088
651 4075
651 3450
652 3422
652 3468
652 3668
653 4093
653 3422
653 3893
654 3668
654 3847
654 3893
655 4093
655 3847
655 3468
656 3546
656 3510
656 3744
657 3744
657 3935
657 3971
658 3935
658 4169
658 3546
659 4169
659 3971
659 3510
660 3681
660 3733
660 3643
661 4158
661 4106
661 3643
662 4068
662 4158
662 3681
663 4068
663 4106
663 3733
664 3570
664 3632
664 3553
665 4057
665 3570
665 3978
666 3995
666 4057
666 3553
667 3632
667 3995
667 3978
668 3643
668 3561
668 3509
669 3934
669 3643
669 3986
670 3561
670 4068
670 3934
671 3509
671 4068
671 3986
672 3445
672 3682
672 3502
673 4107
673 3445
673 3927
674 3927
674 3682
674 3870
675 3502
675 3870
675 4107
676 3574
676 3541
676 3577
677 3541
677 4002
677 3999
678 3999
678 3966
678 3577
679 3574
679 4002
679 3966
680 3670
680 3692
680 3471
681 4095
681 3896
681 3692
682 3471
682 4117
682 4095
683 3896
683 4117
683 3670
684 3527
684 3812
684 3568
685 3952
685 3993
685 3812
686 3952
686 4237
686 3568
687 3527
687 3993
687 4237
688 3473
688 3630
688 3650
689 3898
689 4075
689 3630
690 4055
690 4075
690 3473
691 3898
691 3650
691 4055
692 3807
692 3805
692 3525
693 3807
693 3950
693 4230
694 4232
694 3950
694 3805
695 3525
695 4232
695 4230
696 3698
696 3506
696 3786
697 3506
697 4123
697 4211
698 3931
698 4211
698 3698
699 3931
699 3786
699 4123
700 3583
700 3783
700 3598
701 4008
701 3783
701 4023
702 4023
702 4208
702 3583
703 4208
703 4008
703 3598
704 3611
704 3409
704 3401
705 3409
705 4036
705 3826
706 3401
706 3834
706 4036
707 3611
707 3834
707 3826
708 3527
708 3594
708 3520
709 3594
709 3952
709 3945
710 3945
710 4019
710 3527
711 3952
711 4019
711 3520
712 3409
712 3521
712 3603
713 3603
713 3834
713 3946
714 3409
714 4028
714 3946
715 3521
715 3834
715 4028
716 3729
716 3416
716 3753
717 4178
717 4154
717 3416
718 4154
718 3841
718 3753
719 4178
719 3729
719 3841
720 3524
720 3689
720 3699
721 3949
721 4124
721 3689
722 3699
722 3949
722 4114
723 3524
723 4114
723 4124
724 3781
724 3553
724 3405
725 3978
725 3781
725 3830
726 3978
726 3405
726 4206
727 3830
727 3553
727 4206
728 3727
728 3641
728 3762
729 4066
729 3727
729 4187
730 4187
730 3641
730 4152
731 4066
731 4152
731 3762
732 3803
732 3400
732 3410
733 3835
733 3803
733 3825
734 4228
734 3400
734 3835
735 3825
735 4228
735 3410
736 3794
736 3442
736 3771
737 4196
737 3794
737 3867
738 4219
738 3442
738 4196
739 3771
739 3867
739 4219
740 3792
740 3736
740 3817
741 4161
741 3792
741 4242
742 3817
742 4161
742 4217
743 3736
743 4217
743 4242
744 3548
744 3523
744 3619
745 3619
745 3973
745 3948
746 3973
746 4044
746 3523
747 4044
747 3548
747 3948
748 3456
748 3432
748 3511
749 3456
749 3857
749 3936
750 3881
750 3857
750 3511
751 3881
751 3936
751 3432
752 3578
752 3681
752 3473
753 4003
753 3898
753 3681
754 4003
754 3473
754 4106
755 3578
755 4106
755 3898
756 3627
756 3546
756 3767
757 3971
757 3767
757 4052
758 3971
758 3627
758 4192
759 4192
759 4052
759 3546
760 3450
760 3624
760 3514
761 3939
761 3624
761 3875
762 3939
762 4049
762 3450
763 3875
763 4049
763 3514
764 3532
764 3715
764 3469
765 3957
765 4140
765 3469
766 3894
766 3957
766 3715
767 3894
767 4140
767 3532
768 3648
768 3599
768 3400
769 3599
769 4073
769 3825
770 3648
770 3825
770 4024
771 4024
771 4073
771 3400
772 3606
772 3570
772 3799
773 3995
773 4031
773 3799
774 4224
774 4031
774 3570
775 4224
775 3995
775 3606
776 3558
776 3732
776 3529
777 3732
777 3983
777 3954
778 3954
778 4157
778 3558
779 3983
779 4157
779 3529
780 3595
780 3518
780 3725
781 3518
781 4150
781 4020
782 3943
782 3725
782 4020
783 3595
783 4150
783 3943
784 3688
784 3675
784 3423
785 3688
785 3848
785 4100
786 3848
786 4113
786 3675
787 3423
787 4113
787 4100
788 3479
788 3440
788 3770
789 3770
789 3865
789 3904
790 3440
790 4195
790 3904
791 4195
791 3865
791 3479
792 3793
792 3616
792 3439
793 3616
793 3864
793 4218
794 4041
794 3439
794 4218
795 3793
795 3864
795 4041
796 3628
796 3669
796 3462
797 3669
797 4053
797 3887
798 3628
798 4094
798 3887
799 3462
799 4094
799 4053
800 3433
800 3788
800 3585
801 4010
801 3433
801 4213
802 4010
802 3788
802 3858
803 4213
803 3585
803 3858
804 3787
804 3744
804 3614
805 3614
805 4212
805 4169
806 4169
806 3787
806 4039
807 4039
807 4212
807 3744
808 3607
808 3634
808 3544
809 4059
809 3544
809 4032
810 3969
810 3634
810 4032
811 3969
811 4059
811 3607
812 3511
812 3697
812 3660
813 4122
813 3660
813 3936
814 3697
814 3936
814 4085
815 4122
815 3511
815 4085
816 3502
816 3807
816 3430
817 3927
817 3855
817 3807
818 4232
818 3430
818 3927
819 3502
819 4232
819 3855
820 3530
820 3685
820 3616
821 3955
821 3685
821 4041
822 3955
822 3616
822 4110
823 4041
823 4110
823 3530
824 3537
824 3443
824 3701
825 3443
825 3962
825 4126
826 3868
826 3962
826 3701
827 4126
827 3868
827 3537
828 3502
828 3703
828 3490
829 3703
829 3915
829 3927
830 3490
830 3927
830 4128
831 3502
831 4128
831 3915
832 3513
832 3796
832 3758
833 3796
833 4183
833 3938
834 4221
834 3938
834 3758
835 4221
835 4183
835 3513
836 3553
836 3529
836 3485
837 3485
837 3978
837 3954
838 3910
838 3529
838 3978
839 3910
839 3954
839 3553
840 3788
840 3645
840 3621
841 3788
841 4046
841 4070
842 4213
842 4070
842 3621
843 4046
843 3645
843 4213
844 3594
844 3440
844 3585
845 3440
845 4010
845 4019
846 4010
846 3594
846 3865
847 3585
847 4019
847 3865
848 3554
848 3700
848 3466
849 3979
849 4125
849 3466
850 3891
850 4125
850 3554
851 3979
851 3891
851 3700
852 3513
852 3453
852 3638
853 3638
853 3938
853 3878
854 4063
854 3878
854 3513
855 4063
855 3938
855 3453
856 3527
856 3730
856 3510
857 3952
857 3510
857 4155
858 3730
858 3952
858 3935
859 3527
859 3935
859 4155
860 3610
860 3501
860 3519
861 3944
861 4035
861 3501
862 3926
862 4035
862 3519
863 3926
863 3944
863 3610
864 3577
864 3633
864 3580
865 4058
865 3577
865 4005
866 4002
866 4005
866 3633
867 4058
867 3580
867 4002
868 3778
868 3437
868 3695
869 3695
869 4203
869 3862
870 4120
870 3862
870 3778
871 4203
871 4120
871 3437
872 3611
872 3788
872 3637
873 4213
873 4062
873 3611
874 4036
874 3637
874 4213
875 3788
875 4036
875 4062
876 3711
876 3653
876 3740
877 4078
877 4165
877 3711
878 4136
878 3653
878 4165
879 3740
879 4078
879 4136
880 3488
880 3788
880 3634
881 4059
881 3488
881 4213
882 3913
882 3788
882 4059
883 3634
883 4213
883 3913
884 3570
884 3574
884 3530
885 3999
885 3995
885 3530
886 3955
886 3574
886 3995
887 3570
887 3955
887 3999
888 3423
888 3687
888 3738
889 4112
889 3738
889 3848
890 4112
890 4163
890 3423
891 3687
891 4163
891 3848
892 3570
892 3484
892 3511
893 3484
893 3995
893 3936
894 3995
894 3511
894 3909
895 3909
895 3570
895 3936
896 3715
896 3809
896 3769
897 4194
897 3809
897 4140
898 4234
898 4194
898 3715
899 4140
899 3769
899 4234
900 3667
900 3535
900 3742
901 3667
901 3960
901 4167
902 3535
902 4167
902 4092
903 3960
903 3742
903 4092
904 3555
904 3423
904 3813
905 3848
905 3555
905 4238
906 3423
906 4238
906 3980
907 3980
907 3813
907 3848
908 3608
908 3408
908 3766
909 4191
909 4033
909 3408
910 3833
910 3608
910 4191
911 4033
911 3766
911 3833
912 3535
912 3663
912 3550
913 3663
913 3960
913 3975
914 3535
914 3975
914 4088
915 3550
915 3960
915 4088
916 3465
916 3634
916 3760
917 3760
917 3890
917 4059
918 3634
918 3890
918 4185
919 4059
919 4185
919 3465
920 3814
920 3460
920 3666
921 3814
921 3885
921 4091
922 4239
922 3885
922 3666
923 4091
923 3460
923 4239
924 3705
924 3525
924 3551
925 3705
925 3976
925 3950
926 3950
926 4130
926 3551
927 3525
927 3976
927 4130
928 3625
928 3557
928 3757
929 3625
929 4182
929 3982
930 4182
930 4050
930 3557
931 4050
931 3757
931 3982
932 3453
932 3810
932 3546
933 4235
933 3878
933 3546
934 3810
934 3971
934 3878
935 4235
935 3971
935 3453
936 3722
936 3615
936 3802
937 4147
937 3615
937 4227
938 4227
938 3722
938 4040
939 4147
939 4040
939 3802
940 3612
940 3455
940 3819
941 4244
941 3612
941 3880
942 4037
942 3819
942 3880
943 4037
943 3455
943 4244
944 3573
944 3734
944 3630
945 4159
945 4055
945 3573
946 3630
946 4159
946 3998
947 4055
947 3734
947 3998
948 3485
948 3594
948 3460
949 3594
949 3885
949 3910
950 3885
950 4019
950 3485
951 3460
951 4019
951 3910
952 3611
952 3700
952 3550
953 4125
953 3975
953 3611
954 4036
954 3550
954 4125
955 3975
955 3700
955 4036
956 3650
956 3495
956 3451
957 3920
957 3650
957 3876
958 4075
958 3876
958 3495
959 3451
959 3920
959 4075
960 3544
960 3530
960 3691
961 3969
961 3691
961 3955
962 4116
962 3969
962 3530
963 3544
963 4116
963 3955
964 3725
964 3612
964 3453
965 3878
965 3612
965 4150
966 3725
966 4037
966 3878
967 4037
967 4150
967 3453
968 3703
968 3433
968 3551
969 4128
969 3858
969 3551
970 3976
970 4128
970 3433
971 3703
971 3976
971 3858
972 3615
972 3403
972 3772
973 4197
973 3615
973 3828
974 3772
974 3828
974 4040
975 4197
975 4040
975 3403
976 3472
976 3487
976 3745
977 3487
977 3897
977 4170
978 3912
978 3472
978 4170
979 3745
979 3897
979 3912
980 3520
980 3668
980 3568
981 3945
981 3668
981 3993
982 4093
982 3568
982 3945
983 3993
983 4093
983 3520
984 3673
984 3442
984 3638
985 4098
985 3442
985 4063
986 4063
986 3867
986 3673
987 3867
987 4098
987 3638
988 3410
988 3505
988 3582
989 3930
989 3835
989 3582
990 3835
990 3505
990 4007
991 3930
991 3410
991 4007
992 3441
992 3663
992 3470
993 3470
993 3866
993 4088
994 3895
994 4088
994 3441
995 3895
995 3663
995 3866
996 3806
996 3623
996 3797
997 3797
997 4048
997 4231
998 4222
998 4231
998 3623
999 4222
999 4048
999 3806
1000 3579
1000 3438
1000 3765
1001 3579
1001 4190
1001 3863
1002 4190
1002 4004
1002 3438
1003 4004
1003 3765
1003 3863
1004 3626
1004 3641
1004 3560
1005 4066
1005 3560
1005 4051
1006 3626
1006 4066
1006 3985
1007 3985
1007 3641
1007 4051
1008 3731
1008 3438
1008 3645
1009 3863
1009 4156
1009 3645
1010 4070
1010 3731
1010 3863
1011 3438
1011 4070
1011 4156
1012 3596
1012 3534
1012 3491
1013 3534
1013 4021
1013 3916
1014 3959
1014 3916
1014 3596
1015 4021
1015 3959
1015 3491
1016 3636
1016 3729
1016 3401
1017 3636
1017 4154
1017 3826
1018 4061
1018 3729
1018 3826
1019 4061
1019 3401
1019 4154
1020 3574
1020 3425
1020 3779
1021 4204
1021 3574
1021 3850
1022 3999
1022 3425
1022 4204
1023 3779
1023 3999
1023 3850
1024 3649
1024 3450
1024 3460
1025 4074
1025 3450
1025 3885
1026 3460
1026 4074
1026 3875
1027 3885
1027 3875
1027 3649
1028 3673
1028 3651
1028 3722
1029 3722
1029 4098
1029 4076
1030 4098
1030 4147
1030 3651
1031 3673
1031 4147
1031 4076
1032 3636
1032 3560
1032 3601
1033 3985
1033 4026
1033 3636
1034 3985
1034 4061
1034 3601
1035 3560
1035 4026
1035 4061
1036 3527
1036 3476
1036 3731
1037 3731
1037 3952
1037 3901
1038 3476
1038 4156
1038 3952
1039 3901
1039 3527
1039 4156
1040 3735
1040 3705
1040 3513
1041 4130
1041 3735
1041 3938
1042 3938
1042 4160
1042 3705
1043 3513
1043 4130
1043 4160
1044 3647
1044 3736
1044 3499
1045 4161
1045 3499
1045 4072
1046 4161
1046 3647
1046 3924
1047 4072
1047 3924
1047 3736
1048 3492
1048 3670
1048 3601
1049 3917
1049 4095
1049 3601
1050 3492
1050 4026
1050 4095
1051 3917
1051 3670
1051 4026
1052 3573
1052 3593
1052 3442
1053 4018
1053 3998
1053 3442
1054 3867
1054 4018
1054 3573
1055 3998
1055 3593
1055 3867
1056 3537
1056 3594
1056 3641
1057 3537
1057 4066
1057 4019
1058 3594
1058 4066
1058 3962
1059 3641
1059 4019
1059 3962
1060 3572
1060 3621
1060 3488
1061 3913
1061 3572
1061 4046
1062 3997
1062 3488
1062 4046
1063 3913
1063 3997
1063 3621
1064 3694
1064 3443
1064 3439
1065 3868
1065 3694
1065 3864
1066 3864
1066 3443
1066 4119
1067 3439
1067 4119
1067 3868
1068 3439
1068 3599
1068 3590
1069 3439
1069 4024
1069 4015
1070 4024
1070 3590
1070 3864
1071 3864
1071 4015
1071 3599
1072 3613
1072 3530
1072 3456
1073 3881
1073 3613
1073 3955
1074 3456
1074 4038
1074 3955
1075 4038
1075 3530
1075 3881
1076 3764
1076 3815
1076 3821
1077 4240
1077 4189
1077 3821
1078 3815
1078 4246
1078 4189
1079 3764
1079 4246
1079 4240
1080 3524
1080 3599
1080 3430
1081 3524
1081 3855
1081 4024
1082 3855
1082 3949
1082 3599
1083 3430
1083 3949
1083 4024
1084 3411
1084 3538
1084 3706
1085 3538
1085 4131
1085 3836
1086 3836
1086 3706
1086 3963
1087 4131
1087 3963
1087 3411
1088 3785
1088 3638
1088 3823
1089 4210
1089 4248
1089 3638
1090 3785
1090 4063
1090 4248
1091 4063
1091 4210
1091 3823
1092 3522
1092 3616
1092 3514
1093 3522
1093 3939
1093 4041
1094 3514
1094 3947
1094 4041
1095 3947
1095 3616
1095 3939
1096 3515
1096 3524
1096 3590
1097 3524
1097 3940
1097 4015
1098 3940
1098 3949
1098 3590
1099 3949
1099 3515
1099 4015
1100 3779
1100 3480
1100 3614
1101 3905
1101 4204
1101 3614
1102 4039
1102 4204
1102 3480
1103 4039
1103 3779
1103 3905
1104 3696
1104 3533
1104 3726
1105 4121
1105 3533
1105 4151
1106 4121
1106 3958
1106 3726
1107 3958
1107 3696
1107 4151
1108 3551
1108 3506
1108 3466
1109 3976
1109 3931
1109 3466
1110 3506
1110 3891
1110 3976
1111 3891
1111 3551
1111 3931
1112 3588
1112 3565
1112 3557
1113 4013
1113 3982
1113 3565
1114 3557
1114 3990
1114 4013
1115 3990
1115 3982
1115 3588
1116 3788
1116 3797
1116 3405
1117 4222
1117 3405
1117 4213
1118 4213
1118 3830
1118 3797
1119 3830
1119 3788
1119 4222
1120 3800
1120 3481
1120 3671
1121 3800
1121 4096
1121 3906
1122 4225
1122 3671
1122 3906
1123 4225
1123 4096
1123 3481
1124 3694
1124 3643
1124 3697
1125 4068
1125 3694
1125 4122
1126 3697
1126 4068
1126 4119
1127 4122
1127 3643
1127 4119
1128 3426
1128 3642
1128 3560
1129 3642
1129 3985
1129 3851
1130 3985
1130 4067
1130 3426
1131 4067
1131 3560
1131 3851
1132 3485
1132 3513
1132 3682
1133 3682
1133 3938
1133 3910
1134 4107
1134 3938
1134 3485
1135 4107
1135 3910
1135 3513
1136 3503
1136 3810
1136 3592
1137 3928
1137 4017
1137 3810
1138 3503
1138 4017
1138 4235
1139 3592
1139 4235
1139 3928
1140 3494
1140 3718
1140 3756
1141 4143
1141 3494
1141 4181
1142 3919
1142 4143
1142 3756
1143 3919
1143 4181
1143 3718
1144 3656
1144 3727
1144 3485
1145 3485
1145 4081
1145 4152
1146 3656
1146 4152
1146 3910
1147 3910
1147 4081
1147 3727
1148 3470
1148 3771
1148 3421
1149 3421
1149 4196
1149 3895
1150 3470
1150 3846
1150 4196
1151 3846
1151 3895
1151 3771
1152 3480
1152 3592
1152 3570
1153 4017
1153 3570
1153 3905
1154 3905
1154 3592
1154 3995
1155 4017
1155 3480
1155 3995
1156 3784
1156 3516
1156 3617
1157 3941
1157 3617
1157 4209
1158 3516
1158 4042
1158 4209
1159 3941
1159 4042
1159 3784
1160 3620
1160 3600
1160 3571
1161 3996
1161 4025
1161 3620
1162 4025
1162 4045
1162 3571
1163 3600
1163 3996
1163 4045
1164 3529
1164 3437
1164 3543
1165 3954
1165 3437
1165 3968
1166 3543
1166 3954
1166 3862
1167 3968
1167 3862
1167 3529
1168 3472
1168 3468
1168 3510
1169 3893
1169 3935
1169 3472
1170 3897
1170 3935
1170 3468
1171 3897
1171 3893
1171 3510
1172 3733
1172 3419
1172 3680
1173 3680
1173 4158
1173 3844
1174 3419
1174 4158
1174 4105
1175 3844
1175 4105
1175 3733
1176 3506
1176 3617
1176 3412
1177 3837
1177 3506
1177 4042
1178 3931
1178 4042
1178 3412
1179 3617
1179 3931
1179 3837
1180 3770
1180 3648
1180 3624
1181 3648
1181 4049
1181 4195
1182 4049
1182 4073
1182 3770
1183 4195
1183 3624
1183 4073
1184 3485
1184 3666
1184 3459
1185 3459
1185 3910
1185 4091
1186 4091
1186 3485
1186 3884
1187 3666
1187 3910
1187 3884
1188 3724
1188 3440
1188 3589
1189 3865
1189 4014
1189 3724
1190 4149
1190 4014
1190 3440
1191 3589
1191 3865
1191 4149
1192 3541
1192 3448
1192 3629
1193 3873
1193 4054
1193 3541
1194 3873
1194 3629
1194 3966
1195 4054
1195 3448
1195 3966
1196 3697
1196 3803
1196 3426
1197 4228
1197 3426
1197 4122
1198 3697
1198 3851
1198 4228
1199 3803
1199 3851
1199 4122
1200 3723
1200 3666
1200 3595
1201 4091
1201 3595
1201 4148
1202 3666
1202 4020
1202 4148
1203 3723
1203 4091
1203 4020
1204 3557
1204 3484
1204 3767
1205 3484
1205 4192
1205 3982
1206 4192
1206 3557
1206 3909
1207 3982
1207 3767
1207 3909
1208 3520
1208 3784
1208 3810
1209 4209
1209 4235
1209 3520
1210 4235
1210 3784
1210 3945
1211 4209
1211 3945
1211 3810
1212 3771
1212 3613
1212 3422
1213 3771
1213 4038
1213 3847
1214 4196
1214 3613
1214 3847
1215 4196
1215 3422
1215 4038
1216 3596
1216 3690
1216 3413
1217 4115
1217 4021
1217 3413
1218 3838
1218 4115
1218 3596
1219 3838
1219 4021
1219 3690
1220 3429
1220 3768
1220 3715
1221 3715
1221 3854
1221 4193
1222 4140
1222 3429
1222 4193
1223 4140
1223 3854
1223 3768
1224 3770
1224 3594
1224 3768
1225 4193
1225 3594
1225 4195
1226 4195
1226 4019
1226 3768
1227 3770
1227 4019
1227 4193
1228 3473
1228 3648
1228 3717
1229 3898
1229 3717
1229 4073
1230 4142
1230 3473
1230 4073
1231 3648
1231 4142
1231 3898
1232 3583
1232 3588
1232 3481
1233 4008
1233 3481
1233 4013
1234 4013
1234 3583
1234 3906
1235 3906
1235 4008
1235 3588
1236 3442
1236 3660
1236 3678
1237 3442
1237 4085
1237 4103
1238 3660
1238 3867
1238 4103
1239 3678
1239 3867
1239 4085
1240 3822
1240 3480
1240 3708
1241 4133
1241 3822
1241 3905
1242 3905
1242 4247
1242 3708
1243 4247
1243 4133
1243 3480
1244 3772
1244 3495
1244 3570
1245 4197
1245 3495
1245 3995
1246 4197
1246 3570
1246 3920
1247 3772
1247 3995
1247 3920
1248 3578
1248 3690
1248 3708
1249 4133
1249 4003
1249 3690
1250 4133
1250 3578
1250 4115
1251 4003
1251 4115
1251 3708
1252 3631
1252 3823
1252 3476
1253 3901
1253 4248
1253 3631
1254 3823
1254 4056
1254 3901
1255 4056
1255 3476
1255 4248
1256 3764
1256 3445
1256 3470
1257 3470
1257 3870
1257 4189
1258 3895
1258 3764
1258 3870
1259 3445
1259 4189
1259 3895
1260 3602
1260 3410
1260 3480
1261 3480
1261 4027
1261 3835
1262 4027
1262 3410
1262 3905
1263 3602
1263 3835
1263 3905
1264 3628
1264 3612
1264 3421
1265 4053
1265 4037
1265 3421
1266 3846
1266 4053
1266 3612
1267 3846
1267 4037
1267 3628
1268 3597
1268 3430
1268 3816
1269 4022
1269 3816
1269 3855
1270 4022
1270 4241
1270 3430
1271 3597
1271 3855
1271 4241
1272 3807
1272 3503
1272 3498
1273 3498
1273 3928
1273 4232
1274 3923
1274 3503
1274 4232
1275 3807
1275 3928
1275 3923
1276 3636
1276 3508
1276 3610
1277 4061
1277 4035
1277 3508
1278 4061
1278 3610
1278 3933
1279 3636
1279 4035
1279 3933
1280 3472
1280 3471
1280 3772
1281 3897
1281 3896
1281 3772
1282 3896
1282 3472
1282 4197
1283 3471
1283 3897
1283 4197
1284 3697
1284 3689
1284 3548
1285 4114
1285 3548
1285 4122
1286 3689
1286 4122
1286 3973
1287 3697
1287 3973
1287 4114
1288 3621
1288 3723
1288 3606
1289 4046
1289 3606
1289 4148
1290 4046
1290 4031
1290 3723
1291 3621
1291 4031
1291 4148
1292 3553
1292 3731
1292 3644
1293 4156
1293 3978
1293 3644
1294 3978
1294 3731
1294 4069
1295 4156
1295 4069
1295 3553
1296 3770
1296 3620
1296 3633
1297 4195
1297 4058
1297 3620
1298 4195
1298 3633
1298 4045
1299 3770
1299 4045
1299 4058
1300 3806
1300 3710
1300 3539
1301 3806
1301 3964
1301 4135
1302 3539
1302 4231
1302 4135
1303 3964
1303 4231
1303 3710
1304 3434
1304 3432
1304 3438
1305 3859
1305 3432
1305 3863
1306 3857
1306 3434
1306 3863
1307 3859
1307 3438
1307 3857
1308 3484
1308 3673
1308 3707
1309 4132
1309 3909
1309 3673
1310 3484
1310 4098
1310 4132
1311 3707
1311 3909
1311 4098
1312 3787
1312 3627
1312 3582
1313 4212
1313 4052
1313 3582
1314 3627
1314 4212
1314 4007
1315 3787
1315 4007
1315 4052
1316 3701
1316 3577
1316 3735
1317 4126
1317 3735
1317 4002
1318 4160
1318 4126
1318 3577
1319 4002
1319 3701
1319 4160
1320 3548
1320 3600
1320 3787
1321 3600
1321 4212
1321 3973
1322 4212
1322 3548
1322 4025
1323 3787
1323 3973
1323 4025
1324 3446
1324 3695
1324 3663
1325 4120
1325 3663
1325 3871
1326 3871
1326 4088
1326 3695
1327 4120
1327 4088
1327 3446
1328 3664
1328 3657
1328 3505
1329 4089
1329 3505
1329 4082
1330 4089
1330 3657
1330 3930
1331 4082
1331 3664
1331 3930
1332 3424
1332 3503
1332 3444
1333 3424
1333 3928
1333 3869
1334 3928
1334 3444
1334 3849
1335 3503
1335 3849
1335 3869
1336 3658
1336 3636
1336 3767
1337 4192
1337 4083
1337 3636
1338 3767
1338 4061
1338 4083
1339 3658
1339 4192
1339 4061
1340 3769
1340 3523
1340 3655
1341 3655
1341 4194
1341 3948
1342 3523
1342 4194
1342 4080
1343 3948
1343 3769
1343 4080
1344 3513
1344 3685
1344 3483
1345 4110
1345 3938
1345 3483
1346 3938
1346 3908
1346 3685
1347 3513
1347 4110
1347 3908
1348 3577
1348 3748
1348 3621
1349 4173
1349 4002
1349 3621
1350 4173
1350 3577
1350 4046
1351 3748
1351 4002
1351 4046
1352 3665
1352 3436
1352 3626
1353 3861
1353 3626
1353 4090
1354 4090
1354 3436
1354 4051
1355 4051
1355 3861
1355 3665
1356 3607
1356 3692
1356 3426
1357 3851
1357 4117
1357 3607
1358 3851
1358 4032
1358 3692
1359 3426
1359 4117
1359 4032
1360 3495
1360 3408
1360 3512
1361 3920
1361 3512
1361 3833
1362 3920
1362 3408
1362 3937
1363 3495
1363 3833
1363 3937
1364 3508
1364 3600
1364 3510
1365 3935
1365 4025
1365 3508
1366 3510
1366 3933
1366 4025
1367 3600
1367 3933
1367 3935
1368 3746
1368 3798
1368 3585
1369 4171
1369 4010
1369 3798
1370 4171
1370 3585
1370 4223
1371 3746
1371 4223
1371 4010
1372 3754
1372 3507
1372 3824
1373 4179
1373 3507
1373 4249
1374 3932
1374 3754
1374 4249
1375 3932
1375 4179
1375 3824
1376 3456
1376 3805
1376 3800
1377 4225
1377 3805
1377 3881
1378 4225
1378 4230
1378 3456
1379 3800
1379 3881
1379 4230
1380 3795
1380 3813
1380 3542
1381 3967
1381 3795
1381 4238
1382 4220
1382 3967
1382 3813
1383 4220
1383 3542
1383 4238
1384 3702
1384 3511
1384 3477
1385 3902
1385 3702
1385 3936
1386 3936
1386 3477
1386 4127
1387 3511
1387 4127
1387 3902
1388 3760
1388 3459
1388 3816
1389 3459
1389 4241
1389 4185
1390 3760
1390 3884
1390 4241
1391 3816
1391 4185
1391 3884
1392 3770
1392 3732
1392 3478
1393 4157
1393 3478
1393 4195
1394 3732
1394 3903
1394 4195
1395 4157
1395 3770
1395 3903
1396 3643
1396 3463
1396 3436
1397 4068
1397 3888
1397 3436
1398 3463
1398 3861
1398 4068
1399 3643
1399 3888
1399 3861
1400 3529
1400 3569
1400 3546
1401 3954
1401 3569
1401 3971
1402 3994
1402 3971
1402 3529
1403 3954
1403 3994
1403 3546
1404 3802
1404 3686
1404 3513
1405 3513
1405 4227
1405 4111
1406 3938
1406 4227
1406 3686
1407 3802
1407 3938
1407 4111
1408 3724
1408 3809
1408 3409
1409 4149
1409 3809
1409 3834
1410 4149
1410 3409
1410 4234
1411 3834
1411 3724
1411 4234
1412 3519
1412 3432
1412 3663
1413 3944
1413 3857
1413 3663
1414 3944
1414 3432
1414 4088
1415 3857
1415 3519
1415 4088
1416 3701
1416 3657
1416 3488
1417 4126
1417 3488
1417 4082
1418 4126
1418 3657
1418 3913
1419 4082
1419 3913
1419 3701
1420 3583
1420 3711
1420 3474
1421 3474
1421 4136
1421 4008
1422 4008
1422 3899
1422 3711
1423 3583
1423 4136
1423 3899
1424 3662
1424 3454
1424 3665
1425 3665
1425 3879
1425 4087
1426 4087
1426 4090
1426 3454
1427 4090
1427 3879
1427 3662
1428 3718
1428 3809
1428 3598
1429 4234
1429 3598
1429 4143
1430 4143
1430 3809
1430 4023
1431 4234
1431 3718
1431 4023
1432 3586
1432 3739
1432 3793
1433 4218
1433 4011
1433 3739
1434 4011
1434 3793
1434 4164
1435 3586
1435 4218
1435 4164
1436 3604
1436 3805
1436 3563
1437 4029
1437 4230
1437 3563
1438 3805
1438 3988
1438 4029
1439 3988
1439 4230
1439 3604
1440 3663
1440 3604
1440 3466
1441 4029
1441 3466
1441 4088
1442 3604
1442 3891
1442 4088
1443 3663
1443 3891
1443 4029
1444 3777
1444 3448
1444 3596
1445 4202
1445 3596
1445 3873
1446 4021
1446 3448
1446 4202
1447 4021
1447 3777
1447 3873
1448 3756
1448 3668
1448 3747
1449 4172
1449 4181
1449 3668
1450 3756
1450 4093
1450 4172
1451 3747
1451 4181
1451 4093
1452 3402
1452 3577
1452 3493
1453 3827
1453 3918
1453 3577
1454 3918
1454 3402
1454 4002
1455 4002
1455 3493
1455 3827
1456 3475
1456 3490
1456 3783
1457 3915
1457 4208
1457 3475
1458 4208
1458 3900
1458 3490
1459 3783
1459 3915
1459 3900
1460 3796
1460 3562
1460 3611
1461 3562
1461 4221
1461 4036
1462 4221
1462 3611
1462 3987
1463 4036
1463 3796
1463 3987
1464 3524
1464 3485
1464 3671
1465 3949
1465 3671
1465 3910
1466 3949
1466 4096
1466 3485
1467 3524
1467 3910
1467 4096
1468 3601
1468 3663
1468 3752
1469 4177
1469 3601
1469 4088
1470 4088
1470 4026
1470 3752
1471 4026
1471 3663
1471 4177
1472 3468
1472 3681
1472 3435
1473 3435
1473 4106
1473 3893
1474 3893
1474 3860
1474 3681
1475 4106
1475 3860
1475 3468
1476 3677
1476 3428
1476 3616
1477 3616
1477 4102
1477 3853
1478 3428
1478 4041
1478 4102
1479 3853
1479 4041
1479 3677
1480 3490
1480 3427
1480 3646
1481 3915
1481 3646
1481 3852
1482 3915
1482 3427
1482 4071
1483 3490
1483 3852
1483 4071
1484 3822
1484 3687
1484 3759
1485 4247
1485 4112
1485 3759
1486 4247
1486 3687
1486 4184
1487 3822
1487 4184
1487 4112
1488 3775
1488 3547
1488 3403
1489 4200
1489 3828
1489 3547
1490 4200
1490 3403
1490 3972
1491 3972
1491 3828
1491 3775
1492 3416
1492 3539
1492 3447
1493 3841
1493 3447
1493 3964
1494 3841
1494 3872
1494 3539
1495 3416
1495 3964
1495 3872
1496 3739
1496 3479
1496 3810
1497 4164
1497 3904
1497 3810
1498 3479
1498 4164
1498 4235
1499 3904
1499 3739
1499 4235
1500 3589
1500 3821
1500 3773
1501 4014
1501 4246
1501 3773
1502 4014
1502 3821
1502 4198
1503 3589
1503 4246
1503 4198
1504 3671
1504 3468
1504 3775
1505 4096
1505 3893
1505 3775
1506 4096
1506 3468
1506 4200
1507 3671
1507 3893
1507 4200
1508 3662
1508 3774
1508 3638
1509 4087
1509 3638
1509 4199
1510 4199
1510 4063
1510 3662
1511 3774
1511 4087
1511 4063
1512 3472
1512 3734
1512 3706
1513 3706
1513 4159
1513 3897
1514 3734
1514 4131
1514 3897
1515 4131
1515 3472
1515 4159
1516 3486
1516 3721
1516 3464
1517 3911
1517 3464
1517 4146
1518 3911
1518 3721
1518 3889
1519 3486
1519 4146
1519 3889
1520 3606
1520 3632
1520 3464
1521 3606
1521 3889
1521 4057
1522 3464
1522 4031
1522 4057
1523 3632
1523 3889
1523 4031
1524 3751
1524 3478
1524 3633
1525 4058
1525 4176
1525 3478
1526 4058
1526 3903
1526 3751
1527 4176
1527 3903
1527 3633
1528 3755
1528 3668
1528 3490
1529 3915
1529 4180
1529 3668
1530 3915
1530 3755
1530 4093
1531 3490
1531 4180
1531 4093
1532 3432
1532 3720
1532 3495
1533 3857
1533 3495
1533 4145
1534 3920
1534 4145
1534 3432
1535 3720
1535 3920
1535 3857
1536 3763
1536 3644
1536 3742
1537 4188
1537 4167
1537 3644
1538 3742
1538 4069
1538 4188
1539 4167
1539 3763
1539 4069
1540 3698
1540 3568
1540 3819
1541 3993
1541 3819
1541 4123
1542 4244
1542 3568
1542 4123
1543 3993
1543 4244
1543 3698
1544 3622
1544 3734
1544 3742
1545 4159
1545 3622
1545 4167
1546 3742
1546 4159
1546 4047
1547 4167
1547 4047
1547 3734
1548 3695
1548 3586
1548 3492
1549 4120
1549 4011
1549 3492
1550 3586
1550 3917
1550 4120
1551 3695
1551 4011
1551 3917
1552 3417
1552 3459
1552 3648
1553 3884
1553 3842
1553 3648
1554 3417
1554 3884
1554 4073
1555 4073
1555 3842
1555 3459
1556 3599
1556 3471
1556 3636
1557 3636
1557 3896
1557 4024
1558 3896
1558 3599
1558 4061
1559 3471
1559 4061
1559 4024
1560 3748
1560 3654
1560 3425
1561 4079
1561 3425
1561 4173
1562 3654
1562 3850
1562 4173
1563 3748
1563 3850
1563 4079
1564 3679
1564 3799
1564 3555
1565 3980
1565 3799
1565 4104
1566 3980
1566 4224
1566 3679
1567 4224
1567 3555
1567 4104
1568 3726
1568 3460
1568 3464
1569 4151
1569 3464
1569 3885
1570 3889
1570 3460
1570 4151
1571 3726
1571 3889
1571 3885
1572 3570
1572 3494
1572 3741
1573 3919
1573 3741
1573 3995
1574 4166
1574 3494
1574 3995
1575 4166
1575 3919
1575 3570
1576 3616
1576 3629
1576 3472
1577 3472
1577 4041
1577 4054
1578 3897
1578 4041
1578 3629
1579 3897
1579 3616
1579 4054
1580 3813
1580 3774
1580 3594
1581 3594
1581 4199
1581 4238
1582 4238
1582 4019
1582 3774
1583 3813
1583 4199
1583 4019
1584 3563
1584 3527
1584 3748
1585 3527
1585 3988
1585 4173
1586 3748
1586 3952
1586 3988
1587 3563
1587 4173
1587 3952
1588 3505
1588 3673
1588 3774
1589 4098
1589 3505
1589 4199
1590 4199
1590 3673
1590 3930
1591 3930
1591 3774
1591 4098
1592 3408
1592 3641
1592 3771
1593 3833
1593 3641
1593 4196
1594 3408
1594 4066
1594 4196
1595 4066
1595 3833
1595 3771
1596 3814
1596 3647
1596 3469
1597 4239
1597 3647
1597 3894
1598 3894
1598 3814
1598 4072
1599 3469
1599 4072
1599 4239
1600 3548
1600 3471
1600 3472
1601 3897
1601 3471
1601 3973
1602 3897
1602 3548
1602 3896
1603 3472
1603 3973
1603 3896
1604 3511
1604 3719
1604 3485
1605 3936
1605 3485
1605 4144
1606 3936
1606 3719
1606 3910
1607 4144
1607 3910
1607 3511
1608 3753
1608 3605
1608 3813
1609 4238
1609 4178
1609 3605
1610 3753
1610 4238
1610 4030
1611 4178
1611 4030
1611 3813
1612 3751
1612 3585
1612 3522
1613 3585
1613 3947
1613 4176
1614 3522
1614 4010
1614 4176
1615 3751
1615 4010
1615 3947
1616 3668
1616 3450
1616 3535
1617 3875
1617 3535
1617 4093
1618 4093
1618 3960
1618 3450
1619 3960
1619 3875
1619 3668
1620 3699
1620 3410
1620 3625
1621 3410
1621 4124
1621 4050
1622 4124
1622 3625
1622 3835
1623 4050
1623 3835
1623 3699
1624 3468
1624 3427
1624 3800
1625 3893
1625 3800
1625 3852
1626 3427
1626 3893
1626 4225
1627 4225
1627 3468
1627 3852
1628 3447
1628 3428
1628 3488
1629 3428
1629 3872
1629 3913
1630 3872
1630 3488
1630 3853
1631 3447
1631 3853
1631 3913
1632 3819
1632 3647
1632 3746
1633 4244
1633 4072
1633 3746
1634 4072
1634 3819
1634 4171
1635 3647
1635 4171
1635 4244
1636 3616
1636 3609
1636 3551
1637 3976
1637 4041
1637 3609
1638 3551
1638 4041
1638 4034
1639 4034
1639 3976
1639 3616
1640 3568
1640 3430
1640 3686
1641 3430
1641 4111
1641 3993
1642 4111
1642 3855
1642 3568
1643 3855
1643 3686
1643 3993
1644 3741
1644 3448
1644 3765
1645 4166
1645 3448
1645 4190
1646 4166
1646 3873
1646 3765
1647 3741
1647 3873
1647 4190
1648 3613
1648 3590
1648 3612
1649 4038
1649 3590
1649 4037
1650 4038
1650 3612
1650 4015
1651 4015
1651 4037
1651 3613
1652 3557
1652 3455
1652 3798
1653 3880
1653 4223
1653 3557
1654 3880
1654 3798
1654 3982
1655 3982
1655 3455
1655 4223
1656 3650
1656 3585
1656 3452
1657 4075
1657 3585
1657 3877
1658 4075
1658 3452
1658 4010
1659 3877
1659 3650
1659 4010
1660 3811
1660 3692
1660 3764
1661 3764
1661 4117
1661 4236
1662 3692
1662 4189
1662 4236
1663 3811
1663 4189
1663 4117
1664 3734
1664 3617
1664 3595
1665 3617
1665 4020
1665 4159
1666 3734
1666 4020
1666 4042
1667 4159
1667 4042
1667 3595
1668 3766
1668 3438
1668 3768
1669 4191
1669 3863
1669 3768
1670 4193
1670 3863
1670 3766
1671 3438
1671 4193
1671 4191
1672 3777
1672 3731
1672 3737
1673 4162
1673 3731
1673 4202
1674 4202
1674 3737
1674 4156
1675 3777
1675 4156
1675 4162
1676 3794
1676 3574
1676 3762
1677 4187
1677 4219
1677 3574
1678 4187
1678 3794
1678 3999
1679 4219
1679 3999
1679 3762
1680 3745
1680 3426
1680 3720
1681 4145
1681 4170
1681 3426
1682 3745
1682 4145
1682 3851
1683 4170
1683 3851
1683 3720
1684 3812
1684 3773
1684 3715
1685 4237
1685 3715
1685 4198
1686 3773
1686 4140
1686 4237
1687 4140
1687 3812
1687 4198
1688 3688
1688 3413
1688 3793
1689 4218
1689 4113
1689 3413
1690 3838
1690 4218
1690 3688
1691 3793
1691 3838
1691 4113
1692 3657
1692 3429
1692 3609
1693 3854
1693 4082
1693 3609
1694 3854
1694 3657
1694 4034
1695 4082
1695 4034
1695 3429
1696 3488
1696 3649
1696 3626
1697 3913
1697 3649
1697 4051
1698 4074
1698 4051
1698 3488
1699 3626
1699 3913
1699 4074
1700 3558
1700 3673
1700 3777
1701 4098
1701 4202
1701 3558
1702 3777
1702 3983
1702 4098
1703 3673
1703 4202
1703 3983
1704 3686
1704 3513
1704 3567
1705 3513
1705 4111
1705 3992
1706 4111
1706 3567
1706 3938
1707 3992
1707 3938
1707 3686
1708 3800
1708 3760
1708 3632
1709 4057
1709 3800
1709 4185
1710 3760
1710 4225
1710 4057
1711 3632
1711 4225
1711 4185
1712 3815
1712 3510
1712 3573
1713 3998
1713 4240
1713 3510
1714 3573
1714 4240
1714 3935
1715 3815
1715 3998
1715 3935
1716 3600
1716 3454
1716 3473
1717 3879
1717 4025
1717 3473
1718 4025
1718 3898
1718 3454
1719 3600
1719 3879
1719 3898
1720 3443
1720 3741
1720 3627
1721 3627
1721 3868
1721 4166
1722 3443
1722 4166
1722 4052
1723 3741
1723 3868
1723 4052
1724 3631
1724 3755
1724 3748
1725 4056
1725 4180
1725 3748
1726 4056
1726 3755
1726 4173
1727 3631
1727 4180
1727 4173
1728 3637
1728 3645
1728 3525
1729 4062
1729 4070
1729 3525
1730 4062
1730 3950
1730 3645
1731 4070
1731 3637
1731 3950
1732 3650
1732 3782
1732 3639
1733 4075
1733 3782
1733 4064
1734 3639
1734 4075
1734 4207
1735 3650
1735 4064
1735 4207
1736 3452
1736 3769
1736 3567
1737 3877
1737 3769
1737 3992
1738 3877
1738 3567
1738 4194
1739 3452
1739 3992
1739 4194
1740 3668
1740 3522
1740 3519
1741 4093
1741 3522
1741 3944
1742 3668
1742 3947
1742 3944
1743 4093
1743 3519
1743 3947
1744 3796
1744 3669
1744 3802
1745 4094
1745 4221
1745 3802
1746 3669
1746 4227
1746 4221
1747 3796
1747 4227
1747 4094
1748 3756
1748 3450
1748 3535
1749 3960
1749 3450
1749 4181
1750 3535
1750 3875
1750 4181
1751 3960
1751 3875
1751 3756
1752 3712
1752 3437
1752 3505
1753 3930
1753 3437
1753 4137
1754 3505
1754 4137
1754 3862
1755 3712
1755 3862
1755 3930
1756 3593
1756 3462
1756 3558
1757 3887
1757 4018
1757 3558
1758 4018
1758 3983
1758 3462
1759 3887
1759 3983
1759 3593
1760 3764
1760 3774
1760 3765
1761 4189
1761 4199
1761 3765
1762 4190
1762 3774
1762 4189
1763 3764
1763 4190
1763 4199
1764 3479
1764 3773
1764 3482
1765 3907
1765 3479
1765 4198
1766 3482
1766 3904
1766 4198
1767 3907
1767 3773
1767 3904
1768 3600
1768 3667
1768 3490
1769 3490
1769 4092
1769 4025
1770 4025
1770 3667
1770 3915
1771 3600
1771 4092
1771 3915
1772 3687
1772 3412
1772 3683
1773 4112
1773 3837
1773 3683
1774 4112
1774 3412
1774 4108
1775 4108
1775 3687
1775 3837
1776 3643
1776 3427
1776 3465
1777 4068
1777 3852
1777 3465
1778 3890
1778 3427
1778 4068
1779 3643
1779 3852
1779 3890
1780 3731
1780 3812
1780 3476
1781 4237
1781 4156
1781 3476
1782 4156
1782 3812
1782 3901
1783 4237
1783 3731
1783 3901
1784 3591
1784 3514
1784 3662
1785 4016
1785 3939
1785 3662
1786 4016
1786 3514
1786 4087
1787 4087
1787 3591
1787 3939
1788 3694
1788 3431
1788 3776
1789 3856
1789 3776
1789 4119
1790 3431
1790 4119
1790 4201
1791 3694
1791 3856
1791 4201
1792 3526
1792 3666
1792 3564
1793 3989
1793 4091
1793 3526
1794 3951
1794 3564
1794 4091
1795 3666
1795 3989
1795 3951
1796 3767
1796 3445
1796 3444
1797 3870
1797 3444
1797 4192
1798 3767
1798 3870
1798 3869
1799 3869
1799 3445
1799 4192
1800 3694
1800 3516
1800 3558
1801 4119
1801 3558
1801 3941
1802 3694
1802 3941
1802 3983
1803 3516
1803 4119
1803 3983
1804 3678
1804 3641
1804 3419
1805 4066
1805 4103
1805 3419
1806 3844
1806 3641
1806 4103
1807 4066
1807 3678
1807 3844
1808 3808
1808 3644
1808 3530
1809 4233
1809 4069
1809 3530
1810 4233
1810 3644
1810 3955
1811 3808
1811 4069
1811 3955
1812 3739
1812 3647
1812 3409
1813 3409
1813 4164
1813 4072
1814 3647
1814 4164
1814 3834
1815 4072
1815 3739
1815 3834
1816 3698
1816 3460
1816 3625
1817 4123
1817 4050
1817 3460
1818 4123
1818 3885
1818 3625
1819 3698
1819 4050
1819 3885
1820 3762
1820 3777
1820 3735
1821 3735
1821 4187
1821 4202
1822 3762
1822 4202
1822 4160
1823 3777
1823 4160
1823 4187
1824 3532
1824 3680
1824 3703
1825 4128
1825 3532
1825 4105
1826 3680
1826 4128
1826 3957
1827 4105
1827 3957
1827 3703
1828 3734
1828 3631
1828 3501
1829 4056
1829 3501
1829 4159
1830 4056
1830 3926
1830 3734
1831 3631
1831 4159
1831 3926
1832 3492
1832 3592
1832 3590
1833 3917
1833 3592
1833 4015
1834 3492
1834 4017
1834 4015
1835 3917
1835 4017
1835 3590
1836 3427
1836 3519
1836 3726
1837 3427
1837 4151
1837 3944
1838 3852
1838 3944
1838 3726
1839 4151
1839 3852
1839 3519
1840 3722
1840 3595
1840 3628
1841 3628
1841 4020
1841 4147
1842 3595
1842 4053
1842 4147
1843 4020
1843 4053
1843 3722
1844 3455
1844 3683
1844 3679
1845 3880
1845 3683
1845 4104
1846 4104
1846 4108
1846 3455
1847 3679
1847 3880
1847 4108
1848 3560
1848 3411
1848 3430
1849 3560
1849 3836
1849 3855
1850 3985
1850 3855
1850 3411
1851 3836
1851 3985
1851 3430
1852 3639
1852 3634
1852 3559
1853 3559
1853 4059
1853 4064
1854 4059
1854 3984
1854 3639
1855 3634
1855 3984
1855 4064
1856 3453
1856 3547
1856 3466
1857 3878
1857 3972
1857 3466
1858 3547
1858 3878
1858 3891
1859 3453
1859 3891
1859 3972
1860 3420
1860 3449
1860 3516
1861 3874
1861 3941
1861 3420
1862 3449
1862 3845
1862 3941
1863 3845
1863 3516
1863 3874
1864 3724
1864 3716
1864 3806
1865 4231
1865 4141
1865 3724
1866 4231
1866 4149
1866 3716
1867 4149
1867 3806
1867 4141
1868 3778
1868 3475
1868 3737
1869 4203
1869 3475
1869 4162
1870 4203
1870 3737
1870 3900
1871 3900
1871 4162
1871 3778
1872 3617
1872 3748
1872 3692
1873 4173
1873 4042
1873 3692
1874 4117
1874 4042
1874 3748
1875 4117
1875 3617
1875 4173
1876 3583
1876 3477
1876 3563
1877 4008
1877 3988
1877 3477
1878 4008
1878 3902
1878 3563
1879 3902
1879 3583
1879 3988
1880 3821
1880 3562
1880 3703
1881 4128
1881 3821
1881 3987
1882 4128
1882 3562
1882 4246
1883 4246
1883 3703
1883 3987
1884 3543
1884 3454
1884 3812
1885 3454
1885 3968
1885 4237
1886 3968
1886 3812
1886 3879
1887 3879
1887 3543
1887 4237
1888 3676
1888 3614
1888 3459
1889 3459
1889 4101
1889 4039
1890 3614
1890 3884
1890 4101
1891 3676
1891 4039
1891 3884
1892 3443
1892 3637
1892 3563
1893 3988
1893 3637
1893 3868
1894 3868
1894 4062
1894 3563
1895 3988
1895 3443
1895 4062
1896 3814
1896 3619
1896 3811
1897 4239
1897 4044
1897 3811
1898 4239
1898 4236
1898 3619
1899 3814
1899 4236
1899 4044
1900 3599
1900 3760
1900 3641
1901 4185
1901 4066
1901 3599
1902 3641
1902 4024
1902 4185
1903 3760
1903 4024
1903 4066
1904 3505
1904 3780
1904 3537
1905 4205
1905 3537
1905 3930
1906 3780
1906 3962
1906 3930
1907 3505
1907 3962
1907 4205
1908 3543
1908 3464
1908 3733
1909 3968
1909 3889
1909 3733
1910 3968
1910 4158
1910 3464
1911 3889
1911 3543
1911 4158
1912 3676
1912 3732
1912 3814
1913 4239
1913 3732
1913 4101
1914 4157
1914 4239
1914 3676
1915 4101
1915 4157
1915 3814
1916 3441
1916 3743
1916 3725
1917 3866
1917 3743
1917 4150
1918 4168
1918 4150
1918 3441
1919 3725
1919 3866
1919 4168
1920 3440
1920 3700
1920 3603
1921 3865
1921 3700
1921 4028
1922 3865
1922 4125
1922 3603
1923 3440
1923 4125
1923 4028
1924 3707
1924 3620
1924 3413
1925 3838
1925 4045
1925 3707
1926 3620
1926 4132
1926 3838
1927 4045
1927 3413
1927 4132
1928 3797
1928 3416
1928 3610
1929 3416
1929 4035
1929 4222
1930 3841
1930 4035
1930 3797
1931 3610
1931 4222
1931 3841
1932 3498
1932 3630
1932 3502
1933 4055
1933 3502
1933 3923
1934 4055
1934 3498
1934 3927
1935 3630
1935 3923
1935 3927
1936 3633
1936 3551
1936 3410
1937 3551
1937 3835
1937 4058
1938 3835
1938 3633
1938 3976
1939 3410
1939 3976
1939 4058
1940 3757
1940 3463
1940 3430
1941 4182
1941 3888
1941 3430
1942 3757
1942 3855
1942 3888
1943 4182
1943 3855
1943 3463
1944 3619
1944 3456
1944 3605
1945 4044
1945 3605
1945 3881
1946 3619
1946 4030
1946 3881
1947 3456
1947 4044
1947 4030
1948 3802
1948 3423
1948 3656
1949 3656
1949 4227
1949 3848
1950 3423
1950 4227
1950 4081
1951 3802
1951 3848
1951 4081
1952 3510
1952 3728
1952 3573
1953 3510
1953 3998
1953 4153
1954 3935
1954 4153
1954 3573
1955 3728
1955 3998
1955 3935
1956 3793
1956 3688
1956 3400
1957 3825
1957 3688
1957 4218
1958 4218
1958 4113
1958 3400
1959 3825
1959 3793
1959 4113
1960 3625
1960 3403
1960 3650
1961 4050
1961 3403
1961 4075
1962 3625
1962 3828
1962 4075
1963 3828
1963 4050
1963 3650
1964 3460
1964 3800
1964 3438
1965 4225
1965 3438
1965 3885
1966 3863
1966 4225
1966 3460
1967 3885
1967 3863
1967 3800
1968 3409
1968 3781
1968 3612
1969 4037
1969 3834
1969 3781
1970 4037
1970 3409
1970 4206
1971 4206
1971 3834
1971 3612
1972 3705
1972 3448
1972 3598
1973 4023
1973 4130
1973 3448
1974 3705
1974 3873
1974 4023
1975 3598
1975 4130
1975 3873
1976 3635
1976 3712
1976 3654
1977 4137
1977 4079
1977 3635
1978 4137
1978 3654
1978 4060
1979 3712
1979 4079
1979 4060
1980 3770
1980 3755
1980 3732
1981 3755
1981 4157
1981 4195
1982 4157
1982 3770
1982 4180
1983 3732
1983 4195
1983 4180
1984 3530
1984 3588
1984 3672
1985 3672
1985 3955
1985 4013
1986 3955
1986 4097
1986 3588
1987 4013
1987 3530
1987 4097
1988 3705
1988 3612
1988 3433
1989 4130
1989 3433
1989 4037
1990 3705
1990 3858
1990 4037
1991 4130
1991 3858
1991 3612
1992 3787
1992 3619
1992 3791
1993 4212
1993 4044
1993 3791
1994 4212
1994 4216
1994 3619
1995 3787
1995 4216
1995 4044
1996 3653
1996 3501
1996 3680
1997 3926
1997 3680
1997 4078
1998 3501
1998 4078
1998 4105
1999 3926
1999 4105
1999 3653
2000 3570
2000 3597
2000 3567
2001 3597
2001 3992
2001 3995
2002 3995
2002 3567
2002 4022
2003 3570
2003 3992
2003 4022
2004 3537
2004 3633
2004 3724
2005 4149
2005 3962
2005 3633
2006 3537
2006 4058
2006 4149
2007 3724
2007 3962
2007 4058
2008 3472
2008 3674
2008 3652
2009 3897
2009 4099
2009 3652
2010 3674
2010 3897
2010 4077
2011 3472
2011 4099
2011 4077
2012 3642
2012 3720
2012 3743
2013 4168
2013 3720
2013 4067
2014 4168
2014 3642
2014 4145
2015 4067
2015 4145
2015 3743
2016 3660
2016 3612
2016 3430
2017 3612
2017 4085
2017 3855
2018 4085
2018 3430
2018 4037
2019 3855
2019 3660
2019 4037
2020 3724
2020 3612
2020 3549
2021 4149
2021 3549
2021 4037
2022 3974
2022 4149
2022 3612
2023 3724
2023 4037
2023 3974
2024 3597
2024 3747
2024 3750
2025 3750
2025 4022
2025 4172
2026 4175
2026 4022
2026 3747
2027 4172
2027 3597
2027 4175
2028 3561
2028 3587
2028 3771
2029 4196
2029 3587
2029 3986
2030 4196
2030 3561
2030 4012
2031 3986
2031 4012
2031 3771
2032 3621
2032 3474
2032 3522
2033 4046
2033 3947
2033 3474
2034 3947
2034 3621
2034 3899
2035 4046
2035 3899
2035 3522
2036 3662
2036 3809
2036 3691
2037 4234
2037 4116
2037 3662
2038 4087
2038 4234
2038 3691
2039 3809
2039 4087
2039 4116
2040 3659
2040 3502
2040 3658
2041 4084
2041 3927
2041 3658
2042 4084
2042 3502
2042 4083
2043 3659
2043 3927
2043 4083
2044 3820
2044 3578
2044 3515
2045 4003
2045 3515
2045 4245
2046 3578
2046 4245
2046 3940
2047 3820
2047 4003
2047 3940
2048 3609
2048 3536
2048 3740
2049 4165
2049 3536
2049 4034
2050 4034
2050 3961
2050 3740
2051 3961
2051 4165
2051 3609
2052 3564
2052 3683
2052 3723
2053 3564
2053 4148
2053 4108
2054 3683
2054 3989
2054 4148
2055 3989
2055 3723
2055 4108
2056 3547
2056 3470
2056 3719
2057 3972
2057 4144
2057 3470
2058 3895
2058 3547
2058 4144
2059 3972
2059 3895
2059 3719
2060 3492
2060 3559
2060 3430
2061 3984
2061 3855
2061 3492
2062 3559
2062 3855
2062 3917
2063 3430
2063 3984
2063 3917
2064 3754
2064 3519
2064 3577
2065 3944
2065 4179
2065 3577
2066 4002
2066 3519
2066 4179
2067 4002
2067 3754
2067 3944
2068 3755
2068 3786
2068 3563
2069 3563
2069 4211
2069 4180
2070 4211
2070 3755
2070 3988
2071 3786
2071 4180
2071 3988
2072 3631
2072 3409
2072 3761
2073 4056
2073 3409
2073 4186
2074 3834
2074 4186
2074 3631
2075 3834
2075 3761
2075 4056
2076 3792
2076 3516
2076 3563
2077 3988
2077 3516
2077 4217
2078 3988
2078 3941
2078 3792
2079 4217
2079 3563
2079 3941
2080 3769
2080 3457
2080 3515
2081 4194
2081 3882
2081 3515
2082 4194
2082 3940
2082 3457
2083 3769
2083 3940
2083 3882
2084 3743
2084 3781
2084 3526
2085 3526
2085 4168
2085 4206
2086 4206
2086 3743
2086 3951
2087 3781
2087 4168
2087 3951
2088 3737
2088 3529
2088 3475
2089 3475
2089 4162
2089 3954
2090 4162
2090 3900
2090 3529
2091 3737
2091 3954
2091 3900
2092 3580
2092 3493
2092 3458
2093 3918
2093 4005
2093 3458
2094 4005
2094 3883
2094 3493
2095 3883
2095 3580
2095 3918
2096 3700
2096 3697
2096 3466
2097 4125
2097 3697
2097 3891
2098 4125
2098 3466
2098 4122
2099 4122
2099 3700
2099 3891
2100 3739
2100 3695
2100 3481
2101 3906
2101 4164
2101 3695
2102 3481
2102 4120
2102 4164
2103 3739
2103 4120
2103 3906
2104 3800
2104 3474
2104 3496
2105 4225
2105 3899
2105 3496
2106 4225
2106 3474
2106 3921
2107 3899
2107 3800
2107 3921
2108 3402
2108 3472
2108 3667
2109 4092
2109 3827
2109 3472
2110 3402
2110 4092
2110 3897
2111 3827
2111 3667
2111 3897
2112 3672
2112 3442
2112 3640
2113 4065
2113 4097
2113 3442
2114 4065
2114 3867
2114 3672
2115 4097
2115 3640
2115 3867
2116 3716
2116 3438
2116 3519
2117 3438
2117 3944
2117 4141
2118 3944
2118 3716
2118 3863
2119 3519
2119 4141
2119 3863
2120 3625
2120 3559
2120 3756
2121 3625
2121 4181
2121 3984
2122 3559
2122 4050
2122 4181
2123 3756
2123 3984
2123 4050
2124 3625
2124 3469
2124 3686
2125 3894
2125 3686
2125 4050
2126 4111
2126 4050
2126 3469
2127 4111
2127 3894
2127 3625
2128 3716
2128 3671
2128 3574
2129 4141
2129 3999
2129 3671
2130 4096
2130 4141
2130 3574
2131 3716
2131 3999
2131 4096
2132 3687
2132 3674
2132 3654
2133 3687
2133 4099
2133 4079
2134 3654
2134 4099
2134 4112
2135 3674
2135 4112
2135 4079
2136 3519
2136 3818
2136 3407
2137 3832
2137 3944
2137 3818
2138 4243
2138 3519
2138 3832
2139 3407
2139 4243
2139 3944
2140 3440
2140 3481
2140 3724
2141 4149
2141 3481
2141 3865
2142 4149
2142 3906
2142 3440
2143 3724
2143 3906
2143 3865
2144 3655
2144 3427
2144 3701
2145 4080
2145 4126
2145 3427
2146 4126
2146 3852
2146 3655
2147 3701
2147 3852
2147 4080
2148 3663
2148 3596
2148 3570
2149 4021
2149 3995
2149 3663
2150 4021
2150 3570
2150 4088
2151 4088
2151 3995
2151 3596
2152 3515
2152 3438
2152 3448
2153 3448
2153 3863
2153 3940
2154 3940
2154 3873
2154 3438
2155 3873
2155 3515
2155 3863
2156 3802
2156 3709
2156 3615
2157 4040
2157 3709
2157 4227
2158 4227
2158 4134
2158 3615
2159 3802
2159 4134
2159 4040
2160 3436
2160 3810
2160 3793
2161 3861
2161 3810
2161 4218
2162 3436
2162 4218
2162 4235
2163 3793
2163 3861
2163 4235
2164 3451
2164 3642
2164 3474
2165 3899
2165 3876
2165 3642
2166 3899
2166 4067
2166 3451
2167 4067
2167 3876
2167 3474
2168 3577
2168 3708
2168 3413
2169 3577
2169 4133
2169 3838
2170 4133
2170 4002
2170 3413
2171 3708
2171 3838
2171 4002
2172 3736
2172 3660
2172 3585
2173 4010
2173 3660
2173 4161
2174 4085
2174 3736
2174 4010
2175 4161
2175 3585
2175 4085
2176 3648
2176 3745
2176 3812
2177 3812
2177 4170
2177 4073
2178 4073
2178 4237
2178 3745
2179 4170
2179 4237
2179 3648
2180 3786
2180 3594
2180 3768
2181 3594
2181 4193
2181 4211
2182 3768
2182 4019
2182 4211
2183 4019
2183 3786
2183 4193
2184 3510
2184 3515
2184 3790
2185 4215
2185 3510
2185 3940
2186 4215
2186 3935
2186 3515
2187 3935
2187 3790
2187 3940
2188 3509
2188 3740
2188 3507
2189 3934
2189 3932
2189 3740
2190 3934
2190 3507
2190 4165
2191 3932
2191 4165
2191 3509
2192 3440
2192 3658
2192 3720
2193 3658
2193 4145
2193 3865
2194 3865
2194 3720
2194 4083
2195 3440
2195 4145
2195 4083
2196 3691
2196 3645
2196 3424
2197 4116
2197 4070
2197 3424
2198 3849
2198 3691
2198 4070
2199 3645
2199 3849
2199 4116
2200 3527
2200 3805
2200 3665
2201 3952
2201 3805
2201 4090
2202 4230
2202 3665
2202 3952
2203 4230
2203 4090
2203 3527
2204 3589
2204 3411
2204 3676
2205 3836
2205 4014
2205 3676
2206 3589
2206 3836
2206 4101
2207 4014
2207 3411
2207 4101
2208 3569
2208 3474
2208 3695
2209 3695
2209 3899
2209 3994
2210 3474
2210 4120
2210 3994
2211 3569
2211 3899
2211 4120
2212 3580
2212 3719
2212 3610
2213 4035
2213 4005
2213 3719
2214 4035
2214 3580
2214 4144
2215 4144
2215 4005
2215 3610
2216 3803
2216 3649
2216 3707
2217 4228
2217 4132
2217 3649
2218 4074
2218 3803
2218 4132
2219 4228
2219 4074
2219 3707
2220 3782
2220 3602
2220 3817
2221 4242
2221 3782
2221 4027
2222 3602
2222 4207
2222 4242
2223 4027
2223 3817
2223 4207
2224 3450
2224 3653
2224 3559
2225 3875
2225 3984
2225 3653
2226 3559
2226 3875
2226 4078
2227 3450
2227 3984
2227 4078
2228 3431
2228 3745
2228 3471
2229 3896
2229 3431
2229 4170
2230 4170
2230 3471
2230 3856
2231 3856
2231 3745
2231 3896
2232 3727
2232 3504
2232 3814
2233 3929
2233 4152
2233 3814
2234 3727
2234 4239
2234 3929
2235 3504
2235 4239
2235 4152
2236 3436
2236 3601
2236 3762
2237 4187
2237 3601
2237 3861
2238 4187
2238 4026
2238 3436
2239 3762
2239 3861
2239 4026
2240 3613
2240 3470
2240 3660
2241 3613
2241 3895
2241 4085
2242 3470
2242 4038
2242 4085
2243 3660
2243 3895
2243 4038
2244 3508
2244 3653
2244 3577
2245 4078
2245 3933
2245 3577
2246 3508
2246 4002
2246 4078
2247 3653
2247 4002
2247 3933
2248 3590
2248 3661
2248 3428
2249 4086
2249 3590
2249 3853
2250 3853
2250 4015
2250 3661
2251 4086
2251 4015
2251 3428
2252 3779
2252 3617
2252 3610
2253 4204
2253 3617
2253 4035
2254 4204
2254 4042
2254 3610
2255 3779
2255 4035
2255 4042
2256 3714
2256 3665
2256 3709
2257 4139
2257 4090
2257 3709
2258 4139
2258 4134
2258 3665
2259 4134
2259 3714
2259 4090
2260 3524
2260 3460
2260 3419
2261 3949
2261 3419
2261 3885
2262 3524
2262 3844
2262 3885
2263 3949
2263 3460
2263 3844
2264 3637
2264 3700
2264 3798
2265 4062
2265 3700
2265 4223
2266 4223
2266 3637
2266 4125
2267 4125
2267 3798
2267 4062
2268 3612
2268 3669
2268 3552
2269 4037
2269 4094
2269 3552
2270 3669
2270 3977
2270 4037
2271 4094
2271 3612
2271 3977
2272 3581
2272 3420
2272 3568
2273 3993
2273 3420
2273 4006
2274 3845
2274 3993
2274 3581
2275 3845
2275 4006
2275 3568
2276 3545
2276 3488
2276 3728
2277 3970
2277 3728
2277 3913
2278 3970
2278 3488
2278 4153
2279 3913
2279 4153
2279 3545
2280 3413
2280 3500
2280 3762
2281 3838
2281 3500
2281 4187
2282 4187
2282 3925
2282 3413
2283 3925
2283 3762
2283 3838
2284 3439
2284 3647
2284 3407
2285 4072
2285 3864
2285 3407
2286 3647
2286 3832
2286 3864
2287 4072
2287 3439
2287 3832
2288 3626
2288 3804
2288 3571
2289 4229
2289 3626
2289 3996
2290 4051
2290 3571
2290 4229
2291 3804
2291 3996
2291 4051
2292 3818
2292 3464
2292 3446
2293 3446
2293 3889
2293 4243
2294 3464
2294 4243
2294 3871
2295 3889
2295 3871
2295 3818
2296 3688
2296 3648
2296 3416
2297 3841
2297 3688
2297 4073
2298 4113
2298 3648
2298 3841
2299 4113
2299 3416
2299 4073
2300 3747
2300 3600
2300 3685
2301 4172
2301 4025
2301 3685
2302 4110
2302 4172
2302 3600
2303 4110
2303 4025
2303 3747
2304 3758
2304 3778
2304 3437
2305 4203
2305 3758
2305 3862
2306 3437
2306 4183
2306 4203
2307 3862
2307 3778
2307 4183
2308 3621
2308 3643
2308 3427
2309 3643
2309 4046
2309 3852
2310 3852
2310 3621
2310 4068
2311 4046
2311 3427
2311 4068
2312 3644
2312 3603
2312 3400
2313 3603
2313 3825
2313 4069
2314 4028
2314 4069
2314 3400
2315 3644
2315 3825
2315 4028
2316 3461
2316 3796
2316 3699
2317 3461
2317 4221
2317 4124
2318 3699
2318 3886
2318 4221
2319 4124
2319 3886
2319 3796
2320 3448
2320 3540
2320 3518
2321 3873
2321 3965
2321 3518
2322 3943
2322 3540
2322 3873
2323 3448
2323 3965
2323 3943
2324 3497
2324 3434
2324 3788
2325 3922
2325 3859
2325 3788
2326 3434
2326 3922
2326 4213
2327 3497
2327 3859
2327 4213
2328 3755
2328 3630
2328 3774
2329 4180
2329 4199
2329 3630
2330 3774
2330 4180
2330 4055
2331 4199
2331 4055
2331 3755
2332 3453
2332 3635
2332 3435
2333 3878
2333 3635
2333 3860
2334 4060
2334 3860
2334 3453
2335 4060
2335 3878
2335 3435
2336 3685
2336 3785
2336 3539
2337 4110
2337 3964
2337 3785
2338 4110
2338 3539
2338 4210
2339 3964
2339 4210
2339 3685
2340 3764
2340 3667
2340 3459
2341 3884
2341 4092
2341 3764
2342 3884
2342 4189
2342 3667
2343 4092
2343 4189
2343 3459
2344 3622
2344 3674
2344 3811
2345 4047
2345 3811
2345 4099
2346 4047
2346 4236
2346 3674
2347 4099
2347 3622
2347 4236
2348 3722
2348 3442
2348 3465
2349 3867
2349 4147
2349 3465
2350 3890
2350 3442
2350 4147
2351 3722
2351 3867
2351 3890
2352 3542
2352 3718
2352 3660
2353 4085
2353 3967
2353 3718
2354 4085
2354 3542
2354 4143
2355 3967
2355 4143
2355 3660
2356 3715
2356 3669
2356 3489
2357 3914
2357 4140
2357 3669
2358 4140
2358 4094
2358 3489
2359 3914
2359 4094
2359 3715
2360 3671
2360 3544
2360 3500
2361 3925
2361 3671
2361 3969
2362 3969
2362 3500
2362 4096
2363 4096
2363 3544
2363 3925
2364 3688
2364 3465
2364 3516
2365 4113
2365 3516
2365 3890
2366 3465
2366 3941
2366 4113
2367 3890
2367 3688
2367 3941
2368 3786
2368 3595
2368 3675
2369 4100
2369 3595
2369 4211
2370 4100
2370 3786
2370 4020
2371 4020
2371 3675
2371 4211
2372 3502
2372 3615
2372 3514
2373 3927
2373 3615
2373 3939
2374 4040
2374 3927
2374 3514
2375 4040
2375 3502
2375 3939
2376 3442
2376 3796
2376 3620
2377 4045
2377 3867
2377 3796
2378 4221
2378 4045
2378 3442
2379 3620
2379 4221
2379 3867
2380 3590
2380 3820
2380 3800
2381 4015
2381 3820
2381 4225
2382 4245
2382 3800
2382 4015
2383 3590
2383 4245
2383 4225
2384 3592
2384 3508
2384 3618
2385 4017
2385 3933
2385 3618
2386 4017
2386 3508
2386 4043
2387 3592
2387 4043
2387 3933
2388 3743
2388 3501
2388 3437
2389 3862
2389 3926
2389 3743
2390 3862
2390 4168
2390 3501
2391 3926
2391 3437
2391 4168
2392 3785
2392 3420
2392 3691
2393 3785
2393 4116
2393 3845
2394 4210
2394 3845
2394 3691
2395 3420
2395 4116
2395 4210
2396 3756
2396 3526
2396 3747
2397 3747
2397 4181
2397 3951
2398 3526
2398 4172
2398 4181
2399 3951
2399 3756
2399 4172
2400 3709
2400 3723
2400 3812
2401 4237
2401 4134
2401 3723
2402 3709
2402 4148
2402 4237
2403 4134
2403 3812
2403 4148
2404 3786
2404 3471
2404 3824
2405 3786
2405 3896
2405 4249
2406 4249
2406 3471
2406 4211
2407 3824
2407 4211
2407 3896
2408 3493
2408 3526
2408 3571
2409 3951
2409 3918
2409 3571
2410 3951
2410 3996
2410 3493
2411 3996
2411 3918
2411 3526
2412 3458
2412 3758
2412 3804
2413 3758
2413 4229
2413 3883
2414 3804
2414 4183
2414 3883
2415 4183
2415 3458
2415 4229
2416 3536
2416 3697
2416 3805
2417 3961
2417 4230
2417 3697
2418 4122
2418 3961
2418 3805
2419 3536
2419 4122
2419 4230
2420 3401
2420 3583
2420 3640
2421 3826
2421 4065
2421 3583
2422 3826
2422 3640
2422 4008
2423 3401
2423 4065
2423 4008
2424 3498
2424 3730
2424 3784
2425 3730
2425 3923
2425 4209
2426 3498
2426 4155
2426 4209
2427 3923
2427 4155
2427 3784
2428 3608
2428 3498
2428 3418
2429 3843
2429 4033
2429 3498
2430 3418
2430 3923
2430 4033
2431 3608
2431 3923
2431 3843
2432 3569
2432 3458
2432 3490
2433 3883
2433 3569
2433 3915
2434 3883
2434 3490
2434 3994
2435 3915
2435 3994
2435 3458
2436 3661
2436 3605
2436 3405
2437 4030
2437 3661
2437 3830
2438 4086
2438 4030
2438 3405
2439 3605
2439 4086
2439 3830
2440 3735
2440 3710
2440 3542
2441 3967
2441 4135
2441 3735
2442 3967
2442 3710
2442 4160
2443 3542
2443 4160
2443 4135
2444 3609
2444 3743
2444 3483
2445 4034
2445 3908
2445 3743
2446 4034
2446 4168
2446 3483
2447 3908
2447 3609
2447 4168
2448 3536
2448 3415
2448 3410
2449 3961
2449 3415
2449 3835
2450 3410
2450 3961
2450 3840
2451 3840
2451 3536
2451 3835
2452 3431
2452 3706
2452 3577
2453 4002
2453 3856
2453 3706
2454 3577
2454 4131
2454 3856
2455 3431
2455 4002
2455 4131
2456 3400
2456 3756
2456 3568
2457 4181
2457 3568
2457 3825
2458 3400
2458 3993
2458 4181
2459 3825
2459 3993
2459 3756
2460 3595
2460 3485
2460 3757
2461 3910
2461 4020
2461 3757
2462 3595
2462 4182
2462 3910
2463 4182
2463 4020
2463 3485
2464 3722
2464 3779
2464 3812
2465 4237
2465 3722
2465 4204
2466 3812
2466 4147
2466 4204
2467 3779
2467 4237
2467 4147
2468 3480
2468 3531
2468 3797
2469 3956
2469 3797
2469 3905
2470 4222
2470 3956
2470 3480
2471 3531
2471 4222
2471 3905
2472 3664
2472 3677
2472 3597
2473 3677
2473 4022
2473 4089
2474 4022
2474 4102
2474 3664
2475 4089
2475 3597
2475 4102
2476 3811
2476 3450
2476 3727
2477 3727
2477 3875
2477 4236
2478 4152
2478 3450
2478 4236
2479 3811
2479 3875
2479 4152
2480 3508
2480 3437
2480 3755
2481 3862
2481 3755
2481 3933
2482 3508
2482 4180
2482 3862
2483 3437
2483 3933
2483 4180
2484 3464
2484 3610
2484 3501
2485 3610
2485 3889
2485 3926
2486 4035
2486 3889
2486 3501
2487 3464
2487 3926
2487 4035
2488 3401
2488 3656
2488 3765
2489 3765
2489 3826
2489 4081
2490 4190
2490 3826
2490 3656
2491 4081
2491 3401
2491 4190
2492 3667
2492 3591
2492 3490
2493 3490
2493 4016
2493 4092
2494 4016
2494 3915
2494 3667
2495 3591
2495 3915
2495 4092
2496 3560
2496 3678
2496 3689
2497 3985
2497 4103
2497 3689
2498 3678
2498 4114
2498 3985
2499 3560
2499 4103
2499 4114
2500 3481
2500 3504
2500 3468
2501 3893
2501 3504
2501 3906
2502 3929
2502 3893
2502 3481
2503 3468
2503 3906
2503 3929
2504 3656
2504 3628
2504 3487
2505 3656
2505 3912
2505 4053
2506 4081
2506 3487
2506 4053
2507 4081
2507 3912
2507 3628
2508 3540
2508 3788
2508 3616
2509 3540
2509 4213
2509 4041
2510 3788
2510 3965
2510 4041
2511 3965
2511 4213
2511 3616
2512 3772
2512 3417
2512 3729
2513 3842
2513 3772
2513 4154
2514 4154
2514 4197
2514 3417
2515 4197
2515 3842
2515 3729
2516 3735
2516 3447
2516 3676
2517 3676
2517 3872
2517 4160
2518 4101
2518 3447
2518 4160
2519 3735
2519 3872
2519 4101
2520 3457
2520 3614
2520 3493
2521 3918
2521 3882
2521 3614
2522 3493
2522 4039
2522 3882
2523 3918
2523 4039
2523 3457
2524 3610
2524 3451
2524 3579
2525 3876
2525 4004
2525 3610
2526 4035
2526 3451
2526 4004
2527 3579
2527 4035
2527 3876
2528 3592
2528 3566
2528 3404
2529 3991
2529 3592
2529 3829
2530 3566
2530 4017
2530 3829
2531 3991
2531 4017
2531 3404
2532 3793
2532 3436
2532 3749
2533 4174
2533 3793
2533 3861
2534 4218
2534 3749
2534 3861
2535 4218
2535 4174
2535 3436
2536 3458
2536 3402
2536 3410
2537 3458
2537 3827
2537 3835
2538 3883
2538 3402
2538 3835
2539 3410
2539 3883
2539 3827
2540 3445
2540 3553
2540 3474
2541 3553
2541 3899
2541 3870
2542 3978
2542 3870
2542 3474
2543 3445
2543 3978
2543 3899
2544 3532
2544 3496
2544 3775
2545 4200
2545 3532
2545 3921
2546 3957
2546 3496
2546 4200
2547 3957
2547 3921
2547 3775
2548 3802
2548 3766
2548 3611
2549 3802
2549 4036
2549 4191
2550 3611
2550 4227
2550 4191
2551 4227
2551 3766
2551 4036
2552 3654
2552 3697
2552 3734
2553 4159
2553 3697
2553 4079
2554 4159
2554 4122
2554 3654
2555 3734
2555 4122
2555 4079
2556 3729
2556 3722
2556 3628
2557 4053
2557 4147
2557 3729
2558 4053
2558 4154
2558 3722
2559 4147
2559 4154
2559 3628
2560 3584
2560 3663
2560 3744
2561 3663
2561 4009
2561 4169
2562 4169
2562 4088
2562 3584
2563 4009
2563 4088
2563 3744
2564 3727
2564 3814
2564 3803
2565 4152
2565 3814
2565 4228
2566 4152
2566 3803
2566 4239
2567 4239
2567 4228
2567 3727
2568 3607
2568 3570
2568 3575
2569 3575
2569 4032
2569 3995
2570 3607
2570 4000
2570 3995
2571 4000
2571 4032
2571 3570
2572 3729
2572 3777
2572 3526
2573 4202
2573 3951
2573 3729
2574 3951
2574 4154
2574 3777
2575 3526
2575 4154
2575 4202
2576 3761
2576 3700
2576 3726
2577 4125
2577 3761
2577 4151
2578 4151
2578 3700
2578 4186
2579 4186
2579 3726
2579 4125
2580 3582
2580 3465
2580 3739
2581 3739
2581 3890
2581 4007
2582 4164
2582 3582
2582 3890
2583 4164
2583 3465
2583 4007
2584 3736
2584 3456
2584 3574
2585 3574
2585 3881
2585 4161
2586 3999
2586 3456
2586 4161
2587 3736
2587 3999
2587 3881
2588 3563
2588 3530
2588 3497
2589 3530
2589 3922
2589 3988
2590 3988
2590 3955
2590 3497
2591 3955
2591 3922
2591 3563
2592 3784
2592 3754
2592 3695
2593 4120
2593 3784
2593 4179
2594 4209
2594 4120
2594 3754
2595 4209
2595 4179
2595 3695
2596 3454
2596 3822
2596 3771
2597 3879
2597 3822
2597 4196
2598 4196
2598 4247
2598 3454
2599 3879
2599 4247
2599 3771
2600 3766
2600 3432
2600 3660
2601 4085
2601 3857
2601 3766
2602 3432
2602 4191
2602 4085
2603 3660
2603 4191
2603 3857
2604 3458
2604 3610
2604 3809
2605 3458
2605 4035
2605 4234
2606 3883
2606 3610
2606 4234
2607 3883
2607 4035
2607 3809
2608 3522
2608 3704
2608 3553
2609 3978
2609 3704
2609 3947
2610 4129
2610 3553
2610 3947
2611 3978
2611 4129
2611 3522
2612 3442
2612 3711
2612 3755
2613 4180
2613 3867
2613 3711
2614 4180
2614 4136
2614 3442
2615 3755
2615 4136
2615 3867
2616 3820
2616 3663
2616 3540
2617 4088
2617 3540
2617 4245
2618 3820
2618 3965
2618 4088
2619 4245
2619 3965
2619 3663
2620 3606
2620 3602
2620 3468
2621 3602
2621 3893
2621 4031
2622 3606
2622 3893
2622 4027
2623 4031
2623 4027
2623 3468
2624 3749
2624 3489
2624 3718
2625 3749
2625 4143
2625 3914
2626 3914
2626 4174
2626 3718
2627 4174
2627 4143
2627 3489
2628 3782
2628 3722
2628 3607
2629 4147
2629 3782
2629 4032
2630 4207
2630 3722
2630 4032
2631 4147
2631 4207
2631 3607
2632 3455
2632 3554
2632 3504
2633 3554
2633 3880
2633 3929
2634 3979
2634 3455
2634 3929
2635 3504
2635 3979
2635 3880
2636 3707
2636 3682
2636 3509
2637 4107
2637 3707
2637 3934
2638 3682
2638 4132
2638 3934
2639 4107
2639 4132
2639 3509
2640 3760
2640 3749
2640 3647
2641 3749
2641 4072
2641 4185
2642 4185
2642 4174
2642 3647
2643 3760
2643 4174
2643 4072
2644 3745
2644 3811
2644 3771
2645 3811
2645 4170
2645 4196
2646 4236
2646 3745
2646 4196
2647 3771
2647 4170
2647 4236
2648 3571
2648 3677
2648 3405
2649 4102
2649 3405
2649 3996
2650 3677
2650 3830
2650 3996
2651 3830
2651 4102
2651 3571
2652 3732
2652 3587
2652 3619
2653 3732
2653 4012
2653 4044
2654 4157
2654 3587
2654 4044
2655 4157
2655 4012
2655 3619
2656 3682
2656 3624
2656 3497
2657 3922
2657 3624
2657 4107
2658 3682
2658 4049
2658 3922
2659 4107
2659 4049
2659 3497
2660 3795
2660 3461
2660 3763
2661 4188
2661 3461
2661 4220
2662 3886
2662 3795
2662 4188
2663 4220
2663 3886
2663 3763
2664 3481
2664 3746
2664 3637
2665 3906
2665 4171
2665 3637
2666 3481
2666 4062
2666 4171
2667 4062
2667 3906
2667 3746
2668 3463
2668 3713
2668 3552
2669 3888
2669 3713
2669 3977
2670 3888
2670 4138
2670 3552
2671 4138
2671 3977
2671 3463
2672 3539
2672 3453
2672 3551
2673 3551
2673 3878
2673 3964
2674 3976
2674 3453
2674 3964
2675 3539
2675 3976
2675 3878
2676 3641
2676 3590
2676 3403
2677 3828
2677 3641
2677 4015
2678 4066
2678 3590
2678 3828
2679 4015
2679 3403
2679 4066
2680 3465
2680 3455
2680 3535
2681 3465
2681 3960
2681 3880
2682 3455
2682 3890
2682 3960
2683 3880
2683 3890
2683 3535
2684 3527
2684 3692
2684 3430
2685 3692
2685 3952
2685 3855
2686 4117
2686 3527
2686 3855
2687 4117
2687 3952
2687 3430
2688 3648
2688 3685
2688 3455
2689 3685
2689 4073
2689 3880
2690 3648
2690 4110
2690 3880
2691 4110
2691 4073
2691 3455
2692 3638
2692 3488
2692 3713
2693 3638
2693 3913
2693 4138
2694 4063
2694 3488
2694 4138
2695 4063
2695 3713
2695 3913
2696 3630
2696 3484
2696 3479
2697 3904
2697 3630
2697 3909
2698 3909
2698 4055
2698 3479
2699 3904
2699 4055
2699 3484
2700 3760
2700 3522
2700 3439
2701 3760
2701 3947
2701 3864
2702 3522
2702 3864
2702 4185
2703 4185
2703 3947
2703 3439
2704 3552
2704 3557
2704 3487
2705 3982
2705 3552
2705 3912
2706 3982
2706 3977
2706 3487
2707 3557
2707 3977
2707 3912
2708 3658
2708 3592
2708 3457
2709 3658
2709 4017
2709 3882
2710 4083
2710 3592
2710 3882
2711 4083
2711 4017
2711 3457
2712 3765
2712 3574
2712 3457
2713 3765
2713 3999
2713 3882
2714 4190
2714 3574
2714 3882
2715 4190
2715 3999
2715 3457
2716 3538
2716 3402
2716 3607
2717 3827
2717 3538
2717 4032
2718 4032
2718 3963
2718 3402
2719 3963
2719 3607
2719 3827
2720 3500
2720 3727
2720 3415
2721 3415
2721 4152
2721 3925
2722 3840
2722 3727
2722 3925
2723 3840
2723 4152
2723 3500
2724 3729
2724 3792
2724 3419
2725 3844
2725 3792
2725 4154
2726 4217
2726 3844
2726 3729
2727 4154
2727 4217
2727 3419
2728 3539
2728 3810
2728 3809
2729 3964
2729 3810
2729 4234
2730 3964
2730 4235
2730 3809
2731 4234
2731 4235
2731 3539
2732 3558
2732 3743
2732 3773
2733 3983
2733 3773
2733 4168
2734 4198
2734 3558
2734 4168
2735 4198
2735 3983
2735 3743
2736 3652
2736 3450
2736 3458
2737 3883
2737 3652
2737 3875
2738 4077
2738 3450
2738 3883
2739 3875
2739 4077
2739 3458
2740 3654
2740 3680
2740 3521
2741 4105
2741 3654
2741 3946
2742 4079
2742 3680
2742 3946
2743 4079
2743 4105
2743 3521
2744 3502
2744 3461
2744 3553
2745 3461
2745 3927
2745 3978
2746 3886
2746 3502
2746 3978
2747 3553
2747 3886
2747 3927
2748 3796
2748 3548
2748 3674
2749 3973
2749 3796
2749 4099
2750 4221
2750 3548
2750 4099
2751 3973
2751 4221
2751 3674
2752 3761
2752 3802
2752 3573
2753 3998
2753 3802
2753 4186
2754 4227
2754 3761
2754 3998
2755 3573
2755 4227
2755 4186
2756 3501
2756 3726
2756 3654
2757 4079
2757 3501
2757 4151
2758 4079
2758 3726
2758 3926
2759 3926
2759 4151
2759 3654
2760 3657
2760 3567
2760 3671
2761 4082
2761 3671
2761 3992
2762 3657
2762 4096
2762 3992
2763 4096
2763 4082
2763 3567
2764 3432
2764 3623
2764 3750
2765 3857
2765 3623
2765 4175
2766 4048
2766 3432
2766 4175
2767 4048
2767 3750
2767 3857
2768 3803
2768 3628
2768 3452
2769 3628
2769 4228
2769 3877
2770 3877
2770 4053
2770 3803
2771 4053
2771 4228
2771 3452
2772 3801
2772 3702
2772 3632
2773 3801
2773 4127
2773 4057
2774 4226
2774 3702
2774 4057
2775 4226
2775 4127
2775 3632
2776 3505
2776 3529
2776 3486
2777 3529
2777 3930
2777 3911
2778 3954
2778 3486
2778 3930
2779 3954
2779 3911
2779 3505
2780 3560
2780 3759
2780 3546
2781 3759
2781 3985
2781 3971
2782 3560
2782 3971
2782 4184
2783 4184
2783 3546
2783 3985
2784 3677
2784 3823
2784 3531
2785 4102
2785 3823
2785 3956
2786 4248
2786 3677
2786 3956
2787 4102
2787 4248
2787 3531
2788 3575
2788 3522
2788 3592
2789 3522
2789 4000
2789 4017
2790 4017
2790 3575
2790 3947
2791 4000
2791 3947
2791 3592
2792 3797
2792 3525
2792 3542
2793 3797
2793 3950
2793 3967
2794 3525
2794 4222
2794 3967
2795 4222
2795 3542
2795 3950
2796 3477
2796 3623
2796 3515
2797 3902
2797 3515
2797 4048
2798 3940
2798 3623
2798 3902
2799 3477
2799 4048
2799 3940
2800 3432
2800 3451
2800 3459
2801 3884
2801 3432
2801 3876
2802 3857
2802 3451
2802 3884
2803 3459
2803 3857
2803 3876
2804 3533
2804 3464
2804 3813
2805 3813
2805 3958
2805 3889
2806 4238
2806 3464
2806 3958
2807 4238
2807 3889
2807 3533
2808 3420
2808 3477
2808 3564
2809 3902
2809 3420
2809 3989
2810 3845
2810 3477
2810 3989
2811 3845
2811 3902
2811 3564
2812 3816
2812 3521
2812 3489
2813 3914
2813 3521
2813 4241
2814 3489
2814 4241
2814 3946
2815 3946
2815 3914
2815 3816
2816 3695
2816 3687
2816 3800
2817 3687
2817 4225
2817 4120
2818 4112
2818 3800
2818 4120
2819 4112
2819 4225
2819 3695
2820 3806
2820 3758
2820 3591
2821 4183
2821 3806
2821 4016
2822 4016
2822 4231
2822 3758
2823 3591
2823 4231
2823 4183
2824 3722
2824 3430
2824 3612
2825 3855
2825 3722
2825 4037
2826 4147
2826 3430
2826 4037
2827 3612
2827 4147
2827 3855
2828 3804
2828 3694
2828 3537
2829 4119
2829 3804
2829 3962
2830 3962
2830 4229
2830 3694
2831 3537
2831 4119
2831 4229
2832 3486
2832 3740
2832 3645
2833 3911
2833 3645
2833 4165
2834 4165
2834 3486
2834 4070
2835 3911
2835 4070
2835 3740
2836 3475
2836 3563
2836 3460
2837 3885
2837 3563
2837 3900
2838 3475
2838 3988
2838 3885
2839 3900
2839 3988
2839 3460
2840 3610
2840 3457
2840 3754
2841 4179
2841 3610
2841 3882
2842 4035
2842 3457
2842 4179
2843 4035
2843 3754
2843 3882
2844 3439
2844 3664
2844 3676
2845 4089
2845 3676
2845 3864
2846 3664
2846 4101
2846 3864
2847 3439
2847 4101
2847 4089
2848 3761
2848 3670
2848 3765
2849 4095
2849 3761
2849 4190
2850 3670
2850 4186
2850 4190
2851 4095
2851 4186
2851 3765
2852 3443
2852 3566
2852 3536
2853 3566
2853 3961
2853 3868
2854 3868
2854 3536
2854 3991
2855 3961
2855 3443
2855 3991
2856 3716
2856 3778
2856 3474
2857 3899
2857 3716
2857 4203
2858 4203
2858 4141
2858 3474
2859 3899
2859 4141
2859 3778
2860 3467
2860 3649
2860 3665
2861 4090
2861 3649
2861 3892
2862 3665
2862 4074
2862 3892
2863 4090
2863 3467
2863 4074
2864 3776
2864 3800
2864 3574
2865 3800
2865 4201
2865 3999
2866 4225
2866 3999
2866 3776
2867 4225
2867 3574
2867 4201
2868 3571
2868 3643
2868 3715
2869 4140
2869 3643
2869 3996
2870 3571
2870 4140
2870 4068
2871 4068
2871 3996
2871 3715
2872 3787
2872 3812
2872 3438
2873 3812
2873 4212
2873 3863
2874 4237
2874 3787
2874 3863
2875 4237
2875 4212
2875 3438
2876 3661
2876 3541
2876 3640
2877 3661
2877 3966
2877 4065
2878 3541
2878 4065
2878 4086
2879 4086
2879 3966
2879 3640
2880 3500
2880 3723
2880 3775
2881 3723
2881 4200
2881 3925
2882 3500
2882 4148
2882 4200
2883 3775
2883 3925
2883 4148
2884 3745
2884 3710
2884 3440
2885 4135
2885 3865
2885 3745
2886 3440
2886 4170
2886 4135
2887 3865
2887 4170
2887 3710
2888 3664
2888 3485
2888 3783
2889 4208
2889 3664
2889 3910
2890 4089
2890 4208
2890 3485
2891 3910
2891 3783
2891 4089
2892 3528
2892 3439
2892 3819
2893 3528
2893 3864
2893 4244
2894 4244
2894 3953
2894 3439
2895 3864
2895 3953
2895 3819
2896 3554
2896 3534
2896 3411
2897 3554
2897 3959
2897 3836
2898 3979
2898 3411
2898 3959
2899 3979
2899 3836
2899 3534
2900 3443
2900 3612
2900 3693
2901 4118
2901 3612
2901 3868
2902 4118
2902 4037
2902 3443
2903 4037
2903 3868
2903 3693
2904 3610
2904 3707
2904 3584
2905 4009
2905 3707
2905 4035
2906 4035
2906 3584
2906 4132
2907 3610
2907 4132
2907 4009
2908 3765
2908 3524
2908 3439
2909 3949
2909 3765
2909 3864
2910 3864
2910 3524
2910 4190
2911 4190
2911 3949
2911 3439
2912 3467
2912 3788
2912 3456
2913 3881
2913 3467
2913 4213
2914 4213
2914 3892
2914 3456
2915 3788
2915 3892
2915 3881
2916 3654
2916 3468
2916 3656
2917 3654
2917 3893
2917 4081
2918 4081
2918 4079
2918 3468
2919 3893
2919 3656
2919 4079
2920 3505
2920 3821
2920 3447
2921 3505
2921 4246
2921 3872
2922 3872
2922 3821
2922 3930
2923 3930
2923 4246
2923 3447
2924 3708
2924 3695
2924 3425
2925 4120
2925 3708
2925 3850
2926 3695
2926 4133
2926 3850
2927 4133
2927 4120
2927 3425
2928 3807
2928 3622
2928 3665
2929 4047
2929 3807
2929 4090
2930 4232
2930 3622
2930 4090
2931 4232
2931 4047
2931 3665
2932 3803
2932 3453
2932 3502
2933 3878
2933 3803
2933 3927
2934 3453
2934 4228
2934 3927
2935 3878
2935 4228
2935 3502
2936 3402
2936 3818
2936 3461
2937 3818
2937 3886
2937 3827
2938 4243
2938 3461
2938 3827
2939 3886
2939 4243
2939 3402
2940 3710
2940 3412
2940 3724
2941 4149
2941 4135
2941 3412
2942 3724
2942 4135
2942 3837
2943 3837
2943 4149
2943 3710
2944 3693
2944 3627
2944 3682
2945 4052
2945 3682
2945 4118
2946 3693
2946 4052
2946 4107
2947 4107
2947 3627
2947 4118
2948 3611
2948 3638
2948 3437
2949 3638
2949 4036
2949 3862
2950 3611
2950 4063
2950 3862
2951 4036
2951 4063
2951 3437
2952 3633
2952 3452
2952 3778
2953 3778
2953 4058
2953 3877
2954 3877
2954 4203
2954 3633
2955 4203
2955 4058
2955 3452
2956 3795
2956 3577
2956 3433
2957 3795
2957 4002
2957 3858
2958 4220
2958 3577
2958 3858
2959 4220
2959 4002
2959 3433
2960 3478
2960 3796
2960 3437
2961 3862
2961 3796
2961 3903
2962 3437
2962 4221
2962 3903
2963 4221
2963 3862
2963 3478
2964 3823
2964 3555
2964 3583
2965 3823
2965 4008
2965 3980
2966 4008
2966 3555
2966 4248
2967 4248
2967 3980
2967 3583
2968 3415
2968 3793
2968 3823
2969 4218
2969 3823
2969 3840
2970 4248
2970 3793
2970 3840
2971 3415
2971 4218
2971 4248
2972 3557
2972 3432
2972 3433
2973 3857
2973 3557
2973 3858
2974 3432
2974 3858
2974 3982
2975 3982
2975 3857
2975 3433
2976 3699
2976 3576
2976 3500
2977 3925
2977 3576
2977 4124
2978 3500
2978 4001
2978 4124
2979 4001
2979 3925
2979 3699
2980 3596
2980 3656
2980 3451
2981 3656
2981 4021
2981 3876
2982 3876
2982 4081
2982 3596
2983 4021
2983 4081
2983 3451
2984 3590
2984 3802
2984 3431
2985 4015
2985 3802
2985 3856
2986 4227
2986 3590
2986 3856
2987 3431
2987 4227
2987 4015
2988 3747
2988 3508
2988 3447
2989 3747
2989 3933
2989 3872
2990 3508
2990 3872
2990 4172
2991 3447
2991 4172
2991 3933
2992 3681
2992 3639
2992 3637
2993 3681
2993 4064
2993 4062
2994 4106
2994 3639
2994 4062
2995 4106
2995 4064
2995 3637
2996 3493
2996 3650
2996 3435
2997 3435
2997 4075
2997 3918
2998 3860
2998 3650
2998 3918
2999 3860
2999 4075
2999 3493
3000 3434
3000 3470
3000 3637
3001 4062
3001 3470
3001 3859
3002 3895
3002 3434
3002 4062
3003 3637
3003 3895
3003 3859
3004 3788
3004 3491
3004 3661
3005 3661
3005 4213
3005 3916
3006 4086
3006 4213
3006 3491
3007 3916
3007 4086
3007 3788
3008 3432
3008 3551
3008 3726
3009 3432
3009 3976
3009 4151
3010 3551
3010 3857
3010 4151
3011 3857
3011 3726
3011 3976
3012 3445
3012 3787
3012 3768
3013 3787
3013 4193
3013 3870
3014 4212
3014 3768
3014 3870
3015 4212
3015 3445
3015 4193
3016 3678
3016 3805
3016 3734
3017 4103
3017 3805
3017 4159
3018 3734
3018 4230
3018 4103
3019 4159
3019 3678
3019 4230
3020 3520
3020 3698
3020 3415
3021 3698
3021 3945
3021 3840
3022 3840
3022 4123
3022 3520
3023 4123
3023 3415
3023 3945
3024 3747
3024 3719
3024 3803
3025 4228
3025 3747
3025 4144
3026 3803
3026 4172
3026 4144
3027 3719
3027 4172
3027 4228
3028 3779
3028 3576
3028 3751
3029 3779
3029 4176
3029 4001
3030 4001
3030 4204
3030 3751
3031 4176
3031 4204
3031 3576
3032 3715
3032 3552
3032 3440
3033 3715
3033 3977
3033 3865
3034 3865
3034 4140
3034 3552
3035 3977
3035 4140
3035 3440
3036 3595
3036 3813
3036 3586
3037 3813
3037 4020
3037 4011
3038 4238
3038 4011
3038 3595
3039 3586
3039 4238
3039 4020
3040 3478
3040 3761
3040 3443
3041 3761
3041 3903
3041 3868
3042 4186
3042 3478
3042 3868
3043 3443
3043 4186
3043 3903
3044 3679
3044 3778
3044 3714
3045 3778
3045 4104
3045 4139
3046 3679
3046 4139
3046 4203
3047 4203
3047 3714
3047 4104
3048 3405
3048 3673
3048 3481
3049 4098
3049 3906
3049 3405
3050 3673
3050 3830
3050 3906
3051 3830
3051 4098
3051 3481
3052 3678
3052 3796
3052 3451
3053 3796
3053 4103
3053 3876
3054 3876
3054 4221
3054 3678
3055 4221
3055 3451
3055 4103
3056 3747
3056 3532
3056 3416
3057 3747
3057 3957
3057 3841
3058 4172
3058 3532
3058 3841
3059 3957
3059 4172
3059 3416
3060 3402
3060 3805
3060 3672
3061 3827
3061 3805
3061 4097
3062 4097
3062 3402
3062 4230
3063 3672
3063 4230
3063 3827
3064 3750
3064 3796
3064 3664
3065 4089
3065 3796
3065 4175
3066 3750
3066 4221
3066 4089
3067 4175
3067 3664
3067 4221
3068 3532
3068 3708
3068 3517
3069 3957
3069 3708
3069 3942
3070 4133
3070 3532
3070 3942
3071 4133
3071 3957
3071 3517
3072 3606
3072 3633
3072 3785
3073 3633
3073 4031
3073 4210
3074 4210
3074 3606
3074 4058
3075 4058
3075 4031
3075 3785
3076 3766
3076 3535
3076 3543
3077 3535
3077 4191
3077 3968
3078 3960
3078 3766
3078 3968
3079 4191
3079 3960
3079 3543
3080 3763
3080 3642
3080 3780
3081 3763
3081 4205
3081 4067
3082 4205
3082 4188
3082 3642
3083 4188
3083 3780
3083 4067
3084 3682
3084 3525
3084 3690
3085 3525
3085 4107
3085 4115
3086 4115
3086 3682
3086 3950
3087 3950
3087 4107
3087 3690
3088 3591
3088 3490
3088 3799
3089 3799
3089 4016
3089 3915
3090 4224
3090 3591
3090 3915
3091 4224
3091 4016
3091 3490
3092 3562
3092 3720
3092 3763
3093 3763
3093 3987
3093 4145
3094 3562
3094 4145
3094 4188
3095 3720
3095 3987
3095 4188
3096 3641
3096 3629
3096 3438
3097 4066
3097 3629
3097 3863
3098 4054
3098 3438
3098 4066
3099 3641
3099 4054
3099 3863
3100 3668
3100 3687
3100 3710
3101 3687
3101 4093
3101 4135
3102 4135
3102 4112
3102 3668
3103 4093
3103 4112
3103 3710
3104 3590
3104 3617
3104 3447
3105 3872
3105 4042
3105 3590
3106 4042
3106 4015
3106 3447
3107 4015
3107 3872
3107 3617
3108 3706
3108 3509
3108 3756
3109 3706
3109 3934
3109 4181
3110 4131
3110 3509
3110 4181
3111 4131
3111 3934
3111 3756
3112 3733
3112 3554
3112 3728
3113 3979
3113 3733
3113 4153
3114 4153
3114 4158
3114 3554
3115 3979
3115 3728
3115 4158
3116 3742
3116 3503
3116 3691
3117 3928
3117 3742
3117 4116
3118 4167
3118 3503
3118 4116
3119 4167
3119 3928
3119 3691
3120 3488
3120 3423
3120 3742
3121 3488
3121 3848
3121 4167
3122 3913
3122 3423
3122 4167
3123 3913
3123 3848
3123 3742
3124 3688
3124 3742
3124 3639
3125 4113
3125 3742
3125 4064
3126 3688
3126 4167
3126 4064
3127 3639
3127 4167
3127 4113
3128 3775
3128 3777
3128 3433
3129 4200
3129 3777
3129 3858
3130 3775
3130 4202
3130 3858
3131 3433
3131 4200
3131 4202
3132 3524
3132 3740
3132 3730
3133 3740
3133 4155
3133 3949
3134 3730
3134 4165
3134 3949
3135 3524
3135 4165
3135 4155
3136 3777
3136 3813
3136 3629
3137 4054
3137 4202
3137 3813
3138 3777
3138 4238
3138 4054
3139 4238
3139 4202
3139 3629
3140 3822
3140 3469
3140 3803
3141 4247
3141 4228
3141 3469
3142 3894
3142 4247
3142 3803
3143 4228
3143 3894
3143 3822
3144 3624
3144 3433
3144 3800
3145 4049
3145 3800
3145 3858
3146 3624
3146 4225
3146 3858
3147 4049
3147 4225
3147 3433
3148 3528
3148 3541
3148 3803
3149 3541
3149 4228
3149 3953
3150 3953
3150 3966
3150 3803
3151 3966
3151 4228
3151 3528
3152 3611
3152 3518
3152 3498
3153 4036
3153 3518
3153 3923
3154 3943
3154 3611
3154 3923
3155 3498
3155 3943
3155 4036
3156 3774
3156 3703
3156 3622
3157 3774
3157 4128
3157 4047
3158 3703
3158 4199
3158 4047
3159 4199
3159 3622
3159 4128
3160 3822
3160 3519
3160 3795
3161 3944
3161 3822
3161 4220
3162 4247
3162 3944
3162 3795
3163 4247
3163 4220
3163 3519
3164 3512
3164 3814
3164 3462
3165 3512
3165 3887
3165 4239
3166 3937
3166 4239
3166 3462
3167 3937
3167 3814
3167 3887
3168 3543
3168 3549
3168 3488
3169 3974
3169 3543
3169 3913
3170 3913
3170 3968
3170 3549
3171 3968
3171 3974
3171 3488
3172 3504
3172 3573
3172 3676
3173 3998
3173 3676
3173 3929
3174 3998
3174 3504
3174 4101
3175 3929
3175 4101
3175 3573
3176 3619
3176 3705
3176 3539
3177 4044
3177 3964
3177 3705
3178 3539
3178 4130
3178 4044
3179 3619
3179 4130
3179 3964
3180 3795
3180 3615
3180 3548
3181 3973
3181 3615
3181 4220
3182 3973
3182 4040
3182 3795
3183 4220
3183 3548
3183 4040
3184 3434
3184 3599
3184 3740
3185 4165
3185 3859
3185 3599
3186 4024
3186 4165
3186 3434
3187 3859
3187 4024
3187 3740
3188 3689
3188 3752
3188 3629
3189 3752
3189 4114
3189 4054
3190 4177
3190 3689
3190 4054
3191 4114
3191 3629
3191 4177
3192 3722
3192 3801
3192 3483
3193 3908
3193 4147
3193 3801
3194 4147
3194 4226
3194 3483
3195 3908
3195 4226
3195 3722
3196 3611
3196 3498
3196 3616
3197 3616
3197 4036
3197 3923
3198 3923
3198 4041
3198 3611
3199 4041
3199 4036
3199 3498
3200 3549
3200 3627
3200 3507
3201 3549
3201 3932
3201 4052
3202 3507
3202 3974
3202 4052
3203 3974
3203 3932
3203 3627
3204 3661
3204 3549
3204 3748
3205 4173
3205 3661
3205 3974
3206 4086
3206 3549
3206 4173
3207 3748
3207 4086
3207 3974
3208 3730
3208 3463
3208 3798
3209 3463
3209 4155
3209 4223
3210 3888
3210 3730
3210 4223
3211 3798
3211 3888
3211 4155
3212 3471
3212 3490
3212 3574
3213 3896
3213 3574
3213 3915
3214 3490
3214 3999
3214 3896
3215 3915
3215 3471
3215 3999
3216 3588
3216 3465
3216 3711
3217 3588
3217 3890
3217 4136
3218 4136
3218 4013
3218 3465
3219 3711
3219 4013
3219 3890
3220 3450
3220 3784
3220 3461
3221 3784
3221 3875
3221 3886
3222 3450
3222 4209
3222 3886
3223 3461
3223 4209
3223 3875
3224 3771
3224 3761
3224 3424
3225 3771
3225 4186
3225 3849
3226 4196
3226 3761
3226 3849
3227 4186
3227 4196
3227 3424
3228 3693
3228 3788
3228 3638
3229 3693
3229 4213
3229 4063
3230 4118
3230 3788
3230 4063
3231 4213
3231 3638
3231 4118
3232 3533
3232 3663
3232 3550
3233 3663
3233 3958
3233 3975
3234 3958
3234 4088
3234 3550
3235 3533
3235 4088
3235 3975
3236 3695
3236 3803
3236 3428
3237 3853
3237 3803
3237 4120
3238 3853
3238 4228
3238 3695
3239 4120
3239 4228
3239 3428
3240 3472
3240 3755
3240 3586
3241 4180
3241 4011
3241 3472
3242 3755
3242 4011
3242 3897
3243 3897
3243 4180
3243 3586
3244 3483
3244 3445
3244 3745
3245 3445
3245 4170
3245 3908
3246 3870
3246 3908
3246 3745
3247 3483
3247 3870
3247 4170
3248 3639
3248 3603
3248 3438
3249 3863
3249 3639
3249 4028
3250 4064
3250 3438
3250 4028
3251 3603
3251 4064
3251 3863
3252 3440
3252 3547
3252 3584
3253 3440
3253 3972
3253 4009
3254 3865
3254 3547
3254 4009
3255 3972
3255 3865
3255 3584
3256 3528
3256 3500
3256 3609
3257 3500
3257 3953
3257 4034
3258 4034
3258 3528
3258 3925
3259 3953
3259 3925
3259 3609
3260 3674
3260 3786
3260 3790
3261 4099
3261 3790
3261 4211
3262 3786
3262 4099
3262 4215
3263 4211
3263 4215
3263 3674
3264 3454
3264 3691
3264 3742
3265 4167
3265 3454
3265 4116
3266 3879
3266 3742
3266 4116
3267 4167
3267 3691
3267 3879
3268 3635
3268 3744
3268 3625
3269 4060
3269 3744
3269 4050
3270 4050
3270 3635
3270 4169
3271 4169
3271 4060
3271 3625
3272 3755
3272 3814
3272 3596
3273 3814
3273 4021
3273 4180
3274 4180
3274 3596
3274 4239
3275 4021
3275 3755
3275 4239
3276 3805
3276 3704
3276 3784
3277 3805
3277 4129
3277 4209
3278 4209
3278 3704
3278 4230
3279 4230
3279 4129
3279 3784
3280 3785
3280 3543
3280 3527
3281 3785
3281 3968
3281 3952
3282 3543
3282 3952
3282 4210
3283 3527
3283 3968
3283 4210
3284 3718
3284 3771
3284 3787
3285 4196
3285 3718
3285 4212
3286 3787
3286 4143
3286 4196
3287 4143
3287 4212
3287 3771
3288 3657
3288 3428
3288 3807
3289 3657
3289 3853
3289 4232
3290 4232
3290 4082
3290 3428
3291 3853
3291 4082
3291 3807
3292 3581
3292 3592
3292 3558
3293 4017
3293 3581
3293 3983
3294 4017
3294 4006
3294 3558
3295 4006
3295 3983
3295 3592
3296 3697
3296 3494
3296 3680
3297 3919
3297 3697
3297 4105
3298 3494
3298 4105
3298 4122
3299 4122
3299 3919
3299 3680
3300 3629
3300 3489
3300 3506
3301 3914
3301 3629
3301 3931
3302 3914
3302 4054
3302 3506
3303 4054
3303 3931
3303 3489
3304 3432
3304 3647
3304 3540
3305 3965
3305 3647
3305 3857
3306 3540
3306 4072
3306 3857
3307 4072
3307 3965
3307 3432
3308 3749
3308 3472
3308 3578
3309 3897
3309 4003
3309 3749
3310 4174
3310 3897
3310 3578
3311 3472
3311 4174
3311 4003
3312 3428
3312 3551
3312 3574
3313 3976
3313 3574
3313 3853
3314 3999
3314 3853
3314 3551
3315 3428
3315 3999
3315 3976
3316 3606
3316 3485
3316 3622
3317 4047
3317 3606
3317 3910
3318 3485
3318 4047
3318 4031
3319 3622
3319 4031
3319 3910
3320 3559
3320 3771
3320 3697
3321 4122
3321 3771
3321 3984
3322 4122
3322 4196
3322 3559
3323 3984
3323 4196
3323 3697
3324 3485
3324 3574
3324 3545
3325 3970
3325 3910
3325 3574
3326 3999
3326 3910
3326 3545
3327 3970
3327 3999
3327 3485
3328 3555
3328 3441
3328 3620
3329 3866
3329 3620
3329 3980
3330 4045
3330 3866
3330 3555
3331 3441
3331 4045
3331 3980
3332 3719
3332 3539
3332 3788
3333 3539
3333 4213
3333 4144
3334 3964
3334 4144
3334 3788
3335 4213
3335 3719
3335 3964
3336 3490
3336 3762
3336 3684
3337 3684
3337 4187
3337 3915
3338 4109
3338 3762
3338 3915
3339 4187
3339 3490
3339 4109
3340 3447
3340 3626
3340 3728
3341 4051
3341 3872
3341 3728
3342 4051
3342 4153
3342 3447
3343 3626
3343 3872
3343 4153
3344 3641
3344 3566
3344 3414
3345 3641
3345 3839
3345 3991
3346 4066
3346 3566
3346 3839
3347 3991
3347 4066
3347 3414
3348 3627
3348 3613
3348 3474
3349 4038
3349 3627
3349 3899
3350 4052
3350 3613
3350 3899
3351 4038
3351 3474
3351 4052
3352 3757
3352 3803
3352 3609
3353 4034
3353 3803
3353 4182
3354 4034
3354 4228
3354 3757
3355 4228
3355 4182
3355 3609
3356 3808
3356 3619
3356 3415
3357 3808
3357 4044
3357 3840
3358 3619
3358 4233
3358 3840
3359 4233
3359 4044
3359 3415
3360 3593
3360 3799
3360 3757
3361 4018
3361 3799
3361 4182
3362 4224
3362 3593
3362 4182
3363 4018
3363 3757
3363 4224
3364 3531
3364 3773
3364 3483
3365 3908
3365 3531
3365 4198
3366 3956
3366 3483
3366 4198
3367 3773
3367 3956
3367 3908
3368 3696
3368 3801
3368 3470
3369 4121
3369 3895
3369 3801
3370 3895
3370 4226
3370 3696
3371 4226
3371 3470
3371 4121
3372 3819
3372 3624
3372 3758
3373 4049
3373 3819
3373 4183
3374 3758
3374 4244
3374 4049
3375 4183
3375 3624
3375 4244
3376 3402
3376 3535
3376 3453
3377 3878
3377 3402
3377 3960
3378 3878
3378 3535
3378 3827
3379 3827
3379 3960
3379 3453
3380 3640
3380 3686
3380 3725
3381 4150
3381 3640
3381 4111
3382 4065
3382 3686
3382 4150
3383 4065
3383 3725
3383 4111
3384 3622
3384 3686
3384 3619
3385 3686
3385 4047
3385 4044
3386 4044
3386 4111
3386 3622
3387 4111
3387 4047
3387 3619
3388 3590
3388 3811
3388 3541
3389 3590
3389 3966
3389 4236
3390 3541
3390 4236
3390 4015
3391 4015
3391 3966
3391 3811
3392 3671
3392 3563
3392 3412
3393 3671
3393 3988
3393 3837
3394 4096
3394 3563
3394 3837
3395 4096
3395 3988
3395 3412
3396 3667
3396 3815
3396 3424
3397 4240
3397 3424
3397 4092
3398 4240
3398 3849
3398 3667
3399 3849
3399 3815
3399 4092
