3750 9000
0 3283
0 3161
0 3194
1 3569
1 3283
1 3536
2 3569
2 3161
2 3658
3 3658
3 3194
3 3536
4 3037
4 3098
4 3286
5 3412
5 3661
5 3098
6 3473
6 3661
6 3037
7 3473
7 3412
7 3286
8 3122
8 3239
8 3175
9 3550
9 3497
9 3239
10 3122
10 3614
10 3550
11 3497
11 3614
11 3175
12 3102
12 3044
12 3061
13 3477
13 3436
13 3044
14 3419
14 3436
14 3102
15 3477
15 3061
15 3419
16 3106
16 3041
16 3169
17 3481
17 3544
17 3041
18 3416
18 3544
18 3106
19 3169
19 3416
19 3481
20 3313
20 3363
20 3309
21 3738
21 3309
21 3688
22 3313
22 3684
22 3738
23 3363
23 3684
23 3688
24 3122
24 3001
24 3374
25 3001
25 3749
25 3497
26 3749
26 3122
26 3376
27 3497
27 3374
27 3376
28 3343
28 3310
28 3241
29 3616
29 3685
29 3343
30 3685
30 3718
30 3241
31 3718
31 3616
31 3310
32 3368
32 3165
32 3149
33 3149
33 3743
33 3540
34 3368
34 3540
34 3524
35 3743
35 3524
35 3165
36 3160
36 3265
36 3170
37 3535
37 3265
37 3545
38 3545
38 3640
38 3160
39 3640
39 3170
39 3535
40 3028
40 3086
40 3359
41 3461
41 3734
41 3028
42 3461
42 3403
42 3359
43 3086
43 3403
43 3734
44 3300
44 3099
44 3204
45 3675
45 3474
45 3204
46 3474
46 3579
46 3300
47 3675
47 3579
47 3099
48 3111
48 3226
48 3342
49 3226
49 3717
49 3486
50 3601
50 3717
50 3111
51 3601
51 3486
51 3342
52 3134
52 3029
52 3048
53 3134
53 3423
53 3404
54 3404
54 3048
54 3509
55 3423
55 3029
55 3509
56 3005
56 3086
56 3204
57 3005
57 3461
57 3579
58 3461
58 3380
58 3204
59 3380
59 3579
59 3086
60 3033
60 3273
60 3130
61 3648
61 3033
61 3505
62 3648
62 3408
62 3130
63 3273
63 3505
63 3408
64 3253
64 3082
64 3206
65 3206
65 3457
65 3628
66 3628
66 3082
66 3581
67 3457
67 3253
67 3581
68 3197
68 3177
68 3330
69 3552
69 3572
69 3330
70 3177
70 3572
70 3705
71 3197
71 3705
71 3552
72 3004
72 3013
72 3327
73 3327
73 3379
73 3388
74 3702
74 3013
74 3379
75 3388
75 3004
75 3702
76 3060
76 3135
76 3099
77 3135
77 3435
77 3474
78 3510
78 3099
78 3435
79 3060
79 3510
79 3474
80 3188
80 3045
80 3065
81 3188
81 3440
81 3420
82 3065
82 3563
82 3420
83 3045
83 3440
83 3563
84 3199
84 3078
84 3293
85 3293
85 3574
85 3453
86 3668
86 3078
86 3574
87 3668
87 3199
87 3453
88 3043
88 3266
88 3283
89 3266
89 3418
89 3658
90 3641
90 3043
90 3658
91 3283
91 3641
91 3418
92 3083
92 3054
92 3333
93 3429
93 3458
93 3333
94 3708
94 3083
94 3429
95 3054
95 3708
95 3458
96 3201
96 3369
96 3304
97 3576
97 3679
97 3369
98 3744
98 3679
98 3201
99 3576
99 3744
99 3304
100 3048
100 3100
100 3188
101 3563
101 3475
101 3048
102 3100
102 3563
102 3423
103 3475
103 3188
103 3423
104 3012
104 3132
104 3118
105 3132
105 3493
105 3387
106 3118
106 3387
106 3507
107 3493
107 3507
107 3012
108 3279
108 3038
108 3023
109 3038
109 3398
109 3654
110 3023
110 3413
110 3654
111 3398
111 3279
111 3413
112 3003
112 3360
112 3340
113 3003
113 3715
113 3735
114 3378
114 3360
114 3715
115 3378
115 3735
115 3340
116 3000
116 3372
116 3104
117 3372
117 3479
117 3375
118 3747
118 3375
118 3104
119 3000
119 3747
119 3479
120 3327
120 3369
120 3058
121 3369
121 3702
121 3433
122 3702
122 3058
122 3744
123 3433
123 3744
123 3327
124 3026
124 3334
124 3240
125 3334
125 3615
125 3401
126 3709
126 3401
126 3240
127 3709
127 3615
127 3026
128 3260
128 3170
128 3311
129 3635
129 3311
129 3545
130 3635
130 3170
130 3686
131 3260
131 3545
131 3686
132 3254
132 3235
132 3171
133 3546
133 3629
133 3235
134 3546
134 3254
134 3610
135 3629
135 3171
135 3610
136 3004
136 3021
136 3208
137 3396
137 3583
137 3004
138 3583
138 3021
138 3379
139 3379
139 3208
139 3396
140 3180
140 3361
140 3060
141 3361
141 3555
141 3435
142 3435
142 3736
142 3180
143 3555
143 3736
143 3060
144 3110
144 3266
144 3002
145 3266
145 3377
145 3485
146 3485
146 3641
146 3002
147 3641
147 3377
147 3110
148 3148
148 3302
148 3147
149 3523
149 3147
149 3677
150 3148
150 3677
150 3522
151 3522
151 3302
151 3523
152 3077
152 3312
152 3034
153 3034
153 3452
153 3687
154 3409
154 3077
154 3687
155 3312
155 3452
155 3409
156 3119
156 3224
156 3374
157 3749
157 3599
157 3119
158 3599
158 3494
158 3374
159 3224
159 3749
159 3494
160 3142
160 3239
160 3026
161 3239
161 3517
161 3401
162 3614
162 3517
162 3026
163 3401
163 3614
163 3142
164 3009
164 3261
164 3100
165 3384
165 3636
165 3100
166 3261
166 3475
166 3384
167 3009
167 3475
167 3636
168 3116
168 3305
168 3072
169 3680
169 3447
169 3116
170 3305
170 3447
170 3491
171 3072
171 3491
171 3680
172 3081
172 3214
172 3256
173 3214
173 3631
173 3456
174 3589
174 3631
174 3081
175 3256
175 3589
175 3456
176 3035
176 3322
176 3191
177 3410
177 3191
177 3697
178 3566
178 3035
178 3697
179 3566
179 3410
179 3322
180 3356
180 3302
180 3086
181 3677
181 3461
181 3356
182 3302
182 3731
182 3461
183 3731
183 3086
183 3677
184 3368
184 3282
184 3148
185 3282
185 3523
185 3743
186 3657
186 3523
186 3368
187 3657
187 3148
187 3743
188 3157
188 3282
188 3167
189 3157
189 3542
189 3657
190 3282
190 3542
190 3532
191 3167
191 3532
191 3657
192 3317
192 3060
192 3359
193 3317
193 3435
193 3734
194 3435
194 3692
194 3359
195 3692
195 3060
195 3734
196 3057
196 3066
196 3370
197 3745
197 3057
197 3441
198 3066
198 3432
198 3745
199 3441
199 3370
199 3432
200 3133
200 3007
200 3321
201 3007
201 3508
201 3696
202 3382
202 3321
202 3508
203 3382
203 3696
203 3133
204 3147
204 3151
204 3276
205 3276
205 3526
205 3522
206 3147
206 3526
206 3651
207 3522
207 3151
207 3651
208 3199
208 3225
208 3347
209 3199
209 3600
209 3722
210 3600
210 3574
210 3347
211 3574
211 3225
211 3722
212 3361
212 3130
212 3268
213 3643
213 3130
213 3736
214 3643
214 3505
214 3361
215 3505
215 3268
215 3736
216 3030
216 3123
216 3176
217 3498
217 3551
217 3030
218 3551
218 3405
218 3123
219 3498
219 3176
219 3405
220 3182
220 3146
220 3114
221 3182
221 3489
221 3521
222 3557
222 3146
222 3489
223 3521
223 3557
223 3114
224 3150
224 3294
224 3266
225 3266
225 3669
225 3525
226 3669
226 3150
226 3641
227 3525
227 3294
227 3641
228 3248
228 3025
228 3242
229 3617
229 3025
229 3623
230 3242
230 3400
230 3623
231 3400
231 3248
231 3617
232 3359
232 3143
232 3091
233 3143
233 3734
233 3466
234 3466
234 3518
234 3359
235 3734
235 3518
235 3091
236 3122
236 3120
236 3057
237 3122
237 3495
237 3432
238 3432
238 3120
238 3497
239 3497
239 3057
239 3495
240 3286
240 3182
240 3119
241 3286
241 3557
241 3494
242 3557
242 3661
242 3119
243 3661
243 3494
243 3182
244 3281
244 3082
244 3298
245 3298
245 3656
245 3457
246 3673
246 3281
246 3457
247 3656
247 3082
247 3673
248 3070
248 3102
248 3207
249 3207
249 3445
249 3477
250 3477
250 3070
250 3582
251 3102
251 3582
251 3445
252 3359
252 3103
252 3343
253 3478
253 3343
253 3734
254 3359
254 3718
254 3478
255 3718
255 3734
255 3103
256 3102
256 3188
256 3050
257 3563
257 3425
257 3102
258 3050
258 3563
258 3477
259 3425
259 3477
259 3188
260 3370
260 3338
260 3008
261 3370
261 3383
261 3713
262 3745
262 3338
262 3383
263 3745
263 3008
263 3713
264 3374
264 3159
264 3359
265 3534
265 3749
265 3359
266 3534
266 3374
266 3734
267 3734
267 3749
267 3159
268 3129
268 3320
268 3196
269 3695
269 3571
269 3129
270 3320
270 3571
270 3504
271 3695
271 3504
271 3196
272 3123
272 3224
272 3303
273 3599
273 3303
273 3498
274 3123
274 3599
274 3678
275 3678
275 3498
275 3224
276 3265
276 3080
276 3106
277 3640
277 3080
277 3481
278 3640
278 3455
278 3106
279 3265
279 3481
279 3455
280 3245
280 3367
280 3351
281 3742
281 3351
281 3620
282 3245
282 3726
282 3742
283 3367
283 3726
283 3620
284 3094
284 3247
284 3030
285 3094
285 3405
285 3622
286 3405
286 3247
286 3469
287 3622
287 3469
287 3030
288 3284
288 3105
288 3103
289 3480
289 3103
289 3659
290 3478
290 3284
290 3480
291 3105
291 3478
291 3659
292 3156
292 3333
292 3372
293 3747
293 3708
293 3156
294 3708
294 3372
294 3531
295 3747
295 3333
295 3531
296 3102
296 3026
296 3251
297 3626
297 3401
297 3102
298 3026
298 3626
298 3477
299 3251
299 3401
299 3477
300 3205
300 3187
300 3182
301 3562
301 3205
301 3557
302 3182
302 3580
302 3562
303 3557
303 3187
303 3580
304 3251
304 3322
304 3278
305 3697
305 3626
305 3278
306 3697
306 3251
306 3653
307 3322
307 3626
307 3653
308 3026
308 3093
308 3219
309 3468
309 3594
309 3026
310 3219
310 3468
310 3401
311 3401
311 3594
311 3093
312 3217
312 3022
312 3008
313 3397
313 3008
313 3592
314 3217
314 3383
314 3397
315 3383
315 3592
315 3022
316 3261
316 3323
316 3024
317 3698
317 3261
317 3399
318 3024
318 3636
318 3698
319 3399
319 3323
319 3636
320 3164
320 3251
320 3270
321 3626
321 3270
321 3539
322 3645
322 3626
322 3164
323 3539
323 3251
323 3645
324 3086
324 3015
324 3258
325 3633
325 3015
325 3461
326 3390
326 3633
326 3086
327 3258
327 3390
327 3461
328 3294
328 3322
328 3363
329 3697
329 3294
329 3738
330 3697
330 3363
330 3669
331 3322
331 3669
331 3738
332 3252
332 3211
332 3202
333 3211
333 3577
333 3627
334 3577
334 3252
334 3586
335 3586
335 3627
335 3202
336 3221
336 3043
336 3327
337 3043
337 3596
337 3702
338 3221
338 3702
338 3418
339 3596
339 3327
339 3418
340 3063
340 3094
340 3112
341 3438
341 3094
341 3487
342 3063
342 3469
342 3487
343 3469
343 3438
343 3112
344 3351
344 3015
344 3308
345 3726
345 3308
345 3390
346 3726
346 3015
346 3683
347 3390
347 3351
347 3683
348 3351
348 3282
348 3228
349 3726
349 3603
349 3282
350 3603
350 3351
350 3657
351 3228
351 3726
351 3657
352 3168
352 3362
352 3005
353 3737
353 3380
353 3168
354 3543
354 3380
354 3362
355 3005
355 3543
355 3737
356 3328
356 3221
356 3205
357 3580
357 3221
357 3703
358 3596
358 3580
358 3328
359 3703
359 3596
359 3205
360 3116
360 3165
360 3152
361 3527
361 3540
361 3116
362 3165
362 3491
362 3527
363 3491
363 3152
363 3540
364 3037
364 3135
364 3005
365 3510
365 3412
365 3005
366 3412
366 3380
366 3135
367 3380
367 3510
367 3037
368 3266
368 3193
368 3337
369 3568
369 3712
369 3266
370 3712
370 3641
370 3193
371 3337
371 3641
371 3568
372 3177
372 3354
372 3211
373 3177
373 3586
373 3729
374 3586
374 3354
374 3552
375 3211
375 3729
375 3552
376 3048
376 3056
376 3078
377 3078
377 3423
377 3431
378 3056
378 3423
378 3453
379 3048
379 3453
379 3431
380 3358
380 3260
380 3166
381 3733
381 3260
381 3541
382 3733
382 3635
382 3166
383 3358
383 3541
383 3635
384 3367
384 3326
384 3254
385 3326
385 3629
385 3742
386 3701
386 3367
386 3629
387 3254
387 3742
387 3701
388 3304
388 3087
388 3037
389 3462
389 3412
389 3304
390 3679
390 3462
390 3037
391 3087
391 3412
391 3679
392 3263
392 3302
392 3054
393 3263
393 3429
393 3677
394 3429
394 3638
394 3302
395 3054
395 3677
395 3638
396 3225
396 3218
396 3097
397 3593
397 3225
397 3472
398 3593
398 3600
398 3097
399 3472
399 3600
399 3218
400 3185
400 3090
400 3053
401 3428
401 3090
401 3560
402 3465
402 3428
402 3185
403 3465
403 3053
403 3560
404 3292
404 3253
404 3181
405 3556
405 3253
405 3667
406 3556
406 3292
406 3628
407 3628
407 3667
407 3181
408 3353
408 3352
408 3079
409 3728
409 3079
409 3727
410 3728
410 3454
410 3352
411 3454
411 3353
411 3727
412 3050
412 3091
412 3336
413 3425
413 3091
413 3711
414 3050
414 3711
414 3466
415 3425
415 3466
415 3336
416 3174
416 3088
416 3234
417 3609
417 3088
417 3549
418 3549
418 3463
418 3234
419 3609
419 3463
419 3174
420 3327
420 3294
420 3207
421 3669
421 3207
421 3702
422 3294
422 3702
422 3582
423 3327
423 3582
423 3669
424 3149
424 3070
424 3061
425 3445
425 3524
425 3061
426 3070
426 3524
426 3436
427 3149
427 3445
427 3436
428 3198
428 3122
428 3099
429 3573
429 3497
429 3099
430 3497
430 3474
430 3198
431 3573
431 3122
431 3474
432 3238
432 3091
432 3014
433 3014
433 3466
433 3613
434 3389
434 3091
434 3613
435 3238
435 3389
435 3466
436 3317
436 3228
436 3024
437 3399
437 3603
437 3317
438 3692
438 3399
438 3228
439 3603
439 3024
439 3692
440 3127
440 3113
440 3009
441 3502
441 3009
441 3488
442 3113
442 3384
442 3502
443 3488
443 3384
443 3127
444 3181
444 3337
444 3259
445 3556
445 3712
445 3259
446 3712
446 3181
446 3634
447 3337
447 3556
447 3634
448 3251
448 3137
448 3019
449 3394
449 3512
449 3251
450 3626
450 3137
450 3394
451 3626
451 3019
451 3512
452 3322
452 3163
452 3132
453 3697
453 3132
453 3538
454 3507
454 3322
454 3538
455 3507
455 3697
455 3163
456 3337
456 3171
456 3122
457 3122
457 3546
457 3712
458 3712
458 3497
458 3171
459 3546
459 3337
459 3497
460 3259
460 3294
460 3114
461 3634
461 3489
461 3294
462 3634
462 3114
462 3669
463 3669
463 3489
463 3259
464 3322
464 3188
464 3136
465 3136
465 3563
465 3697
466 3511
466 3188
466 3697
467 3322
467 3563
467 3511
468 3040
468 3142
468 3057
469 3057
469 3415
469 3517
470 3517
470 3432
470 3040
471 3142
471 3415
471 3432
472 3019
472 3348
472 3211
473 3019
473 3723
473 3586
474 3211
474 3723
474 3394
475 3394
475 3586
475 3348
476 3026
476 3264
476 3056
477 3639
477 3401
477 3056
478 3639
478 3431
478 3026
479 3431
479 3264
479 3401
480 3122
480 3061
480 3340
481 3497
481 3340
481 3436
482 3715
482 3436
482 3122
483 3715
483 3061
483 3497
484 3055
484 3034
484 3161
485 3034
485 3536
485 3430
486 3430
486 3409
486 3161
487 3055
487 3536
487 3409
488 3261
488 3243
488 3159
489 3534
489 3636
489 3243
490 3534
490 3618
490 3261
491 3618
491 3636
491 3159
492 3182
492 3121
492 3251
493 3496
493 3626
493 3182
494 3251
494 3496
494 3557
495 3557
495 3626
495 3121
496 3054
496 3029
496 3053
497 3029
497 3429
497 3428
498 3429
498 3404
498 3053
499 3428
499 3404
499 3054
500 3171
500 3310
500 3107
501 3685
501 3107
501 3546
502 3171
502 3482
502 3685
503 3546
503 3310
503 3482
504 3128
504 3114
504 3303
505 3503
505 3678
505 3114
506 3489
506 3503
506 3303
507 3489
507 3678
507 3128
508 3054
508 3145
508 3342
509 3145
509 3429
509 3717
510 3429
510 3342
510 3520
511 3717
511 3054
511 3520
512 3037
512 3335
512 3269
513 3644
513 3710
513 3037
514 3412
514 3710
514 3269
515 3335
515 3644
515 3412
516 3369
516 3211
516 3294
517 3294
517 3744
517 3586
518 3744
518 3211
518 3669
519 3669
519 3586
519 3369
520 3357
520 3304
520 3271
521 3271
521 3732
521 3679
522 3357
522 3679
522 3646
523 3732
523 3304
523 3646
524 3060
524 3315
524 3077
525 3060
525 3452
525 3690
526 3452
526 3315
526 3435
527 3077
527 3435
527 3690
528 3074
528 3049
528 3002
529 3377
529 3049
529 3449
530 3424
530 3074
530 3377
531 3002
531 3424
531 3449
532 3190
532 3136
532 3214
533 3565
533 3136
533 3589
534 3589
534 3511
534 3190
535 3214
535 3565
535 3511
536 3094
536 3013
536 3148
537 3523
537 3469
537 3013
538 3523
538 3094
538 3388
539 3469
539 3388
539 3148
540 3344
540 3219
540 3292
541 3667
541 3344
541 3594
542 3719
542 3594
542 3292
543 3219
543 3667
543 3719
544 3193
544 3130
544 3228
545 3568
545 3505
545 3228
546 3130
546 3568
546 3603
547 3603
547 3193
547 3505
548 3021
548 3010
548 3259
549 3396
549 3634
549 3010
550 3259
550 3385
550 3396
551 3385
551 3634
551 3021
552 3242
552 3373
552 3250
553 3625
553 3617
553 3373
554 3748
554 3250
554 3617
555 3748
555 3242
555 3625
556 3191
556 3237
556 3212
557 3587
557 3612
557 3191
558 3237
558 3566
558 3587
559 3612
559 3566
559 3212
560 3177
560 3005
560 3231
561 3380
561 3552
561 3231
562 3380
562 3177
562 3606
563 3552
563 3005
563 3606
564 3233
564 3132
564 3152
565 3527
565 3507
565 3233
566 3507
566 3152
566 3608
567 3608
567 3527
567 3132
568 3254
568 3143
568 3052
569 3629
569 3427
569 3143
570 3254
570 3518
570 3427
571 3518
571 3052
571 3629
572 3334
572 3188
572 3070
573 3563
573 3445
573 3334
574 3709
574 3188
574 3445
575 3563
575 3709
575 3070
576 3122
576 3350
576 3106
577 3497
577 3725
577 3106
578 3481
578 3350
578 3497
579 3725
579 3481
579 3122
580 3001
580 3263
580 3253
581 3376
581 3638
581 3253
582 3638
582 3628
582 3001
583 3376
583 3628
583 3263
584 3036
584 3084
584 3206
585 3411
585 3581
585 3084
586 3459
586 3036
586 3581
587 3459
587 3206
587 3411
588 3337
588 3257
588 3231
589 3606
589 3632
589 3337
590 3257
590 3606
590 3712
591 3712
591 3632
591 3231
592 3094
592 3235
592 3228
593 3603
593 3235
593 3469
594 3469
594 3610
594 3228
595 3094
595 3610
595 3603
596 3255
596 3061
596 3187
597 3255
597 3436
597 3562
598 3436
598 3630
598 3187
599 3630
599 3562
599 3061
600 3087
600 3253
600 3007
601 3382
601 3087
601 3628
602 3462
602 3007
602 3628
603 3462
603 3253
603 3382
604 3371
604 3137
604 3313
605 3746
605 3313
605 3512
606 3688
606 3371
606 3512
607 3688
607 3137
607 3746
608 3231
608 3104
608 3088
609 3104
609 3606
609 3463
610 3606
610 3088
610 3479
611 3463
611 3231
611 3479
612 3058
612 3062
612 3223
613 3598
613 3058
613 3437
614 3598
614 3433
614 3062
615 3437
615 3433
615 3223
616 3303
616 3068
616 3098
617 3098
617 3678
617 3443
618 3473
618 3303
618 3443
619 3678
619 3068
619 3473
620 3373
620 3116
620 3146
621 3146
621 3491
621 3748
622 3373
622 3521
622 3491
623 3116
623 3748
623 3521
624 3006
624 3210
624 3252
625 3585
625 3006
625 3627
626 3210
626 3627
626 3381
627 3585
627 3252
627 3381
628 3374
628 3239
628 3146
629 3374
629 3614
629 3521
630 3521
630 3239
630 3749
631 3614
631 3749
631 3146
632 3264
632 3292
632 3009
633 3667
633 3639
633 3009
634 3667
634 3384
634 3264
635 3384
635 3639
635 3292
636 3213
636 3169
636 3086
637 3544
637 3461
637 3213
638 3588
638 3169
638 3461
639 3588
639 3544
639 3086
640 3016
640 3001
640 3229
641 3016
641 3376
641 3604
642 3604
642 3391
642 3001
643 3229
643 3376
643 3391
644 3309
644 3099
644 3075
645 3474
645 3075
645 3684
646 3450
646 3309
646 3474
647 3684
647 3450
647 3099
648 3369
648 3038
648 3370
649 3413
649 3745
649 3369
650 3745
650 3744
650 3038
651 3370
651 3413
651 3744
652 3078
652 3050
652 3128
653 3503
653 3425
653 3078
654 3453
654 3050
654 3503
655 3425
655 3453
655 3128
656 3292
656 3146
656 3373
657 3146
657 3748
657 3667
658 3748
658 3292
658 3521
659 3521
659 3373
659 3667
660 3340
660 3022
660 3347
661 3715
661 3022
661 3722
662 3722
662 3397
662 3340
663 3397
663 3347
663 3715
664 3031
664 3232
664 3208
665 3607
665 3406
665 3208
666 3232
666 3406
666 3583
667 3583
667 3031
667 3607
668 3152
668 3105
668 3075
669 3480
669 3152
669 3450
670 3450
670 3527
670 3105
671 3527
671 3480
671 3075
672 3364
672 3207
672 3027
673 3207
673 3739
673 3402
674 3582
674 3027
674 3739
675 3582
675 3364
675 3402
676 3150
676 3328
676 3121
677 3496
677 3525
677 3328
678 3121
678 3525
678 3703
679 3496
679 3150
679 3703
680 3158
680 3221
680 3161
681 3536
681 3533
681 3221
682 3533
682 3596
682 3161
683 3536
683 3158
683 3596
684 3243
684 3338
684 3295
685 3670
685 3713
685 3243
686 3618
686 3670
686 3338
687 3618
687 3295
687 3713
688 3101
688 3341
688 3288
689 3663
689 3341
689 3476
690 3288
690 3716
690 3476
691 3716
691 3101
691 3663
692 3218
692 3050
692 3230
693 3218
693 3605
693 3425
694 3230
694 3593
694 3425
695 3593
695 3605
695 3050
696 3191
696 3227
696 3085
697 3460
697 3227
697 3566
698 3085
698 3566
698 3602
699 3191
699 3460
699 3602
700 3036
700 3218
700 3340
701 3593
701 3036
701 3715
702 3593
702 3340
702 3411
703 3411
703 3715
703 3218
704 3137
704 3289
704 3360
705 3289
705 3735
705 3512
706 3735
706 3664
706 3137
707 3664
707 3360
707 3512
708 3026
708 3004
708 3133
709 3508
709 3379
709 3026
710 3508
710 3004
710 3401
711 3133
711 3379
711 3401
712 3350
712 3035
712 3266
713 3350
713 3410
713 3641
714 3725
714 3035
714 3641
715 3410
715 3725
715 3266
716 3320
716 3147
716 3101
717 3476
717 3522
717 3320
718 3101
718 3695
718 3522
719 3147
719 3695
719 3476
720 3364
720 3002
720 3119
721 3494
721 3364
721 3377
722 3377
722 3119
722 3739
723 3739
723 3494
723 3002
724 3284
724 3098
724 3273
725 3284
725 3648
725 3473
726 3273
726 3659
726 3473
727 3659
727 3098
727 3648
728 3245
728 3296
728 3081
729 3456
729 3671
729 3245
730 3081
730 3620
730 3671
731 3296
731 3456
731 3620
732 3119
732 3177
732 3088
733 3177
733 3463
733 3494
734 3088
734 3552
734 3494
735 3552
735 3463
735 3119
736 3210
736 3212
736 3191
737 3566
737 3212
737 3585
738 3566
738 3587
738 3210
739 3587
739 3585
739 3191
740 3123
740 3150
740 3275
741 3150
741 3498
741 3650
742 3650
742 3123
742 3525
743 3498
743 3525
743 3275
744 3336
744 3031
744 3178
745 3406
745 3553
745 3336
746 3553
746 3711
746 3031
747 3178
747 3406
747 3711
748 3289
748 3346
748 3261
749 3664
749 3636
749 3346
750 3261
750 3721
750 3664
751 3721
751 3289
751 3636
752 3009
752 3093
752 3169
753 3468
753 3169
753 3384
754 3468
754 3544
754 3009
755 3384
755 3544
755 3093
756 3258
756 3148
756 3012
757 3387
757 3148
757 3633
758 3012
758 3633
758 3523
759 3523
759 3258
759 3387
760 3095
760 3103
760 3319
761 3103
761 3470
761 3694
762 3694
762 3478
762 3095
763 3470
763 3478
763 3319
764 3011
764 3078
764 3325
765 3453
765 3325
765 3386
766 3078
766 3700
766 3386
767 3011
767 3453
767 3700
768 3165
768 3262
768 3241
769 3262
769 3616
769 3540
770 3165
770 3637
770 3616
771 3637
771 3241
771 3540
772 3352
772 3042
772 3167
773 3042
773 3727
773 3542
774 3542
774 3417
774 3352
775 3417
775 3727
775 3167
776 3097
776 3230
776 3193
777 3472
777 3230
777 3568
778 3605
778 3097
778 3568
779 3472
779 3193
779 3605
780 3053
780 3147
780 3021
781 3396
781 3147
781 3428
782 3053
782 3522
782 3396
783 3522
783 3428
783 3021
784 3091
784 3247
784 3372
785 3091
785 3622
785 3747
786 3372
786 3622
786 3466
787 3247
787 3466
787 3747
788 3169
788 3222
788 3184
789 3544
789 3559
789 3222
790 3559
790 3597
790 3169
791 3597
791 3544
791 3184
792 3113
792 3092
792 3047
793 3092
793 3422
793 3488
794 3467
794 3047
794 3488
795 3467
795 3422
795 3113
796 3041
796 3162
796 3011
797 3416
797 3162
797 3386
798 3537
798 3041
798 3386
799 3011
799 3537
799 3416
800 3045
800 3086
800 3250
801 3625
801 3086
801 3420
802 3420
802 3250
802 3461
803 3045
803 3461
803 3625
804 3101
804 3132
804 3324
805 3476
805 3132
805 3699
806 3324
806 3476
806 3507
807 3507
807 3101
807 3699
808 3143
808 3190
808 3180
809 3180
809 3518
809 3565
810 3565
810 3555
810 3143
811 3190
811 3518
811 3555
812 3153
812 3067
812 3234
813 3528
813 3067
813 3609
814 3234
814 3442
814 3528
815 3153
815 3609
815 3442
816 3171
816 3044
816 3271
817 3171
817 3419
817 3646
818 3546
818 3044
818 3646
819 3271
819 3546
819 3419
820 3140
820 3132
820 3373
821 3507
821 3140
821 3748
822 3748
822 3515
822 3132
823 3507
823 3515
823 3373
824 3029
824 3002
824 3007
825 3404
825 3002
825 3382
826 3029
826 3377
826 3382
827 3377
827 3404
827 3007
828 3061
828 3082
828 3142
829 3457
829 3517
829 3061
830 3082
830 3517
830 3436
831 3457
831 3142
831 3436
832 3227
832 3278
832 3239
833 3602
833 3278
833 3614
834 3239
834 3653
834 3602
835 3614
835 3653
835 3227
836 3034
836 3202
836 3369
837 3034
837 3577
837 3744
838 3202
838 3409
838 3744
839 3369
839 3409
839 3577
840 3125
840 3121
840 3057
841 3496
841 3125
841 3432
842 3121
842 3500
842 3432
843 3500
843 3057
843 3496
844 3041
844 3209
844 3316
845 3316
845 3584
845 3416
846 3584
846 3691
846 3041
847 3416
847 3209
847 3691
848 3281
848 3156
848 3277
849 3156
849 3652
849 3656
850 3656
850 3277
850 3531
851 3531
851 3281
851 3652
852 3214
852 3011
852 3314
853 3386
853 3314
853 3589
854 3589
854 3011
854 3689
855 3386
855 3689
855 3214
856 3081
856 3287
856 3357
857 3357
857 3662
857 3456
858 3081
858 3662
858 3732
859 3456
859 3287
859 3732
860 3095
860 3116
860 3214
861 3470
861 3491
861 3214
862 3589
862 3095
862 3491
863 3589
863 3470
863 3116
864 3040
864 3367
864 3217
865 3040
865 3592
865 3742
866 3415
866 3367
866 3592
867 3742
867 3415
867 3217
868 3012
868 3308
868 3027
869 3387
869 3027
869 3683
870 3683
870 3402
870 3012
871 3402
871 3387
871 3308
872 3081
872 3360
872 3015
873 3360
873 3456
873 3390
874 3735
874 3456
874 3015
875 3081
875 3735
875 3390
876 3037
876 3268
876 3265
877 3265
877 3412
877 3643
878 3640
878 3037
878 3643
879 3640
879 3412
879 3268
880 3035
880 3236
880 3273
881 3236
881 3648
881 3410
882 3410
882 3273
882 3611
883 3035
883 3611
883 3648
884 3052
884 3288
884 3149
885 3524
885 3288
885 3427
886 3052
886 3524
886 3663
887 3427
887 3663
887 3149
888 3159
888 3150
888 3174
889 3159
889 3525
889 3549
890 3150
890 3534
890 3549
891 3525
891 3534
891 3174
892 3255
892 3055
892 3359
893 3055
893 3734
893 3630
894 3630
894 3359
894 3430
895 3255
895 3430
895 3734
896 3326
896 3345
896 3032
897 3345
897 3701
897 3407
898 3720
898 3407
898 3326
899 3032
899 3701
899 3720
900 3043
900 3092
900 3131
901 3418
901 3131
901 3467
902 3506
902 3418
902 3092
903 3043
903 3506
903 3467
904 3081
904 3241
904 3324
905 3616
905 3699
905 3081
906 3456
906 3241
906 3699
907 3616
907 3456
907 3324
908 3232
908 3138
908 3305
909 3513
909 3680
909 3232
910 3680
910 3138
910 3607
911 3513
911 3305
911 3607
912 3091
912 3321
912 3178
913 3466
913 3178
913 3696
914 3553
914 3321
914 3466
915 3553
915 3696
915 3091
916 3249
916 3271
916 3370
917 3624
917 3646
917 3370
918 3271
918 3745
918 3624
919 3646
919 3249
919 3745
920 3342
920 3245
920 3220
921 3717
921 3595
921 3245
922 3220
922 3620
922 3717
923 3342
923 3620
923 3595
924 3027
924 3127
924 3277
925 3127
925 3402
925 3652
926 3027
926 3652
926 3502
927 3502
927 3277
927 3402
928 3253
928 3031
928 3224
929 3599
929 3253
929 3406
930 3031
930 3628
930 3599
931 3628
931 3406
931 3224
932 3341
932 3116
932 3313
933 3688
933 3341
933 3491
934 3688
934 3716
934 3116
935 3716
935 3313
935 3491
936 3091
936 3320
936 3268
937 3091
937 3643
937 3695
938 3643
938 3466
938 3320
939 3268
939 3695
939 3466
940 3133
940 3255
940 3204
941 3204
941 3508
941 3630
942 3579
942 3255
942 3508
943 3630
943 3133
943 3579
944 3296
944 3262
944 3127
945 3127
945 3671
945 3637
946 3502
946 3637
946 3296
947 3502
947 3262
947 3671
948 3223
948 3180
948 3167
949 3180
949 3598
949 3542
950 3555
950 3223
950 3542
951 3598
951 3167
951 3555
952 3267
952 3121
952 3323
953 3121
953 3698
953 3642
954 3496
954 3698
954 3267
955 3323
955 3496
955 3642
956 3087
956 3297
956 3137
957 3462
957 3512
957 3297
958 3087
958 3672
958 3512
959 3137
959 3672
959 3462
960 3190
960 3372
960 3263
961 3263
961 3747
961 3565
962 3638
962 3190
962 3747
963 3372
963 3638
963 3565
964 3023
964 3035
964 3077
965 3398
965 3035
965 3452
966 3410
966 3077
966 3398
967 3023
967 3452
967 3410
968 3143
968 3112
968 3344
969 3487
969 3143
969 3719
970 3518
970 3112
970 3719
971 3518
971 3487
971 3344
972 3295
972 3333
972 3243
973 3618
973 3708
973 3295
974 3708
974 3670
974 3243
975 3618
975 3670
975 3333
976 3156
976 3368
976 3035
977 3531
977 3368
977 3410
978 3743
978 3156
978 3410
979 3743
979 3531
979 3035
980 3170
980 3089
980 3323
981 3698
981 3545
981 3089
982 3170
982 3698
982 3464
983 3464
983 3545
983 3323
984 3344
984 3073
984 3046
985 3046
985 3448
985 3719
986 3344
986 3421
986 3448
987 3073
987 3421
987 3719
988 3275
988 3212
988 3130
989 3275
989 3587
989 3505
990 3505
990 3212
990 3650
991 3130
991 3587
991 3650
992 3094
992 3139
992 3122
993 3139
993 3469
993 3497
994 3514
994 3497
994 3094
995 3469
995 3122
995 3514
996 3320
996 3207
996 3301
997 3582
997 3320
997 3676
998 3207
998 3676
998 3695
999 3695
999 3301
999 3582
1000 3042
1000 3176
1000 3246
1001 3621
1001 3417
1001 3176
1002 3042
1002 3551
1002 3621
1003 3246
1003 3417
1003 3551
1004 3263
1004 3236
1004 3240
1005 3236
1005 3615
1005 3638
1006 3263
1006 3615
1006 3611
1007 3240
1007 3638
1007 3611
1008 3019
1008 3052
1008 3159
1009 3534
1009 3019
1009 3427
1010 3534
1010 3394
1010 3052
1011 3159
1011 3427
1011 3394
1012 3305
1012 3050
1012 3264
1013 3264
1013 3680
1013 3425
1014 3639
1014 3305
1014 3425
1015 3639
1015 3680
1015 3050
1016 3033
1016 3072
1016 3284
1017 3659
1017 3033
1017 3447
1018 3408
1018 3072
1018 3659
1019 3447
1019 3284
1019 3408
1020 3299
1020 3343
1020 3348
1021 3723
1021 3718
1021 3299
1022 3723
1022 3343
1022 3674
1023 3718
1023 3348
1023 3674
1024 3183
1024 3143
1024 3343
1025 3343
1025 3558
1025 3518
1026 3518
1026 3183
1026 3718
1027 3143
1027 3718
1027 3558
1028 3339
1028 3298
1028 3369
1029 3673
1029 3339
1029 3744
1030 3714
1030 3369
1030 3673
1031 3744
1031 3714
1031 3298
1032 3276
1032 3357
1032 3013
1033 3732
1033 3651
1033 3013
1034 3651
1034 3357
1034 3388
1035 3732
1035 3388
1035 3276
1036 3330
1036 3089
1036 3251
1037 3705
1037 3089
1037 3626
1038 3705
1038 3464
1038 3251
1039 3464
1039 3626
1039 3330
1040 3170
1040 3010
1040 3186
1041 3561
1041 3170
1041 3385
1042 3545
1042 3186
1042 3385
1043 3561
1043 3545
1043 3010
1044 3271
1044 3276
1044 3208
1045 3208
1045 3646
1045 3651
1046 3271
1046 3583
1046 3651
1047 3646
1047 3583
1047 3276
1048 3136
1048 3035
1048 3103
1049 3136
1049 3410
1049 3478
1050 3035
1050 3511
1050 3478
1051 3103
1051 3511
1051 3410
1052 3253
1052 3048
1052 3027
1053 3628
1053 3423
1053 3027
1054 3402
1054 3423
1054 3253
1055 3048
1055 3628
1055 3402
1056 3090
1056 3122
1056 3160
1057 3497
1057 3465
1057 3160
1058 3535
1058 3090
1058 3497
1059 3465
1059 3535
1059 3122
1060 3094
1060 3040
1060 3003
1061 3415
1061 3003
1061 3469
1062 3415
1062 3378
1062 3094
1063 3040
1063 3378
1063 3469
1064 3316
1064 3177
1064 3164
1065 3316
1065 3552
1065 3539
1066 3691
1066 3177
1066 3539
1067 3164
1067 3691
1067 3552
1068 3249
1068 3044
1068 3215
1069 3249
1069 3590
1069 3419
1070 3590
1070 3624
1070 3044
1071 3215
1071 3624
1071 3419
1072 3111
1072 3374
1072 3189
1073 3111
1073 3564
1073 3749
1074 3374
1074 3486
1074 3564
1075 3189
1075 3486
1075 3749
1076 3167
1076 3285
1076 3366
1077 3741
1077 3660
1077 3167
1078 3542
1078 3366
1078 3660
1079 3542
1079 3285
1079 3741
1080 3184
1080 3349
1080 3229
1081 3184
1081 3604
1081 3724
1082 3724
1082 3559
1082 3229
1083 3559
1083 3604
1083 3349
1084 3101
1084 3319
1084 3000
1085 3319
1085 3476
1085 3375
1086 3101
1086 3375
1086 3694
1087 3694
1087 3476
1087 3000
1088 3369
1088 3007
1088 3138
1089 3513
1089 3382
1089 3369
1090 3744
1090 3382
1090 3138
1091 3513
1091 3744
1091 3007
1092 3043
1092 3149
1092 3148
1093 3524
1093 3523
1093 3043
1094 3523
1094 3418
1094 3149
1095 3524
1095 3418
1095 3148
1096 3080
1096 3170
1096 3122
1097 3170
1097 3455
1097 3497
1098 3080
1098 3497
1098 3545
1099 3545
1099 3455
1099 3122
1100 3225
1100 3374
1100 3103
1101 3600
1101 3103
1101 3749
1102 3600
1102 3478
1102 3374
1103 3225
1103 3478
1103 3749
1104 3206
1104 3111
1104 3320
1105 3695
1105 3111
1105 3581
1106 3695
1106 3206
1106 3486
1107 3320
1107 3486
1107 3581
1108 3011
1108 3265
1108 3238
1109 3640
1109 3011
1109 3613
1110 3613
1110 3386
1110 3265
1111 3386
1111 3640
1111 3238
1112 3157
1112 3183
1112 3278
1113 3532
1113 3278
1113 3558
1114 3558
1114 3157
1114 3653
1115 3653
1115 3532
1115 3183
1116 3202
1116 3083
1116 3098
1117 3473
1117 3577
1117 3083
1118 3458
1118 3202
1118 3473
1119 3577
1119 3098
1119 3458
1120 3235
1120 3219
1120 3161
1121 3610
1121 3219
1121 3536
1122 3536
1122 3594
1122 3235
1123 3161
1123 3594
1123 3610
1124 3116
1124 3184
1124 3006
1125 3116
1125 3559
1125 3381
1126 3381
1126 3491
1126 3184
1127 3491
1127 3006
1127 3559
1128 3285
1128 3238
1128 3093
1129 3613
1129 3285
1129 3468
1130 3093
1130 3660
1130 3613
1131 3660
1131 3468
1131 3238
1132 3137
1132 3267
1132 3255
1133 3255
1133 3642
1133 3512
1134 3630
1134 3512
1134 3267
1135 3630
1135 3642
1135 3137
1136 3180
1136 3367
1136 3336
1137 3742
1137 3555
1137 3336
1138 3367
1138 3711
1138 3555
1139 3711
1139 3742
1139 3180
1140 3316
1140 3028
1140 3162
1141 3403
1141 3537
1141 3316
1142 3162
1142 3403
1142 3691
1143 3028
1143 3537
1143 3691
1144 3323
1144 3114
1144 3322
1145 3697
1145 3114
1145 3698
1146 3698
1146 3489
1146 3322
1147 3323
1147 3489
1147 3697
1148 3164
1148 3282
1148 3003
1149 3164
1149 3378
1149 3657
1150 3657
1150 3539
1150 3003
1151 3539
1151 3282
1151 3378
1152 3151
1152 3092
1152 3055
1153 3526
1153 3467
1153 3055
1154 3092
1154 3526
1154 3430
1155 3467
1155 3151
1155 3430
1156 3080
1156 3313
1156 3228
1157 3455
1157 3228
1157 3688
1158 3603
1158 3313
1158 3455
1159 3080
1159 3603
1159 3688
1160 3159
1160 3367
1160 3288
1161 3288
1161 3742
1161 3534
1162 3742
1162 3663
1162 3159
1163 3663
1163 3367
1163 3534
1164 3249
1164 3062
1164 3329
1165 3249
1165 3704
1165 3437
1166 3704
1166 3624
1166 3062
1167 3437
1167 3329
1167 3624
1168 3272
1168 3127
1168 3303
1169 3647
1169 3678
1169 3127
1170 3502
1170 3272
1170 3678
1171 3303
1171 3647
1171 3502
1172 3119
1172 3155
1172 3039
1173 3039
1173 3494
1173 3530
1174 3530
1174 3119
1174 3414
1175 3414
1175 3494
1175 3155
1176 3089
1176 3242
1176 3061
1177 3242
1177 3464
1177 3436
1178 3464
1178 3617
1178 3061
1179 3436
1179 3617
1179 3089
1180 3304
1180 3093
1180 3064
1181 3304
1181 3439
1181 3468
1182 3064
1182 3679
1182 3468
1183 3679
1183 3439
1183 3093
1184 3000
1184 3166
1184 3178
1185 3166
1185 3375
1185 3553
1186 3541
1186 3375
1186 3178
1187 3553
1187 3541
1187 3000
1188 3257
1188 3020
1188 3218
1189 3218
1189 3632
1189 3395
1190 3593
1190 3632
1190 3020
1191 3593
1191 3395
1191 3257
1192 3044
1192 3024
1192 3206
1193 3206
1193 3399
1193 3419
1194 3024
1194 3581
1194 3419
1195 3581
1195 3044
1195 3399
1196 3017
1196 3062
1196 3218
1197 3218
1197 3437
1197 3392
1198 3062
1198 3392
1198 3593
1199 3593
1199 3017
1199 3437
1200 3167
1200 3203
1200 3290
1201 3542
1201 3203
1201 3665
1202 3167
1202 3578
1202 3665
1203 3290
1203 3542
1203 3578
1204 3044
1204 3012
1204 3086
1205 3387
1205 3044
1205 3461
1206 3012
1206 3419
1206 3461
1207 3086
1207 3387
1207 3419
1208 3167
1208 3065
1208 3265
1209 3640
1209 3542
1209 3065
1210 3640
1210 3440
1210 3167
1211 3440
1211 3265
1211 3542
1212 3115
1212 3279
1212 3294
1213 3279
1213 3669
1213 3490
1214 3654
1214 3115
1214 3669
1215 3654
1215 3294
1215 3490
1216 3154
1216 3243
1216 3229
1217 3618
1217 3604
1217 3154
1218 3229
1218 3529
1218 3618
1219 3604
1219 3529
1219 3243
1220 3037
1220 3076
1220 3283
1221 3037
1221 3658
1221 3451
1222 3412
1222 3076
1222 3658
1223 3451
1223 3283
1223 3412
1224 3320
1224 3058
1224 3197
1225 3320
1225 3572
1225 3433
1226 3695
1226 3572
1226 3058
1227 3197
1227 3695
1227 3433
1228 3250
1228 3371
1228 3006
1229 3006
1229 3625
1229 3746
1230 3250
1230 3746
1230 3381
1231 3625
1231 3371
1231 3381
1232 3283
1232 3323
1232 3072
1233 3658
1233 3698
1233 3072
1234 3447
1234 3283
1234 3698
1235 3658
1235 3323
1235 3447
1236 3359
1236 3312
1236 3048
1237 3687
1237 3048
1237 3734
1238 3359
1238 3423
1238 3687
1239 3312
1239 3423
1239 3734
1240 3145
1240 3118
1240 3304
1241 3679
1241 3118
1241 3520
1242 3304
1242 3493
1242 3520
1243 3145
1243 3493
1243 3679
1244 3360
1244 3159
1244 3201
1245 3576
1245 3360
1245 3534
1246 3159
1246 3735
1246 3576
1247 3201
1247 3534
1247 3735
1248 3059
1248 3113
1248 3051
1249 3434
1249 3488
1249 3051
1250 3426
1250 3059
1250 3488
1251 3434
1251 3113
1251 3426
1252 3358
1252 3254
1252 3161
1253 3161
1253 3733
1253 3629
1254 3254
1254 3536
1254 3733
1255 3629
1255 3536
1255 3358
1256 3343
1256 3332
1256 3038
1257 3038
1257 3707
1257 3718
1258 3718
1258 3332
1258 3413
1259 3413
1259 3707
1259 3343
1260 3046
1260 3103
1260 3073
1261 3448
1261 3421
1261 3103
1262 3448
1262 3046
1262 3478
1263 3421
1263 3073
1263 3478
1264 3045
1264 3043
1264 3069
1265 3444
1265 3420
1265 3043
1266 3045
1266 3444
1266 3418
1267 3418
1267 3420
1267 3069
1268 3026
1268 3337
1268 3210
1269 3210
1269 3401
1269 3712
1270 3337
1270 3585
1270 3401
1271 3712
1271 3585
1271 3026
1272 3052
1272 3019
1272 3229
1273 3427
1273 3394
1273 3229
1274 3427
1274 3019
1274 3604
1275 3052
1275 3394
1275 3604
1276 3319
1276 3253
1276 3118
1277 3694
1277 3118
1277 3628
1278 3628
1278 3493
1278 3319
1279 3694
1279 3493
1279 3253
1280 3062
1280 3317
1280 3213
1281 3437
1281 3692
1281 3213
1282 3317
1282 3588
1282 3437
1283 3692
1283 3588
1283 3062
1284 3237
1284 3232
1284 3141
1285 3232
1285 3612
1285 3516
1286 3612
1286 3607
1286 3141
1287 3237
1287 3516
1287 3607
1288 3310
1288 3222
1288 3044
1289 3685
1289 3222
1289 3419
1290 3419
1290 3310
1290 3597
1291 3044
1291 3597
1291 3685
1292 3152
1292 3244
1292 3000
1293 3619
1293 3527
1293 3000
1294 3619
1294 3152
1294 3375
1295 3244
1295 3527
1295 3375
1296 3215
1296 3100
1296 3104
1297 3475
1297 3590
1297 3104
1298 3100
1298 3479
1298 3590
1299 3215
1299 3475
1299 3479
1300 3116
1300 3307
1300 3040
1301 3682
1301 3415
1301 3116
1302 3491
1302 3307
1302 3415
1303 3491
1303 3682
1303 3040
1304 3007
1304 3255
1304 3254
1305 3382
1305 3630
1305 3254
1306 3255
1306 3382
1306 3629
1307 3629
1307 3630
1307 3007
1308 3063
1308 3014
1308 3138
1309 3438
1309 3138
1309 3389
1310 3438
1310 3014
1310 3513
1311 3389
1311 3513
1311 3063
1312 3249
1312 3326
1312 3085
1313 3624
1313 3701
1313 3085
1314 3460
1314 3326
1314 3624
1315 3249
1315 3701
1315 3460
1316 3118
1316 3082
1316 3151
1317 3457
1317 3151
1317 3493
1318 3493
1318 3082
1318 3526
1319 3118
1319 3457
1319 3526
1320 3353
1320 3069
1320 3324
1321 3699
1321 3069
1321 3728
1322 3699
1322 3353
1322 3444
1323 3324
1323 3444
1323 3728
1324 3203
1324 3133
1324 3111
1325 3578
1325 3508
1325 3111
1326 3578
1326 3133
1326 3486
1327 3203
1327 3486
1327 3508
1328 3083
1328 3205
1328 3147
1329 3458
1329 3205
1329 3522
1330 3147
1330 3458
1330 3580
1331 3580
1331 3083
1331 3522
1332 3187
1332 3106
1332 3223
1333 3223
1333 3481
1333 3562
1334 3481
1334 3187
1334 3598
1335 3106
1335 3598
1335 3562
1336 3145
1336 3204
1336 3082
1337 3520
1337 3082
1337 3579
1338 3204
1338 3457
1338 3520
1339 3145
1339 3579
1339 3457
1340 3128
1340 3135
1340 3263
1341 3510
1341 3638
1341 3128
1342 3510
1342 3263
1342 3503
1343 3135
1343 3638
1343 3503
1344 3337
1344 3046
1344 3132
1345 3507
1345 3046
1345 3712
1346 3712
1346 3132
1346 3421
1347 3337
1347 3507
1347 3421
1348 3239
1348 3337
1348 3178
1349 3712
1349 3239
1349 3553
1350 3712
1350 3614
1350 3178
1351 3337
1351 3553
1351 3614
1352 3120
1352 3273
1352 3112
1353 3495
1353 3648
1353 3112
1354 3273
1354 3495
1354 3487
1355 3648
1355 3120
1355 3487
1356 3280
1356 3204
1356 3342
1357 3204
1357 3717
1357 3655
1358 3280
1358 3717
1358 3579
1359 3655
1359 3579
1359 3342
1360 3162
1360 3020
1360 3351
1361 3020
1361 3537
1361 3726
1362 3726
1362 3162
1362 3395
1363 3537
1363 3395
1363 3351
1364 3257
1364 3067
1364 3061
1365 3632
1365 3067
1365 3436
1366 3436
1366 3257
1366 3442
1367 3061
1367 3632
1367 3442
1368 3248
1368 3045
1368 3233
1369 3623
1369 3045
1369 3608
1370 3623
1370 3420
1370 3233
1371 3420
1371 3248
1371 3608
1372 3224
1372 3060
1372 3278
1373 3278
1373 3435
1373 3599
1374 3060
1374 3653
1374 3599
1375 3435
1375 3653
1375 3224
1376 3343
1376 3027
1376 3017
1377 3718
1377 3017
1377 3402
1378 3718
1378 3027
1378 3392
1379 3402
1379 3392
1379 3343
1380 3266
1380 3276
1380 3355
1381 3651
1381 3266
1381 3730
1382 3730
1382 3641
1382 3276
1383 3651
1383 3641
1383 3355
1384 3283
1384 3219
1384 3304
1385 3679
1385 3219
1385 3658
1386 3658
1386 3594
1386 3304
1387 3679
1387 3283
1387 3594
1388 3145
1388 3155
1388 3080
1389 3520
1389 3455
1389 3155
1390 3520
1390 3080
1390 3530
1391 3455
1391 3145
1391 3530
1392 3253
1392 3310
1392 3263
1393 3685
1393 3628
1393 3263
1394 3628
1394 3310
1394 3638
1395 3253
1395 3685
1395 3638
1396 3324
1396 3365
1396 3356
1397 3365
1397 3699
1397 3731
1398 3740
1398 3731
1398 3324
1399 3740
1399 3356
1399 3699
1400 3350
1400 3013
1400 3337
1401 3712
1401 3725
1401 3013
1402 3712
1402 3350
1402 3388
1403 3337
1403 3725
1403 3388
1404 3213
1404 3368
1404 3153
1405 3588
1405 3743
1405 3153
1406 3528
1406 3213
1406 3743
1407 3588
1407 3368
1407 3528
1408 3061
1408 3046
1408 3066
1409 3421
1409 3061
1409 3441
1410 3421
1410 3066
1410 3436
1411 3441
1411 3436
1411 3046
1412 3339
1412 3226
1412 3013
1413 3013
1413 3601
1413 3714
1414 3226
1414 3388
1414 3714
1415 3339
1415 3388
1415 3601
1416 3076
1416 3140
1416 3102
1417 3515
1417 3076
1417 3477
1418 3451
1418 3102
1418 3515
1419 3451
1419 3140
1419 3477
1420 3082
1420 3087
1420 3048
1421 3048
1421 3457
1421 3462
1422 3462
1422 3082
1422 3423
1423 3457
1423 3423
1423 3087
1424 3198
1424 3017
1424 3137
1425 3573
1425 3392
1425 3137
1426 3512
1426 3017
1426 3573
1427 3512
1427 3392
1427 3198
1428 3233
1428 3212
1428 3054
1429 3054
1429 3587
1429 3608
1430 3608
1430 3212
1430 3429
1431 3587
1431 3233
1431 3429
1432 3127
1432 3302
1432 3355
1433 3677
1433 3127
1433 3730
1434 3730
1434 3302
1434 3502
1435 3677
1435 3355
1435 3502
1436 3012
1436 3285
1436 3206
1437 3660
1437 3581
1437 3012
1438 3206
1438 3387
1438 3660
1439 3285
1439 3387
1439 3581
1440 3157
1440 3133
1440 3115
1441 3532
1441 3133
1441 3490
1442 3508
1442 3532
1442 3115
1443 3157
1443 3490
1443 3508
1444 3313
1444 3117
1444 3124
1445 3688
1445 3492
1445 3124
1446 3117
1446 3499
1446 3688
1447 3499
1447 3492
1447 3313
1448 3157
1448 3288
1448 3286
1449 3663
1449 3286
1449 3532
1450 3661
1450 3288
1450 3532
1451 3157
1451 3663
1451 3661
1452 3096
1452 3127
1452 3208
1453 3127
1453 3583
1453 3471
1454 3208
1454 3471
1454 3502
1455 3502
1455 3583
1455 3096
1456 3259
1456 3158
1456 3307
1457 3682
1457 3158
1457 3634
1458 3533
1458 3682
1458 3259
1459 3634
1459 3533
1459 3307
1460 3124
1460 3032
1460 3111
1461 3407
1461 3499
1461 3111
1462 3032
1462 3486
1462 3499
1463 3407
1463 3124
1463 3486
1464 3365
1464 3213
1464 3303
1465 3678
1465 3588
1465 3365
1466 3303
1466 3740
1466 3588
1467 3678
1467 3740
1467 3213
1468 3324
1468 3313
1468 3254
1469 3629
1469 3699
1469 3313
1470 3324
1470 3629
1470 3688
1471 3254
1471 3699
1471 3688
1472 3142
1472 3243
1472 3020
1473 3618
1473 3517
1473 3020
1474 3395
1474 3618
1474 3142
1475 3517
1475 3395
1475 3243
1476 3048
1476 3248
1476 3087
1477 3623
1477 3087
1477 3423
1478 3248
1478 3462
1478 3423
1479 3048
1479 3462
1479 3623
1480 3119
1480 3250
1480 3344
1481 3625
1481 3119
1481 3719
1482 3719
1482 3250
1482 3494
1483 3625
1483 3494
1483 3344
1484 3134
1484 3159
1484 3087
1485 3509
1485 3534
1485 3087
1486 3462
1486 3509
1486 3159
1487 3534
1487 3462
1487 3134
1488 3350
1488 3328
1488 3008
1489 3725
1489 3703
1489 3008
1490 3383
1490 3328
1490 3725
1491 3703
1491 3383
1491 3350
1492 3053
1492 3035
1492 3064
1493 3439
1493 3410
1493 3053
1494 3035
1494 3439
1494 3428
1495 3064
1495 3410
1495 3428
1496 3175
1496 3069
1496 3172
1497 3444
1497 3172
1497 3550
1498 3547
1498 3550
1498 3069
1499 3547
1499 3175
1499 3444
1500 3351
1500 3036
1500 3225
1501 3600
1501 3726
1501 3036
1502 3225
1502 3411
1502 3726
1503 3600
1503 3411
1503 3351
1504 3268
1504 3042
1504 3371
1505 3746
1505 3643
1505 3042
1506 3746
1506 3417
1506 3268
1507 3643
1507 3371
1507 3417
1508 3178
1508 3354
1508 3204
1509 3178
1509 3579
1509 3729
1510 3204
1510 3553
1510 3729
1511 3579
1511 3553
1511 3354
1512 3138
1512 3012
1512 3011
1513 3387
1513 3513
1513 3011
1514 3513
1514 3012
1514 3386
1515 3387
1515 3386
1515 3138
1516 3035
1516 3061
1516 3079
1517 3454
1517 3035
1517 3436
1518 3061
1518 3410
1518 3454
1519 3079
1519 3436
1519 3410
1520 3116
1520 3156
1520 3186
1521 3561
1521 3156
1521 3491
1522 3491
1522 3186
1522 3531
1523 3531
1523 3116
1523 3561
1524 3132
1524 3357
1524 3080
1525 3455
1525 3507
1525 3357
1526 3080
1526 3732
1526 3507
1527 3732
1527 3455
1527 3132
1528 3299
1528 3342
1528 3005
1529 3299
1529 3380
1529 3717
1530 3674
1530 3380
1530 3342
1531 3005
1531 3717
1531 3674
1532 3346
1532 3290
1532 3074
1533 3721
1533 3665
1533 3074
1534 3449
1534 3290
1534 3721
1535 3449
1535 3346
1535 3665
1536 3196
1536 3022
1536 3302
1537 3571
1537 3397
1537 3302
1538 3022
1538 3571
1538 3677
1539 3677
1539 3196
1539 3397
1540 3351
1540 3182
1540 3133
1541 3508
1541 3726
1541 3182
1542 3557
1542 3508
1542 3351
1543 3133
1543 3726
1543 3557
1544 3278
1544 3081
1544 3294
1545 3653
1545 3294
1545 3456
1546 3669
1546 3081
1546 3653
1547 3278
1547 3669
1547 3456
1548 3204
1548 3121
1548 3003
1549 3579
1549 3496
1549 3003
1550 3579
1550 3121
1550 3378
1551 3496
1551 3204
1551 3378
1552 3201
1552 3330
1552 3359
1553 3576
1553 3330
1553 3734
1554 3201
1554 3705
1554 3734
1555 3359
1555 3576
1555 3705
1556 3301
1556 3205
1556 3297
1557 3297
1557 3676
1557 3580
1558 3672
1558 3676
1558 3205
1559 3672
1559 3301
1559 3580
1560 3221
1560 3046
1560 3008
1561 3421
1561 3221
1561 3383
1562 3383
1562 3596
1562 3046
1563 3596
1563 3421
1563 3008
1564 3238
1564 3201
1564 3082
1565 3576
1565 3082
1565 3613
1566 3613
1566 3457
1566 3201
1567 3238
1567 3576
1567 3457
1568 3283
1568 3301
1568 3025
1569 3400
1569 3676
1569 3283
1570 3400
1570 3658
1570 3301
1571 3658
1571 3025
1571 3676
1572 3045
1572 3013
1572 3341
1573 3388
1573 3341
1573 3420
1574 3045
1574 3716
1574 3388
1575 3013
1575 3420
1575 3716
1576 3094
1576 3040
1576 3071
1577 3446
1577 3469
1577 3040
1578 3094
1578 3446
1578 3415
1579 3071
1579 3469
1579 3415
1580 3170
1580 3012
1580 3307
1581 3545
1581 3682
1581 3012
1582 3170
1582 3387
1582 3682
1583 3307
1583 3545
1583 3387
1584 3300
1584 3119
1584 3259
1585 3675
1585 3119
1585 3634
1586 3675
1586 3494
1586 3259
1587 3634
1587 3494
1587 3300
1588 3342
1588 3143
1588 3137
1589 3518
1589 3512
1589 3342
1590 3518
1590 3717
1590 3137
1591 3512
1591 3717
1591 3143
1592 3037
1592 3324
1592 3273
1593 3699
1593 3037
1593 3648
1594 3699
1594 3412
1594 3273
1595 3412
1595 3648
1595 3324
1596 3343
1596 3097
1596 3274
1597 3649
1597 3097
1597 3718
1598 3718
1598 3274
1598 3472
1599 3472
1599 3649
1599 3343
1600 3094
1600 3035
1600 3172
1601 3469
1601 3172
1601 3410
1602 3035
1602 3469
1602 3547
1603 3547
1603 3094
1603 3410
1604 3220
1604 3109
1604 3333
1605 3109
1605 3708
1605 3595
1606 3708
1606 3220
1606 3484
1607 3484
1607 3595
1607 3333
1608 3159
1608 3084
1608 3325
1609 3459
1609 3159
1609 3700
1610 3700
1610 3084
1610 3534
1611 3459
1611 3534
1611 3325
1612 3007
1612 3168
1612 3002
1613 3168
1613 3382
1613 3377
1614 3377
1614 3007
1614 3543
1615 3382
1615 3543
1615 3002
1616 3032
1616 3024
1616 3303
1617 3407
1617 3024
1617 3678
1618 3407
1618 3303
1618 3399
1619 3678
1619 3032
1619 3399
1620 3107
1620 3071
1620 3144
1621 3071
1621 3482
1621 3519
1622 3107
1622 3446
1622 3519
1623 3144
1623 3446
1623 3482
1624 3314
1624 3332
1624 3366
1625 3741
1625 3314
1625 3707
1626 3689
1626 3707
1626 3366
1627 3689
1627 3741
1627 3332
1628 3231
1628 3278
1628 3357
1629 3606
1629 3357
1629 3653
1630 3606
1630 3278
1630 3732
1631 3732
1631 3231
1631 3653
1632 3317
1632 3112
1632 3054
1633 3692
1633 3054
1633 3487
1634 3429
1634 3487
1634 3317
1635 3429
1635 3112
1635 3692
1636 3229
1636 3155
1636 3143
1637 3229
1637 3530
1637 3518
1638 3530
1638 3604
1638 3143
1639 3155
1639 3604
1639 3518
1640 3302
1640 3074
1640 3307
1641 3074
1641 3677
1641 3682
1642 3677
1642 3449
1642 3307
1643 3302
1643 3682
1643 3449
1644 3053
1644 3264
1644 3248
1645 3428
1645 3264
1645 3623
1646 3428
1646 3248
1646 3639
1647 3623
1647 3639
1647 3053
1648 3121
1648 3041
1648 3184
1649 3416
1649 3559
1649 3121
1650 3184
1650 3496
1650 3416
1651 3041
1651 3559
1651 3496
1652 3050
1652 3191
1652 3115
1653 3425
1653 3566
1653 3115
1654 3191
1654 3490
1654 3425
1655 3050
1655 3490
1655 3566
1656 3021
1656 3040
1656 3208
1657 3583
1657 3415
1657 3021
1658 3583
1658 3040
1658 3396
1659 3415
1659 3208
1659 3396
1660 3217
1660 3283
1660 3313
1661 3658
1661 3313
1661 3592
1662 3658
1662 3217
1662 3688
1663 3688
1663 3283
1663 3592
1664 3148
1664 3026
1664 3326
1665 3026
1665 3523
1665 3701
1666 3523
1666 3326
1666 3401
1667 3701
1667 3401
1667 3148
1668 3280
1668 3337
1668 3234
1669 3712
1669 3609
1669 3280
1670 3655
1670 3337
1670 3609
1671 3234
1671 3712
1671 3655
1672 3104
1672 3069
1672 3369
1673 3744
1673 3104
1673 3444
1674 3069
1674 3744
1674 3479
1675 3369
1675 3444
1675 3479
1676 3129
1676 3091
1676 3273
1677 3504
1677 3091
1677 3648
1678 3648
1678 3466
1678 3129
1679 3273
1679 3504
1679 3466
1680 3071
1680 3305
1680 3088
1681 3446
1681 3305
1681 3463
1682 3680
1682 3088
1682 3446
1683 3071
1683 3680
1683 3463
1684 3279
1684 3250
1684 3094
1685 3625
1685 3654
1685 3094
1686 3625
1686 3279
1686 3469
1687 3250
1687 3469
1687 3654
1688 3343
1688 3031
1688 3134
1689 3509
1689 3031
1689 3718
1690 3718
1690 3406
1690 3134
1691 3343
1691 3509
1691 3406
1692 3152
1692 3063
1692 3013
1693 3527
1693 3388
1693 3063
1694 3527
1694 3013
1694 3438
1695 3152
1695 3388
1695 3438
1696 3028
1696 3091
1696 3027
1697 3466
1697 3402
1697 3028
1698 3027
1698 3466
1698 3403
1699 3402
1699 3403
1699 3091
1700 3034
1700 3311
1700 3149
1701 3524
1701 3034
1701 3686
1702 3409
1702 3311
1702 3524
1703 3149
1703 3686
1703 3409
1704 3232
1704 3211
1704 3270
1705 3607
1705 3645
1705 3211
1706 3270
1706 3607
1706 3586
1707 3645
1707 3232
1707 3586
1708 3270
1708 3207
1708 3196
1709 3645
1709 3582
1709 3196
1710 3571
1710 3645
1710 3207
1711 3571
1711 3270
1711 3582
1712 3249
1712 3344
1712 3195
1713 3719
1713 3249
1713 3570
1714 3344
1714 3624
1714 3570
1715 3719
1715 3624
1715 3195
1716 3259
1716 3001
1716 3017
1717 3001
1717 3392
1717 3634
1718 3017
1718 3634
1718 3376
1719 3392
1719 3376
1719 3259
1720 3256
1720 3292
1720 3082
1721 3631
1721 3667
1721 3082
1722 3667
1722 3256
1722 3457
1723 3631
1723 3292
1723 3457
1724 3064
1724 3116
1724 3370
1725 3745
1725 3491
1725 3064
1726 3491
1726 3370
1726 3439
1727 3116
1727 3745
1727 3439
1728 3196
1728 3265
1728 3173
1729 3196
1729 3640
1729 3548
1730 3571
1730 3173
1730 3640
1731 3548
1731 3265
1731 3571
1732 3211
1732 3371
1732 3296
1733 3746
1733 3671
1733 3211
1734 3371
1734 3671
1734 3586
1735 3296
1735 3746
1735 3586
1736 3034
1736 3048
1736 3075
1737 3423
1737 3450
1737 3034
1738 3409
1738 3048
1738 3450
1739 3075
1739 3409
1739 3423
1740 3299
1740 3105
1740 3314
1741 3674
1741 3480
1741 3314
1742 3674
1742 3105
1742 3689
1743 3299
1743 3480
1743 3689
1744 3370
1744 3219
1744 3234
1745 3745
1745 3594
1745 3234
1746 3745
1746 3609
1746 3219
1747 3370
1747 3609
1747 3594
1748 3082
1748 3205
1748 3124
1749 3457
1749 3499
1749 3205
1750 3082
1750 3499
1750 3580
1751 3457
1751 3124
1751 3580
1752 3060
1752 3220
1752 3197
1753 3595
1753 3060
1753 3572
1754 3435
1754 3572
1754 3220
1755 3595
1755 3435
1755 3197
1756 3183
1756 3069
1756 3315
1757 3444
1757 3558
1757 3315
1758 3558
1758 3690
1758 3069
1759 3444
1759 3690
1759 3183
1760 3025
1760 3366
1760 3253
1761 3400
1761 3366
1761 3628
1762 3741
1762 3400
1762 3253
1763 3741
1763 3025
1763 3628
1764 3133
1764 3281
1764 3076
1765 3508
1765 3281
1765 3451
1766 3656
1766 3133
1766 3451
1767 3076
1767 3656
1767 3508
1768 3087
1768 3061
1768 3072
1769 3072
1769 3436
1769 3462
1770 3061
1770 3462
1770 3447
1771 3087
1771 3436
1771 3447
1772 3139
1772 3176
1772 3220
1773 3595
1773 3176
1773 3514
1774 3551
1774 3514
1774 3220
1775 3139
1775 3595
1775 3551
1776 3360
1776 3136
1776 3243
1777 3735
1777 3243
1777 3511
1778 3735
1778 3136
1778 3618
1779 3360
1779 3511
1779 3618
1780 3089
1780 3219
1780 3241
1781 3464
1781 3616
1781 3219
1782 3594
1782 3241
1782 3464
1783 3089
1783 3616
1783 3594
1784 3112
1784 3309
1784 3021
1785 3112
1785 3396
1785 3684
1786 3684
1786 3021
1786 3487
1787 3309
1787 3396
1787 3487
1788 3347
1788 3161
1788 3106
1789 3161
1789 3722
1789 3481
1790 3481
1790 3347
1790 3536
1791 3722
1791 3536
1791 3106
1792 3349
1792 3052
1792 3273
1793 3724
1793 3648
1793 3052
1794 3349
1794 3648
1794 3427
1795 3724
1795 3427
1795 3273
1796 3343
1796 3263
1796 3036
1797 3718
1797 3036
1797 3638
1798 3411
1798 3718
1798 3263
1799 3411
1799 3638
1799 3343
1800 3141
1800 3228
1800 3352
1801 3228
1801 3727
1801 3516
1802 3352
1802 3603
1802 3516
1803 3141
1803 3727
1803 3603
1804 3109
1804 3240
1804 3309
1805 3684
1805 3240
1805 3484
1806 3684
1806 3109
1806 3615
1807 3309
1807 3484
1807 3615
1808 3175
1808 3191
1808 3092
1809 3467
1809 3566
1809 3175
1810 3566
1810 3550
1810 3092
1811 3467
1811 3191
1811 3550
1812 3064
1812 3174
1812 3183
1813 3439
1813 3549
1813 3183
1814 3549
1814 3064
1814 3558
1815 3439
1815 3558
1815 3174
1816 3151
1816 3001
1816 3139
1817 3526
1817 3001
1817 3514
1818 3376
1818 3526
1818 3139
1819 3151
1819 3514
1819 3376
1820 3192
1820 3178
1820 3355
1821 3553
1821 3355
1821 3567
1822 3730
1822 3178
1822 3567
1823 3192
1823 3730
1823 3553
1824 3350
1824 3134
1824 3185
1825 3350
1825 3509
1825 3560
1826 3725
1826 3560
1826 3134
1827 3185
1827 3725
1827 3509
1828 3201
1828 3148
1828 3228
1829 3576
1829 3523
1829 3228
1830 3603
1830 3148
1830 3576
1831 3523
1831 3603
1831 3201
1832 3372
1832 3307
1832 3081
1833 3747
1833 3081
1833 3682
1834 3307
1834 3456
1834 3747
1835 3682
1835 3456
1835 3372
1836 3226
1836 3282
1836 3334
1837 3601
1837 3282
1837 3709
1838 3657
1838 3601
1838 3334
1839 3657
1839 3709
1839 3226
1840 3217
1840 3139
1840 3342
1841 3717
1841 3139
1841 3592
1842 3217
1842 3514
1842 3717
1843 3342
1843 3514
1843 3592
1844 3313
1844 3032
1844 3164
1845 3688
1845 3407
1845 3164
1846 3539
1846 3032
1846 3688
1847 3313
1847 3539
1847 3407
1848 3257
1848 3058
1848 3060
1849 3060
1849 3433
1849 3632
1850 3058
1850 3632
1850 3435
1851 3433
1851 3257
1851 3435
1852 3180
1852 3328
1852 3184
1853 3555
1853 3559
1853 3328
1854 3703
1854 3184
1854 3555
1855 3180
1855 3559
1855 3703
1856 3113
1856 3342
1856 3076
1857 3488
1857 3342
1857 3451
1858 3076
1858 3717
1858 3488
1859 3113
1859 3451
1859 3717
1860 3019
1860 3293
1860 3357
1861 3732
1861 3019
1861 3668
1862 3732
1862 3394
1862 3293
1863 3394
1863 3668
1863 3357
1864 3057
1864 3186
1864 3005
1865 3380
1865 3186
1865 3432
1866 3005
1866 3432
1866 3561
1867 3057
1867 3561
1867 3380
1868 3209
1868 3222
1868 3298
1869 3673
1869 3209
1869 3597
1870 3584
1870 3597
1870 3298
1871 3673
1871 3222
1871 3584
1872 3311
1872 3067
1872 3300
1873 3675
1873 3686
1873 3067
1874 3300
1874 3442
1874 3686
1875 3442
1875 3675
1875 3311
1876 3312
1876 3258
1876 3043
1877 3633
1877 3312
1877 3418
1878 3633
1878 3687
1878 3043
1879 3687
1879 3258
1879 3418
1880 3274
1880 3230
1880 3329
1881 3704
1881 3649
1881 3230
1882 3274
1882 3704
1882 3605
1883 3329
1883 3649
1883 3605
1884 3008
1884 3296
1884 3173
1885 3671
1885 3008
1885 3548
1886 3671
1886 3383
1886 3173
1887 3383
1887 3296
1887 3548
1888 3085
1888 3073
1888 3048
1889 3448
1889 3048
1889 3460
1890 3423
1890 3460
1890 3073
1891 3448
1891 3423
1891 3085
1892 3315
1892 3357
1892 3331
1893 3706
1893 3357
1893 3690
1894 3690
1894 3331
1894 3732
1895 3315
1895 3706
1895 3732
1896 3133
1896 3118
1896 3140
1897 3508
1897 3140
1897 3493
1898 3508
1898 3515
1898 3118
1899 3133
1899 3515
1899 3493
1900 3099
1900 3270
1900 3202
1901 3202
1901 3645
1901 3474
1902 3270
1902 3474
1902 3577
1903 3099
1903 3645
1903 3577
1904 3273
1904 3168
1904 3288
1905 3168
1905 3648
1905 3663
1906 3663
1906 3543
1906 3273
1907 3648
1907 3288
1907 3543
1908 3312
1908 3333
1908 3055
1909 3708
1909 3055
1909 3687
1910 3708
1910 3430
1910 3312
1911 3687
1911 3333
1911 3430
1912 3194
1912 3227
1912 3211
1913 3569
1913 3227
1913 3586
1914 3602
1914 3194
1914 3586
1915 3569
1915 3602
1915 3211
1916 3088
1916 3305
1916 3048
1917 3680
1917 3088
1917 3423
1918 3423
1918 3463
1918 3305
1919 3048
1919 3463
1919 3680
1920 3194
1920 3346
1920 3310
1921 3685
1921 3194
1921 3721
1922 3346
1922 3569
1922 3685
1923 3721
1923 3310
1923 3569
1924 3281
1924 3315
1924 3297
1925 3690
1925 3281
1925 3672
1926 3690
1926 3656
1926 3297
1927 3656
1927 3672
1927 3315
1928 3226
1928 3114
1928 3360
1929 3114
1929 3735
1929 3601
1930 3601
1930 3489
1930 3360
1931 3735
1931 3226
1931 3489
1932 3323
1932 3150
1932 3300
1933 3698
1933 3300
1933 3525
1934 3698
1934 3675
1934 3150
1935 3323
1935 3525
1935 3675
1936 3190
1936 3024
1936 3216
1937 3591
1937 3024
1937 3565
1938 3565
1938 3216
1938 3399
1939 3591
1939 3190
1939 3399
1940 3252
1940 3320
1940 3241
1941 3616
1941 3320
1941 3627
1942 3695
1942 3627
1942 3241
1943 3252
1943 3616
1943 3695
1944 3024
1944 3274
1944 3134
1945 3649
1945 3024
1945 3509
1946 3134
1946 3649
1946 3399
1947 3509
1947 3399
1947 3274
1948 3111
1948 3043
1948 3247
1949 3622
1949 3043
1949 3486
1950 3247
1950 3418
1950 3486
1951 3111
1951 3418
1951 3622
1952 3172
1952 3287
1952 3101
1953 3547
1953 3101
1953 3662
1954 3547
1954 3287
1954 3476
1955 3476
1955 3662
1955 3172
1956 3171
1956 3080
1956 3081
1957 3546
1957 3081
1957 3455
1958 3080
1958 3456
1958 3546
1959 3456
1959 3171
1959 3455
1960 3079
1960 3177
1960 3265
1961 3640
1961 3177
1961 3454
1962 3454
1962 3265
1962 3552
1963 3079
1963 3640
1963 3552
1964 3349
1964 3001
1964 3247
1965 3622
1965 3349
1965 3376
1966 3622
1966 3001
1966 3724
1967 3247
1967 3724
1967 3376
1968 3296
1968 3114
1968 3123
1969 3671
1969 3489
1969 3123
1970 3498
1970 3114
1970 3671
1971 3296
1971 3489
1971 3498
1972 3334
1972 3121
1972 3208
1973 3709
1973 3496
1973 3208
1974 3709
1974 3121
1974 3583
1975 3496
1975 3583
1975 3334
1976 3083
1976 3187
1976 3339
1977 3562
1977 3458
1977 3339
1978 3083
1978 3562
1978 3714
1979 3187
1979 3458
1979 3714
1980 3363
1980 3156
1980 3263
1981 3638
1981 3363
1981 3531
1982 3531
1982 3738
1982 3263
1983 3156
1983 3638
1983 3738
1984 3246
1984 3175
1984 3140
1985 3246
1985 3550
1985 3515
1986 3621
1986 3140
1986 3550
1987 3175
1987 3621
1987 3515
1988 3347
1988 3333
1988 3047
1989 3422
1989 3708
1989 3347
1990 3333
1990 3422
1990 3722
1991 3708
1991 3047
1991 3722
1992 3035
1992 3259
1992 3161
1993 3410
1993 3536
1993 3259
1994 3634
1994 3161
1994 3410
1995 3536
1995 3634
1995 3035
1996 3336
1996 3003
1996 3168
1997 3168
1997 3378
1997 3711
1998 3378
1998 3336
1998 3543
1999 3543
1999 3003
1999 3711
2000 3361
2000 3116
2000 3073
2001 3491
2001 3736
2001 3073
2002 3116
2002 3736
2002 3448
2003 3361
2003 3491
2003 3448
2004 3064
2004 3293
2004 3057
2005 3439
2005 3432
2005 3293
2006 3439
2006 3057
2006 3668
2007 3064
2007 3668
2007 3432
2008 3366
2008 3158
2008 3204
2009 3741
2009 3158
2009 3579
2010 3533
2010 3204
2010 3741
2011 3366
2011 3579
2011 3533
2012 3308
2012 3131
2012 3024
2013 3683
2013 3131
2013 3399
2014 3024
2014 3506
2014 3683
2015 3399
2015 3506
2015 3308
2016 3007
2016 3185
2016 3143
2017 3143
2017 3560
2017 3382
2018 3518
2018 3185
2018 3382
2019 3560
2019 3007
2019 3518
2020 3067
2020 3347
2020 3036
2021 3722
2021 3036
2021 3442
2022 3442
2022 3347
2022 3411
2023 3067
2023 3722
2023 3411
2024 3350
2024 3319
2024 3026
2025 3401
2025 3319
2025 3725
2026 3026
2026 3725
2026 3694
2027 3350
2027 3694
2027 3401
2028 3362
2028 3154
2028 3290
2029 3154
2029 3665
2029 3737
2030 3665
2030 3362
2030 3529
2031 3290
2031 3737
2031 3529
2032 3005
2032 3335
2032 3191
2033 3005
2033 3566
2033 3710
2034 3710
2034 3380
2034 3191
2035 3335
2035 3566
2035 3380
2036 3120
2036 3099
2036 3003
2037 3495
2037 3474
2037 3003
2038 3099
2038 3495
2038 3378
2039 3474
2039 3120
2039 3378
2040 3310
2040 3141
2040 3190
2041 3685
2041 3516
2041 3190
2042 3565
2042 3685
2042 3141
2043 3565
2043 3516
2043 3310
2044 3298
2044 3291
2044 3049
2045 3673
2045 3291
2045 3424
2046 3298
2046 3666
2046 3424
2047 3049
2047 3673
2047 3666
2048 3136
2048 3039
2048 3092
2049 3039
2049 3511
2049 3467
2050 3136
2050 3467
2050 3414
2051 3511
2051 3414
2051 3092
2052 3232
2052 3035
2052 3281
2053 3035
2053 3607
2053 3656
2054 3607
2054 3281
2054 3410
2055 3656
2055 3232
2055 3410
2056 3208
2056 3040
2056 3182
2057 3583
2057 3040
2057 3557
2058 3182
2058 3415
2058 3583
2059 3557
2059 3415
2059 3208
2060 3026
2060 3091
2060 3010
2061 3466
2061 3385
2061 3026
2062 3466
2062 3010
2062 3401
2063 3401
2063 3091
2063 3385
2064 3321
2064 3260
2064 3362
2065 3737
2065 3260
2065 3696
2066 3737
2066 3321
2066 3635
2067 3696
2067 3635
2067 3362
2068 3298
2068 3008
2068 3040
2069 3008
2069 3415
2069 3673
2070 3673
2070 3383
2070 3040
2071 3298
2071 3383
2071 3415
2072 3262
2072 3319
2072 3149
2073 3637
2073 3319
2073 3524
2074 3149
2074 3637
2074 3694
2075 3262
2075 3524
2075 3694
2076 3292
2076 3047
2076 3288
2077 3667
2077 3663
2077 3047
2078 3663
2078 3292
2078 3422
2079 3288
2079 3667
2079 3422
2080 3320
2080 3141
2080 3074
2081 3320
2081 3516
2081 3449
2082 3695
2082 3516
2082 3074
2083 3141
2083 3449
2083 3695
2084 3219
2084 3162
2084 3012
2085 3594
2085 3537
2085 3012
2086 3594
2086 3387
2086 3162
2087 3537
2087 3387
2087 3219
2088 3111
2088 3356
2088 3256
2089 3256
2089 3486
2089 3731
2090 3486
2090 3631
2090 3356
2091 3731
2091 3631
2091 3111
2092 3026
2092 3124
2092 3015
2093 3499
2093 3401
2093 3015
2094 3401
2094 3390
2094 3124
2095 3390
2095 3026
2095 3499
2096 3350
2096 3310
2096 3271
2097 3725
2097 3685
2097 3271
2098 3725
2098 3310
2098 3646
2099 3685
2099 3646
2099 3350
2100 3086
2100 3267
2100 3301
2101 3676
2101 3461
2101 3267
2102 3676
2102 3086
2102 3642
2103 3301
2103 3642
2103 3461
2104 3278
2104 3139
2104 3284
2105 3284
2105 3514
2105 3653
2106 3653
2106 3139
2106 3659
2107 3514
2107 3278
2107 3659
2108 3203
2108 3157
2108 3328
2109 3578
2109 3157
2109 3703
2110 3203
2110 3532
2110 3703
2111 3578
2111 3328
2111 3532
2112 3352
2112 3120
2112 3050
2113 3495
2113 3050
2113 3727
2114 3352
2114 3425
2114 3495
2115 3425
2115 3120
2115 3727
2116 3054
2116 3313
2116 3360
2117 3054
2117 3735
2117 3688
2118 3735
2118 3429
2118 3313
2119 3429
2119 3360
2119 3688
2120 3224
2120 3334
2120 3316
2121 3709
2121 3599
2121 3316
2122 3691
2122 3334
2122 3599
2123 3709
2123 3691
2123 3224
2124 3355
2124 3038
2124 3221
2125 3596
2125 3038
2125 3730
2126 3730
2126 3413
2126 3221
2127 3355
2127 3596
2127 3413
2128 3017
2128 3331
2128 3190
2129 3017
2129 3565
2129 3706
2130 3565
2130 3392
2130 3331
2131 3392
2131 3706
2131 3190
2132 3092
2132 3219
2132 3157
2133 3467
2133 3157
2133 3594
2134 3594
2134 3532
2134 3092
2135 3467
2135 3532
2135 3219
2136 3340
2136 3012
2136 3334
2137 3715
2137 3709
2137 3012
2138 3334
2138 3387
2138 3715
2139 3340
2139 3387
2139 3709
2140 3065
2140 3339
2140 3312
2141 3339
2141 3440
2141 3687
2142 3440
2142 3714
2142 3312
2143 3065
2143 3687
2143 3714
2144 3121
2144 3356
2144 3076
2145 3496
2145 3731
2145 3076
2146 3121
2146 3731
2146 3451
2147 3356
2147 3496
2147 3451
2148 3163
2148 3174
2148 3219
2149 3549
2149 3163
2149 3594
2150 3594
2150 3538
2150 3174
2151 3549
2151 3538
2151 3219
2152 3362
2152 3083
2152 3048
2153 3737
2153 3423
2153 3083
2154 3048
2154 3458
2154 3737
2155 3458
2155 3362
2155 3423
2156 3169
2156 3218
2156 3165
2157 3540
2157 3218
2157 3544
2158 3544
2158 3165
2158 3593
2159 3169
2159 3593
2159 3540
2160 3135
2160 3341
2160 3287
2161 3510
2161 3341
2161 3662
2162 3662
2162 3135
2162 3716
2163 3716
2163 3510
2163 3287
2164 3176
2164 3057
2164 3229
2165 3057
2165 3604
2165 3551
2166 3432
2166 3229
2166 3551
2167 3176
2167 3604
2167 3432
2168 3241
2168 3258
2168 3212
2169 3633
2169 3241
2169 3587
2170 3258
2170 3616
2170 3587
2171 3616
2171 3633
2171 3212
2172 3032
2172 3255
2172 3362
2173 3032
2173 3737
2173 3630
2174 3362
2174 3407
2174 3630
2175 3255
2175 3407
2175 3737
2176 3109
2176 3053
2176 3175
2177 3484
2177 3175
2177 3428
2178 3053
2178 3484
2178 3550
2179 3428
2179 3109
2179 3550
2180 3334
2180 3206
2180 3153
2181 3709
2181 3153
2181 3581
2182 3528
2182 3206
2182 3709
2183 3581
2183 3528
2183 3334
2184 3133
2184 3008
2184 3104
2185 3508
2185 3479
2185 3008
2186 3104
2186 3383
2186 3508
2187 3479
2187 3133
2187 3383
2188 3182
2188 3288
2188 3125
2189 3663
2189 3500
2189 3182
2190 3125
2190 3663
2190 3557
2191 3288
2191 3557
2191 3500
2192 3293
2192 3238
2192 3223
2193 3668
2193 3238
2193 3598
2194 3293
2194 3598
2194 3613
2195 3223
2195 3613
2195 3668
2196 3336
2196 3247
2196 3233
2197 3711
2197 3622
2197 3233
2198 3608
2198 3622
2198 3336
2199 3711
2199 3247
2199 3608
2200 3110
2200 3102
2200 3295
2201 3477
2201 3670
2201 3110
2202 3477
2202 3485
2202 3295
2203 3102
2203 3670
2203 3485
2204 3186
2204 3300
2204 3234
2205 3609
2205 3675
2205 3186
2206 3561
2206 3300
2206 3609
2207 3675
2207 3561
2207 3234
2208 3153
2208 3180
2208 3239
2209 3555
2209 3153
2209 3614
2210 3528
2210 3555
2210 3239
2211 3180
2211 3614
2211 3528
2212 3092
2212 3214
2212 3310
2213 3589
2213 3092
2213 3685
2214 3467
2214 3685
2214 3214
2215 3310
2215 3589
2215 3467
2216 3110
2216 3041
2216 3291
2217 3485
2217 3416
2217 3291
2218 3485
2218 3041
2218 3666
2219 3110
2219 3416
2219 3666
2220 3278
2220 3138
2220 3079
2221 3278
2221 3513
2221 3454
2222 3454
2222 3138
2222 3653
2223 3079
2223 3653
2223 3513
2224 3183
2224 3164
2224 3352
2225 3558
2225 3539
2225 3352
2226 3558
2226 3727
2226 3164
2227 3539
2227 3727
2227 3183
2228 3155
2228 3341
2228 3318
2229 3693
2229 3341
2229 3530
2230 3693
2230 3155
2230 3716
2231 3530
2231 3716
2231 3318
2232 3195
2232 3268
2232 3152
2233 3643
2233 3527
2233 3195
2234 3152
2234 3570
2234 3643
2235 3268
2235 3570
2235 3527
2236 3170
2236 3342
2236 3251
2237 3545
2237 3626
2237 3342
2238 3545
2238 3251
2238 3717
2239 3170
2239 3717
2239 3626
2240 3159
2240 3188
2240 3288
2241 3288
2241 3534
2241 3563
2242 3188
2242 3534
2242 3663
2243 3663
2243 3159
2243 3563
2244 3053
2244 3252
2244 3373
2245 3627
2245 3428
2245 3373
2246 3252
2246 3748
2246 3428
2247 3053
2247 3627
2247 3748
2248 3219
2248 3308
2248 3247
2249 3622
2249 3308
2249 3594
2250 3594
2250 3247
2250 3683
2251 3219
2251 3622
2251 3683
2252 3291
2252 3017
2252 3128
2253 3666
2253 3017
2253 3503
2254 3503
2254 3392
2254 3291
2255 3666
2255 3392
2255 3128
2256 3195
2256 3163
2256 3174
2257 3538
2257 3195
2257 3549
2258 3570
2258 3174
2258 3538
2259 3549
2259 3570
2259 3163
2260 3071
2260 3077
2260 3184
2261 3446
2261 3452
2261 3184
2262 3077
2262 3559
2262 3446
2263 3071
2263 3559
2263 3452
2264 3146
2264 3175
2264 3221
2265 3146
2265 3550
2265 3596
2266 3596
2266 3521
2266 3175
2267 3550
2267 3221
2267 3521
2268 3128
2268 3168
2268 3349
2269 3503
2269 3349
2269 3543
2270 3543
2270 3724
2270 3128
2271 3503
2271 3724
2271 3168
2272 3357
2272 3211
2272 3143
2273 3732
2273 3211
2273 3518
2274 3143
2274 3586
2274 3732
2275 3518
2275 3586
2275 3357
2276 3153
2276 3137
2276 3012
2277 3387
2277 3137
2277 3528
2278 3528
2278 3012
2278 3512
2279 3387
2279 3512
2279 3153
2280 3051
2280 3222
2280 3167
2281 3426
2281 3167
2281 3597
2282 3542
2282 3426
2282 3222
2283 3051
2283 3597
2283 3542
2284 3309
2284 3249
2284 3242
2285 3624
2285 3309
2285 3617
2286 3624
2286 3242
2286 3684
2287 3684
2287 3617
2287 3249
2288 3296
2288 3018
2288 3010
2289 3018
2289 3671
2289 3385
2290 3385
2290 3393
2290 3296
2291 3393
2291 3010
2291 3671
2292 3181
2292 3057
2292 3160
2293 3432
2293 3535
2293 3181
2294 3556
2294 3535
2294 3057
2295 3160
2295 3432
2295 3556
2296 3272
2296 3127
2296 3136
2297 3647
2297 3127
2297 3511
2298 3511
2298 3272
2298 3502
2299 3136
2299 3502
2299 3647
2300 3172
2300 3246
2300 3254
2301 3629
2301 3547
2301 3246
2302 3621
2302 3629
2302 3172
2303 3254
2303 3547
2303 3621
2304 3070
2304 3354
2304 3238
2305 3354
2305 3613
2305 3445
2306 3070
2306 3729
2306 3613
2307 3445
2307 3729
2307 3238
2308 3261
2308 3068
2308 3268
2309 3636
2309 3068
2309 3643
2310 3643
2310 3261
2310 3443
2311 3268
2311 3636
2311 3443
2312 3128
2312 3169
2312 3007
2313 3544
2313 3007
2313 3503
2314 3128
2314 3382
2314 3544
2315 3503
2315 3169
2315 3382
2316 3113
2316 3052
2316 3140
2317 3515
2317 3427
2317 3113
2318 3488
2318 3140
2318 3427
2319 3515
2319 3488
2319 3052
2320 3196
2320 3363
2320 3148
2321 3363
2321 3523
2321 3571
2322 3738
2322 3196
2322 3523
2323 3148
2323 3738
2323 3571
2324 3046
2324 3360
2324 3259
2325 3735
2325 3421
2325 3259
2326 3046
2326 3634
2326 3735
2327 3421
2327 3634
2327 3360
2328 3051
2328 3286
2328 3230
2329 3426
2329 3286
2329 3605
2330 3605
2330 3051
2330 3661
2331 3230
2331 3426
2331 3661
2332 3149
2332 3257
2332 3238
2333 3524
2333 3613
2333 3257
2334 3238
2334 3524
2334 3632
2335 3632
2335 3149
2335 3613
2336 3345
2336 3087
2336 3356
2337 3731
2337 3087
2337 3720
2338 3731
2338 3345
2338 3462
2339 3462
2339 3356
2339 3720
2340 3076
2340 3323
2340 3023
2341 3698
2341 3023
2341 3451
2342 3076
2342 3698
2342 3398
2343 3398
2343 3451
2343 3323
2344 3064
2344 3017
2344 3169
2345 3439
2345 3017
2345 3544
2346 3169
2346 3439
2346 3392
2347 3392
2347 3544
2347 3064
2348 3181
2348 3000
2348 3056
2349 3556
2349 3375
2349 3056
2350 3556
2350 3431
2350 3000
2351 3375
2351 3431
2351 3181
2352 3165
2352 3038
2352 3200
2353 3413
2353 3540
2353 3200
2354 3413
2354 3165
2354 3575
2355 3038
2355 3540
2355 3575
2356 3265
2356 3042
2356 3145
2357 3640
2357 3042
2357 3520
2358 3520
2358 3417
2358 3265
2359 3145
2359 3417
2359 3640
2360 3267
2360 3346
2360 3196
2361 3571
2361 3642
2361 3346
2362 3267
2362 3571
2362 3721
2363 3642
2363 3196
2363 3721
2364 3182
2364 3153
2364 3249
2365 3528
2365 3249
2365 3557
2366 3557
2366 3624
2366 3153
2367 3528
2367 3624
2367 3182
2368 3035
2368 3029
2368 3010
2369 3035
2369 3404
2369 3385
2370 3385
2370 3029
2370 3410
2371 3010
2371 3404
2371 3410
2372 3147
2372 3308
2372 3015
2373 3683
2373 3390
2373 3147
2374 3522
2374 3015
2374 3683
2375 3308
2375 3390
2375 3522
2376 3065
2376 3296
2376 3177
2377 3177
2377 3671
2377 3440
2378 3296
2378 3552
2378 3440
2379 3065
2379 3671
2379 3552
2380 3312
2380 3135
2380 3168
2381 3510
2381 3168
2381 3687
2382 3135
2382 3543
2382 3687
2383 3312
2383 3543
2383 3510
2384 3077
2384 3143
2384 3171
2385 3518
2385 3452
2385 3171
2386 3143
2386 3546
2386 3452
2387 3077
2387 3518
2387 3546
2388 3105
2388 3171
2388 3094
2389 3546
2389 3480
2389 3094
2390 3546
2390 3105
2390 3469
2391 3171
2391 3480
2391 3469
2392 3125
2392 3235
2392 3163
2393 3610
2393 3500
2393 3163
2394 3610
2394 3125
2394 3538
2395 3500
2395 3538
2395 3235
2396 3353
2396 3284
2396 3306
2397 3681
2397 3659
2397 3353
2398 3728
2398 3659
2398 3306
2399 3284
2399 3681
2399 3728
2400 3342
2400 3155
2400 3343
2401 3530
2401 3343
2401 3717
2402 3530
2402 3342
2402 3718
2403 3718
2403 3155
2403 3717
2404 3358
2404 3236
2404 3139
2405 3236
2405 3514
2405 3733
2406 3139
2406 3611
2406 3733
2407 3514
2407 3611
2407 3358
2408 3243
2408 3370
2408 3004
2409 3618
2409 3370
2409 3379
2410 3379
2410 3745
2410 3243
2411 3745
2411 3004
2411 3618
2412 3356
2412 3226
2412 3059
2413 3434
2413 3356
2413 3601
2414 3434
2414 3731
2414 3226
2415 3059
2415 3601
2415 3731
2416 3055
2416 3285
2416 3347
2417 3430
2417 3660
2417 3347
2418 3430
2418 3722
2418 3285
2419 3055
2419 3722
2419 3660
2420 3270
2420 3183
2420 3162
2421 3537
2421 3270
2421 3558
2422 3537
2422 3183
2422 3645
2423 3645
2423 3558
2423 3162
2424 3259
2424 3098
2424 3189
2425 3189
2425 3634
2425 3473
2426 3564
2426 3634
2426 3098
2427 3564
2427 3473
2427 3259
2428 3142
2428 3015
2428 3063
2429 3438
2429 3142
2429 3390
2430 3063
2430 3390
2430 3517
2431 3517
2431 3015
2431 3438
2432 3038
2432 3333
2432 3119
2433 3333
2433 3413
2433 3494
2434 3494
2434 3038
2434 3708
2435 3413
2435 3119
2435 3708
2436 3002
2436 3093
2436 3292
2437 3667
2437 3002
2437 3468
2438 3468
2438 3377
2438 3292
2439 3667
2439 3093
2439 3377
2440 3023
2440 3279
2440 3330
2441 3023
2441 3654
2441 3705
2442 3398
2442 3654
2442 3330
2443 3398
2443 3705
2443 3279
2444 3012
2444 3149
2444 3201
2445 3201
2445 3524
2445 3387
2446 3149
2446 3576
2446 3387
2447 3524
2447 3576
2447 3012
2448 3000
2448 3267
2448 3296
2449 3375
2449 3642
2449 3296
2450 3267
2450 3671
2450 3375
2451 3000
2451 3642
2451 3671
2452 3033
2452 3264
2452 3177
2453 3552
2453 3264
2453 3408
2454 3408
2454 3177
2454 3639
2455 3552
2455 3639
2455 3033
2456 3252
2456 3266
2456 3250
2457 3627
2457 3625
2457 3266
2458 3252
2458 3641
2458 3625
2459 3250
2459 3627
2459 3641
2460 3067
2460 3295
2460 3303
2461 3442
2461 3670
2461 3303
2462 3295
2462 3678
2462 3442
2463 3067
2463 3678
2463 3670
2464 3184
2464 3146
2464 3087
2465 3146
2465 3462
2465 3559
2466 3462
2466 3521
2466 3184
2467 3087
2467 3521
2467 3559
2468 3147
2468 3365
2468 3196
2469 3365
2469 3522
2469 3571
2470 3196
2470 3740
2470 3522
2471 3147
2471 3571
2471 3740
2472 3279
2472 3187
2472 3271
2473 3271
2473 3654
2473 3562
2474 3187
2474 3654
2474 3646
2475 3279
2475 3646
2475 3562
2476 3071
2476 3328
2476 3044
2477 3419
2477 3446
2477 3328
2478 3419
2478 3703
2478 3071
2479 3703
2479 3446
2479 3044
2480 3151
2480 3060
2480 3033
2481 3435
2481 3408
2481 3151
2482 3033
2482 3435
2482 3526
2483 3408
2483 3060
2483 3526
2484 3123
2484 3120
2484 3337
2485 3337
2485 3498
2485 3495
2486 3712
2486 3498
2486 3120
2487 3712
2487 3123
2487 3495
2488 3241
2488 3166
2488 3165
2489 3241
2489 3540
2489 3541
2490 3540
2490 3616
2490 3166
2491 3165
2491 3541
2491 3616
2492 3074
2492 3270
2492 3346
2493 3721
2493 3074
2493 3645
2494 3270
2494 3449
2494 3721
2495 3645
2495 3346
2495 3449
2496 3230
2496 3145
2496 3191
2497 3520
2497 3605
2497 3191
2498 3566
2498 3145
2498 3605
2499 3520
2499 3566
2499 3230
2500 3012
2500 3085
2500 3292
2501 3387
2501 3460
2501 3292
2502 3387
2502 3667
2502 3085
2503 3460
2503 3667
2503 3012
2504 3352
2504 3074
2504 3209
2505 3584
2505 3352
2505 3449
2506 3074
2506 3584
2506 3727
2507 3449
2507 3727
2507 3209
2508 3052
2508 3009
2508 3183
2509 3384
2509 3558
2509 3052
2510 3427
2510 3558
2510 3009
2511 3427
2511 3384
2511 3183
2512 3263
2512 3103
2512 3300
2513 3263
2513 3478
2513 3675
2514 3638
2514 3300
2514 3478
2515 3103
2515 3638
2515 3675
2516 3193
2516 3312
2516 3077
2517 3312
2517 3568
2517 3452
2518 3687
2518 3193
2518 3452
2519 3568
2519 3077
2519 3687
2520 3267
2520 3049
2520 3161
2521 3536
2521 3267
2521 3424
2522 3536
2522 3642
2522 3049
2523 3642
2523 3424
2523 3161
2524 3100
2524 3021
2524 3080
2525 3100
2525 3396
2525 3455
2526 3475
2526 3021
2526 3455
2527 3475
2527 3396
2527 3080
2528 3329
2528 3046
2528 3022
2529 3397
2529 3421
2529 3329
2530 3397
2530 3704
2530 3046
2531 3704
2531 3022
2531 3421
2532 3324
2532 3280
2532 3181
2533 3655
2533 3556
2533 3324
2534 3556
2534 3699
2534 3280
2535 3699
2535 3181
2535 3655
2536 3005
2536 3224
2536 3087
2537 3005
2537 3462
2537 3599
2538 3462
2538 3380
2538 3224
2539 3380
2539 3599
2539 3087
2540 3251
2540 3234
2540 3303
2541 3678
2541 3609
2541 3251
2542 3626
2542 3234
2542 3678
2543 3626
2543 3609
2543 3303
2544 3353
2544 3108
2544 3003
2545 3483
2545 3353
2545 3378
2546 3728
2546 3108
2546 3378
2547 3728
2547 3483
2547 3003
2548 3059
2548 3022
2548 3277
2549 3652
2549 3397
2549 3059
2550 3434
2550 3022
2550 3652
2551 3397
2551 3434
2551 3277
2552 3002
2552 3272
2552 3309
2553 3684
2553 3272
2553 3377
2554 3002
2554 3647
2554 3684
2555 3377
2555 3647
2555 3309
2556 3119
2556 3227
2556 3024
2557 3024
2557 3602
2557 3494
2558 3399
2558 3227
2558 3494
2559 3399
2559 3119
2559 3602
2560 3344
2560 3113
2560 3121
2561 3496
2561 3344
2561 3488
2562 3719
2562 3113
2562 3496
2563 3719
2563 3488
2563 3121
2564 3367
2564 3273
2564 3132
2565 3273
2565 3507
2565 3742
2566 3648
2566 3132
2566 3742
2567 3648
2567 3507
2567 3367
2568 3125
2568 3196
2568 3210
2569 3585
2569 3571
2569 3125
2570 3500
2570 3196
2570 3585
2571 3500
2571 3571
2571 3210
2572 3158
2572 3252
2572 3295
2573 3252
2573 3533
2573 3670
2574 3627
2574 3158
2574 3670
2575 3533
2575 3627
2575 3295
2576 3171
2576 3005
2576 3000
2577 3375
2577 3171
2577 3380
2578 3546
2578 3375
2578 3005
2579 3000
2579 3546
2579 3380
2580 3263
2580 3322
2580 3213
2581 3697
2581 3213
2581 3638
2582 3638
2582 3588
2582 3322
2583 3263
2583 3588
2583 3697
2584 3091
2584 3011
2584 3006
2585 3381
2585 3011
2585 3466
2586 3386
2586 3006
2586 3466
2587 3381
2587 3386
2587 3091
2588 3249
2588 3019
2588 3294
2589 3394
2589 3249
2589 3669
2590 3019
2590 3624
2590 3669
2591 3624
2591 3294
2591 3394
2592 3240
2592 3064
2592 3121
2593 3240
2593 3439
2593 3496
2594 3064
2594 3615
2594 3496
2595 3615
2595 3439
2595 3121
2596 3274
2596 3309
2596 3353
2597 3274
2597 3728
2597 3684
2598 3649
2598 3684
2598 3353
2599 3649
2599 3728
2599 3309
2600 3252
2600 3222
2600 3038
2601 3222
2601 3413
2601 3627
2602 3627
2602 3597
2602 3038
2603 3597
2603 3413
2603 3252
2604 3112
2604 3018
2604 3176
2605 3176
2605 3487
2605 3393
2606 3551
2606 3112
2606 3393
2607 3487
2607 3018
2607 3551
2608 3246
2608 3267
2608 3141
2609 3516
2609 3267
2609 3621
2610 3642
2610 3246
2610 3516
2611 3642
2611 3621
2611 3141
2612 3357
2612 3105
2612 3046
2613 3105
2613 3421
2613 3732
2614 3046
2614 3480
2614 3732
2615 3421
2615 3480
2615 3357
2616 3274
2616 3068
2616 3296
2617 3068
2617 3671
2617 3649
2618 3296
2618 3443
2618 3649
2619 3443
2619 3671
2619 3274
2620 3048
2620 3294
2620 3087
2621 3423
2621 3462
2621 3294
2622 3087
2622 3669
2622 3423
2623 3048
2623 3669
2623 3462
2624 3030
2624 3138
2624 3281
2625 3405
2625 3281
2625 3513
2626 3030
2626 3656
2626 3513
2627 3656
2627 3405
2627 3138
2628 3128
2628 3290
2628 3096
2629 3665
2629 3128
2629 3471
2630 3503
2630 3290
2630 3471
2631 3096
2631 3503
2631 3665
2632 3154
2632 3317
2632 3255
2633 3317
2633 3630
2633 3529
2634 3692
2634 3255
2634 3529
2635 3692
2635 3630
2635 3154
2636 3231
2636 3219
2636 3076
2637 3231
2637 3451
2637 3594
2638 3594
2638 3076
2638 3606
2639 3606
2639 3451
2639 3219
2640 3101
2640 3014
2640 3004
2641 3476
2641 3014
2641 3379
2642 3389
2642 3101
2642 3379
2643 3476
2643 3389
2643 3004
2644 3281
2644 3152
2644 3135
2645 3281
2645 3527
2645 3510
2646 3656
2646 3527
2646 3135
2647 3656
2647 3510
2647 3152
2648 3197
2648 3001
2648 3369
2649 3197
2649 3376
2649 3744
2650 3001
2650 3572
2650 3744
2651 3572
2651 3376
2651 3369
2652 3365
2652 3140
2652 3232
2653 3365
2653 3607
2653 3515
2654 3740
2654 3607
2654 3140
2655 3740
2655 3515
2655 3232
2656 3228
2656 3326
2656 3141
2657 3228
2657 3701
2657 3516
2658 3603
2658 3141
2658 3701
2659 3516
2659 3603
2659 3326
2660 3172
2660 3111
2660 3040
2661 3415
2661 3172
2661 3486
2662 3547
2662 3040
2662 3486
2663 3415
2663 3547
2663 3111
2664 3321
2664 3124
2664 3327
2665 3327
2665 3696
2665 3499
2666 3702
2666 3321
2666 3499
2667 3124
2667 3702
2667 3696
2668 3133
2668 3018
2668 3255
2669 3508
2669 3255
2669 3393
2670 3630
2670 3133
2670 3393
2671 3630
2671 3508
2671 3018
2672 3054
2672 3174
2672 3101
2673 3476
2673 3174
2673 3429
2674 3549
2674 3429
2674 3101
2675 3054
2675 3476
2675 3549
2676 3054
2676 3237
2676 3310
2677 3310
2677 3612
2677 3429
2678 3237
2678 3685
2678 3429
2679 3685
2679 3612
2679 3054
2680 3329
2680 3180
2680 3326
2681 3329
2681 3555
2681 3701
2682 3180
2682 3704
2682 3701
2683 3326
2683 3555
2683 3704
2684 3077
2684 3347
2684 3160
2685 3160
2685 3722
2685 3452
2686 3077
2686 3535
2686 3722
2687 3452
2687 3535
2687 3347
2688 3233
2688 3180
2688 3272
2689 3180
2689 3608
2689 3647
2690 3233
2690 3555
2690 3647
2691 3555
2691 3608
2691 3272
2692 3179
2692 3209
2692 3205
2693 3205
2693 3554
2693 3584
2694 3580
2694 3179
2694 3584
2695 3580
2695 3554
2695 3209
2696 3002
2696 3352
2696 3323
2697 3698
2697 3377
2697 3352
2698 3377
2698 3323
2698 3727
2699 3727
2699 3698
2699 3002
2700 3354
2700 3225
2700 3114
2701 3354
2701 3600
2701 3489
2702 3489
2702 3729
2702 3225
2703 3600
2703 3729
2703 3114
2704 3159
2704 3332
2704 3340
2705 3534
2705 3332
2705 3715
2706 3707
2706 3159
2706 3715
2707 3707
2707 3534
2707 3340
2708 3245
2708 3331
2708 3056
2709 3331
2709 3620
2709 3431
2710 3706
2710 3245
2710 3431
2711 3706
2711 3620
2711 3056
2712 3336
2712 3356
2712 3035
2713 3035
2713 3731
2713 3711
2714 3711
2714 3410
2714 3356
2715 3410
2715 3731
2715 3336
2716 3215
2716 3050
2716 3141
2717 3215
2717 3425
2717 3516
2718 3590
2718 3050
2718 3516
2719 3425
2719 3141
2719 3590
2720 3345
2720 3019
2720 3000
2721 3394
2721 3375
2721 3345
2722 3394
2722 3720
2722 3000
2723 3720
2723 3019
2723 3375
2724 3345
2724 3008
2724 3061
2725 3061
2725 3383
2725 3720
2726 3345
2726 3436
2726 3383
2727 3436
2727 3720
2727 3008
2728 3001
2728 3339
2728 3080
2729 3339
2729 3376
2729 3455
2730 3080
2730 3714
2730 3376
2731 3714
2731 3001
2731 3455
2732 3327
2732 3173
2732 3026
2733 3327
2733 3401
2733 3548
2734 3401
2734 3173
2734 3702
2735 3702
2735 3548
2735 3026
2736 3213
2736 3355
2736 3319
2737 3694
2737 3213
2737 3730
2738 3319
2738 3588
2738 3730
2739 3588
2739 3694
2739 3355
2740 3209
2740 3174
2740 3277
2741 3652
2741 3209
2741 3549
2742 3652
2742 3584
2742 3174
2743 3277
2743 3584
2743 3549
2744 3312
2744 3287
2744 3142
2745 3312
2745 3662
2745 3517
2746 3517
2746 3687
2746 3287
2747 3687
2747 3662
2747 3142
2748 3109
2748 3340
2748 3144
2749 3484
2749 3519
2749 3340
2750 3715
2750 3519
2750 3109
2751 3715
2751 3484
2751 3144
2752 3235
2752 3208
2752 3361
2753 3235
2753 3736
2753 3583
2754 3208
2754 3610
2754 3736
2755 3583
2755 3610
2755 3361
2756 3119
2756 3357
2756 3117
2757 3492
2757 3357
2757 3494
2758 3732
2758 3117
2758 3494
2759 3119
2759 3492
2759 3732
2760 3210
2760 3170
2760 3130
2761 3210
2761 3545
2761 3505
2762 3505
2762 3585
2762 3170
2763 3130
2763 3585
2763 3545
2764 3176
2764 3282
2764 3200
2765 3176
2765 3657
2765 3575
2766 3282
2766 3551
2766 3575
2767 3200
2767 3551
2767 3657
2768 3354
2768 3210
2768 3290
2769 3290
2769 3585
2769 3729
2770 3210
2770 3729
2770 3665
2771 3585
2771 3354
2771 3665
2772 3343
2772 3296
2772 3071
2773 3343
2773 3671
2773 3446
2774 3296
2774 3718
2774 3446
2775 3718
2775 3671
2775 3071
2776 3195
2776 3217
2776 3305
2777 3680
2777 3217
2777 3570
2778 3592
2778 3195
2778 3680
2779 3592
2779 3570
2779 3305
2780 3217
2780 3109
2780 3097
2781 3109
2781 3472
2781 3592
2782 3484
2782 3097
2782 3592
2783 3472
2783 3484
2783 3217
2784 3287
2784 3061
2784 3366
2785 3061
2785 3662
2785 3741
2786 3662
2786 3436
2786 3366
2787 3741
2787 3287
2787 3436
2788 3304
2788 3209
2788 3257
2789 3584
2789 3632
2789 3304
2790 3679
2790 3209
2790 3632
2791 3679
2791 3584
2791 3257
2792 3270
2792 3257
2792 3028
2793 3403
2793 3257
2793 3645
2794 3270
2794 3632
2794 3403
2795 3632
2795 3645
2795 3028
2796 3257
2796 3040
2796 3057
2797 3415
2797 3057
2797 3632
2798 3432
2798 3040
2798 3632
2799 3432
2799 3257
2799 3415
2800 3134
2800 3230
2800 3361
2801 3509
2801 3361
2801 3605
2802 3509
2802 3736
2802 3230
2803 3736
2803 3605
2803 3134
2804 3041
2804 3257
2804 3151
2805 3526
2805 3257
2805 3416
2806 3632
2806 3151
2806 3416
2807 3632
2807 3526
2807 3041
2808 3186
2808 3292
2808 3342
2809 3342
2809 3561
2809 3667
2810 3186
2810 3717
2810 3667
2811 3561
2811 3717
2811 3292
2812 3215
2812 3219
2812 3373
2813 3215
2813 3594
2813 3748
2814 3590
2814 3219
2814 3748
2815 3373
2815 3590
2815 3594
2816 3254
2816 3316
2816 3085
2817 3629
2817 3316
2817 3460
2818 3460
2818 3691
2818 3254
2819 3691
2819 3085
2819 3629
2820 3275
2820 3131
2820 3169
2821 3506
2821 3544
2821 3275
2822 3544
2822 3131
2822 3650
2823 3506
2823 3650
2823 3169
2824 3308
2824 3365
2824 3144
2825 3519
2825 3365
2825 3683
2826 3740
2826 3144
2826 3683
2827 3519
2827 3740
2827 3308
2828 3095
2828 3231
2828 3126
2829 3501
2829 3231
2829 3470
2830 3606
2830 3095
2830 3501
2831 3126
2831 3606
2831 3470
2832 3005
2832 3106
2832 3091
2833 3380
2833 3106
2833 3466
2834 3481
2834 3005
2834 3466
2835 3481
2835 3380
2835 3091
2836 3345
2836 3363
2836 3134
2837 3720
2837 3363
2837 3509
2838 3738
2838 3345
2838 3509
2839 3720
2839 3738
2839 3134
2840 3170
2840 3004
2840 3160
2841 3170
2841 3379
2841 3535
2842 3545
2842 3004
2842 3535
2843 3160
2843 3379
2843 3545
2844 3003
2844 3079
2844 3002
2845 3378
2845 3079
2845 3377
2846 3377
2846 3003
2846 3454
2847 3378
2847 3454
2847 3002
2848 3191
2848 3135
2848 3181
2849 3556
2849 3510
2849 3191
2850 3566
2850 3181
2850 3510
2851 3135
2851 3556
2851 3566
2852 3350
2852 3315
2852 3323
2853 3350
2853 3690
2853 3698
2854 3725
2854 3315
2854 3698
2855 3690
2855 3725
2855 3323
2856 3138
2856 3221
2856 3368
2857 3138
2857 3596
2857 3743
2858 3513
2858 3221
2858 3743
2859 3513
2859 3596
2859 3368
2860 3139
2860 3071
2860 3216
2861 3591
2861 3071
2861 3514
2862 3591
2862 3446
2862 3139
2863 3446
2863 3514
2863 3216
2864 3261
2864 3321
2864 3145
2865 3321
2865 3520
2865 3636
2866 3636
2866 3696
2866 3145
2867 3520
2867 3696
2867 3261
2868 3291
2868 3283
2868 3070
2869 3666
2869 3445
2869 3283
2870 3445
2870 3658
2870 3291
2871 3658
2871 3666
2871 3070
2872 3192
2872 3267
2872 3301
2873 3642
2873 3192
2873 3676
2874 3301
2874 3567
2874 3642
2875 3567
2875 3676
2875 3267
2876 3249
2876 3060
2876 3357
2877 3732
2877 3060
2877 3624
2878 3732
2878 3249
2878 3435
2879 3624
2879 3435
2879 3357
2880 3296
2880 3025
2880 3133
2881 3296
2881 3508
2881 3400
2882 3671
2882 3508
2882 3025
2883 3133
2883 3671
2883 3400
2884 3174
2884 3193
2884 3230
2885 3193
2885 3549
2885 3605
2886 3568
2886 3174
2886 3605
2887 3568
2887 3230
2887 3549
2888 3332
2888 3298
2888 3267
2889 3673
2889 3332
2889 3642
2890 3642
2890 3707
2890 3298
2891 3267
2891 3707
2891 3673
2892 3254
2892 3224
2892 3171
2893 3546
2893 3254
2893 3599
2894 3629
2894 3171
2894 3599
2895 3546
2895 3629
2895 3224
2896 3103
2896 3034
2896 3173
2897 3548
2897 3034
2897 3478
2898 3548
2898 3103
2898 3409
2899 3409
2899 3478
2899 3173
2900 3054
2900 3268
2900 3239
2901 3268
2901 3614
2901 3429
2902 3054
2902 3643
2902 3614
2903 3429
2903 3643
2903 3239
2904 3334
2904 3177
2904 3189
2905 3709
2905 3177
2905 3564
2906 3709
2906 3552
2906 3189
2907 3334
2907 3552
2907 3564
2908 3024
2908 3097
2908 3355
2909 3730
2909 3097
2909 3399
2910 3472
2910 3024
2910 3730
2911 3472
2911 3355
2911 3399
2912 3030
2912 3332
2912 3142
2913 3517
2913 3332
2913 3405
2914 3142
2914 3707
2914 3405
2915 3030
2915 3707
2915 3517
2916 3230
2916 3135
2916 3126
2917 3230
2917 3510
2917 3501
2918 3605
2918 3135
2918 3501
2919 3510
2919 3605
2919 3126
2920 3188
2920 3212
2920 3020
2921 3212
2921 3395
2921 3563
2922 3587
2922 3020
2922 3563
2923 3587
2923 3395
2923 3188
2924 3319
2924 3164
2924 3190
2925 3319
2925 3565
2925 3539
2926 3190
2926 3694
2926 3539
2927 3694
2927 3565
2927 3164
2928 3286
2928 3226
2928 3254
2929 3629
2929 3226
2929 3661
2930 3286
2930 3629
2930 3601
2931 3254
2931 3661
2931 3601
2932 3127
2932 3331
2932 3067
2933 3706
2933 3442
2933 3127
2934 3502
2934 3067
2934 3706
2935 3442
2935 3502
2935 3331
2936 3228
2936 3169
2936 3365
2937 3603
2937 3365
2937 3544
2938 3228
2938 3740
2938 3544
2939 3603
2939 3740
2939 3169
2940 3015
2940 3303
2940 3216
2941 3303
2941 3390
2941 3591
2942 3678
2942 3015
2942 3591
2943 3390
2943 3216
2943 3678
2944 3228
2944 3184
2944 3140
2945 3228
2945 3559
2945 3515
2946 3184
2946 3515
2946 3603
2947 3603
2947 3559
2947 3140
2948 3122
2948 3238
2948 3243
2949 3497
2949 3243
2949 3613
2950 3613
2950 3618
2950 3122
2951 3618
2951 3497
2951 3238
2952 3105
2952 3335
2952 3258
2953 3710
2953 3105
2953 3633
2954 3335
2954 3480
2954 3633
2955 3710
2955 3258
2955 3480
2956 3320
2956 3018
2956 3107
2957 3320
2957 3393
2957 3482
2958 3482
2958 3695
2958 3018
2959 3107
2959 3695
2959 3393
2960 3016
2960 3203
2960 3169
2961 3169
2961 3391
2961 3578
2962 3016
2962 3544
2962 3578
2963 3544
2963 3203
2963 3391
2964 3250
2964 3373
2964 3359
2965 3748
2965 3250
2965 3734
2966 3625
2966 3373
2966 3734
2967 3625
2967 3748
2967 3359
2968 3154
2968 3023
2968 3373
2969 3398
2969 3748
2969 3154
2970 3748
2970 3023
2970 3529
2971 3529
2971 3373
2971 3398
2972 3096
2972 3192
2972 3033
2973 3096
2973 3567
2973 3408
2974 3192
2974 3471
2974 3408
2975 3471
2975 3033
2975 3567
2976 3049
2976 3107
2976 3289
2977 3664
2977 3107
2977 3424
2978 3482
2978 3049
2978 3664
2979 3424
2979 3482
2979 3289
2980 3168
2980 3132
2980 3241
2981 3616
2981 3543
2981 3132
2982 3543
2982 3507
2982 3241
2983 3507
2983 3616
2983 3168
2984 3197
2984 3327
2984 3127
2985 3572
2985 3327
2985 3502
2986 3502
2986 3197
2986 3702
2987 3127
2987 3702
2987 3572
2988 3254
2988 3065
2988 3105
2989 3440
2989 3254
2989 3480
2990 3065
2990 3629
2990 3480
2991 3629
2991 3440
2991 3105
2992 3263
2992 3332
2992 3231
2993 3606
2993 3332
2993 3638
2994 3231
2994 3707
2994 3638
2995 3707
2995 3606
2995 3263
2996 3132
2996 3285
2996 3317
2997 3285
2997 3507
2997 3692
2998 3660
2998 3132
2998 3692
2999 3507
2999 3317
2999 3660
