2175 4350
0 2036
0 1909
0 2150
1 1875
1 1618
1 2019
2 1723
2 1547
2 1782
3 1740
3 1904
3 1845
4 1735
4 1652
4 1567
5 2079
5 1596
5 1871
6 1576
6 2067
6 1748
7 1730
7 1946
7 1858
8 1796
8 2148
8 1960
9 2009
9 1984
9 2155
10 2159
10 2126
10 1583
11 1908
11 1496
11 2121
12 1765
12 1703
12 1959
13 2091
13 1757
13 2154
14 2067
14 1845
14 1523
15 2058
15 1635
15 1952
16 1809
16 2055
16 1977
17 1520
17 1776
17 1541
18 1611
18 1843
18 2046
19 2165
19 1867
19 1657
20 2151
20 2165
20 1752
21 2010
21 1651
21 1857
22 1666
22 1774
22 2066
23 1675
23 1959
23 1849
24 1935
24 1719
24 1678
25 2131
25 2054
25 1534
26 1933
26 1499
26 1900
27 2174
27 1769
27 1959
28 2008
28 1824
28 1666
29 1535
29 2116
29 1664
30 1713
30 2104
30 1824
31 2113
31 1478
31 1468
32 1631
32 1696
32 2034
33 1895
33 1774
33 1642
34 1523
34 2018
34 1779
35 1684
35 1942
35 1881
36 1482
36 1619
36 2015
37 1478
37 1827
37 1927
38 1648
38 1816
38 1458
39 1491
39 1782
39 2095
40 1764
40 1790
40 1705
41 2047
41 1868
41 1511
42 1550
42 1461
42 1539
43 1833
43 2119
43 2000
44 2000
44 2041
44 2107
45 1710
45 2136
45 2133
46 1629
46 1687
46 1600
47 1816
47 2045
47 1680
48 2057
48 1922
48 2133
49 1456
49 1480
49 1987
50 1996
50 1954
50 1851
51 1702
51 1795
51 1636
52 1983
52 1900
52 1540
53 1982
53 2003
53 1860
54 1902
54 1891
54 1665
55 1507
55 1645
55 1667
56 1805
56 1708
56 1451
57 1966
57 1458
57 1552
58 1664
58 2123
58 1681
59 2160
59 1635
59 2133
60 1906
60 1721
60 2036
61 1915
61 1763
61 2076
62 1961
62 1890
62 1942
63 1629
63 1801
63 2116
64 1639
64 1523
64 1855
65 1810
65 1455
65 2080
66 1504
66 1677
66 1798
67 1855
67 1696
67 2036
68 1479
68 1834
68 2135
69 2026
69 1625
69 1570
70 1754
70 1931
70 1817
71 1526
71 2000
71 2014
72 1844
72 1678
72 1872
73 1456
73 2155
73 1654
74 1488
74 1736
74 2165
75 2158
75 1933
75 2114
76 1555
76 2015
76 1715
77 1749
77 1464
77 2174
78 1494
78 1955
78 1627
79 1670
79 1464
79 2064
80 1781
80 1719
80 1646
81 1971
81 2007
81 1701
82 2013
82 1838
82 2138
83 1534
83 1844
83 1691
84 1477
84 1623
84 1569
85 1751
85 1504
85 1909
86 1523
86 1555
86 1956
87 1826
87 1495
87 2003
88 1977
88 1796
88 1595
89 1667
89 1540
89 1479
90 1837
90 1933
90 1735
91 1588
91 1934
91 1516
92 1817
92 1786
92 1568
93 1916
93 1708
93 1990
94 1930
94 1798
94 1770
95 2125
95 1857
95 1475
96 1989
96 1891
96 1563
97 1725
97 1846
97 1619
98 1656
98 2059
98 1947
99 1452
99 1916
99 1944
100 1527
100 1532
100 2127
101 1593
101 1659
101 1880
102 2079
102 2146
102 1912
103 1942
103 1533
103 1959
104 1569
104 1662
104 2075
105 2063
105 2076
105 2146
106 1672
106 1849
106 1620
107 1789
107 1988
107 1851
108 1519
108 1710
108 1478
109 2156
109 1653
109 1881
110 1524
110 1577
110 1918
111 1671
111 1581
111 1783
112 2161
112 2087
112 1830
113 1923
113 1908
113 1931
114 1985
114 1684
114 1468
115 1534
115 2007
115 1548
116 1649
116 1652
116 1964
117 2158
117 1783
117 1999
118 1608
118 1647
118 1843
119 1999
119 1985
119 1990
120 1838
120 1690
120 2078
121 1572
121 1633
121 1941
122 1861
122 1695
122 1751
123 1696
123 2151
123 1915
124 2079
124 1830
124 1831
125 2157
125 1566
125 1673
126 2017
126 1815
126 1688
127 1640
127 1621
127 1675
128 1686
128 1479
128 1622
129 1671
129 1892
129 2071
130 1503
130 1799
130 1674
131 2151
131 1884
131 2136
132 1896
132 2021
132 1909
133 1975
133 1544
133 1951
134 1802
134 1595
134 1769
135 2021
135 1841
135 2117
136 1859
136 1757
136 1858
137 2020
137 1538
137 1816
138 1926
138 1575
138 1884
139 2155
139 1738
139 1947
140 1934
140 1661
140 2114
141 1904
141 1604
141 1822
142 1912
142 2044
142 2018
143 1523
143 1637
143 1490
144 2006
144 1521
144 1858
145 2126
145 2117
145 1557
146 2166
146 2058
146 1959
147 2078
147 2021
147 1479
148 1518
148 1876
148 2148
149 1936
149 1535
149 1512
150 2125
150 1733
150 1897
151 1490
151 1453
151 1511
152 2138
152 1822
152 1586
153 1771
153 1602
153 2109
154 1889
154 1735
154 2085
155 2115
155 1576
155 2045
156 2128
156 1821
156 1480
157 1930
157 1610
157 2154
158 1939
158 1464
158 1489
159 1677
159 1847
159 1741
160 2141
160 1918
160 2040
161 1546
161 1652
161 1551
162 1874
162 1690
162 1688
163 2064
163 1674
163 2149
164 1621
164 1813
164 1946
165 1749
165 1451
165 1848
166 1459
166 1911
166 1541
167 2161
167 2151
167 1662
168 1845
168 1766
168 1523
169 1654
169 2129
169 1634
170 1856
170 2157
170 1572
171 2151
171 1899
171 1553
172 1953
172 2147
172 1982
173 2129
173 2074
173 1876
174 2042
174 1880
174 1556
175 1772
175 1598
175 2133
176 2170
176 1713
176 1608
177 2155
177 1783
177 2030
178 1658
178 1596
178 1940
179 1898
179 1707
179 1556
180 1605
180 1541
180 1700
181 1695
181 1832
181 1763
182 2092
182 1761
182 1858
183 2174
183 1757
183 2030
184 1939
184 2134
184 1851
185 1918
185 1611
185 1707
186 1916
186 1949
186 1729
187 1840
187 2024
187 1842
188 1567
188 1757
188 2152
189 1753
189 1934
189 2029
190 1864
190 1874
190 2047
191 1727
191 1860
191 1808
192 1625
192 1693
192 1747
193 1486
193 1696
193 1473
194 2111
194 1548
194 1628
195 2174
195 1631
195 1796
196 1793
196 1548
196 1888
197 2144
197 1969
197 1500
198 1826
198 2126
198 1586
199 1510
199 2079
199 1733
200 2051
200 2009
200 1619
201 1518
201 1539
201 1521
202 1802
202 1799
202 1632
203 1665
203 2166
203 2070
204 2069
204 1606
204 2107
205 1828
205 1543
205 1968
206 1518
206 1694
206 2125
207 2043
207 1452
207 1996
208 1807
208 1697
208 1592
209 1701
209 1661
209 1707
210 1864
210 2083
210 2050
211 1492
211 1713
211 2058
212 1691
212 1832
212 1668
213 1949
213 2094
213 1724
214 1911
214 2050
214 1786
215 1656
215 1625
215 1610
216 1719
216 2161
216 2100
217 1654
217 1773
217 1639
218 1740
218 1827
218 1918
219 1883
219 1812
219 1899
220 1991
220 1967
220 2129
221 1879
221 1547
221 2057
222 1755
222 1735
222 1995
223 1535
223 2126
223 1627
224 2124
224 2003
224 1540
225 1669
225 1610
225 1731
226 1598
226 1474
226 1622
227 1959
227 1780
227 1620
228 1505
228 1507
228 2130
229 1873
229 1965
229 1843
230 1764
230 1645
230 1548
231 1617
231 1876
231 1954
232 1838
232 1975
232 1570
233 1754
233 2000
233 1604
234 1716
234 1690
234 1481
235 1927
235 1709
235 1968
236 1948
236 2025
236 1917
237 1454
237 1558
237 1639
238 1969
238 1893
238 1789
239 2070
239 1918
239 1669
240 1532
240 1660
240 2150
241 1816
241 1771
241 1736
242 1804
242 1685
242 1662
243 1802
243 1496
243 1626
244 2038
244 1728
244 1737
245 1972
245 1943
245 1939
246 2014
246 2096
246 1584
247 1996
247 1519
247 1987
248 1935
248 1517
248 2047
249 1883
249 1465
249 1697
250 2133
250 2111
250 1688
251 1854
251 1537
251 1590
252 2076
252 2086
252 1992
253 1823
253 2036
253 2072
254 1814
254 1694
254 1487
255 1631
255 1691
255 1453
256 1872
256 1563
256 1537
257 1669
257 1616
257 1898
258 1537
258 2169
258 1469
259 1741
259 1731
259 1743
260 2020
260 1927
260 2128
261 1508
261 2131
261 2065
262 1622
262 1963
262 2070
263 2079
263 1861
263 2159
264 1450
264 2118
264 1856
265 1986
265 1658
265 2049
266 2126
266 1901
266 1743
267 2016
267 1947
267 2139
268 2116
268 2134
268 1536
269 1601
269 1898
269 2145
270 1626
270 1855
270 1635
271 2136
271 1524
271 1850
272 2122
272 1694
272 1941
273 2067
273 2136
273 1620
274 1458
274 1977
274 2012
275 1619
275 1554
275 1950
276 2029
276 1607
276 1815
277 2016
277 1778
277 2034
278 1499
278 1831
278 1885
279 2150
279 1720
279 1529
280 1649
280 1934
280 1675
281 1491
281 1993
281 2023
282 1727
282 1866
282 1542
283 1755
283 1785
283 1878
284 1606
284 1732
284 1999
285 1867
285 1736
285 1857
286 1690
286 1585
286 1921
287 1861
287 1614
287 1929
288 1885
288 1725
288 1875
289 1816
289 1832
289 2002
290 1945
290 1807
290 1522
291 1647
291 1854
291 2168
292 1775
292 1742
292 1728
293 2047
293 1592
293 1564
294 1864
294 2103
294 1565
295 1887
295 1978
295 1670
296 2016
296 1532
296 2098
297 2095
297 1931
297 1904
298 2043
298 1750
298 1882
299 1545
299 1743
299 1732
300 1842
300 1928
300 1791
301 1798
301 1583
301 1890
302 2140
302 1876
302 1751
303 1901
303 1589
303 1546
304 2029
304 1553
304 1637
305 1982
305 1697
305 1696
306 1717
306 1736
306 1977
307 1487
307 1793
307 2029
308 2111
308 1558
308 1752
309 1923
309 2009
309 1727
310 1965
310 1674
310 1712
311 1957
311 1778
311 1616
312 1673
312 1771
312 1889
313 2080
313 1574
313 1974
314 1931
314 1731
314 1772
315 2003
315 1999
315 2010
316 2045
316 1543
316 1765
317 1738
317 1746
317 2080
318 1623
318 1876
318 2109
319 2052
319 1469
319 1598
320 1852
320 1726
320 1984
321 1517
321 1487
321 2154
322 1929
322 1781
322 1656
323 1741
323 1923
323 1592
324 1738
324 1564
324 1803
325 1687
325 1910
325 1606
326 1718
326 1484
326 1975
327 1655
327 1781
327 1965
328 1694
328 1912
328 1740
329 1905
329 1620
329 2007
330 2146
330 1941
330 2014
331 1748
331 2067
331 1503
332 1519
332 2127
332 1520
333 1830
333 2101
333 1839
334 2164
334 1969
334 1780
335 1950
335 1959
335 1803
336 1986
336 1922
336 1994
337 1581
337 2147
337 1758
338 1603
338 1888
338 2146
339 1675
339 1631
339 1479
340 1596
340 1741
340 2117
341 2135
341 1615
341 1533
342 1821
342 1810
342 1843
343 1885
343 1917
343 1521
344 1693
344 1629
344 2054
345 2126
345 1545
345 1840
346 1807
346 1824
346 1470
347 1852
347 1965
347 1659
348 2040
348 1758
348 1848
349 1624
349 2130
349 1941
350 1544
350 1616
350 2079
351 2057
351 1567
351 1965
352 1672
352 2089
352 1877
353 1994
353 1940
353 1814
354 1674
354 1832
354 1773
355 1961
355 1944
355 1886
356 2022
356 2085
356 2120
357 2049
357 1573
357 1772
358 1559
358 1895
358 2133
359 1827
359 1853
359 1706
360 1560
360 1867
360 1905
361 1548
361 1974
361 1763
362 1887
362 2140
362 1813
363 1860
363 2154
363 2126
364 1668
364 1490
364 1520
365 1551
365 1564
365 1784
366 1850
366 1661
366 2102
367 1572
367 1664
367 1451
368 1908
368 1679
368 1588
369 1879
369 1966
369 1564
370 1526
370 1837
370 1880
371 1772
371 1700
371 1731
372 1918
372 1999
372 1973
373 1753
373 1864
373 1886
374 1899
374 2075
374 2122
375 2098
375 1515
375 1675
376 1598
376 2033
376 1512
377 1900
377 1896
377 1551
378 1452
378 1561
378 2162
379 1665
379 1636
379 1969
380 2053
380 2095
380 1554
381 2151
381 1476
381 1982
382 1612
382 1924
382 2063
383 2028
383 1573
383 2167
384 1986
384 1643
384 1954
385 1811
385 1956
385 2058
386 1861
386 1584
386 1982
387 1878
387 1537
387 1948
388 1896
388 1484
388 1697
389 2032
389 1585
389 2149
390 1825
390 1959
390 2109
391 2003
391 1892
391 1636
392 1574
392 1860
392 1620
393 2027
393 1742
393 1561
394 1730
394 1711
394 1918
395 1458
395 1497
395 2040
396 1865
396 2121
396 1944
397 1721
397 1914
397 1599
398 2028
398 1656
398 1480
399 1489
399 1885
399 1604
400 1566
400 2095
400 1869
401 1783
401 2066
401 1713
402 1855
402 1454
402 1475
403 1931
403 1548
403 2087
404 2173
404 2096
404 1964
405 1740
405 2120
405 1983
406 1675
406 2048
406 1491
407 2079
407 1563
407 1856
408 1739
408 1671
408 1773
409 1939
409 1998
409 1621
410 2173
410 1680
410 2088
411 1778
411 1579
411 1780
412 1839
412 1540
412 1896
413 1463
413 1898
413 1834
414 2079
414 1726
414 1451
415 1467
415 1568
415 2086
416 1511
416 2096
416 1932
417 2003
417 1692
417 1786
418 1814
418 1924
418 1517
419 1481
419 1512
419 1548
420 1744
420 1544
420 1610
421 1963
421 1483
421 1692
422 2047
422 1927
422 1648
423 2135
423 2050
423 1563
424 2170
424 1699
424 1554
425 1566
425 1996
425 1476
426 1450
426 1992
426 2109
427 1822
427 1451
427 2123
428 1592
428 2086
428 1983
429 1660
429 1813
429 1560
430 1603
430 1960
430 1889
431 1998
431 1605
431 1927
432 1619
432 1699
432 1873
433 1596
433 1886
433 2078
434 2109
434 1955
434 2086
435 1855
435 1684
435 1490
436 1801
436 1561
436 1927
437 1975
437 1499
437 2047
438 1633
438 1745
438 1489
439 1636
439 1751
439 2085
440 2017
440 1555
440 2105
441 2039
441 1706
441 2140
442 1552
442 1659
442 2096
443 2061
443 2101
443 1538
444 1627
444 2056
444 1535
445 1614
445 1748
445 1861
446 2014
446 1499
446 1562
447 1607
447 1869
447 1644
448 1859
448 1614
448 1957
449 1758
449 1839
449 1952
450 1769
450 1540
450 2087
451 2012
451 1773
451 1918
452 1763
452 1811
452 1528
453 1859
453 2111
453 2104
454 1701
454 1786
454 2025
455 2003
455 1757
455 1680
456 1626
456 1652
456 1537
457 2077
457 1956
457 2030
458 1903
458 1867
458 1615
459 1887
459 1912
459 1746
460 1965
460 1775
460 1669
461 1817
461 1577
461 1643
462 1655
462 2082
462 1606
463 1566
463 1865
463 1663
464 1767
464 1619
464 1923
465 1800
465 1761
465 1886
466 1727
466 1856
466 1994
467 1962
467 1567
467 1459
468 2100
468 1762
468 2030
469 2111
469 1775
469 1664
470 1645
470 2114
470 1648
471 1613
471 2025
471 1949
472 1456
472 1631
472 1644
473 2129
473 2049
473 1937
474 1980
474 1667
474 1625
475 1556
475 1481
475 1827
476 1714
476 1509
476 1692
477 2068
477 1654
477 2149
478 1820
478 1476
478 1621
479 1679
479 1522
479 1981
480 1903
480 1749
480 1764
481 1776
481 1649
481 2110
482 1988
482 2161
482 2134
483 1737
483 1480
483 1453
484 2101
484 1936
484 2051
485 1568
485 1965
485 1932
486 1963
486 2075
486 2171
487 1639
487 1901
487 1915
488 1773
488 1758
488 2123
489 1670
489 2010
489 2098
490 1954
490 1846
490 1788
491 1885
491 1782
491 1972
492 1787
492 1734
492 1770
493 1961
493 1986
493 2058
494 1502
494 1939
494 1715
495 1981
495 1915
495 1944
496 1739
496 1669
496 1633
497 1711
497 1890
497 1617
498 1982
498 1896
498 1643
499 2026
499 2075
499 1475
500 2103
500 2052
500 1460
501 1767
501 1649
501 1646
502 1651
502 2013
502 2020
503 1684
503 1647
503 1580
504 1499
504 1896
504 1909
505 1957
505 1602
505 2032
506 1825
506 1551
506 1481
507 1762
507 1795
507 1982
508 1990
508 2047
508 2109
509 2061
509 1655
509 1987
510 1873
510 1877
510 1727
511 1778
511 1783
511 1901
512 2113
512 1902
512 1792
513 1844
513 1713
513 1996
514 1937
514 2173
514 2008
515 1666
515 1459
515 1542
516 2097
516 1626
516 1756
517 1462
517 1832
517 1601
518 2036
518 1994
518 1493
519 1960
519 1650
519 2158
520 1743
520 1636
520 1856
521 1580
521 1973
521 1699
522 2162
522 2085
522 1792
523 1811
523 1796
523 2078
524 1759
524 2094
524 1478
525 1780
525 1961
525 1709
526 1860
526 1526
526 1993
527 2121
527 1801
527 2146
528 2163
528 1669
528 1741
529 1857
529 1814
529 1922
530 1700
530 1822
530 2011
531 1953
531 1483
531 1715
532 1580
532 1792
532 1604
533 1881
533 1830
533 1789
534 1727
534 1921
534 1730
535 1974
535 1909
535 1641
536 2147
536 1862
536 2107
537 2134
537 1555
537 1634
538 2083
538 2111
538 2113
539 2103
539 1905
539 1982
540 1573
540 1832
540 2039
541 1675
541 1936
541 2013
542 1597
542 1819
542 2145
543 1871
543 2163
543 1841
544 1878
544 1860
544 2063
545 1474
545 1839
545 2010
546 1735
546 1895
546 1567
547 1685
547 1976
547 2009
548 1979
548 1696
548 2159
549 1811
549 1574
549 1563
550 2122
550 1861
550 1767
551 1998
551 1699
551 1855
552 1979
552 1955
552 1553
553 1942
553 1862
553 1607
554 1499
554 2069
554 1792
555 1500
555 2033
555 1623
556 1813
556 2016
556 1729
557 2156
557 1681
557 1453
558 1984
558 2118
558 2000
559 1781
559 1818
559 2120
560 2112
560 1898
560 1841
561 1452
561 1963
561 1510
562 1840
562 2066
562 1572
563 1486
563 1861
563 2135
564 1780
564 1692
564 1837
565 1623
565 2131
565 2082
566 1688
566 1898
566 1826
567 1994
567 1598
567 1802
568 1821
568 1575
568 1672
569 1466
569 1851
569 2167
570 1577
570 1766
570 1750
571 2160
571 1814
571 1731
572 1673
572 1857
572 1452
573 1942
573 1557
573 1632
574 1806
574 1891
574 1953
575 2070
575 1973
575 1958
576 2125
576 1821
576 1557
577 2076
577 1502
577 2111
578 1765
578 1538
578 2083
579 1914
579 1627
579 1947
580 1699
580 2010
580 1859
581 1803
581 1462
581 2142
582 2160
582 1719
582 2166
583 1755
583 1981
583 1699
584 2086
584 1971
584 1639
585 1783
585 1575
585 1533
586 1512
586 1514
586 2144
587 2068
587 1938
587 1766
588 1780
588 1617
588 1997
589 2030
589 2028
589 1919
590 1741
590 1935
590 1537
591 2025
591 1479
591 1693
592 1897
592 1500
592 1572
593 1934
593 1788
593 1896
594 2072
594 1549
594 1973
595 2002
595 1896
595 1762
596 1874
596 1775
596 1695
597 2161
597 1524
597 2072
598 2170
598 1947
598 1862
599 2057
599 1892
599 1561
600 1777
600 1757
600 1681
601 2152
601 1561
601 1988
602 2094
602 1466
602 1749
603 1894
603 1503
603 2090
604 1719
604 2098
604 1533
605 1575
605 1709
605 1504
606 1779
606 1478
606 1556
607 1517
607 1574
607 1615
608 1465
608 1895
608 1510
609 2161
609 2059
609 1737
610 1929
610 1596
610 1477
611 2157
611 1820
611 1709
612 1652
612 1870
612 1919
613 2110
613 1970
613 2009
614 1883
614 1824
614 2060
615 2113
615 1454
615 1674
616 1896
616 1813
616 1921
617 1639
617 1572
617 1618
618 2042
618 1712
618 1813
619 2133
619 1704
619 1543
620 2033
620 2100
620 1925
621 1843
621 2099
621 2152
622 1513
622 1999
622 1933
623 1757
623 1649
623 1495
624 1600
624 1902
624 1536
625 1468
625 1628
625 1906
626 1759
626 1644
626 2126
627 2028
627 1944
627 1737
628 2152
628 2112
628 1795
629 1865
629 1454
629 1562
630 1791
630 1581
630 1521
631 1466
631 1711
631 2170
632 2167
632 1833
632 1632
633 1835
633 2041
633 1845
634 2141
634 1765
634 1637
635 1846
635 1643
635 1808
636 1756
636 1786
636 1835
637 1955
637 1859
637 1803
638 2126
638 2100
638 2089
639 1990
639 1712
639 2139
640 1844
640 2075
640 2001
641 1728
641 1978
641 1912
642 1593
642 2123
642 2002
643 2090
643 1480
643 1774
644 1789
644 1515
644 2022
645 2139
645 1973
645 1648
646 1605
646 1936
646 1472
647 1668
647 2062
647 1911
648 2058
648 1556
648 1522
649 2063
649 1954
649 1548
650 1569
650 1998
650 1676
651 2141
651 1858
651 1761
652 1941
652 1970
652 2004
653 1795
653 2042
653 2088
654 1884
654 1712
654 1681
655 2069
655 1909
655 1846
656 1871
656 1558
656 1530
657 1919
657 1694
657 1548
658 1684
658 1538
658 1563
659 2050
659 1713
659 1631
660 1800
660 1788
660 1567
661 1543
661 2102
661 1586
662 1638
662 1775
662 1507
663 2167
663 2128
663 1708
664 2168
664 1893
664 1705
665 1903
665 1700
665 1948
666 1863
666 1814
666 1506
667 1929
667 1660
667 1636
668 1810
668 1755
668 1592
669 1634
669 2162
669 2021
670 2084
670 2029
670 1706
671 1548
671 1964
671 1478
672 1726
672 1620
672 1703
673 2161
673 2138
673 1641
674 1991
674 1452
674 1500
675 2110
675 1620
675 1503
676 1869
676 1772
676 1755
677 1939
677 1510
677 2035
678 1803
678 1466
678 1888
679 1943
679 1681
679 1793
680 1545
680 1979
680 1913
681 2108
681 1572
681 1535
682 1461
682 1909
682 2049
683 1594
683 2130
683 1678
684 1686
684 1560
684 1566
685 1917
685 1573
685 1465
686 2043
686 1828
686 2024
687 1704
687 1668
687 1801
688 2055
688 2154
688 2063
689 1953
689 1851
689 1517
690 1723
690 2136
690 2160
691 2057
691 1862
691 1637
692 1886
692 1862
692 1729
693 1910
693 1751
693 1797
694 2117
694 1545
694 2013
695 2076
695 1495
695 1709
696 2113
696 1958
696 1827
697 1735
697 1600
697 1830
698 1611
698 1542
698 1665
699 1860
699 2023
699 1652
700 1844
700 1939
700 1712
701 1685
701 1677
701 1573
702 1940
702 1863
702 2086
703 1858
703 1657
703 1728
704 1843
704 2129
704 1722
705 2002
705 1527
705 1937
706 2019
706 1657
706 1943
707 1891
707 1576
707 1730
708 2006
708 1743
708 1719
709 1878
709 1536
709 2024
710 1740
710 1539
710 2010
711 1683
711 2148
711 1756
712 1824
712 1699
712 1535
713 2062
713 1810
713 2022
714 2052
714 2119
714 1937
715 2046
715 1933
715 1555
716 2090
716 1639
716 1872
717 1542
717 1521
717 1885
718 1750
718 1738
718 1849
719 2086
719 1991
719 1891
720 1919
720 1573
720 1538
721 1874
721 1857
721 1494
722 2049
722 1915
722 1929
723 1554
723 1857
723 1606
724 2146
724 1784
724 2016
725 1825
725 1536
725 1782
726 2043
726 1510
726 1851
727 1836
727 1940
727 1879
728 1915
728 1688
728 1563
729 1740
729 2108
729 2076
730 2142
730 1698
730 1717
731 1670
731 1660
731 1536
732 1977
732 1824
732 1650
733 1628
733 1948
733 1800
734 2154
734 1913
734 1828
735 1877
735 1688
735 1614
736 1880
736 1515
736 1927
737 1771
737 1536
737 1526
738 1541
738 2123
738 1524
739 1723
739 2006
739 1534
740 1660
740 1526
740 1856
741 2144
741 2056
741 1564
742 1870
742 1884
742 1705
743 2102
743 2170
743 2100
744 1947
744 1715
744 1539
745 1905
745 1619
745 1916
746 2055
746 1574
746 2119
747 1965
747 1768
747 1735
748 2079
748 1778
748 1672
749 2060
749 2120
749 1688
750 1999
750 1883
750 2153
751 1844
751 1775
751 2125
752 2154
752 1711
752 1649
753 2017
753 1582
753 2164
754 1634
754 1556
754 2090
755 2125
755 1932
755 1852
756 2058
756 1820
756 1691
757 1711
757 2111
757 2088
758 1589
758 1773
758 2039
759 2085
759 1788
759 1508
760 1510
760 1771
760 2119
761 1883
761 1526
761 2051
762 1498
762 1484
762 1474
763 1985
763 1540
763 1515
764 2020
764 1790
764 1715
765 2006
765 1892
765 1882
766 2126
766 1514
766 1664
767 1589
767 1877
767 1462
768 1513
768 2018
768 1592
769 2020
769 1507
769 1682
770 2131
770 2044
770 1998
771 1647
771 1911
771 1514
772 1910
772 1488
772 2041
773 1969
773 1762
773 1497
774 1767
774 1560
774 1478
775 1620
775 1486
775 2162
776 2171
776 1977
776 1915
777 1952
777 2148
777 2030
778 2067
778 1781
778 1676
779 2034
779 2029
779 1609
780 2072
780 1744
780 1525
781 1963
781 1598
781 1618
782 1632
782 2134
782 1744
783 2138
783 1570
783 1476
784 2033
784 1618
784 1567
785 1904
785 1629
785 1775
786 2035
786 2042
786 1876
787 1930
787 1588
787 1920
788 2035
788 1963
788 1702
789 2060
789 1505
789 2063
790 2116
790 1827
790 2153
791 2062
791 1677
791 1893
792 1733
792 1565
792 1820
793 2164
793 1588
793 1473
794 1915
794 1635
794 1474
795 1566
795 1901
795 2172
796 2126
796 2080
796 1544
797 1619
797 1572
797 1697
798 2044
798 1552
798 1587
799 2008
799 1487
799 1776
800 1570
800 2042
800 1852
801 1679
801 1822
801 1798
802 2165
802 1947
802 1802
803 1945
803 1818
803 1453
804 1940
804 1662
804 1529
805 1901
805 1987
805 1836
806 2099
806 1999
806 1685
807 2164
807 1839
807 1895
808 2056
808 1929
808 1531
809 2120
809 1996
809 1582
810 1704
810 1511
810 2014
811 2124
811 1487
811 1581
812 2161
812 1967
812 1941
813 1994
813 1594
813 1820
814 2042
814 1463
814 2072
815 2099
815 2144
815 2080
816 2106
816 1833
816 1997
817 1502
817 1798
817 1951
818 1938
818 1914
818 1547
819 1830
819 1810
819 1486
820 2091
820 2017
820 1540
821 1579
821 1904
821 2098
822 2111
822 1977
822 2025
823 2070
823 1522
823 1969
824 1551
824 1815
824 1690
825 1946
825 2113
825 2071
826 2144
826 1730
826 1580
827 2173
827 2089
827 1452
828 1623
828 1888
828 1979
829 2132
829 1846
829 1670
830 1882
830 1514
830 2086
831 1935
831 2066
831 1870
832 1704
832 2137
832 1686
833 1728
833 1543
833 1545
834 1453
834 1814
834 1900
835 1621
835 2050
835 1914
836 1904
836 1837
836 2068
837 1841
837 1727
837 1631
838 1506
838 1798
838 1483
839 2050
839 2026
839 1751
840 2006
840 2156
840 1970
841 1935
841 2087
841 1473
842 2085
842 1608
842 1491
843 1799
843 1485
843 2163
844 1702
844 1698
844 1976
845 1902
845 1622
845 1515
846 2127
846 1801
846 2137
847 1710
847 1557
847 2113
848 1811
848 2109
848 1892
849 1915
849 1703
849 1807
850 2022
850 1749
850 1671
851 2098
851 1794
851 1702
852 1829
852 2146
852 2083
853 1545
853 2052
853 1634
854 1955
854 1843
854 1743
855 2041
855 1922
855 1608
856 2107
856 1908
856 1633
857 1902
857 1641
857 1908
858 1995
858 1578
858 1988
859 1644
859 1483
859 1864
860 1768
860 1981
860 1600
861 1832
861 1878
861 1777
862 1894
862 1464
862 1753
863 1540
863 1933
863 1681
864 2073
864 2152
864 1476
865 1835
865 1748
865 1664
866 1643
866 1592
866 2167
867 1855
867 1570
867 2046
868 1878
868 1460
868 1535
869 1728
869 1660
869 1916
870 1500
870 1519
870 1685
871 1839
871 1820
871 2090
872 1652
872 1874
872 2067
873 1967
873 1959
873 1986
874 1997
874 1496
874 2151
875 2126
875 1489
875 1742
876 1697
876 2161
876 1745
877 2167
877 2065
877 1502
878 1815
878 1734
878 2027
879 1537
879 1995
879 1596
880 2031
880 1498
880 2024
881 1734
881 1530
881 1643
882 1846
882 1452
882 1729
883 2030
883 1591
883 2120
884 2122
884 1800
884 2131
885 2083
885 1964
885 2007
886 1728
886 1539
886 1920
887 1541
887 2032
887 2095
888 1523
888 1869
888 2159
889 1510
889 1833
889 1650
890 1470
890 2123
890 2016
891 1555
891 2093
891 1840
892 1524
892 1865
892 1715
893 1493
893 1811
893 1911
894 2020
894 1791
894 1706
895 2055
895 1993
895 1632
896 2145
896 1658
896 1567
897 1842
897 2128
897 1869
898 1476
898 1991
898 1528
899 2078
899 1872
899 1485
900 1818
900 1694
900 1844
901 1987
901 1502
901 1887
902 1617
902 1504
902 1632
903 1937
903 1825
903 1952
904 1669
904 1489
904 1492
905 1472
905 2171
905 2080
906 2020
906 1784
906 2010
907 1641
907 1733
907 1765
908 1986
908 1533
908 2083
909 1668
909 1945
909 1884
910 1945
910 1601
910 1542
911 1772
911 1982
911 1683
912 2001
912 1909
912 1622
913 2020
913 2123
913 1663
914 2060
914 1613
914 1588
915 1816
915 1674
915 1575
916 1619
916 1604
916 1833
917 1462
917 1923
917 2146
918 2166
918 1840
918 1862
919 2083
919 1554
919 1712
920 1960
920 1511
920 2040
921 1516
921 1480
921 1743
922 2065
922 2141
922 1891
923 2155
923 1875
923 2168
924 2062
924 2076
924 1613
925 2028
925 2126
925 1524
926 1663
926 1565
926 1742
927 1989
927 1752
927 1701
928 1877
928 1462
928 1514
929 1681
929 2157
929 2067
930 1897
930 1531
930 2083
931 1701
931 1862
931 1504
932 2075
932 1944
932 1841
933 1741
933 2123
933 1601
934 1988
934 1677
934 1561
935 1450
935 2125
935 1892
936 1681
936 1978
936 2146
937 2174
937 2163
937 1560
938 1721
938 1594
938 1765
939 1624
939 1579
939 1625
940 1798
940 1568
940 2148
941 1964
941 1769
941 1781
942 1692
942 2149
942 1843
943 2140
943 1994
943 1968
944 1871
944 2169
944 1501
945 1924
945 2076
945 2018
946 2090
946 1672
946 1579
947 1708
947 1515
947 1873
948 1659
948 1509
948 1589
949 1518
949 1746
949 1698
950 1947
950 1776
950 1478
951 2070
951 2128
951 1913
952 2018
952 1887
952 1860
953 1476
953 1674
953 1566
954 1540
954 2098
954 1498
955 1468
955 1819
955 1694
956 2017
956 1644
956 1803
957 1592
957 1655
957 2013
958 1678
958 1606
958 1894
959 1866
959 2156
959 1689
960 1695
960 1451
960 1906
961 1592
961 1479
961 1998
962 2166
962 2084
962 1830
963 1703
963 1576
963 2089
964 1741
964 1725
964 1693
965 1851
965 1931
965 1774
966 1740
966 1564
966 2071
967 1496
967 1552
967 1606
968 1881
968 1526
968 1726
969 1484
969 1629
969 1812
970 2102
970 1820
970 1681
971 1576
971 1645
971 1533
972 2026
972 2160
972 1638
973 1925
973 1924
973 1553
974 1731
974 2040
974 2035
975 2022
975 1877
975 1725
976 2138
976 2066
976 1978
977 1917
977 1550
977 1968
978 1906
978 1628
978 1693
979 2099
979 1727
979 1947
980 1560
980 1539
980 1615
981 1463
981 2169
981 2141
982 1525
982 1686
982 2070
983 1623
983 1633
983 1943
984 2090
984 1802
984 1795
985 2067
985 1873
985 1887
986 1834
986 1983
986 2000
987 1768
987 1619
987 1562
988 1983
988 1793
988 2173
989 1813
989 1499
989 1982
990 2064
990 1538
990 2147
991 1892
991 1866
991 1881
992 1930
992 1620
992 1639
993 1779
993 1605
993 1859
994 2141
994 2093
994 1708
995 1660
995 1568
995 1740
996 1759
996 1720
996 1578
997 1959
997 1736
997 1795
998 1979
998 1840
998 1795
999 1655
999 1612
999 1715
1000 2112
1000 2050
1000 2165
1001 2000
1001 1683
1001 1802
1002 1804
1002 1488
1002 1643
1003 1583
1003 1503
1003 1470
1004 1783
1004 1587
1004 1614
1005 2111
1005 1615
1005 1877
1006 1835
1006 1834
1006 1705
1007 2009
1007 1665
1007 1600
1008 1795
1008 1768
1008 1579
1009 1853
1009 1518
1009 1984
1010 1648
1010 1561
1010 1736
1011 2070
1011 2010
1011 1604
1012 1547
1012 1849
1012 1527
1013 1804
1013 1503
1013 1800
1014 2042
1014 1852
1014 2172
1015 1461
1015 1959
1015 2002
1016 1579
1016 1580
1016 2018
1017 1838
1017 1801
1017 1577
1018 1719
1018 1640
1018 1843
1019 1846
1019 1684
1019 2154
1020 1622
1020 1834
1020 1856
1021 1617
1021 1896
1021 1870
1022 1514
1022 1885
1022 1907
1023 1973
1023 1507
1023 2099
1024 1848
1024 1931
1024 1497
1025 2035
1025 1664
1025 1710
1026 1532
1026 1477
1026 1599
1027 1725
1027 1508
1027 1488
1028 1808
1028 1486
1028 1626
1029 1734
1029 2137
1029 1676
1030 1780
1030 1685
1030 1963
1031 2123
1031 1604
1031 1538
1032 2108
1032 2058
1032 1576
1033 1665
1033 1789
1033 1768
1034 1866
1034 1578
1034 1767
1035 1654
1035 1989
1035 2061
1036 2061
1036 1773
1036 2079
1037 1950
1037 1764
1037 1635
1038 2144
1038 2037
1038 1990
1039 1600
1039 1471
1039 1537
1040 1750
1040 1686
1040 1862
1041 1629
1041 2160
1041 1469
1042 1765
1042 2161
1042 1684
1043 1785
1043 1589
1043 1913
1044 1977
1044 1645
1044 2142
1045 1876
1045 1870
1045 1819
1046 1774
1046 1621
1046 1604
1047 1702
1047 2106
1047 2005
1048 1578
1048 1915
1048 2148
1049 1678
1049 1893
1049 1999
1050 2009
1050 2109
1050 1551
1051 1997
1051 2000
1051 1928
1052 2099
1052 2172
1052 1995
1053 1821
1053 1825
1053 1474
1054 1592
1054 1801
1054 1498
1055 2008
1055 1842
1055 1453
1056 2146
1056 1618
1056 1453
1057 1902
1057 1898
1057 1920
1058 2055
1058 2017
1058 1856
1059 1930
1059 1852
1059 1875
1060 2073
1060 1832
1060 1744
1061 1962
1061 1459
1061 2104
1062 1954
1062 1533
1062 1807
1063 1831
1063 2014
1063 1861
1064 1604
1064 2003
1064 1626
1065 1833
1065 1486
1065 1481
1066 2112
1066 1510
1066 2117
1067 1968
1067 1964
1067 1727
1068 1681
1068 2075
1068 1532
1069 1699
1069 1624
1069 2106
1070 1952
1070 1899
1070 2174
1071 1810
1071 1544
1071 1990
1072 1545
1072 1481
1072 1872
1073 2007
1073 2096
1073 1981
1074 2111
1074 2023
1074 1989
1075 1635
1075 1487
1075 1551
1076 1967
1076 1650
1076 1612
1077 1926
1077 2112
1077 1512
1078 1853
1078 1584
1078 2031
1079 1630
1079 1534
1079 1481
1080 1942
1080 1958
1080 1619
1081 1630
1081 2148
1081 1968
1082 1503
1082 1830
1082 1874
1083 2107
1083 1515
1083 1933
1084 1835
1084 1687
1084 1828
1085 1670
1085 1521
1085 1478
1086 1617
1086 1469
1086 1614
1087 1553
1087 1528
1087 1645
1088 1665
1088 1459
1088 1733
1089 2170
1089 1451
1089 1925
1090 2173
1090 1600
1090 2152
1091 2174
1091 1774
1091 2166
1092 1626
1092 1577
1092 2036
1093 1965
1093 1820
1093 1601
1094 1595
1094 1516
1094 1795
1095 1956
1095 1596
1095 2136
1096 1812
1096 2164
1096 1772
1097 1977
1097 1873
1097 1871
1098 1876
1098 1780
1098 1621
1099 1729
1099 1991
1099 1450
1100 2115
1100 1458
1100 1842
1101 2006
1101 1955
1101 1873
1102 1539
1102 1497
1102 1851
1103 1698
1103 1640
1103 1616
1104 1910
1104 1812
1104 1500
1105 2172
1105 1964
1105 1797
1106 1965
1106 1797
1106 1981
1107 2064
1107 1931
1107 1739
1108 1997
1108 2118
1108 2133
1109 2052
1109 1877
1109 2105
1110 1814
1110 1496
1110 1907
1111 1685
1111 1584
1111 1706
1112 2143
1112 1859
1112 2161
1113 2172
1113 1954
1113 1703
1114 1776
1114 1538
1114 1897
1115 1797
1115 1450
1115 1999
1116 1465
1116 1551
1116 1966
1117 1552
1117 1939
1117 1517
1118 2170
1118 1870
1118 1822
1119 1834
1119 1459
1119 1558
1120 1458
1120 1902
1120 1770
1121 2166
1121 2094
1121 2029
1122 1541
1122 1871
1122 1724
1123 2100
1123 2057
1123 2127
1124 1603
1124 1950
1124 1817
1125 1723
1125 1928
1125 1930
1126 1661
1126 1462
1126 1929
1127 1970
1127 1713
1127 1530
1128 1569
1128 1769
1128 2042
1129 1731
1129 1792
1129 1688
1130 1863
1130 1594
1130 1719
1131 1721
1131 1711
1131 1763
1132 2018
1132 1651
1132 2014
1133 1813
1133 2035
1133 1666
1134 1938
1134 1750
1134 1644
1135 1716
1135 1510
1135 1517
1136 2032
1136 1722
1136 1513
1137 1530
1137 1625
1137 1615
1138 2031
1138 1563
1138 1947
1139 1882
1139 1773
1139 1474
1140 1455
1140 1622
1140 1794
1141 1969
1141 1719
1141 1667
1142 2095
1142 1983
1142 1626
1143 1678
1143 2036
1143 2172
1144 2066
1144 1771
1144 1808
1145 2050
1145 1644
1145 1786
1146 2085
1146 2047
1146 1699
1147 1912
1147 1775
1147 1830
1148 1974
1148 1906
1148 1712
1149 1833
1149 1459
1149 1821
1150 1987
1150 1829
1150 2037
1151 1567
1151 1523
1151 2115
1152 1751
1152 1548
1152 2005
1153 1715
1153 1754
1153 1763
1154 1794
1154 1725
1154 1626
1155 1887
1155 1572
1155 1484
1156 1984
1156 1739
1156 1475
1157 2023
1157 1683
1157 2071
1158 2032
1158 1888
1158 1702
1159 1773
1159 1954
1159 1505
1160 1800
1160 1846
1160 1494
1161 1724
1161 1532
1161 1708
1162 2079
1162 1995
1162 1646
1163 2047
1163 1570
1163 1743
1164 2111
1164 1625
1164 2024
1165 1474
1165 1876
1165 2043
1166 2028
1166 1718
1166 1479
1167 1599
1167 1572
1167 1529
1168 1896
1168 2125
1168 1858
1169 1781
1169 1952
1169 1964
1170 2020
1170 2093
1170 1736
1171 1728
1171 1517
1171 2033
1172 1960
1172 1551
1172 1582
1173 2090
1173 1467
1173 1823
1174 1897
1174 1841
1174 1569
1175 2118
1175 2173
1175 2073
1176 1879
1176 1983
1176 1762
1177 1597
1177 1953
1177 1542
1178 1741
1178 1684
1178 1640
1179 2075
1179 1802
1179 1450
1180 1642
1180 1861
1180 2125
1181 1945
1181 1660
1181 1478
1182 1982
1182 2035
1182 1513
1183 2122
1183 1653
1183 1618
1184 1677
1184 2135
1184 2139
1185 2071
1185 1874
1185 1470
1186 1617
1186 2088
1186 1575
1187 2062
1187 1861
1187 1837
1188 1916
1188 2162
1188 1552
1189 1615
1189 1924
1189 2018
1190 2000
1190 1863
1190 2148
1191 1549
1191 1660
1191 1722
1192 1848
1192 1737
1192 1991
1193 1715
1193 1665
1193 1873
1194 2164
1194 2065
1194 1735
1195 1813
1195 1867
1195 1465
1196 1479
1196 1682
1196 2088
1197 1869
1197 2149
1197 1992
1198 1955
1198 1675
1198 2026
1199 2095
1199 1947
1199 1743
1200 1656
1200 2045
1200 1556
1201 1582
1201 1477
1201 1598
1202 1833
1202 1684
1202 1870
1203 2002
1203 1478
1203 2003
1204 1973
1204 1505
1204 1538
1205 2076
1205 1936
1205 1583
1206 1546
1206 1733
1206 1710
1207 1618
1207 1925
1207 1772
1208 1693
1208 1598
1208 1503
1209 1765
1209 1622
1209 1809
1210 1870
1210 1830
1210 1807
1211 2171
1211 1661
1211 1562
1212 1978
1212 1865
1212 2112
1213 2113
1213 1586
1213 2115
1214 1518
1214 2049
1214 1740
1215 1946
1215 1876
1215 1905
1216 2001
1216 1769
1216 2043
1217 1772
1217 2173
1217 1707
1218 2131
1218 1916
1218 1964
1219 1450
1219 1457
1219 1964
1220 2143
1220 1472
1220 1544
1221 2020
1221 1733
1221 1668
1222 1757
1222 2025
1222 1783
1223 2116
1223 2109
1223 1455
1224 2062
1224 2066
1224 1997
1225 1886
1225 2132
1225 2106
1226 1850
1226 1642
1226 1721
1227 1856
1227 1648
1227 1849
1228 1828
1228 1903
1228 1647
1229 1486
1229 1550
1229 1581
1230 2105
1230 1926
1230 1897
1231 1776
1231 1682
1231 1496
1232 1869
1232 1562
1232 2071
1233 2169
1233 2040
1233 2009
1234 1577
1234 1946
1234 1843
1235 2014
1235 1664
1235 1778
1236 1561
1236 1567
1236 1830
1237 1853
1237 1835
1237 1686
1238 1494
1238 2007
1238 2028
1239 2149
1239 1932
1239 1858
1240 1505
1240 1536
1240 2161
1241 2074
1241 1978
1241 2025
1242 1838
1242 1569
1242 1670
1243 1980
1243 1688
1243 2141
1244 2123
1244 1978
1244 1891
1245 1459
1245 1882
1245 1516
1246 1829
1246 2166
1246 2121
1247 1641
1247 1829
1247 2014
1248 1652
1248 1686
1248 1760
1249 1568
1249 1876
1249 1487
1250 1595
1250 1894
1250 2076
1251 1947
1251 2087
1251 2167
1252 1877
1252 1789
1252 1459
1253 1674
1253 1700
1253 2165
1254 1986
1254 1926
1254 1980
1255 1559
1255 2087
1255 1591
1256 1613
1256 1772
1256 2010
1257 1949
1257 1741
1257 1852
1258 1532
1258 1496
1258 1690
1259 1636
1259 1843
1259 1756
1260 1733
1260 1581
1260 1787
1261 1598
1261 1509
1261 1555
1262 1604
1262 1689
1262 1786
1263 2097
1263 1788
1263 2151
1264 1732
1264 1971
1264 1979
1265 2031
1265 1685
1265 1808
1266 1468
1266 1605
1266 1810
1267 1544
1267 1557
1267 1588
1268 1458
1268 1502
1268 1895
1269 1688
1269 1797
1269 1669
1270 2084
1270 1801
1270 1641
1271 1612
1271 1784
1271 1751
1272 1512
1272 2120
1272 2007
1273 1509
1273 1454
1273 1814
1274 1532
1274 1577
1274 1639
1275 2103
1275 1824
1275 2174
1276 1875
1276 1868
1276 1651
1277 1605
1277 1573
1277 2157
1278 1835
1278 1742
1278 2168
1279 1673
1279 1472
1279 2081
1280 1484
1280 1493
1280 1802
1281 1828
1281 1717
1281 2024
1282 1737
1282 1543
1282 1963
1283 1605
1283 1841
1283 2115
1284 2009
1284 1570
1284 2107
1285 1727
1285 1593
1285 1779
1286 1461
1286 1804
1286 1888
1287 1486
1287 1952
1287 2095
1288 1555
1288 1571
1288 2055
1289 1696
1289 1874
1289 1977
1290 2093
1290 1535
1290 1776
1291 1784
1291 2094
1291 1857
1292 2110
1292 1701
1292 1710
1293 1671
1293 1670
1293 2102
1294 1540
1294 1956
1294 2113
1295 1671
1295 1815
1295 2164
1296 1991
1296 2017
1296 2172
1297 1603
1297 1706
1297 1864
1298 1652
1298 2060
1298 2141
1299 1735
1299 1801
1299 2126
1300 1588
1300 1841
1300 2155
1301 1865
1301 1975
1301 2047
1302 2157
1302 1964
1302 1531
1303 1752
1303 1650
1303 1499
1304 1735
1304 1576
1304 1856
1305 1711
1305 1616
1305 2129
1306 1635
1306 1654
1306 2065
1307 1935
1307 1735
1307 2014
1308 1788
1308 1461
1308 2029
1309 1733
1309 1823
1309 1911
1310 1611
1310 1789
1310 1620
1311 1813
1311 1541
1311 1643
1312 2020
1312 1496
1312 1795
1313 1862
1313 1863
1313 1895
1314 2063
1314 1630
1314 1586
1315 1694
1315 1704
1315 1817
1316 2154
1316 1594
1316 1819
1317 2112
1317 1844
1317 2121
1318 2159
1318 1740
1318 2173
1319 1663
1319 1689
1319 1737
1320 1456
1320 2017
1320 2115
1321 1764
1321 1732
1321 1990
1322 1655
1322 1914
1322 2086
1323 1884
1323 2048
1323 2108
1324 1773
1324 2113
1324 2174
1325 1830
1325 1491
1325 2114
1326 2130
1326 1765
1326 1620
1327 2015
1327 1644
1327 1862
1328 2107
1328 1715
1328 1896
1329 1570
1329 2040
1329 1478
1330 1640
1330 1741
1330 2044
1331 1987
1331 1632
1331 1877
1332 1593
1332 2042
1332 1627
1333 1824
1333 2018
1333 2102
1334 1791
1334 2150
1334 2119
1335 1876
1335 1519
1335 1548
1336 1634
1336 2094
1336 1519
1337 1644
1337 1670
1337 1551
1338 2103
1338 2056
1338 1603
1339 1590
1339 1999
1339 1738
1340 1456
1340 1765
1340 1951
1341 1471
1341 1875
1341 1716
1342 1574
1342 1456
1342 1878
1343 1564
1343 1752
1343 1459
1344 2143
1344 1501
1344 1817
1345 1492
1345 1814
1345 1995
1346 1623
1346 1762
1346 2003
1347 1596
1347 1674
1347 1802
1348 1742
1348 1842
1348 1909
1349 1618
1349 1702
1349 1835
1350 1823
1350 1594
1350 1685
1351 2012
1351 1668
1351 2023
1352 1723
1352 1678
1352 2032
1353 1820
1353 1675
1353 1936
1354 1626
1354 1840
1354 1866
1355 2117
1355 2147
1355 1713
1356 1690
1356 1949
1356 2076
1357 2043
1357 1758
1357 2121
1358 1645
1358 1669
1358 2051
1359 2044
1359 2078
1359 1842
1360 1457
1360 2034
1360 2006
1361 1942
1361 2029
1361 2036
1362 1941
1362 1526
1362 2115
1363 2060
1363 2052
1363 1914
1364 1547
1364 1522
1364 2112
1365 1820
1365 1750
1365 1713
1366 1917
1366 1633
1366 1533
1367 1777
1367 1684
1367 1864
1368 1921
1368 1744
1368 1856
1369 2045
1369 1840
1369 1804
1370 1950
1370 1500
1370 1774
1371 2121
1371 1743
1371 2152
1372 1532
1372 1711
1372 2161
1373 1619
1373 1806
1373 1852
1374 1808
1374 2087
1374 2172
1375 2021
1375 1452
1375 1775
1376 1891
1376 2048
1376 2138
1377 1880
1377 1887
1377 2056
1378 1671
1378 1911
1378 1889
1379 1499
1379 1591
1379 1754
1380 2133
1380 1824
1380 2155
1381 1882
1381 1762
1381 2081
1382 1619
1382 2067
1382 1728
1383 1830
1383 1901
1383 2096
1384 1781
1384 1473
1384 2033
1385 1684
1385 2133
1385 1905
1386 1735
1386 2141
1386 2153
1387 1807
1387 1974
1387 2093
1388 1536
1388 1736
1388 1912
1389 1547
1389 1556
1389 1564
1390 1572
1390 1775
1390 1617
1391 2094
1391 1677
1391 1913
1392 2051
1392 1920
1392 1992
1393 1694
1393 1948
1393 2133
1394 2046
1394 1521
1394 2001
1395 1844
1395 2014
1395 2108
1396 1759
1396 1915
1396 2096
1397 1995
1397 1829
1397 1958
1398 1471
1398 1931
1398 2117
1399 1864
1399 1793
1399 1994
1400 1699
1400 1550
1400 1889
1401 1681
1401 1934
1401 1851
1402 1558
1402 2096
1402 1533
1403 1489
1403 1457
1403 2028
1404 2016
1404 1634
1404 2100
1405 2048
1405 1667
1405 1887
1406 1596
1406 1457
1406 1930
1407 1590
1407 1458
1407 1565
1408 1657
1408 2118
1408 2146
1409 1517
1409 2136
1409 1583
1410 1779
1410 2092
1410 2088
1411 1799
1411 1541
1411 2157
1412 1580
1412 1622
1412 2147
1413 1523
1413 1997
1413 2136
1414 1577
1414 1779
1414 2125
1415 1459
1415 2129
1415 2169
1416 1607
1416 1482
1416 1890
1417 1618
1417 1909
1417 2076
1418 2058
1418 1597
1418 1608
1419 1982
1419 1593
1419 1595
1420 1968
1420 1744
1420 1698
1421 1915
1421 2116
1421 1625
1422 1600
1422 1753
1422 1775
1423 1979
1423 1542
1423 1864
1424 1518
1424 1803
1424 1870
1425 1784
1425 1646
1425 1800
1426 2115
1426 1508
1426 1688
1427 2080
1427 1521
1427 2036
1428 1590
1428 2107
1428 1980
1429 2079
1429 1733
1429 1548
1430 2010
1430 1800
1430 1558
1431 2031
1431 1668
1431 2116
1432 2010
1432 1487
1432 2136
1433 1797
1433 1683
1433 1866
1434 1852
1434 1512
1434 1639
1435 1913
1435 2032
1435 2156
1436 1744
1436 1776
1436 2081
1437 1573
1437 1531
1437 2052
1438 1678
1438 1551
1438 1893
1439 2148
1439 1586
1439 1878
1440 1855
1440 1558
1440 1698
1441 1928
1441 1518
1441 1531
1442 1506
1442 1839
1442 2063
1443 1839
1443 2070
1443 2094
1444 2162
1444 1490
1444 1774
1445 1563
1445 1964
1445 1807
1446 2072
1446 1531
1446 1933
1447 1521
1447 1684
1447 1792
1448 2014
1448 1981
1448 2138
1449 1459
1449 1803
1449 2130
