1725 3450
0 1208
0 1215
0 1322
1 1650
1 1302
1 1591
2 1267
2 1168
2 1517
3 1524
3 1272
3 1394
4 1356
4 1270
4 1252
5 1650
5 1434
5 1194
6 1291
6 1283
6 1437
7 1531
7 1267
7 1707
8 1627
8 1461
8 1552
9 1662
9 1309
9 1462
10 1405
10 1402
10 1672
11 1505
11 1687
11 1511
12 1230
12 1368
12 1709
13 1411
13 1588
13 1670
14 1554
14 1560
14 1175
15 1434
15 1269
15 1654
16 1481
16 1695
16 1182
17 1467
17 1168
17 1286
18 1463
18 1405
18 1572
19 1642
19 1611
19 1427
20 1638
20 1452
20 1239
21 1508
21 1249
21 1604
22 1512
22 1203
22 1481
23 1232
23 1533
23 1710
24 1585
24 1194
24 1625
25 1168
25 1463
25 1267
26 1285
26 1594
26 1504
27 1623
27 1689
27 1440
28 1192
28 1460
28 1197
29 1490
29 1422
29 1693
30 1494
30 1396
30 1649
31 1689
31 1504
31 1389
32 1382
32 1346
32 1466
33 1500
33 1192
33 1520
34 1723
34 1319
34 1713
35 1436
35 1284
35 1352
36 1323
36 1276
36 1441
37 1581
37 1429
37 1346
38 1252
38 1415
38 1589
39 1682
39 1291
39 1302
40 1289
40 1345
40 1694
41 1516
41 1364
41 1415
42 1392
42 1164
42 1181
43 1230
43 1722
43 1386
44 1400
44 1429
44 1722
45 1437
45 1222
45 1256
46 1611
46 1414
46 1440
47 1268
47 1512
47 1208
48 1663
48 1511
48 1458
49 1355
49 1548
49 1349
50 1636
50 1260
50 1684
51 1530
51 1305
51 1242
52 1176
52 1573
52 1373
53 1716
53 1661
53 1217
54 1719
54 1235
54 1397
55 1338
55 1572
55 1176
56 1267
56 1238
56 1683
57 1673
57 1692
57 1516
58 1316
58 1573
58 1293
59 1523
59 1649
59 1501
60 1367
60 1582
60 1257
61 1720
61 1664
61 1613
62 1566
62 1165
62 1299
63 1229
63 1613
63 1378
64 1589
64 1662
64 1550
65 1712
65 1453
65 1470
66 1258
66 1228
66 1305
67 1599
67 1634
67 1430
68 1658
68 1161
68 1150
69 1526
69 1499
69 1477
70 1645
70 1700
70 1637
71 1458
71 1540
71 1479
72 1344
72 1666
72 1381
73 1470
73 1378
73 1263
74 1526
74 1613
74 1440
75 1447
75 1195
75 1464
76 1652
76 1720
76 1436
77 1307
77 1673
77 1498
78 1625
78 1443
78 1280
79 1621
79 1355
79 1354
80 1587
80 1430
80 1233
81 1376
81 1547
81 1480
82 1578
82 1337
82 1173
83 1525
83 1313
83 1412
84 1638
84 1454
84 1545
85 1365
85 1712
85 1537
86 1558
86 1168
86 1488
87 1414
87 1356
87 1399
88 1398
88 1492
88 1391
89 1193
89 1479
89 1591
90 1581
90 1544
90 1341
91 1713
91 1681
91 1618
92 1179
92 1683
92 1516
93 1630
93 1667
93 1208
94 1693
94 1647
94 1199
95 1651
95 1467
95 1189
96 1382
96 1432
96 1252
97 1546
97 1226
97 1622
98 1488
98 1437
98 1535
99 1535
99 1586
99 1316
100 1629
100 1627
100 1299
101 1645
101 1209
101 1322
102 1640
102 1412
102 1564
103 1300
103 1489
103 1547
104 1369
104 1661
104 1152
105 1589
105 1293
105 1401
106 1515
106 1510
106 1423
107 1243
107 1264
107 1545
108 1166
108 1323
108 1589
109 1427
109 1473
109 1335
110 1722
110 1670
110 1502
111 1502
111 1366
111 1203
112 1601
112 1154
112 1185
113 1717
113 1319
113 1163
114 1475
114 1170
114 1683
115 1643
115 1422
115 1234
116 1295
116 1576
116 1396
117 1680
117 1615
117 1676
118 1362
118 1656
118 1523
119 1155
119 1516
119 1394
120 1375
120 1416
120 1357
121 1555
121 1184
121 1233
122 1395
122 1378
122 1635
123 1555
123 1630
123 1324
124 1444
124 1675
124 1273
125 1566
125 1625
125 1492
126 1546
126 1373
126 1454
127 1709
127 1240
127 1239
128 1469
128 1285
128 1421
129 1539
129 1473
129 1589
130 1590
130 1325
130 1228
131 1271
131 1653
131 1275
132 1708
132 1531
132 1198
133 1302
133 1314
133 1174
134 1654
134 1385
134 1414
135 1513
135 1368
135 1683
136 1201
136 1300
136 1679
137 1236
137 1675
137 1627
138 1539
138 1611
138 1396
139 1328
139 1581
139 1491
140 1455
140 1378
140 1681
141 1604
141 1465
141 1158
142 1228
142 1230
142 1677
143 1505
143 1347
143 1720
144 1629
144 1515
144 1334
145 1687
145 1254
145 1720
146 1526
146 1470
146 1534
147 1440
147 1390
147 1607
148 1674
148 1367
148 1658
149 1498
149 1481
149 1523
150 1464
150 1379
150 1407
151 1573
151 1295
151 1499
152 1339
152 1237
152 1354
153 1367
153 1302
153 1561
154 1610
154 1483
154 1587
155 1155
155 1342
155 1610
156 1706
156 1193
156 1439
157 1395
157 1248
157 1524
158 1281
158 1457
158 1361
159 1226
159 1356
159 1480
160 1638
160 1282
160 1193
161 1385
161 1642
161 1544
162 1550
162 1466
162 1579
163 1603
163 1199
163 1505
164 1315
164 1569
164 1594
165 1496
165 1650
165 1681
166 1518
166 1345
166 1507
167 1150
167 1391
167 1337
168 1356
168 1637
168 1505
169 1254
169 1344
169 1653
170 1537
170 1721
170 1474
171 1340
171 1287
171 1458
172 1487
172 1221
172 1371
173 1669
173 1183
173 1306
174 1629
174 1232
174 1620
175 1451
175 1623
175 1523
176 1270
176 1281
176 1407
177 1354
177 1287
177 1642
178 1211
178 1332
178 1413
179 1722
179 1249
179 1339
180 1521
180 1169
180 1597
181 1645
181 1693
181 1492
182 1236
182 1192
182 1477
183 1177
183 1526
183 1588
184 1249
184 1401
184 1445
185 1378
185 1595
185 1409
186 1157
186 1664
186 1458
187 1519
187 1443
187 1459
188 1263
188 1583
188 1259
189 1475
189 1707
189 1691
190 1307
190 1497
190 1539
191 1605
191 1225
191 1541
192 1289
192 1339
192 1669
193 1155
193 1538
193 1568
194 1627
194 1382
194 1701
195 1494
195 1150
195 1254
196 1361
196 1469
196 1209
197 1317
197 1314
197 1185
198 1646
198 1399
198 1214
199 1375
199 1274
199 1456
200 1346
200 1689
200 1363
201 1422
201 1518
201 1505
202 1605
202 1373
202 1712
203 1554
203 1381
203 1203
204 1278
204 1361
204 1223
205 1297
205 1583
205 1358
206 1639
206 1293
206 1459
207 1443
207 1464
207 1498
208 1270
208 1268
208 1598
209 1204
209 1197
209 1401
210 1371
210 1620
210 1633
211 1442
211 1404
211 1244
212 1383
212 1457
212 1320
213 1388
213 1519
213 1714
214 1588
214 1521
214 1508
215 1462
215 1676
215 1693
216 1314
216 1400
216 1585
217 1517
217 1218
217 1424
218 1425
218 1385
218 1659
219 1534
219 1372
219 1169
220 1641
220 1476
220 1314
221 1477
221 1307
221 1545
222 1585
222 1190
222 1507
223 1415
223 1692
223 1348
224 1656
224 1394
224 1534
225 1374
225 1501
225 1676
226 1666
226 1191
226 1586
227 1539
227 1559
227 1465
228 1705
228 1651
228 1685
229 1531
229 1386
229 1296
230 1614
230 1671
230 1363
231 1215
231 1668
231 1269
232 1495
232 1477
232 1276
233 1448
233 1291
233 1602
234 1244
234 1718
234 1577
235 1274
235 1196
235 1429
236 1303
236 1537
236 1419
237 1434
237 1227
237 1226
238 1152
238 1537
238 1203
239 1685
239 1294
239 1170
240 1305
240 1577
240 1663
241 1717
241 1666
241 1555
242 1515
242 1416
242 1560
243 1656
243 1228
243 1368
244 1521
244 1433
244 1388
245 1458
245 1379
245 1159
246 1675
246 1599
246 1715
247 1490
247 1491
247 1344
248 1675
248 1558
248 1591
249 1251
249 1668
249 1377
250 1526
250 1200
250 1678
251 1422
251 1442
251 1558
252 1589
252 1638
252 1629
253 1398
253 1313
253 1256
254 1305
254 1633
254 1229
255 1170
255 1550
255 1205
256 1160
256 1500
256 1174
257 1570
257 1155
257 1357
258 1692
258 1395
258 1669
259 1455
259 1351
259 1343
260 1427
260 1484
260 1677
261 1563
261 1650
261 1553
262 1679
262 1618
262 1434
263 1168
263 1381
263 1610
264 1596
264 1674
264 1507
265 1253
265 1211
265 1351
266 1227
266 1244
266 1354
267 1285
267 1692
267 1519
268 1291
268 1302
268 1461
269 1596
269 1373
269 1612
270 1672
270 1622
270 1513
271 1421
271 1618
271 1660
272 1564
272 1250
272 1640
273 1341
273 1171
273 1323
274 1508
274 1397
274 1220
275 1709
275 1429
275 1561
276 1683
276 1206
276 1315
277 1167
277 1446
277 1319
278 1611
278 1282
278 1407
279 1628
279 1679
279 1261
280 1258
280 1560
280 1397
281 1683
281 1277
281 1541
282 1178
282 1593
282 1532
283 1241
283 1384
283 1259
284 1601
284 1421
284 1189
285 1395
285 1291
285 1720
286 1321
286 1277
286 1582
287 1390
287 1689
287 1539
288 1680
288 1408
288 1276
289 1505
289 1465
289 1314
290 1567
290 1503
290 1185
291 1441
291 1231
291 1184
292 1676
292 1467
292 1642
293 1232
293 1227
293 1515
294 1604
294 1500
294 1704
295 1354
295 1521
295 1482
296 1470
296 1658
296 1420
297 1687
297 1158
297 1707
298 1239
298 1572
298 1422
299 1406
299 1521
299 1228
300 1274
300 1451
300 1615
301 1338
301 1653
301 1245
302 1710
302 1487
302 1313
303 1158
303 1678
303 1230
304 1416
304 1224
304 1327
305 1429
305 1522
305 1611
306 1587
306 1376
306 1319
307 1693
307 1526
307 1218
308 1637
308 1587
308 1580
309 1522
309 1658
309 1298
310 1644
310 1454
310 1161
311 1489
311 1258
311 1363
312 1683
312 1519
312 1246
313 1391
313 1609
313 1511
314 1480
314 1391
314 1189
315 1157
315 1494
315 1393
316 1516
316 1723
316 1672
317 1357
317 1615
317 1323
318 1675
318 1379
318 1611
319 1350
319 1709
319 1152
320 1632
320 1347
320 1219
321 1622
321 1424
321 1660
322 1478
322 1207
322 1598
323 1537
323 1500
323 1407
324 1553
324 1665
324 1617
325 1250
325 1295
325 1405
326 1587
326 1383
326 1546
327 1652
327 1450
327 1606
328 1416
328 1537
328 1178
329 1297
329 1614
329 1234
330 1621
330 1612
330 1304
331 1687
331 1442
331 1688
332 1198
332 1457
332 1667
333 1163
333 1674
333 1248
334 1408
334 1539
334 1432
335 1215
335 1245
335 1164
336 1465
336 1243
336 1444
337 1718
337 1527
337 1226
338 1444
338 1185
338 1196
339 1573
339 1212
339 1707
340 1261
340 1557
340 1504
341 1663
341 1545
341 1150
342 1295
342 1183
342 1666
343 1324
343 1175
343 1305
344 1657
344 1618
344 1371
345 1691
345 1258
345 1712
346 1454
346 1218
346 1182
347 1652
347 1452
347 1687
348 1711
348 1448
348 1222
349 1581
349 1482
349 1481
350 1561
350 1452
350 1712
351 1604
351 1292
351 1248
352 1522
352 1640
352 1248
353 1305
353 1646
353 1539
354 1552
354 1402
354 1346
355 1240
355 1476
355 1408
356 1582
356 1260
356 1247
357 1388
357 1376
357 1349
358 1303
358 1243
358 1568
359 1443
359 1676
359 1352
360 1451
360 1151
360 1714
361 1507
361 1244
361 1660
362 1250
362 1184
362 1628
363 1548
363 1454
363 1159
364 1389
364 1270
364 1350
365 1234
365 1600
365 1468
366 1508
366 1716
366 1234
367 1664
367 1659
367 1593
368 1533
368 1442
368 1699
369 1709
369 1708
369 1678
370 1247
370 1201
370 1385
371 1542
371 1364
371 1488
372 1359
372 1567
372 1200
373 1616
373 1212
373 1357
374 1286
374 1419
374 1354
375 1500
375 1482
375 1458
376 1596
376 1393
376 1553
377 1687
377 1629
377 1236
378 1680
378 1468
378 1533
379 1682
379 1664
379 1400
380 1587
380 1447
380 1422
381 1481
381 1653
381 1479
382 1170
382 1288
382 1317
383 1412
383 1268
383 1326
384 1513
384 1468
384 1321
385 1372
385 1455
385 1665
386 1582
386 1294
386 1456
387 1655
387 1442
387 1382
388 1699
388 1567
388 1356
389 1677
389 1627
389 1544
390 1656
390 1512
390 1427
391 1684
391 1263
391 1290
392 1254
392 1341
392 1347
393 1472
393 1370
393 1317
394 1172
394 1456
394 1693
395 1720
395 1507
395 1277
396 1466
396 1439
396 1416
397 1273
397 1235
397 1660
398 1584
398 1159
398 1698
399 1495
399 1281
399 1155
400 1227
400 1522
400 1213
401 1192
401 1257
401 1458
402 1329
402 1471
402 1533
403 1175
403 1188
403 1216
404 1457
404 1380
404 1343
405 1495
405 1173
405 1304
406 1460
406 1189
406 1274
407 1594
407 1442
407 1641
408 1331
408 1712
408 1574
409 1531
409 1470
409 1303
410 1684
410 1698
410 1540
411 1588
411 1350
411 1503
412 1393
412 1402
412 1424
413 1601
413 1680
413 1468
414 1292
414 1537
414 1300
415 1489
415 1311
415 1326
416 1692
416 1579
416 1305
417 1372
417 1402
417 1152
418 1710
418 1430
418 1377
419 1511
419 1274
419 1316
420 1183
420 1434
420 1532
421 1387
421 1198
421 1617
422 1504
422 1286
422 1231
423 1298
423 1156
423 1297
424 1717
424 1383
424 1526
425 1391
425 1422
425 1708
426 1685
426 1558
426 1535
427 1707
427 1687
427 1537
428 1395
428 1193
428 1428
429 1284
429 1260
429 1194
430 1386
430 1707
430 1221
431 1392
431 1259
431 1408
432 1672
432 1332
432 1562
433 1274
433 1285
433 1314
434 1410
434 1691
434 1655
435 1486
435 1298
435 1713
436 1368
436 1256
436 1263
437 1505
437 1419
437 1514
438 1545
438 1224
438 1299
439 1449
439 1366
439 1162
440 1416
440 1245
440 1331
441 1234
441 1491
441 1359
442 1176
442 1478
442 1584
443 1246
443 1711
443 1170
444 1205
444 1662
444 1177
445 1642
445 1297
445 1266
446 1398
446 1333
446 1170
447 1640
447 1425
447 1209
448 1224
448 1493
448 1458
449 1662
449 1596
449 1184
450 1690
450 1302
450 1212
451 1409
451 1519
451 1518
452 1660
452 1329
452 1590
453 1657
453 1361
453 1264
454 1614
454 1595
454 1518
455 1501
455 1219
455 1307
456 1370
456 1150
456 1659
457 1540
457 1297
457 1616
458 1427
458 1604
458 1231
459 1388
459 1560
459 1314
460 1163
460 1450
460 1661
461 1535
461 1176
461 1607
462 1659
462 1412
462 1416
463 1339
463 1188
463 1368
464 1540
464 1495
464 1366
465 1598
465 1339
465 1553
466 1266
466 1531
466 1180
467 1593
467 1715
467 1230
468 1352
468 1649
468 1269
469 1615
469 1587
469 1488
470 1691
470 1254
470 1185
471 1361
471 1258
471 1617
472 1372
472 1377
472 1298
473 1527
473 1362
473 1383
474 1234
474 1489
474 1522
475 1550
475 1481
475 1722
476 1515
476 1357
476 1659
477 1601
477 1406
477 1312
478 1177
478 1173
478 1503
479 1555
479 1511
479 1488
480 1206
480 1180
480 1643
481 1267
481 1581
481 1383
482 1346
482 1274
482 1279
483 1685
483 1412
483 1245
484 1618
484 1540
484 1261
485 1680
485 1369
485 1569
486 1712
486 1349
486 1357
487 1425
487 1472
487 1384
488 1668
488 1416
488 1663
489 1357
489 1262
489 1241
490 1654
490 1461
490 1412
491 1324
491 1187
491 1235
492 1553
492 1504
492 1308
493 1565
493 1426
493 1195
494 1437
494 1559
494 1718
495 1514
495 1647
495 1272
496 1658
496 1269
496 1391
497 1442
497 1361
497 1543
498 1402
498 1291
498 1637
499 1701
499 1219
499 1190
500 1611
500 1695
500 1470
501 1672
501 1294
501 1666
502 1267
502 1197
502 1456
503 1564
503 1504
503 1195
504 1604
504 1283
504 1664
505 1585
505 1254
505 1263
506 1706
506 1280
506 1184
507 1705
507 1677
507 1379
508 1291
508 1431
508 1161
509 1401
509 1260
509 1214
510 1232
510 1599
510 1474
511 1574
511 1531
511 1194
512 1416
512 1210
512 1587
513 1231
513 1509
513 1483
514 1534
514 1214
514 1660
515 1330
515 1294
515 1368
516 1599
516 1672
516 1187
517 1570
517 1503
517 1652
518 1231
518 1339
518 1165
519 1587
519 1421
519 1474
520 1242
520 1667
520 1361
521 1243
521 1685
521 1482
522 1603
522 1349
522 1380
523 1717
523 1603
523 1441
524 1701
524 1534
524 1306
525 1539
525 1560
525 1546
526 1700
526 1586
526 1171
527 1280
527 1324
527 1697
528 1648
528 1284
528 1411
529 1210
529 1221
529 1527
530 1719
530 1280
530 1331
531 1442
531 1348
531 1181
532 1185
532 1502
532 1662
533 1661
533 1271
533 1540
534 1694
534 1193
534 1187
535 1475
535 1329
535 1461
536 1363
536 1201
536 1163
537 1574
537 1461
537 1518
538 1216
538 1543
538 1707
539 1715
539 1189
539 1516
540 1382
540 1608
540 1441
541 1240
541 1578
541 1201
542 1164
542 1643
542 1632
543 1624
543 1352
543 1568
544 1534
544 1386
544 1151
545 1688
545 1562
545 1356
546 1308
546 1211
546 1695
547 1273
547 1677
547 1534
548 1366
548 1599
548 1645
549 1231
549 1526
549 1566
550 1389
550 1225
550 1530
551 1320
551 1393
551 1611
552 1678
552 1430
552 1155
553 1655
553 1255
553 1476
554 1655
554 1156
554 1211
555 1343
555 1158
555 1229
556 1326
556 1284
556 1701
557 1350
557 1503
557 1295
558 1613
558 1246
558 1198
559 1621
559 1217
559 1671
560 1534
560 1368
560 1712
561 1631
561 1576
561 1248
562 1451
562 1222
562 1428
563 1202
563 1694
563 1487
564 1644
564 1320
564 1592
565 1700
565 1514
565 1392
566 1408
566 1642
566 1510
567 1197
567 1427
567 1613
568 1625
568 1520
568 1466
569 1585
569 1507
569 1156
570 1382
570 1281
570 1619
571 1695
571 1674
571 1468
572 1316
572 1491
572 1527
573 1251
573 1643
573 1238
574 1413
574 1430
574 1689
575 1486
575 1407
575 1226
576 1253
576 1307
576 1153
577 1426
577 1368
577 1517
578 1474
578 1293
578 1262
579 1596
579 1510
579 1336
580 1264
580 1535
580 1707
581 1457
581 1508
581 1511
582 1220
582 1467
582 1703
583 1705
583 1420
583 1320
584 1559
584 1396
584 1693
585 1653
585 1188
585 1456
586 1632
586 1193
586 1680
587 1465
587 1645
587 1699
588 1705
588 1520
588 1493
589 1599
589 1682
589 1689
590 1249
590 1370
590 1425
591 1442
591 1565
591 1439
592 1488
592 1347
592 1471
593 1210
593 1315
593 1627
594 1268
594 1383
594 1713
595 1188
595 1384
595 1339
596 1538
596 1400
596 1592
597 1464
597 1376
597 1409
598 1207
598 1182
598 1231
599 1487
599 1267
599 1250
600 1195
600 1549
600 1347
601 1334
601 1154
601 1470
602 1332
602 1226
602 1254
603 1687
603 1223
603 1642
604 1502
604 1238
604 1703
605 1201
605 1248
605 1556
606 1479
606 1406
606 1221
607 1217
607 1205
607 1319
608 1585
608 1219
608 1665
609 1154
609 1328
609 1583
610 1357
610 1190
610 1516
611 1607
611 1712
611 1701
612 1250
612 1294
612 1716
613 1206
613 1580
613 1633
614 1602
614 1393
614 1456
615 1226
615 1336
615 1418
616 1216
616 1193
616 1222
617 1285
617 1152
617 1170
618 1414
618 1603
618 1704
619 1262
619 1448
619 1536
620 1436
620 1718
620 1443
621 1503
621 1547
621 1585
622 1556
622 1381
622 1539
623 1379
623 1487
623 1453
624 1250
624 1706
624 1463
625 1354
625 1440
625 1663
626 1248
626 1203
626 1496
627 1555
627 1253
627 1723
628 1453
628 1687
628 1703
629 1395
629 1546
629 1306
630 1405
630 1169
630 1241
631 1379
631 1348
631 1664
632 1473
632 1274
632 1718
633 1505
633 1271
633 1648
634 1216
634 1690
634 1167
635 1585
635 1430
635 1470
636 1611
636 1386
636 1635
637 1251
637 1517
637 1630
638 1449
638 1559
638 1593
639 1555
639 1302
639 1565
640 1334
640 1367
640 1460
641 1203
641 1472
641 1659
642 1643
642 1283
642 1345
643 1283
643 1325
643 1503
644 1525
644 1611
644 1676
645 1278
645 1390
645 1627
646 1489
646 1263
646 1659
647 1667
647 1438
647 1243
648 1189
648 1713
648 1722
649 1302
649 1367
649 1529
650 1277
650 1603
650 1271
651 1335
651 1421
651 1625
652 1170
652 1332
652 1402
653 1698
653 1394
653 1348
654 1263
654 1350
654 1619
655 1500
655 1520
655 1635
656 1397
656 1431
656 1640
657 1194
657 1213
657 1472
658 1205
658 1160
658 1645
659 1405
659 1679
659 1698
660 1213
660 1285
660 1529
661 1190
661 1467
661 1477
662 1688
662 1263
662 1699
663 1262
663 1407
663 1547
664 1515
664 1181
664 1243
665 1594
665 1402
665 1617
666 1364
666 1307
666 1296
667 1679
667 1434
667 1651
668 1184
668 1503
668 1641
669 1261
669 1274
669 1605
670 1595
670 1501
670 1560
671 1173
671 1701
671 1335
672 1492
672 1258
672 1362
673 1448
673 1392
673 1413
674 1263
674 1557
674 1638
675 1613
675 1267
675 1422
676 1415
676 1300
676 1472
677 1188
677 1162
677 1474
678 1213
678 1485
678 1722
679 1422
679 1494
679 1692
680 1191
680 1530
680 1216
681 1653
681 1619
681 1360
682 1380
682 1462
682 1686
683 1652
683 1677
683 1233
684 1229
684 1248
684 1285
685 1197
685 1553
685 1691
686 1369
686 1391
686 1282
687 1376
687 1480
687 1621
688 1703
688 1317
688 1622
689 1257
689 1428
689 1552
690 1234
690 1150
690 1379
691 1571
691 1501
691 1463
692 1466
692 1724
692 1156
693 1364
693 1156
693 1448
694 1462
694 1562
694 1606
695 1162
695 1507
695 1608
696 1277
696 1521
696 1605
697 1628
697 1335
697 1573
698 1500
698 1361
698 1612
699 1186
699 1618
699 1665
700 1180
700 1287
700 1475
701 1228
701 1534
701 1614
702 1612
702 1257
702 1706
703 1550
703 1331
703 1474
704 1537
704 1181
704 1503
705 1416
705 1714
705 1250
706 1275
706 1171
706 1680
707 1617
707 1548
707 1698
708 1198
708 1512
708 1593
709 1354
709 1182
709 1337
710 1616
710 1251
710 1449
711 1285
711 1247
711 1258
712 1358
712 1247
712 1724
713 1209
713 1396
713 1672
714 1373
714 1549
714 1562
715 1296
715 1493
715 1627
716 1325
716 1200
716 1703
717 1152
717 1244
717 1651
718 1484
718 1492
718 1503
719 1393
719 1230
719 1257
720 1326
720 1284
720 1630
721 1439
721 1387
721 1449
722 1715
722 1265
722 1621
723 1497
723 1504
723 1154
724 1390
724 1241
724 1715
725 1329
725 1437
725 1664
726 1346
726 1687
726 1297
727 1696
727 1308
727 1247
728 1534
728 1207
728 1305
729 1539
729 1432
729 1281
730 1415
730 1613
730 1284
731 1405
731 1185
731 1638
732 1472
732 1281
732 1389
733 1592
733 1542
733 1667
734 1480
734 1215
734 1175
735 1241
735 1175
735 1460
736 1423
736 1263
736 1651
737 1543
737 1464
737 1486
738 1206
738 1385
738 1532
739 1394
739 1501
739 1724
740 1396
740 1243
740 1494
741 1195
741 1152
741 1284
742 1153
742 1457
742 1645
743 1625
743 1463
743 1478
744 1215
744 1311
744 1235
745 1576
745 1291
745 1724
746 1295
746 1367
746 1555
747 1577
747 1567
747 1682
748 1613
748 1295
748 1448
749 1318
749 1635
749 1699
750 1711
750 1485
750 1534
751 1185
751 1480
751 1526
752 1527
752 1478
752 1469
753 1529
753 1178
753 1239
754 1724
754 1581
754 1218
755 1571
755 1519
755 1579
756 1585
756 1469
756 1194
757 1347
757 1403
757 1430
758 1315
758 1172
758 1237
759 1377
759 1462
759 1523
760 1207
760 1410
760 1651
761 1248
761 1201
761 1287
762 1287
762 1312
762 1698
763 1699
763 1213
763 1267
764 1414
764 1394
764 1632
765 1274
765 1671
765 1594
766 1390
766 1201
766 1215
767 1243
767 1492
767 1582
768 1156
768 1427
768 1510
769 1167
769 1546
769 1548
770 1500
770 1522
770 1567
771 1537
771 1295
771 1696
772 1247
772 1308
772 1540
773 1704
773 1475
773 1261
774 1249
774 1181
774 1507
775 1187
775 1299
775 1570
776 1616
776 1344
776 1711
777 1653
777 1708
777 1712
778 1279
778 1700
778 1537
779 1602
779 1292
779 1376
780 1327
780 1178
780 1608
781 1573
781 1673
781 1313
782 1540
782 1411
782 1688
783 1407
783 1455
783 1498
784 1611
784 1365
784 1566
785 1175
785 1157
785 1466
786 1695
786 1708
786 1388
787 1635
787 1304
787 1686
788 1233
788 1300
788 1697
789 1388
789 1620
789 1681
790 1507
790 1439
790 1232
791 1405
791 1467
791 1589
792 1274
792 1677
792 1708
793 1374
793 1575
793 1694
794 1552
794 1439
794 1550
795 1281
795 1280
795 1618
796 1405
796 1681
796 1692
797 1374
797 1341
797 1485
798 1671
798 1197
798 1723
799 1302
799 1179
799 1631
800 1349
800 1492
800 1613
801 1340
801 1544
801 1587
802 1331
802 1498
802 1688
803 1714
803 1459
803 1531
804 1603
804 1248
804 1687
805 1163
805 1243
805 1491
806 1626
806 1150
806 1156
807 1578
807 1156
807 1662
808 1517
808 1191
808 1231
809 1322
809 1333
809 1614
810 1482
810 1668
810 1626
811 1652
811 1155
811 1545
812 1225
812 1329
812 1592
813 1238
813 1241
813 1427
814 1201
814 1351
814 1542
815 1183
815 1377
815 1712
816 1324
816 1223
816 1721
817 1694
817 1434
817 1491
818 1171
818 1262
818 1198
819 1436
819 1289
819 1333
820 1303
820 1205
820 1721
821 1449
821 1263
821 1316
822 1335
822 1382
822 1507
823 1588
823 1415
823 1236
824 1542
824 1363
824 1444
825 1173
825 1277
825 1593
826 1293
826 1598
826 1384
827 1697
827 1172
827 1373
828 1370
828 1206
828 1723
829 1227
829 1558
829 1670
830 1331
830 1482
830 1642
831 1542
831 1205
831 1348
832 1620
832 1454
832 1715
833 1177
833 1442
833 1672
834 1396
834 1335
834 1468
835 1265
835 1305
835 1317
836 1456
836 1664
836 1320
837 1667
837 1155
837 1674
838 1433
838 1163
838 1349
839 1515
839 1174
839 1409
840 1588
840 1358
840 1492
841 1588
841 1624
841 1260
842 1479
842 1702
842 1417
843 1297
843 1378
843 1431
844 1673
844 1324
844 1587
845 1600
845 1218
845 1363
846 1477
846 1478
846 1553
847 1165
847 1381
847 1442
848 1457
848 1643
848 1208
849 1269
849 1528
849 1445
850 1547
850 1379
850 1153
851 1442
851 1409
851 1549
852 1521
852 1241
852 1547
853 1682
853 1353
853 1382
854 1330
854 1254
854 1291
855 1648
855 1202
855 1478
856 1169
856 1532
856 1305
857 1335
857 1498
857 1647
858 1244
858 1518
858 1619
859 1435
859 1334
859 1216
860 1458
860 1560
860 1385
861 1269
861 1468
861 1544
862 1302
862 1715
862 1359
863 1469
863 1467
863 1633
864 1632
864 1333
864 1663
865 1618
865 1246
865 1595
866 1636
866 1501
866 1293
867 1551
867 1692
867 1542
868 1552
868 1581
868 1472
869 1451
869 1516
869 1496
870 1362
870 1454
870 1495
871 1197
871 1162
871 1408
872 1349
872 1628
872 1434
873 1557
873 1321
873 1426
874 1572
874 1359
874 1290
875 1624
875 1211
875 1461
876 1568
876 1578
876 1624
877 1166
877 1414
877 1458
878 1564
878 1435
878 1661
879 1550
879 1206
879 1705
880 1252
880 1544
880 1639
881 1397
881 1439
881 1447
882 1241
882 1598
882 1709
883 1541
883 1343
883 1695
884 1460
884 1218
884 1651
885 1527
885 1341
885 1386
886 1307
886 1281
886 1364
887 1185
887 1275
887 1383
888 1396
888 1311
888 1465
889 1517
889 1693
889 1614
890 1479
890 1318
890 1673
891 1657
891 1271
891 1477
892 1289
892 1462
892 1464
893 1286
893 1616
893 1711
894 1216
894 1605
894 1432
895 1243
895 1183
895 1466
896 1703
896 1417
896 1710
897 1226
897 1515
897 1600
898 1635
898 1225
898 1681
899 1301
899 1500
899 1638
900 1286
900 1193
900 1348
901 1464
901 1531
901 1610
902 1688
902 1453
902 1649
903 1176
903 1689
903 1316
904 1275
904 1367
904 1447
905 1348
905 1609
905 1635
906 1590
906 1301
906 1517
907 1492
907 1506
907 1679
908 1619
908 1344
908 1640
909 1485
909 1616
909 1188
910 1594
910 1372
910 1696
911 1517
911 1410
911 1376
912 1262
912 1336
912 1443
913 1510
913 1221
913 1167
914 1261
914 1568
914 1234
915 1264
915 1151
915 1545
916 1438
916 1583
916 1362
917 1245
917 1512
917 1554
918 1699
918 1295
918 1690
919 1150
919 1206
919 1340
920 1664
920 1592
920 1338
921 1284
921 1192
921 1342
922 1195
922 1427
922 1539
923 1679
923 1438
923 1307
924 1653
924 1477
924 1721
925 1423
925 1714
925 1510
926 1352
926 1393
926 1682
927 1640
927 1200
927 1308
928 1701
928 1470
928 1481
929 1705
929 1512
929 1699
930 1611
930 1627
930 1431
931 1404
931 1625
931 1553
932 1556
932 1272
932 1408
933 1538
933 1193
933 1240
934 1244
934 1285
934 1291
935 1601
935 1333
935 1389
936 1675
936 1231
936 1449
937 1339
937 1392
937 1287
938 1250
938 1153
938 1505
939 1317
939 1411
939 1639
940 1268
940 1296
940 1722
941 1153
941 1261
941 1375
942 1683
942 1282
942 1449
943 1153
943 1256
943 1657
944 1247
944 1329
944 1702
945 1589
945 1174
945 1187
946 1554
946 1250
946 1349
947 1192
947 1444
947 1706
948 1673
948 1545
948 1158
949 1212
949 1333
949 1315
950 1453
950 1213
950 1285
951 1609
951 1651
951 1296
952 1178
952 1356
952 1155
953 1595
953 1698
953 1167
954 1572
954 1424
954 1155
955 1207
955 1539
955 1706
956 1417
956 1475
956 1273
957 1275
957 1196
957 1717
958 1294
958 1307
958 1476
959 1231
959 1238
959 1280
960 1717
960 1244
960 1688
961 1150
961 1152
961 1284
962 1351
962 1462
962 1221
963 1228
963 1543
963 1359
964 1687
964 1576
964 1331
965 1346
965 1436
965 1587
966 1154
966 1723
966 1447
967 1489
967 1701
967 1211
968 1645
968 1230
968 1703
969 1199
969 1166
969 1664
970 1597
970 1600
970 1337
971 1468
971 1232
971 1422
972 1506
972 1176
972 1171
973 1329
973 1473
973 1210
974 1432
974 1403
974 1439
975 1474
975 1676
975 1724
976 1722
976 1272
976 1643
977 1695
977 1538
977 1566
978 1617
978 1215
978 1311
979 1422
979 1178
979 1279
980 1559
980 1266
980 1445
981 1344
981 1616
981 1599
982 1259
982 1203
982 1547
983 1518
983 1482
983 1304
984 1376
984 1466
984 1573
985 1274
985 1319
985 1438
986 1566
986 1242
986 1402
987 1249
987 1373
987 1334
988 1279
988 1268
988 1337
989 1416
989 1228
989 1681
990 1435
990 1192
990 1718
991 1177
991 1368
991 1578
992 1476
992 1642
992 1362
993 1609
993 1464
993 1539
994 1216
994 1359
994 1404
995 1482
995 1307
995 1561
996 1232
996 1405
996 1270
997 1655
997 1659
997 1189
998 1437
998 1264
998 1724
999 1344
999 1176
999 1717
1000 1516
1000 1511
1000 1549
1001 1331
1001 1274
1001 1582
1002 1214
1002 1261
1002 1378
1003 1722
1003 1387
1003 1612
1004 1255
1004 1515
1004 1629
1005 1416
1005 1430
1005 1275
1006 1585
1006 1192
1006 1286
1007 1443
1007 1190
1007 1290
1008 1531
1008 1183
1008 1354
1009 1396
1009 1163
1009 1603
1010 1207
1010 1461
1010 1470
1011 1386
1011 1198
1011 1445
1012 1517
1012 1380
1012 1643
1013 1671
1013 1376
1013 1410
1014 1610
1014 1428
1014 1234
1015 1458
1015 1200
1015 1272
1016 1694
1016 1440
1016 1581
1017 1487
1017 1214
1017 1331
1018 1468
1018 1340
1018 1233
1019 1616
1019 1186
1019 1704
1020 1190
1020 1570
1020 1614
1021 1176
1021 1666
1021 1277
1022 1489
1022 1309
1022 1476
1023 1328
1023 1564
1023 1242
1024 1361
1024 1620
1024 1657
1025 1459
1025 1225
1025 1415
1026 1280
1026 1313
1026 1273
1027 1527
1027 1450
1027 1684
1028 1351
1028 1676
1028 1176
1029 1532
1029 1427
1029 1514
1030 1228
1030 1561
1030 1696
1031 1421
1031 1314
1031 1626
1032 1321
1032 1286
1032 1337
1033 1257
1033 1357
1033 1377
1034 1231
1034 1598
1034 1689
1035 1507
1035 1494
1035 1655
1036 1360
1036 1227
1036 1169
1037 1680
1037 1619
1037 1559
1038 1668
1038 1187
1038 1556
1039 1544
1039 1289
1039 1215
1040 1564
1040 1665
1040 1330
1041 1585
1041 1503
1041 1437
1042 1714
1042 1522
1042 1642
1043 1483
1043 1500
1043 1572
1044 1310
1044 1220
1044 1639
1045 1631
1045 1194
1045 1656
1046 1253
1046 1644
1046 1477
1047 1184
1047 1300
1047 1558
1048 1448
1048 1561
1048 1518
1049 1238
1049 1671
1049 1542
1050 1444
1050 1610
1050 1502
1051 1280
1051 1397
1051 1570
1052 1303
1052 1436
1052 1612
1053 1159
1053 1623
1053 1669
1054 1385
1054 1611
1054 1324
1055 1592
1055 1267
1055 1637
1056 1585
1056 1154
1056 1695
1057 1586
1057 1528
1057 1299
1058 1231
1058 1305
1058 1399
1059 1308
1059 1476
1059 1627
1060 1152
1060 1346
1060 1574
1061 1455
1061 1684
1061 1637
1062 1419
1062 1273
1062 1329
1063 1205
1063 1474
1063 1476
1064 1711
1064 1462
1064 1569
1065 1150
1065 1373
1065 1423
1066 1290
1066 1623
1066 1632
1067 1172
1067 1182
1067 1665
1068 1289
1068 1161
1068 1464
1069 1380
1069 1530
1069 1693
1070 1182
1070 1578
1070 1677
1071 1253
1071 1719
1071 1380
1072 1723
1072 1646
1072 1173
1073 1615
1073 1632
1073 1705
1074 1375
1074 1368
1074 1533
1075 1557
1075 1697
1075 1670
1076 1226
1076 1537
1076 1263
1077 1354
1077 1519
1077 1572
1078 1478
1078 1162
1078 1454
1079 1275
1079 1283
1079 1480
1080 1253
1080 1699
1080 1231
1081 1227
1081 1270
1081 1471
1082 1572
1082 1216
1082 1442
1083 1458
1083 1693
1083 1386
1084 1669
1084 1475
1084 1587
1085 1660
1085 1644
1085 1233
1086 1259
1086 1386
1086 1161
1087 1215
1087 1563
1087 1442
1088 1233
1088 1334
1088 1201
1089 1471
1089 1693
1089 1553
1090 1500
1090 1383
1090 1243
1091 1472
1091 1475
1091 1543
1092 1519
1092 1437
1092 1605
1093 1240
1093 1719
1093 1432
1094 1505
1094 1296
1094 1349
1095 1434
1095 1531
1095 1662
1096 1581
1096 1277
1096 1674
1097 1180
1097 1181
1097 1634
1098 1276
1098 1253
1098 1701
1099 1640
1099 1488
1099 1703
1100 1452
1100 1654
1100 1566
1101 1589
1101 1400
1101 1664
1102 1176
1102 1548
1102 1625
1103 1371
1103 1496
1103 1528
1104 1390
1104 1704
1104 1199
1105 1635
1105 1418
1105 1577
1106 1288
1106 1260
1106 1194
1107 1242
1107 1475
1107 1711
1108 1261
1108 1408
1108 1366
1109 1532
1109 1270
1109 1309
1110 1424
1110 1603
1110 1431
1111 1365
1111 1164
1111 1323
1112 1406
1112 1307
1112 1264
1113 1329
1113 1265
1113 1267
1114 1393
1114 1467
1114 1593
1115 1203
1115 1277
1115 1438
1116 1182
1116 1365
1116 1721
1117 1596
1117 1473
1117 1722
1118 1445
1118 1416
1118 1309
1119 1387
1119 1416
1119 1513
1120 1255
1120 1444
1120 1165
1121 1362
1121 1668
1121 1643
1122 1351
1122 1217
1122 1470
1123 1703
1123 1643
1123 1685
1124 1348
1124 1349
1124 1292
1125 1550
1125 1365
1125 1545
1126 1568
1126 1221
1126 1485
1127 1393
1127 1351
1127 1432
1128 1681
1128 1543
1128 1687
1129 1262
1129 1465
1129 1550
1130 1699
1130 1692
1130 1713
1131 1230
1131 1155
1131 1620
1132 1606
1132 1321
1132 1198
1133 1222
1133 1326
1133 1227
1134 1215
1134 1169
1134 1471
1135 1287
1135 1417
1135 1556
1136 1708
1136 1490
1136 1308
1137 1211
1137 1242
1137 1615
1138 1629
1138 1608
1138 1351
1139 1319
1139 1178
1139 1246
1140 1510
1140 1507
1140 1283
1141 1432
1141 1422
1141 1279
1142 1671
1142 1677
1142 1632
1143 1184
1143 1352
1143 1438
1144 1497
1144 1253
1144 1339
1145 1180
1145 1675
1145 1611
1146 1233
1146 1443
1146 1440
1147 1308
1147 1248
1147 1315
1148 1410
1148 1272
1148 1498
1149 1406
1149 1658
1149 1294
