750 1500
0 571
0 708
0 677
1 685
1 691
1 696
2 664
2 632
2 537
3 658
3 602
3 605
4 683
4 625
4 529
5 626
5 666
5 558
6 658
6 741
6 562
7 660
7 653
7 517
8 685
8 518
8 609
9 567
9 739
9 581
10 719
10 662
10 520
11 503
11 597
11 670
12 525
12 559
12 628
13 503
13 608
13 587
14 620
14 632
14 665
15 605
15 688
15 733
16 607
16 576
16 592
17 663
17 528
17 632
18 653
18 539
18 738
19 570
19 603
19 599
20 618
20 606
20 643
21 614
21 638
21 648
22 605
22 546
22 632
23 584
23 645
23 548
24 689
24 614
24 545
25 719
25 551
25 611
26 575
26 661
26 664
27 525
27 648
27 622
28 559
28 573
28 513
29 719
29 537
29 671
30 708
30 505
30 640
31 568
31 687
31 501
32 655
32 525
32 705
33 680
33 632
33 584
34 706
34 579
34 683
35 652
35 697
35 600
36 589
36 701
36 546
37 645
37 530
37 575
38 596
38 713
38 640
39 579
39 618
39 748
40 616
40 578
40 648
41 592
41 598
41 726
42 582
42 628
42 595
43 523
43 541
43 505
44 602
44 541
44 501
45 614
45 570
45 737
46 523
46 726
46 581
47 534
47 571
47 558
48 523
48 668
48 741
49 516
49 548
49 626
50 634
50 663
50 729
51 586
51 573
51 650
52 523
52 507
52 545
53 746
53 548
53 607
54 682
54 683
54 741
55 608
55 511
55 600
56 558
56 729
56 528
57 639
57 547
57 737
58 554
58 515
58 687
59 665
59 705
59 528
60 706
60 554
60 697
61 675
61 708
61 617
62 529
62 500
62 577
63 729
63 532
63 528
64 718
64 725
64 601
65 705
65 721
65 664
66 744
66 589
66 686
67 717
67 655
67 651
68 579
68 647
68 672
69 621
69 544
69 662
70 602
70 521
70 631
71 570
71 616
71 505
72 708
72 530
72 640
73 628
73 642
73 725
74 558
74 599
74 683
75 529
75 705
75 590
76 668
76 611
76 669
77 682
77 589
77 575
78 610
78 664
78 696
79 515
79 520
79 584
80 545
80 590
80 741
81 734
81 558
81 566
82 664
82 707
82 722
83 552
83 518
83 725
84 669
84 632
84 613
85 540
85 739
85 502
86 684
86 555
86 690
87 545
87 509
87 511
88 681
88 708
88 564
89 605
89 648
89 684
90 564
90 636
90 663
91 703
91 627
91 728
92 537
92 636
92 736
93 531
93 540
93 651
94 743
94 552
94 693
95 580
95 603
95 578
96 562
96 580
96 593
97 682
97 746
97 604
98 521
98 652
98 551
99 657
99 561
99 582
100 554
100 670
100 698
101 722
101 564
101 737
102 556
102 520
102 728
103 666
103 736
103 741
104 723
104 551
104 704
105 612
105 610
105 727
106 649
106 748
106 505
107 505
107 734
107 742
108 692
108 710
108 703
109 725
109 718
109 508
110 670
110 632
110 543
111 569
111 667
111 604
112 507
112 557
112 629
113 623
113 681
113 735
114 597
114 642
114 737
115 656
115 587
115 715
116 716
116 575
116 696
117 586
117 512
117 731
118 545
118 641
118 529
119 568
119 581
119 701
120 533
120 699
120 592
121 654
121 681
121 502
122 727
122 548
122 676
123 515
123 508
123 583
124 629
124 610
124 658
125 735
125 514
125 728
126 734
126 732
126 697
127 658
127 698
127 725
128 530
128 526
128 608
129 532
129 505
129 692
130 517
130 728
130 660
131 698
131 686
131 640
132 612
132 634
132 684
133 527
133 500
133 514
134 525
134 637
134 739
135 681
135 621
135 733
136 715
136 701
136 623
137 538
137 668
137 536
138 597
138 546
138 512
139 526
139 704
139 608
140 649
140 631
140 615
141 706
141 599
141 532
142 699
142 645
142 534
143 626
143 543
143 678
144 638
144 507
144 580
145 613
145 691
145 576
146 738
146 563
146 707
147 596
147 530
147 579
148 644
148 657
148 567
149 579
149 525
149 522
150 633
150 607
150 570
151 558
151 696
151 649
152 748
152 695
152 619
153 676
153 709
153 618
154 529
154 551
154 746
155 638
155 693
155 584
156 523
156 735
156 572
157 702
157 639
157 540
158 723
158 692
158 518
159 570
159 695
159 513
160 714
160 631
160 658
161 560
161 723
161 622
162 714
162 623
162 524
163 527
163 586
163 635
164 552
164 532
164 575
165 723
165 517
165 686
166 601
166 561
166 560
167 683
167 681
167 658
168 513
168 744
168 639
169 673
169 658
169 721
170 709
170 522
170 695
171 745
171 558
171 705
172 580
172 563
172 731
173 508
173 684
173 655
174 613
174 608
174 558
175 704
175 619
175 591
176 730
176 601
176 528
177 660
177 580
177 712
178 731
178 674
178 639
179 547
179 714
179 731
180 615
180 572
180 522
181 649
181 717
181 538
182 645
182 615
182 623
183 690
183 681
183 563
184 575
184 692
184 653
185 654
185 513
185 530
186 636
186 604
186 527
187 634
187 725
187 621
188 571
188 646
188 589
189 503
189 554
189 519
190 536
190 669
190 618
191 620
191 543
191 535
192 541
192 575
192 636
193 740
193 747
193 565
194 605
194 587
194 575
195 535
195 569
195 617
196 624
196 614
196 527
197 681
197 583
197 506
198 726
198 529
198 742
199 569
199 586
199 691
200 546
200 522
200 526
201 639
201 557
201 608
202 613
202 697
202 578
203 600
203 569
203 713
204 640
204 572
204 511
205 636
205 665
205 528
206 598
206 594
206 634
207 569
207 743
207 520
208 698
208 610
208 583
209 632
209 501
209 527
210 580
210 592
210 692
211 736
211 630
211 592
212 734
212 596
212 567
213 742
213 504
213 696
214 688
214 552
214 574
215 736
215 586
215 582
216 701
216 660
216 669
217 529
217 520
217 654
218 610
218 571
218 503
219 555
219 537
219 605
220 713
220 698
220 627
221 731
221 718
221 549
222 720
222 577
222 680
223 573
223 520
223 657
224 659
224 627
224 717
225 616
225 523
225 739
226 539
226 670
226 500
227 729
227 602
227 564
228 738
228 507
228 512
229 630
229 518
229 663
230 590
230 654
230 689
231 705
231 502
231 538
232 704
232 577
232 647
233 526
233 644
233 509
234 648
234 595
234 716
235 649
235 627
235 538
236 595
236 643
236 635
237 583
237 612
237 638
238 566
238 545
238 557
239 735
239 628
239 565
240 584
240 640
240 731
241 686
241 619
241 739
242 662
242 586
242 592
243 714
243 568
243 697
244 662
244 504
244 657
245 703
245 613
245 562
246 621
246 523
246 517
247 601
247 644
247 599
248 607
248 622
248 609
249 564
249 748
249 660
250 744
250 594
250 549
251 678
251 673
251 716
252 526
252 576
252 680
253 740
253 592
253 744
254 523
254 667
254 533
255 662
255 702
255 643
256 615
256 690
256 582
257 743
257 713
257 589
258 617
258 584
258 646
259 652
259 647
259 637
260 738
260 552
260 538
261 748
261 709
261 567
262 544
262 533
262 677
263 727
263 577
263 673
264 550
264 652
264 696
265 718
265 583
265 720
266 587
266 654
266 561
267 632
267 736
267 589
268 550
268 718
268 658
269 655
269 653
269 665
270 673
270 665
270 708
271 558
271 521
271 676
272 699
272 673
272 626
273 629
273 741
273 570
274 630
274 504
274 521
275 570
275 521
275 552
276 596
276 716
276 740
277 599
277 652
277 679
278 743
278 681
278 692
279 518
279 513
279 609
280 512
280 645
280 740
281 695
281 749
281 722
282 654
282 660
282 748
283 666
283 635
283 647
284 623
284 685
284 525
285 504
285 596
285 657
286 662
286 549
286 616
287 606
287 692
287 701
288 739
288 544
288 643
289 632
289 569
289 622
290 501
290 717
290 665
291 502
291 692
291 721
292 648
292 574
292 739
293 543
293 563
293 706
294 567
294 729
294 583
295 604
295 627
295 729
296 594
296 651
296 748
297 519
297 597
297 679
298 647
298 721
298 731
299 557
299 628
299 669
300 585
300 581
300 618
301 532
301 586
301 737
302 629
302 514
302 729
303 540
303 515
303 643
304 524
304 660
304 712
305 545
305 515
305 596
306 645
306 509
306 670
307 629
307 681
307 723
308 611
308 539
308 710
309 574
309 619
309 642
310 524
310 725
310 530
311 683
311 736
311 624
312 550
312 643
312 716
313 594
313 538
313 588
314 549
314 527
314 658
315 610
315 508
315 510
316 681
316 507
316 585
317 529
317 559
317 662
318 662
318 737
318 629
319 563
319 540
319 541
320 742
320 735
320 691
321 694
321 545
321 687
322 699
322 623
322 603
323 698
323 643
323 746
324 533
324 636
324 697
325 644
325 539
325 547
326 604
326 581
326 651
327 656
327 674
327 671
328 526
328 534
328 724
329 653
329 533
329 593
330 559
330 590
330 606
331 745
331 663
331 715
332 623
332 551
332 634
333 689
333 609
333 678
334 504
334 730
334 733
335 647
335 661
335 699
336 733
336 703
336 530
337 513
337 673
337 640
338 519
338 544
338 603
339 631
339 518
339 699
340 577
340 718
340 722
341 559
341 585
341 748
342 685
342 653
342 553
343 717
343 684
343 620
344 523
344 547
344 610
345 539
345 563
345 743
346 737
346 671
346 700
347 624
347 703
347 526
348 662
348 598
348 713
349 525
349 523
349 559
350 635
350 726
350 619
351 701
351 638
351 645
352 524
352 561
352 602
353 651
353 544
353 728
354 560
354 530
354 601
355 665
355 530
355 559
356 638
356 577
356 655
357 575
357 715
357 734
358 648
358 535
358 723
359 719
359 628
359 666
360 696
360 620
360 559
361 513
361 631
361 742
362 654
362 693
362 728
363 692
363 585
363 665
364 629
364 620
364 684
365 631
365 642
365 581
366 724
366 597
366 698
367 670
367 569
367 706
368 596
368 504
368 716
369 521
369 550
369 692
370 579
370 521
370 538
371 570
371 555
371 583
372 664
372 618
372 711
373 569
373 744
373 619
374 643
374 564
374 634
375 532
375 542
375 589
376 525
376 720
376 721
377 569
377 678
377 691
378 554
378 637
378 544
379 679
379 579
379 720
380 717
380 678
380 561
381 621
381 709
381 551
382 686
382 532
382 602
383 631
383 723
383 728
384 571
384 675
384 688
385 568
385 630
385 675
386 595
386 708
386 572
387 648
387 659
387 576
388 636
388 540
388 525
389 517
389 625
389 661
390 707
390 568
390 737
391 650
391 740
391 746
392 504
392 665
392 737
393 549
393 560
393 661
394 719
394 526
394 633
395 710
395 543
395 681
396 524
396 567
396 702
397 520
397 733
397 539
398 708
398 521
398 559
399 674
399 500
399 614
400 528
400 568
400 656
401 728
401 534
401 598
402 600
402 545
402 547
403 621
403 658
403 664
404 580
404 640
404 682
405 539
405 500
405 621
406 541
406 566
406 647
407 519
407 530
407 614
408 662
408 577
408 519
409 653
409 512
409 691
410 587
410 612
410 679
411 577
411 543
411 694
412 542
412 663
412 710
413 556
413 706
413 593
414 720
414 599
414 653
415 534
415 604
415 646
416 699
416 552
416 682
417 590
417 510
417 733
418 504
418 695
418 725
419 591
419 724
419 732
420 518
420 620
420 697
421 588
421 595
421 702
422 623
422 727
422 527
423 697
423 540
423 742
424 690
424 650
424 577
425 574
425 715
425 645
426 680
426 580
426 671
427 720
427 562
427 576
428 687
428 682
428 502
429 555
429 527
429 563
430 588
430 516
430 748
431 732
431 519
431 736
432 722
432 586
432 634
433 559
433 510
433 569
434 685
434 613
434 537
435 581
435 599
435 605
436 623
436 540
436 685
437 660
437 598
437 631
438 642
438 526
438 715
439 691
439 589
439 591
440 686
440 511
440 522
441 545
441 620
441 640
442 739
442 672
442 723
443 507
443 551
443 596
444 578
444 601
444 570
445 611
445 663
445 673
446 593
446 544
446 694
447 728
447 659
447 604
448 529
448 651
448 739
449 739
449 730
449 504
450 554
450 604
450 724
451 587
451 536
451 544
452 565
452 596
452 631
453 567
453 534
453 512
454 640
454 582
454 641
455 680
455 510
455 749
456 538
456 680
456 625
457 749
457 551
457 595
458 601
458 604
458 685
459 734
459 685
459 738
460 659
460 513
460 530
461 664
461 505
461 644
462 595
462 602
462 625
463 546
463 584
463 707
464 548
464 615
464 644
465 546
465 680
465 683
466 528
466 716
466 558
467 624
467 578
467 694
468 727
468 749
468 541
469 647
469 746
469 671
470 638
470 550
470 718
471 505
471 521
471 533
472 590
472 619
472 655
473 593
473 650
473 686
474 643
474 542
474 587
475 596
475 735
475 626
476 579
476 531
476 720
477 711
477 553
477 674
478 549
478 716
478 679
479 715
479 680
479 604
480 725
480 508
480 700
481 643
481 551
481 726
482 589
482 611
482 693
483 554
483 736
483 668
484 720
484 575
484 730
485 569
485 590
485 536
486 552
486 599
486 649
487 656
487 668
487 571
488 720
488 552
488 723
489 740
489 646
489 560
490 584
490 704
490 606
491 717
491 629
491 634
492 624
492 537
492 708
493 629
493 682
493 558
494 549
494 559
494 579
495 645
495 666
495 729
496 687
496 513
496 716
497 583
497 720
497 542
498 627
498 717
498 559
499 668
499 525
499 695
