1050 2100
0 935
0 798
0 734
1 708
1 820
1 986
2 861
2 729
2 704
3 943
3 817
3 991
4 833
4 881
4 1008
5 817
5 705
5 746
6 855
6 835
6 917
7 981
7 835
7 886
8 748
8 862
8 811
9 978
9 950
9 992
10 1048
10 822
10 1036
11 821
11 872
11 939
12 731
12 1021
12 940
13 718
13 759
13 913
14 819
14 921
14 789
15 1043
15 761
15 853
16 1033
16 920
16 808
17 967
17 875
17 980
18 750
18 778
18 722
19 1048
19 898
19 977
20 991
20 931
20 961
21 725
21 791
21 782
22 729
22 776
22 921
23 835
23 838
23 991
24 736
24 941
24 728
25 777
25 919
25 836
26 838
26 887
26 1033
27 709
27 949
27 1021
28 730
28 871
28 956
29 1002
29 841
29 704
30 947
30 979
30 963
31 907
31 947
31 733
32 901
32 702
32 1032
33 783
33 703
33 798
34 914
34 700
34 906
35 866
35 842
35 1002
36 747
36 745
36 748
37 834
37 732
37 1038
38 704
38 828
38 893
39 754
39 841
39 851
40 959
40 735
40 849
41 891
41 895
41 1017
42 739
42 727
42 1008
43 743
43 903
43 857
44 772
44 871
44 964
45 949
45 977
45 733
46 717
46 861
46 766
47 1027
47 742
47 737
48 827
48 902
48 832
49 791
49 1046
49 936
50 743
50 737
50 826
51 728
51 830
51 841
52 874
52 925
52 827
53 988
53 839
53 1038
54 737
54 784
54 1007
55 1047
55 967
55 1000
56 918
56 839
56 789
57 759
57 1011
57 988
58 879
58 827
58 790
59 944
59 825
59 761
60 1012
60 851
60 721
61 979
61 931
61 982
62 896
62 777
62 1021
63 937
63 966
63 1028
64 835
64 1048
64 924
65 908
65 1024
65 828
66 750
66 896
66 891
67 808
67 800
67 817
68 1041
68 764
68 726
69 1007
69 792
69 771
70 818
70 794
70 954
71 873
71 701
71 723
72 727
72 907
72 804
73 769
73 705
73 1019
74 884
74 876
74 924
75 811
75 1017
75 991
76 948
76 1015
76 947
77 888
77 746
77 741
78 976
78 872
78 768
79 788
79 702
79 739
80 778
80 704
80 1040
81 931
81 1013
81 863
82 876
82 803
82 712
83 937
83 804
83 838
84 779
84 778
84 915
85 1017
85 752
85 1016
86 974
86 753
86 983
87 944
87 807
87 950
88 785
88 796
88 772
89 984
89 773
89 723
90 722
90 754
90 864
91 998
91 806
91 909
92 820
92 767
92 947
93 920
93 772
93 1044
94 783
94 1021
94 877
95 814
95 914
95 804
96 837
96 839
96 870
97 709
97 859
97 891
98 850
98 866
98 919
99 852
99 911
99 1032
100 832
100 1008
100 857
101 979
101 703
101 730
102 732
102 751
102 832
103 840
103 715
103 801
104 787
104 798
104 728
105 912
105 772
105 746
106 1001
106 950
106 847
107 822
107 907
107 898
108 973
108 784
108 757
109 850
109 805
109 758
110 1012
110 794
110 932
111 923
111 987
111 1016
112 966
112 844
112 812
113 766
113 914
113 1026
114 778
114 920
114 808
115 1044
115 1043
115 837
116 890
116 882
116 730
117 903
117 1004
117 873
118 1022
118 743
118 738
119 830
119 778
119 1039
120 749
120 716
120 754
121 865
121 948
121 969
122 910
122 892
122 918
123 836
123 857
123 1038
124 747
124 721
124 750
125 1018
125 767
125 1042
126 961
126 1009
126 1023
127 974
127 906
127 988
128 851
128 1021
128 719
129 944
129 726
129 762
130 838
130 717
130 938
131 1021
131 933
131 862
132 890
132 799
132 861
133 916
133 968
133 859
134 1021
134 780
134 1036
135 996
135 879
135 992
136 791
136 965
136 957
137 866
137 962
137 700
138 809
138 959
138 994
139 902
139 810
139 877
140 852
140 878
140 733
141 960
141 774
141 1017
142 1034
142 989
142 967
143 767
143 925
143 943
144 827
144 999
144 888
145 1014
145 960
145 1006
146 926
146 933
146 800
147 955
147 804
147 894
148 707
148 884
148 1017
149 815
149 1014
149 819
150 1035
150 953
150 755
151 845
151 964
151 1027
152 990
152 908
152 774
153 1003
153 817
153 738
154 928
154 735
154 768
155 759
155 916
155 956
156 798
156 860
156 903
157 760
157 734
157 735
158 799
158 731
158 752
159 778
159 1029
159 968
160 931
160 788
160 1019
161 790
161 739
161 795
162 1006
162 839
162 872
163 853
163 701
163 863
164 796
164 868
164 756
165 1026
165 773
165 1019
166 853
166 748
166 878
167 947
167 873
167 903
168 960
168 805
168 991
169 991
169 940
169 714
170 743
170 712
170 853
171 1000
171 705
171 871
172 775
172 764
172 921
173 860
173 736
173 929
174 837
174 925
174 1027
175 797
175 890
175 1033
176 1046
176 753
176 783
177 858
177 814
177 796
178 751
178 929
178 718
179 942
179 861
179 1014
180 838
180 873
180 1013
181 788
181 924
181 980
182 866
182 749
182 769
183 722
183 794
183 994
184 749
184 846
184 792
185 839
185 763
185 997
186 857
186 872
186 794
187 1036
187 745
187 802
188 821
188 1048
188 718
189 936
189 869
189 890
190 725
190 779
190 914
191 897
191 952
191 862
192 1039
192 866
192 1044
193 883
193 888
193 881
194 776
194 931
194 997
195 892
195 991
195 815
196 800
196 869
196 986
197 798
197 883
197 898
198 718
198 1009
198 754
199 903
199 1007
199 857
200 1048
200 871
200 938
201 847
201 757
201 1029
202 981
202 759
202 851
203 888
203 909
203 928
204 1036
204 788
204 1043
205 730
205 934
205 763
206 907
206 859
206 952
207 738
207 889
207 784
208 830
208 731
208 827
209 1040
209 931
209 995
210 829
210 776
210 1028
211 706
211 998
211 929
212 918
212 989
212 752
213 800
213 987
213 1020
214 940
214 1009
214 847
215 717
215 1044
215 1014
216 791
216 753
216 1027
217 858
217 715
217 763
218 786
218 994
218 864
219 899
219 926
219 792
220 1041
220 965
220 917
221 1000
221 871
221 913
222 1047
222 861
222 873
223 1009
223 863
223 737
224 797
224 718
224 755
225 957
225 1012
225 818
226 714
226 948
226 1041
227 819
227 794
227 973
228 997
228 1026
228 822
229 880
229 728
229 1032
230 945
230 821
230 916
231 832
231 787
231 1048
232 865
232 881
232 1016
233 775
233 962
233 823
234 738
234 840
234 1045
235 993
235 777
235 818
236 703
236 950
236 860
237 754
237 855
237 843
238 799
238 811
238 795
239 994
239 998
239 851
240 704
240 985
240 926
241 711
241 819
241 876
242 841
242 822
242 1032
243 956
243 884
243 1009
244 794
244 821
244 716
245 881
245 1049
245 867
246 865
246 991
246 700
247 750
247 855
247 700
248 914
248 848
248 882
249 1021
249 762
249 828
250 739
250 859
250 920
251 810
251 786
251 851
252 790
252 716
252 776
253 741
253 743
253 991
254 783
254 903
254 719
255 1023
255 855
255 984
256 899
256 857
256 1005
257 1014
257 814
257 700
258 887
258 749
258 1014
259 770
259 820
259 942
260 846
260 757
260 995
261 853
261 1043
261 848
262 979
262 804
262 793
263 751
263 752
263 710
264 830
264 917
264 803
265 866
265 980
265 703
266 910
266 754
266 825
267 936
267 781
267 862
268 1042
268 816
268 824
269 1008
269 959
269 1049
270 938
270 820
270 891
271 900
271 844
271 860
272 962
272 949
272 954
273 708
273 759
273 711
274 856
274 840
274 805
275 973
275 810
275 947
276 922
276 840
276 810
277 937
277 839
277 723
278 927
278 817
278 724
279 985
279 864
279 847
280 1023
280 803
280 791
281 837
281 823
281 944
282 1031
282 932
282 914
283 722
283 805
283 830
284 922
284 913
284 757
285 1039
285 848
285 747
286 917
286 1031
286 715
287 882
287 785
287 739
288 870
288 833
288 803
289 846
289 841
289 814
290 712
290 880
290 702
291 922
291 751
291 717
292 706
292 904
292 702
293 824
293 985
293 971
294 814
294 731
294 847
295 996
295 903
295 782
296 907
296 942
296 787
297 964
297 907
297 886
298 867
298 881
298 718
299 943
299 743
299 833
300 1016
300 959
300 887
301 836
301 826
301 740
302 955
302 894
302 1001
303 764
303 1010
303 834
304 1036
304 798
304 712
305 972
305 856
305 853
306 938
306 713
306 701
307 884
307 987
307 944
308 759
308 932
308 926
309 902
309 795
309 753
310 966
310 907
310 967
311 823
311 764
311 846
312 1005
312 1021
312 924
313 993
313 990
313 829
314 768
314 783
314 811
315 998
315 826
315 864
316 830
316 756
316 784
317 875
317 857
317 718
318 910
318 900
318 834
319 881
319 764
319 759
320 758
320 909
320 777
321 749
321 740
321 1026
322 1031
322 1009
322 730
323 780
323 713
323 879
324 789
324 970
324 807
325 844
325 756
325 1017
326 832
326 1033
326 1015
327 946
327 941
327 778
328 945
328 1023
328 877
329 868
329 1038
329 913
330 1041
330 903
330 896
331 1008
331 983
331 816
332 895
332 980
332 700
333 750
333 896
333 705
334 990
334 1049
334 873
335 1015
335 929
335 858
336 732
336 918
336 813
337 730
337 908
337 784
338 888
338 948
338 760
339 866
339 862
339 1044
340 998
340 1019
340 886
341 937
341 812
341 802
342 911
342 904
342 927
343 961
343 826
343 943
344 945
344 886
344 877
345 1017
345 750
345 1047
346 964
346 881
346 782
347 1015
347 748
347 797
348 877
348 752
348 813
349 802
349 979
349 932
350 923
350 725
350 1039
351 871
351 855
351 811
352 721
352 709
352 813
353 979
353 1044
353 957
354 1036
354 722
354 700
355 746
355 850
355 770
356 810
356 971
356 991
357 791
357 743
357 975
358 738
358 924
358 1045
359 978
359 886
359 707
360 887
360 953
360 923
361 829
361 942
361 824
362 817
362 1043
362 728
363 967
363 739
363 1032
364 713
364 1046
364 725
365 1034
365 869
365 856
366 1031
366 919
366 801
367 939
367 801
367 794
368 893
368 721
368 783
369 853
369 795
369 1045
370 885
370 743
370 905
371 1041
371 801
371 797
372 1038
372 878
372 724
373 846
373 876
373 922
374 846
374 806
374 1047
375 1022
375 782
375 863
376 1034
376 949
376 877
377 890
377 767
377 1039
378 846
378 754
378 742
379 1031
379 795
379 933
380 768
380 884
380 876
381 717
381 719
381 774
382 919
382 771
382 1045
383 942
383 913
383 878
384 986
384 720
384 787
385 904
385 853
385 836
386 1023
386 775
386 881
387 748
387 943
387 759
388 919
388 916
388 973
389 924
389 792
389 923
390 937
390 954
390 987
391 853
391 1029
391 850
392 982
392 952
392 701
393 751
393 1002
393 816
394 1035
394 845
394 797
395 872
395 1022
395 1021
396 820
396 874
396 990
397 1024
397 907
397 1016
398 836
398 765
398 739
399 1007
399 982
399 703
400 822
400 1017
400 994
401 1047
401 777
401 1005
402 843
402 775
402 836
403 935
403 962
403 811
404 702
404 717
404 924
405 960
405 1034
405 709
406 1024
406 1004
406 775
407 1010
407 831
407 750
408 848
408 810
408 952
409 1035
409 829
409 821
410 719
410 955
410 1035
411 958
411 972
411 719
412 886
412 772
412 799
413 1005
413 933
413 707
414 751
414 749
414 816
415 771
415 896
415 797
416 827
416 877
416 799
417 784
417 875
417 1032
418 847
418 839
418 750
419 951
419 894
419 1018
420 870
420 821
420 709
421 796
421 874
421 850
422 904
422 875
422 756
423 1033
423 993
423 975
424 970
424 857
424 884
425 826
425 856
425 823
426 754
426 887
426 920
427 919
427 901
427 829
428 1008
428 738
428 940
429 1012
429 719
429 790
430 993
430 922
430 861
431 977
431 742
431 809
432 761
432 728
432 719
433 795
433 776
433 805
434 1013
434 726
434 828
435 812
435 782
435 976
436 1020
436 803
436 1039
437 865
437 766
437 728
438 992
438 920
438 719
439 965
439 941
439 782
440 873
440 901
440 995
441 757
441 915
441 811
442 867
442 924
442 853
443 993
443 774
443 943
444 875
444 1017
444 950
445 891
445 787
445 839
446 928
446 790
446 804
447 916
447 780
447 821
448 780
448 712
448 912
449 823
449 712
449 1046
450 992
450 727
450 789
451 1045
451 910
451 775
452 808
452 731
452 703
453 906
453 860
453 1040
454 859
454 1043
454 922
455 861
455 810
455 735
456 1015
456 771
456 736
457 966
457 892
457 725
458 788
458 1012
458 990
459 742
459 791
459 914
460 920
460 831
460 725
461 858
461 783
461 763
462 816
462 750
462 940
463 715
463 824
463 890
464 949
464 895
464 1006
465 945
465 850
465 759
466 1020
466 945
466 700
467 748
467 734
467 903
468 728
468 1002
468 852
469 1049
469 1024
469 864
470 1025
470 756
470 855
471 873
471 791
471 894
472 827
472 808
472 793
473 953
473 822
473 1017
474 955
474 875
474 836
475 989
475 820
475 1004
476 1016
476 1022
476 935
477 1039
477 857
477 933
478 861
478 740
478 958
479 813
479 807
479 724
480 812
480 993
480 841
481 1002
481 884
481 717
482 885
482 805
482 1008
483 747
483 742
483 784
484 980
484 946
484 856
485 977
485 939
485 800
486 754
486 925
486 979
487 970
487 884
487 820
488 1025
488 899
488 786
489 958
489 991
489 945
490 967
490 777
490 1021
491 750
491 1009
491 728
492 972
492 923
492 814
493 997
493 991
493 904
494 994
494 753
494 955
495 869
495 820
495 995
496 910
496 922
496 1037
497 713
497 1024
497 710
498 850
498 705
498 847
499 803
499 941
499 867
500 713
500 928
500 877
501 730
501 716
501 714
502 932
502 887
502 885
503 849
503 1045
503 855
504 908
504 804
504 976
505 817
505 793
505 810
506 949
506 874
506 988
507 949
507 739
507 900
508 1002
508 827
508 710
509 969
509 961
509 775
510 951
510 948
510 789
511 956
511 869
511 1044
512 772
512 834
512 723
513 709
513 725
513 1023
514 1048
514 1027
514 804
515 925
515 704
515 1004
516 847
516 839
516 901
517 885
517 881
517 930
518 874
518 713
518 992
519 953
519 794
519 800
520 808
520 717
520 1013
521 1030
521 812
521 741
522 1001
522 986
522 841
523 1023
523 790
523 804
524 888
524 753
524 700
525 877
525 974
525 1034
526 895
526 880
526 867
527 976
527 1039
527 1046
528 747
528 740
528 948
529 838
529 814
529 888
530 777
530 888
530 958
531 851
531 938
531 982
532 808
532 776
532 706
533 900
533 781
533 1009
534 874
534 851
534 952
535 829
535 824
535 812
536 962
536 868
536 752
537 961
537 907
537 753
538 899
538 909
538 1022
539 764
539 832
539 879
540 962
540 957
540 880
541 898
541 1034
541 750
542 776
542 762
542 1010
543 977
543 759
543 725
544 1023
544 948
544 1006
545 1019
545 882
545 725
546 967
546 752
546 844
547 715
547 772
547 705
548 920
548 897
548 884
549 1012
549 902
549 808
550 980
550 720
550 911
551 760
551 951
551 929
552 936
552 800
552 990
553 743
553 955
553 1047
554 1028
554 1005
554 796
555 703
555 867
555 718
556 714
556 1010
556 918
557 952
557 818
557 712
558 1001
558 970
558 913
559 928
559 797
559 1011
560 999
560 782
560 878
561 853
561 844
561 986
562 941
562 765
562 816
563 788
563 738
563 939
564 830
564 760
564 855
565 999
565 855
565 832
566 1048
566 1027
566 856
567 1037
567 995
567 747
568 1001
568 879
568 828
569 790
569 739
569 917
570 802
570 777
570 1020
571 783
571 802
571 721
572 744
572 898
572 756
573 873
573 817
573 755
574 969
574 1020
574 950
575 794
575 880
575 750
576 971
576 707
576 909
577 992
577 965
577 1043
578 718
578 700
578 984
579 861
579 975
579 814
580 777
580 960
580 897
581 748
581 797
581 817
582 832
582 1010
582 1020
583 784
583 863
583 1024
584 744
584 767
584 761
585 793
585 727
585 929
586 703
586 867
586 943
587 1027
587 1003
587 836
588 937
588 798
588 902
589 881
589 818
589 851
590 881
590 898
590 1017
591 986
591 798
591 870
592 817
592 822
592 1021
593 938
593 956
593 878
594 861
594 982
594 989
595 752
595 949
595 998
596 1006
596 848
596 706
597 1018
597 812
597 886
598 746
598 720
598 821
599 947
599 802
599 714
600 953
600 974
600 1022
601 736
601 701
601 861
602 926
602 822
602 938
603 869
603 710
603 938
604 903
604 919
604 987
605 800
605 776
605 840
606 807
606 872
606 1038
607 886
607 935
607 725
608 842
608 782
608 929
609 797
609 854
609 812
610 790
610 960
610 980
611 890
611 864
611 956
612 770
612 857
612 929
613 751
613 728
613 965
614 715
614 782
614 865
615 712
615 763
615 805
616 913
616 915
616 1018
617 1008
617 807
617 1036
618 756
618 734
618 952
619 908
619 714
619 813
620 760
620 901
620 752
621 777
621 1000
621 932
622 749
622 838
622 842
623 1008
623 1045
623 934
624 987
624 820
624 959
625 766
625 781
625 979
626 800
626 806
626 834
627 706
627 808
627 871
628 934
628 759
628 1025
629 1024
629 890
629 926
630 1044
630 749
630 990
631 897
631 714
631 832
632 790
632 863
632 979
633 816
633 789
633 851
634 763
634 901
634 803
635 773
635 821
635 826
636 999
636 986
636 1035
637 882
637 959
637 966
638 802
638 780
638 826
639 788
639 705
639 1033
640 780
640 929
640 1014
641 912
641 720
641 867
642 860
642 885
642 917
643 750
643 819
643 994
644 867
644 949
644 998
645 949
645 851
645 948
646 1000
646 827
646 1034
647 791
647 904
647 989
648 839
648 705
648 913
649 848
649 721
649 887
650 777
650 1005
650 830
651 712
651 845
651 773
652 990
652 1003
652 1014
653 1029
653 815
653 844
654 858
654 874
654 963
655 770
655 748
655 828
656 840
656 888
656 913
657 775
657 815
657 924
658 746
658 843
658 1022
659 717
659 719
659 770
660 1036
660 973
660 1045
661 727
661 731
661 836
662 964
662 1006
662 1022
663 741
663 931
663 965
664 913
664 840
664 979
665 756
665 995
665 819
666 720
666 917
666 918
667 870
667 885
667 970
668 855
668 756
668 1047
669 750
669 945
669 1025
670 952
670 960
670 962
671 785
671 957
671 995
672 842
672 910
672 940
673 848
673 737
673 1048
674 716
674 1041
674 969
675 829
675 1039
675 816
676 903
676 966
676 970
677 989
677 914
677 730
678 955
678 723
678 759
679 762
679 806
679 811
680 717
680 907
680 922
681 910
681 722
681 940
682 839
682 726
682 972
683 747
683 765
683 972
684 722
684 872
684 880
685 759
685 775
685 1042
686 759
686 817
686 895
687 738
687 853
687 981
688 1031
688 762
688 924
689 1005
689 1009
689 862
690 757
690 774
690 872
691 748
691 868
691 966
692 862
692 918
692 976
693 826
693 744
693 934
694 738
694 746
694 785
695 975
695 740
695 914
696 986
696 873
696 1013
697 902
697 954
697 1026
698 746
698 814
698 719
699 1005
699 773
699 858
