2400 4800
0 1985
0 2258
0 1678
1 1834
1 1672
1 1766
2 2385
2 1855
2 2014
3 1654
3 1987
3 2225
4 2068
4 1665
4 2145
5 1942
5 2076
5 1627
6 1755
6 1975
6 2295
7 1977
7 1746
7 2071
8 2093
8 1833
8 1631
9 2030
9 1802
9 1678
10 2095
10 2126
10 1937
11 2028
11 1756
11 2067
12 2075
12 1913
12 2381
13 2175
13 1715
13 1853
14 2326
14 1918
14 2375
15 2239
15 2347
15 2350
16 2297
16 1714
16 2365
17 1723
17 1699
17 1953
18 1761
18 2064
18 1969
19 2159
19 2212
19 2192
20 1694
20 1709
20 2191
21 2147
21 2136
21 2253
22 2274
22 1748
22 2142
23 2361
23 2330
23 1729
24 1899
24 2038
24 2041
25 2073
25 2340
25 2339
26 1726
26 1740
26 1605
27 2172
27 2087
27 2271
28 1611
28 1904
28 2001
29 2108
29 2253
29 1703
30 1889
30 2339
30 2231
31 1825
31 2198
31 1643
32 2014
32 1701
32 2034
33 2153
33 2145
33 2033
34 1907
34 2299
34 2100
35 1666
35 1783
35 1877
36 1819
36 2346
36 1851
37 1989
37 1947
37 2111
38 2014
38 1642
38 1600
39 2314
39 2279
39 1721
40 1710
40 2122
40 1953
41 1913
41 2336
41 2033
42 1854
42 1625
42 2174
43 2281
43 2091
43 2070
44 2123
44 2387
44 2396
45 1614
45 1728
45 1833
46 2043
46 1683
46 2045
47 2275
47 1882
47 1610
48 2237
48 2261
48 1761
49 1806
49 1956
49 2288
50 1878
50 2353
50 1970
51 1797
51 2263
51 1658
52 2248
52 2385
52 2135
53 1756
53 1693
53 1947
54 2381
54 1891
54 1911
55 2222
55 1765
55 1963
56 1944
56 2149
56 1967
57 2191
57 1945
57 1778
58 1924
58 1988
58 1700
59 2012
59 1695
59 1635
60 2008
60 2300
60 1654
61 1763
61 2108
61 1962
62 1612
62 1735
62 2206
63 2005
63 1617
63 2242
64 1775
64 2287
64 1885
65 1612
65 1800
65 2064
66 1862
66 2333
66 1914
67 2352
67 2057
67 1633
68 1638
68 1765
68 2195
69 2227
69 1936
69 1619
70 2260
70 1784
70 1970
71 2326
71 1830
71 2264
72 2003
72 2022
72 1924
73 1771
73 1944
73 2012
74 1948
74 1618
74 1602
75 2316
75 1906
75 2044
76 1898
76 2314
76 1890
77 2384
77 1914
77 2390
78 1876
78 2015
78 2049
79 2219
79 1876
79 2078
80 2388
80 2184
80 1705
81 1855
81 1743
81 2379
82 2066
82 1897
82 1693
83 2251
83 1821
83 2388
84 2174
84 2379
84 1804
85 2329
85 2200
85 1855
86 1676
86 1863
86 2249
87 2111
87 2155
87 2278
88 2059
88 2101
88 2041
89 1903
89 1746
89 2331
90 2120
90 1961
90 2179
91 1797
91 1910
91 1819
92 2170
92 2348
92 2292
93 2098
93 2231
93 2077
94 1713
94 2260
94 2360
95 1679
95 1620
95 2249
96 2040
96 2116
96 2374
97 2130
97 1888
97 1900
98 2068
98 2397
98 1759
99 1790
99 2319
99 2034
100 1607
100 2191
100 1658
101 1917
101 2189
101 2032
102 2297
102 1627
102 1961
103 1992
103 1618
103 1889
104 1745
104 2079
104 2191
105 1630
105 1712
105 2186
106 1980
106 1795
106 1755
107 2006
107 2053
107 2336
108 1739
108 1774
108 2048
109 1871
109 1854
109 2352
110 1967
110 2268
110 1840
111 2210
111 2028
111 2099
112 1961
112 1783
112 2149
113 2381
113 2348
113 2353
114 2142
114 2374
114 2282
115 2038
115 1976
115 1830
116 1879
116 2234
116 2353
117 1605
117 1916
117 2354
118 1718
118 2300
118 2360
119 1887
119 1945
119 2297
120 1710
120 1806
120 1776
121 1868
121 1693
121 1606
122 2086
122 1760
122 1722
123 1970
123 2125
123 1818
124 1730
124 1780
124 1795
125 1885
125 2351
125 1817
126 1781
126 1949
126 2198
127 2078
127 1836
127 1822
128 2224
128 1727
128 1693
129 1666
129 2394
129 1799
130 1643
130 2191
130 2265
131 1735
131 2014
131 2065
132 2399
132 2155
132 1855
133 2241
133 1752
133 1727
134 1872
134 1881
134 1822
135 1649
135 2145
135 1728
136 2373
136 2191
136 1660
137 2246
137 2268
137 1892
138 1868
138 1633
138 2053
139 2264
139 1886
139 1630
140 1693
140 1647
140 2111
141 2216
141 1879
141 2086
142 1791
142 1777
142 1969
143 2124
143 1729
143 2083
144 1923
144 1944
144 1913
145 1672
145 2289
145 1843
146 2260
146 2087
146 1660
147 2270
147 1882
147 1811
148 2187
148 1939
148 1938
149 2185
149 1740
149 2133
150 2149
150 2250
150 1766
151 2202
151 2160
151 2314
152 1926
152 2161
152 2048
153 2367
153 1845
153 2100
154 2245
154 2089
154 2236
155 2368
155 1838
155 2127
156 1805
156 1987
156 1861
157 1999
157 2007
157 1667
158 1845
158 1870
158 1812
159 1810
159 1679
159 1873
160 2013
160 1773
160 2108
161 1848
161 1964
161 1602
162 2164
162 2009
162 2061
163 2156
163 2365
163 2219
164 1742
164 2044
164 1770
165 1953
165 2345
165 1675
166 2067
166 1607
166 1689
167 1754
167 2093
167 2354
168 1709
168 2326
168 1927
169 2333
169 1627
169 1982
170 1893
170 1714
170 1658
171 1862
171 1809
171 1897
172 2310
172 2388
172 1842
173 1738
173 1660
173 1609
174 2299
174 1882
174 1878
175 1683
175 1779
175 2079
176 2125
176 1826
176 1793
177 1603
177 1962
177 2244
178 1657
178 2301
178 2307
179 2387
179 1617
179 2110
180 2248
180 2094
180 1802
181 2115
181 2105
181 1958
182 1677
182 2267
182 2177
183 1789
183 1973
183 2104
184 2365
184 2129
184 1850
185 2325
185 1696
185 2211
186 2396
186 1787
186 1682
187 2302
187 2020
187 2377
188 2252
188 2120
188 1758
189 2117
189 1674
189 1833
190 1831
190 2207
190 2011
191 1848
191 1687
191 1915
192 2328
192 2143
192 2262
193 1892
193 1777
193 2216
194 1684
194 1652
194 1747
195 1815
195 1844
195 1837
196 1717
196 1728
196 2346
197 2344
197 2398
197 2161
198 1643
198 1669
198 2008
199 1880
199 1945
199 2074
200 1706
200 2386
200 1662
201 1746
201 2220
201 2359
202 1880
202 2281
202 1988
203 2153
203 1823
203 1787
204 2074
204 1896
204 2042
205 2271
205 1915
205 2371
206 2377
206 2038
206 1603
207 1616
207 2108
207 1754
208 2332
208 2370
208 2383
209 1839
209 1948
209 1848
210 2157
210 2112
210 2313
211 2128
211 2096
211 2205
212 1697
212 2086
212 1659
213 1973
213 1878
213 2129
214 2150
214 2042
214 2235
215 1818
215 1794
215 1969
216 1754
216 1803
216 2380
217 2182
217 2185
217 2152
218 1848
218 2177
218 2342
219 1742
219 1934
219 2283
220 2289
220 1748
220 2125
221 1832
221 1937
221 2115
222 1672
222 1804
222 2273
223 1651
223 2247
223 2298
224 1884
224 2104
224 1903
225 2125
225 1889
225 2234
226 1964
226 2282
226 1766
227 1621
227 1875
227 2128
228 2134
228 2002
228 1841
229 1627
229 2242
229 1873
230 2207
230 2225
230 2252
231 2256
231 2059
231 1960
232 2152
232 2309
232 1920
233 1781
233 2333
233 1832
234 1841
234 2021
234 1890
235 2118
235 1909
235 1727
236 2091
236 2396
236 1795
237 2182
237 2057
237 1875
238 1947
238 1971
238 1791
239 1696
239 1815
239 1843
240 1636
240 2302
240 1766
241 1737
241 1736
241 1948
242 2387
242 1702
242 1962
243 1772
243 2115
243 1954
244 1661
244 2157
244 2035
245 2199
245 1824
245 1888
246 1909
246 1788
246 2024
247 2194
247 1958
247 2215
248 1720
248 1644
248 2122
249 1793
249 1776
249 2196
250 1938
250 1738
250 2022
251 2285
251 2102
251 2322
252 1826
252 1801
252 1610
253 1831
253 2281
253 1615
254 2083
254 1762
254 2047
255 1772
255 1678
255 1941
256 1731
256 2323
256 1931
257 2265
257 1916
257 1978
258 1610
258 2233
258 1906
259 2003
259 1915
259 2340
260 1995
260 1712
260 1608
261 1694
261 1831
261 2335
262 1882
262 1875
262 1643
263 2057
263 2019
263 1732
264 2047
264 2316
264 1779
265 2070
265 2063
265 1628
266 1776
266 2197
266 1660
267 2309
267 2344
267 1667
268 1618
268 2369
268 2124
269 1975
269 1654
269 2333
270 2252
270 1858
270 1668
271 1781
271 1631
271 2114
272 1915
272 2343
272 1756
273 1819
273 1612
273 2137
274 2202
274 2242
274 2388
275 2088
275 1843
275 1705
276 1712
276 2332
276 1854
277 1729
277 1829
277 2069
278 1687
278 1868
278 2371
279 1740
279 1964
279 2146
280 1802
280 1718
280 1656
281 1875
281 2373
281 1722
282 1825
282 1960
282 2144
283 2065
283 2134
283 1806
284 1938
284 1780
284 2280
285 1672
285 2006
285 2241
286 1753
286 2070
286 2357
287 2361
287 2264
287 2050
288 2329
288 2254
288 1845
289 2138
289 1794
289 2144
290 2143
290 1793
290 2127
291 2195
291 1796
291 1997
292 2264
292 1877
292 2194
293 2149
293 2377
293 2034
294 2392
294 1965
294 2334
295 1688
295 2093
295 2076
296 1630
296 2313
296 1680
297 2223
297 1825
297 1989
298 1600
298 1746
298 2289
299 1758
299 1664
299 1895
300 1679
300 1947
300 1980
301 1816
301 2296
301 1837
302 1649
302 2009
302 1877
303 2089
303 1832
303 2057
304 1812
304 2027
304 2333
305 1683
305 2096
305 2150
306 2172
306 1664
306 2032
307 1803
307 1733
307 2274
308 2205
308 1975
308 2151
309 2122
309 2360
309 2212
310 2351
310 1794
310 1649
311 2396
311 2032
311 2282
312 1690
312 1645
312 2098
313 1941
313 1743
313 1785
314 1775
314 2226
314 2277
315 2134
315 2302
315 2247
316 2369
316 1806
316 1918
317 2176
317 2080
317 1617
318 1733
318 2234
318 1876
319 2070
319 1965
319 2334
320 1918
320 2377
320 2235
321 1618
321 1640
321 2104
322 1937
322 1826
322 1743
323 1728
323 2062
323 2134
324 1971
324 2065
324 1646
325 1977
325 1859
325 2224
326 2227
326 1688
326 1899
327 1950
327 2117
327 2337
328 1986
328 2191
328 1671
329 1858
329 1890
329 2340
330 2282
330 1623
330 2308
331 1707
331 1811
331 1966
332 2286
332 1679
332 1924
333 2301
333 2260
333 2285
334 1810
334 2198
334 1749
335 2100
335 1673
335 2396
336 2155
336 1656
336 2191
337 2385
337 1705
337 1619
338 2068
338 1983
338 2016
339 2037
339 1921
339 2371
340 2376
340 1686
340 2028
341 1771
341 1613
341 2185
342 1689
342 2106
342 2171
343 2214
343 1764
343 2348
344 1839
344 1671
344 2388
345 2081
345 1910
345 2364
346 1978
346 1967
346 2247
347 2067
347 2381
347 1803
348 2391
348 1779
348 2191
349 2113
349 1653
349 1871
350 1767
350 1689
350 1659
351 1614
351 1692
351 2211
352 1811
352 1869
352 1706
353 1945
353 2035
353 2084
354 2171
354 1681
354 2270
355 1606
355 1965
355 2260
356 2079
356 1742
356 1962
357 2079
357 1815
357 2112
358 1654
358 1751
358 1726
359 1845
359 1844
359 1865
360 2249
360 1845
360 1849
361 2004
361 1766
361 2076
362 2180
362 1902
362 2113
363 1700
363 1824
363 1973
364 1729
364 1955
364 1728
365 2281
365 2341
365 1865
366 2038
366 1791
366 1692
367 2036
367 2301
367 1966
368 1802
368 1997
368 2314
369 2331
369 1653
369 2293
370 2056
370 1997
370 1882
371 2090
371 2048
371 2176
372 1864
372 1906
372 2204
373 1615
373 1666
373 1650
374 2303
374 2029
374 1731
375 2274
375 2269
375 1887
376 2328
376 1733
376 1823
377 1608
377 2214
377 2234
378 1734
378 1901
378 2200
379 1905
379 1928
379 2367
380 2145
380 2162
380 2076
381 1821
381 1600
381 2084
382 1780
382 2052
382 2027
383 1706
383 1737
383 1954
384 2087
384 2098
384 2181
385 2325
385 1764
385 1826
386 2360
386 2324
386 2354
387 1604
387 1681
387 1618
388 1999
388 2064
388 2043
389 1982
389 2107
389 2120
390 2386
390 2147
390 2184
391 1643
391 1621
391 1713
392 1869
392 2246
392 1618
393 2354
393 1709
393 1899
394 2215
394 2057
394 2130
395 1779
395 2221
395 1857
396 1898
396 2077
396 2262
397 1737
397 1872
397 2333
398 2385
398 1970
398 2239
399 1709
399 2273
399 2342
400 2165
400 1863
400 2214
401 1716
401 2340
401 1791
402 2389
402 2217
402 2179
403 2306
403 2382
403 2315
404 1862
404 2348
404 2175
405 2239
405 1821
405 1898
406 1746
406 1674
406 1728
407 2258
407 1852
407 2147
408 1857
408 2252
408 2323
409 1860
409 2274
409 2188
410 1924
410 2191
410 2141
411 1969
411 2377
411 1978
412 1938
412 1852
412 2209
413 2327
413 2256
413 2329
414 1809
414 1796
414 1922
415 2312
415 1759
415 2275
416 1985
416 1898
416 2217
417 1617
417 1950
417 1699
418 2243
418 1728
418 1852
419 2126
419 1933
419 2052
420 2020
420 1702
420 2147
421 2112
421 1955
421 2118
422 2310
422 1876
422 1676
423 2265
423 1998
423 2144
424 2171
424 1737
424 2355
425 1902
425 1948
425 2083
426 2203
426 1609
426 2247
427 1779
427 2087
427 1863
428 2135
428 2090
428 2299
429 1964
429 1715
429 2145
430 2088
430 2247
430 2216
431 1688
431 2115
431 2188
432 2269
432 2094
432 2095
433 1860
433 1778
433 2315
434 2163
434 1757
434 1823
435 1715
435 2040
435 1956
436 1834
436 2149
436 1692
437 2385
437 1955
437 1780
438 2068
438 1750
438 1953
439 1919
439 2174
439 2393
440 1700
440 1875
440 2094
441 1662
441 2337
441 2380
442 1829
442 1601
442 2235
443 1883
443 1606
443 1922
444 2331
444 1604
444 2066
445 2050
445 1916
445 1990
446 2361
446 1743
446 2127
447 1770
447 2105
447 1765
448 2073
448 2386
448 1868
449 2162
449 1780
449 2071
450 1941
450 2004
450 2399
451 2256
451 1966
451 2264
452 1836
452 1803
452 1660
453 2298
453 1709
453 2231
454 1987
454 1944
454 2164
455 1927
455 1725
455 2310
456 2323
456 1751
456 2058
457 1688
457 1618
457 2006
458 1915
458 1859
458 2170
459 1715
459 1752
459 2389
460 2195
460 2112
460 2376
461 2398
461 1857
461 1836
462 1734
462 1660
462 2249
463 1828
463 2291
463 2005
464 2153
464 2265
464 1990
465 1969
465 1899
465 2313
466 1656
466 2372
466 1942
467 1905
467 1838
467 2318
468 1618
468 2115
468 1952
469 1967
469 2232
469 2304
470 1722
470 1848
470 1707
471 2275
471 2065
471 2323
472 2241
472 1653
472 2283
473 2250
473 2365
473 2145
474 1607
474 2176
474 1739
475 1830
475 2348
475 1787
476 1691
476 1972
476 1997
477 2031
477 2203
477 1756
478 2350
478 2154
478 2325
479 1970
479 1717
479 1850
480 1626
480 1612
480 2077
481 2215
481 1738
481 1695
482 2096
482 1907
482 1900
483 1951
483 2026
483 2132
484 1969
484 2285
484 2187
485 1751
485 1955
485 2315
486 2025
486 2396
486 1633
487 2170
487 1756
487 2011
488 1954
488 2100
488 2300
489 2377
489 1959
489 2150
490 2268
490 2024
490 2140
491 2068
491 2243
491 1872
492 2292
492 2366
492 1805
493 2120
493 2365
493 2105
494 2051
494 2251
494 2328
495 1658
495 1699
495 1722
496 1896
496 1627
496 2242
497 1710
497 1675
497 2191
498 2103
498 2012
498 1836
499 2236
499 1933
499 1939
500 2283
500 1634
500 1760
501 1806
501 1807
501 1877
502 1881
502 1685
502 1936
503 1618
503 1772
503 1760
504 1769
504 1886
504 2335
505 1762
505 1765
505 1665
506 1754
506 1907
506 2141
507 1724
507 2196
507 1793
508 1783
508 2333
508 1868
509 1713
509 2022
509 1647
510 1825
510 1685
510 2233
511 1955
511 1846
511 2352
512 1743
512 1632
512 2021
513 2383
513 1732
513 2190
514 1815
514 2195
514 2308
515 2160
515 1972
515 2397
516 2006
516 2196
516 2201
517 2137
517 2100
517 1946
518 2198
518 2014
518 2210
519 1655
519 2122
519 2018
520 2080
520 1629
520 2253
521 1857
521 1663
521 1717
522 2272
522 2255
522 2200
523 2180
523 1816
523 2293
524 2307
524 1986
524 2019
525 1830
525 2242
525 2014
526 2003
526 1840
526 1869
527 2149
527 2087
527 2339
528 1995
528 1811
528 1698
529 2382
529 1656
529 1667
530 1689
530 2136
530 2337
531 1735
531 2087
531 2163
532 2363
532 1655
532 2060
533 1701
533 1962
533 2311
534 1878
534 1901
534 2155
535 2041
535 2000
535 2369
536 1677
536 2208
536 1868
537 2159
537 1605
537 1757
538 2377
538 1672
538 1668
539 2350
539 2320
539 1803
540 1891
540 1696
540 1846
541 1809
541 2146
541 2390
542 2017
542 1847
542 1609
543 2322
543 2232
543 1918
544 2178
544 1649
544 1895
545 1746
545 1865
545 2159
546 1928
546 2152
546 1646
547 1696
547 2208
547 1662
548 1849
548 2149
548 2338
549 1919
549 2366
549 2352
550 2146
550 1729
550 2133
551 2280
551 2257
551 1931
552 1905
552 1894
552 2207
553 1682
553 1963
553 1818
554 1712
554 1945
554 2155
555 2087
555 1678
555 2018
556 1753
556 1601
556 1792
557 1684
557 1750
557 1725
558 2263
558 1902
558 2002
559 2080
559 2032
559 2353
560 1760
560 2357
560 1792
561 1745
561 2120
561 2131
562 2397
562 1806
562 1679
563 1870
563 1946
563 1896
564 1711
564 2223
564 1980
565 2003
565 1799
565 1955
566 2317
566 1883
566 2380
567 1694
567 2136
567 1980
568 2098
568 1801
568 2303
569 1848
569 2102
569 2052
570 2139
570 1976
570 1921
571 1893
571 1819
571 1890
572 1684
572 2387
572 2136
573 2291
573 1730
573 1838
574 2208
574 1967
574 1725
575 2150
575 1871
575 2087
576 2044
576 1657
576 2231
577 2020
577 1782
577 1991
578 1749
578 2029
578 2312
579 2183
579 2358
579 1671
580 2346
580 2302
580 2181
581 2122
581 2152
581 1837
582 2284
582 1721
582 1601
583 1835
583 1778
583 2101
584 2218
584 2030
584 1932
585 2377
585 1901
585 1840
586 1901
586 1889
586 1732
587 2278
587 2357
587 1761
588 2197
588 1784
588 2150
589 1787
589 2356
589 2164
590 2011
590 1672
590 1997
591 2207
591 2037
591 1849
592 2241
592 2071
592 1726
593 1871
593 1964
593 1693
594 2363
594 2300
594 1683
595 2225
595 2053
595 1851
596 2371
596 1642
596 2272
597 2350
597 2143
597 2338
598 1818
598 1708
598 2058
599 2151
599 1985
599 1645
600 2345
600 2149
600 2358
601 1794
601 1745
601 1702
602 1807
602 1809
602 1702
603 2016
603 2225
603 1802
604 1828
604 1774
604 2069
605 2268
605 1788
605 1651
606 2010
606 1988
606 1959
607 1935
607 2370
607 1645
608 1671
608 2163
608 1984
609 2087
609 1943
609 1852
610 1951
610 2205
610 2189
611 2282
611 2082
611 1954
612 2256
612 1754
612 1921
613 2063
613 1915
613 1606
614 1620
614 2271
614 2017
615 2043
615 1879
615 1833
616 2170
616 1824
616 1896
617 2156
617 2153
617 2016
618 1676
618 1807
618 2246
619 2362
619 1843
619 1885
620 2376
620 1659
620 2238
621 2371
621 2227
621 1715
622 2177
622 1869
622 1719
623 2265
623 2076
623 2111
624 2290
624 2150
624 1667
625 1686
625 2066
625 1861
626 1829
626 2307
626 1700
627 2352
627 2071
627 1885
628 2129
628 1871
628 2324
629 2025
629 1973
629 1621
630 2060
630 1739
630 2016
631 2346
631 1806
631 2265
632 2262
632 2170
632 2214
633 1684
633 1678
633 1669
634 1763
634 2253
634 1823
635 2108
635 1662
635 2131
636 1822
636 1733
636 1731
637 1982
637 1915
637 2384
638 1809
638 1880
638 1752
639 2149
639 1853
639 1966
640 2213
640 2013
640 1679
641 2132
641 2339
641 2108
642 1626
642 1677
642 1796
643 2150
643 1640
643 1833
644 1668
644 2384
644 2169
645 2297
645 2344
645 2399
646 2399
646 1689
646 2024
647 1797
647 2364
647 2019
648 2294
648 2044
648 2071
649 2281
649 2026
649 1924
650 2034
650 1923
650 2239
651 2215
651 2088
651 1809
652 1718
652 2103
652 1668
653 2330
653 1941
653 2276
654 1971
654 1621
654 2094
655 2144
655 2093
655 1897
656 2028
656 1950
656 1828
657 2096
657 1719
657 2011
658 2399
658 2264
658 2344
659 2136
659 2180
659 2391
660 2281
660 2184
660 2103
661 1722
661 2240
661 1647
662 1696
662 1756
662 1962
663 2371
663 2065
663 2041
664 2314
664 1627
664 2342
665 1799
665 1727
665 1724
666 2342
666 1653
666 2110
667 1939
667 1628
667 1706
668 1964
668 2387
668 1934
669 1924
669 1805
669 1786
670 2133
670 1980
670 1993
671 2006
671 1707
671 2147
672 1806
672 2154
672 2214
673 2103
673 2345
673 2379
674 2020
674 1806
674 1767
675 2332
675 2206
675 2089
676 2269
676 2045
676 2024
677 2032
677 1616
677 2265
678 2212
678 2048
678 2118
679 1777
679 2106
679 1835
680 1777
680 1853
680 2292
681 1703
681 1958
681 1669
682 2171
682 2062
682 1662
683 2017
683 1810
683 2118
684 2265
684 1809
684 2169
685 1861
685 2322
685 2211
686 2113
686 1754
686 2166
687 2030
687 2093
687 1616
688 1849
688 2066
688 1818
689 2298
689 2119
689 1758
690 2391
690 2365
690 2220
691 2289
691 2147
691 1673
692 2232
692 2049
692 1776
693 2218
693 2115
693 2094
694 2264
694 1642
694 1661
695 2020
695 2141
695 1765
696 1936
696 1945
696 2107
697 2078
697 2031
697 2075
698 1666
698 2252
698 1779
699 2261
699 2011
699 2358
700 1961
700 2193
700 2242
701 2215
701 2373
701 1662
702 2116
702 2004
702 1742
703 2060
703 2287
703 1860
704 2167
704 2079
704 1954
705 1915
705 1758
705 2316
706 2073
706 2226
706 2120
707 2043
707 2038
707 2126
708 1902
708 2396
708 1869
709 2381
709 1964
709 1705
710 2221
710 2082
710 2203
711 2044
711 1645
711 2164
712 1922
712 1637
712 2178
713 2248
713 1666
713 2057
714 2361
714 1822
714 1848
715 2011
715 1811
715 1828
716 2393
716 1764
716 2229
717 2367
717 1665
717 1621
718 2223
718 1739
718 2219
719 2174
719 1741
719 1630
720 2303
720 2102
720 1932
721 2312
721 1986
721 2376
722 1812
722 1706
722 1695
723 2004
723 1911
723 2167
724 2181
724 2024
724 1857
725 2113
725 2097
725 1677
726 2289
726 1709
726 1792
727 2212
727 1608
727 2350
728 1737
728 2188
728 2094
729 2043
729 1610
729 2178
730 2301
730 2145
730 2361
731 2159
731 1806
731 2049
732 2294
732 1775
732 2372
733 2272
733 2060
733 2275
734 1971
734 1794
734 1808
735 2152
735 1669
735 1867
736 2175
736 2167
736 1633
737 1958
737 2159
737 2124
738 2389
738 2319
738 2086
739 2140
739 2085
739 1787
740 2264
740 2197
740 2305
741 2392
741 1665
741 1937
742 2231
742 2321
742 2113
743 2376
743 1899
743 2225
744 2243
744 1971
744 1838
745 2275
745 1842
745 2060
746 1665
746 2377
746 1626
747 2290
747 1993
747 1742
748 1874
748 1837
748 1786
749 1635
749 1971
749 2268
750 2120
750 2035
750 2102
751 2223
751 2177
751 1738
752 1724
752 1632
752 1649
753 2389
753 2064
753 2216
754 1781
754 1663
754 1824
755 1969
755 2204
755 1630
756 1714
756 2122
756 2177
757 1729
757 1960
757 2378
758 2034
758 1723
758 1630
759 2055
759 1803
759 2038
760 2275
760 2148
760 1604
761 2293
761 1894
761 1608
762 2015
762 1933
762 2208
763 2230
763 1804
763 1824
764 1962
764 1638
764 1971
765 1864
765 1745
765 2155
766 1971
766 1969
766 2143
767 2196
767 2007
767 1799
768 1709
768 1661
768 2164
769 2386
769 1798
769 1841
770 1863
770 2019
770 1966
771 2137
771 1997
771 1817
772 2078
772 1611
772 2340
773 2173
773 1888
773 2229
774 2017
774 1836
774 2286
775 1784
775 1623
775 2200
776 2145
776 2062
776 2289
777 2396
777 2330
777 2171
778 2318
778 1876
778 1957
779 2331
779 2207
779 2093
780 2095
780 2014
780 1716
781 2336
781 1642
781 2188
782 2219
782 2250
782 2302
783 2295
783 2104
783 2218
784 2125
784 2012
784 1656
785 1911
785 1908
785 2057
786 2087
786 1932
786 1633
787 1633
787 1625
787 2011
788 1997
788 1970
788 2059
789 2077
789 1925
789 1699
790 2263
790 2089
790 2285
791 1743
791 1643
791 2033
792 2348
792 2227
792 2050
793 1758
793 1956
793 2112
794 1881
794 1840
794 2315
795 2287
795 1770
795 2195
796 1995
796 1938
796 2220
797 2048
797 1696
797 2032
798 2295
798 1919
798 1918
799 1768
799 1891
799 1734
800 1906
800 1631
800 2286
801 2193
801 2047
801 2354
802 1839
802 1683
802 1757
803 1822
803 1980
803 1734
804 1699
804 2298
804 2398
805 2159
805 2158
805 2064
806 1831
806 1765
806 1951
807 2083
807 2037
807 1605
808 1911
808 1920
808 2174
809 1697
809 1694
809 2044
810 2064
810 2195
810 1832
811 1855
811 1653
811 1747
812 1811
812 1966
812 2297
813 1997
813 1855
813 1884
814 2347
814 2333
814 1959
815 2398
815 1870
815 2020
816 1728
816 1865
816 2184
817 1938
817 1923
817 1642
818 2149
818 1916
818 2245
819 2129
819 1922
819 1614
820 2329
820 2240
820 2189
821 2068
821 2221
821 2302
822 2263
822 1684
822 2141
823 2244
823 2264
823 1781
824 1969
824 1653
824 2203
825 2073
825 1645
825 1725
826 1745
826 2152
826 2007
827 2164
827 1860
827 2375
828 2377
828 2334
828 1939
829 2347
829 2240
829 2046
830 2045
830 2008
830 2151
831 1736
831 1805
831 1852
832 2143
832 2377
832 2256
833 1737
833 2150
833 1726
834 2199
834 1753
834 2291
835 2254
835 2226
835 2063
836 2023
836 2317
836 2038
837 2135
837 2075
837 1802
838 2307
838 2231
838 1807
839 2014
839 1672
839 2371
840 1737
840 1700
840 1636
841 1741
841 1636
841 2079
842 2282
842 1966
842 1878
843 2354
843 2334
843 1656
844 2277
844 1855
844 2115
845 1777
845 1757
845 2140
846 1990
846 1839
846 2036
847 1706
847 2137
847 2201
848 2391
848 2243
848 2163
849 1611
849 2104
849 2352
850 2211
850 1964
850 2229
851 2196
851 2354
851 2194
852 2294
852 1629
852 1821
853 2213
853 2025
853 2380
854 2132
854 2031
854 2354
855 2258
855 2018
855 1687
856 2090
856 1852
856 1758
857 1810
857 1805
857 1745
858 1866
858 1916
858 1871
859 2348
859 1659
859 2054
860 1853
860 1831
860 1663
861 2070
861 2178
861 1630
862 2043
862 1926
862 1861
863 2309
863 2266
863 2157
864 2184
864 2318
864 1957
865 2307
865 1965
865 1804
866 2129
866 1734
866 1673
867 1763
867 1720
867 1938
868 2269
868 1636
868 1894
869 1605
869 1978
869 1621
870 2033
870 1817
870 2389
871 2394
871 1648
871 2019
872 1737
872 1788
872 2224
873 1943
873 1712
873 1675
874 2155
874 2306
874 2378
875 2038
875 2046
875 1602
876 2362
876 2101
876 2360
877 1830
877 2216
877 1820
878 2356
878 1936
878 2248
879 2173
879 2242
879 1825
880 1833
880 2078
880 1982
881 2225
881 1783
881 2155
882 1881
882 1878
882 2353
883 1705
883 2030
883 2180
884 2079
884 1909
884 2170
885 2133
885 1901
885 1878
886 2122
886 1795
886 2003
887 1874
887 1632
887 2384
888 2187
888 2320
888 2118
889 2295
889 1985
889 1819
890 1621
890 2059
890 1973
891 2058
891 2307
891 1938
892 1822
892 2077
892 2297
893 1790
893 2071
893 2137
894 2388
894 1907
894 2336
895 1760
895 2136
895 1872
896 2128
896 1785
896 1916
897 2232
897 1671
897 1705
898 1996
898 2154
898 1773
899 2241
899 2208
899 2350
900 2189
900 1947
900 1655
901 2007
901 2272
901 1832
902 2299
902 1783
902 1626
903 2090
903 1840
903 1956
904 2135
904 1949
904 2345
905 2274
905 1769
905 2366
906 2290
906 1600
906 1836
907 2039
907 1901
907 1720
908 2218
908 2088
908 1986
909 1850
909 1767
909 1706
910 2153
910 2068
910 2178
911 1706
911 1611
911 1953
912 2158
912 1910
912 1761
913 1768
913 2320
913 2362
914 2083
914 1904
914 1851
915 1822
915 1711
915 1650
916 2276
916 1875
916 2159
917 2109
917 2105
917 2328
918 2053
918 1725
918 1840
919 2165
919 1977
919 1844
920 1952
920 2216
920 1735
921 2266
921 1853
921 1790
922 1765
922 1685
922 2173
923 2320
923 1865
923 1741
924 1950
924 2118
924 2252
925 1841
925 2356
925 2041
926 1948
926 2370
926 1622
927 2264
927 1698
927 2257
928 2099
928 1783
928 1621
929 1710
929 1916
929 1694
930 2197
930 1735
930 1744
931 1702
931 1928
931 1993
932 2102
932 1801
932 2258
933 1709
933 2212
933 2297
934 2340
934 2109
934 2019
935 1812
935 1993
935 1735
936 2277
936 2017
936 1607
937 1722
937 2366
937 2037
938 1690
938 2186
938 2068
939 1875
939 1655
939 1929
940 1862
940 1782
940 2008
941 2110
941 1710
941 1817
942 2323
942 1786
942 1777
943 1994
943 2137
943 1667
944 1804
944 1658
944 1748
945 2159
945 1820
945 1728
946 2303
946 2366
946 2044
947 1804
947 1630
947 1890
948 1893
948 1996
948 2015
949 2100
949 1936
949 2123
950 2385
950 2259
950 1674
951 2020
951 2162
951 1822
952 2243
952 1634
952 2030
953 2028
953 1674
953 2178
954 2002
954 2122
954 1830
955 2124
955 2202
955 1791
956 2126
956 1917
956 1650
957 2363
957 2281
957 1684
958 1804
958 1710
958 1909
959 1841
959 2318
959 1783
960 2045
960 2176
960 2202
961 1789
961 2125
961 2153
962 1878
962 2182
962 1780
963 1817
963 1711
963 2093
964 1709
964 1697
964 2352
965 1736
965 1978
965 2154
966 2086
966 2084
966 2250
967 2018
967 1834
967 2363
968 1932
968 1784
968 2058
969 2076
969 2206
969 2369
970 2131
970 1657
970 1753
971 1601
971 1691
971 2268
972 2053
972 1695
972 2184
973 1825
973 1845
973 1780
974 1866
974 1826
974 1630
975 1822
975 1717
975 2153
976 1768
976 2281
976 2335
977 1637
977 2159
977 1819
978 2221
978 2118
978 1753
979 1711
979 2239
979 1612
980 2165
980 2384
980 2001
981 1953
981 1658
981 2312
982 2312
982 2140
982 1831
983 1929
983 2266
983 1925
984 2362
984 2232
984 2097
985 2289
985 1947
985 2143
986 1837
986 1823
986 1782
987 1938
987 1792
987 1709
988 2061
988 2338
988 2024
989 2394
989 2216
989 2165
990 2391
990 1836
990 2347
991 1971
991 1847
991 2180
992 2116
992 1721
992 2004
993 2373
993 1827
993 2363
994 1877
994 1845
994 2074
995 2135
995 2111
995 1870
996 1751
996 2147
996 2101
997 1926
997 1922
997 2230
998 1642
998 2175
998 1873
999 1726
999 2218
999 1891
1000 2220
1000 1604
1000 2084
1001 2339
1001 1893
1001 1866
1002 1805
1002 2303
1002 2223
1003 2302
1003 2242
1003 2062
1004 1716
1004 2100
1004 2181
1005 1704
1005 1779
1005 1734
1006 2098
1006 1855
1006 2046
1007 2116
1007 2062
1007 2004
1008 2339
1008 1994
1008 1936
1009 2127
1009 2358
1009 1824
1010 1990
1010 1915
1010 2378
1011 2247
1011 1923
1011 2126
1012 2152
1012 2392
1012 2173
1013 2213
1013 2120
1013 1608
1014 2234
1014 1647
1014 1607
1015 2226
1015 2073
1015 1903
1016 2012
1016 1972
1016 2306
1017 1654
1017 2316
1017 2156
1018 1861
1018 1693
1018 2133
1019 1738
1019 1986
1019 1827
1020 2098
1020 2071
1020 2281
1021 2204
1021 1717
1021 1858
1022 2301
1022 2219
1022 1775
1023 2203
1023 1969
1023 1739
1024 2296
1024 2144
1024 2237
1025 1887
1025 2140
1025 2290
1026 2375
1026 1829
1026 1943
1027 1926
1027 2357
1027 1635
1028 2376
1028 1651
1028 2080
1029 1935
1029 2320
1029 2389
1030 2032
1030 1638
1030 1900
1031 1707
1031 2223
1031 1735
1032 1679
1032 1715
1032 2334
1033 2158
1033 1699
1033 1659
1034 2384
1034 2351
1034 1784
1035 1986
1035 2122
1035 1918
1036 1901
1036 2376
1036 1822
1037 2394
1037 2188
1037 2031
1038 1958
1038 1943
1038 2356
1039 1877
1039 2050
1039 1702
1040 1711
1040 1634
1040 1980
1041 1697
1041 1750
1041 1886
1042 2026
1042 2080
1042 2117
1043 2035
1043 2025
1043 2185
1044 2028
1044 1957
1044 2324
1045 1752
1045 1815
1045 2166
1046 1732
1046 1624
1046 2320
1047 2093
1047 1670
1047 1982
1048 2042
1048 1992
1048 2254
1049 2349
1049 1732
1049 2053
1050 2045
1050 2123
1050 1801
1051 2261
1051 1645
1051 2292
1052 2079
1052 1928
1052 1993
1053 1817
1053 2096
1053 1664
1054 2283
1054 2374
1054 1614
1055 2229
1055 2085
1055 1862
1056 2056
1056 1861
1056 1836
1057 2092
1057 1945
1057 1801
1058 2038
1058 2131
1058 1627
1059 1965
1059 1638
1059 1799
1060 1636
1060 2229
1060 1856
1061 2342
1061 2136
1061 1623
1062 2147
1062 2013
1062 2142
1063 2080
1063 1721
1063 1912
1064 2004
1064 1917
1064 2120
1065 1652
1065 2105
1065 1903
1066 2126
1066 1774
1066 1846
1067 1983
1067 1971
1067 1706
1068 2158
1068 1864
1068 2384
1069 2125
1069 1705
1069 2000
1070 1907
1070 2398
1070 2311
1071 2137
1071 1904
1071 2131
1072 1644
1072 2325
1072 2180
1073 2178
1073 1792
1073 1916
1074 1674
1074 2163
1074 1967
1075 2286
1075 2242
1075 2058
1076 2047
1076 2253
1076 2156
1077 2192
1077 2153
1077 2322
1078 2036
1078 1791
1078 2133
1079 1983
1079 1884
1079 2227
1080 2291
1080 1626
1080 1632
1081 1766
1081 2150
1081 2325
1082 2309
1082 2301
1082 1881
1083 2240
1083 1750
1083 2364
1084 2003
1084 1874
1084 2232
1085 2073
1085 1943
1085 2163
1086 2352
1086 1793
1086 1624
1087 1828
1087 1773
1087 1810
1088 2248
1088 1763
1088 2220
1089 1880
1089 2386
1089 2303
1090 2173
1090 2003
1090 1970
1091 1834
1091 1764
1091 2327
1092 2323
1092 2261
1092 2090
1093 1726
1093 1795
1093 2201
1094 1899
1094 1616
1094 1959
1095 2103
1095 2028
1095 2184
1096 2300
1096 2040
1096 1730
1097 2335
1097 2135
1097 1771
1098 1824
1098 2237
1098 2210
1099 2325
1099 2225
1099 1963
1100 2103
1100 1683
1100 1760
1101 2255
1101 1760
1101 2063
1102 1690
1102 1920
1102 1630
1103 2041
1103 2043
1103 1622
1104 2072
1104 1878
1104 2361
1105 2281
1105 1984
1105 1979
1106 2163
1106 2266
1106 1885
1107 2288
1107 2008
1107 1785
1108 1921
1108 1835
1108 1629
1109 2198
1109 2285
1109 2171
1110 2087
1110 2174
1110 1770
1111 2299
1111 2264
1111 1887
1112 2251
1112 1643
1112 2112
1113 2254
1113 1916
1113 1894
1114 2181
1114 1977
1114 1923
1115 1972
1115 2251
1115 1867
1116 1944
1116 1928
1116 2169
1117 1725
1117 2232
1117 1909
1118 1710
1118 1884
1118 1738
1119 2381
1119 2052
1119 2044
1120 2164
1120 1619
1120 1693
1121 1882
1121 2336
1121 2105
1122 2240
1122 1822
1122 1810
1123 1948
1123 1926
1123 1612
1124 1928
1124 1923
1124 2335
1125 1777
1125 1834
1125 1703
1126 2168
1126 1755
1126 1992
1127 2110
1127 2322
1127 1949
1128 1773
1128 1811
1128 2204
1129 1870
1129 1671
1129 2262
1130 1617
1130 2113
1130 1846
1131 1720
1131 1963
1131 1855
1132 2173
1132 1647
1132 2140
1133 1788
1133 1896
1133 2372
1134 2029
1134 1800
1134 2391
1135 2380
1135 1952
1135 1724
1136 1644
1136 1871
1136 2021
1137 2184
1137 2298
1137 2102
1138 2222
1138 2388
1138 2319
1139 1714
1139 1937
1139 1979
1140 1789
1140 1923
1140 1747
1141 2346
1141 1704
1141 2312
1142 2002
1142 1688
1142 1681
1143 2387
1143 1797
1143 2386
1144 2246
1144 1922
1144 2126
1145 2272
1145 2322
1145 1855
1146 1979
1146 1774
1146 2073
1147 2241
1147 2147
1147 2017
1148 1765
1148 1671
1148 2245
1149 2147
1149 2114
1149 1667
1150 1930
1150 1897
1150 2021
1151 2073
1151 1761
1151 1620
1152 1904
1152 1981
1152 2280
1153 1774
1153 2193
1153 2000
1154 2324
1154 2281
1154 1675
1155 2125
1155 2092
1155 1612
1156 2316
1156 2261
1156 2340
1157 2193
1157 2056
1157 1667
1158 2191
1158 1848
1158 2373
1159 1609
1159 1795
1159 1783
1160 1932
1160 2275
1160 2079
1161 1929
1161 1894
1161 1976
1162 1712
1162 1668
1162 2015
1163 2368
1163 2016
1163 1995
1164 2170
1164 1603
1164 2076
1165 1807
1165 2313
1165 2055
1166 1807
1166 1709
1166 1837
1167 2019
1167 1743
1167 1676
1168 2061
1168 1610
1168 2134
1169 1637
1169 2257
1169 1971
1170 2028
1170 1818
1170 2124
1171 2293
1171 1801
1171 2308
1172 2367
1172 2295
1172 1702
1173 1931
1173 1724
1173 2177
1174 2036
1174 2130
1174 1776
1175 1891
1175 1885
1175 1648
1176 2052
1176 2249
1176 1636
1177 2367
1177 2232
1177 1665
1178 2139
1178 2091
1178 1833
1179 1611
1179 2315
1179 2259
1180 2182
1180 2279
1180 1811
1181 2117
1181 2119
1181 2077
1182 2347
1182 1821
1182 2323
1183 2118
1183 1669
1183 1996
1184 2200
1184 1925
1184 2349
1185 2042
1185 1945
1185 2211
1186 2129
1186 1812
1186 2398
1187 1744
1187 2334
1187 2003
1188 1938
1188 2257
1188 2104
1189 1945
1189 1644
1189 1822
1190 2060
1190 2234
1190 2117
1191 2167
1191 2137
1191 1833
1192 1784
1192 1888
1192 1622
1193 2073
1193 1716
1193 2374
1194 1723
1194 1734
1194 2296
1195 2003
1195 1926
1195 1804
1196 1846
1196 1605
1196 2087
1197 2254
1197 1683
1197 1615
1198 1928
1198 2099
1198 1725
1199 1637
1199 2040
1199 2209
1200 1863
1200 2113
1200 2183
1201 2280
1201 1826
1201 1690
1202 2282
1202 2013
1202 1670
1203 1828
1203 1608
1203 1825
1204 1666
1204 1878
1204 1653
1205 1775
1205 1870
1205 1889
1206 2025
1206 1829
1206 1978
1207 1718
1207 2220
1207 2069
1208 1648
1208 1682
1208 1802
1209 1933
1209 1955
1209 2001
1210 2180
1210 1736
1210 2377
1211 2060
1211 1619
1211 2312
1212 1883
1212 2146
1212 1804
1213 1786
1213 1756
1213 1684
1214 1715
1214 2231
1214 2012
1215 2295
1215 2220
1215 2090
1216 1731
1216 1669
1216 2229
1217 2363
1217 1786
1217 2077
1218 1734
1218 2228
1218 2376
1219 2290
1219 1725
1219 2251
1220 2269
1220 2378
1220 1743
1221 1751
1221 1725
1221 1626
1222 1991
1222 1860
1222 1683
1223 1929
1223 2118
1223 1682
1224 1685
1224 1819
1224 2202
1225 1728
1225 2199
1225 2065
1226 1976
1226 2124
1226 1950
1227 1749
1227 1854
1227 2054
1228 2193
1228 1950
1228 2065
1229 2275
1229 2159
1229 2009
1230 2039
1230 1907
1230 1767
1231 2374
1231 1904
1231 2188
1232 2338
1232 1874
1232 2283
1233 1714
1233 1721
1233 2342
1234 2318
1234 1930
1234 2071
1235 1995
1235 1747
1235 1622
1236 2252
1236 2322
1236 1613
1237 2338
1237 2277
1237 2030
1238 1854
1238 1826
1238 1671
1239 2197
1239 2165
1239 1670
1240 2251
1240 1753
1240 1761
1241 2290
1241 1715
1241 1696
1242 2308
1242 1705
1242 2391
1243 2376
1243 2394
1243 2051
1244 2006
1244 1964
1244 2050
1245 2137
1245 2153
1245 1978
1246 1700
1246 1914
1246 2311
1247 1967
1247 1607
1247 1823
1248 1736
1248 2304
1248 2289
1249 1755
1249 1621
1249 1722
1250 1734
1250 1878
1250 2023
1251 2327
1251 1706
1251 1771
1252 1814
1252 2274
1252 2399
1253 1832
1253 2195
1253 2317
1254 1915
1254 1692
1254 1882
1255 1956
1255 1784
1255 1726
1256 2158
1256 2380
1256 2036
1257 1689
1257 2196
1257 1752
1258 2259
1258 1985
1258 1632
1259 2372
1259 2342
1259 2212
1260 1642
1260 2143
1260 2254
1261 2394
1261 2304
1261 2096
1262 2357
1262 1754
1262 1736
1263 2255
1263 2294
1263 2341
1264 2353
1264 1788
1264 2132
1265 1716
1265 1726
1265 1685
1266 1749
1266 2103
1266 2323
1267 1924
1267 2083
1267 1972
1268 1812
1268 2198
1268 1833
1269 2329
1269 2114
1269 1861
1270 1833
1270 2287
1270 2178
1271 1898
1271 1821
1271 2031
1272 2338
1272 1680
1272 1779
1273 1641
1273 1633
1273 1852
1274 1718
1274 2017
1274 2078
1275 2324
1275 1697
1275 1843
1276 1851
1276 2347
1276 2375
1277 2390
1277 1958
1277 2146
1278 2136
1278 2043
1278 1761
1279 1634
1279 1947
1279 1738
1280 1931
1280 2221
1280 1741
1281 1758
1281 2045
1281 2245
1282 1666
1282 2167
1282 2364
1283 2168
1283 1927
1283 2184
1284 1755
1284 2142
1284 2370
1285 2067
1285 2068
1285 2282
1286 2172
1286 2389
1286 2272
1287 1971
1287 2078
1287 2284
1288 2121
1288 2005
1288 2131
1289 2219
1289 1973
1289 2345
1290 2088
1290 1972
1290 2117
1291 1697
1291 1665
1291 1932
1292 1614
1292 1849
1292 2280
1293 1646
1293 1701
1293 2337
1294 1971
1294 1693
1294 2340
1295 1827
1295 1954
1295 2313
1296 2199
1296 2334
1296 1811
1297 2067
1297 1622
1297 2038
1298 1682
1298 1612
1298 2030
1299 1734
1299 1991
1299 2047
1300 1673
1300 1686
1300 1702
1301 1659
1301 1994
1301 2074
1302 2026
1302 2191
1302 2299
1303 1745
1303 2385
1303 1872
1304 2210
1304 2166
1304 1802
1305 1887
1305 1986
1305 2089
1306 1669
1306 2012
1306 2015
1307 1842
1307 1811
1307 1901
1308 2305
1308 1722
1308 2159
1309 1766
1309 1773
1309 1944
1310 2178
1310 1785
1310 2284
1311 2065
1311 1931
1311 2107
1312 1753
1312 1901
1312 1855
1313 1672
1313 1908
1313 2379
1314 1819
1314 1638
1314 2172
1315 1857
1315 1690
1315 2213
1316 1637
1316 1740
1316 1966
1317 1978
1317 2177
1317 2322
1318 1778
1318 1644
1318 1710
1319 2128
1319 1800
1319 2064
1320 1756
1320 1850
1320 2068
1321 2252
1321 2276
1321 2394
1322 1962
1322 1612
1322 2139
1323 2370
1323 2214
1323 2311
1324 1936
1324 1751
1324 2048
1325 2128
1325 2174
1325 2216
1326 1792
1326 1727
1326 2261
1327 1645
1327 2343
1327 1807
1328 2027
1328 2159
1328 1895
1329 1885
1329 2090
1329 2127
1330 1716
1330 1795
1330 2367
1331 2334
1331 2339
1331 1939
1332 2168
1332 2017
1332 1925
1333 2058
1333 2331
1333 2387
1334 1847
1334 2237
1334 2379
1335 1662
1335 1903
1335 1727
1336 2374
1336 2252
1336 1733
1337 2301
1337 1727
1337 1974
1338 1679
1338 2023
1338 2395
1339 1983
1339 1709
1339 2305
1340 1925
1340 1979
1340 2239
1341 1614
1341 1838
1341 2287
1342 1665
1342 1686
1342 2151
1343 1967
1343 1982
1343 2228
1344 2144
1344 2233
1344 1854
1345 1675
1345 1866
1345 2379
1346 1967
1346 2363
1346 2086
1347 2168
1347 1662
1347 1899
1348 1762
1348 2151
1348 1846
1349 1602
1349 1801
1349 2027
1350 2182
1350 2203
1350 2157
1351 1740
1351 1957
1351 2262
1352 2112
1352 2151
1352 2391
1353 1744
1353 1755
1353 2312
1354 1633
1354 1835
1354 2367
1355 2070
1355 2150
1355 2144
1356 2164
1356 2243
1356 2357
1357 1709
1357 1620
1357 2286
1358 1861
1358 2233
1358 1810
1359 2050
1359 1858
1359 2300
1360 1755
1360 1701
1360 2381
1361 2193
1361 2074
1361 2311
1362 2226
1362 1679
1362 1752
1363 1768
1363 1749
1363 2385
1364 1831
1364 2308
1364 2153
1365 1845
1365 2130
1365 2296
1366 2259
1366 2388
1366 1794
1367 1958
1367 1995
1367 2302
1368 1781
1368 2133
1368 1824
1369 1694
1369 1850
1369 1879
1370 1652
1370 2164
1370 1941
1371 2171
1371 1616
1371 1971
1372 1779
1372 1743
1372 1996
1373 2311
1373 1717
1373 2084
1374 2159
1374 1946
1374 2259
1375 2399
1375 2136
1375 2313
1376 1656
1376 1915
1376 2337
1377 2026
1377 1998
1377 1859
1378 1649
1378 1761
1378 2309
1379 1833
1379 1958
1379 1660
1380 1795
1380 1697
1380 2234
1381 1643
1381 2022
1381 2064
1382 1864
1382 1875
1382 2237
1383 1774
1383 2136
1383 1806
1384 1951
1384 1847
1384 2353
1385 2256
1385 2067
1385 2237
1386 2223
1386 2243
1386 1692
1387 2035
1387 2084
1387 2321
1388 1676
1388 2228
1388 1967
1389 1758
1389 2259
1389 2348
1390 2394
1390 1909
1390 1718
1391 1601
1391 2132
1391 1822
1392 1751
1392 1816
1392 2366
1393 1851
1393 2249
1393 1672
1394 1649
1394 2075
1394 2390
1395 1935
1395 1959
1395 2015
1396 2089
1396 1671
1396 1793
1397 2116
1397 1746
1397 2158
1398 1953
1398 2191
1398 2192
1399 1776
1399 2137
1399 2396
1400 2086
1400 1655
1400 2050
1401 1836
1401 2379
1401 2293
1402 2048
1402 2270
1402 2371
1403 2373
1403 2037
1403 1846
1404 2306
1404 2161
1404 1859
1405 1982
1405 2130
1405 2227
1406 1798
1406 2285
1406 2149
1407 2185
1407 1850
1407 2333
1408 2099
1408 1739
1408 1893
1409 1980
1409 1961
1409 1962
1410 1634
1410 1717
1410 1894
1411 1762
1411 1872
1411 2085
1412 1794
1412 1757
1412 1835
1413 1915
1413 1713
1413 2175
1414 1633
1414 1651
1414 2081
1415 2170
1415 2031
1415 1708
1416 1638
1416 1878
1416 2024
1417 2057
1417 2278
1417 2373
1418 1705
1418 2068
1418 2366
1419 1631
1419 1931
1419 2274
1420 2268
1420 1728
1420 1689
1421 1777
1421 1807
1421 1909
1422 1719
1422 2396
1422 2305
1423 2120
1423 1655
1423 1792
1424 2102
1424 1609
1424 2008
1425 2190
1425 2023
1425 2176
1426 1638
1426 2369
1426 2394
1427 1902
1427 1942
1427 2127
1428 2171
1428 1619
1428 2315
1429 2003
1429 1759
1429 2262
1430 1939
1430 1814
1430 2242
1431 2237
1431 2339
1431 2363
1432 1731
1432 1613
1432 2042
1433 2307
1433 1761
1433 1763
1434 2275
1434 1968
1434 2006
1435 1729
1435 2009
1435 2225
1436 1881
1436 1912
1436 2106
1437 2114
1437 1698
1437 2179
1438 2293
1438 2139
1438 2338
1439 1671
1439 1789
1439 2339
1440 1828
1440 2002
1440 2395
1441 1924
1441 1991
1441 2074
1442 1993
1442 1881
1442 1961
1443 2196
1443 2303
1443 1956
1444 1738
1444 1843
1444 2108
1445 1755
1445 1674
1445 1963
1446 1726
1446 1812
1446 1764
1447 2134
1447 2143
1447 2161
1448 2190
1448 1991
1448 2167
1449 1951
1449 2132
1449 2241
1450 2115
1450 2234
1450 1677
1451 2084
1451 2079
1451 2130
1452 1728
1452 1702
1452 1790
1453 1779
1453 1677
1453 2307
1454 2325
1454 1679
1454 2075
1455 2280
1455 2024
1455 1958
1456 1922
1456 1636
1456 2064
1457 1655
1457 2230
1457 2222
1458 1769
1458 1608
1458 2210
1459 2237
1459 2240
1459 1793
1460 1952
1460 1781
1460 2306
1461 2068
1461 2061
1461 1891
1462 1635
1462 2357
1462 2005
1463 2080
1463 1951
1463 2131
1464 2221
1464 1698
1464 2170
1465 2138
1465 1649
1465 1927
1466 1721
1466 1738
1466 1795
1467 1640
1467 2008
1467 2167
1468 1741
1468 1813
1468 2089
1469 2002
1469 2163
1469 2190
1470 2030
1470 2044
1470 1766
1471 2385
1471 2212
1471 1826
1472 1997
1472 1925
1472 2395
1473 2030
1473 1604
1473 2172
1474 2175
1474 2147
1474 1668
1475 1804
1475 2240
1475 1644
1476 1693
1476 2273
1476 2306
1477 2358
1477 2283
1477 1689
1478 2128
1478 2293
1478 1644
1479 1900
1479 1769
1479 2112
1480 1984
1480 1642
1480 1987
1481 2374
1481 2068
1481 2247
1482 2373
1482 1813
1482 1793
1483 1652
1483 1754
1483 2272
1484 2297
1484 1947
1484 1842
1485 2031
1485 1695
1485 1980
1486 2045
1486 1995
1486 2244
1487 1871
1487 1805
1487 1841
1488 1782
1488 1626
1488 2286
1489 2365
1489 2192
1489 2343
1490 2252
1490 1977
1490 2345
1491 1649
1491 1703
1491 1979
1492 2107
1492 1806
1492 1785
1493 1747
1493 2119
1493 2240
1494 1639
1494 1897
1494 1910
1495 1962
1495 2223
1495 2398
1496 1670
1496 2234
1496 2294
1497 1817
1497 1856
1497 2011
1498 2370
1498 2002
1498 2149
1499 2044
1499 1874
1499 2357
1500 2003
1500 1630
1500 2081
1501 1838
1501 1809
1501 2177
1502 1843
1502 1826
1502 2068
1503 1657
1503 1804
1503 2279
1504 1987
1504 1753
1504 2119
1505 2260
1505 1748
1505 2198
1506 1712
1506 1904
1506 2064
1507 1763
1507 1799
1507 1788
1508 2279
1508 1681
1508 2038
1509 2017
1509 1954
1509 2198
1510 1749
1510 1848
1510 2217
1511 1909
1511 1823
1511 2264
1512 2082
1512 1796
1512 2272
1513 2259
1513 2398
1513 1761
1514 2222
1514 2096
1514 1649
1515 2116
1515 1637
1515 1852
1516 1855
1516 1767
1516 2103
1517 1970
1517 2246
1517 1853
1518 2113
1518 1994
1518 2124
1519 1854
1519 1649
1519 1660
1520 2202
1520 1757
1520 2223
1521 1790
1521 2135
1521 1647
1522 1717
1522 1734
1522 1943
1523 2293
1523 1600
1523 1711
1524 2274
1524 1722
1524 1741
1525 1722
1525 2365
1525 2317
1526 1906
1526 1698
1526 2259
1527 1874
1527 2000
1527 2017
1528 1630
1528 1799
1528 2231
1529 1703
1529 1710
1529 2153
1530 1666
1530 1908
1530 2172
1531 1686
1531 1751
1531 2110
1532 1761
1532 1820
1532 2226
1533 1916
1533 1907
1533 2275
1534 1855
1534 1945
1534 2013
1535 2387
1535 1960
1535 2297
1536 2024
1536 2103
1536 2184
1537 1674
1537 2084
1537 2382
1538 2252
1538 2199
1538 2318
1539 1838
1539 2022
1539 1705
1540 1867
1540 2256
1540 2257
1541 2138
1541 1610
1541 2046
1542 2078
1542 1721
1542 2022
1543 1949
1543 2353
1543 2150
1544 1914
1544 1819
1544 2138
1545 1855
1545 1615
1545 1839
1546 1933
1546 1719
1546 1891
1547 1855
1547 2393
1547 1848
1548 2034
1548 1809
1548 1880
1549 1651
1549 1670
1549 2098
1550 1876
1550 1763
1550 1647
1551 1939
1551 2160
1551 2230
1552 1913
1552 2037
1552 2121
1553 2262
1553 1814
1553 2279
1554 2066
1554 2260
1554 1964
1555 1673
1555 1784
1555 2255
1556 1767
1556 2342
1556 1964
1557 1871
1557 1826
1557 2108
1558 2254
1558 1664
1558 1797
1559 1755
1559 2077
1559 2177
1560 2136
1560 2027
1560 1833
1561 2073
1561 2077
1561 2196
1562 1755
1562 2237
1562 2383
1563 1940
1563 1799
1563 2036
1564 2201
1564 1963
1564 2070
1565 1960
1565 2018
1565 1864
1566 1850
1566 1923
1566 2275
1567 2386
1567 2320
1567 2375
1568 2300
1568 1925
1568 2049
1569 1739
1569 2224
1569 2292
1570 1859
1570 2065
1570 2371
1571 1924
1571 2267
1571 2316
1572 1844
1572 2090
1572 2221
1573 2015
1573 1916
1573 2045
1574 1819
1574 1766
1574 2366
1575 1955
1575 2152
1575 2163
1576 2156
1576 1985
1576 1860
1577 1610
1577 1754
1577 1883
1578 2185
1578 2338
1578 2214
1579 1827
1579 1999
1579 2281
1580 1641
1580 1644
1580 2215
1581 2082
1581 1898
1581 2306
1582 1934
1582 1772
1582 2263
1583 2334
1583 2110
1583 2293
1584 1868
1584 1872
1584 2228
1585 2174
1585 1797
1585 1936
1586 2307
1586 1674
1586 2011
1587 1637
1587 2054
1587 1922
1588 1775
1588 1701
1588 2234
1589 1725
1589 1773
1589 2008
1590 2094
1590 1894
1590 2087
1591 1811
1591 2069
1591 1844
1592 1894
1592 1825
1592 1886
1593 1720
1593 1851
1593 1995
1594 2093
1594 1917
1594 2060
1595 2054
1595 1968
1595 1997
1596 1862
1596 2324
1596 2382
1597 2108
1597 2272
1597 2279
1598 2297
1598 2286
1598 2139
1599 1707
1599 1843
1599 2308
