2100 4200
0 1445
0 1464
0 1566
1 1705
1 1528
1 1957
2 1713
2 1785
2 1799
3 1805
3 1896
3 1568
4 1978
4 1595
4 1498
5 1668
5 1578
5 1620
6 2062
6 1430
6 1722
7 1568
7 1992
7 1734
8 1481
8 1588
8 1568
9 2067
9 1583
9 1644
10 1534
10 1748
10 1812
11 1442
11 1976
11 1614
12 1672
12 1792
12 2000
13 1414
13 2021
13 1714
14 1645
14 1447
14 1404
15 1605
15 1981
15 1485
16 1483
16 1407
16 2069
17 1687
17 1697
17 1898
18 1467
18 1961
18 2072
19 1556
19 1416
19 1421
20 1610
20 1735
20 1588
21 2043
21 1960
21 2098
22 1621
22 1433
22 1520
23 1680
23 1749
23 1973
24 2027
24 1928
24 1622
25 1503
25 1982
25 1891
26 1995
26 1523
26 1948
27 1465
27 1687
27 2023
28 2003
28 1747
28 1806
29 1848
29 1889
29 1749
30 1886
30 1922
30 1424
31 1558
31 1583
31 1592
32 1692
32 1971
32 1469
33 1773
33 2080
33 2064
34 1522
34 2045
34 1980
35 2064
35 1613
35 1652
36 2068
36 1464
36 1952
37 1694
37 1645
37 1501
38 1783
38 1440
38 1559
39 1461
39 2035
39 1946
40 1978
40 1445
40 1750
41 1522
41 1665
41 1652
42 1523
42 1876
42 2048
43 2044
43 1426
43 1477
44 1728
44 1466
44 1680
45 1604
45 1585
45 1582
46 1818
46 1983
46 2003
47 1878
47 1833
47 1733
48 1455
48 1657
48 1792
49 1924
49 2091
49 1935
50 1954
50 1821
50 1896
51 1661
51 1801
51 1865
52 2089
52 1714
52 1834
53 1745
53 1497
53 1608
54 1802
54 1512
54 1715
55 1634
55 2007
55 1908
56 1697
56 1968
56 1550
57 1777
57 1400
57 1943
58 1810
58 1772
58 1813
59 1496
59 1725
59 1595
60 1447
60 1487
60 1882
61 1639
61 2036
61 1737
62 1891
62 1940
62 1774
63 2054
63 1607
63 1812
64 1765
64 1455
64 2075
65 2096
65 1585
65 2073
66 1691
66 1727
66 1741
67 2024
67 1699
67 1443
68 2030
68 1433
68 1476
69 1792
69 1687
69 1637
70 1491
70 1633
70 1798
71 1795
71 1545
71 1867
72 1802
72 1746
72 1426
73 1986
73 2020
73 1930
74 1422
74 1837
74 1404
75 1424
75 1935
75 1571
76 2054
76 1713
76 1796
77 2000
77 2030
77 1661
78 1826
78 1827
78 1830
79 1675
79 1746
79 1522
80 1711
80 1479
80 1611
81 1442
81 1679
81 2071
82 1747
82 1485
82 1888
83 1798
83 1545
83 1857
84 1710
84 1404
84 2031
85 1769
85 1998
85 1916
86 1860
86 1687
86 1948
87 1615
87 1524
87 1651
88 1411
88 1495
88 1761
89 1469
89 1419
89 1685
90 2058
90 1796
90 1803
91 1558
91 1714
91 1686
92 1640
92 1720
92 1926
93 1602
93 1923
93 2047
94 2046
94 1505
94 1440
95 1576
95 1845
95 1585
96 2063
96 1695
96 1887
97 1920
97 1623
97 1757
98 1572
98 1492
98 1649
99 1792
99 1501
99 1674
100 1710
100 1853
100 1910
101 1807
101 2086
101 1442
102 1544
102 2094
102 1682
103 1498
103 1646
103 1420
104 1523
104 2014
104 1573
105 1653
105 1877
105 1606
106 1849
106 1682
106 2080
107 2007
107 1830
107 1678
108 1468
108 2037
108 1789
109 1610
109 1535
109 1878
110 1581
110 1658
110 1956
111 1579
111 1587
111 1885
112 2065
112 1588
112 2040
113 2062
113 1868
113 1731
114 1981
114 1428
114 1487
115 1549
115 2060
115 1886
116 1442
116 1612
116 1666
117 1924
117 1566
117 1524
118 1862
118 1739
118 1943
119 1595
119 1584
119 2069
120 1486
120 1711
120 1456
121 1840
121 1640
121 1561
122 1683
122 1983
122 1861
123 1956
123 1755
123 1789
124 1712
124 1776
124 1994
125 1881
125 1862
125 1670
126 1842
126 2043
126 1730
127 1612
127 1849
127 1808
128 1583
128 2026
128 1971
129 1636
129 2040
129 1414
130 1976
130 1552
130 1449
131 1561
131 1953
131 1743
132 1957
132 1771
132 1733
133 1929
133 1924
133 1679
134 1607
134 1953
134 1495
135 1986
135 1666
135 1601
136 1987
136 1702
136 1693
137 1712
137 1770
137 1528
138 1798
138 2004
138 1972
139 1798
139 1968
139 1864
140 1852
140 1505
140 1918
141 1737
141 1574
141 2080
142 1698
142 1500
142 1612
143 1558
143 1897
143 1482
144 1778
144 1958
144 1473
145 2039
145 2080
145 1581
146 2029
146 1754
146 1675
147 1471
147 1599
147 2020
148 2073
148 1865
148 1747
149 1906
149 1501
149 1466
150 1817
150 1430
150 1882
151 1608
151 1541
151 1667
152 1467
152 1950
152 1957
153 2047
153 1486
153 1806
154 2062
154 1728
154 1988
155 1410
155 1446
155 1744
156 2060
156 1977
156 1997
157 1806
157 1447
157 1984
158 1990
158 1419
158 1829
159 1971
159 1816
159 1712
160 2063
160 1894
160 1484
161 1720
161 1595
161 1824
162 1890
162 1421
162 1793
163 2010
163 1672
163 1644
164 1927
164 1543
164 1863
165 1594
165 1901
165 2042
166 1436
166 1873
166 1641
167 1525
167 2086
167 1938
168 1508
168 1879
168 1656
169 1846
169 1424
169 1884
170 1549
170 1963
170 1567
171 1538
171 1858
171 1656
172 1701
172 1828
172 2039
173 1806
173 2053
173 1756
174 1608
174 1606
174 1773
175 1560
175 2037
175 1888
176 1701
176 1448
176 1837
177 1882
177 1820
177 2040
178 1608
178 1635
178 1520
179 1985
179 1550
179 1520
180 1928
180 2048
180 1552
181 1826
181 1813
181 1743
182 1780
182 1698
182 1477
183 1745
183 1959
183 1515
184 1786
184 1733
184 1480
185 1864
185 1748
185 1625
186 1684
186 1751
186 1842
187 1973
187 1907
187 1585
188 1760
188 1450
188 1811
189 1699
189 1530
189 1698
190 2026
190 1625
190 1906
191 1861
191 1514
191 1432
192 1974
192 1493
192 2077
193 2064
193 1582
193 1801
194 1887
194 1829
194 1798
195 1565
195 1710
195 1467
196 1558
196 2051
196 1678
197 1614
197 1456
197 1522
198 2012
198 1609
198 1451
199 1783
199 1919
199 1962
200 1752
200 2096
200 1760
201 1432
201 2040
201 1413
202 1891
202 1914
202 1582
203 1604
203 1501
203 1602
204 1593
204 1498
204 1855
205 2097
205 1420
205 1786
206 2039
206 1693
206 1498
207 1713
207 1461
207 1862
208 1777
208 1803
208 1872
209 1512
209 1470
209 1599
210 2028
210 1631
210 1669
211 1401
211 1738
211 1870
212 2056
212 1832
212 1599
213 1883
213 1587
213 1431
214 2035
214 1504
214 1958
215 2079
215 2042
215 1758
216 1880
216 1841
216 1557
217 1548
217 1707
217 1400
218 1977
218 1774
218 1402
219 1787
219 1573
219 1737
220 1855
220 1760
220 1562
221 1714
221 1544
221 2008
222 2006
222 1673
222 1536
223 1402
223 1543
223 1579
224 1936
224 1872
224 1769
225 1924
225 1548
225 1974
226 2049
226 1756
226 1985
227 1426
227 1991
227 1690
228 1493
228 1426
228 2035
229 1709
229 1835
229 1677
230 1816
230 1528
230 2047
231 1517
231 1427
231 1703
232 1567
232 1588
232 1654
233 1847
233 1938
233 1881
234 1455
234 1634
234 1592
235 1909
235 1903
235 2083
236 1931
236 1497
236 1495
237 1416
237 1569
237 1491
238 1981
238 2071
238 1874
239 2000
239 1543
239 2099
240 1472
240 1621
240 1592
241 2077
241 1617
241 1670
242 1772
242 1958
242 1638
243 2004
243 1731
243 1702
244 1743
244 1537
244 1452
245 1781
245 2039
245 1668
246 2026
246 1653
246 1415
247 2008
247 1719
247 1573
248 1706
248 1591
248 1949
249 1821
249 1645
249 1993
250 2066
250 1448
250 2006
251 1747
251 1701
251 1886
252 1835
252 1522
252 1436
253 1996
253 1652
253 2092
254 2067
254 1616
254 1562
255 1838
255 1880
255 1538
256 1806
256 1519
256 1680
257 1906
257 1814
257 1625
258 1489
258 1479
258 1535
259 1430
259 2063
259 1882
260 1419
260 1578
260 1604
261 1587
261 1493
261 2064
262 1725
262 1609
262 1931
263 1603
263 1765
263 1493
264 1694
264 1534
264 1449
265 1502
265 1417
265 1708
266 2014
266 1443
266 2055
267 1441
267 1501
267 1940
268 1812
268 1662
268 1793
269 1688
269 1415
269 1419
270 1494
270 1947
270 1651
271 1618
271 1802
271 1893
272 1924
272 1683
272 1899
273 1811
273 1862
273 1469
274 1975
274 1783
274 1943
275 1650
275 1734
275 2070
276 1986
276 1737
276 1826
277 2048
277 2065
277 1744
278 1826
278 2004
278 1628
279 2046
279 2084
279 1988
280 1738
280 1579
280 1924
281 1449
281 1559
281 1551
282 1909
282 1444
282 1937
283 1435
283 1719
283 1845
284 1788
284 1583
284 1975
285 1705
285 1789
285 1673
286 1567
286 1444
286 1938
287 1923
287 1639
287 1720
288 1626
288 1548
288 1901
289 1648
289 1676
289 1899
290 1900
290 1948
290 1585
291 1525
291 1933
291 1956
292 1714
292 1845
292 1696
293 1539
293 1421
293 2004
294 1509
294 1960
294 1605
295 1476
295 1579
295 1732
296 1614
296 1643
296 1705
297 1976
297 1666
297 1681
298 1691
298 1944
298 1673
299 1759
299 1625
299 1964
300 1572
300 2002
300 1898
301 1656
301 1707
301 1564
302 1518
302 2068
302 1665
303 2013
303 1665
303 1763
304 1698
304 2012
304 2074
305 1526
305 1703
305 2094
306 1481
306 1571
306 1744
307 1670
307 1596
307 1832
308 1575
308 2065
308 2075
309 1504
309 1693
309 1579
310 1676
310 1521
310 1595
311 2048
311 1685
311 1784
312 1400
312 1450
312 1584
313 1465
313 1451
313 1988
314 1965
314 1784
314 1802
315 2023
315 1521
315 2013
316 1742
316 1668
316 1633
317 1692
317 1998
317 2004
318 1782
318 1910
318 1716
319 1583
319 1452
319 1564
320 1431
320 2053
320 1979
321 2058
321 1920
321 2019
322 1793
322 1525
322 1796
323 1832
323 1680
323 1969
324 1889
324 1767
324 1699
325 1800
325 1654
325 1799
326 1470
326 1661
326 1810
327 1969
327 1738
327 1795
328 2072
328 2053
328 1712
329 1688
329 1663
329 1994
330 2073
330 1438
330 1978
331 1951
331 1503
331 1890
332 1830
332 1649
332 1855
333 1573
333 1894
333 1898
334 1662
334 1694
334 1929
335 1917
335 2004
335 1804
336 1610
336 1418
336 1684
337 1475
337 1627
337 2046
338 1788
338 2072
338 1819
339 1634
339 1892
339 1790
340 1985
340 1576
340 1777
341 1603
341 1825
341 1683
342 1976
342 1632
342 1587
343 1663
343 1603
343 1469
344 1650
344 2067
344 2030
345 1817
345 1714
345 1665
346 1941
346 1415
346 1505
347 1823
347 1940
347 1895
348 1505
348 1784
348 1805
349 1577
349 1535
349 1803
350 1836
350 1553
350 1845
351 1454
351 1761
351 1647
352 1828
352 1552
352 1591
353 1815
353 1692
353 1870
354 1422
354 1874
354 1877
355 1476
355 1580
355 1806
356 1587
356 1879
356 1899
357 1912
357 1985
357 2089
358 1481
358 1528
358 1667
359 1878
359 2041
359 1951
360 1886
360 1706
360 1529
361 2048
361 1423
361 2001
362 1947
362 1971
362 2004
363 1829
363 1902
363 2007
364 1797
364 1557
364 2078
365 1634
365 1467
365 1484
366 1727
366 1691
366 1916
367 1798
367 2054
367 1715
368 1802
368 1454
368 1911
369 1770
369 1522
369 1467
370 1439
370 1478
370 2040
371 1551
371 1430
371 1662
372 1657
372 1843
372 1500
373 1743
373 1974
373 1602
374 1974
374 1645
374 1718
375 1781
375 1541
375 1750
376 1901
376 1705
376 2045
377 1891
377 1490
377 1892
378 1486
378 1543
378 1578
379 1847
379 1890
379 2020
380 1643
380 2061
380 1429
381 1533
381 1457
381 1613
382 1556
382 1550
382 1479
383 1655
383 1843
383 1543
384 1885
384 1766
384 1829
385 1937
385 1978
385 1421
386 1798
386 1844
386 2004
387 1668
387 1715
387 1790
388 1777
388 1775
388 1922
389 1548
389 1970
389 1657
390 1582
390 1739
390 1852
391 1910
391 2071
391 1681
392 1554
392 1490
392 1768
393 1471
393 1445
393 1613
394 1769
394 1451
394 1467
395 1813
395 1914
395 1662
396 1840
396 1434
396 1855
397 1542
397 1526
397 1709
398 1993
398 1992
398 1552
399 1862
399 1807
399 1462
400 1658
400 1860
400 1729
401 2087
401 2071
401 1446
402 1470
402 2093
402 2026
403 1708
403 1868
403 1971
404 1405
404 1806
404 2034
405 1762
405 1469
405 1560
406 1774
406 1827
406 1680
407 1901
407 1888
407 1947
408 2086
408 1638
408 1824
409 1576
409 2012
409 1939
410 1777
410 2049
410 1821
411 2062
411 2094
411 1614
412 1744
412 1663
412 2002
413 1407
413 1409
413 1711
414 1503
414 1740
414 1973
415 1866
415 1859
415 1494
416 1783
416 1901
416 1946
417 1616
417 1961
417 1575
418 1513
418 1761
418 1427
419 1655
419 1638
419 1438
420 1803
420 1722
420 1617
421 1812
421 1959
421 1827
422 1602
422 1610
422 1952
423 1568
423 1809
423 1992
424 1454
424 1976
424 1740
425 1937
425 1679
425 1767
426 1880
426 2088
426 2029
427 2059
427 1431
427 2039
428 1804
428 2067
428 1570
429 1559
429 1543
429 1471
430 1664
430 1666
430 1743
431 1902
431 1455
431 1961
432 1790
432 1873
432 1778
433 1404
433 1472
433 1901
434 1422
434 1777
434 1833
435 1809
435 1590
435 1607
436 1451
436 1916
436 2025
437 1471
437 1633
437 1728
438 2012
438 1700
438 1543
439 2028
439 1855
439 1859
440 2031
440 1877
440 2054
441 1801
441 1631
441 1570
442 1808
442 1453
442 1684
443 1713
443 1500
443 1483
444 1675
444 1541
444 1480
445 1631
445 1605
445 1879
446 1659
446 1699
446 1913
447 1899
447 1870
447 1855
448 1825
448 1448
448 1767
449 1876
449 1851
449 1692
450 1474
450 1508
450 1966
451 1643
451 1707
451 2059
452 1979
452 1600
452 2037
453 1426
453 1582
453 1503
454 1494
454 1425
454 2088
455 1567
455 1887
455 1572
456 2097
456 1494
456 1850
457 1779
457 1601
457 2002
458 1738
458 1421
458 1672
459 2081
459 1453
459 1405
460 1785
460 1832
460 1405
461 2081
461 1650
461 1408
462 1853
462 1440
462 1854
463 1808
463 1487
463 1723
464 2024
464 1920
464 1799
465 1976
465 1645
465 1593
466 2045
466 1925
466 1525
467 1858
467 1778
467 1779
468 1654
468 1499
468 1756
469 1986
469 2040
469 1939
470 1881
470 1659
470 1834
471 1458
471 1634
471 1508
472 1880
472 1570
472 1817
473 1889
473 1696
473 2015
474 2050
474 1923
474 1430
475 1893
475 1770
475 1456
476 1751
476 1561
476 1444
477 1787
477 1407
477 1429
478 1582
478 1887
478 1406
479 2000
479 1605
479 1596
480 2037
480 1454
480 2002
481 1646
481 1908
481 1811
482 1877
482 1585
482 1869
483 2009
483 1433
483 2035
484 1786
484 1492
484 1827
485 1478
485 1871
485 1907
486 1629
486 1572
486 1692
487 1814
487 1493
487 1961
488 1684
488 1767
488 1738
489 2061
489 2092
489 1744
490 1402
490 1656
490 1890
491 2027
491 1514
491 1737
492 1495
492 1795
492 1937
493 1837
493 1534
493 1798
494 1931
494 1553
494 2023
495 1952
495 1509
495 1789
496 1609
496 2073
496 1775
497 1745
497 1875
497 1647
498 1653
498 1835
498 1890
499 1700
499 2008
499 2067
500 1660
500 1449
500 1448
501 1982
501 1913
501 1964
502 1836
502 1654
502 1999
503 1613
503 1609
503 1429
504 1912
504 1843
504 1796
505 1567
505 1562
505 1781
506 1467
506 1916
506 1694
507 1812
507 1594
507 1782
508 1588
508 1595
508 1737
509 1981
509 1703
509 1731
510 1517
510 2059
510 1933
511 1992
511 1672
511 2076
512 2044
512 2064
512 1910
513 1525
513 1601
513 1806
514 1522
514 1858
514 1668
515 1569
515 1840
515 1559
516 2014
516 1790
516 2064
517 1581
517 1844
517 1468
518 1539
518 1702
518 1825
519 1534
519 1659
519 1788
520 1661
520 1988
520 1747
521 1896
521 1405
521 2037
522 1714
522 1968
522 1488
523 2038
523 1571
523 1671
524 1910
524 1779
524 2065
525 1830
525 1950
525 1712
526 2023
526 1407
526 1684
527 1626
527 1556
527 1891
528 1858
528 1650
528 1486
529 1795
529 1983
529 2079
530 1917
530 1847
530 1808
531 1412
531 2010
531 1934
532 1568
532 1633
532 1799
533 1713
533 1544
533 1926
534 1647
534 1553
534 1798
535 2068
535 1445
535 1423
536 1454
536 1546
536 1450
537 1728
537 1766
537 1617
538 1586
538 1878
538 1699
539 1662
539 1891
539 1740
540 1716
540 1541
540 1730
541 1772
541 1431
541 1720
542 1750
542 2028
542 1777
543 1596
543 1687
543 2038
544 1642
544 1408
544 1886
545 1886
545 1918
545 1595
546 1507
546 1444
546 2058
547 1878
547 1927
547 2047
548 1409
548 1861
548 1517
549 1861
549 1707
549 2086
550 1438
550 1572
550 1972
551 1922
551 1961
551 1414
552 1453
552 1605
552 1727
553 1687
553 1490
553 1973
554 1930
554 1687
554 1482
555 1846
555 1569
555 1974
556 1623
556 1988
556 1935
557 1634
557 1596
557 2037
558 1884
558 1867
558 1455
559 1854
559 1559
559 1898
560 2042
560 1983
560 2081
561 1569
561 1774
561 1915
562 1820
562 1609
562 1427
563 1885
563 1951
563 1998
564 1406
564 1949
564 1822
565 1614
565 1561
565 1485
566 1635
566 2086
566 1947
567 1659
567 1916
567 1629
568 1466
568 1407
568 1488
569 1771
569 1911
569 1954
570 1785
570 2065
570 1527
571 1561
571 1640
571 1765
572 1792
572 1520
572 1728
573 1874
573 1866
573 1538
574 1827
574 1697
574 1669
575 1431
575 1732
575 1764
576 1537
576 1604
576 1980
577 1722
577 1605
577 1992
578 1895
578 1518
578 1951
579 1450
579 1470
579 2034
580 1952
580 1959
580 1573
581 1894
581 1922
581 1812
582 1937
582 1722
582 1644
583 2046
583 1992
583 1874
584 1989
584 1416
584 1634
585 1921
585 1520
585 1923
586 1873
586 1794
586 1584
587 1945
587 1763
587 1539
588 1726
588 2083
588 1819
589 1925
589 2090
589 2043
590 1618
590 2048
590 1495
591 1652
591 2017
591 1944
592 1972
592 1941
592 1697
593 1821
593 1780
593 2046
594 1713
594 1581
594 1890
595 1582
595 1772
595 1523
596 1905
596 1547
596 1475
597 2016
597 1947
597 1582
598 1601
598 1462
598 1443
599 1689
599 1961
599 1917
600 1627
600 1413
600 1501
601 2090
601 1968
601 1498
602 1945
602 1809
602 1569
603 1953
603 1434
603 1981
604 1474
604 1855
604 1430
605 1927
605 1811
605 1579
606 1961
606 1952
606 1525
607 1838
607 1745
607 1549
608 2026
608 1988
608 2058
609 1455
609 1719
609 1893
610 1749
610 1477
610 1432
611 2016
611 2034
611 1454
612 1853
612 1520
612 1412
613 1640
613 1723
613 1487
614 1430
614 1792
614 1532
615 2031
615 1663
615 1485
616 2006
616 1627
616 1750
617 1542
617 1611
617 1684
618 1590
618 1904
618 1665
619 2043
619 1484
619 1594
620 1943
620 1875
620 1779
621 1827
621 1505
621 2041
622 1846
622 1546
622 1502
623 1406
623 2070
623 2003
624 1762
624 1897
624 1738
625 2068
625 1912
625 1502
626 1874
626 1684
626 1799
627 1718
627 1459
627 1969
628 1860
628 1425
628 2007
629 2073
629 2062
629 1696
630 1562
630 1675
630 1465
631 1434
631 2047
631 1957
632 2003
632 1685
632 1588
633 1639
633 1945
633 1508
634 2089
634 1823
634 1683
635 1819
635 2029
635 1654
636 1742
636 1863
636 2005
637 1513
637 1851
637 1770
638 1523
638 1536
638 1566
639 1713
639 1755
639 1460
640 2048
640 1640
640 1576
641 1942
641 1405
641 1607
642 1483
642 1863
642 1579
643 1525
643 1770
643 1824
644 1890
644 1906
644 1665
645 1888
645 1831
645 1782
646 1824
646 1496
646 1521
647 2039
647 1954
647 1793
648 1964
648 1738
648 1656
649 1694
649 1541
649 2081
650 1685
650 1703
650 1463
651 1977
651 1762
651 1859
652 1762
652 1706
652 1553
653 1736
653 1730
653 1433
654 1648
654 1818
654 1581
655 1914
655 1717
655 1747
656 1834
656 1815
656 1958
657 1475
657 1893
657 1616
658 1958
658 1909
658 1858
659 1743
659 1442
659 1635
660 2068
660 1484
660 1694
661 1906
661 1778
661 1511
662 1526
662 1531
662 1886
663 1655
663 1566
663 1550
664 1451
664 1552
664 1842
665 1797
665 1787
665 1759
666 1912
666 1523
666 1848
667 1649
667 2005
667 1569
668 2027
668 1645
668 1476
669 1729
669 1918
669 1591
670 2095
670 1579
670 1471
671 1947
671 1586
671 1423
672 1858
672 1617
672 2042
673 1976
673 1867
673 1504
674 1892
674 1717
674 1949
675 2095
675 1921
675 1624
676 1913
676 1421
676 2099
677 1940
677 1856
677 1755
678 1724
678 1595
678 1637
679 2063
679 1670
679 1450
680 1521
680 1581
680 1423
681 1936
681 1653
681 1404
682 1849
682 1433
682 1400
683 1942
683 2031
683 1850
684 1438
684 1652
684 1629
685 1858
685 1916
685 1492
686 1571
686 1845
686 1996
687 2021
687 1862
687 1729
688 1738
688 1522
688 1467
689 2082
689 1525
689 1670
690 1770
690 1828
690 2050
691 2094
691 2016
691 1592
692 1847
692 1798
692 1454
693 1706
693 1531
693 1602
694 2077
694 1440
694 1945
695 1925
695 1569
695 1523
696 2077
696 1730
696 2098
697 1868
697 1835
697 1677
698 2033
698 1994
698 1443
699 2036
699 1723
699 1614
700 1945
700 1866
700 1486
701 2018
701 1982
701 1858
702 1511
702 1505
702 1401
703 1541
703 2021
703 1576
704 1789
704 1687
704 1952
705 1425
705 2043
705 1423
706 1788
706 1513
706 2079
707 1945
707 1674
707 1610
708 1418
708 1685
708 1823
709 1987
709 1881
709 1864
710 1984
710 1581
710 1940
711 1420
711 1852
711 1612
712 2008
712 1887
712 2062
713 1469
713 1485
713 1570
714 1626
714 1733
714 1829
715 2097
715 1412
715 1878
716 2013
716 1810
716 1692
717 2079
717 1827
717 1908
718 1403
718 1647
718 1959
719 1937
719 1967
719 1679
720 1890
720 1420
720 1887
721 2017
721 2029
721 1442
722 1654
722 1464
722 1452
723 1660
723 1608
723 1401
724 2096
724 1472
724 1436
725 2055
725 2032
725 1450
726 1669
726 1972
726 1469
727 1735
727 2074
727 1861
728 1575
728 2070
728 1829
729 1854
729 1821
729 1427
730 1590
730 1731
730 1872
731 1964
731 2098
731 1802
732 1775
732 1401
732 1405
733 1887
733 1412
733 1665
734 2023
734 2085
734 1554
735 1698
735 1722
735 1757
736 1892
736 1460
736 1459
737 1995
737 1624
737 1906
738 1610
738 1840
738 1678
739 1937
739 1531
739 1690
740 2051
740 1737
740 1814
741 1887
741 1849
741 1920
742 1462
742 1792
742 1432
743 1870
743 2087
743 1559
744 1585
744 1807
744 1556
745 1817
745 1731
745 1821
746 1986
746 1879
746 1554
747 1430
747 1851
747 1441
748 2092
748 1640
748 1493
749 1959
749 1652
749 1883
750 1996
750 1502
750 1716
751 1987
751 1717
751 1559
752 1408
752 1887
752 1511
753 1456
753 1769
753 1608
754 1688
754 1588
754 1727
755 1888
755 1805
755 1407
756 1673
756 1872
756 1797
757 1480
757 1588
757 1809
758 1504
758 1796
758 1510
759 1477
759 1819
759 1971
760 2092
760 2071
760 2042
761 1607
761 2058
761 2017
762 1768
762 1551
762 1572
763 1782
763 2057
763 1879
764 1705
764 1677
764 1449
765 1639
765 1563
765 1981
766 1869
766 1669
766 1524
767 1988
767 2012
767 1807
768 2008
768 1566
768 2079
769 1826
769 1415
769 1470
770 1612
770 1577
770 2070
771 2010
771 1428
771 1558
772 1846
772 1758
772 1535
773 1725
773 1648
773 1786
774 1475
774 1535
774 1729
775 1804
775 2013
775 2057
776 1554
776 2069
776 1652
777 1871
777 1604
777 1416
778 1677
778 2007
778 1676
779 2062
779 1752
779 1427
780 1810
780 1567
780 1627
781 2062
781 1782
781 1698
782 1790
782 1605
782 1503
783 1734
783 2002
783 1539
784 1600
784 1469
784 2028
785 1788
785 1722
785 1621
786 1642
786 1632
786 1530
787 1666
787 1723
787 1415
788 1995
788 1525
788 2011
789 2004
789 1497
789 1486
790 1741
790 1655
790 1485
791 1829
791 1589
791 1992
792 1622
792 1482
792 1606
793 1650
793 1754
793 1568
794 2025
794 1845
794 1744
795 1626
795 1600
795 1913
796 2065
796 1978
796 1470
797 1966
797 1781
797 1903
798 1984
798 1833
798 1809
799 1483
799 1858
799 1769
800 1924
800 1857
800 1806
801 1753
801 1584
801 1589
802 1532
802 1457
802 1894
803 1562
803 1930
803 1853
804 1964
804 1469
804 1906
805 2029
805 1731
805 1426
806 1934
806 1796
806 1955
807 1432
807 1428
807 1421
808 2012
808 1466
808 1729
809 1810
809 1596
809 1449
810 2062
810 1921
810 1954
811 2085
811 1839
811 1779
812 1892
812 1842
812 1532
813 1718
813 1534
813 2008
814 2011
814 1989
814 1569
815 1770
815 1488
815 2023
816 1461
816 2051
816 1830
817 1432
817 1625
817 1529
818 1560
818 1499
818 1480
819 1445
819 1603
819 2025
820 1758
820 1597
820 1894
821 2060
821 1877
821 1770
822 2039
822 1541
822 1602
823 2099
823 2012
823 2054
824 2099
824 1473
824 1468
825 1458
825 2013
825 1643
826 1513
826 1824
826 1550
827 1920
827 1538
827 1633
828 1867
828 1802
828 1956
829 1953
829 1994
829 1944
830 1791
830 1757
830 1655
831 1480
831 1568
831 1743
832 1526
832 1559
832 2096
833 1772
833 1677
833 2002
834 1558
834 1587
834 2069
835 1841
835 1547
835 2014
836 1401
836 1472
836 1594
837 1567
837 1699
837 1507
838 1482
838 1529
838 1756
839 1813
839 1500
839 1637
840 1995
840 1915
840 1661
841 1476
841 1592
841 1574
842 1551
842 1539
842 1643
843 1571
843 1567
843 1648
844 1741
844 1826
844 1704
845 1810
845 1540
845 1938
846 1609
846 1716
846 1446
847 1812
847 1642
847 1897
848 1451
848 1469
848 1926
849 1503
849 1418
849 2037
850 1835
850 1891
850 1936
851 1841
851 1460
851 1685
852 1884
852 1946
852 1899
853 2091
853 1639
853 2002
854 1640
854 1810
854 1597
855 1613
855 1436
855 2010
856 1592
856 1911
856 1860
857 1880
857 1865
857 1494
858 1522
858 1574
858 1644
859 1999
859 1925
859 1913
860 1719
860 2017
860 1459
861 1695
861 1492
861 1801
862 1727
862 1489
862 1506
863 2059
863 1517
863 1410
864 1754
864 1726
864 1633
865 1905
865 1894
865 1967
866 1537
866 1963
866 1833
867 2024
867 1479
867 1625
868 1867
868 1626
868 2046
869 1557
869 1445
869 1861
870 2088
870 1986
870 1947
871 1996
871 1647
871 2055
872 1617
872 1446
872 1680
873 1895
873 1532
873 1971
874 1918
874 1524
874 1644
875 1553
875 2025
875 1898
876 1738
876 1798
876 2091
877 1869
877 1590
877 1578
878 1871
878 1996
878 2042
879 1917
879 1573
879 1723
880 2019
880 1974
880 1582
881 1573
881 1925
881 1999
882 1657
882 1901
882 1803
883 1935
883 1822
883 1881
884 1960
884 1572
884 1541
885 1950
885 1447
885 1895
886 1684
886 1938
886 2016
887 1653
887 1560
887 1818
888 1713
888 1916
888 1912
889 1745
889 1794
889 2019
890 1470
890 1677
890 1494
891 1461
891 2057
891 2033
892 1481
892 1944
892 1744
893 1812
893 2051
893 2016
894 1827
894 1702
894 1430
895 1926
895 1547
895 1407
896 1751
896 1857
896 1855
897 1655
897 1998
897 1750
898 1981
898 1892
898 1546
899 1901
899 1717
899 1475
900 2012
900 1973
900 1687
901 1893
901 1954
901 2087
902 1898
902 1546
902 1971
903 1884
903 1555
903 1570
904 1497
904 1425
904 2063
905 1818
905 1712
905 1575
906 1614
906 1876
906 1622
907 2011
907 1449
907 2053
908 2046
908 1532
908 1577
909 1934
909 1501
909 1688
910 1739
910 1587
910 1727
911 1434
911 1526
911 1660
912 1418
912 2036
912 1698
913 1503
913 1500
913 2023
914 1737
914 1563
914 1422
915 1708
915 1593
915 1475
916 1918
916 1608
916 2033
917 1884
917 1748
917 1865
918 2075
918 1561
918 2021
919 1969
919 1490
919 1717
920 1807
920 1776
920 1567
921 1700
921 1538
921 1826
922 1889
922 1561
922 1796
923 1416
923 2012
923 1628
924 1734
924 1417
924 1708
925 1909
925 1883
925 1692
926 1732
926 1880
926 1584
927 1851
927 1639
927 1535
928 1723
928 1655
928 2051
929 1765
929 2037
929 1956
930 1868
930 1584
930 1981
931 1454
931 1750
931 1640
932 1678
932 1594
932 1410
933 1426
933 1498
933 1786
934 1841
934 1415
934 1815
935 1871
935 1438
935 1690
936 1712
936 1443
936 1810
937 1813
937 1566
937 1518
938 1905
938 2039
938 1683
939 1556
939 1592
939 2008
940 2037
940 1965
940 1671
941 1736
941 1994
941 1836
942 2083
942 1741
942 1719
943 1801
943 2042
943 1680
944 1549
944 1905
944 1939
945 1574
945 1510
945 1553
946 2095
946 1854
946 1429
947 2073
947 1720
947 1609
948 1693
948 1666
948 2026
949 1724
949 1702
949 1418
950 1840
950 1626
950 1429
951 1670
951 1514
951 1424
952 1551
952 1733
952 1722
953 1606
953 1947
953 1862
954 1834
954 1776
954 1634
955 1886
955 1615
955 1547
956 1661
956 1424
956 2083
957 1932
957 1523
957 1939
958 1880
958 1848
958 1410
959 2052
959 1788
959 1978
960 2058
960 2043
960 1609
961 1508
961 1977
961 1434
962 1593
962 1548
962 1966
963 2073
963 2003
963 1702
964 1835
964 1969
964 1673
965 1676
965 1583
965 1914
966 1534
966 1483
966 1840
967 2072
967 2041
967 1657
968 1511
968 1911
968 1553
969 1869
969 1917
969 1651
970 2052
970 1946
970 1959
971 1628
971 1711
971 1401
972 1586
972 1481
972 2096
973 1717
973 1578
973 1586
974 1918
974 1593
974 1465
975 2020
975 1651
975 1747
976 1976
976 1595
976 1869
977 2066
977 1618
977 1589
978 1976
978 1733
978 1482
979 1938
979 2095
979 1816
980 1437
980 1636
980 1936
981 1436
981 1426
981 1811
982 1741
982 1523
982 1429
983 1463
983 1441
983 2082
984 1518
984 1458
984 1904
985 1744
985 1877
985 1473
986 1489
986 1678
986 1521
987 1721
987 1429
987 1880
988 1818
988 2075
988 1761
989 1770
989 1475
989 2025
990 1999
990 1797
990 1669
991 1909
991 1455
991 1523
992 1682
992 1800
992 1601
993 1799
993 1914
993 1557
994 1414
994 1560
994 1708
995 1871
995 1623
995 2024
996 1611
996 1609
996 2069
997 2073
997 1629
997 1401
998 1812
998 1630
998 1922
999 1751
999 1486
999 2091
1000 1992
1000 2074
1000 1758
1001 1925
1001 1880
1001 1576
1002 2076
1002 1998
1002 1659
1003 2006
1003 1958
1003 1747
1004 1782
1004 1942
1004 1905
1005 1565
1005 1774
1005 1867
1006 1489
1006 1778
1006 1878
1007 1508
1007 1437
1007 2082
1008 1718
1008 1516
1008 1400
1009 1954
1009 1641
1009 1405
1010 1503
1010 1805
1010 1442
1011 1572
1011 1959
1011 1865
1012 1805
1012 1747
1012 1670
1013 2070
1013 1743
1013 2066
1014 1845
1014 1704
1014 1698
1015 1696
1015 1731
1015 1530
1016 1829
1016 1444
1016 1851
1017 1887
1017 1609
1017 1442
1018 1945
1018 1722
1018 1703
1019 1579
1019 2006
1019 2089
1020 1954
1020 1728
1020 1518
1021 1714
1021 2041
1021 1925
1022 1470
1022 2007
1022 1675
1023 1749
1023 1647
1023 1403
1024 2025
1024 1771
1024 1455
1025 2021
1025 1874
1025 1856
1026 1849
1026 1858
1026 1693
1027 1712
1027 1733
1027 2044
1028 1470
1028 1466
1028 1767
1029 1417
1029 1424
1029 1893
1030 1725
1030 1777
1030 1883
1031 1461
1031 1975
1031 1617
1032 2025
1032 1874
1032 2037
1033 1564
1033 1869
1033 1426
1034 1595
1034 2078
1034 1444
1035 1879
1035 1821
1035 1646
1036 1723
1036 1856
1036 1569
1037 1520
1037 2020
1037 1741
1038 1887
1038 1777
1038 1730
1039 2014
1039 1499
1039 1494
1040 1865
1040 1644
1040 1529
1041 1643
1041 1860
1041 1574
1042 2074
1042 1639
1042 1777
1043 1739
1043 1478
1043 1523
1044 1797
1044 1874
1044 2009
1045 1766
1045 1742
1045 1949
1046 1956
1046 1703
1046 1432
1047 1488
1047 1932
1047 1443
1048 1676
1048 1886
1048 1499
1049 1612
1049 1490
1049 1839
1050 1686
1050 2077
1050 1615
1051 1861
1051 1555
1051 1945
1052 1629
1052 1919
1052 1439
1053 1560
1053 1534
1053 1475
1054 1687
1054 1764
1054 1880
1055 1902
1055 1760
1055 1428
1056 1488
1056 1556
1056 1586
1057 2058
1057 1849
1057 1966
1058 1976
1058 1549
1058 1435
1059 2063
1059 1627
1059 1831
1060 1942
1060 1957
1060 1866
1061 2053
1061 1663
1061 1491
1062 1987
1062 2003
1062 1796
1063 2070
1063 2052
1063 1499
1064 1965
1064 1835
1064 1945
1065 2006
1065 1414
1065 1881
1066 1944
1066 2099
1066 1810
1067 1542
1067 1513
1067 1762
1068 1946
1068 2066
1068 1516
1069 1676
1069 1621
1069 1749
1070 1990
1070 1918
1070 2092
1071 1843
1071 1420
1071 1419
1072 1565
1072 1891
1072 1572
1073 1493
1073 1419
1073 1839
1074 1962
1074 2029
1074 2073
1075 1845
1075 1481
1075 1899
1076 1597
1076 1478
1076 1406
1077 1542
1077 1420
1077 1858
1078 1838
1078 1790
1078 2063
1079 1532
1079 1689
1079 1505
1080 2096
1080 1689
1080 1637
1081 1612
1081 1497
1081 1769
1082 1473
1082 2023
1082 1674
1083 2046
1083 1993
1083 1958
1084 1447
1084 1913
1084 1586
1085 1939
1085 2016
1085 1573
1086 1936
1086 1826
1086 1950
1087 1614
1087 1401
1087 1511
1088 1557
1088 1424
1088 1724
1089 1578
1089 1580
1089 1586
1090 1508
1090 1616
1090 1586
1091 1566
1091 1427
1091 1550
1092 1569
1092 1726
1092 1537
1093 1893
1093 1898
1093 1754
1094 1482
1094 1510
1094 2084
1095 1954
1095 1715
1095 1651
1096 2051
1096 2059
1096 1436
1097 1632
1097 1662
1097 1901
1098 1406
1098 1672
1098 2007
1099 1832
1099 1587
1099 1824
1100 2011
1100 1980
1100 1428
1101 2056
1101 1571
1101 2021
1102 1994
1102 1514
1102 1438
1103 1927
1103 1899
1103 1930
1104 2065
1104 1960
1104 2043
1105 1756
1105 1548
1105 1906
1106 1438
1106 2064
1106 1592
1107 2021
1107 1911
1107 1710
1108 2084
1108 1933
1108 1527
1109 1587
1109 1432
1109 2096
1110 1697
1110 2020
1110 1695
1111 1996
1111 1716
1111 1452
1112 1517
1112 1645
1112 2041
1113 2026
1113 1825
1113 1453
1114 1417
1114 1973
1114 1955
1115 1978
1115 1927
1115 1566
1116 1782
1116 1886
1116 1673
1117 1992
1117 1441
1117 1650
1118 1717
1118 1430
1118 1686
1119 2096
1119 1463
1119 2018
1120 1989
1120 1641
1120 1668
1121 1623
1121 1785
1121 1496
1122 1636
1122 1693
1122 1758
1123 2015
1123 2064
1123 1848
1124 1746
1124 1439
1124 1722
1125 2045
1125 1786
1125 1762
1126 1601
1126 1485
1126 1703
1127 1571
1127 1784
1127 1852
1128 1560
1128 1805
1128 1511
1129 1613
1129 1563
1129 1525
1130 1572
1130 1677
1130 1498
1131 2049
1131 2021
1131 1581
1132 2011
1132 1892
1132 1599
1133 2091
1133 1745
1133 1945
1134 1838
1134 1986
1134 1491
1135 1924
1135 1614
1135 1895
1136 2023
1136 1857
1136 1869
1137 1757
1137 1984
1137 1916
1138 1463
1138 1415
1138 1431
1139 1668
1139 1704
1139 1435
1140 1621
1140 2001
1140 1524
1141 1585
1141 1469
1141 1819
1142 1618
1142 1856
1142 1724
1143 1659
1143 1579
1143 1977
1144 1793
1144 1485
1144 1716
1145 1581
1145 1869
1145 1682
1146 1648
1146 2073
1146 1406
1147 1531
1147 2011
1147 1695
1148 1782
1148 1691
1148 2028
1149 1786
1149 1965
1149 1411
1150 2010
1150 1805
1150 1748
1151 1926
1151 1804
1151 1470
1152 1546
1152 1967
1152 1627
1153 1576
1153 1604
1153 1851
1154 1614
1154 1605
1154 1957
1155 2014
1155 1977
1155 1724
1156 1901
1156 1454
1156 1658
1157 1576
1157 1471
1157 1536
1158 2078
1158 1921
1158 1561
1159 2072
1159 1971
1159 1839
1160 1594
1160 1401
1160 1522
1161 1618
1161 2047
1161 1899
1162 1699
1162 1642
1162 1518
1163 1943
1163 1999
1163 2055
1164 1754
1164 1825
1164 1645
1165 2055
1165 1586
1165 1471
1166 1981
1166 1694
1166 1587
1167 1466
1167 2031
1167 1824
1168 2026
1168 1714
1168 2051
1169 1778
1169 1989
1169 1769
1170 1922
1170 1910
1170 1516
1171 1830
1171 1821
1171 1619
1172 1807
1172 1848
1172 1833
1173 1634
1173 1989
1173 1600
1174 1847
1174 1899
1174 1403
1175 1612
1175 1477
1175 1683
1176 1730
1176 1554
1176 1646
1177 1511
1177 1470
1177 1600
1178 1457
1178 1925
1178 1980
1179 1965
1179 1959
1179 1839
1180 1930
1180 1626
1180 2045
1181 2060
1181 1724
1181 1755
1182 1996
1182 1747
1182 2051
1183 1587
1183 1840
1183 1842
1184 1686
1184 1814
1184 1875
1185 1784
1185 1401
1185 1980
1186 1657
1186 1425
1186 1679
1187 2088
1187 2010
1187 1826
1188 1999
1188 1544
1188 1902
1189 1446
1189 1743
1189 1957
1190 1704
1190 1653
1190 1414
1191 1924
1191 1602
1191 1446
1192 1423
1192 2065
1192 1603
1193 1674
1193 1741
1193 2076
1194 1820
1194 1669
1194 1706
1195 1618
1195 1997
1195 1953
1196 1788
1196 1785
1196 1820
1197 1774
1197 1842
1197 2082
1198 1936
1198 1598
1198 2047
1199 1779
1199 2061
1199 1766
1200 1779
1200 1697
1200 1808
1201 1789
1201 1623
1201 1676
1202 2050
1202 1429
1202 1723
1203 1556
1203 1783
1203 1545
1204 1636
1204 1455
1204 1913
1205 1831
1205 1616
1205 1883
1206 1817
1206 1461
1206 2041
1207 2056
1207 1749
1207 1718
1208 1408
1208 1586
1208 1622
1209 1878
1209 1462
1209 2092
1210 1852
1210 1529
1210 1630
1211 1604
1211 1742
1211 1779
1212 1453
1212 1611
1212 1518
1213 1471
1213 1524
1213 1521
1214 1656
1214 1824
1214 1967
1215 1681
1215 1473
1215 1436
1216 1438
1216 1579
1216 1541
1217 1447
1217 1683
1217 1990
1218 1837
1218 1766
1218 1487
1219 1716
1219 1984
1219 1549
1220 2038
1220 2055
1220 1499
1221 1613
1221 1967
1221 1605
1222 1929
1222 1802
1222 1411
1223 1797
1223 1494
1223 1956
1224 1905
1224 1740
1224 1564
1225 1613
1225 1708
1225 1752
1226 1675
1226 1861
1226 2012
1227 1450
1227 1746
1227 1403
1228 1447
1228 1672
1228 2010
1229 1857
1229 1653
1229 1420
1230 1754
1230 1772
1230 1518
1231 1868
1231 1786
1231 1863
1232 2016
1232 1875
1232 1803
1233 2013
1233 1908
1233 1966
1234 1502
1234 1985
1234 1433
1235 2096
1235 1829
1235 1483
1236 1968
1236 2080
1236 1979
1237 2094
1237 1624
1237 2053
1238 1416
1238 1787
1238 1733
1239 1882
1239 2009
1239 2048
1240 1861
1240 1590
1240 1742
1241 1966
1241 1914
1241 2048
1242 1808
1242 1648
1242 1451
1243 1927
1243 1591
1243 1945
1244 1950
1244 1755
1244 1529
1245 1424
1245 1463
1245 1565
1246 1539
1246 1960
1246 1650
1247 1402
1247 1737
1247 1887
1248 1513
1248 1626
1248 2038
1249 1407
1249 1942
1249 1624
1250 1697
1250 1826
1250 1836
1251 1555
1251 1609
1251 1956
1252 1499
1252 1509
1252 1837
1253 1886
1253 1516
1253 1471
1254 2092
1254 1872
1254 1660
1255 1857
1255 1492
1255 1727
1256 1781
1256 1412
1256 1903
1257 1932
1257 1921
1257 1831
1258 1406
1258 1613
1258 1923
1259 1857
1259 1536
1259 1523
1260 1984
1260 1433
1260 1945
1261 1513
1261 1607
1261 1889
1262 2054
1262 1519
1262 1613
1263 1585
1263 1471
1263 1525
1264 1401
1264 1802
1264 1573
1265 1537
1265 1975
1265 2091
1266 1698
1266 2085
1266 2019
1267 1647
1267 1455
1267 1802
1268 1898
1268 1574
1268 1853
1269 1976
1269 1934
1269 2064
1270 1600
1270 1410
1270 2013
1271 2007
1271 1419
1271 1887
1272 1536
1272 1781
1272 1406
1273 1816
1273 1407
1273 1682
1274 1975
1274 1435
1274 1552
1275 1782
1275 1921
1275 1987
1276 1440
1276 1861
1276 1892
1277 1426
1277 1866
1277 1475
1278 2090
1278 1747
1278 1921
1279 1629
1279 1812
1279 1861
1280 2031
1280 1959
1280 2023
1281 2088
1281 2064
1281 1846
1282 1888
1282 1702
1282 1897
1283 1665
1283 1760
1283 1894
1284 1807
1284 2029
1284 1945
1285 1779
1285 1475
1285 2017
1286 1435
1286 2072
1286 1847
1287 2018
1287 1428
1287 1675
1288 1786
1288 1955
1288 1634
1289 1593
1289 1996
1289 2047
1290 1868
1290 1512
1290 1748
1291 1967
1291 1513
1291 1964
1292 1425
1292 1467
1292 1707
1293 1715
1293 2020
1293 2082
1294 1416
1294 1457
1294 1847
1295 1744
1295 2045
1295 1745
1296 1776
1296 2014
1296 2020
1297 1743
1297 1487
1297 1786
1298 1631
1298 1669
1298 2052
1299 1517
1299 1785
1299 1939
1300 1785
1300 1751
1300 2063
1301 2060
1301 1568
1301 1974
1302 1486
1302 1423
1302 1688
1303 1850
1303 1493
1303 2010
1304 1740
1304 1840
1304 2064
1305 1911
1305 1639
1305 2019
1306 1677
1306 1812
1306 1970
1307 1587
1307 1900
1307 1497
1308 1583
1308 1459
1308 1778
1309 1433
1309 1952
1309 2041
1310 1591
1310 1956
1310 2022
1311 2075
1311 1490
1311 2064
1312 1657
1312 1499
1312 1820
1313 1885
1313 1691
1313 1630
1314 1577
1314 1827
1314 1874
1315 1579
1315 1969
1315 2047
1316 1404
1316 1415
1316 1788
1317 1704
1317 1464
1317 1527
1318 1907
1318 1455
1318 1806
1319 1648
1319 2095
1319 2096
1320 2018
1320 1558
1320 2040
1321 1625
1321 1578
1321 1462
1322 2037
1322 1644
1322 1601
1323 1439
1323 1505
1323 1630
1324 1407
1324 1518
1324 1812
1325 2041
1325 1701
1325 2015
1326 1717
1326 1701
1326 1859
1327 1658
1327 1430
1327 1519
1328 1636
1328 1418
1328 1834
1329 2066
1329 1864
1329 1569
1330 1457
1330 1657
1330 1731
1331 1593
1331 1644
1331 1991
1332 1532
1332 1706
1332 2010
1333 1569
1333 1768
1333 1786
1334 1426
1334 1819
1334 1568
1335 1540
1335 1884
1335 2064
1336 1826
1336 1884
1336 1943
1337 2053
1337 1522
1337 2019
1338 1712
1338 1616
1338 1797
1339 1476
1339 1447
1339 1945
1340 1450
1340 1736
1340 1765
1341 1935
1341 1771
1341 1546
1342 1639
1342 1902
1342 1868
1343 2006
1343 1757
1343 1759
1344 1651
1344 1724
1344 1881
1345 1431
1345 1638
1345 1787
1346 1662
1346 1691
1346 2092
1347 1819
1347 1588
1347 1626
1348 1846
1348 1945
1348 1527
1349 1850
1349 1826
1349 2008
1350 1754
1350 1973
1350 2070
1351 1898
1351 1806
1351 1656
1352 1668
1352 1669
1352 1992
1353 1463
1353 1403
1353 1943
1354 1414
1354 1800
1354 1839
1355 1828
1355 1567
1355 2027
1356 1511
1356 1603
1356 2003
1357 1501
1357 1610
1357 1498
1358 1719
1358 1888
1358 1952
1359 1881
1359 1864
1359 2031
1360 1857
1360 1687
1360 1743
1361 1425
1361 1911
1361 2028
1362 1554
1362 1874
1362 2057
1363 1500
1363 1668
1363 2055
1364 1678
1364 1584
1364 1731
1365 1463
1365 1410
1365 1501
1366 2001
1366 1502
1366 2078
1367 1582
1367 1645
1367 2031
1368 1866
1368 1553
1368 1979
1369 1989
1369 2098
1369 2074
1370 1710
1370 1914
1370 2071
1371 2081
1371 1517
1371 1889
1372 1709
1372 1887
1372 1994
1373 1647
1373 1668
1373 1688
1374 1725
1374 1715
1374 1965
1375 1519
1375 1641
1375 1849
1376 1669
1376 1596
1376 1728
1377 1674
1377 1466
1377 1827
1378 1975
1378 1458
1378 2095
1379 1800
1379 1862
1379 2012
1380 1924
1380 2053
1380 1977
1381 1720
1381 1447
1381 1760
1382 1951
1382 1764
1382 1407
1383 1418
1383 1555
1383 1738
1384 1475
1384 1695
1384 1658
1385 1722
1385 1602
1385 1738
1386 1882
1386 2078
1386 1723
1387 1446
1387 1573
1387 1451
1388 1833
1388 1843
1388 1871
1389 1877
1389 1974
1389 2069
1390 1490
1390 1500
1390 2010
1391 1528
1391 1991
1391 1915
1392 1911
1392 2007
1392 1628
1393 1732
1393 1501
1393 1949
1394 2055
1394 1733
1394 2001
1395 1490
1395 1563
1395 1894
1396 1618
1396 1669
1396 2009
1397 1770
1397 1732
1397 1719
1398 1705
1398 1514
1398 2032
1399 1763
1399 1636
1399 1722
