975 1950
0 650
0 794
0 787
1 760
1 817
1 657
2 702
2 685
2 858
3 669
3 903
3 761
4 904
4 933
4 656
5 750
5 873
5 698
6 963
6 811
6 946
7 768
7 834
7 932
8 856
8 924
8 893
9 735
9 957
9 913
10 728
10 861
10 791
11 666
11 655
11 855
12 877
12 871
12 693
13 693
13 767
13 841
14 894
14 854
14 702
15 820
15 711
15 957
16 757
16 750
16 946
17 823
17 817
17 851
18 866
18 937
18 719
19 853
19 882
19 909
20 924
20 970
20 927
21 789
21 855
21 712
22 805
22 738
22 870
23 971
23 879
23 751
24 862
24 668
24 664
25 883
25 907
25 785
26 795
26 863
26 738
27 939
27 682
27 830
28 754
28 842
28 834
29 926
29 850
29 893
30 761
30 837
30 919
31 778
31 732
31 869
32 714
32 969
32 690
33 688
33 925
33 931
34 969
34 654
34 809
35 931
35 694
35 815
36 870
36 805
36 868
37 728
37 777
37 925
38 687
38 683
38 684
39 675
39 789
39 878
40 888
40 783
40 736
41 863
41 826
41 859
42 837
42 671
42 786
43 722
43 884
43 821
44 964
44 699
44 678
45 876
45 947
45 792
46 695
46 967
46 799
47 828
47 764
47 876
48 769
48 802
48 854
49 734
49 655
49 937
50 743
50 912
50 723
51 911
51 871
51 924
52 925
52 693
52 675
53 830
53 936
53 765
54 949
54 712
54 730
55 831
55 763
55 658
56 713
56 666
56 859
57 770
57 891
57 715
58 929
58 807
58 933
59 785
59 911
59 909
60 675
60 695
60 932
61 753
61 962
61 676
62 836
62 813
62 926
63 822
63 803
63 658
64 736
64 670
64 850
65 791
65 941
65 784
66 769
66 722
66 874
67 668
67 867
67 660
68 726
68 697
68 665
69 691
69 829
69 749
70 715
70 761
70 937
71 765
71 724
71 795
72 655
72 945
72 862
73 909
73 893
73 817
74 717
74 888
74 849
75 795
75 781
75 930
76 676
76 876
76 964
77 921
77 843
77 906
78 798
78 693
78 944
79 888
79 891
79 716
80 953
80 846
80 835
81 765
81 832
81 963
82 869
82 851
82 774
83 777
83 964
83 925
84 950
84 882
84 788
85 848
85 701
85 688
86 916
86 674
86 830
87 783
87 767
87 808
88 786
88 844
88 771
89 799
89 745
89 709
90 734
90 832
90 711
91 688
91 720
91 706
92 848
92 968
92 843
93 680
93 936
93 699
94 910
94 761
94 788
95 660
95 658
95 847
96 792
96 698
96 726
97 918
97 945
97 801
98 753
98 772
98 730
99 948
99 916
99 671
100 655
100 766
100 753
101 888
101 703
101 705
102 755
102 969
102 728
103 850
103 961
103 966
104 898
104 768
104 953
105 944
105 930
105 851
106 836
106 837
106 745
107 861
107 739
107 702
108 957
108 841
108 760
109 921
109 966
109 927
110 856
110 963
110 685
111 665
111 819
111 848
112 662
112 873
112 959
113 706
113 914
113 762
114 971
114 785
114 854
115 830
115 680
115 729
116 865
116 745
116 736
117 922
117 846
117 967
118 660
118 795
118 791
119 810
119 756
119 660
120 911
120 879
120 847
121 716
121 711
121 773
122 946
122 880
122 706
123 706
123 662
123 722
124 697
124 908
124 871
125 921
125 856
125 654
126 832
126 748
126 776
127 723
127 898
127 822
128 854
128 776
128 760
129 709
129 793
129 792
130 785
130 736
130 652
131 973
131 688
131 805
132 751
132 774
132 818
133 933
133 783
133 863
134 694
134 852
134 730
135 811
135 687
135 757
136 791
136 828
136 862
137 718
137 725
137 808
138 706
138 670
138 942
139 848
139 850
139 798
140 923
140 815
140 833
141 735
141 932
141 808
142 833
142 674
142 703
143 765
143 899
143 963
144 870
144 787
144 785
145 679
145 929
145 755
146 832
146 712
146 794
147 724
147 746
147 888
148 775
148 748
148 867
149 809
149 826
149 655
150 699
150 924
150 905
151 882
151 651
151 873
152 881
152 752
152 758
153 684
153 755
153 864
154 780
154 771
154 874
155 804
155 848
155 907
156 922
156 937
156 874
157 689
157 733
157 665
158 890
158 710
158 829
159 881
159 704
159 966
160 722
160 748
160 860
161 931
161 919
161 778
162 861
162 740
162 683
163 807
163 723
163 962
164 755
164 917
164 873
165 942
165 677
165 710
166 844
166 681
166 882
167 766
167 974
167 653
168 742
168 691
168 741
169 714
169 732
169 774
170 723
170 893
170 808
171 720
171 809
171 816
172 962
172 822
172 819
173 755
173 963
173 723
174 816
174 794
174 895
175 922
175 748
175 837
176 682
176 807
176 868
177 882
177 780
177 908
178 754
178 820
178 972
179 693
179 806
179 946
180 735
180 679
180 936
181 895
181 836
181 720
182 943
182 938
182 807
183 792
183 784
183 655
184 797
184 816
184 858
185 960
185 754
185 971
186 684
186 745
186 796
187 660
187 689
187 968
188 794
188 833
188 892
189 730
189 855
189 920
190 694
190 901
190 800
191 888
191 860
191 953
192 681
192 751
192 686
193 923
193 687
193 693
194 860
194 792
194 765
195 723
195 917
195 746
196 818
196 873
196 879
197 703
197 954
197 798
198 733
198 728
198 760
199 818
199 871
199 669
200 654
200 836
200 937
201 761
201 871
201 958
202 790
202 758
202 898
203 913
203 705
203 777
204 696
204 740
204 924
205 663
205 760
205 900
206 973
206 882
206 937
207 827
207 910
207 713
208 824
208 876
208 885
209 782
209 900
209 780
210 897
210 871
210 891
211 856
211 828
211 963
212 806
212 928
212 796
213 793
213 660
213 685
214 691
214 705
214 951
215 825
215 673
215 740
216 681
216 833
216 888
217 938
217 883
217 651
218 872
218 704
218 732
219 872
219 760
219 666
220 875
220 662
220 863
221 798
221 955
221 673
222 733
222 949
222 703
223 673
223 682
223 837
224 754
224 855
224 885
225 961
225 658
225 971
226 934
226 860
226 887
227 697
227 837
227 746
228 973
228 904
228 918
229 832
229 677
229 917
230 695
230 720
230 698
231 878
231 675
231 939
232 817
232 761
232 832
233 675
233 971
233 855
234 802
234 678
234 810
235 788
235 875
235 828
236 822
236 810
236 705
237 741
237 666
237 812
238 785
238 668
238 740
239 687
239 712
239 792
240 939
240 690
240 926
241 900
241 952
241 706
242 660
242 781
242 715
243 751
243 929
243 944
244 968
244 756
244 655
245 754
245 837
245 736
246 772
246 733
246 742
247 923
247 947
247 825
248 664
248 765
248 789
249 853
249 854
249 898
250 893
250 930
250 971
251 689
251 958
251 878
252 743
252 890
252 901
253 955
253 832
253 771
254 970
254 823
254 684
255 705
255 696
255 748
256 748
256 878
256 763
257 678
257 785
257 801
258 887
258 795
258 670
259 824
259 867
259 896
260 784
260 756
260 655
261 928
261 973
261 920
262 818
262 680
262 740
263 942
263 731
263 709
264 675
264 666
264 923
265 681
265 826
265 688
266 718
266 695
266 865
267 765
267 841
267 831
268 775
268 842
268 835
269 816
269 892
269 788
270 896
270 742
270 795
271 670
271 780
271 916
272 778
272 757
272 902
273 747
273 822
273 964
274 859
274 770
274 900
275 888
275 842
275 680
276 882
276 667
276 908
277 855
277 757
277 718
278 691
278 731
278 858
279 863
279 861
279 672
280 880
280 893
280 822
281 961
281 832
281 828
282 859
282 737
282 808
283 812
283 728
283 936
284 843
284 895
284 921
285 714
285 898
285 691
286 945
286 725
286 788
287 800
287 667
287 716
288 781
288 756
288 884
289 721
289 667
289 935
290 965
290 832
290 888
291 825
291 746
291 883
292 971
292 896
292 727
293 872
293 768
293 940
294 699
294 906
294 833
295 972
295 691
295 699
296 955
296 957
296 718
297 706
297 704
297 679
298 752
298 834
298 668
299 875
299 871
299 743
300 921
300 761
300 966
301 937
301 652
301 664
302 940
302 850
302 807
303 905
303 847
303 891
304 799
304 794
304 729
305 958
305 801
305 827
306 831
306 667
306 838
307 707
307 743
307 860
308 928
308 804
308 716
309 854
309 818
309 793
310 861
310 777
310 963
311 974
311 936
311 918
312 760
312 770
312 651
313 816
313 872
313 735
314 776
314 742
314 973
315 823
315 844
315 862
316 962
316 769
316 675
317 876
317 785
317 750
318 850
318 819
318 923
319 826
319 780
319 776
320 852
320 963
320 854
321 777
321 728
321 854
322 831
322 779
322 895
323 822
323 713
323 966
324 807
324 745
324 779
325 949
325 699
325 818
326 884
326 843
326 682
327 802
327 768
327 664
328 962
328 704
328 658
329 829
329 772
329 948
330 918
330 883
330 927
331 828
331 716
331 738
332 916
332 680
332 816
333 866
333 971
333 657
334 919
334 678
334 673
335 692
335 650
335 676
336 962
336 853
336 746
337 723
337 924
337 680
338 880
338 803
338 679
339 929
339 877
339 755
340 879
340 763
340 793
341 907
341 739
341 663
342 892
342 659
342 654
343 847
343 692
343 915
344 938
344 723
344 673
345 905
345 883
345 922
346 961
346 894
346 753
347 718
347 727
347 894
348 960
348 793
348 783
349 745
349 679
349 674
350 881
350 903
350 703
351 890
351 831
351 664
352 826
352 789
352 919
353 661
353 670
353 721
354 814
354 816
354 763
355 939
355 717
355 831
356 813
356 851
356 906
357 663
357 685
357 855
358 844
358 707
358 926
359 844
359 768
359 891
360 778
360 952
360 672
361 932
361 969
361 853
362 888
362 873
362 870
363 938
363 819
363 711
364 723
364 708
364 931
365 864
365 916
365 658
366 951
366 707
366 813
367 878
367 726
367 782
368 964
368 657
368 860
369 822
369 789
369 670
370 792
370 914
370 868
371 962
371 953
371 757
372 869
372 751
372 673
373 788
373 818
373 717
374 829
374 803
374 890
375 919
375 764
375 870
376 963
376 934
376 840
377 936
377 800
377 705
378 815
378 866
378 701
379 968
379 804
379 880
380 654
380 806
380 768
381 700
381 672
381 890
382 868
382 693
382 703
383 902
383 883
383 665
384 749
384 685
384 803
385 917
385 713
385 702
386 745
386 731
386 794
387 935
387 773
387 751
388 945
388 668
388 727
389 875
389 805
389 958
390 756
390 831
390 664
391 738
391 859
391 785
392 887
392 819
392 758
393 709
393 938
393 700
394 831
394 698
394 888
395 742
395 934
395 738
396 970
396 804
396 769
397 930
397 739
397 866
398 651
398 772
398 697
399 815
399 719
399 838
400 686
400 852
400 892
401 812
401 765
401 739
402 900
402 855
402 712
403 871
403 743
403 741
404 794
404 792
404 694
405 806
405 773
405 692
406 941
406 933
406 713
407 668
407 933
407 859
408 803
408 952
408 915
409 843
409 682
409 945
410 954
410 701
410 684
411 955
411 692
411 806
412 798
412 697
412 775
413 887
413 711
413 937
414 831
414 744
414 919
415 775
415 876
415 847
416 880
416 683
416 672
417 903
417 870
417 823
418 894
418 930
418 819
419 702
419 863
419 811
420 970
420 883
420 917
421 962
421 722
421 764
422 824
422 969
422 907
423 888
423 730
423 910
424 718
424 689
424 971
425 967
425 719
425 843
426 954
426 878
426 851
427 958
427 695
427 757
428 923
428 699
428 671
429 935
429 677
429 866
430 966
430 732
430 823
431 830
431 654
431 849
432 806
432 878
432 851
433 938
433 668
433 946
434 881
434 657
434 655
435 749
435 882
435 741
436 961
436 850
436 896
437 702
437 857
437 680
438 678
438 746
438 699
439 663
439 653
439 816
440 973
440 887
440 749
441 942
441 849
441 673
442 702
442 924
442 652
443 723
443 834
443 777
444 926
444 697
444 825
445 923
445 809
445 819
446 686
446 914
446 965
447 817
447 758
447 761
448 662
448 918
448 808
449 832
449 913
449 687
450 959
450 863
450 815
451 853
451 787
451 733
452 921
452 764
452 870
453 814
453 879
453 964
454 937
454 728
454 671
455 832
455 802
455 760
456 967
456 839
456 770
457 774
457 913
457 763
458 803
458 681
458 859
459 920
459 823
459 689
460 914
460 930
460 956
461 964
461 959
461 713
462 952
462 820
462 817
463 948
463 753
463 877
464 774
464 957
464 822
465 895
465 839
465 734
466 662
466 693
466 774
467 881
467 687
467 822
468 811
468 791
468 851
469 904
469 709
469 955
470 818
470 763
470 677
471 758
471 899
471 826
472 830
472 718
472 967
473 813
473 653
473 668
474 958
474 861
474 836
475 802
475 904
475 714
476 970
476 783
476 657
477 782
477 686
477 917
478 913
478 701
478 769
479 664
479 736
479 729
480 964
480 897
480 933
481 880
481 964
481 790
482 846
482 718
482 679
483 824
483 723
483 943
484 699
484 658
484 901
485 858
485 795
485 969
486 778
486 673
486 870
487 767
487 876
487 843
488 861
488 929
488 779
489 767
489 785
489 866
490 821
490 701
490 874
491 740
491 730
491 720
492 970
492 703
492 855
493 952
493 722
493 656
494 747
494 694
494 712
495 874
495 663
495 826
496 762
496 759
496 843
497 820
497 719
497 959
498 886
498 796
498 914
499 906
499 927
499 710
500 660
500 930
500 868
501 753
501 972
501 761
502 776
502 915
502 778
503 824
503 906
503 806
504 700
504 671
504 861
505 665
505 801
505 965
506 871
506 781
506 853
507 782
507 749
507 656
508 734
508 658
508 912
509 883
509 756
509 968
510 745
510 789
510 917
511 780
511 662
511 791
512 728
512 667
512 658
513 734
513 673
513 965
514 812
514 943
514 651
515 888
515 657
515 711
516 959
516 724
516 824
517 827
517 705
517 655
518 881
518 655
518 847
519 926
519 904
519 719
520 933
520 775
520 776
521 830
521 681
521 723
522 941
522 732
522 714
523 680
523 918
523 827
524 913
524 899
524 828
525 932
525 879
525 882
526 734
526 943
526 736
527 723
527 861
527 821
528 880
528 733
528 657
529 720
529 931
529 906
530 697
530 832
530 807
531 712
531 967
531 758
532 777
532 675
532 932
533 686
533 743
533 781
534 937
534 873
534 816
535 781
535 753
535 970
536 728
536 934
536 836
537 891
537 826
537 679
538 844
538 796
538 658
539 847
539 720
539 708
540 795
540 763
540 831
541 971
541 743
541 956
542 776
542 671
542 937
543 815
543 793
543 892
544 875
544 747
544 929
545 796
545 671
545 705
546 927
546 691
546 706
547 778
547 719
547 703
548 849
548 764
548 713
549 813
549 809
549 689
550 672
550 687
550 698
551 792
551 753
551 694
552 695
552 860
552 803
553 967
553 840
553 847
554 967
554 652
554 785
555 763
555 734
555 822
556 960
556 895
556 910
557 942
557 922
557 944
558 945
558 937
558 872
559 895
559 663
559 960
560 754
560 906
560 690
561 850
561 688
561 821
562 767
562 872
562 713
563 945
563 850
563 817
564 831
564 742
564 830
565 785
565 720
565 855
566 768
566 665
566 784
567 900
567 845
567 803
568 873
568 890
568 935
569 664
569 966
569 701
570 848
570 808
570 694
571 889
571 717
571 660
572 696
572 896
572 679
573 901
573 838
573 840
574 780
574 720
574 760
575 788
575 687
575 653
576 769
576 704
576 685
577 868
577 961
577 763
578 939
578 861
578 901
579 906
579 694
579 795
580 902
580 916
580 756
581 847
581 786
581 900
582 820
582 686
582 653
583 926
583 864
583 911
584 725
584 810
584 970
585 910
585 775
585 912
586 693
586 871
586 939
587 681
587 955
587 961
588 708
588 772
588 813
589 833
589 787
589 809
590 833
590 743
590 865
591 827
591 839
591 804
592 686
592 711
592 768
593 677
593 845
593 872
594 742
594 931
594 724
595 946
595 771
595 837
596 834
596 933
596 968
597 868
597 710
597 940
598 920
598 823
598 796
599 828
599 841
599 862
600 763
600 659
600 694
601 673
601 865
601 887
602 689
602 921
602 944
603 713
603 805
603 853
604 895
604 847
604 692
605 872
605 775
605 881
606 910
606 673
606 887
607 774
607 800
607 908
608 703
608 734
608 904
609 791
609 885
609 924
610 850
610 740
610 786
611 700
611 666
611 974
612 786
612 747
612 796
613 907
613 729
613 831
614 756
614 874
614 884
615 670
615 816
615 881
616 680
616 730
616 802
617 761
617 895
617 902
618 731
618 686
618 831
619 924
619 704
619 891
620 788
620 880
620 921
621 771
621 676
621 917
622 720
622 814
622 893
623 747
623 820
623 890
624 864
624 773
624 905
625 769
625 710
625 924
626 707
626 796
626 959
627 673
627 811
627 939
628 937
628 866
628 828
629 828
629 698
629 963
630 669
630 960
630 905
631 726
631 952
631 778
632 974
632 887
632 901
633 891
633 661
633 922
634 667
634 782
634 826
635 778
635 832
635 889
636 655
636 776
636 753
637 788
637 751
637 702
638 939
638 743
638 900
639 823
639 826
639 948
640 665
640 674
640 960
641 956
641 801
641 901
642 721
642 955
642 753
643 916
643 727
643 906
644 701
644 731
644 916
645 705
645 853
645 904
646 917
646 758
646 653
647 658
647 735
647 765
648 883
648 908
648 846
649 732
649 785
649 890
