675 1350
0 568
0 560
0 559
1 566
1 487
1 581
2 485
2 491
2 545
3 490
3 598
3 592
4 531
4 667
4 665
5 500
5 562
5 665
6 490
6 586
6 564
7 641
7 542
7 537
8 626
8 557
8 599
9 661
9 567
9 599
10 558
10 483
10 531
11 627
11 572
11 643
12 590
12 668
12 560
13 551
13 667
13 503
14 641
14 549
14 616
15 453
15 568
15 499
16 592
16 497
16 501
17 614
17 588
17 598
18 562
18 541
18 468
19 526
19 551
19 646
20 654
20 611
20 505
21 506
21 532
21 671
22 453
22 587
22 483
23 576
23 672
23 599
24 541
24 516
24 631
25 545
25 498
25 472
26 484
26 492
26 583
27 565
27 452
27 633
28 668
28 618
28 579
29 593
29 628
29 550
30 533
30 660
30 522
31 619
31 613
31 453
32 498
32 488
32 648
33 620
33 568
33 592
34 624
34 672
34 469
35 493
35 589
35 481
36 524
36 498
36 454
37 571
37 557
37 523
38 570
38 461
38 555
39 587
39 499
39 493
40 469
40 480
40 606
41 587
41 525
41 502
42 634
42 517
42 458
43 656
43 615
43 625
44 587
44 590
44 499
45 544
45 546
45 543
46 461
46 486
46 639
47 631
47 560
47 482
48 519
48 487
48 620
49 669
49 539
49 486
50 513
50 647
50 572
51 566
51 614
51 643
52 589
52 619
52 627
53 610
53 550
53 520
54 475
54 453
54 464
55 507
55 574
55 586
56 565
56 540
56 525
57 637
57 607
57 598
58 533
58 504
58 498
59 509
59 632
59 463
60 650
60 665
60 507
61 486
61 618
61 476
62 562
62 475
62 559
63 671
63 509
63 528
64 589
64 571
64 669
65 568
65 529
65 456
66 506
66 639
66 475
67 451
67 576
67 537
68 590
68 452
68 484
69 591
69 622
69 562
70 545
70 462
70 508
71 641
71 613
71 581
72 524
72 639
72 463
73 612
73 546
73 605
74 553
74 523
74 551
75 616
75 455
75 628
76 452
76 633
76 521
77 546
77 543
77 573
78 472
78 597
78 614
79 573
79 558
79 631
80 478
80 561
80 485
81 496
81 576
81 461
82 578
82 508
82 558
83 639
83 450
83 642
84 598
84 647
84 630
85 476
85 595
85 477
86 618
86 528
86 583
87 626
87 546
87 653
88 537
88 482
88 661
89 623
89 615
89 571
90 559
90 455
90 608
91 653
91 527
91 544
92 617
92 473
92 529
93 478
93 638
93 535
94 630
94 470
94 464
95 565
95 457
95 511
96 639
96 657
96 603
97 553
97 458
97 542
98 511
98 557
98 501
99 500
99 653
99 637
100 556
100 634
100 622
101 581
101 555
101 479
102 585
102 580
102 562
103 528
103 642
103 599
104 479
104 581
104 635
105 602
105 470
105 578
106 563
106 474
106 518
107 546
107 473
107 589
108 632
108 620
108 628
109 634
109 505
109 515
110 499
110 531
110 629
111 635
111 478
111 557
112 523
112 509
112 618
113 471
113 527
113 652
114 542
114 663
114 541
115 654
115 482
115 500
116 558
116 579
116 480
117 486
117 480
117 654
118 456
118 628
118 604
119 634
119 480
119 673
120 504
120 472
120 554
121 529
121 469
121 560
122 493
122 647
122 474
123 603
123 594
123 598
124 650
124 472
124 514
125 562
125 518
125 604
126 562
126 653
126 659
127 598
127 674
127 472
128 572
128 510
128 589
129 521
129 544
129 640
130 631
130 517
130 472
131 576
131 595
131 591
132 476
132 527
132 467
133 500
133 563
133 629
134 502
134 660
134 498
135 479
135 628
135 472
136 470
136 534
136 505
137 631
137 637
137 656
138 526
138 494
138 585
139 504
139 480
139 453
140 632
140 610
140 487
141 674
141 625
141 620
142 503
142 643
142 526
143 541
143 608
143 498
144 603
144 564
144 641
145 487
145 639
145 613
146 652
146 517
146 534
147 620
147 450
147 500
148 519
148 632
148 625
149 488
149 651
149 548
150 617
150 584
150 566
151 569
151 450
151 466
152 639
152 539
152 506
153 672
153 614
153 462
154 633
154 624
154 558
155 643
155 624
155 565
156 605
156 574
156 486
157 473
157 584
157 515
158 475
158 507
158 575
159 544
159 489
159 497
160 670
160 559
160 480
161 619
161 640
161 647
162 472
162 611
162 607
163 667
163 563
163 598
164 547
164 458
164 521
165 479
165 495
165 603
166 618
166 663
166 499
167 624
167 515
167 587
168 596
168 485
168 467
169 619
169 482
169 489
170 540
170 526
170 481
171 636
171 559
171 462
172 451
172 481
172 519
173 672
173 628
173 590
174 498
174 667
174 497
175 649
175 505
175 536
176 506
176 492
176 635
177 477
177 457
177 536
178 558
178 466
178 455
179 610
179 457
179 476
180 465
180 494
180 476
181 581
181 462
181 634
182 472
182 452
182 567
183 521
183 638
183 616
184 671
184 566
184 639
185 642
185 522
185 648
186 568
186 548
186 613
187 615
187 502
187 514
188 547
188 473
188 625
189 609
189 485
189 459
190 664
190 569
190 474
191 569
191 484
191 647
192 511
192 496
192 478
193 468
193 508
193 672
194 560
194 594
194 624
195 673
195 536
195 658
196 622
196 474
196 499
197 508
197 600
197 487
198 649
198 522
198 578
199 468
199 540
199 479
200 472
200 461
200 477
201 656
201 631
201 592
202 545
202 456
202 665
203 648
203 499
203 612
204 617
204 522
204 494
205 486
205 458
205 563
206 625
206 580
206 657
207 643
207 572
207 563
208 652
208 611
208 578
209 636
209 470
209 527
210 581
210 496
210 461
211 478
211 502
211 467
212 638
212 611
212 454
213 637
213 651
213 467
214 498
214 495
214 537
215 543
215 507
215 611
216 630
216 609
216 605
217 483
217 654
217 635
218 672
218 632
218 517
219 508
219 499
219 479
220 578
220 623
220 646
221 554
221 608
221 543
222 509
222 476
222 554
223 564
223 532
223 575
224 649
224 656
224 628
225 663
225 592
225 559
226 554
226 564
226 546
227 528
227 491
227 564
228 458
228 578
228 476
229 513
229 548
229 638
230 497
230 477
230 630
231 601
231 543
231 609
232 507
232 493
232 458
233 648
233 634
233 560
234 511
234 523
234 462
235 567
235 525
235 644
236 614
236 670
236 557
237 579
237 484
237 470
238 560
238 546
238 667
239 609
239 491
239 614
240 544
240 663
240 604
241 497
241 572
241 650
242 486
242 476
242 654
243 673
243 658
243 454
244 650
244 453
244 613
245 581
245 459
245 616
246 486
246 641
246 533
247 621
247 553
247 573
248 520
248 518
248 616
249 581
249 501
249 650
250 628
250 667
250 461
251 574
251 580
251 512
252 497
252 663
252 561
253 496
253 492
253 475
254 591
254 489
254 535
255 590
255 592
255 580
256 512
256 569
256 618
257 597
257 599
257 662
258 509
258 619
258 542
259 635
259 504
259 456
260 550
260 619
260 458
261 654
261 656
261 477
262 624
262 662
262 615
263 526
263 668
263 497
264 540
264 632
264 614
265 586
265 460
265 635
266 657
266 573
266 497
267 585
267 656
267 657
268 595
268 559
268 471
269 502
269 622
269 627
270 535
270 548
270 451
271 461
271 479
271 482
272 577
272 504
272 456
273 540
273 512
273 620
274 478
274 543
274 674
275 645
275 500
275 628
276 483
276 643
276 656
277 592
277 626
277 667
278 485
278 523
278 655
279 561
279 636
279 630
280 542
280 543
280 633
281 584
281 564
281 627
282 461
282 499
282 479
283 586
283 494
283 574
284 547
284 521
284 621
285 588
285 626
285 639
286 534
286 499
286 511
287 480
287 540
287 544
288 567
288 570
288 643
289 608
289 456
289 487
290 471
290 475
290 572
291 542
291 606
291 644
292 498
292 635
292 673
293 465
293 589
293 646
294 500
294 454
294 559
295 494
295 669
295 670
296 453
296 576
296 603
297 554
297 656
297 502
298 470
298 485
298 613
299 582
299 452
299 593
300 559
300 490
300 486
301 553
301 663
301 579
302 605
302 637
302 644
303 565
303 603
303 550
304 454
304 459
304 530
305 508
305 575
305 587
306 549
306 523
306 538
307 627
307 587
307 633
308 465
308 560
308 646
309 545
309 540
309 608
310 466
310 656
310 541
311 515
311 557
311 566
312 645
312 578
312 660
313 669
313 484
313 467
314 564
314 563
314 631
315 596
315 569
315 662
316 517
316 565
316 635
317 590
317 481
317 574
318 510
318 515
318 550
319 487
319 601
319 636
320 596
320 495
320 571
321 505
321 661
321 667
322 515
322 517
322 491
323 554
323 475
323 461
324 614
324 539
324 567
325 615
325 584
325 496
326 482
326 510
326 499
327 450
327 605
327 616
328 480
328 565
328 622
329 481
329 664
329 576
330 536
330 463
330 516
331 563
331 459
331 652
332 517
332 648
332 637
333 617
333 503
333 658
334 529
334 452
334 512
335 617
335 470
335 645
336 584
336 601
336 608
337 488
337 505
337 671
338 495
338 517
338 562
339 619
339 574
339 563
340 547
340 576
340 461
341 474
341 455
341 563
342 579
342 621
342 649
343 520
343 516
343 492
344 455
344 591
344 632
345 626
345 597
345 668
346 580
346 569
346 579
347 501
347 551
347 558
348 552
348 460
348 577
349 470
349 521
349 654
350 538
350 453
350 527
351 574
351 598
351 628
352 664
352 620
352 547
353 672
353 589
353 657
354 454
354 544
354 634
355 648
355 587
355 639
356 473
356 572
356 629
357 639
357 568
357 517
358 609
358 552
358 632
359 458
359 523
359 568
360 498
360 604
360 607
361 609
361 472
361 454
362 527
362 641
362 670
363 514
363 538
363 525
364 463
364 480
364 604
365 516
365 562
365 654
366 468
366 579
366 526
367 538
367 470
367 639
368 509
368 452
368 649
369 485
369 510
369 639
370 564
370 674
370 652
371 559
371 666
371 515
372 483
372 597
372 627
373 521
373 509
373 600
374 482
374 613
374 532
375 563
375 485
375 526
376 604
376 640
376 659
377 452
377 460
377 556
378 451
378 478
378 600
379 608
379 512
379 659
380 477
380 591
380 611
381 595
381 585
381 659
382 552
382 543
382 628
383 483
383 478
383 591
384 604
384 586
384 588
385 574
385 623
385 552
386 517
386 465
386 520
387 455
387 470
387 598
388 464
388 515
388 589
389 579
389 582
389 645
390 512
390 604
390 649
391 580
391 499
391 521
392 623
392 662
392 641
393 592
393 478
393 618
394 562
394 622
394 621
395 486
395 564
395 601
396 488
396 631
396 564
397 461
397 620
397 459
398 480
398 524
398 643
399 666
399 569
399 594
400 579
400 528
400 627
401 639
401 673
401 461
402 480
402 637
402 593
403 460
403 539
403 575
404 628
404 462
404 640
405 528
405 645
405 455
406 507
406 493
406 592
407 670
407 579
407 591
408 527
408 485
408 630
409 531
409 561
409 600
410 649
410 453
410 525
411 472
411 456
411 547
412 602
412 584
412 653
413 657
413 629
413 640
414 474
414 463
414 500
415 457
415 469
415 468
416 506
416 573
416 608
417 461
417 530
417 610
418 645
418 588
418 524
419 582
419 600
419 498
420 674
420 571
420 673
421 458
421 478
421 552
422 531
422 572
422 653
423 508
423 606
423 654
424 509
424 542
424 551
425 635
425 582
425 631
426 544
426 545
426 600
427 617
427 514
427 646
428 584
428 486
428 595
429 521
429 630
429 650
430 654
430 590
430 604
431 538
431 597
431 595
432 473
432 522
432 547
433 628
433 513
433 574
434 533
434 528
434 562
435 584
435 565
435 495
436 661
436 590
436 565
437 488
437 668
437 491
438 671
438 522
438 664
439 521
439 630
439 673
440 533
440 623
440 611
441 600
441 464
441 488
442 530
442 563
442 613
443 669
443 620
443 507
444 584
444 591
444 627
445 607
445 577
445 588
446 591
446 602
446 657
447 486
447 527
447 607
448 575
448 454
448 539
449 596
449 663
449 557
