36 252
0 1
0 2
0 3
0 4
0 5
0 6
0 7
0 8
0 9
0 10
0 11
0 12
0 13
0 14
1 2
1 3
1 4
1 5
1 15
1 16
1 17
1 18
1 19
1 20
1 21
1 22
1 23
2 9
2 11
2 14
2 18
2 22
2 23
2 25
2 26
2 30
2 31
2 34
2 35
3 11
3 12
3 13
3 16
3 17
3 22
3 24
3 27
3 28
3 29
3 34
3 35
4 5
4 10
4 12
4 20
4 23
4 26
4 28
4 29
4 30
4 32
4 33
4 34
5 13
5 14
5 19
5 21
5 24
5 25
5 27
5 31
5 32
5 33
5 35
6 7
6 9
6 12
6 14
6 15
6 16
6 20
6 21
6 23
6 24
6 33
6 34
6 35
7 10
7 11
7 13
7 17
7 18
7 19
7 21
7 23
7 25
7 29
7 32
7 34
8 9
8 10
8 12
8 14
8 16
8 17
8 19
8 21
8 22
8 26
8 27
8 30
8 32
9 13
9 19
9 20
9 22
9 23
9 27
9 28
9 29
9 31
9 33
10 11
10 15
10 19
10 20
10 22
10 24
10 25
10 26
10 28
10 35
11 16
11 18
11 20
11 24
11 27
11 30
11 31
11 32
11 33
12 15
12 17
12 18
12 25
12 26
12 27
12 31
12 33
12 34
13 15
13 16
13 21
13 25
13 26
13 28
13 29
13 30
13 31
14 15
14 17
14 18
14 24
14 28
14 29
14 30
14 32
14 35
15 16
15 18
15 20
15 22
15 25
15 28
15 31
15 32
16 19
16 23
16 26
16 30
16 32
16 33
16 35
17 19
17 20
17 23
17 24
17 25
17 29
17 30
17 31
18 19
18 21
18 26
18 27
18 28
18 29
18 33
19 28
19 31
19 33
19 34
19 35
20 21
20 27
20 29
20 30
20 31
20 35
21 22
21 24
21 26
21 27
21 30
21 34
22 24
22 25
22 29
22 32
22 33
22 34
23 24
23 25
23 26
23 27
23 28
23 32
24 26
24 28
24 31
24 33
25 27
25 30
25 33
25 35
26 29
26 31
26 35
27 28
27 32
27 35
28 30
28 34
29 32
29 33
29 35
30 33
30 34
31 32
31 34
32 34
34 35
