36 252
0 1
0 2
0 3
0 4
0 5
0 6
0 7
0 8
0 9
0 10
0 11
0 12
0 13
0 14
1 2
1 3
1 4
1 5
1 15
1 16
1 17
1 18
1 19
1 20
1 21
1 22
1 23
2 6
2 8
2 12
2 17
2 19
2 22
2 27
2 29
2 32
2 33
2 34
2 35
3 7
3 9
3 13
3 18
3 20
3 23
3 28
3 30
3 32
3 33
3 34
3 35
4 11
4 12
4 14
4 15
4 21
4 22
4 26
4 28
4 30
4 31
4 33
4 35
5 10
5 13
5 14
5 16
5 21
5 23
5 26
5 27
5 29
5 31
5 32
5 34
6 8
6 11
6 13
6 17
6 18
6 20
6 21
6 24
6 26
6 28
6 31
6 32
7 9
7 10
7 12
7 17
7 18
7 19
7 21
7 25
7 26
7 27
7 31
7 33
8 10
8 14
8 15
8 16
8 18
8 23
8 25
8 27
8 28
8 30
8 33
9 11
9 14
9 15
9 16
9 17
9 22
9 24
9 27
9 28
9 29
9 32
10 12
10 15
10 16
10 19
10 20
10 24
10 26
10 30
10 32
10 35
11 13
11 15
11 16
11 19
11 20
11 25
11 26
11 29
11 33
11 34
12 20
12 22
12 23
12 24
12 25
12 28
12 29
12 31
12 34
13 19
13 22
13 23
13 24
13 25
13 27
13 30
13 31
13 35
14 17
14 18
14 21
14 24
14 25
14 29
14 30
14 34
14 35
15 17
15 20
15 23
15 25
15 27
15 31
15 32
15 35
16 18
16 19
16 22
16 24
16 28
16 31
16 33
16 34
17 19
17 23
17 24
17 26
17 30
17 31
17 34
18 20
18 22
18 25
18 26
18 29
18 31
18 35
19 21
19 25
19 28
19 29
19 30
19 35
20 21
20 24
20 27
20 29
20 30
20 34
21 24
21 25
21 27
21 28
21 32
21 33
22 24
22 25
22 26
22 27
22 30
22 32
23 24
23 25
23 26
23 28
23 29
23 33
24 33
24 35
25 32
25 34
26 29
26 30
26 32
26 33
27 29
27 30
27 31
27 33
28 29
28 30
28 31
28 32
29 35
30 34
31 34
31 35
32 34
32 35
33 34
33 35
