36 252
0 1
0 2
0 3
0 4
0 5
0 6
0 7
0 8
0 9
0 10
0 11
0 12
0 13
0 14
1 2
1 3
1 4
1 5
1 15
1 16
1 17
1 18
1 19
1 20
1 21
1 22
1 23
2 8
2 9
2 12
2 21
2 22
2 23
2 30
2 31
2 32
2 33
2 34
2 35
3 12
3 13
3 14
3 19
3 20
3 23
3 26
3 27
3 28
3 29
3 34
3 35
4 5
4 10
4 13
4 15
4 17
4 24
4 26
4 28
4 30
4 32
4 33
4 34
5 11
5 14
5 16
5 18
5 25
5 27
5 29
5 31
5 32
5 33
5 35
6 7
6 9
6 11
6 13
6 15
6 17
6 18
6 21
6 23
6 26
6 29
6 32
6 35
7 8
7 10
7 14
7 16
7 17
7 18
7 22
7 23
7 27
7 28
7 33
7 34
8 11
8 14
8 15
8 16
8 19
8 20
8 24
8 28
8 30
8 32
8 35
9 10
9 13
9 15
9 16
9 19
9 20
9 25
9 29
9 31
9 33
9 34
10 12
10 18
10 19
10 20
10 22
10 24
10 26
10 27
10 31
10 32
11 12
11 17
11 19
11 20
11 21
11 25
11 26
11 27
11 30
11 33
12 17
12 18
12 23
12 24
12 25
12 28
12 29
12 30
12 31
13 16
13 21
13 22
13 24
13 25
13 27
13 28
13 30
13 35
14 15
14 21
14 22
14 24
14 25
14 26
14 29
14 31
14 34
15 17
15 20
15 23
15 24
15 27
15 29
15 30
15 31
16 18
16 19
16 23
16 25
16 26
16 28
16 30
16 31
17 19
17 22
17 25
17 28
17 31
17 34
17 35
18 20
18 21
18 24
18 29
18 30
18 34
18 35
19 22
19 24
19 26
19 29
19 33
19 35
20 21
20 25
20 27
20 28
20 32
20 34
21 22
21 24
21 26
21 28
21 31
21 33
22 25
22 27
22 29
22 30
22 32
23 24
23 25
23 26
23 27
23 32
23 33
24 25
24 33
24 35
25 32
25 34
26 30
26 31
26 32
26 34
27 30
27 31
27 33
27 35
28 29
28 31
28 32
28 33
29 30
29 32
29 33
30 34
31 35
32 35
33 34
34 35
