25 150
5 18
5 22
5 15
5 11
5 4
5 10
5 13
5 0
5 12
5 14
5 17
5 6
18 22
18 15
18 11
18 4
18 10
18 8
18 16
18 3
18 19
18 2
18 1
22 15
22 0
22 14
22 6
22 16
22 19
22 1
22 20
22 21
22 9
15 12
15 17
15 6
15 3
15 2
15 1
15 24
15 7
15 9
11 4
11 10
11 14
11 17
11 16
11 3
11 23
11 24
11 21
11 9
4 10
4 0
4 12
4 19
4 2
4 23
4 20
4 7
4 9
10 13
10 6
10 8
10 1
10 20
10 24
10 7
10 21
13 0
13 12
13 14
13 6
13 8
13 16
13 3
13 2
13 20
13 24
0 12
0 14
0 8
0 16
0 1
0 23
0 7
0 9
12 17
12 16
12 19
12 2
12 24
12 7
12 21
14 17
14 3
14 2
14 1
14 23
14 20
14 21
17 6
17 8
17 3
17 19
17 23
17 7
17 21
6 8
6 19
6 23
6 20
6 24
6 9
8 16
8 3
8 19
8 1
8 23
8 7
16 3
16 19
16 24
16 21
16 9
3 2
3 20
3 7
3 9
19 2
19 23
19 20
19 21
2 1
2 23
2 20
2 24
1 23
1 24
1 7
1 21
23 24
23 9
20 7
20 21
20 9
24 21
24 9
7 21
7 9
