25 150
20 22
20 8
20 5
20 7
20 10
20 17
20 6
20 13
20 23
20 18
20 11
20 12
22 8
22 5
22 7
22 10
22 17
22 14
22 16
22 21
22 19
22 2
22 4
8 5
8 13
8 18
8 12
8 16
8 19
8 4
8 1
8 24
8 9
5 23
5 11
5 12
5 21
5 2
5 4
5 15
5 0
5 9
7 10
7 17
7 18
7 11
7 16
7 21
7 3
7 15
7 24
7 9
10 17
10 13
10 23
10 19
10 2
10 3
10 1
10 0
10 9
17 6
17 12
17 14
17 4
17 1
17 15
17 0
17 24
6 13
6 23
6 18
6 12
6 14
6 16
6 21
6 2
6 1
6 15
13 23
13 18
13 14
13 16
13 4
13 3
13 0
13 9
23 11
23 16
23 19
23 2
23 15
23 0
23 24
18 11
18 21
18 2
18 4
18 3
18 1
18 24
11 12
11 14
11 21
11 19
11 3
11 0
11 24
12 14
12 19
12 3
12 1
12 15
12 9
14 16
14 21
14 19
14 4
14 3
14 0
16 21
16 19
16 15
16 24
16 9
21 2
21 1
21 0
21 9
19 2
19 3
19 1
19 24
2 4
2 3
2 1
2 15
4 3
4 15
4 0
4 24
3 15
3 9
1 0
1 24
1 9
15 24
15 9
0 24
0 9
