25 150
6 10
6 11
6 3
6 8
6 17
6 18
6 9
6 5
6 13
6 14
6 7
6 12
10 11
10 3
10 8
10 17
10 18
10 0
10 24
10 15
10 20
10 23
10 19
11 3
11 5
11 14
11 12
11 24
11 20
11 19
11 16
11 1
11 22
3 13
3 7
3 12
3 15
3 23
3 19
3 2
3 21
3 22
8 17
8 18
8 14
8 7
8 24
8 15
8 4
8 2
8 1
8 22
17 18
17 5
17 13
17 20
17 23
17 4
17 16
17 21
17 22
18 9
18 12
18 0
18 19
18 16
18 2
18 21
18 1
9 5
9 13
9 14
9 12
9 0
9 24
9 15
9 23
9 16
9 2
5 13
5 14
5 0
5 24
5 19
5 4
5 21
5 22
13 7
13 24
13 20
13 23
13 2
13 21
13 1
14 7
14 15
14 23
14 19
14 4
14 16
14 1
7 12
7 0
7 15
7 20
7 4
7 21
7 1
12 0
12 20
12 4
12 16
12 2
12 22
0 24
0 15
0 20
0 19
0 4
0 21
24 15
24 20
24 2
24 1
24 22
15 23
15 16
15 21
15 22
20 23
20 4
20 16
20 1
23 19
23 4
23 16
23 2
19 4
19 2
19 21
19 1
4 2
4 22
16 21
16 1
16 22
2 1
2 22
21 1
21 22
