25 150
13 11
13 23
13 9
13 4
13 8
13 14
13 10
13 2
13 19
13 0
13 22
13 15
11 23
11 9
11 4
11 8
11 14
11 12
11 3
11 1
11 17
11 24
11 5
23 9
23 2
23 0
23 15
23 3
23 17
23 5
23 6
23 18
23 7
9 19
9 22
9 15
9 1
9 24
9 5
9 20
9 16
9 7
4 8
4 14
4 0
4 22
4 3
4 1
4 21
4 20
4 18
4 7
8 14
8 2
8 19
8 17
8 24
8 21
8 6
8 16
8 7
14 10
14 15
14 12
14 5
14 6
14 20
14 16
14 18
10 2
10 19
10 0
10 15
10 12
10 3
10 1
10 24
10 6
10 20
2 19
2 0
2 12
2 3
2 5
2 21
2 16
2 7
19 22
19 3
19 17
19 24
19 20
19 16
19 18
0 22
0 1
0 24
0 5
0 21
0 6
0 18
22 15
22 12
22 1
22 17
22 21
22 16
22 18
15 12
15 17
15 21
15 6
15 20
15 7
12 3
12 1
12 17
12 5
12 21
12 16
3 1
3 17
3 20
3 18
3 7
1 24
1 6
1 16
1 7
17 24
17 21
17 6
17 18
24 5
24 21
24 6
24 20
5 21
5 20
5 16
5 18
21 20
21 7
6 16
6 18
6 7
20 18
20 7
16 18
16 7
