25 150
6 4
6 12
6 24
6 22
6 19
6 11
6 18
6 7
6 0
6 9
6 3
6 10
4 12
4 24
4 22
4 19
4 11
4 15
4 16
4 8
4 13
4 21
4 5
12 24
12 7
12 9
12 10
12 16
12 13
12 5
12 2
12 23
12 14
24 0
24 3
24 10
24 8
24 21
24 5
24 1
24 17
24 14
22 19
22 11
22 9
22 3
22 16
22 8
22 20
22 1
22 23
22 14
19 11
19 7
19 0
19 13
19 21
19 20
19 2
19 17
19 14
11 18
11 10
11 15
11 5
11 2
11 1
11 17
11 23
18 7
18 0
18 9
18 10
18 15
18 16
18 8
18 21
18 2
18 1
7 0
7 9
7 15
7 16
7 5
7 20
7 17
7 14
0 3
0 16
0 13
0 21
0 1
0 17
0 23
9 3
9 8
9 21
9 5
9 20
9 2
9 23
3 10
3 15
3 8
3 13
3 20
3 17
3 23
10 15
10 13
10 20
10 2
10 1
10 14
15 16
15 8
15 13
15 5
15 20
15 17
16 8
16 13
16 1
16 23
16 14
8 21
8 2
8 17
8 14
13 21
13 20
13 2
13 23
21 5
21 20
21 2
21 1
5 20
5 1
5 17
5 23
20 1
20 14
2 17
2 23
2 14
1 23
1 14
17 23
17 14
