25 150
3 23
3 20
3 22
3 0
3 21
3 13
3 11
3 10
3 12
3 17
3 18
3 4
23 20
23 22
23 0
23 21
23 13
23 16
23 15
23 2
23 14
23 8
23 7
20 22
20 10
20 17
20 4
20 15
20 14
20 7
20 1
20 6
20 9
22 12
22 18
22 4
22 2
22 8
22 7
22 24
22 5
22 9
0 21
0 13
0 17
0 18
0 15
0 2
0 19
0 24
0 6
0 9
21 13
21 10
21 12
21 14
21 8
21 19
21 1
21 5
21 9
13 11
13 4
13 16
13 7
13 1
13 24
13 5
13 6
11 10
11 12
11 17
11 4
11 16
11 15
11 2
11 8
11 1
11 24
10 12
10 17
10 16
10 15
10 7
10 19
10 5
10 9
12 18
12 15
12 14
12 8
12 24
12 5
12 6
17 18
17 2
17 8
17 7
17 19
17 1
17 6
18 4
18 16
18 2
18 14
18 19
18 5
18 6
4 16
4 14
4 19
4 1
4 24
4 9
16 15
16 2
16 14
16 7
16 19
16 5
15 2
15 14
15 24
15 6
15 9
2 8
2 1
2 5
2 9
14 8
14 19
14 1
14 6
8 7
8 19
8 1
8 24
7 19
7 24
7 5
7 6
19 24
19 9
1 5
1 6
1 9
24 6
24 9
5 6
5 9
