25 150
12 8
12 23
12 5
12 4
12 0
12 14
12 3
12 17
12 13
12 18
12 24
12 15
8 23
8 5
8 4
8 0
8 14
8 22
8 20
8 9
8 16
8 21
8 19
23 5
23 17
23 18
23 15
23 20
23 16
23 19
23 11
23 6
23 1
5 13
5 24
5 15
5 9
5 21
5 19
5 2
5 7
5 1
4 0
4 14
4 18
4 24
4 20
4 9
4 10
4 2
4 6
4 1
0 14
0 17
0 13
0 16
0 21
0 10
0 11
0 7
0 1
14 3
14 15
14 22
14 19
14 11
14 2
14 7
14 6
3 17
3 13
3 18
3 15
3 22
3 20
3 9
3 21
3 11
3 2
17 13
17 18
17 22
17 20
17 19
17 10
17 7
17 1
13 24
13 20
13 16
13 21
13 2
13 7
13 6
18 24
18 9
18 21
18 19
18 10
18 11
18 6
24 15
24 22
24 9
24 16
24 10
24 7
24 6
15 22
15 16
15 10
15 11
15 2
15 1
22 20
22 9
22 16
22 19
22 10
22 7
20 9
20 16
20 2
20 6
20 1
9 21
9 11
9 7
9 1
16 21
16 10
16 11
16 6
21 19
21 10
21 11
21 2
19 10
19 2
19 7
19 6
10 2
10 1
11 7
11 6
11 1
2 6
2 1
7 6
7 1
