648 1296
0 88
0 97
0 118
0 396
0 430
0 461
0 520
0 645
1 188
1 369
1 393
1 491
2 18
2 88
2 398
2 418
3 255
3 338
3 404
4 84
4 196
4 300
4 598
4 611
4 646
5 95
5 457
5 550
6 82
6 215
6 457
7 111
7 149
7 193
8 22
8 59
8 234
8 427
8 501
8 521
8 581
8 623
9 226
9 437
9 450
9 525
9 600
9 642
10 241
10 337
10 574
11 238
11 273
11 458
11 615
12 239
12 574
12 605
13 161
13 533
13 624
14 82
14 200
14 500
15 215
15 620
15 640
16 36
16 85
16 500
17 87
17 106
17 114
17 253
17 281
17 361
17 420
17 448
18 412
18 540
19 319
19 462
19 479
20 280
20 282
20 500
21 164
21 201
21 224
21 257
21 392
21 441
21 461
21 514
22 176
22 338
23 92
23 355
23 625
24 163
24 479
24 552
25 27
25 274
25 488
26 79
26 110
26 509
27 32
27 87
27 119
27 124
27 290
27 378
27 594
28 250
28 480
28 508
29 476
29 533
29 574
30 39
30 136
30 467
31 93
31 211
31 302
31 313
31 501
31 592
32 451
32 639
33 112
33 311
33 344
33 471
34 171
34 308
34 368
34 380
34 400
34 446
34 515
34 633
35 83
35 493
35 640
36 179
36 197
36 286
36 481
36 591
37 91
37 112
37 252
37 324
37 384
37 433
37 515
37 595
38 159
38 281
38 414
38 522
39 105
39 376
39 494
39 594
39 595
40 135
40 280
40 301
41 134
41 371
41 637
42 66
42 558
42 607
43 239
43 255
43 476
44 53
44 240
44 456
45 178
45 215
45 531
46 78
46 88
46 126
46 133
46 316
46 321
46 516
46 629
47 95
47 551
47 552
48 210
48 279
48 555
49 56
49 127
49 218
50 74
50 222
50 330
50 361
51 173
51 329
51 601
52 66
52 362
52 576
53 70
53 105
53 124
53 420
53 429
54 475
54 555
54 634
55 182
55 243
55 279
56 67
56 132
56 137
56 365
56 580
57 484
57 607
57 612
58 212
58 274
58 489
59 66
59 231
60 105
60 132
60 199
60 455
60 471
60 474
60 554
60 635
61 555
61 569
61 614
62 237
62 269
62 310
63 395
63 614
63 638
64 82
64 95
64 185
65 388
65 400
65 502
65 516
65 524
65 577
66 151
66 196
66 616
67 136
67 428
68 183
68 271
68 488
69 126
69 147
69 247
69 318
69 368
69 604
70 477
70 614
71 314
71 390
71 416
71 439
71 506
71 554
72 138
72 171
72 252
72 357
72 413
72 609
73 242
73 454
73 472
74 412
74 589
75 261
75 428
75 641
76 127
76 335
76 641
77 183
77 282
77 572
78 542
78 601
79 126
79 331
79 357
79 360
79 524
80 215
80 443
80 552
81 115
81 440
81 525
81 560
82 233
82 267
82 394
82 497
82 598
83 172
83 408
83 410
83 437
83 621
84 576
84 605
85 104
85 223
85 331
85 343
85 435
85 539
85 591
86 87
86 348
86 391
86 397
86 455
86 494
89 272
89 283
89 619
90 148
90 392
91 136
91 240
92 312
92 587
92 615
93 386
93 404
94 311
94 314
94 384
94 580
95 116
95 169
95 227
95 393
95 450
96 158
96 470
96 553
97 149
97 345
98 146
98 320
98 373
98 532
98 581
98 582
99 172
99 236
99 409
99 534
100 454
100 479
100 614
101 214
101 250
101 347
102 275
102 315
102 573
103 183
103 486
103 568
104 590
104 608
106 232
106 309
107 228
107 389
107 532
107 544
108 564
108 568
108 585
109 261
109 275
109 518
110 190
110 305
110 314
110 365
110 435
110 498
110 602
111 288
111 411
111 418
112 415
113 319
113 531
113 573
114 452
114 555
115 630
115 640
116 242
116 531
117 244
117 276
117 349
117 352
117 579
117 596
118 329
118 630
119 206
119 636
120 269
120 612
120 641
121 337
121 535
121 607
122 277
122 315
122 371
123 298
123 374
123 427
123 485
123 544
123 571
124 210
125 193
125 270
125 329
127 390
127 463
128 200
128 210
128 536
129 217
129 551
129 590
130 206
130 489
130 639
131 200
131 301
131 550
132 569
133 574
133 624
134 141
134 229
134 293
134 399
134 547
134 579
134 626
135 153
135 213
135 225
135 341
135 352
135 370
135 461
136 390
137 182
137 456
138 269
138 326
139 142
139 158
139 625
140 203
140 436
140 470
141 275
141 590
142 167
142 168
142 273
142 414
142 588
143 174
143 529
143 576
144 402
144 475
144 477
145 443
145 454
145 636
146 191
146 292
147 326
147 480
148 206
148 472
149 170
149 410
149 424
149 474
149 606
149 618
150 297
150 509
150 590
151 289
151 570
152 338
152 386
152 568
153 292
153 500
154 238
154 284
154 423
154 492
155 168
155 201
155 202
155 208
155 246
155 295
155 382
155 387
156 163
156 237
156 467
157 283
157 296
157 509
158 387
158 458
159 457
159 647
160 405
160 477
160 620
161 235
161 298
161 316
161 431
161 532
161 556
161 631
162 335
162 421
162 428
163 205
163 252
163 445
163 491
163 505
163 575
164 282
164 601
165 263
165 353
165 408
165 622
166 275
166 335
166 371
167 457
167 536
168 186
169 443
169 462
170 456
170 585
171 310
172 174
173 325
173 430
173 490
173 525
173 591
174 207
174 287
174 305
174 353
175 309
175 457
175 470
176 327
176 563
176 592
177 294
177 558
177 634
178 257
178 393
178 597
179 301
179 509
180 306
180 555
180 620
181 216
181 500
181 509
182 340
182 383
182 401
182 426
182 554
182 627
183 303
183 370
183 389
184 289
184 550
184 583
185 209
185 278
185 382
185 414
185 444
186 187
186 197
186 287
186 299
186 425
186 487
186 530
187 452
187 504
188 319
188 590
189 275
189 605
189 607
190 272
190 576
191 244
191 374
191 379
191 406
191 446
192 221
192 297
192 638
193 466
193 632
194 262
194 534
194 616
194 622
195 217
195 232
195 589
196 250
197 493
198 395
198 551
198 636
199 372
199 585
200 281
200 584
200 632
201 637
202 529
202 647
203 204
203 312
203 387
203 423
203 434
204 280
204 306
205 462
205 638
206 224
207 283
207 576
208 436
208 553
209 536
209 647
210 330
210 391
210 453
210 522
210 549
211 355
211 624
212 290
212 328
212 389
213 472
213 601
214 267
214 346
214 388
214 427
214 510
214 582
214 604
215 226
215 356
215 369
215 444
216 223
216 385
216 490
216 530
216 539
217 222
217 418
217 426
217 468
217 517
217 528
218 439
218 512
218 595
219 254
219 421
219 533
220 304
220 402
220 620
221 325
221 546
221 642
222 329
223 630
224 259
225 564
225 572
226 475
227 475
227 640
228 488
228 564
229 417
229 605
230 280
230 553
230 634
231 276
231 359
231 366
231 379
231 527
231 579
231 593
232 453
232 565
233 270
233 301
234 294
234 306
235 301
235 585
236 347
236 362
237 360
237 433
237 469
237 633
238 355
239 423
239 442
239 556
239 587
240 378
240 455
240 512
240 523
241 260
241 284
241 312
241 438
241 631
242 369
242 514
243 265
243 403
243 521
244 607
245 262
245 268
245 300
245 354
245 359
245 623
246 307
246 457
247 296
247 533
248 395
248 443
248 639
249 436
249 625
249 647
250 268
251 336
251 367
251 501
251 507
253 270
253 536
254 290
254 351
254 629
255 302
255 327
255 350
255 438
255 459
255 507
256 509
256 573
256 608
257 454
258 310
258 386
258 462
259 537
260 386
260 476
261 447
261 463
262 576
263 362
263 508
264 589
264 601
264 630
265 452
265 569
266 339
266 412
266 569
267 326
268 289
269 318
269 324
269 406
269 502
269 617
270 460
270 522
270 603
271 298
271 320
271 328
272 299
272 408
272 409
272 513
273 436
274 321
274 586
275 366
276 612
277 293
277 295
277 363
277 441
277 602
278 307
278 470
279 425
279 432
279 448
279 478
279 507
279 563
280 285
280 373
280 374
280 575
282 349
282 364
282 566
282 644
282 645
283 331
283 363
283 416
283 559
283 580
284 553
285 319
285 345
286 504
286 529
287 619
288 412
288 542
289 394
289 503
289 526
291 412
291 443
291 590
292 317
292 323
292 434
292 445
292 485
292 566
293 518
294 401
294 432
295 472
296 413
296 435
296 469
296 516
297 324
297 343
297 380
297 440
299 576
300 570
301 495
301 539
301 566
302 568
303 404
303 585
304 397
304 429
304 511
305 619
306 323
306 403
306 465
307 361
307 453
308 421
308 612
309 330
309 382
310 459
310 497
310 510
310 577
310 604
311 467
313 476
313 572
315 358
315 464
315 527
315 596
315 599
315 628
316 476
317 319
317 332
318 583
319 334
319 433
319 609
320 574
321 421
322 500
322 574
322 585
323 553
325 640
326 350
326 388
326 543
326 561
326 633
327 452
328 564
329 565
329 584
332 357
332 424
332 469
332 520
332 523
332 575
332 594
333 452
333 493
333 529
334 552
334 638
335 381
336 386
336 452
337 358
337 366
337 526
337 547
337 556
337 611
338 367
338 496
338 567
339 368
339 394
339 426
339 502
339 646
340 578
340 614
341 417
341 484
342 411
342 460
342 584
342 618
343 573
344 405
344 456
345 360
345 376
345 378
345 413
345 445
345 610
346 508
346 570
347 541
347 622
348 477
348 482
349 417
350 462
351 488
351 489
352 538
353 548
354 362
354 619
355 364
355 370
355 496
356 462
356 551
358 417
359 558
363 421
364 564
365 415
367 558
371 447
372 407
372 411
372 466
372 520
372 557
372 610
372 621
373 612
375 578
375 620
375 634
376 489
377 384
377 613
377 635
377 643
379 484
380 467
381 518
381 535
383 412
383 583
385 493
385 529
386 442
386 561
386 563
391 489
392 451
395 514
395 562
395 597
396 533
396 542
397 614
398 533
398 601
399 535
399 573
400 583
401 452
402 471
402 613
403 558
404 419
405 511
405 635
406 421
407 456
407 486
409 548
410 620
412 422
412 565
415 416
415 643
419 486
419 564
420 489
421 463
421 498
422 551
422 573
424 601
425 493
428 439
429 482
430 589
431 486
431 500
432 569
434 634
437 504
438 624
440 479
441 470
442 624
443 517
444 550
446 641
447 535
448 578
449 454
449 551
449 639
450 620
451 499
451 537
452 549
454 545
456 494
456 506
456 613
458 647
459 552
460 589
464 518
464 637
465 475
465 578
466 540
467 512
467 609
467 617
467 643
468 540
468 542
470 487
470 519
470 588
472 519
472 537
472 597
472 645
473 482
473 569
473 578
474 486
475 511
475 606
475 621
476 496
478 504
478 529
479 546
479 562
480 497
480 541
480 543
480 571
480 577
480 581
481 509
481 630
482 545
482 562
482 627
483 504
483 548
483 640
484 527
484 626
484 644
485 612
486 495
487 647
489 499
489 523
490 509
491 573
492 572
492 625
493 600
495 574
498 637
499 636
500 603
503 605
503 619
504 530
505 531
505 590
506 569
508 534
510 550
513 529
513 619
515 608
517 573
519 637
521 634
524 533
526 576
528 569
528 583
529 588
533 586
535 593
535 599
538 547
538 628
538 644
540 618
541 570
543 550
544 574
545 638
546 608
548 557
548 600
548 606
549 578
550 603
550 646
552 561
553 587
555 627
557 620
558 571
558 582
558 592
559 637
559 641
560 608
560 638
567 572
567 624
572 615
583 598
586 641
589 632
590 599
593 605
596 607
601 610
602 641
605 628
605 631
607 623
607 626
608 617
611 619
616 619
629 641
630 642
