720 1440
0 119
0 287
0 310
1 240
1 387
1 415
1 523
2 37
2 168
2 644
3 122
3 203
3 451
3 593
4 109
4 278
4 697
5 316
5 363
5 637
6 292
6 303
6 677
7 214
7 437
7 589
8 487
8 606
8 619
8 695
9 60
9 213
9 403
9 646
9 657
9 719
10 346
10 467
10 608
11 29
11 245
11 520
12 148
12 261
12 399
13 28
13 174
13 515
14 243
14 488
14 562
15 313
15 379
15 544
16 605
16 636
16 667
17 270
17 287
17 292
18 270
18 348
18 654
19 23
19 44
19 278
20 230
20 345
20 442
21 45
21 54
21 209
21 221
21 291
21 296
21 505
21 624
22 108
22 122
22 190
22 516
23 94
23 104
23 402
23 521
23 565
23 567
23 657
24 101
24 654
24 670
25 232
25 317
25 383
25 494
25 568
25 622
26 114
26 274
26 298
26 599
27 207
27 223
27 331
27 479
27 572
27 641
28 108
28 358
28 620
29 97
29 134
29 195
29 275
29 367
29 639
29 681
30 185
30 330
30 717
31 146
31 461
31 677
32 181
32 297
32 419
32 426
32 465
32 633
33 168
33 303
33 348
34 222
34 429
34 716
35 282
35 433
35 546
36 308
36 511
36 582
37 216
37 332
37 485
37 533
37 607
38 116
38 158
38 232
38 432
38 459
38 629
39 41
39 171
39 601
40 82
40 166
40 189
40 258
40 267
40 522
40 656
40 676
41 111
41 179
41 517
41 628
41 631
42 363
42 590
42 688
43 546
43 570
43 693
44 152
44 436
44 497
44 613
44 617
45 337
45 339
46 290
46 403
46 404
46 504
47 286
47 292
47 716
48 121
48 344
48 433
49 64
49 688
49 691
50 251
50 309
50 432
50 508
50 580
50 598
51 198
51 482
51 670
52 55
52 74
52 178
52 305
52 322
52 368
52 372
52 510
53 235
53 308
53 667
54 210
54 589
55 242
55 260
56 246
56 280
56 686
56 700
57 91
57 398
57 401
58 362
58 509
59 222
59 490
59 627
60 96
60 476
61 95
61 97
61 184
61 280
61 325
61 355
61 455
61 615
62 287
62 337
62 422
63 77
63 165
63 229
63 331
64 106
64 374
64 382
65 121
65 546
65 662
66 431
66 472
66 642
67 101
67 401
67 602
68 308
68 400
68 688
69 371
69 395
69 692
70 206
70 239
70 319
71 155
71 369
71 693
72 292
72 484
72 627
73 215
73 379
73 515
74 515
74 702
75 152
75 211
75 256
75 264
76 182
76 402
76 547
76 635
77 414
77 560
78 239
78 437
78 702
79 193
79 300
79 484
80 271
80 472
80 601
81 211
81 290
81 478
81 645
82 222
82 665
83 101
83 287
83 529
84 90
84 363
84 621
85 103
85 461
85 662
86 91
86 352
86 677
87 198
87 569
87 602
88 395
88 442
88 578
89 308
89 575
89 692
90 189
90 374
90 453
90 606
90 664
91 228
91 266
91 281
91 616
92 96
92 414
92 570
93 261
93 369
93 687
94 334
94 554
95 236
95 289
96 167
96 234
96 354
96 404
96 463
96 525
97 268
98 345
98 448
98 675
99 236
99 437
99 582
100 270
100 437
100 458
101 120
101 176
101 311
101 328
101 596
102 210
102 239
102 399
103 217
103 266
103 549
103 655
103 694
104 187
104 312
105 236
105 248
105 529
106 315
106 464
107 399
107 589
107 668
108 147
109 118
109 216
109 264
109 470
109 478
109 572
109 646
110 142
110 195
110 220
110 449
110 539
110 556
111 378
111 575
112 319
112 339
112 698
113 132
113 324
113 611
114 287
114 496
115 344
115 554
115 570
116 206
116 578
117 392
117 648
117 717
118 334
118 360
119 128
119 159
119 221
119 335
119 457
119 532
119 703
120 482
120 529
121 164
121 204
121 283
121 501
122 205
123 182
123 183
123 283
123 370
123 531
123 580
123 651
123 714
124 235
124 621
124 668
125 147
125 215
125 472
126 314
126 369
126 578
127 131
127 347
127 539
127 701
128 422
128 654
129 148
129 498
129 675
130 135
130 214
130 301
131 301
131 330
132 138
132 142
132 233
132 317
132 486
132 571
132 610
133 235
133 315
133 605
134 301
134 564
135 170
135 195
135 341
135 441
135 444
135 477
135 629
136 153
136 371
136 373
137 270
137 286
137 348
138 143
138 595
139 308
139 315
139 636
140 192
140 218
140 224
140 532
141 153
141 171
141 260
142 314
143 326
143 410
143 412
143 452
143 455
144 198
144 263
144 310
145 231
145 333
145 420
145 543
145 617
145 623
145 635
145 719
146 342
146 445
146 505
146 587
146 616
146 671
146 715
147 237
147 305
147 336
147 690
148 154
148 413
148 419
148 624
149 188
149 434
149 544
150 196
150 329
150 512
150 573
150 634
150 647
151 400
151 544
151 602
152 252
153 405
153 548
153 649
153 650
153 690
153 708
154 261
154 554
155 158
155 201
155 486
155 540
155 704
156 206
156 586
156 589
157 644
157 677
157 697
158 564
159 339
159 399
160 324
160 337
160 357
161 396
161 448
161 611
162 313
162 498
162 637
163 185
163 214
163 466
164 400
164 442
165 289
165 308
166 271
166 564
167 379
167 642
168 173
168 277
168 358
168 417
168 502
168 616
169 344
169 693
169 706
170 185
170 702
171 368
171 386
172 447
172 462
173 352
173 461
174 203
174 336
174 435
175 225
175 391
175 395
176 230
176 310
177 319
177 427
177 589
178 371
178 378
179 270
179 292
180 244
180 390
180 399
181 409
181 637
182 408
183 285
183 674
184 288
184 638
185 275
185 347
185 683
186 352
186 528
186 653
187 406
187 543
187 686
188 218
188 279
188 283
188 423
188 453
188 457
188 673
189 590
190 340
190 515
191 222
191 363
191 564
192 488
192 689
193 439
193 579
193 710
194 520
194 668
194 691
196 271
196 490
197 243
197 327
197 689
198 418
198 559
198 561
198 603
198 680
199 381
199 500
199 520
200 348
200 627
200 630
201 359
201 665
202 235
202 273
202 560
203 642
204 401
204 648
205 354
205 435
205 499
206 534
206 598
206 607
207 250
207 590
208 238
208 374
208 619
208 684
209 239
209 668
210 307
210 513
210 550
210 684
211 250
212 357
212 562
212 595
213 250
213 360
214 305
214 325
214 708
215 306
215 646
216 595
217 564
217 570
218 337
219 424
219 431
219 582
220 430
220 717
221 388
222 460
222 563
222 573
222 632
223 235
223 384
224 327
224 562
225 338
225 407
225 471
226 243
226 337
226 400
227 236
227 396
227 595
228 330
228 569
229 582
229 605
230 561
230 714
231 422
231 674
232 665
233 236
233 278
234 289
234 424
235 307
236 553
237 360
237 379
238 393
238 668
239 240
239 262
239 325
239 584
240 245
241 268
241 356
241 434
242 405
242 631
242 699
243 457
244 259
244 296
244 576
244 597
244 633
245 284
245 302
245 376
245 426
245 660
245 712
246 437
246 716
247 427
247 608
247 697
248 412
248 428
248 512
248 524
248 536
248 604
248 714
249 268
249 437
249 638
250 306
250 332
250 468
250 577
250 640
251 314
251 321
252 297
252 299
252 443
252 609
252 676
253 327
253 519
253 544
254 271
254 481
254 716
255 301
255 638
255 665
256 637
256 666
257 261
257 269
257 409
258 273
258 582
259 320
259 498
260 298
260 439
261 296
261 549
261 576
261 679
262 356
262 519
263 328
263 370
263 604
264 353
265 519
265 520
265 638
266 433
267 575
267 637
268 322
268 415
268 650
269 555
269 587
269 696
270 280
270 469
270 563
271 438
271 469
271 473
271 672
272 340
272 346
272 677
273 641
273 658
274 601
274 654
275 665
276 414
276 431
276 706
277 314
277 697
278 323
278 332
278 343
278 410
278 420
279 282
279 442
281 662
281 687
282 446
282 600
282 614
282 651
284 327
284 528
285 362
285 462
285 547
286 386
286 545
286 625
286 699
287 294
287 579
287 603
288 367
288 372
288 387
288 548
288 685
289 326
289 394
289 656
289 658
289 707
290 653
291 352
291 450
292 502
292 585
292 647
293 562
293 662
293 675
294 348
294 716
295 339
295 500
295 586
297 313
298 484
299 409
299 498
300 368
300 405
300 599
301 454
301 538
302 356
302 589
303 304
303 451
303 533
303 534
304 424
304 467
306 334
307 590
308 407
308 453
309 369
309 644
310 521
310 635
310 659
311 611
311 670
312 362
312 447
312 623
312 643
312 669
313 530
313 555
313 679
314 385
314 444
314 459
314 485
315 318
315 489
315 695
316 407
316 480
316 517
316 545
316 676
317 602
318 375
318 586
319 349
319 489
319 495
319 643
319 652
320 416
320 419
320 436
320 475
320 524
320 541
320 626
321 512
321 537
321 549
321 588
321 622
321 678
321 704
322 621
323 527
323 562
324 428
324 592
324 626
324 703
326 437
328 422
329 345
329 369
330 380
331 395
333 334
333 693
334 404
334 507
335 357
335 448
336 340
337 493
337 591
337 659
338 371
338 414
339 445
339 696
340 417
341 392
341 638
342 544
342 653
343 357
343 689
344 446
345 370
345 452
345 553
345 588
345 626
346 358
346 451
346 463
346 707
347 398
348 503
348 628
348 634
349 375
349 667
350 360
350 472
350 515
351 352
351 544
351 718
352 456
352 535
352 696
353 504
353 581
353 640
354 472
355 589
355 702
356 685
357 441
357 709
359 361
359 421
359 444
359 568
359 598
361 466
361 644
363 443
363 473
363 574
363 658
364 395
364 431
364 570
365 653
365 666
365 675
366 590
366 636
366 668
367 437
369 383
369 536
369 655
372 590
373 510
373 517
373 625
375 456
375 505
376 381
376 498
377 546
377 554
377 706
378 545
378 649
379 460
379 499
379 514
379 672
380 401
380 461
381 382
381 465
381 552
381 652
381 669
381 695
382 667
383 554
384 558
384 574
384 656
385 392
385 396
386 496
387 434
388 493
388 495
388 535
388 587
388 612
389 458
389 481
389 711
390 413
390 440
390 555
390 597
390 624
390 655
390 678
391 425
391 510
391 649
392 571
392 639
392 701
393 550
393 552
393 566
393 660
393 681
394 511
394 605
395 525
395 580
395 663
396 410
396 449
396 494
396 540
396 592
397 464
397 520
397 698
398 474
398 538
399 456
399 493
399 671
400 492
400 532
400 651
400 664
401 600
401 680
402 422
403 431
406 429
406 458
408 447
408 509
408 542
409 440
409 514
409 713
411 433
411 461
411 687
412 670
413 693
414 425
414 479
414 508
414 531
415 602
416 433
416 562
417 424
418 529
418 611
420 666
421 427
421 578
422 561
423 605
423 688
424 593
424 620
425 692
426 464
427 432
427 533
427 584
428 675
429 469
429 700
430 501
430 600
430 701
431 499
431 507
431 707
433 682
434 486
434 492
434 494
434 596
434 680
435 467
436 653
438 526
438 627
439 630
440 594
441 689
442 508
442 542
442 547
442 604
443 575
445 594
446 662
448 524
448 591
448 610
449 644
450 489
450 618
450 671
452 529
454 466
454 702
455 582
458 615
459 466
460 601
461 474
462 583
463 582
464 487
464 518
464 566
464 643
464 661
465 519
466 506
466 556
466 639
466 709
467 516
468 595
468 697
470 560
470 590
471 575
471 605
472 530
472 632
472 713
473 665
474 569
475 666
475 718
476 507
476 581
476 645
477 527
477 562
478 483
479 511
480 605
480 692
481 563
481 686
482 592
482 610
483 609
483 613
483 640
484 634
485 677
487 667
488 557
488 712
491 527
491 595
491 689
492 528
495 500
496 631
496 632
496 672
496 710
497 675
497 718
498 518
500 566
501 569
502 608
503 608
503 677
504 718
506 527
506 689
509 583
511 663
513 621
513 636
514 528
515 708
516 642
518 519
519 523
519 557
519 681
520 684
521 674
522 621
522 688
523 589
525 706
526 573
527 591
527 703
528 530
528 557
528 673
528 715
529 559
531 578
534 697
535 594
536 627
537 578
537 644
538 717
539 648
540 602
541 662
541 689
542 674
543 583
544 712
544 713
548 621
550 691
551 564
551 687
551 706
552 698
553 670
554 597
554 704
554 719
556 638
558 560
558 636
559 654
560 577
560 663
562 709
564 568
564 683
565 583
565 711
567 595
567 666
569 596
569 614
570 705
571 644
572 621
574 582
575 625
576 693
577 621
579 601
581 653
583 652
583 661
584 586
585 654
585 716
586 612
586 618
586 661
586 669
588 627
590 650
593 608
594 679
595 617
599 630
601 699
602 673
602 685
603 670
605 664
606 691
607 608
609 666
612 698
613 637
614 648
615 716
618 667
619 688
620 677
622 693
623 711
628 716
629 644
630 647
633 675
636 641
638 660
638 683
645 718
654 659
654 710
657 693
665 694
665 705
675 682
678 687
682 689
687 705
690 702
694 706
700 711
715 718
