2592 5184
0 68
0 442
0 1145
1 554
1 993
1 2146
2 604
2 783
2 1230
3 14
3 498
3 600
3 899
3 1881
3 1893
3 2116
3 2259
4 232
4 440
4 1965
5 1107
5 1347
5 2164
6 1194
6 1874
6 1969
6 2101
6 2191
6 2256
6 2291
6 2356
7 68
7 2031
7 2342
8 126
8 788
8 2221
9 122
9 1158
9 1171
10 93
10 247
10 1781
11 625
11 1080
11 2427
12 490
12 1982
12 2221
13 894
13 2078
13 2529
14 2295
14 2586
15 1704
15 2357
15 2566
16 113
16 858
16 990
16 1129
16 1139
16 1596
16 1946
16 2460
17 626
17 674
17 1159
17 1811
17 1930
17 2000
17 2030
17 2138
18 521
18 957
18 1810
19 1516
19 1519
19 2229
20 1268
20 1674
20 2148
21 1727
21 2160
21 2367
21 2448
22 472
22 1054
22 1517
23 1155
23 2079
23 2548
24 304
24 528
24 894
25 246
25 335
25 2036
26 126
26 1877
26 2516
27 234
27 274
27 845
27 880
27 1226
27 1501
27 1698
27 2035
28 746
28 863
28 2505
29 1252
29 1335
29 2326
30 82
30 162
30 497
30 651
30 778
30 1213
30 2288
30 2458
31 160
31 1857
31 2251
32 116
32 794
32 1598
32 1769
32 2134
32 2312
33 843
33 1098
33 1968
33 2496
34 1310
34 2107
34 2214
35 993
35 1220
35 2183
36 737
36 751
36 1314
37 607
37 1621
37 1955
38 624
38 2405
38 2531
39 1263
39 1487
39 2274
40 1509
40 1695
40 2219
41 572
41 2152
41 2363
42 304
42 614
42 2251
43 1083
43 1551
43 1840
43 2484
44 1390
44 1674
44 1835
45 136
45 231
45 576
46 1481
46 1546
46 2107
47 409
47 612
47 2155
47 2322
48 278
48 909
48 1201
48 1618
48 1749
48 1927
48 2009
48 2038
49 472
49 829
49 1978
50 326
50 340
50 1405
50 1986
50 2571
50 2580
51 60
51 2282
51 2475
52 449
52 655
52 924
52 970
52 1090
52 1465
52 1654
52 2409
53 280
53 491
53 1386
54 389
54 1378
54 2347
54 2362
55 918
55 1256
55 2435
56 1198
56 1763
56 2543
57 605
57 956
57 2298
57 2572
58 154
58 306
58 1081
59 1325
59 1363
59 2327
60 114
60 234
60 720
60 1243
60 1415
61 776
61 812
61 2106
62 1553
62 1762
62 1764
63 69
63 208
63 1385
64 355
64 412
64 423
64 850
64 1033
64 1237
64 1359
64 1778
65 292
65 572
65 826
66 222
66 758
66 1260
66 1806
66 2063
66 2426
67 566
67 632
67 951
67 1840
67 2203
67 2513
68 188
68 222
68 551
68 2323
68 2345
68 2565
69 257
69 791
69 1017
69 1400
69 1977
69 2387
69 2580
70 697
70 1547
70 2330
71 177
71 441
71 584
71 1616
71 1721
71 2272
72 1130
72 1143
72 1304
72 1321
72 1751
72 2018
72 2033
72 2467
73 476
73 1065
73 2425
74 228
74 351
74 1048
74 1231
74 1491
74 1761
74 1936
74 2012
75 84
75 1555
75 2529
76 377
76 1123
76 2410
77 373
77 729
77 899
77 1114
77 1154
77 2535
78 1124
78 2326
78 2382
79 263
79 1191
79 1219
79 1231
79 1676
79 1845
80 1223
80 1241
80 1853
80 2223
81 1696
81 2074
81 2135
82 528
82 1013
83 295
83 1292
83 1578
84 326
84 388
84 511
85 467
85 1910
85 2397
86 1123
86 2145
86 2388
87 650
87 1198
87 2432
88 305
88 763
88 1579
88 1735
88 2040
88 2275
89 537
89 1121
89 1386
90 1197
90 1553
90 2073
91 404
91 619
91 1035
91 1349
91 1536
91 1805
91 2104
91 2223
92 685
92 928
92 1144
92 1465
92 1852
92 2131
93 271
93 311
93 1131
93 1342
93 1611
93 1889
93 2517
94 457
94 1068
94 1935
94 2394
95 1292
95 1704
95 1791
96 119
96 157
96 869
96 1248
96 1357
96 1961
96 1981
96 2530
97 423
97 577
97 1064
97 1658
97 2400
97 2525
98 250
98 574
98 1537
99 374
99 646
99 1925
100 723
100 1352
100 1548
100 1874
100 2207
100 2481
101 358
101 712
101 1677
101 2467
102 1428
102 1660
102 2410
103 246
103 386
103 1516
104 156
104 568
104 576
105 189
105 781
105 2357
106 701
106 2435
106 2459
107 183
107 679
107 1109
108 660
108 1388
108 1790
108 2455
109 226
109 263
109 435
109 514
109 1610
109 1630
109 1987
109 2341
110 826
110 1971
110 2375
111 1743
111 1803
111 1989
112 327
112 333
112 433
113 575
113 2566
114 403
114 849
115 191
115 205
115 1272
115 2020
116 1036
116 2096
117 208
117 688
117 1127
118 302
118 435
118 1258
118 1394
118 1664
118 2483
119 923
119 1979
120 1293
120 1319
120 1681
121 1547
121 2119
121 2389
122 534
122 601
122 1754
122 1768
122 1951
123 710
123 1261
123 1532
124 721
124 1171
124 1808
125 475
125 950
125 1204
126 1039
126 2217
127 944
127 983
127 1103
127 1309
127 1382
127 1524
127 2172
127 2238
128 450
128 658
128 677
128 772
128 1897
128 1945
129 1514
129 2315
129 2418
130 1341
130 1421
130 2477
131 480
131 688
131 1556
132 1714
132 2370
132 2415
133 430
133 499
133 2179
134 237
134 1339
134 2348
135 1111
135 1198
135 2114
136 199
136 1180
136 1364
136 1550
136 2538
137 588
137 792
137 920
137 942
137 1169
137 1210
137 2369
137 2461
138 1403
138 1838
138 1955
139 961
139 1013
139 1740
140 736
140 1736
140 2200
141 786
141 2118
141 2548
142 151
142 1363
142 2196
143 966
143 1218
143 2111
144 1221
144 1385
144 1509
145 380
145 1696
145 2060
146 462
146 1367
146 1447
146 1667
147 727
147 958
147 1312
147 2261
148 702
148 1826
148 1858
149 261
149 676
149 861
149 1323
149 2028
149 2159
149 2262
149 2341
150 812
150 1979
150 2224
151 158
151 221
151 427
151 903
151 1210
151 1337
151 1817
152 1027
152 1628
152 2445
153 380
153 1024
153 2074
154 768
154 940
154 1219
155 908
155 1274
155 2531
156 883
156 1550
156 2279
157 1581
157 2077
158 1121
158 2304
159 635
159 756
159 1034
159 1056
159 1751
159 2240
160 408
160 747
160 867
160 2127
160 2300
160 2394
160 2539
161 433
161 896
161 2026
162 327
162 1617
163 277
163 1335
163 1539
164 167
164 1522
164 1858
165 257
165 534
165 1324
165 1986
165 2030
165 2306
166 300
166 411
166 450
166 1009
166 1582
166 2259
167 437
167 843
167 2337
167 2434
167 2526
168 1072
168 1259
168 2215
169 562
169 786
169 1822
170 931
170 1660
170 2181
171 1279
171 2393
171 2579
172 842
172 1823
172 2155
172 2232
173 438
173 1228
173 1849
174 1081
174 2541
174 2579
175 711
175 1821
175 2036
176 640
176 1669
176 2410
177 1978
177 2234
178 386
178 1522
178 2397
179 989
179 1144
179 1188
179 1407
180 374
180 524
180 1293
181 466
181 1171
181 2299
182 735
182 1361
182 1815
183 695
183 1047
183 1360
184 232
184 1584
184 1736
185 1461
185 1504
185 1858
186 766
186 1238
186 1335
187 1127
187 1532
187 2576
188 1029
188 1486
189 692
189 1790
189 1800
189 2121
189 2395
190 236
190 330
190 858
190 1402
190 2032
190 2053
191 382
191 2506
192 489
192 996
192 1740
193 328
193 1398
193 1588
193 1712
193 1902
193 2398
194 1174
194 1318
194 1634
195 1132
195 1922
195 2034
196 789
196 1185
196 1404
196 1513
196 1802
196 2088
196 2127
196 2490
197 312
197 1080
197 2573
198 867
198 1775
198 1940
198 2233
198 2449
198 2451
199 522
199 1685
200 790
200 940
200 1987
200 2099
201 354
201 2110
201 2186
202 246
202 847
202 2073
203 716
203 1242
203 1557
203 1576
203 1703
203 2137
203 2300
203 2392
204 612
204 676
204 1092
204 2232
205 430
205 927
206 233
206 363
206 1656
207 1027
207 1879
207 2435
208 352
208 569
208 1445
208 1574
209 515
209 1002
209 1261
210 1152
210 1511
210 1597
210 1683
211 1274
211 1553
211 1856
212 466
212 1124
212 2024
213 662
213 1553
213 2424
214 621
214 661
214 1390
215 1909
215 2290
215 2445
216 275
216 831
216 1106
216 1401
216 1554
216 1646
216 2485
216 2525
217 1728
217 2122
217 2566
218 475
218 810
218 1316
219 524
219 1336
219 2411
220 283
220 438
220 2242
221 425
221 2552
222 822
223 453
223 1319
223 1391
224 662
224 908
224 2073
225 1006
225 1283
225 2126
226 306
226 1038
227 957
227 1411
227 1984
228 472
228 1481
229 863
229 2393
229 2570
230 1026
230 1943
230 2015
230 2294
231 1125
231 1508
231 2439
232 1358
232 1525
232 1601
232 1923
233 1163
233 1432
233 1741
233 2007
233 2103
234 2001
235 574
235 1021
235 1085
236 644
236 2566
237 353
237 544
237 1500
237 1582
237 1981
238 259
238 923
238 2353
239 340
239 675
239 780
239 1593
239 1859
239 2272
239 2433
239 2590
240 402
240 476
240 1799
241 1719
241 1791
241 1909
242 925
242 1165
242 1503
242 2063
242 2133
242 2168
242 2209
242 2264
243 1370
243 2280
243 2375
244 1066
244 1717
244 2586
245 688
245 1479
245 2555
246 881
246 1564
246 2090
246 2263
246 2293
247 318
247 683
247 944
247 947
247 1117
248 1020
248 2237
248 2413
249 803
249 1089
249 1218
250 580
250 587
250 1998
251 379
251 1351
251 2290
252 1519
252 1589
252 2299
253 643
253 898
253 1861
254 383
254 436
254 1114
254 1136
254 1344
254 2140
255 565
255 900
255 1215
256 616
256 671
256 2501
257 905
258 519
258 660
258 2350
258 2536
259 314
259 618
259 1295
259 1450
259 1560
259 1611
259 1792
260 1418
260 1663
260 2425
261 1523
261 2107
262 585
262 613
262 722
262 1876
262 1966
262 2390
263 1546
264 1123
264 1218
264 2248
265 641
265 697
265 1065
266 380
266 1370
266 1684
267 1632
267 1785
267 2437
267 2508
268 323
268 1601
268 1746
268 1869
269 359
269 1073
269 2033
269 2266
270 578
270 656
270 1050
271 1004
271 2284
272 413
272 1311
272 1393
273 803
273 2568
273 2578
274 788
274 2242
275 1468
275 2553
276 384
276 1353
276 1416
277 343
277 417
277 627
277 876
277 1373
277 1848
277 2191
278 1385
278 2444
279 296
279 297
279 415
279 758
279 823
279 1067
279 1496
279 2430
280 965
280 1150
280 1152
280 1583
280 1956
280 2400
280 2484
281 1174
281 1512
281 2501
282 1002
282 1547
282 2397
283 320
283 1354
283 2374
284 530
284 613
284 717
284 2269
284 2298
284 2412
285 1468
285 1684
285 2135
286 524
286 1534
286 1628
287 621
287 1960
287 2529
288 360
288 1791
288 2122
289 568
289 750
289 2072
290 437
290 533
290 1147
290 2496
291 732
291 2065
291 2152
292 399
292 450
292 1562
293 1137
293 1615
293 1762
294 305
294 668
294 1383
294 1413
294 1708
294 2190
295 507
295 519
295 1023
295 1182
295 1769
295 1885
295 2513
296 1933
296 1947
297 406
297 2274
298 440
298 1059
298 1808
299 1740
299 1937
299 2402
300 755
300 2152
301 479
301 1679
301 1997
301 2216
302 2250
302 2417
303 467
303 1245
303 1514
304 1267
304 1493
304 1680
304 1816
304 2131
304 2354
305 491
306 1732
306 1786
307 568
307 1685
307 2274
308 955
308 1903
308 2257
309 324
309 582
309 2406
310 1300
310 1428
310 1464
311 1109
311 1669
312 439
312 1015
312 1602
312 1686
312 1694
312 1843
312 1994
313 846
313 1614
313 1910
314 1620
314 2523
315 919
315 1228
315 2112
316 1127
316 1556
316 1673
317 596
317 982
317 1087
317 1693
318 710
318 1276
319 697
319 1249
319 1418
320 2221
320 2492
321 822
321 919
321 1812
322 894
322 1120
322 2200
323 420
323 2079
324 510
324 756
324 2503
325 1021
325 1888
325 2106
326 1509
327 427
327 1086
327 1315
327 1718
327 2381
327 2550
328 574
328 1745
329 1477
329 1955
329 1980
330 494
330 2268
331 1125
331 1324
331 1770
331 1866
331 1951
331 2279
332 1342
332 1399
332 2080
332 2325
333 693
333 1338
333 1618
333 1908
333 2507
334 621
334 1058
334 2095
335 342
335 981
335 1389
335 1768
335 1809
336 762
336 766
336 2567
337 374
337 2237
337 2411
338 365
338 913
338 975
338 992
338 2102
338 2355
339 904
339 1567
339 2380
340 1912
341 420
341 1329
341 1580
342 1615
342 2313
343 887
343 1911
344 1126
344 1519
344 1678
345 491
345 972
345 1305
346 624
346 1856
346 2084
347 494
347 2060
347 2251
348 764
348 867
348 1067
348 1075
348 1484
348 1720
348 1945
348 2044
349 636
349 1610
349 1676
349 1755
349 1893
349 2038
350 571
350 608
350 961
351 382
351 715
352 480
352 1673
353 572
353 755
354 605
354 911
354 1599
354 1753
354 2562
355 2192
355 2414
356 1462
356 1656
356 2364
357 621
357 1556
357 2464
358 1013
358 2095
359 1135
359 2095
360 460
360 795
360 1750
360 2362
360 2488
361 1782
361 2001
361 2410
362 1857
362 2192
362 2309
363 649
363 1211
363 1524
363 2128
363 2213
363 2312
363 2399
364 1214
364 1420
364 1758
364 1802
364 1804
364 2137
364 2379
364 2588
365 1283
365 2106
366 779
366 809
366 951
366 1043
366 1083
366 1362
366 1616
366 1805
367 384
367 1552
367 2401
368 554
368 1029
368 1220
369 2045
369 2248
369 2290
370 2073
370 2405
370 2568
371 814
371 1355
371 1576
371 2127
372 661
372 896
372 1794
373 781
373 2147
374 1269
374 1693
374 1994
375 639
375 2095
375 2459
376 707
376 1965
376 2045
377 474
377 933
377 974
377 2100
377 2276
378 405
378 475
378 2060
379 542
379 907
379 1333
379 1456
379 1699
379 1735
379 2395
380 637
380 690
380 741
380 1478
380 2032
381 413
381 1288
381 1487
382 1374
382 1496
382 2058
382 2109
382 2296
382 2484
383 424
383 2086
384 1034
384 1797
385 1040
385 1159
385 1907
385 2422
386 899
386 1529
386 1940
386 2260
386 2314
386 2359
387 495
387 663
387 1223
387 1240
388 1120
388 1651
389 733
389 1728
390 2148
390 2183
390 2352
391 406
391 1288
391 2283
392 1691
392 1717
392 2591
393 420
393 1236
393 1822
394 654
394 1329
394 2548
395 591
395 659
395 1099
395 1450
395 1613
395 1706
395 1889
395 2526
396 540
396 1113
396 1347
397 630
397 1036
397 2541
398 1915
398 2250
398 2318
399 1080
399 1408
400 774
400 1276
400 2364
401 866
401 1391
401 1428
402 484
402 558
402 767
402 1190
402 1667
403 816
403 970
403 1161
403 1273
403 1680
404 701
404 1879
405 1495
405 2170
405 2551
406 412
406 838
406 1265
406 2485
407 730
407 864
407 1789
408 1637
408 2257
409 1824
409 2274
410 590
410 748
410 794
410 1476
410 1698
410 2247
410 2267
410 2532
411 826
411 1444
412 817
413 838
413 841
414 643
414 898
414 950
415 2054
415 2375
416 502
416 1634
416 1798
417 1100
417 2415
418 621
418 1268
418 2386
419 474
419 941
419 1793
419 1994
419 2277
419 2365
419 2396
419 2559
420 1251
420 2285
420 2373
421 800
421 2186
421 2569
422 466
422 1335
422 1615
423 430
424 1142
424 1527
424 1881
424 2143
424 2314
425 513
425 967
425 1675
425 1836
425 2059
426 1318
426 1330
426 1745
427 453
428 1026
428 1271
428 1892
428 2101
428 2512
428 2561
429 1186
429 1658
429 1818
429 2105
430 1554
430 1591
430 1744
430 1818
430 2075
431 433
431 489
431 2316
432 610
432 2153
432 2189
433 1290
433 1365
433 1394
433 1757
433 2259
434 1950
434 2206
434 2364
435 2021
436 744
436 2299
437 2501
438 653
438 1430
438 1962
438 2366
439 1336
439 2123
440 549
440 629
440 881
440 1929
441 1041
441 2577
442 591
442 1165
442 2069
443 656
443 1691
443 1803
444 1281
444 1686
444 2050
444 2349
445 455
445 1581
445 2250
446 524
446 2163
446 2393
447 562
447 711
447 2045
448 793
448 977
448 1194
448 1207
448 1643
448 2253
449 1509
449 2042
451 830
451 1120
451 1960
452 1335
452 2382
452 2417
453 967
453 1031
454 1089
454 2045
454 2469
455 757
455 880
455 1101
455 1558
455 2156
455 2204
455 2396
456 650
456 657
456 2543
457 1826
457 1957
458 1041
458 1807
458 2096
459 1249
459 1330
459 2119
460 733
460 1963
461 499
461 1459
461 2192
462 1888
462 2151
463 1330
463 1547
463 1960
464 615
464 1331
464 1657
464 1848
465 976
465 1157
465 1765
465 1813
465 2194
465 2277
466 1154
466 1392
466 1527
467 471
467 729
467 1881
467 2293
467 2319
467 2451
468 601
468 945
468 1170
468 1564
468 1767
468 1898
469 588
469 999
469 1194
469 1548
469 1583
469 1755
469 1756
469 2009
470 505
470 859
470 1107
471 1522
471 1685
472 541
472 675
472 799
472 840
472 1191
473 644
473 662
473 2292
474 2353
475 645
475 1244
475 1626
475 2390
475 2431
476 875
476 1896
477 1195
477 1943
477 2144
477 2247
477 2379
477 2561
478 1286
478 1724
478 2299
479 1620
479 2453
480 589
480 683
480 1406
480 1489
480 1862
480 2470
481 1314
481 1634
481 2331
482 1535
482 2070
482 2285
482 2391
483 1222
483 1311
483 2510
484 1799
484 2074
485 709
485 1196
485 1455
485 1540
486 1532
486 1547
486 1685
487 1006
487 1833
487 2417
488 866
488 931
488 1771
489 878
489 980
489 1070
489 2193
490 593
490 845
490 1039
490 1887
490 2399
491 745
491 827
491 1597
491 2359
491 2451
492 531
492 1202
492 1699
492 1932
493 1066
493 2415
493 2567
494 1232
494 1303
494 2081
494 2563
495 1937
495 2480
496 504
496 1351
496 2344
497 679
497 1637
498 1038
498 1486
499 1272
499 2400
500 1155
500 1236
500 1252
501 900
501 1261
501 2414
502 598
502 1425
502 1760
503 1081
503 1314
503 1651
504 914
504 1140
504 1602
504 2329
504 2520
505 1595
505 1624
505 2141
505 2149
505 2247
506 681
506 1642
506 1672
506 2252
507 917
507 1807
508 1286
508 1301
508 2229
509 713
509 1335
509 2041
510 1552
510 2327
511 905
511 2444
512 616
512 765
512 1533
513 904
513 1274
514 1523
514 2214
515 872
515 890
515 944
515 949
515 1964
516 1279
516 1589
516 2284
517 788
517 1810
517 2180
518 555
518 1901
518 2174
519 2357
520 830
520 2119
520 2529
521 880
521 1591
521 1959
521 1962
521 2436
522 823
522 1251
522 1265
522 1568
522 1569
522 1590
522 2322
523 1218
523 1341
523 2591
524 681
524 811
524 1007
524 1850
525 1305
525 1909
525 2126
526 1145
526 1504
526 2376
527 822
527 1222
527 2166
528 1023
528 1090
528 1156
528 1340
528 1783
528 2193
529 776
529 1684
529 2200
530 1316
530 1937
531 608
531 2308
532 1050
532 1351
532 1954
533 1533
533 2541
534 2218
535 922
535 1053
535 1333
535 1437
535 1993
535 2040
536 893
536 1329
536 2021
537 824
537 1048
537 1511
537 2109
537 2550
538 1099
538 1700
538 1935
538 1958
538 2139
538 2528
539 607
539 639
539 1164
540 1273
540 1595
540 2188
541 865
541 2424
542 1577
542 2586
543 1065
543 1411
543 2037
544 1080
544 2065
545 966
545 2045
545 2591
546 1113
546 1171
546 1532
547 984
547 1954
547 2332
548 1155
548 1283
548 2510
549 711
549 1701
550 896
550 1970
550 2386
551 993
551 2586
552 1669
552 2072
552 2153
553 864
553 1669
553 2181
554 606
554 1727
555 622
555 901
555 1011
556 739
556 797
556 1639
556 1760
556 2051
556 2158
556 2207
556 2253
557 952
557 1038
557 2586
558 1663
558 2330
559 718
559 1231
559 1250
559 1384
559 1859
559 2246
559 2351
559 2371
560 1941
560 2147
560 2299
561 822
561 1311
561 2376
562 563
562 611
562 2139
562 2588
563 1218
563 1965
564 679
564 961
564 2251
565 1406
565 1492
565 1543
565 1847
565 1962
565 2000
565 2583
566 1363
566 1912
567 634
567 852
567 1209
567 1998
568 1508
568 1569
568 1640
569 893
569 1665
570 573
570 622
570 1345
570 2575
571 647
571 1122
571 1213
571 1225
571 2478
572 772
572 1290
572 2116
573 746
573 1737
574 1451
575 1322
575 1478
575 2019
575 2429
575 2563
576 802
576 1103
577 2257
577 2309
578 1010
578 1295
578 1715
578 2103
578 2185
578 2329
578 2494
579 864
579 1422
579 1483
580 1522
580 1614
581 1049
581 1174
581 1514
582 602
582 1105
582 1312
582 2473
582 2544
583 1029
583 2146
583 2183
584 917
584 1861
585 1179
585 1673
586 1138
586 1307
586 1906
586 2052
587 1644
587 1827
588 1416
589 1002
589 2576
590 847
590 2206
591 1498
592 786
592 1743
592 2318
593 711
593 2364
594 1115
594 1225
594 2489
594 2587
595 959
595 1176
595 1426
595 1852
595 2365
595 2419
596 955
596 2235
597 700
597 1048
597 1551
597 1884
597 1914
597 1956
597 2020
597 2430
598 1479
598 1480
599 1001
599 1044
599 1213
599 1287
599 1893
599 1932
599 1977
599 2011
600 608
600 1546
601 1941
602 1363
602 2548
603 1313
603 1963
603 2591
604 1349
604 1823
604 2173
605 2560
606 1835
606 2352
607 1203
607 1677
607 2013
607 2240
607 2266
607 2502
608 636
608 1172
608 1944
608 2288
608 2387
609 695
609 699
609 748
609 778
609 994
609 1855
610 683
610 948
610 1097
610 1306
610 2361
610 2517
610 2542
611 1826
611 2382
612 783
613 996
614 809
614 1734
614 1761
614 2243
614 2409
615 1911
615 2041
616 843
616 1167
617 1540
617 1671
617 2456
617 2514
618 1145
618 1222
619 1027
619 2459
620 710
620 1002
620 1072
621 1110
621 1574
621 1865
622 1256
623 783
623 1005
623 2360
624 1773
624 2472
625 1008
625 1417
625 1432
625 1694
625 1993
625 2061
625 2161
626 1555
626 1622
627 1327
627 1828
628 942
628 1842
628 2210
628 2356
629 1204
629 1631
630 672
630 1471
630 1510
630 1715
630 1747
630 2007
630 2434
631 677
631 850
631 1646
631 2044
632 2003
632 2304
633 1361
633 1431
633 2442
634 985
634 1849
635 1416
635 1707
636 952
637 1468
637 2311
638 1796
638 2370
638 2380
639 1130
639 1507
639 1652
639 1749
640 689
640 948
640 989
640 2419
640 2558
641 1383
641 1648
641 2403
642 1054
642 1428
642 2553
643 645
643 1502
643 1623
643 1708
643 1929
643 2431
644 684
644 1217
644 1854
644 1872
644 2150
644 2429
645 2151
646 976
646 982
646 1850
646 2276
646 2581
647 1678
647 2132
648 1374
648 1414
648 1616
648 2020
648 2058
648 2430
649 1276
649 2477
650 878
650 2438
651 2026
651 2036
652 737
652 1020
652 2208
653 936
653 1498
654 1535
654 1860
654 1928
654 2113
654 2321
655 1317
655 2251
656 914
656 1587
657 814
657 1439
657 1873
657 2392
657 2490
658 931
658 1827
659 671
659 1522
660 1861
661 1338
661 2522
662 854
662 990
662 2016
663 2110
663 2130
664 1292
664 1483
664 2566
665 797
665 1008
665 1302
665 1598
665 2128
665 2518
666 1299
666 1623
666 1713
666 1814
666 1923
666 2263
667 1226
667 1243
667 1410
667 1785
667 1997
667 2471
668 1305
668 1514
669 1027
669 1135
669 2380
670 755
670 1497
670 2106
671 1585
671 1747
671 2226
671 2496
672 1279
672 2505
673 1056
673 1436
673 1917
673 2544
674 1006
674 2326
675 1662
676 1310
677 2375
678 686
678 1711
678 2162
678 2185
679 696
679 1476
679 2466
680 1428
680 1681
680 2181
681 2332
682 1710
682 1780
682 1811
682 2124
684 1197
684 1607
685 1072
685 1422
686 2332
686 2344
687 1336
687 1925
687 2163
688 797
688 1046
688 1904
688 1966
688 2051
689 1422
689 1704
690 1255
690 1549
691 1108
691 1584
691 2048
692 1600
692 2273
693 1221
693 2493
694 972
694 1670
694 1888
695 1019
696 1019
696 1825
697 2378
698 1263
698 1822
698 2375
699 1109
699 1825
700 715
700 892
701 792
701 1449
701 1482
701 1975
701 2252
701 2476
702 754
702 818
702 839
702 997
702 1099
702 1307
702 1425
703 1448
703 2327
703 2388
704 770
704 1963
704 2111
705 830
705 1058
705 1871
706 1294
706 1780
706 1851
706 2422
707 1183
707 1214
707 1369
707 1575
707 1700
708 928
708 929
708 1176
708 1427
708 1489
708 2335
709 1922
709 2097
710 1264
710 1382
710 1659
711 815
711 1211
711 1575
711 1923
712 1135
712 1871
713 1373
713 1829
713 2433
714 730
714 2042
714 2576
715 1424
715 1683
715 2136
715 2381
716 1803
716 1910
717 1200
717 2555
718 892
718 1481
719 935
719 2121
719 2143
719 2535
720 1477
720 2459
721 870
721 945
721 1324
721 1531
721 1809
722 1937
722 2125
723 735
723 2505
724 1151
724 2224
724 2477
725 882
725 1274
725 1607
726 1220
726 1674
726 1794
727 1014
727 1123
728 965
728 977
728 1169
728 1216
728 1716
728 1874
728 2038
728 2049
729 952
730 928
730 1793
730 2504
730 2558
731 1054
731 1498
731 2132
732 832
732 836
732 1500
732 1562
732 1694
733 795
733 1173
733 1237
733 1725
733 2485
733 2582
734 1855
734 2035
734 2094
734 2134
734 2144
734 2149
734 2265
734 2466
735 912
735 1207
736 1077
736 1419
736 1440
736 2157
736 2349
737 873
737 1467
738 853
738 1717
738 1781
739 1673
739 2555
740 773
740 805
740 1070
740 1076
740 1738
740 2438
741 943
741 1137
742 1113
742 1509
742 2555
743 978
743 1104
743 2118
744 1392
744 1531
744 1754
744 2372
744 2486
745 1049
745 2418
746 819
746 1025
747 1308
747 1748
748 1259
749 1220
749 1571
749 1970
750 1110
750 1322
750 1364
750 1612
750 1866
750 2004
750 2032
751 1277
751 1760
751 1863
752 1561
752 2230
752 2331
753 985
753 1827
753 2037
754 1174
754 2037
755 1472
756 1014
757 953
757 2182
758 1393
759 2023
759 2176
759 2548
760 812
760 1291
760 1517
761 1448
761 1919
761 1978
762 809
762 874
762 876
762 1069
762 1184
762 1377
762 1983
763 923
763 2311
764 1370
764 1408
765 954
765 1147
765 1471
766 1541
766 2047
766 2225
766 2307
767 1065
767 2060
768 1193
768 1481
769 1828
769 2041
769 2248
770 1378
770 1820
770 2302
770 2338
770 2420
771 908
771 1856
771 2552
772 1444
773 1433
773 2114
774 1262
774 1524
774 2129
774 2231
774 2358
775 1249
775 2254
775 2330
776 787
776 922
776 1055
776 1709
776 2102
776 2321
777 1314
777 1480
777 2154
778 2251
779 1317
779 2415
780 905
780 2003
781 1142
781 2462
782 1497
782 1982
782 2516
783 1332
784 818
784 1277
784 1563
784 2158
785 953
785 1037
785 2318
786 789
786 1183
786 1195
786 1242
786 2222
787 1702
787 2126
788 821
788 960
788 1211
789 1736
790 1081
790 1974
791 2021
791 2079
792 1135
793 1433
793 1479
794 2093
795 1696
796 1580
796 1701
796 2023
798 1116
798 1483
798 1516
799 1126
799 2073
800 848
800 2178
800 2199
800 2241
800 2572
801 1054
801 1100
801 2281
802 1276
802 2153
803 2472
803 2497
804 1578
804 2096
804 2357
805 2097
805 2147
806 1341
806 2045
806 2111
807 1464
807 1782
807 2453
808 1089
808 1856
808 2405
810 980
810 1053
810 1417
810 1757
810 1876
810 1913
810 2333
811 1020
811 1567
812 888
812 1594
812 1883
813 904
813 1319
813 2552
814 2114
815 1617
815 2176
816 1403
816 1559
817 971
817 1016
817 1106
817 1266
817 2362
817 2488
817 2556
818 1798
819 1361
819 2174
820 1002
820 1171
820 2219
821 1063
821 1982
822 1466
822 1709
822 1860
822 2133
823 1487
824 1293
824 2026
825 938
825 1587
825 1703
825 2083
825 2088
825 2420
826 1682
826 2044
826 2479
827 1174
827 2315
828 1483
828 1791
828 2357
829 975
829 1859
829 1883
830 979
830 1445
830 1612
830 2443
830 2522
831 1235
831 1971
832 1408
832 1444
833 878
833 886
833 1870
833 1900
833 2228
833 2468
834 1632
834 1679
834 2046
834 2076
835 869
835 1118
835 1435
835 1518
835 1913
835 2029
835 2404
835 2465
836 2427
836 2573
837 1607
837 2339
837 2352
838 1515
839 1631
839 2331
840 1300
840 1979
841 1947
841 2166
842 1230
842 1470
844 1305
844 2308
844 2311
845 2180
846 1209
846 1451
846 1526
847 1326
847 1521
847 2134
847 2512
848 1132
848 2242
849 1052
849 2294
849 2527
850 1235
851 904
851 1121
851 1363
852 936
852 1647
853 1844
853 2083
853 2167
853 2185
853 2338
854 1458
854 2339
855 1911
855 2418
855 2501
856 1255
856 1584
856 1615
857 1578
857 1600
857 1861
858 1791
859 862
859 885
859 1047
859 1343
859 1936
859 2085
859 2320
860 955
860 1553
860 1584
861 936
861 1497
862 892
862 2003
863 1668
863 2385
864 959
864 1407
864 2361
865 1082
865 1250
865 1996
865 2385
865 2587
866 1997
866 2437
868 991
868 2122
868 2545
869 1915
870 1622
870 2218
871 1625
871 1810
871 2001
872 1274
872 1812
873 2021
873 2230
874 1714
874 2401
875 1328
875 2151
876 1812
877 1724
877 2091
877 2284
879 891
879 939
879 1132
881 1158
882 1402
882 1506
882 2563
883 2200
883 2218
884 892
884 1109
884 1317
885 1403
885 1458
886 1308
886 2114
887 1446
887 1565
887 2498
888 1283
888 2492
889 1567
889 2021
889 2237
890 1072
890 1532
891 1057
891 1206
891 1298
891 1395
891 1806
891 1820
891 2287
892 1191
892 1734
892 2109
892 2547
893 1172
893 1396
893 1894
893 1986
893 2011
893 2377
894 924
894 1677
894 2033
895 952
895 1486
895 2295
896 909
896 1086
896 1627
897 1197
897 1458
897 2186
898 1162
898 1544
898 1876
898 1924
898 2457
898 2551
900 1430
900 1501
900 1558
900 1744
901 1286
901 1516
902 1432
902 1466
902 1542
902 1920
902 2325
902 2499
903 2026
903 2336
904 973
904 1031
904 1315
904 2369
905 1894
905 2062
905 2198
906 1146
906 2405
906 2424
907 1123
907 2445
908 929
908 1397
908 1832
908 1899
908 2202
909 2493
910 1512
910 2125
910 2250
911 2339
911 2569
912 1431
912 1737
913 1291
913 1979
914 2523
915 1481
915 1533
915 1974
916 1877
916 2106
916 2363
917 2005
917 2203
918 1035
918 1414
918 1688
918 1721
918 1840
918 1983
918 2243
919 1163
919 1399
919 1650
919 2061
920 1796
920 2401
921 1288
921 1523
921 1824
922 1006
923 1239
923 1376
923 1932
923 1944
923 2120
924 1740
925 1029
925 2586
926 1486
926 1577
926 1909
927 1064
927 1150
927 1375
929 1448
930 1405
930 1545
930 1976
930 2062
931 1028
931 1682
931 1759
931 1779
931 1995
932 1628
932 2237
932 2332
933 1151
933 2123
934 984
934 1534
934 2344
935 1719
935 2357
936 1604
936 2064
936 2066
936 2340
936 2515
937 1215
937 1690
937 2242
938 1691
938 1989
939 1095
939 1442
939 2456
940 1036
941 1336
941 2427
942 2370
943 998
943 1406
943 2170
943 2421
943 2584
945 2089
946 1325
946 2176
946 2452
947 1127
947 1669
948 2181
949 1100
949 2552
950 1367
950 1896
951 2524
952 1009
952 1044
952 1290
952 2314
953 1074
953 1246
953 1830
953 2177
953 2412
953 2483
954 1036
954 2579
955 963
955 1440
955 2202
956 2125
956 2555
957 1074
957 1112
957 1501
957 2006
957 2249
957 2559
958 2234
958 2327
959 2132
960 1965
960 2364
961 994
961 1001
961 1718
961 1733
961 1783
962 1736
962 1903
962 2078
963 1777
963 1925
964 1549
964 2239
964 2440
965 1856
966 992
966 1129
966 1872
966 1883
966 2358
966 2495
967 1771
968 1300
968 1498
968 1789
969 2034
969 2097
969 2567
970 2480
971 1728
971 1963
972 1502
972 1566
972 1648
972 2275
973 2196
973 2304
974 2181
974 2290
975 1341
976 1421
977 1828
978 1052
978 1229
978 2561
979 1390
979 2386
980 1423
981 1059
981 1617
982 1336
983 2364
983 2477
984 1844
984 2494
985 1604
985 2589
986 1021
986 1663
986 2119
987 1497
987 1849
987 2214
988 1005
988 1107
988 2274
989 1483
990 1607
991 1402
991 1605
991 2019
991 2317
991 2549
992 1662
993 1331
993 1446
993 1503
994 1637
995 1490
995 2089
995 2147
996 1134
996 1156
996 1240
996 1882
997 1318
997 2418
998 1079
998 2239
999 2334
999 2380
1000 1319
1000 1660
1000 2411
1001 1116
1002 1895
1002 2335
1002 2486
1003 1042
1003 1066
1003 1335
1004 1306
1004 1382
1004 1649
1004 1964
1004 2470
1005 1568
1005 2232
1006 1866
1006 1926
1007 2021
1007 2413
1008 1458
1009 1423
1010 1504
1010 1620
1011 1301
1011 1519
1012 1497
1012 2363
1012 2492
1013 1073
1013 2461
1013 2476
1014 1436
1014 2057
1015 1050
1015 2332
1016 1717
1016 2545
1017 1020
1017 1329
1018 1166
1018 1537
1018 2148
1019 1454
1019 1491
1019 1734
1019 2517
1020 1258
1020 1396
1020 1630
1020 2245
1021 1199
1021 1641
1021 2368
1022 1261
1022 1422
1022 2042
1023 1164
1024 1251
1024 1452
1024 1566
1024 1708
1024 1725
1024 1972
1024 2488
1025 1538
1025 2393
1026 2118
1027 1296
1027 1672
1027 1705
1027 2461
1028 1300
1028 2553
1029 1565
1029 1657
1030 1737
1030 1815
1030 2442
1031 2026
1032 1036
1032 1631
1032 1651
1033 1370
1033 2553
1034 2334
1035 1901
1036 1182
1036 1320
1036 1786
1037 1139
1037 1141
1037 1248
1037 2150
1037 2465
1038 2099
1039 1063
1040 1833
1040 2091
1041 1788
1041 2513
1042 1128
1042 1540
1042 2307
1043 1901
1043 2435
1044 1546
1045 1061
1045 1580
1045 2079
1046 1179
1046 1316
1047 1589
1049 2226
1049 2434
1050 1460
1050 2055
1050 2487
1051 1181
1051 1253
1051 1365
1051 1630
1051 1830
1051 2056
1052 1113
1053 2573
1054 1060
1054 1995
1054 2025
1054 2371
1055 2078
1055 2311
1056 2145
1057 2024
1057 2440
1058 1180
1058 1478
1058 1640
1058 1770
1058 1926
1058 2053
1059 1170
1059 1521
1059 1529
1059 1713
1059 2184
1059 2319
1060 1812
1060 2450
1061 1590
1061 1869
1061 1972
1061 1985
1061 2391
1062 1101
1062 1112
1062 1212
1062 1543
1062 1967
1062 2533
1063 1787
1063 2374
1064 1459
1065 1212
1065 1667
1065 1934
1065 2540
1066 1184
1066 1570
1066 1752
1067 1822
1068 1308
1068 2043
1069 1100
1069 2041
1070 1763
1071 1353
1071 1707
1071 2334
1072 1188
1072 1572
1072 1744
1072 2436
1073 1871
1074 1581
1075 1468
1075 2280
1076 1308
1076 1687
1077 1957
1077 2078
1078 1255
1078 1762
1078 2024
1079 1495
1079 2287
1079 2441
1080 1905
1080 1953
1081 1346
1081 1471
1081 1769
1081 2519
1082 1286
1082 1678
1083 1807
1084 1393
1084 2166
1084 2283
1085 1096
1085 1952
1085 2398
1086 1423
1087 1764
1087 1777
1088 1221
1088 1665
1088 2444
1089 1380
1090 1878
1091 1108
1091 1132
1091 1592
1092 1523
1092 2214
1093 1146
1093 2073
1093 2084
1094 1319
1094 1771
1094 2336
1095 1762
1095 2048
1096 1318
1096 2389
1097 1109
1097 1461
1098 1512
1098 2418
1100 1264
1100 1466
1100 1650
1100 2557
1101 1984
1102 1961
1102 2211
1102 2271
1102 2534
1103 1839
1104 1326
1104 1633
1104 1943
1104 2256
1104 2343
1105 2234
1105 2388
1106 1487
1107 1698
1107 1886
1107 1916
1107 2265
1107 2322
1108 1206
1108 2514
1109 1761
1110 1871
1111 1513
1111 1873
1111 2300
1112 1991
1113 1289
1113 2015
1113 2141
1113 2486
1114 2273
1115 1116
1115 2132
1116 1247
1116 1692
1116 2288
1117 1461
1117 2284
1118 1537
1118 1835
1119 1368
1119 1912
1119 2284
1120 1545
1120 1609
1120 1780
1120 1865
1120 1907
1121 1683
1122 1516
1122 1704
1123 2187
1123 2194
1123 2416
1124 1373
1124 1570
1124 1973
1124 2140
1124 2307
1124 2537
1125 2200
1126 1606
1126 1668
1126 2246
1126 2489
1127 1306
1127 2335
1127 2583
1127 2584
1128 2034
1128 2048
1129 2292
1130 1955
1131 1458
1131 2112
1132 1455
1132 1738
1132 1900
1132 2562
1133 1600
1133 1719
1133 2086
1134 1316
1134 2125
1135 1783
1135 2458
1136 1171
1136 1490
1137 1285
1137 2454
1138 1631
1138 1634
1139 2084
1140 1954
1140 2445
1141 2250
1141 2348
1142 2313
1143 1311
1143 1483
1144 1261
1145 2168
1146 1275
1146 2497
1147 1193
1148 1878
1148 2200
1148 2529
1149 1241
1149 1476
1149 1572
1149 1855
1149 2028
1149 2104
1149 2142
1149 2482
1150 2192
1151 1560
1151 2120
1151 2231
1151 2277
1152 1514
1153 1669
1153 1839
1153 2189
1154 2086
1155 1709
1155 1831
1155 2070
1156 2402
1157 2123
1157 2353
1158 1531
1158 1713
1159 1279
1160 1508
1160 1550
1160 1655
1160 2172
1161 1625
1161 2475
1162 2060
1162 2239
1163 2573
1164 1666
1164 1834
1164 2018
1164 2197
1165 2031
1166 1248
1166 1284
1166 1841
1166 2092
1166 2108
1166 2333
1166 2546
1167 1193
1167 2541
1168 1197
1168 1372
1168 2339
1169 2334
1170 2036
1172 2450
1173 1717
1173 2428
1174 1968
1175 1625
1175 1838
1175 2459
1176 2042
1177 1429
1177 2208
1177 2331
1178 1313
1178 1592
1178 1922
1179 1425
1179 1520
1179 1563
1179 1573
1180 2072
1181 1423
1181 2543
1182 2206
1183 2054
1184 1922
1185 1198
1185 1293
1186 2165
1186 2414
1187 1386
1187 1459
1187 1514
1188 2042
1189 1448
1189 1553
1189 2576
1190 1418
1190 2215
1192 1589
1192 1781
1192 2091
1193 1845
1195 1325
1196 1238
1196 2048
1197 1899
1197 2460
1198 1355
1198 1557
1199 1644
1199 1745
1200 1530
1200 1753
1200 2241
1201 1509
1201 1665
1202 1909
1202 2586
1203 1483
1203 2166
1204 1244
1204 1544
1204 1566
1204 1814
1204 2190
1204 2457
1205 1458
1205 1980
1205 2164
1206 2097
1207 2393
1208 1368
1208 1781
1208 2003
1209 1522
1210 1567
1212 1318
1214 1822
1215 1354
1215 1959
1215 2066
1215 2447
1216 1459
1216 2531
1217 1341
1217 2292
1218 1282
1218 1575
1218 1773
1219 1533
1221 1350
1221 1507
1221 1627
1221 1755
1221 2049
1222 1227
1223 2569
1224 1592
1224 1933
1224 2370
1225 1789
1226 1625
1227 1504
1227 2031
1228 1613
1228 2025
1228 2066
1228 2069
1228 2071
1228 2325
1229 2219
1229 2475
1230 1356
1230 2028
1230 2264
1230 2323
1232 1921
1232 2545
1233 1717
1233 1743
1233 2111
1234 1379
1234 1903
1234 2165
1235 1295
1235 1679
1235 2270
1235 2508
1236 1928
1236 1985
1237 1487
1238 1570
1238 1671
1239 1339
1239 1517
1240 2560
1241 2435
1242 1957
1243 1810
1244 1861
1245 1484
1245 1795
1245 2359
1245 2423
1245 2539
1246 1911
1246 2125
1247 1301
1247 1704
1249 1629
1249 1895
1249 2117
1250 2073
1252 1369
1252 1535
1252 1973
1252 2139
1253 2250
1253 2326
1254 1877
1254 1982
1254 2065
1255 2421
1256 1668
1256 1805
1256 1996
1256 2039
1257 1621
1257 1871
1257 2459
1258 2107
1259 1323
1259 1356
1259 1891
1259 2087
1259 2223
1259 2466
1260 1592
1260 2401
1261 1591
1261 2087
1261 2142
1262 2224
1262 2353
1263 1265
1263 1374
1263 1720
1263 1880
1263 1884
1263 2426
1264 1274
1266 1696
1266 1728
1267 2042
1267 2444
1268 1730
1268 2227
1268 2238
1268 2522
1269 2123
1269 2427
1270 1764
1270 1857
1270 1903
1271 1828
1271 2299
1272 2414
1273 1980
1274 1586
1274 1817
1275 2469
1275 2578
1276 1473
1276 1655
1276 1964
1276 2227
1277 1479
1278 1736
1278 1748
1278 1826
1279 1499
1279 1710
1280 1991
1280 2077
1280 2318
1281 1903
1281 2408
1282 1327
1282 2290
1283 1437
1283 1860
1283 2509
1283 2585
1284 1339
1284 1915
1285 1584
1285 2024
1286 1350
1286 1387
1286 1749
1286 2489
1287 1577
1287 2308
1288 1886
1288 2006
1288 2396
1289 1695
1289 2444
1291 2022
1291 2231
1292 2121
1292 2462
1292 2536
1293 1675
1293 1990
1293 2381
1293 2392
1294 1781
1294 1912
1296 1429
1296 1567
1297 1571
1297 1794
1297 2146
1298 1933
1298 2401
1299 1701
1299 1965
1300 2071
1300 2351
1300 2557
1300 2574
1301 1529
1301 2293
1301 2478
1302 1479
1302 1673
1303 1637
1303 2074
1304 1704
1304 2166
1305 1333
1305 1376
1307 1314
1308 1352
1308 1435
1308 2092
1308 2253
1309 1328
1309 1390
1310 1485
1310 1886
1310 1938
1310 2341
1311 1441
1311 2013
1312 1448
1313 1395
1313 2002
1313 2083
1313 2347
1314 1320
1314 1814
1314 1929
1315 2336
1316 1443
1316 1924
1317 1491
1317 1816
1317 1983
1318 1726
1318 2068
1318 2589
1319 1817
1320 1555
1321 1353
1321 1684
1322 2135
1323 2258
1325 1804
1325 1831
1325 2113
1325 2244
1325 2473
1326 1656
1327 1942
1327 1969
1327 2187
1327 2491
1328 1367
1328 1413
1328 1648
1328 1902
1328 2227
1328 2368
1329 1831
1329 1869
1330 1952
1331 1363
1332 1470
1332 2258
1334 1701
1334 1736
1334 1762
1335 1344
1336 1990
1337 2380
1337 2413
1338 1970
1339 1635
1339 1784
1339 2305
1339 2465
1339 2534
1340 1955
1340 2096
1341 1594
1341 1596
1341 2129
1342 1372
1343 1372
1343 1980
1344 2024
1345 1901
1345 2229
1346 1555
1346 1631
1347 1918
1347 2085
1347 2144
1347 2532
1348 1781
1348 1801
1348 2115
1349 2186
1350 1621
1351 1482
1351 1672
1351 2416
1352 1479
1353 1436
1353 2502
1353 2503
1354 2180
1355 1687
1356 2214
1357 2152
1357 2348
1358 1580
1358 2452
1359 1620
1359 1971
1360 1724
1360 2164
1361 2575
1362 1919
1362 2506
1363 1565
1363 1819
1364 2189
1365 2432
1366 1477
1366 1625
1366 1879
1368 1907
1368 2124
1369 1826
1370 1401
1370 1528
1371 1739
1371 2130
1371 2569
1372 2016
1372 2161
1372 2175
1372 2278
1372 2518
1375 2179
1375 2414
1376 1684
1377 1421
1377 2370
1378 2591
1379 1843
1379 2157
1379 2169
1380 2084
1380 2531
1381 1614
1381 1647
1381 1849
1383 1888
1384 1662
1384 1978
1385 2377
1386 2136
1387 1490
1387 1589
1388 1578
1388 2577
1389 2024
1389 2147
1390 1473
1390 1837
1391 1759
1391 2059
1392 1490
1393 1880
1394 2543
1395 2567
1396 2079
1397 2234
1397 2576
1398 2119
1398 2215
1399 1498
1400 1556
1400 1665
1401 1464
1403 2188
1403 2197
1403 2278
1404 1522
1404 1803
1405 2444
1407 1704
1408 1412
1409 1421
1409 2401
1409 2415
1410 1782
1410 2181
1411 1661
1411 1847
1411 2068
1411 2156
1412 1468
1412 2375
1413 1670
1414 1919
1415 1838
1415 1879
1416 1716
1417 2126
1418 1619
1419 1764
1419 2257
1420 1691
1420 2318
1421 2100
1421 2358
1423 1664
1423 1774
1423 1908
1423 2116
1424 2026
1424 2411
1426 2123
1426 2560
1427 1553
1427 2234
1428 1463
1428 1897
1428 2479
1429 1449
1429 2052
1430 1868
1431 2210
1431 2291
1433 1518
1433 1603
1433 1870
1433 2207
1433 2394
1433 2546
1434 2091
1434 2505
1434 2579
1435 2569
1437 1702
1438 1798
1438 2242
1438 2332
1439 1763
1439 2432
1440 1857
1441 1947
1441 2283
1442 1592
1442 2097
1443 1673
1443 1798
1444 1953
1445 2464
1446 2304
1447 1799
1447 2425
1448 1475
1448 1942
1448 2272
1449 2413
1450 1461
1451 1827
1452 2060
1452 2135
1453 1690
1453 2106
1453 2221
1454 1461
1454 1669
1455 2567
1456 1719
1456 2566
1457 1796
1457 1815
1457 1828
1458 1645
1458 2080
1459 1551
1459 1597
1459 1756
1459 2296
1460 1534
1460 2427
1461 1649
1461 2080
1461 2175
1462 1715
1462 1920
1462 2061
1462 2213
1462 2310
1463 1771
1463 2195
1464 1778
1464 1995
1464 2046
1465 2444
1467 1480
1467 1631
1468 1778
1469 1538
1469 2505
1469 2570
1470 1536
1470 1948
1472 1877
1472 2492
1473 1888
1474 1633
1474 1741
1474 2213
1474 2512
1475 1488
1475 2248
1477 2197
1479 1904
1479 1949
1480 2158
1481 1610
1482 1628
1483 2478
1484 2043
1485 1515
1485 1824
1486 1503
1486 1699
1486 1752
1486 2225
1487 1846
1488 1867
1488 2000
1488 2027
1488 2491
1488 2497
1489 1532
1490 1992
1490 2101
1490 2236
1490 2343
1492 1833
1492 2578
1493 2282
1493 2480
1494 1685
1494 1849
1494 2289
1495 1549
1496 2506
1497 2217
1498 1542
1498 2446
1498 2447
1499 1724
1499 1781
1500 2516
1502 1696
1504 1889
1504 2120
1504 2255
1504 2270
1505 1537
1505 1647
1505 2037
1506 2292
1506 2552
1507 1519
1509 2062
1509 2131
1510 2091
1510 2393
1511 2196
1512 1848
1512 2412
1512 2423
1512 2449
1512 2498
1513 2043
1514 1940
1514 2275
1515 1846
1515 1916
1515 2204
1515 2559
1516 2319
1517 2351
1517 2355
1517 2530
1518 2110
1519 1927
1519 2236
1519 2587
1520 2180
1520 2332
1521 2424
1522 1703
1523 1916
1523 2159
1525 1762
1525 1957
1526 1537
1526 1644
1527 2273
1528 2135
1528 2311
1530 1695
1530 2125
1532 1629
1532 2372
1534 1573
1534 1602
1534 1642
1534 2162
1534 2463
1536 2339
1537 1682
1537 1897
1537 2589
1538 1606
1538 1996
1539 1875
1539 2537
1539 2590
1541 2115
1541 2586
1542 2112
1543 2182
1544 2577
1545 1555
1546 2009
1546 2049
1547 1619
1548 1828
1549 1862
1549 2454
1549 2583
1552 2201
1552 2544
1553 2008
1554 2192
1555 2306
1556 2377
1556 2443
1557 2411
1558 1810
1559 1772
1559 1918
1559 2141
1560 2308
1561 1705
1561 1906
1561 1975
1562 2280
1563 1634
1564 1617
1567 1975
1568 1824
1569 2397
1571 1730
1571 1837
1572 1663
1573 2242
1574 2493
1576 2043
1577 1944
1579 1684
1579 2308
1581 1847
1581 2533
1581 2534
1582 2363
1583 2531
1584 1697
1584 1832
1584 2456
1585 1858
1585 1910
1586 2268
1586 2292
1587 1743
1588 1663
1588 1960
1589 2017
1590 1696
1592 2098
1592 2302
1592 2441
1593 1919
1593 2234
1594 1662
1595 2219
1596 1607
1598 2364
1599 2097
1599 2242
1600 2350
1601 2023
1603 1748
1603 2043
1604 1614
1605 2074
1605 2251
1606 1901
1607 1872
1607 2160
1607 2383
1608 1634
1608 2037
1608 2418
1609 1878
1609 2078
1611 1858
1612 2095
1613 2342
1615 1898
1615 2098
1615 2140
1615 2287
1617 1733
1617 1988
1618 2464
1619 2254
1620 1632
1620 1646
1621 1864
1621 1927
1621 2018
1622 1894
1622 1951
1622 2212
1622 2580
1623 1631
1624 1824
1624 2164
1625 2527
1626 2074
1626 2239
1627 2464
1629 2397
1631 1863
1633 2093
1634 1706
1634 2528
1635 2152
1635 2318
1636 1799
1636 2060
1636 2425
1637 1776
1637 1816
1637 2317
1637 2409
1638 2043
1638 2251
1638 2257
1639 1673
1639 1950
1640 2189
1641 1960
1641 2215
1642 2237
1643 2442
1643 2505
1644 2398
1645 1950
1645 2573
1647 1726
1649 1781
1650 2510
1651 1976
1651 2030
1651 2212
1652 1871
1652 1879
1653 1728
1653 1791
1653 1921
1654 2282
1654 2560
1655 1839
1656 1892
1657 2304
1658 1857
1659 1812
1659 2552
1660 1675
1661 1868
1661 2182
1663 2087
1664 2432
1666 1838
1666 1980
1669 2470
1670 1934
1670 2378
1671 2034
1673 1949
1674 1939
1676 2107
1678 1692
1680 2560
1681 1779
1681 1836
1684 2240
1684 2509
1685 1895
1685 2260
1685 2340
1686 1777
1687 1870
1687 1873
1688 1807
1688 2524
1689 2021
1689 2154
1689 2208
1690 1787
1690 2366
1691 1766
1691 2222
1692 1789
1693 2163
1695 1949
1695 2051
1695 2298
1696 2190
1696 2373
1697 1701
1697 1957
1700 2382
1701 1746
1702 1770
1702 1930
1702 2004
1702 2303
1704 2013
1705 2413
1706 1826
1707 2201
1707 2407
1710 1833
1711 1801
1711 2523
1712 1888
1712 2492
1714 1813
1714 2129
1714 2276
1714 2495
1716 2380
1717 1723
1717 2225
1718 2036
1719 2455
1719 2462
1720 2054
1721 2506
1722 1764
1722 1925
1722 2235
1723 1801
1723 2284
1724 2236
1724 2320
1725 1728
1726 1827
1727 2148
1729 1849
1729 2014
1729 2397
1730 1835
1731 2186
1731 2292
1731 2352
1732 2107
1732 2295
1733 2026
1735 2126
1736 1935
1736 2137
1737 2082
1738 2313
1739 1853
1739 1882
1739 1999
1740 1834
1740 1885
1740 2354
1740 2458
1741 2364
1742 2089
1742 2299
1742 2313
1743 1758
1743 1890
1745 2220
1746 2452
1747 2315
1748 1958
1750 1921
1750 2566
1751 2311
1752 2115
1753 2480
1754 1808
1756 1856
1757 2402
1758 2348
1759 2195
1762 2202
1762 2514
1763 2468
1764 1832
1765 2290
1765 2410
1766 2111
1766 2115
1767 2024
1767 2313
1768 2089
1772 1980
1772 2282
1773 2469
1774 2316
1774 2402
1775 1911
1775 2289
1776 1857
1776 2043
1777 2169
1779 2410
1782 2076
1784 1979
1784 2308
1785 2195
1786 1974
1787 2492
1788 1861
1788 1919
1789 2025
1789 2419
1790 2086
1791 2395
1791 2429
1792 2031
1792 2376
1793 2560
1794 2507
1795 1911
1795 2014
1796 2291
1797 2370
1797 2406
1798 1966
1798 2463
1799 1967
1799 2068
1799 2378
1799 2403
1800 1909
1800 2566
1801 2002
1801 2420
1801 2494
1802 1957
1803 2002
1803 2338
1804 2118
1806 2370
1807 1819
1807 2171
1808 2263
1809 1941
1810 1887
1810 2265
1810 2267
1811 2091
1812 2384
1812 2499
1812 2574
1813 2163
1815 2356
1818 2408
1819 2003
1820 1922
1821 1988
1821 2010
1821 2244
1822 2391
1823 2258
1824 2035
1824 2085
1824 2267
1825 2017
1825 2320
1827 2108
1827 2404
1827 2479
1828 2210
1828 2343
1829 1978
1829 2281
1830 2417
1833 1867
1833 2212
1833 2303
1833 2306
1834 2096
1835 2108
1835 2367
1836 2411
1837 2148
1839 2542
1841 2316
1841 2326
1842 2380
1842 2401
1843 2235
1844 2523
1845 1974
1846 2283
1849 2262
1849 2447
1850 2505
1851 2003
1851 2284
1852 2576
1853 2110
1854 1915
1854 2084
1858 2069
1858 2446
1858 2528
1862 1868
1863 2154
1864 1879
1864 2095
1865 2119
1867 1868
1868 1959
1868 2138
1868 2533
1868 2584
1875 1978
1875 2450
1877 2064
1877 2262
1878 2266
1878 2354
1878 2467
1880 1933
1882 2480
1884 2506
1885 1955
1887 2242
1888 1896
1888 2238
1890 2115
1890 2591
1891 2130
1891 2435
1892 2093
1898 2147
1899 2424
1900 2147
1901 2385
1902 2106
1903 2328
1904 1950
1905 2152
1905 2516
1906 2208
1908 2026
1909 2040
1909 2416
1910 1998
1910 2088
1910 2260
1910 2526
1911 1968
1911 2269
1912 1936
1912 2171
1912 2198
1912 2547
1913 2326
1914 2179
1914 2506
1915 1946
1915 2177
1917 2327
1917 2406
1918 2219
1919 2005
1920 2573
1921 2549
1922 2047
1922 2209
1922 2323
1924 2316
1926 2218
1928 2382
1930 2417
1931 2163
1931 2237
1931 2505
1933 2133
1933 2565
1934 2254
1937 1999
1937 2193
1938 2214
1938 2360
1939 1970
1939 2146
1941 1992
1942 2578
1945 1971
1946 2405
1947 2426
1948 2186
1948 2435
1950 2161
1950 2312
1952 2037
1953 2280
1954 2162
1956 2524
1957 1958
1957 2328
1960 2117
1961 2182
1965 1988
1965 2301
1965 2399
1967 2037
1969 2041
1972 2274
1973 2417
1976 2529
1977 2450
1978 2198
1978 2571
1979 2371
1981 2318
1984 2271
1984 2474
1985 2054
1987 2295
1989 2055
1989 2329
1990 2237
1991 2156
1991 2211
1992 2313
1993 2316
1999 2560
2001 2216
2001 2437
2001 2500
2003 2012
2003 2571
2004 2218
2005 2577
2006 2123
2007 2523
2008 2531
2008 2552
2010 2452
2010 2548
2011 2281
2012 2164
2014 2340
2014 2449
2015 2475
2016 2186
2017 2164
2019 2268
2021 2056
2022 2353
2022 2477
2023 2244
2024 2441
2027 2469
2027 2568
2029 2316
2029 2417
2036 2301
2037 2220
2039 2174
2039 2229
2041 2384
2041 2498
2041 2537
2043 2233
2045 2187
2045 2472
2046 2511
2047 2415
2050 2235
2050 2427
2052 2230
2053 2135
2054 2285
2054 2588
2055 2523
2056 2107
2057 2290
2057 2388
2058 2179
2059 2336
2060 2317
2063 2510
2064 2214
2065 2217
2067 2084
2067 2424
2067 2568
2070 2382
2071 2132
2072 2542
2073 2184
2074 2540
2074 2551
2075 2165
2075 2309
2076 2553
2077 2305
2077 2474
2078 2279
2078 2439
2078 2509
2079 2113
2081 2122
2081 2428
2082 2174
2082 2570
2090 2093
2090 2424
2092 2110
2093 2094
2093 2184
2094 2206
2096 2203
2096 2519
2096 2536
2097 2178
2097 2228
2098 2440
2099 2107
2100 2163
2102 2492
2103 2579
2104 2130
2105 2192
2105 2257
2106 2374
2110 2199
2111 2347
2112 2175
2115 2167
2115 2556
2115 2582
2117 2389
2118 2149
2118 2532
2123 2204
2123 2504
2124 2529
2126 2564
2128 2206
2132 2558
2135 2421
2135 2454
2136 2196
2138 2578
2142 2215
2143 2147
2145 2261
2145 2503
2148 2404
2150 2405
2151 2457
2153 2172
2154 2245
2155 2360
2157 2408
2159 2360
2160 2186
2164 2278
2164 2547
2165 2349
2166 2521
2167 2284
2168 2342
2169 2427
2170 2440
2171 2304
2173 2339
2173 2435
2176 2301
2177 2348
2178 2180
2180 2366
2180 2463
2180 2562
2181 2194
2181 2500
2182 2249
2182 2305
2183 2367
2188 2282
2191 2248
2195 2216
2199 2339
2200 2328
2200 2585
2201 2370
2205 2219
2205 2444
2205 2555
2206 2519
2209 2258
2211 2348
2214 2482
2215 2324
2218 2439
2219 2294
2219 2372
2220 2389
2222 2348
2224 2355
2226 2579
2228 2313
2230 2245
2233 2375
2234 2286
2234 2491
2237 2581
2241 2560
2243 2415
2246 2424
2248 2286
2249 2250
2250 2269
2252 2445
2254 2403
2255 2308
2255 2353
2256 2299
2258 2345
2258 2482
2261 2290
2264 2567
2268 2383
2270 2523
2271 2318
2273 2455
2274 2373
2274 2538
2281 2387
2281 2574
2281 2590
2282 2527
2286 2578
2289 2423
2289 2515
2292 2448
2292 2460
2296 2524
2297 2309
2297 2408
2297 2414
2302 2567
2303 2326
2304 2346
2304 2473
2308 2530
2310 2523
2310 2579
2311 2502
2311 2585
2313 2535
2315 2337
2316 2390
2316 2564
2321 2510
2324 2330
2324 2425
2326 2483
2327 2346
2332 2520
2333 2417
2337 2579
2339 2448
2342 2446
2344 2487
2345 2567
2346 2548
2348 2474
2350 2577
2361 2410
2365 2480
2368 2492
2369 2413
2375 2539
2376 2521
2379 2548
2380 2476
2383 2552
2384 2415
2386 2507
2393 2481
2393 2581
2397 2515
2397 2538
2401 2407
2402 2438
2402 2468
2406 2407
2410 2471
2411 2490
2411 2550
2414 2436
2414 2525
2422 2529
2425 2540
2427 2520
2428 2549
2428 2556
2431 2577
2433 2450
2442 2481
2443 2493
2445 2487
2450 2557
2453 2508
2453 2554
2471 2511
2477 2495
2480 2504
2480 2572
2499 2510
2500 2511
2510 2521
2510 2565
2511 2554
2518 2573
2545 2582
2546 2569
2553 2554
2564 2573
2570 2575
