2520 5040
0 419
0 1421
0 1528
1 919
1 1504
1 1892
2 1405
2 1445
2 1853
3 727
3 1062
3 1495
3 1772
3 1886
3 2477
4 710
4 1097
4 1630
5 688
5 1833
5 1977
6 1141
6 1904
6 2302
7 840
7 1125
7 1222
7 1384
7 1460
7 1570
7 2286
7 2478
8 700
8 1080
8 1919
9 1300
9 1778
9 1966
10 322
10 731
10 887
11 115
11 126
11 507
11 1734
11 1947
11 2184
11 2389
11 2449
12 215
12 557
12 1301
13 917
13 1398
13 1913
14 1132
14 1311
14 1454
15 63
15 1403
15 1971
16 112
16 1858
16 2151
17 197
17 561
17 675
18 454
18 929
18 2390
19 624
19 930
19 1446
20 140
20 2178
20 2261
21 908
21 1013
21 2110
22 655
22 902
22 2437
23 452
23 1052
23 1225
23 1355
23 1697
23 2460
24 85
24 346
24 1229
25 354
25 674
25 1722
26 525
26 650
26 1339
27 116
27 851
27 2293
28 285
28 672
28 786
28 926
28 1218
28 1624
28 1761
28 2509
29 1766
29 2129
29 2483
30 726
30 1190
30 1923
31 298
31 320
31 1328
31 1677
31 2163
31 2422
32 1169
32 1706
32 2363
33 631
33 1144
33 2208
34 371
34 580
34 1345
35 81
35 290
35 318
35 1142
35 1322
35 1896
36 78
36 1164
36 1214
36 1438
36 1635
36 2125
37 383
37 556
37 946
38 851
38 1585
38 2373
39 1063
39 1719
39 1773
40 765
40 1216
40 1247
40 2413
41 188
41 531
41 2221
42 125
42 478
42 752
42 1656
42 1864
42 1891
42 2051
42 2424
43 1691
43 1750
43 1758
43 2202
44 346
44 487
44 2098
45 132
45 374
45 485
45 2352
46 475
46 1752
46 1910
46 2404
47 350
47 603
47 699
47 841
47 907
47 1374
47 1602
47 1871
48 287
48 363
48 1507
48 1942
49 1166
49 2333
49 2461
50 1836
50 2274
50 2461
51 1868
51 1977
51 2515
52 775
52 1003
52 1827
53 174
53 231
53 1552
54 1560
54 1722
54 2319
55 294
55 309
55 669
55 914
55 1085
55 1648
55 2348
55 2446
56 519
56 1133
56 2309
57 354
57 952
57 1938
58 92
58 271
58 277
58 594
58 974
58 1009
59 588
59 622
59 1993
60 776
60 1625
60 2232
61 267
61 1272
61 2012
62 481
62 1628
62 2100
63 2052
64 1938
64 1978
64 2094
65 1467
65 1794
65 1882
66 687
66 992
66 1821
66 1956
66 2201
66 2227
67 464
67 477
67 558
67 1530
67 1559
67 1620
67 1819
67 2283
68 463
68 2060
68 2270
69 878
69 2032
69 2473
70 144
70 1131
70 2109
71 1674
71 1934
71 2083
72 197
72 1445
72 2408
73 227
73 592
73 1706
74 623
74 1666
74 2517
75 905
75 1055
75 2014
75 2398
76 171
76 1779
76 2431
77 533
77 878
77 931
78 96
78 1639
79 2082
79 2386
79 2483
80 794
80 1184
80 1595
81 1615
81 1882
82 1408
82 1912
82 2263
83 1003
83 1667
83 2248
84 135
84 248
84 1338
85 724
85 881
85 1359
85 1425
85 2018
86 912
86 1689
86 1932
87 1833
87 1858
87 2443
88 706
88 1190
88 2236
89 545
89 1127
89 1290
89 1579
89 1996
89 1997
90 118
90 360
90 972
90 1160
90 1205
90 1329
90 1556
90 2448
91 419
91 1345
91 2281
92 444
92 1778
93 458
93 716
93 1739
94 457
94 760
94 842
95 548
95 856
95 1168
95 1257
95 2313
95 2413
96 468
96 653
96 819
96 1461
96 1534
96 1548
96 2434
97 517
97 899
97 1119
97 1570
97 1617
97 2128
97 2134
97 2251
98 403
98 1303
98 1460
98 2428
99 1479
99 1794
99 2486
100 555
100 1277
100 2278
101 181
101 214
101 668
101 2245
102 211
102 1379
102 1384
102 1599
102 1883
102 2188
103 515
103 921
103 2162
104 1080
104 1713
104 2170
105 217
105 670
105 1444
106 205
106 367
106 2408
107 132
107 342
107 980
107 1807
107 1844
107 2280
108 609
108 1904
108 2166
109 813
109 956
109 1171
109 1308
109 1997
109 2121
109 2222
109 2368
110 245
110 414
110 434
110 832
110 1102
110 1137
110 1823
110 1828
111 401
111 2129
111 2171
112 474
112 606
112 882
112 1182
112 1330
113 143
113 558
113 715
113 843
113 2068
113 2392
114 876
114 1025
114 1108
115 928
115 1480
116 187
116 478
116 1038
116 1170
116 1188
116 1430
116 1566
117 1272
117 2248
117 2250
118 1480
118 1581
119 185
119 694
119 744
119 2230
120 419
120 1332
120 1625
121 642
121 1546
121 1862
122 243
122 543
122 1053
122 1139
122 1163
122 1393
122 2214
122 2244
123 313
123 1342
123 1643
124 1693
124 1766
124 2003
125 210
125 1067
126 393
126 2083
127 842
127 1267
127 1446
128 171
128 411
128 696
129 266
129 1140
129 1378
129 2092
129 2173
129 2503
130 714
130 914
130 1041
130 2026
131 1572
131 1753
131 1958
131 2467
132 1760
133 1042
133 2228
133 2444
134 1440
134 1848
134 2284
135 390
135 1040
135 1330
135 1612
135 1777
135 2317
135 2425
136 659
136 1153
136 1555
136 1850
137 158
137 1644
137 1872
138 803
138 1257
138 1288
138 1468
138 1707
138 2108
138 2140
138 2256
139 658
139 1161
139 1862
140 386
140 1016
140 2271
141 705
141 941
141 1159
141 1334
142 305
142 655
142 2110
143 279
143 519
144 465
144 1550
144 1624
144 2124
144 2136
145 444
145 616
145 775
146 147
146 1781
146 1982
147 151
147 249
147 425
148 733
148 1181
148 1882
149 429
149 599
149 1803
150 383
150 528
150 805
151 568
151 2473
152 709
152 1698
152 2109
153 978
153 1809
153 2205
153 2417
154 1192
154 1223
154 2306
155 647
155 968
155 1451
155 1648
156 174
156 235
156 2357
157 1514
157 1515
157 1970
158 846
158 1039
158 1535
158 1691
158 2002
159 778
159 931
159 2025
160 467
160 618
160 756
161 457
161 624
161 2167
162 207
162 1090
162 1642
163 199
163 427
163 493
163 1009
163 1012
163 1427
163 1658
163 1983
164 1423
164 1846
164 2113
165 902
165 1747
165 2110
166 830
166 1552
166 2333
167 1398
167 1402
167 1642
168 186
168 269
168 891
168 915
168 1018
168 1409
169 977
169 1557
169 1578
170 574
170 1152
170 1614
170 2362
171 356
171 375
171 535
171 1826
171 1842
171 2127
172 917
172 1402
172 2042
173 1332
173 1503
173 1605
174 589
174 1316
174 1901
174 2056
174 2135
174 2463
175 814
175 1649
175 1668
175 1709
175 2374
175 2429
176 248
176 1421
176 1498
177 487
177 1437
177 1639
178 703
178 863
178 2144
179 547
179 734
179 1290
179 1561
179 1647
179 1822
179 1921
179 2327
180 319
180 584
180 760
181 655
181 2436
182 622
182 1769
182 1811
183 1197
183 1780
183 1857
184 1205
184 1397
184 1500
184 2471
185 393
185 879
186 346
186 1781
187 583
187 646
188 872
188 1112
188 1456
189 842
189 1536
189 2167
190 815
190 838
190 1365
191 1020
191 1787
191 2043
192 1376
192 1744
192 2042
193 476
193 1348
193 2355
194 581
194 734
194 1308
194 1574
194 1621
194 1901
195 514
195 789
195 1575
196 525
196 984
196 1141
197 309
197 382
197 974
197 1458
197 1967
197 2285
198 650
198 1949
198 2175
199 2228
199 2269
200 1327
200 1696
200 2025
201 1121
201 1332
201 1532
202 220
202 523
202 958
202 1310
202 2119
202 2336
202 2387
202 2499
203 916
203 1569
203 1941
203 2192
204 1068
204 1262
204 2289
204 2489
205 840
205 922
205 966
205 1413
205 1487
205 1898
205 2411
206 252
206 362
206 637
206 950
206 953
206 1068
207 814
207 1378
207 1420
208 691
208 1601
208 2431
209 631
209 1863
209 2270
210 355
210 1307
210 1524
210 1590
210 2111
211 1493
211 2293
212 321
212 469
212 2330
213 683
213 889
213 2247
213 2345
214 1779
214 1803
215 491
215 535
215 689
215 824
215 868
215 1468
215 1610
216 1221
216 1282
216 1533
217 460
217 1227
217 1650
217 1802
217 2246
217 2349
217 2494
218 921
218 2025
218 2178
219 733
219 1631
219 2382
220 471
220 1165
221 273
221 471
221 1666
222 489
222 569
222 2178
223 1025
223 1311
223 1744
224 400
224 528
224 1266
225 247
225 673
225 1720
225 1944
225 2027
225 2476
225 2478
225 2516
226 442
226 537
226 1241
226 1263
226 1433
226 1613
226 1864
226 2180
227 286
227 729
227 2452
228 400
228 512
228 1467
229 1176
229 2076
229 2517
230 941
230 1309
230 1406
230 2398
231 428
231 2035
231 2495
232 489
232 1121
232 1273
233 1142
233 1470
233 1527
233 2095
234 1544
234 1698
234 1959
235 1119
235 1460
235 1907
235 2027
235 2511
236 463
236 851
236 1735
237 617
237 1714
237 1820
238 566
238 573
238 585
238 1214
238 1297
238 1847
239 327
239 638
239 1169
240 486
240 868
240 951
240 1156
240 1361
240 2346
241 1020
241 1970
241 2487
242 787
242 839
242 1581
243 670
243 775
244 416
244 749
244 819
244 1383
244 1586
244 1712
244 2125
244 2176
245 842
245 930
246 553
246 1376
246 2229
247 1447
247 2488
248 344
248 909
248 1076
248 2324
249 1281
249 1792
250 1760
250 2236
250 2390
251 1097
251 1161
251 1778
252 577
252 2426
253 429
253 908
253 1194
254 319
254 550
254 2005
255 884
255 2050
255 2199
256 1067
256 1863
256 2414
257 274
257 529
257 997
257 1474
258 407
258 924
258 970
258 1462
258 1506
258 1961
258 2168
258 2405
259 453
259 498
259 1057
260 617
260 1609
260 1857
261 515
261 952
261 1008
262 750
262 1588
262 2319
263 821
263 1643
263 2220
264 609
264 1793
264 2487
265 588
265 946
265 1811
266 1419
266 2117
267 552
267 1746
267 1829
267 2422
267 2454
268 557
268 1367
268 1563
269 445
269 1136
270 641
270 844
270 1018
270 1391
270 1697
270 1761
270 2062
270 2415
271 1853
271 2094
272 811
272 1013
272 2508
273 499
273 959
273 1123
273 1426
273 1568
273 1980
273 2114
274 369
274 1440
275 538
275 1022
275 2217
276 315
276 706
276 1526
277 658
277 1494
278 1184
278 1922
278 2036
279 504
279 684
279 729
279 1646
279 2107
280 290
280 347
280 418
280 546
280 1874
280 2033
280 2072
280 2424
281 1184
281 1280
281 1699
282 1032
282 1575
282 2178
283 658
283 1834
283 2084
284 690
284 1070
284 1353
285 614
285 1848
286 324
286 1133
287 1494
287 1546
288 311
288 671
288 1372
289 291
289 707
289 1306
289 1456
289 1521
289 2254
290 634
291 742
291 2473
292 617
292 945
292 1780
293 1556
293 1783
293 2191
293 2435
294 993
294 2003
295 400
295 1318
295 2217
296 533
296 584
296 2270
297 1025
297 1493
297 1873
298 496
298 1054
299 467
299 614
299 725
300 590
300 1300
300 2486
301 315
301 484
301 1760
302 1421
302 2372
302 2470
303 1133
303 1793
303 2315
304 815
304 952
304 1964
305 829
305 1707
305 2203
306 482
306 859
306 1347
306 1404
306 1965
306 2161
307 593
307 599
307 713
308 618
308 1049
308 1848
309 1282
310 1193
310 1555
310 1914
310 2101
310 2194
310 2438
311 1490
311 2360
311 2376
312 902
312 1301
312 1715
313 1059
313 1088
313 1776
314 466
314 1607
314 2137
315 456
315 1358
315 1410
315 1495
315 1669
315 2059
316 696
316 811
316 1919
317 657
317 875
317 947
317 1346
318 650
318 1540
319 442
319 792
319 991
319 2350
320 1544
320 1551
321 358
321 836
321 1043
321 1060
321 1453
322 342
322 720
322 1461
322 1511
322 1649
322 2079
322 2173
323 763
323 1251
323 2314
323 2449
324 511
324 563
324 2107
325 1049
325 1884
325 2130
326 401
326 525
326 2082
327 762
327 781
327 2338
328 664
328 986
328 2137
329 1895
329 1978
329 2175
330 489
330 839
330 1724
331 828
331 922
331 1195
331 1562
331 1621
331 2054
331 2135
331 2234
332 1008
332 1805
332 2137
333 524
333 1102
333 2251
333 2516
334 512
334 1919
334 2237
335 444
335 1444
335 1519
336 1245
336 1499
336 1994
337 1639
337 1686
337 2174
338 945
338 1353
338 1872
339 1519
339 1814
339 2390
340 388
340 757
340 1048
340 1107
340 1274
340 1911
340 2016
340 2131
341 1868
341 2041
341 2091
342 2357
343 1245
343 2299
343 2356
344 1900
344 2232
345 373
345 532
345 1912
346 907
346 1082
346 1302
346 2006
346 2164
347 1861
347 2175
348 568
348 607
348 1223
349 952
349 1653
349 1840
350 791
350 1733
351 412
351 1465
351 1839
351 1952
351 2300
351 2467
352 393
352 1273
352 1580
353 368
353 900
353 929
354 1014
354 2059
354 2316
354 2455
355 411
355 1601
356 1145
356 2355
357 703
357 1440
357 1827
358 396
358 1047
359 921
359 1724
359 2261
360 1320
360 1995
361 1282
361 1522
361 1701
362 1036
362 2166
363 1862
363 2481
364 1028
364 1378
364 1534
364 1668
364 1763
364 2500
365 776
365 1215
365 1386
366 709
366 2032
366 2356
367 421
367 652
367 1143
367 1901
367 2024
367 2179
367 2207
368 896
368 1156
368 1470
369 461
369 651
369 926
369 1632
369 2341
369 2381
369 2410
370 476
370 616
370 1033
371 509
371 1438
371 2417
372 879
372 1745
372 2242
373 905
373 1239
373 1334
374 731
374 1757
375 952
375 1715
376 709
376 2036
376 2315
377 476
377 1197
377 1386
378 503
378 1848
378 2129
379 2148
379 2178
379 2266
380 1836
380 2333
380 2343
381 1279
381 1858
381 2237
382 993
382 1405
383 475
383 888
383 1687
383 2442
384 555
384 2036
384 2312
385 949
385 1364
385 2291
386 1724
386 2025
387 931
387 1382
387 1414
388 741
388 1607
389 610
389 623
389 2377
390 776
390 1352
391 567
391 1390
391 2343
392 641
392 1233
392 1242
392 2006
392 2149
392 2153
393 800
393 989
393 1547
393 1801
393 2380
394 640
394 1846
394 2450
395 555
395 1295
395 1364
396 404
396 799
396 940
396 1174
396 1284
396 1988
396 2160
397 1000
397 2309
397 2487
398 415
398 579
398 751
398 1172
398 1496
398 2371
398 2430
398 2499
399 473
399 634
399 1408
400 869
400 1186
400 1260
400 1716
400 2189
401 407
401 494
401 990
401 1683
401 1992
401 2397
402 1245
402 1314
402 1643
403 910
403 1005
404 863
404 1116
405 429
405 998
405 2130
406 821
406 1231
406 2431
407 1553
408 1583
408 1666
408 1923
409 564
409 731
409 1403
410 837
410 1371
410 1558
410 2427
411 978
411 1088
411 1271
411 1751
411 1974
411 2334
412 1264
412 1320
413 910
413 1510
413 2357
414 1846
414 2145
415 578
415 1728
416 984
416 1447
417 700
417 1081
417 1176
418 1949
418 2094
419 488
419 1040
419 1725
419 2233
419 2475
420 555
420 1132
420 2007
421 1032
421 2162
422 590
422 1497
422 1738
423 1386
423 2238
423 2443
424 696
424 1803
424 2396
425 1229
425 2213
426 885
426 1689
426 1739
427 2084
427 2482
428 2040
428 2048
429 727
429 1059
429 1697
429 1849
429 1869
430 531
430 562
430 1760
431 975
431 1140
431 1649
431 1694
431 1897
431 1942
431 2047
431 2399
432 778
432 817
432 1793
433 798
433 1773
433 1818
434 747
434 1609
435 1305
435 2098
435 2453
436 1699
436 1863
436 2312
437 496
437 988
437 1800
438 878
438 1665
438 1730
439 1223
439 1706
439 2501
440 2025
440 2174
440 2363
441 1273
441 1292
441 1644
442 646
443 561
443 1853
443 2293
444 730
444 1051
444 1638
444 2142
444 2509
445 673
445 1242
445 1570
445 1783
445 2403
446 1036
446 1654
446 1966
447 1689
447 1955
447 2099
448 946
448 1686
448 2259
449 951
449 1838
449 2095
449 2337
450 1116
450 1440
450 1968
451 655
451 952
451 2396
452 1209
452 1892
453 809
453 841
453 1095
453 1506
453 1618
454 942
454 1527
454 1812
454 2033
454 2065
455 510
455 689
455 994
455 1573
455 1650
455 1942
455 2075
455 2214
456 528
456 1314
457 1340
457 1893
458 1064
458 1463
458 1981
459 886
459 1035
459 2487
460 551
460 2040
461 503
461 2216
462 500
462 596
462 1635
462 1984
462 2017
462 2081
463 1174
463 1261
463 2255
463 2418
464 1070
464 1863
465 1277
465 2384
466 540
466 2029
466 2202
467 820
467 1786
467 1924
467 2404
468 610
468 2517
469 598
469 975
469 2297
470 671
470 1760
470 1868
471 1349
471 1576
471 1906
471 2512
472 1673
472 1755
472 1971
473 869
473 1211
473 1475
473 1948
473 2303
474 481
474 1165
475 2063
476 659
476 1690
476 2115
477 1067
477 1280
478 1834
479 1450
479 1742
479 2057
479 2379
480 602
480 1932
480 2190
481 501
481 1201
482 1304
482 2042
483 611
483 637
483 1087
483 1269
483 1449
483 1748
483 1876
483 2168
484 802
484 1322
484 1812
484 2196
484 2301
485 2050
485 2269
486 917
486 1365
487 749
487 1127
487 1602
487 1878
488 2096
488 2294
489 1039
489 1326
489 1937
489 2182
489 2421
490 988
490 1544
490 2200
491 815
491 2034
492 839
492 1057
492 1522
493 1169
493 1834
494 697
494 756
495 682
495 1282
495 2228
496 1139
496 1854
496 2246
496 2466
497 583
497 1173
497 1552
498 1038
498 1961
498 2157
499 610
499 981
500 1863
500 2278
501 556
501 1196
502 506
502 570
502 576
502 1887
503 894
503 1516
504 1146
504 2309
505 631
505 1390
505 2461
506 1282
506 1976
507 532
507 791
508 636
508 1668
508 2086
508 2092
509 1915
509 2030
510 1114
510 1365
511 1818
511 1870
512 860
512 1567
512 1663
512 2247
513 733
513 1973
513 2450
514 1058
514 1278
514 1768
514 1837
514 2460
515 1075
515 1082
515 1167
515 1476
515 1509
515 2271
516 881
516 1006
516 1632
516 2054
516 2207
516 2361
517 1702
517 2488
518 766
518 796
518 1904
519 1651
519 2195
520 1407
520 1617
520 2505
520 2516
521 1234
521 1301
521 1365
522 1418
522 1706
522 1818
523 561
523 1499
524 1446
524 2364
525 1089
525 1452
525 1703
525 1874
525 1888
526 642
526 1494
526 2481
527 2171
527 2216
527 2483
528 1492
528 1545
528 1614
528 1886
528 2404
529 1066
529 2248
530 903
530 1848
530 2216
531 571
531 1373
531 1377
531 1485
531 1490
531 2331
532 1105
532 1147
532 1756
532 2300
532 2393
532 2398
533 1263
533 2183
534 998
534 1209
534 2464
535 838
536 827
536 1237
536 1448
536 1547
536 1889
536 1902
537 931
537 1665
538 869
538 1159
538 1333
538 1435
538 1525
539 1177
539 1970
539 2354
540 1325
540 1810
541 592
541 704
541 2306
542 569
542 1057
542 1976
543 551
543 1287
544 1074
544 1327
544 1575
545 1855
545 2190
546 955
546 1630
547 756
547 1000
548 1050
548 1301
549 664
549 1325
549 1884
550 1101
550 1340
550 1785
551 603
551 1250
551 1865
551 2307
552 1698
552 1788
553 644
553 976
553 1011
553 1925
553 2192
554 1002
554 1480
554 1733
555 620
555 2146
556 751
556 1310
556 1764
556 1786
556 2103
556 2325
557 585
557 596
557 601
557 962
557 1288
557 1412
558 1223
559 585
559 762
559 788
559 852
559 1051
559 1771
559 1984
559 2424
560 623
560 1279
560 1418
561 600
561 1346
561 1946
561 2181
561 2504
562 685
562 1317
562 2002
562 2158
562 2388
563 1626
563 1773
564 837
564 1652
564 1844
565 873
565 2293
565 2308
566 1280
566 2278
567 883
567 1079
567 1856
567 1999
567 2069
568 724
568 915
568 1637
568 2006
568 2296
568 2361
569 572
569 924
569 1018
569 1500
569 2153
569 2366
570 1000
570 2444
571 1642
571 1855
572 928
572 1581
573 1109
573 1863
574 745
574 1766
575 1194
575 1546
575 1834
576 949
576 2145
577 1220
577 1262
577 1470
577 1997
577 2327
577 2337
577 2504
578 1576
578 1798
578 1909
578 2074
578 2342
579 1493
579 2139
580 772
580 785
580 819
580 1297
580 2017
581 1440
581 2144
582 1036
582 1181
582 1514
583 963
583 1506
584 1483
584 2159
586 1499
586 1744
586 1762
587 683
587 1518
587 2295
587 2304
588 719
588 870
588 1422
588 1619
589 646
589 2000
590 780
590 1017
590 1285
590 1860
591 666
591 812
591 1436
591 1453
591 1824
591 2498
592 782
592 1477
592 1620
592 1637
592 1664
592 2068
593 836
593 1543
593 2399
594 638
594 1097
595 790
595 854
595 1026
595 2181
596 1630
597 1193
597 1690
597 2021
597 2085
598 713
598 1194
599 975
599 1103
599 1732
599 2506
600 1074
600 2468
601 2206
601 2266
602 944
602 1591
602 1878
602 2121
602 2327
603 1390
604 1739
604 2116
604 2274
605 1131
605 1259
605 2414
606 698
606 2118
607 711
607 782
607 1910
607 2124
607 2485
608 1240
608 1815
608 1962
608 1990
609 626
609 936
609 2108
609 2479
610 1107
610 1952
610 2038
610 2093
610 2512
611 1601
611 2281
612 1002
612 1136
612 1745
613 640
613 876
613 2043
614 1053
614 1227
614 2381
614 2442
615 747
615 794
615 2235
616 802
616 1193
616 2097
616 2239
617 1354
617 1471
617 1880
617 2115
617 2438
618 926
618 1393
618 1687
618 1802
619 876
619 1367
619 1787
620 1109
620 2109
621 681
621 786
621 1238
621 1859
621 2088
621 2485
622 888
622 1127
622 1183
622 1591
622 1784
622 1786
623 785
623 816
623 1028
623 1511
623 2125
624 845
624 871
624 1391
624 1828
625 874
625 1434
625 1825
625 1975
625 2168
625 2243
625 2265
625 2466
626 1035
626 1995
627 1295
627 1780
627 2023
628 1044
628 1414
628 1730
629 1327
629 2174
629 2261
630 2282
630 2382
630 2450
631 1729
631 2385
631 2395
632 1403
632 1689
632 2308
633 1182
633 1248
633 1337
633 2103
634 635
634 1309
634 1334
634 2065
635 2217
635 2306
636 767
636 1642
637 1514
638 730
638 904
638 1031
638 2102
639 789
639 1954
639 2266
640 807
640 1389
640 1720
640 2128
641 839
642 2047
642 2075
643 1114
643 1820
643 2007
644 789
644 1120
645 765
645 967
645 1240
645 1257
645 1424
645 1608
645 2204
645 2497
646 1124
646 1224
646 1523
646 2035
646 2157
647 698
647 706
648 1158
648 1483
648 1765
648 1936
648 1999
648 2183
648 2255
648 2395
649 849
649 1325
649 1607
650 752
650 1099
650 1771
650 2065
650 2339
651 863
651 2284
652 1405
652 1699
653 1386
653 1416
654 772
654 1164
654 1603
654 1809
656 1057
656 1553
656 2483
657 1364
657 1405
658 1672
658 1708
658 2150
658 2320
658 2370
659 1917
660 1335
660 1350
660 1446
661 1938
661 1950
661 2436
662 1078
662 1733
662 2098
663 1141
663 1515
663 2386
664 1175
664 1565
664 2057
664 2353
665 796
665 1122
665 1954
666 1515
666 2166
667 690
667 1884
667 2137
668 952
668 1747
669 1853
669 2351
670 1943
670 2163
670 2265
670 2267
671 735
671 872
671 1362
671 1370
671 1866
671 2158
672 986
672 2130
673 728
674 757
674 920
674 1243
674 2093
674 2369
675 1170
675 1721
675 1883
675 2022
675 2031
676 1338
676 1625
676 1633
677 704
677 1223
677 1408
678 940
678 1021
678 1060
678 1240
678 1392
678 1634
679 1264
679 2076
679 2279
680 849
680 1927
680 2515
681 1131
681 1277
682 1046
682 1113
682 1134
682 1885
682 2347
683 696
684 1793
684 2032
685 1654
685 1774
686 873
686 977
686 1571
687 1003
687 1287
688 961
688 1270
688 1459
688 1501
688 2257
689 1019
690 1336
690 1688
690 1742
690 2326
691 858
691 897
691 1594
691 1751
691 1891
692 928
692 988
692 1884
693 1304
693 1774
693 1868
694 702
694 1454
695 1194
695 2481
695 2482
696 841
696 1957
696 2037
696 2245
697 1152
697 1492
697 2046
698 1041
698 1110
698 1321
698 1375
698 1684
698 2067
699 1078
699 1745
700 1321
700 1323
700 1918
700 2247
700 2288
700 2439
701 973
701 1039
701 1208
701 1214
701 1600
701 1799
701 1843
701 2017
702 848
702 1230
702 2233
703 1171
703 1921
703 2024
703 2135
704 1056
704 1134
704 1213
704 1931
704 2021
704 2346
705 1318
705 2060
706 2026
707 1372
707 2213
708 1273
708 1745
708 1900
709 1100
709 1303
709 1330
709 1441
709 1554
710 832
710 1051
710 1396
710 2080
710 2496
711 805
711 1447
712 1232
712 1272
712 2083
713 1507
713 2075
713 2173
713 2321
713 2420
713 2429
714 726
714 1363
715 949
715 2487
716 944
716 1996
716 2066
716 2226
716 2303
717 1083
717 1840
717 2137
718 867
718 2034
718 2043
719 1760
719 2087
720 1626
720 1706
721 755
721 1072
721 1302
721 1928
721 2045
721 2361
722 1259
722 1609
722 2433
723 876
723 1966
723 2154
724 2284
725 813
725 1561
725 1687
725 1992
725 2046
726 1648
726 2369
727 1245
728 899
728 966
728 1379
728 1417
728 1813
728 2428
728 2511
729 798
730 1161
731 987
731 1294
731 1727
732 885
732 2082
732 2213
733 950
734 1066
735 1585
735 2082
736 860
736 890
736 1258
736 1753
737 930
737 1091
737 1738
738 1701
738 1976
738 2351
739 835
739 1950
739 2236
740 1368
740 1504
740 1938
741 1179
741 1395
741 2195
741 2224
741 2288
742 1370
742 1972
742 2331
743 1273
743 1733
743 2242
744 1532
744 2096
745 894
745 938
745 1212
745 1244
745 1559
745 1704
745 2446
746 1447
746 1515
746 1639
747 852
747 948
747 1638
747 2020
748 1484
748 2270
748 2319
749 1739
750 920
750 2316
750 2359
751 1744
752 1630
753 1976
753 2090
753 2365
754 1479
754 1810
754 2169
755 1229
755 1305
756 1894
756 2222
756 2442
757 1666
758 872
758 995
758 1284
758 1379
758 1804
758 2286
758 2288
758 2331
759 789
759 1047
759 1873
760 871
760 1034
761 1161
761 1853
761 2175
762 1499
763 1745
763 2344
764 1861
764 2232
764 2276
765 1116
766 1661
766 1703
766 1841
767 1256
767 1420
767 1464
768 815
768 1145
768 1917
769 1588
769 1722
769 2060
770 1091
770 1557
770 2308
771 956
771 1154
771 1441
771 1538
771 1822
771 1829
772 1300
773 982
773 1979
773 2133
773 2226
774 1219
774 2036
774 2299
775 1029
775 1859
775 2124
775 2246
775 2514
776 1604
777 847
777 1169
777 1778
778 1217
778 1400
778 1462
778 1748
778 1854
778 1943
779 817
779 1036
779 1304
780 1345
780 1467
781 1630
781 2240
782 1781
783 1884
783 2005
783 2444
784 1215
784 1498
784 2238
785 1639
786 1054
787 1151
787 1328
787 1500
787 1877
787 2389
788 847
788 2240
789 964
789 1021
789 1606
789 2387
790 1132
790 1405
791 1816
791 2272
792 898
792 1148
793 833
793 1173
793 1287
794 834
794 1286
794 1489
794 1512
794 1529
794 2496
795 838
795 1578
795 2043
796 1058
796 1513
797 991
797 1034
797 2183
797 2277
798 2409
798 2412
799 1019
799 1484
800 1879
800 2490
801 1455
801 1693
801 2063
802 1814
803 957
803 1050
804 910
804 1049
804 1097
805 1924
805 2122
806 1376
806 1575
806 1954
807 1631
807 1731
808 1520
808 1836
808 2208
809 1779
809 2098
810 1047
810 1968
810 2354
811 2212
811 2345
812 876
812 2487
813 1000
814 1416
815 1271
815 1283
815 1469
815 1957
816 1416
816 1498
817 1031
817 1087
817 1253
817 1584
817 2243
817 2441
818 1552
818 2000
818 2299
820 946
820 1311
821 1869
821 1974
822 1320
822 1595
822 2517
823 1747
823 2396
823 2436
824 900
824 917
825 979
825 1937
825 1962
825 2335
826 1008
826 1653
826 2436
827 1674
827 2490
828 1699
828 2408
829 1301
829 1964
830 1523
830 1981
830 2061
830 2133
830 2447
831 895
831 897
831 1307
831 1905
832 1780
833 1012
833 1430
833 1618
833 2150
833 2400
834 1949
834 2030
835 970
835 990
835 1700
835 1716
835 2059
836 1755
837 2050
838 1736
839 891
839 934
839 2405
839 2471
840 2315
842 1478
842 2415
843 1000
843 1995
844 998
844 1643
845 1231
845 2130
846 1805
846 1927
847 932
847 2102
848 2294
848 2372
849 1104
849 1750
850 1973
850 1993
850 2443
851 1089
851 1737
851 2031
851 2120
851 2376
852 1097
853 1114
853 1484
853 1968
854 1571
854 1762
855 995
855 1235
855 1651
855 2016
855 2439
855 2469
856 919
856 2229
857 1504
857 1670
857 2464
858 955
858 1067
859 1325
859 2319
860 2170
861 1183
861 1319
861 1343
861 1586
862 1166
862 2274
862 2343
863 997
863 1006
863 1203
863 1574
863 2341
864 1323
864 1375
864 1511
864 1598
864 2198
864 2434
865 978
865 1679
865 1830
865 2252
866 1020
866 1966
866 2281
867 1167
867 1180
867 1582
867 1736
867 1821
867 2303
867 2462
868 1642
870 2200
870 2355
871 1536
873 1411
873 1417
873 1721
873 2286
874 1730
874 2025
875 1762
875 1794
876 1253
876 2430
876 2459
877 1108
877 1114
877 1295
878 1224
878 1656
878 1718
878 2147
878 2350
879 1111
879 2009
879 2209
879 2421
880 1510
880 2000
880 2040
881 1781
882 1005
882 1625
883 1144
883 2465
884 1294
884 1299
884 2280
885 1112
885 1681
885 1972
885 2211
886 960
886 1202
886 1442
886 2140
886 2258
887 980
887 1149
887 1316
887 1907
887 1928
887 2018
887 2502
888 1311
889 1080
889 2237
890 1081
890 1264
891 2130
892 1762
892 2259
892 2468
893 1266
893 1314
893 2169
894 2144
895 1780
895 2007
896 1615
896 2468
897 1130
898 1228
898 1289
898 1893
899 1945
900 1692
900 1767
900 1838
900 1931
901 1000
901 1132
901 2291
902 2256
903 1244
903 1380
903 2410
904 1345
904 1966
905 1719
906 1176
906 1320
906 2377
907 2453
908 1071
908 1103
908 1424
908 1541
908 1662
908 2245
909 1276
909 1625
910 1149
910 1554
910 2509
911 1190
911 1353
911 1583
912 937
912 1064
912 2133
913 1631
913 1973
913 2282
914 2484
915 1305
916 1670
916 1892
917 1362
917 1420
917 1485
917 2086
918 1287
918 2000
918 2048
919 1428
919 1569
920 1950
921 1199
922 1405
923 945
923 1236
923 1353
924 1522
925 1184
925 1879
925 1938
927 1467
927 1479
927 1571
928 1677
928 2367
928 2471
929 951
929 1322
930 1659
930 1720
930 2134
931 976
931 999
931 1975
931 2379
932 1499
932 1630
933 1803
933 2110
933 2138
934 1644
934 2178
935 1403
935 1493
935 2507
936 1177
936 1301
937 1855
937 2507
938 1520
938 2414
939 1861
939 1994
939 2030
940 2354
941 1540
942 1479
942 1615
943 1091
943 1231
943 1267
944 1855
945 1678
945 1799
945 2451
946 1150
946 1319
946 1579
946 1878
947 1132
947 2408
948 1266
948 1994
949 1426
949 1561
949 1795
949 2222
949 2456
950 1479
952 1998
953 1882
953 2282
954 963
954 1374
954 1961
954 2037
954 2260
954 2400
955 1188
955 1200
955 1241
955 1590
955 1771
955 2147
956 2250
957 967
957 1216
957 1428
957 1629
957 1790
958 981
958 2100
959 1000
959 1364
960 1301
960 2162
961 1325
961 2060
962 1091
962 2043
963 1057
964 1368
964 2229
965 1637
965 1752
965 1775
965 1859
965 2122
965 2136
966 2032
967 1301
968 1363
968 2484
969 1132
969 1295
969 1922
970 2483
971 1024
971 1808
971 2249
971 2447
972 2076
972 2487
973 1644
973 1774
974 2175
976 1035
977 1599
977 1821
979 1116
979 1644
980 1418
981 1115
981 1743
981 2074
981 2440
982 985
982 1806
983 1219
983 2278
983 2291
984 1436
984 1841
984 2126
984 2218
985 1024
985 1064
985 1077
985 1124
985 2070
986 1151
986 1677
986 1881
986 2062
986 2326
986 2480
987 1418
987 2357
988 1151
988 2267
988 2454
989 1934
989 2248
990 1057
991 2167
992 1563
992 2308
993 1369
993 1704
993 2114
993 2225
994 1587
994 1755
995 2237
996 1367
996 1578
996 2034
997 1848
998 1073
998 1710
998 1837
999 1368
999 1793
1000 1969
1001 1642
1001 1913
1001 2042
1002 1172
1002 1349
1002 1743
1002 2253
1003 1308
1003 1474
1003 1921
1003 2011
1003 2049
1004 1136
1004 1581
1004 2433
1005 1154
1005 1357
1005 1695
1005 2317
1005 2358
1005 2518
1006 1848
1007 1202
1007 1513
1007 1661
1007 2479
1008 1657
1008 1933
1008 2131
1009 1862
1010 1757
1010 1769
1010 2087
1011 1504
1011 1895
1012 1236
1013 1518
1013 1726
1014 1553
1014 2236
1015 1607
1015 1882
1015 2169
1016 1653
1016 2162
1017 1949
1017 2232
1019 1189
1019 2010
1019 2418
1019 2458
1020 1389
1020 1584
1020 1641
1020 1824
1020 2371
1021 2139
1022 1211
1022 1545
1022 1589
1022 1611
1022 1663
1022 1700
1022 1754
1023 1363
1023 2151
1023 2298
1024 2333
1025 1310
1025 1641
1025 1798
1025 1929
1025 2253
1026 1364
1026 2408
1027 1173
1027 1675
1027 2040
1028 1386
1029 1097
1029 1519
1030 1063
1030 1221
1030 1415
1031 1300
1032 1331
1032 1562
1033 1056
1033 1914
1033 2275
1034 1473
1035 1157
1035 1400
1035 1646
1035 1852
1035 2243
1036 1293
1036 1462
1036 1825
1036 2071
1037 1674
1037 2384
1037 2481
1038 1552
1040 1671
1041 1394
1042 1123
1042 2185
1042 2225
1043 1970
1043 2162
1044 1765
1044 1888
1044 2077
1044 2120
1044 2379
1045 1117
1045 1163
1045 1255
1045 1593
1045 1871
1045 2494
1046 1415
1046 1728
1047 1069
1047 1608
1047 1815
1048 1259
1048 1840
1049 1238
1049 1550
1049 2062
1049 2142
1049 2381
1050 1071
1050 1247
1050 1392
1050 1622
1050 1815
1050 2104
1052 1978
1052 2464
1053 1702
1054 1550
1054 2267
1055 2263
1055 2306
1056 2200
1057 1748
1057 1825
1058 1339
1059 2220
1060 1968
1061 1312
1061 1746
1061 1796
1061 2375
1062 2169
1062 2235
1063 1105
1063 1113
1063 1172
1063 1798
1063 2018
1063 2045
1065 1386
1065 1421
1065 1633
1066 1171
1066 1542
1066 2201
1066 2219
1066 2305
1066 2514
1067 1175
1067 1688
1068 2468
1069 1376
1069 2139
1070 1590
1070 1891
1070 2353
1070 2491
1071 1551
1072 1781
1072 2284
1073 1949
1073 1954
1074 1220
1074 1319
1074 1388
1074 1784
1075 1840
1075 2436
1076 1352
1076 2242
1077 1552
1077 2274
1078 1147
1078 1734
1079 1341
1079 2208
1080 1186
1080 1258
1080 1589
1081 1572
1081 1711
1082 1900
1083 1657
1083 1691
1083 2406
1084 1325
1084 1805
1084 1840
1085 1196
1085 2151
1086 1300
1086 1467
1086 2276
1087 1654
1088 1231
1089 1382
1090 1482
1090 1596
1090 2086
1091 1897
1091 1956
1091 2321
1091 2332
1092 1192
1092 1221
1092 1723
1093 1279
1093 1773
1093 2187
1094 1345
1094 2154
1094 2372
1095 1601
1095 1675
1096 1352
1096 1949
1096 2276
1097 1218
1097 2097
1098 1166
1098 1520
1098 2465
1099 1122
1099 2386
1100 1625
1100 1628
1101 1335
1101 1536
1102 1335
1103 1643
1104 1810
1104 2137
1105 1870
1106 1578
1106 1653
1106 2213
1107 1923
1108 1354
1108 1797
1108 2371
1108 2458
1109 1568
1109 1930
1109 2001
1109 2081
1110 1628
1110 2151
1111 1121
1111 1644
1112 2473
1113 2365
1114 1174
1114 1610
1115 1666
1115 2291
1116 1326
1116 2104
1117 1341
1117 2344
1118 1311
1118 1364
1118 1532
1119 1447
1120 1168
1120 1428
1120 2519
1121 1867
1122 1768
1122 1874
1123 1445
1124 2333
1125 1699
1125 2032
1126 1268
1126 1745
1126 1908
1128 1674
1128 1879
1128 2294
1129 1339
1129 1954
1129 2302
1130 1387
1130 1678
1130 1983
1130 2111
1130 2150
1131 1235
1131 1537
1131 1801
1131 2195
1131 2283
1132 1426
1132 1764
1133 1157
1133 2392
1133 2409
1134 1723
1135 1415
1135 1976
1135 2197
1136 1205
1136 1233
1136 1909
1136 2367
1136 2389
1137 1731
1137 2444
1138 1197
1138 1341
1138 1367
1139 1444
1140 1418
1141 1513
1142 1479
1143 1177
1143 2148
1144 1255
1144 1865
1144 1880
1144 1920
1145 1491
1145 1636
1145 1679
1145 1772
1145 2193
1145 2262
1146 1235
1146 1395
1146 2392
1147 1934
1148 1785
1148 1881
1148 1936
1148 1986
1148 2077
1149 2048
1150 1769
1150 1993
1152 2063
1153 1265
1153 2269
1154 2109
1155 1231
1155 1497
1155 2276
1156 1249
1157 2032
1158 1484
1158 2060
1159 2319
1160 1259
1160 1780
1161 1427
1161 1458
1162 2205
1162 2262
1162 2318
1162 2334
1163 2040
1164 1345
1165 1337
1165 2440
1166 2089
1167 2213
1168 1670
1169 1672
1169 2223
1170 2156
1173 1200
1173 2031
1173 2051
1173 2157
1173 2391
1175 1353
1176 1254
1176 1429
1176 1489
1177 1199
1177 1453
1177 1562
1177 2140
1177 2271
1178 1267
1178 1563
1178 1738
1179 1583
1179 1810
1180 1281
1180 1653
1181 1262
1181 1449
1181 1676
1181 2008
1182 2100
1183 2259
1184 1237
1184 1254
1184 1413
1184 2146
1185 1394
1185 1526
1185 2236
1186 2486
1187 1955
1187 2003
1187 2414
1188 2482
1189 1295
1189 1820
1190 1243
1190 1274
1190 1669
1191 1723
1191 1968
1191 2221
1192 1361
1192 1664
1192 1692
1192 2085
1192 2275
1192 2347
1194 1717
1194 2399
1195 1900
1195 2284
1196 1248
1196 1897
1196 2420
1196 2432
1197 1797
1197 1920
1197 2058
1197 2101
1197 2451
1198 1731
1198 1787
1198 2450
1199 1653
1200 1834
1201 1311
1201 2298
1202 2166
1203 1207
1203 1968
1204 1269
1204 1293
1204 1524
1204 1618
1204 1751
1204 2260
1206 1209
1206 1938
1206 2175
1207 1247
1207 1791
1207 1937
1207 2160
1207 2497
1208 1353
1208 1857
1209 1505
1210 1639
1210 1739
1210 2453
1211 1318
1212 1693
1212 2171
1213 1221
1213 2373
1215 1344
1215 1481
1215 1684
1215 1889
1215 1987
1215 2055
1216 1873
1217 1730
1217 2261
1218 1740
1219 1529
1219 1568
1219 1849
1219 2056
1219 2477
1219 2493
1220 1762
1221 1298
1221 2155
1222 1991
1222 2488
1223 1775
1223 2013
1223 2452
1224 1473
1225 1861
1225 1954
1226 1274
1226 1678
1226 1688
1226 1799
1226 1926
1226 1935
1226 2177
1226 2353
1227 1447
1228 1536
1228 2364
1229 1845
1230 1532
1230 1580
1231 1285
1231 1659
1231 2415
1232 1312
1232 1822
1232 2368
1233 1945
1234 1468
1234 1472
1234 1508
1234 1847
1234 1984
1234 2053
1234 2332
1236 1307
1236 1594
1236 2177
1236 2370
1237 1895
1238 1800
1239 1540
1239 1577
1241 1811
1242 1480
1243 2484
1244 1827
1245 1512
1245 1930
1245 1980
1245 2463
1246 1645
1246 1845
1246 2106
1246 2296
1248 1311
1249 1812
1249 1838
1249 1896
1250 1268
1250 1341
1251 1268
1251 1733
1252 1418
1252 1626
1252 2510
1253 2281
1254 1994
1255 1268
1256 1959
1256 2117
1258 2508
1259 1530
1259 1933
1260 1553
1260 1588
1261 1714
1261 2156
1263 1730
1264 1749
1265 1619
1265 1875
1265 2028
1266 1611
1266 1772
1266 2496
1267 1828
1267 1944
1267 2128
1268 1650
1268 2244
1269 2154
1270 1654
1270 2042
1271 1779
1272 2210
1273 2230
1275 1416
1275 1913
1275 2141
1276 1443
1276 1556
1276 2425
1277 1441
1277 1600
1277 1963
1277 2001
1277 2518
1278 1376
1278 2266
1279 1321
1279 1461
1279 2064
1280 1898
1280 2069
1280 2081
1280 2395
1280 2491
1281 1306
1281 1509
1281 1845
1281 2211
1282 1564
1283 1715
1283 2436
1284 1723
1285 2030
1286 1497
1286 1861
1287 1542
1287 1566
1287 2494
1287 2495
1288 1365
1289 1473
1289 2005
1290 2468
1291 1595
1291 2076
1291 2377
1292 2039
1292 2394
1292 2421
1293 2281
1294 1760
1295 1366
1295 1905
1295 2411
1296 1719
1296 1728
1296 1870
1297 1872
1298 2228
1298 2351
1299 2269
1299 2329
1300 1438
1300 1725
1300 2311
1302 1792
1303 1740
1304 1459
1304 1876
1304 2002
1305 1359
1305 1476
1305 1602
1305 1960
1305 2149
1306 2082
1309 1577
1311 2499
1312 2248
1313 1327
1313 1706
1313 2084
1314 1491
1314 1849
1314 1939
1315 1381
1315 1623
1315 2114
1315 2513
1316 2488
1317 2041
1317 2515
1318 1759
1318 2310
1318 2445
1320 1486
1320 1958
1323 1858
1324 1345
1324 2276
1324 2486
1325 1657
1325 2326
1326 1605
1327 1435
1327 1549
1327 2223
1327 2310
1328 1884
1329 1338
1329 1989
1331 1724
1331 2266
1332 1777
1332 1962
1332 2394
1333 1577
1333 2060
1335 1655
1335 1893
1335 2411
1336 1414
1336 1811
1337 1628
1338 2435
1339 2072
1340 2364
1341 1471
1341 1729
1342 1869
1342 2252
1342 2262
1343 1639
1343 1696
1344 1993
1344 2382
1345 2441
1346 1571
1347 2060
1347 2137
1348 1875
1348 2194
1348 2231
1349 2197
1350 1617
1350 1823
1350 2476
1351 1401
1351 2112
1352 1431
1352 1860
1352 1985
1352 2191
1352 2403
1353 1387
1353 1911
1354 1735
1355 1643
1355 2130
1356 1908
1356 1934
1356 2263
1357 1740
1357 1991
1358 1553
1358 1950
1359 1792
1360 1558
1360 1727
1360 1807
1360 2287
1361 1831
1362 1855
1363 1564
1363 1704
1363 1741
1363 2285
1363 2432
1364 1539
1364 2325
1365 1767
1365 1842
1365 2010
1366 1699
1366 2364
1367 1389
1367 1736
1367 1880
1367 2332
1368 1852
1368 1941
1368 2519
1369 1853
1369 2408
1370 2221
1371 1739
1371 2333
1372 1377
1372 1452
1372 1683
1372 2211
1373 1757
1373 1868
1374 1779
1375 2237
1376 1634
1376 2336
1376 2519
1377 1585
1380 2003
1380 2144
1381 1533
1381 2444
1382 1450
1382 1936
1382 2273
1382 2416
1383 1515
1383 1702
1384 2221
1385 1922
1385 2312
1385 2356
1386 2324
1386 2438
1387 1857
1388 2266
1388 2363
1390 1593
1391 1738
1392 1503
1393 1447
1394 1451
1394 1669
1395 2384
1396 1446
1396 1609
1397 1480
1397 2433
1398 1404
1398 1459
1398 1606
1398 2336
1399 1464
1399 1482
1399 2374
1399 2503
1400 1966
1401 1640
1401 1971
1402 1682
1402 1763
1403 1807
1403 2112
1404 1654
1406 1719
1406 1912
1407 1846
1407 1953
1408 1664
1408 2014
1408 2132
1409 1480
1409 1945
1410 1757
1410 2390
1411 1794
1411 2015
1412 1421
1412 1575
1413 1863
1414 1565
1415 2340
1416 1682
1416 2092
1417 2221
1418 2429
1418 2434
1419 1746
1419 2210
1419 2374
1421 1508
1422 1551
1422 1917
1423 1817
1423 2289
1423 2505
1424 2200
1425 1728
1425 2357
1427 1494
1429 2152
1429 2237
1430 2040
1431 1625
1431 2238
1432 1446
1432 1846
1432 2444
1433 1473
1433 1552
1434 1793
1434 1966
1435 2094
1436 1514
1437 1463
1437 1681
1437 2176
1437 2226
1437 2254
1437 2427
1437 2492
1439 1625
1439 1671
1439 2372
1440 1632
1440 2160
1440 2323
1442 1514
1442 1904
1443 1989
1443 2433
1444 2011
1444 2097
1444 2136
1444 2219
1444 2485
1445 1741
1445 2446
1445 2513
1446 2020
1446 2322
1447 1752
1448 1938
1448 2312
1449 2166
1450 1730
1451 1858
1452 2483
1454 1867
1454 2215
1454 2325
1454 2394
1455 1614
1455 1894
1455 1992
1456 1982
1457 1631
1457 1787
1457 1846
1458 2094
1463 2190
1464 1788
1465 1666
1465 2187
1466 1811
1466 2382
1466 2443
1467 1589
1467 1843
1467 1963
1469 2169
1469 2355
1471 2043
1472 1575
1472 2206
1473 1785
1473 2159
1474 2083
1475 1540
1475 2306
1476 2242
1477 2501
1477 2510
1478 1738
1478 2130
1479 1676
1479 2193
1480 1877
1480 2342
1481 1858
1481 2141
1482 1959
1483 1665
1484 1737
1484 1890
1485 1932
1486 2433
1486 2487
1487 2007
1487 2364
1488 1628
1488 1858
1488 2118
1489 2312
1490 2082
1491 2235
1492 1693
1493 1721
1493 1956
1493 2268
1493 2457
1495 2063
1496 1873
1496 2308
1497 1502
1497 1603
1497 2417
1498 1534
1498 1604
1498 1916
1498 2101
1498 2115
1499 1529
1501 2041
1501 2141
1502 1949
1502 1994
1503 1608
1503 2335
1505 1895
1505 2094
1507 1673
1508 2266
1509 1578
1510 2495
1510 2502
1512 2240
1514 1854
1514 2265
1514 2479
1515 1703
1516 1827
1516 2003
1517 1872
1517 2109
1517 2486
1518 2170
1519 1690
1519 1914
1519 2301
1520 1531
1520 1808
1520 1819
1521 1739
1521 2507
1522 1887
1522 1940
1522 2340
1523 2274
1524 2431
1525 2175
1525 2363
1526 1911
1526 1935
1526 2123
1526 2369
1527 1882
1528 1889
1528 2004
1528 2073
1530 2384
1531 2099
1531 2507
1532 1764
1532 2039
1533 1658
1533 1708
1533 1885
1533 2185
1535 1654
1535 1868
1537 1546
1537 1674
1538 1544
1538 1788
1539 1922
1539 2007
1540 2033
1540 2132
1541 1779
1541 2396
1542 1557
1543 2330
1543 2354
1544 1796
1544 2210
1545 2235
1546 1732
1546 2380
1547 2294
1548 1666
1548 2377
1549 2259
1549 2266
1551 1685
1551 2021
1551 2204
1551 2275
1551 2454
1552 2350
1553 1754
1554 1991
1555 2355
1557 1582
1557 2049
1557 2268
1558 2329
1559 1955
1560 1716
1560 1754
1560 2359
1563 1659
1563 1694
1563 2053
1563 2268
1563 2420
1564 1853
1565 1993
1566 1675
1567 1713
1567 2508
1569 2464
1571 2188
1571 2241
1572 1713
1573 1971
1573 2330
1574 1827
1575 2172
1575 2402
1576 2090
1577 1759
1578 1948
1578 2066
1578 2227
1579 2453
1580 2009
1580 2215
1582 2015
1583 1933
1583 1935
1583 2093
1583 2419
1583 2469
1584 2154
1585 2078
1586 2174
1587 1705
1587 2052
1587 2112
1588 1700
1591 2453
1592 2105
1592 2131
1592 2283
1592 2378
1592 2419
1592 2448
1593 2098
1594 2023
1595 1680
1595 1711
1595 1918
1596 1788
1596 2117
1597 1609
1597 2007
1597 2023
1598 1870
1598 2187
1599 1794
1600 2486
1601 2071
1601 2400
1603 1915
1604 2443
1605 1791
1605 1990
1606 1744
1607 2193
1607 2469
1609 1905
1609 2448
1609 2451
1610 1673
1611 2063
1612 2232
1612 2238
1613 1982
1613 2032
1615 2337
1616 1879
1616 1895
1616 2312
1619 1757
1620 2309
1621 2299
1622 1803
1622 2200
1623 2145
1623 2228
1624 1800
1626 2412
1627 1769
1627 1917
1627 2200
1628 2317
1629 2139
1629 2292
1630 1638
1630 1847
1633 1916
1633 1985
1633 2143
1633 2425
1634 1873
1635 1872
1636 1810
1636 1882
1639 2218
1640 1727
1640 1832
1640 1844
1640 2052
1640 2457
1641 1820
1642 1767
1642 1866
1643 1717
1643 2477
1644 1791
1644 2366
1645 1792
1645 2213
1646 2315
1647 1698
1647 2250
1651 2384
1652 2116
1652 2329
1653 1960
1653 2164
1655 1699
1655 2007
1656 1811
1658 2199
1660 1856
1660 1871
1660 2307
1660 2385
1661 2302
1662 2138
1662 2437
1663 2486
1665 2277
1666 2019
1667 2305
1667 2323
1667 2341
1670 1790
1671 1867
1671 1990
1671 2039
1671 2335
1672 2482
1673 1705
1673 2010
1673 2047
1673 2244
1673 2349
1674 2009
1674 2184
1674 2230
1675 1983
1675 2260
1675 2370
1676 2282
1679 2220
1680 1994
1680 2312
1681 2507
1682 1833
1683 2386
1684 1833
1685 1769
1685 2355
1686 1712
1686 1784
1689 1808
1689 2254
1689 2290
1689 2457
1692 1814
1694 2298
1695 2032
1695 2036
1696 1712
1696 2423
1698 2368
1698 2518
1699 1813
1701 1969
1701 2456
1702 1802
1702 1910
1702 2027
1702 2122
1702 2218
1705 2330
1706 2264
1706 2300
1707 1715
1708 2269
1709 2012
1709 2117
1710 1892
1710 1978
1711 2237
1713 1749
1714 1737
1714 1797
1717 1803
1718 1982
1718 2315
1719 1734
1719 1816
1719 1839
1719 2264
1722 1951
1723 2078
1723 2376
1724 2172
1724 2366
1725 2154
1726 1803
1726 2437
1728 1928
1728 2155
1728 2253
1728 2393
1729 2465
1730 1852
1730 1925
1731 2322
1731 2407
1731 2505
1732 2482
1733 1909
1733 2165
1733 2209
1735 1890
1735 2058
1738 1776
1738 1789
1738 1974
1739 1979
1740 1770
1740 2142
1740 2502
1741 2003
1742 1993
1743 2090
1744 1906
1744 1946
1744 2440
1745 2272
1745 2342
1747 2203
1749 2152
1750 2091
1753 2152
1755 2297
1756 2279
1756 2510
1757 2158
1757 2196
1757 2280
1758 1774
1758 1805
1759 2319
1760 2028
1761 1884
1762 1967
1762 2022
1762 2119
1763 2141
1765 2005
1766 2397
1768 2302
1769 2028
1770 2048
1770 2357
1773 2198
1773 2393
1774 2182
1774 2406
1775 1781
1776 2431
1777 2372
1778 2338
1778 2441
1779 2295
1779 2345
1780 2020
1780 2378
1781 2106
1781 2149
1782 1947
1782 2014
1782 2314
1782 2383
1783 2232
1787 1944
1787 2134
1789 2030
1789 2276
1790 2229
1793 1925
1793 2258
1794 2181
1795 1995
1795 2309
1796 2012
1800 2163
1801 2481
1803 2204
1804 1968
1804 2373
1806 1981
1806 2290
1806 2472
1809 2030
1810 2016
1811 1987
1811 2057
1813 2315
1814 2346
1816 1934
1817 2382
1817 2426
1818 2079
1819 2003
1820 2058
1820 2430
1823 2364
1824 1995
1826 1964
1826 2436
1827 2219
1829 1959
1830 1915
1830 2431
1831 1931
1831 2239
1831 2301
1832 2308
1832 2507
1833 1965
1833 2500
1834 2506
1835 2299
1835 2357
1835 2488
1836 1899
1837 1861
1839 2510
1840 2419
1841 2386
1842 2034
1843 2109
1848 2323
1850 2087
1850 2199
1851 1953
1851 1973
1851 2426
1853 2022
1855 2290
1856 2461
1857 1926
1857 2177
1858 2026
1860 1861
1861 2339
1863 1999
1864 1993
1865 2344
1866 1932
1870 2064
1870 2412
1872 1926
1872 1963
1872 2182
1873 2313
1875 2199
1876 1966
1877 1934
1879 2055
1879 2073
1881 2444
1882 2241
1883 2308
1884 1986
1885 2351
1886 2236
1887 2351
1888 2156
1890 2156
1894 2483
1895 1941
1895 1998
1895 2455
1896 2390
1898 2312
1899 1955
1899 2465
1900 1960
1900 1985
1900 2207
1900 2209
1902 2443
1902 2470
1903 1922
1903 2109
1903 2278
1906 2100
1907 2299
1908 1947
1908 2165
1912 2383
1913 2500
1915 2334
1916 2206
1917 2127
1917 2194
1918 2152
1919 2295
1920 2043
1922 2001
1923 1951
1923 2123
1923 2316
1924 2063
1927 2029
1927 2406
1929 2139
1929 2308
1930 2291
1932 1996
1932 2472
1934 2314
1934 2367
1938 2192
1939 2063
1939 2236
1940 2197
1940 2365
1943 2166
1945 2044
1945 2191
1945 2478
1946 2240
1948 2190
1949 2460
1950 1951
1950 1998
1952 2401
1953 2407
1953 2489
1955 2089
1955 2249
1957 2431
1958 2279
1964 2256
1965 2041
1967 2293
1968 2418
1969 2145
1970 2126
1970 2459
1972 1982
1973 1987
1973 2289
1975 2261
1976 2405
1977 2161
1977 2388
1979 2190
1980 2278
1982 2296
1986 2145
1988 2221
1988 2373
1989 2044
1989 2403
1991 2511
1993 2147
1994 2080
1994 2493
1995 2258
1995 2459
1995 2474
2003 2362
2004 2206
2004 2372
2005 2273
2005 2480
2007 2458
2008 2426
2008 2468
2011 2144
2012 2503
2013 2309
2013 2414
2015 2188
2015 2227
2019 2279
2019 2401
2023 2111
2024 2299
2029 2091
2035 2299
2036 2463
2037 2098
2038 2187
2038 2279
2040 2049
2040 2201
2042 2387
2043 2053
2044 2232
2045 2357
2046 2483
2050 2287
2051 2482
2054 2242
2055 2470
2056 2356
2060 2359
2061 2099
2061 2333
2063 2189
2064 2401
2066 2217
2067 2141
2067 2443
2068 2414
2069 2270
2070 2099
2070 2274
2071 2154
2072 2386
2073 2443
2074 2197
2076 2467
2076 2474
2077 2270
2078 2156
2079 2510
2080 2235
2083 2305
2083 2375
2084 2102
2084 2328
2084 2338
2085 2200
2087 2231
2088 2109
2088 2384
2089 2208
2090 2340
2091 2388
2094 2339
2094 2445
2095 2468
2096 2186
2096 2215
2098 2272
2098 2307
2103 2298
2104 2292
2105 2384
2105 2414
2106 2473
2107 2501
2108 2162
2113 2251
2113 2407
2113 2476
2116 2287
2116 2492
2118 2348
2118 2432
2119 2240
2120 2386
2121 2468
2123 2484
2126 2166
2127 2169
2129 2410
2130 2153
2132 2217
2137 2257
2138 2212
2138 2304
2139 2413
2141 2161
2143 2232
2143 2242
2144 2514
2145 2185
2145 2322
2145 2480
2146 2356
2148 2172
2148 2234
2155 2365
2156 2360
2156 2391
2156 2416
2159 2167
2162 2234
2162 2498
2164 2242
2165 2344
2166 2466
2169 2252
2169 2318
2170 2212
2171 2362
2175 2310
2176 2453
2179 2242
2179 2284
2180 2315
2180 2473
2184 2248
2186 2372
2186 2490
2189 2235
2190 2462
2196 2236
2198 2401
2199 2320
2199 2352
2200 2422
2202 2515
2203 2437
2205 2431
2206 2324
2206 2475
2214 2344
2216 2397
2217 2462
2220 2318
2221 2224
2221 2439
2223 2510
2224 2237
2225 2291
2228 2320
2231 2269
2233 2490
2239 2390
2240 2493
2241 2486
2249 2507
2250 2375
2255 2319
2257 2319
2259 2402
2259 2504
2261 2423
2263 2449
2264 2279
2270 2273
2270 2277
2274 2427
2274 2447
2281 2311
2285 2351
2291 2512
2291 2513
2292 2313
2292 2497
2293 2391
2297 2354
2298 2321
2298 2348
2304 2508
2306 2383
2311 2372
2315 2358
2328 2363
2328 2510
2329 2352
2333 2492
2343 2385
2344 2349
2347 2373
2354 2498
2356 2358
2360 2373
2363 2402
2363 2423
2363 2445
2378 2433
2380 2384
2382 2489
2386 2416
2409 2501
2414 2491
2428 2488
2433 2435
2433 2474
2436 2455
2444 2456
2452 2510
2470 2475
2472 2507
2481 2506
