1440 2880
0 385
0 514
0 749
1 353
1 932
1 1146
2 985
2 1023
2 1277
3 222
3 758
3 777
4 1129
4 1298
5 266
5 681
5 1020
5 1092
5 1131
5 1281
6 404
6 1056
6 1401
7 781
7 1029
7 1176
8 94
8 572
8 824
8 1021
8 1101
8 1110
9 34
9 63
9 269
9 270
9 429
9 503
9 573
9 1142
10 678
10 1037
10 1093
11 285
11 354
11 676
11 1055
11 1259
11 1319
12 140
12 532
12 772
13 690
13 845
13 1170
14 288
14 603
14 791
15 352
15 750
15 1077
16 742
16 1124
16 1439
17 330
17 559
17 616
17 706
17 827
17 1132
18 195
18 228
18 564
18 788
18 793
18 822
18 861
18 1119
19 76
19 579
19 758
20 221
20 775
20 1399
21 846
21 936
21 1435
22 187
22 480
22 511
22 1360
23 99
23 404
23 1415
24 420
24 1379
24 1402
25 792
25 952
25 1139
26 35
26 331
26 452
26 768
26 802
26 1150
27 235
27 418
27 436
27 889
27 1181
27 1313
28 182
28 677
28 1202
29 290
29 299
29 1132
29 1426
30 622
30 1102
30 1390
31 205
31 301
31 844
31 1268
32 710
32 1372
32 1435
33 562
33 1151
33 1335
34 674
34 1421
35 157
35 1278
36 168
36 207
36 531
36 611
36 948
36 1303
36 1330
36 1398
37 515
37 917
37 1090
38 39
38 81
38 337
38 531
38 1239
38 1280
39 212
39 459
40 723
40 1089
40 1291
41 97
41 240
41 324
41 858
41 958
41 961
41 1126
41 1434
42 991
42 1011
42 1061
42 1073
43 831
43 846
43 1170
44 443
44 1353
44 1385
45 596
45 843
45 886
46 530
46 798
46 880
47 55
47 75
47 1390
48 191
48 201
48 692
48 765
48 934
48 1054
48 1308
48 1427
49 489
49 563
49 680
50 442
50 596
50 1049
51 476
51 916
51 1071
52 432
52 769
52 966
53 100
53 952
53 1071
54 555
54 772
54 1417
55 492
55 670
55 912
55 1341
55 1426
56 382
56 960
56 1098
57 1009
57 1163
57 1401
58 782
58 1180
58 1318
59 264
59 860
59 1071
60 561
60 684
60 986
61 353
61 419
61 1158
62 89
62 404
62 1009
63 345
63 598
64 704
64 759
64 1121
65 202
65 778
65 875
65 915
66 596
66 715
66 878
67 910
67 916
67 1423
68 150
68 211
68 321
68 573
68 869
68 1380
69 532
69 684
69 994
70 173
70 1137
70 1194
70 1282
70 1370
70 1405
71 89
71 533
71 1255
72 122
72 450
72 1317
73 222
73 498
73 589
74 495
74 1146
74 1163
75 235
75 378
75 559
75 946
75 1084
75 1185
75 1340
76 127
76 147
76 322
76 620
76 934
76 1072
76 1404
77 96
77 325
77 1060
77 1356
78 730
78 850
78 1183
79 201
79 295
79 401
79 691
79 1002
79 1362
80 495
80 685
80 1253
81 171
81 690
82 747
82 760
82 1099
82 1309
83 506
83 1006
83 1057
83 1294
84 175
84 923
84 998
85 100
85 567
85 1153
86 741
86 978
86 988
87 898
87 1083
87 1394
88 132
88 225
88 230
88 475
88 527
88 687
88 1025
88 1046
89 313
89 1190
90 356
90 391
90 840
91 1176
91 1253
91 1439
92 377
92 791
92 984
93 101
93 805
93 1074
94 626
94 959
95 252
95 922
95 1124
96 598
96 910
97 272
97 674
98 281
98 1130
98 1361
99 118
99 271
99 1387
100 196
100 316
100 483
100 1069
100 1350
100 1418
101 233
101 271
101 1240
101 1307
101 1431
102 1238
102 1326
102 1378
103 356
103 629
103 653
104 1241
104 1311
104 1317
105 1080
105 1146
105 1171
106 476
106 598
106 680
107 129
107 552
107 865
108 120
108 460
108 1127
109 535
109 771
109 1138
109 1289
110 197
110 244
110 335
110 346
110 371
110 510
110 724
110 1217
111 555
111 1241
111 1399
112 142
112 174
112 785
112 813
112 869
112 995
113 971
113 1133
113 1408
114 290
114 580
114 909
114 1189
115 232
115 957
115 1353
116 513
116 599
116 709
116 1289
117 370
117 589
117 782
118 412
118 443
119 309
119 326
119 330
119 493
119 1040
119 1115
119 1254
119 1341
120 311
120 706
120 1175
120 1231
120 1426
121 847
121 932
121 1355
122 341
122 1017
122 1336
123 342
123 921
123 1266
124 642
124 848
124 967
125 726
125 828
125 940
125 949
125 1070
125 1268
125 1301
125 1409
126 967
126 1030
126 1315
127 803
127 1090
128 306
128 984
128 1166
129 146
129 872
129 1118
130 288
130 960
130 1247
131 505
131 1023
131 1062
132 769
132 924
133 422
133 739
133 882
133 1106
134 204
134 1255
134 1316
135 585
135 750
135 1111
136 143
136 712
136 957
137 306
137 1127
137 1247
138 404
138 495
138 1109
139 451
139 860
139 1273
140 205
140 326
140 560
140 572
140 812
140 1215
140 1249
141 521
141 698
141 875
141 899
141 948
141 1076
142 420
142 575
143 261
143 600
143 616
143 1320
143 1341
144 298
144 317
144 1280
144 1322
145 364
145 755
145 1201
145 1381
146 293
146 1071
147 777
147 1184
148 874
148 1029
148 1292
149 638
149 700
149 1348
150 407
150 1244
151 179
151 1145
151 1276
151 1312
151 1409
151 1436
152 159
152 163
152 843
153 641
153 1023
153 1216
154 596
154 1279
154 1359
155 504
155 892
155 1432
156 734
156 839
156 862
157 213
157 371
157 406
157 592
157 688
157 725
157 1236
158 218
158 316
158 440
158 1087
158 1096
158 1434
159 161
159 278
159 355
159 408
159 480
160 192
160 298
160 437
160 692
160 718
160 816
161 555
161 1332
162 175
162 811
162 1277
163 287
163 557
163 614
163 703
163 1433
164 377
164 467
164 650
165 459
165 686
165 832
166 607
166 924
166 1318
167 228
167 1044
167 1157
167 1243
167 1260
167 1282
168 585
168 686
169 736
169 1007
169 1311
170 538
170 731
170 984
171 198
171 654
171 718
172 649
172 968
172 1191
173 380
173 641
174 666
174 1321
175 250
175 309
175 817
175 1156
176 456
176 621
176 1251
177 631
177 766
177 1056
178 635
178 868
178 1182
179 360
179 805
180 185
180 214
180 717
181 329
181 809
181 895
181 1006
182 466
182 661
182 881
182 982
182 1201
183 886
183 953
183 1318
184 189
184 238
184 268
184 767
184 1128
184 1296
185 198
185 292
185 317
185 568
185 1308
186 538
186 936
186 959
187 603
187 1389
188 960
188 1166
188 1382
189 621
189 997
190 697
190 1080
190 1439
191 1127
191 1183
192 589
192 1363
193 316
193 613
193 760
193 884
193 961
193 1058
193 1211
193 1354
194 304
194 427
194 447
194 647
194 828
194 883
194 1276
194 1416
195 619
195 1399
196 674
196 998
197 569
197 1037
198 1283
199 385
199 619
199 1134
200 494
200 1000
200 1026
201 288
202 1146
202 1272
203 306
203 1152
203 1382
204 818
204 935
204 1008
205 456
206 232
206 856
206 985
207 1147
207 1193
208 470
208 588
208 632
209 565
209 631
209 1009
210 354
210 369
210 431
210 738
210 818
210 1001
210 1027
210 1271
211 537
211 715
212 401
212 611
212 1035
213 637
213 723
214 525
214 816
214 870
214 1129
214 1154
215 879
215 1093
215 1266
216 266
216 553
216 644
216 1086
217 438
217 595
217 664
217 885
217 887
217 1228
217 1373
217 1377
218 662
218 741
219 652
219 997
219 1127
220 633
220 689
220 1030
221 602
221 752
221 976
222 454
222 482
222 593
222 784
222 1221
222 1427
223 966
223 1024
223 1241
224 407
224 874
224 880
225 552
225 1047
226 523
226 1102
226 1311
227 404
227 680
227 1146
228 1182
229 284
229 524
229 599
229 823
229 1052
229 1257
230 1029
230 1109
231 879
231 1037
231 1112
232 261
232 487
232 829
232 1096
233 443
233 1149
234 351
234 443
234 986
235 693
236 1010
236 1159
236 1216
237 402
237 552
237 777
238 514
238 1047
239 560
239 877
239 949
239 1200
240 1071
240 1153
241 689
241 966
241 1318
242 390
242 862
242 900
243 369
243 543
243 899
243 1043
243 1051
243 1211
243 1303
243 1349
244 892
244 1315
245 645
245 696
245 1244
246 641
246 1182
246 1241
247 523
247 1155
247 1394
248 283
248 432
248 1047
249 467
249 649
249 832
250 635
250 772
251 537
251 867
251 1359
252 423
252 471
252 541
252 907
252 1020
252 1059
252 1250
253 569
253 1042
253 1105
254 451
254 523
254 1089
255 470
255 530
255 546
256 1037
256 1105
256 1202
257 377
257 444
257 1206
258 563
258 567
258 916
259 712
259 856
259 1062
260 515
260 632
260 843
261 1417
262 465
262 1183
262 1403
263 972
263 998
263 1246
264 396
264 1050
264 1179
265 314
265 389
265 625
265 937
266 498
267 960
267 1023
267 1424
268 555
268 1134
269 489
269 1134
270 474
270 868
271 561
272 483
272 591
272 682
272 747
272 817
272 1342
272 1384
273 450
273 1102
273 1139
274 293
274 1139
274 1219
275 293
275 594
275 626
276 339
276 440
276 857
276 1256
277 635
277 831
277 867
278 490
278 603
279 351
279 994
279 1415
280 707
280 723
280 1212
281 302
281 397
281 592
281 1082
281 1086
281 1233
281 1320
282 472
282 486
282 1031
282 1297
283 475
283 872
283 1012
283 1050
283 1178
284 1361
284 1372
285 621
285 1224
286 652
286 1286
286 1417
287 689
287 900
288 618
288 671
288 808
288 1061
288 1231
289 633
289 892
289 1338
290 1252
291 432
291 1109
291 1358
292 730
292 1292
293 396
293 587
293 628
293 661
293 1295
294 405
294 953
294 1344
295 701
295 730
296 352
296 803
296 1159
297 508
297 566
297 754
298 1283
299 566
299 696
300 1109
300 1272
300 1411
301 327
301 774
302 1224
302 1435
303 839
303 1321
303 1402
304 622
304 1007
305 626
305 689
305 952
306 337
306 663
306 671
306 797
306 1310
307 345
307 684
307 921
308 412
308 561
308 1149
309 856
310 460
310 990
310 1274
311 754
311 1417
312 565
312 731
312 1065
313 1056
313 1163
314 1102
314 1291
315 1082
315 1092
315 1285
315 1324
317 465
318 609
318 732
318 1292
319 772
319 856
319 1168
320 468
320 845
320 1439
321 588
321 798
322 589
322 1332
323 1062
323 1344
323 1366
324 352
324 715
325 1193
325 1253
326 1415
327 410
327 713
327 756
327 877
327 1226
327 1237
327 1276
328 365
328 619
328 1241
329 917
329 925
330 1353
331 1147
331 1394
332 786
332 1036
332 1078
332 1148
332 1150
332 1330
333 580
333 706
333 912
333 1258
334 629
334 980
334 1049
335 1042
335 1202
336 879
336 922
336 1255
337 382
338 498
338 1272
338 1383
339 792
339 978
340 1077
340 1216
340 1339
341 746
341 879
342 426
342 479
342 987
342 1039
342 1373
343 487
343 837
343 857
343 961
343 1069
343 1213
344 533
344 538
344 1382
345 366
345 400
345 673
345 941
345 1296
345 1334
346 556
346 848
347 551
347 641
347 1408
348 473
348 860
348 1219
349 370
349 690
349 1121
350 385
350 460
350 621
351 672
351 673
351 906
351 1145
352 386
352 399
352 1350
353 996
353 1199
354 1049
355 534
355 1013
356 722
356 752
356 1208
356 1327
357 486
357 969
357 1003
357 1438
358 405
358 886
358 955
359 701
359 732
359 865
360 605
360 889
360 1075
361 474
361 807
361 1077
362 766
362 916
362 1367
363 669
363 1080
363 1355
364 637
364 1311
365 445
365 518
365 793
365 930
365 976
366 775
366 1220
367 666
367 1206
367 1251
368 1108
368 1273
368 1326
369 1359
370 424
370 681
370 1034
370 1054
370 1058
370 1250
371 658
372 374
372 832
372 1112
373 846
373 1121
373 1182
374 424
374 654
374 1041
374 1066
374 1235
374 1280
374 1419
375 622
375 1241
375 1430
376 551
376 1062
376 1277
377 583
377 745
377 1011
377 1117
377 1302
378 780
378 787
379 442
379 1063
379 1224
380 447
380 503
380 721
380 727
380 1044
381 575
381 650
381 1251
382 414
382 801
382 820
382 974
382 1306
382 1343
383 918
383 936
383 1361
384 662
384 997
384 1274
385 757
385 941
385 1386
386 697
386 1378
387 1155
387 1365
387 1390
388 508
388 1252
388 1286
389 898
389 1365
390 431
390 820
390 901
390 945
390 1259
391 624
391 930
391 1227
392 515
392 546
392 1013
393 806
393 1158
393 1171
394 419
394 746
394 1171
395 405
395 782
395 1124
396 567
397 561
397 1353
398 855
398 936
398 1339
399 542
399 1326
400 780
400 838
401 465
402 417
402 540
402 722
402 835
402 876
402 901
402 1012
403 657
403 687
403 716
403 836
403 1099
403 1384
404 524
404 1045
404 1079
405 643
405 651
405 810
405 908
405 1174
406 515
406 1105
407 727
407 919
407 947
407 1287
407 1334
407 1364
408 498
408 619
409 638
409 1187
409 1273
410 742
410 806
411 607
411 626
411 1153
412 719
412 821
412 854
412 1376
413 514
413 924
413 1241
414 900
414 1049
415 641
415 1111
415 1421
416 610
416 690
416 832
417 839
417 1191
418 697
418 1252
419 612
419 756
419 940
419 1425
420 724
420 800
420 1018
420 1117
420 1223
420 1373
421 732
421 850
421 1328
422 700
422 1187
423 1080
423 1326
424 1170
425 541
425 570
425 590
425 983
425 1208
425 1374
426 754
426 1252
427 742
427 886
428 845
428 1420
428 1423
429 867
429 921
430 705
430 720
430 737
430 1075
430 1288
430 1340
431 442
432 496
432 657
432 1097
432 1225
432 1325
433 1244
433 1292
433 1358
434 1077
434 1246
434 1369
435 511
435 668
435 671
435 950
436 655
436 1007
437 717
437 1292
438 575
438 1206
439 1133
439 1168
439 1277
440 990
441 658
441 762
441 1105
442 640
442 842
442 851
443 943
443 1264
443 1312
443 1320
444 497
444 965
444 995
444 1079
444 1186
444 1257
444 1263
445 551
445 569
446 469
446 472
446 584
446 1100
447 536
448 932
448 1326
448 1439
449 582
449 1124
449 1318
450 516
450 695
450 804
450 1048
450 1172
450 1232
451 554
451 628
451 755
451 1314
452 637
452 762
453 629
453 839
453 1038
454 750
454 1090
455 791
455 1127
455 1424
456 513
456 595
456 771
456 1200
457 1105
457 1305
457 1321
458 900
458 1253
458 1270
459 702
459 899
459 1064
459 1148
459 1222
459 1407
460 500
460 618
460 708
460 714
460 1128
461 565
461 959
461 1367
462 850
462 865
462 1196
463 1159
463 1339
463 1408
464 569
464 762
464 1385
465 718
466 700
466 860
467 524
467 601
467 615
467 785
467 853
467 964
468 644
468 773
468 1167
468 1250
468 1285
469 1182
469 1261
470 814
470 1057
471 742
471 1180
472 888
473 516
473 627
473 646
473 1210
473 1295
474 520
474 548
474 673
474 919
474 987
474 1125
475 749
476 1269
476 1391
477 701
477 717
477 1183
478 774
478 998
478 1047
479 1251
479 1321
480 1424
481 542
481 697
481 1238
482 994
482 1080
483 1274
484 894
484 955
484 1367
485 528
485 953
485 1367
486 925
487 843
488 649
488 1147
488 1155
489 825
489 1060
489 1269
489 1334
490 668
490 841
490 890
491 1093
491 1139
491 1363
492 772
492 1353
493 555
493 957
494 726
494 1226
494 1345
495 1218
495 1269
495 1357
496 924
496 981
497 832
497 911
498 934
498 956
498 1285
498 1351
499 551
499 1202
499 1399
500 1219
500 1383
501 871
501 1042
501 1112
502 626
502 731
502 1382
503 1274
504 993
504 1123
504 1188
505 790
505 1156
505 1214
506 658
506 1090
507 538
507 594
507 860
508 664
508 740
508 800
508 1125
509 766
509 994
509 1009
510 515
510 762
511 796
512 806
512 847
512 1317
513 1335
514 861
515 1294
516 1363
517 750
517 1159
517 1238
518 1023
518 1202
519 533
519 565
519 1085
520 684
520 1134
521 1224
521 1411
522 556
522 1105
522 1315
523 559
523 670
523 933
523 982
523 1107
525 874
525 1358
526 677
526 1278
526 1311
527 984
527 1246
528 634
528 1194
528 1198
528 1249
528 1428
529 536
529 736
529 1421
530 614
530 809
530 869
530 1192
531 1403
532 672
532 1040
532 1045
532 1387
533 977
533 1095
533 1169
534 545
534 928
534 1067
534 1192
534 1234
535 1026
535 1366
536 905
536 1028
536 1198
536 1371
537 586
537 914
538 587
538 824
538 834
538 1333
539 811
539 971
539 1216
540 1049
540 1155
541 1253
542 640
542 676
543 1065
543 1316
544 622
544 693
544 736
545 607
545 900
546 895
546 1262
547 635
547 690
547 1191
548 796
548 1159
549 894
549 971
549 1111
550 911
550 980
550 1147
551 663
551 973
551 1157
551 1214
552 1179
552 1325
552 1422
553 758
553 1385
554 707
554 1390
555 793
555 941
555 956
556 745
556 1123
556 1161
556 1304
557 588
557 796
558 923
558 1193
558 1270
560 1151
561 600
561 659
561 1145
561 1410
562 771
562 823
562 1331
563 1116
563 1357
564 641
564 831
565 873
565 905
565 1300
565 1306
566 580
566 1039
566 1288
566 1313
567 726
567 958
567 1118
567 1237
567 1391
568 589
568 1102
569 592
569 1201
569 1314
569 1346
570 1007
570 1165
571 1063
571 1151
571 1251
572 1339
573 874
574 770
574 897
574 926
574 1232
575 761
576 779
576 1251
576 1432
577 803
577 832
577 1111
578 766
578 862
578 1348
579 593
579 688
579 699
579 1012
579 1122
579 1245
579 1422
581 759
581 1170
581 1372
582 810
582 1054
582 1347
583 637
583 892
584 831
584 1090
585 615
585 1186
585 1222
585 1235
585 1293
585 1370
586 868
586 931
587 967
588 813
588 895
588 1234
589 808
589 1002
589 1347
590 781
590 1358
591 923
591 1168
593 1184
594 1019
594 1120
595 1063
596 630
596 1008
596 1051
596 1259
597 619
597 772
597 957
598 1144
598 1357
598 1364
599 1339
600 1385
601 710
601 1163
602 840
602 1165
603 973
603 1073
603 1310
604 736
604 742
604 1344
605 986
605 1375
606 621
606 638
606 795
607 703
607 711
607 993
607 1174
607 1333
608 960
608 984
608 1152
609 1154
610 743
610 946
610 1195
610 1235
610 1393
611 1098
612 669
612 1317
613 845
613 1000
614 807
615 911
616 772
617 862
617 1049
617 1193
618 652
619 1254
619 1296
619 1413
620 932
620 994
621 842
621 882
621 1377
622 933
622 1119
622 1275
622 1381
623 932
623 1109
623 1171
624 838
624 1399
625 968
625 1394
626 1014
626 1095
626 1414
627 792
627 1153
628 700
629 833
629 945
629 1068
629 1178
629 1422
630 1013
630 1344
631 672
631 733
631 1072
631 1221
632 809
632 1141
633 711
633 1161
634 855
634 980
635 829
635 938
635 1041
635 1115
636 774
636 985
636 1344
637 688
637 1203
637 1275
637 1304
638 1103
639 1162
639 1237
639 1301
639 1406
640 1348
642 711
642 1019
642 1188
643 689
643 924
644 1332
645 740
645 987
645 1048
645 1140
645 1189
646 1093
646 1102
647 922
647 1344
648 892
648 1278
648 1402
649 786
649 1186
649 1204
650 965
650 1228
651 779
651 1274
652 912
652 1132
652 1284
653 719
653 764
653 876
653 942
653 1060
653 1144
653 1431
654 1098
655 670
655 737
655 826
655 827
655 866
655 1290
655 1393
656 683
656 1279
656 1420
657 984
658 783
658 1141
658 1262
659 678
659 1010
660 731
660 766
660 1085
661 1273
662 714
662 857
663 1424
664 1321
665 674
665 779
665 1318
666 1018
666 1228
667 978
667 1272
667 1332
668 807
669 852
669 1076
674 714
674 727
674 908
674 1299
675 978
675 1074
675 1375
676 1187
677 1275
677 1314
678 943
678 1172
678 1222
678 1398
679 1083
679 1102
679 1212
680 763
680 819
680 1352
681 1439
682 1047
682 1366
683 708
683 989
683 1091
683 1211
683 1295
684 733
684 1312
685 1343
685 1352
685 1388
686 804
686 1004
686 1264
686 1410
687 1382
689 834
689 928
689 1188
690 859
690 1293
690 1322
691 717
691 850
692 1102
693 737
693 904
693 1208
693 1416
694 1108
694 1159
694 1246
695 871
695 1266
696 849
696 1258
697 920
697 1032
697 1059
697 1288
698 847
698 1080
699 838
699 1435
700 1032
700 1081
700 1376
700 1431
701 975
702 1279
702 1355
703 1193
704 1052
704 1136
704 1297
705 1252
705 1326
707 802
707 982
708 978
709 710
709 1010
710 1079
710 1136
710 1331
712 837
712 863
712 938
712 1087
713 736
713 986
715 818
715 1131
715 1167
715 1265
715 1418
716 1077
716 1108
719 1273
720 728
720 1358
721 736
721 1367
722 910
723 729
723 1078
723 1173
724 1305
725 1202
725 1385
728 999
728 1181
728 1436
729 762
729 1278
730 816
731 1005
731 1190
732 1129
733 1415
734 801
734 819
734 1218
735 998
735 1168
735 1253
736 891
736 1409
738 931
738 1279
739 1273
739 1348
740 921
741 1213
741 1392
742 815
742 940
742 1437
743 879
743 1042
744 1224
744 1361
744 1385
745 1278
746 770
746 996
747 1246
748 831
748 918
748 1121
749 767
749 902
749 1325
749 1342
750 760
750 830
750 1137
750 1404
751 903
751 935
751 1349
751 1395
752 787
753 777
753 838
753 1361
754 1284
755 1202
756 922
757 997
757 1063
758 1082
759 969
759 1100
761 798
761 1321
762 1203
762 1233
762 1245
763 1109
763 1163
764 959
764 1423
765 782
765 845
766 974
766 977
766 1028
767 1024
768 1089
768 1212
770 871
772 1209
773 963
773 971
774 949
774 1015
774 1138
774 1160
774 1342
775 930
775 951
775 1122
775 1197
776 1088
776 1138
776 1345
776 1406
777 1178
777 1197
777 1203
777 1236
778 795
778 1109
779 885
779 1217
779 1223
780 951
780 1290
781 821
781 864
781 1307
781 1429
783 917
783 1261
784 803
784 1261
785 1152
786 980
787 826
787 1227
788 924
788 1024
789 954
789 979
789 1265
789 1380
790 811
790 1168
791 1267
792 1392
794 805
794 1074
794 1383
795 1053
795 1106
795 1351
795 1368
796 841
796 1192
796 1230
797 862
797 1098
798 964
798 1018
798 1263
799 831
799 856
799 868
800 1251
801 1379
802 1291
803 1309
803 1337
803 1354
803 1370
804 1037
805 821
805 999
805 1429
806 852
806 996
806 1070
807 927
807 1234
807 1360
808 1183
810 1180
811 1143
812 894
812 980
813 880
814 888
814 917
815 879
815 1400
817 1253
819 1253
820 1193
822 1311
822 1430
823 1010
824 916
825 910
825 1270
826 1220
827 1390
828 986
829 1062
830 972
830 1420
831 1003
831 1260
832 1137
832 1398
833 1191
833 1379
834 1153
835 1038
835 1379
836 1159
836 1369
837 1013
838 976
838 1022
839 1117
839 1343
840 1084
840 1290
841 1247
842 1130
843 1067
843 1087
843 1262
843 1271
844 855
844 1151
845 1020
845 1347
845 1419
846 1110
847 1425
848 1016
848 1120
849 874
849 1266
851 1187
851 1378
852 1430
853 1206
853 1402
854 1074
854 1375
855 1040
855 1101
855 1200
855 1209
855 1229
856 859
856 1066
856 1396
858 963
858 1238
859 1038
860 989
860 1118
860 1414
861 966
862 873
862 1239
862 1388
863 1353
863 1417
864 1375
864 1383
865 1050
866 1112
866 1323
867 919
867 954
867 1396
868 947
868 979
870 1029
870 1244
871 944
871 1140
871 1195
871 1336
871 1437
872 1328
873 1187
874 1189
875 1130
876 1165
877 1366
878 1027
878 1207
878 1395
879 897
879 1048
880 914
880 1142
880 1265
881 1089
881 1390
882 1272
883 1367
883 1421
884 1219
884 1279
885 1338
886 891
886 1001
886 1015
886 1114
887 1305
887 1432
888 969
888 1006
889 1358
890 1389
890 1424
891 922
892 1016
893 1274
893 1305
893 1318
894 1229
894 1371
894 1405
896 1251
896 1305
896 1338
897 1158
898 1204
898 1205
900 1330
900 1356
900 1407
901 980
902 998
902 1366
903 1065
903 1279
904 1165
904 1176
905 916
906 921
906 1134
907 923
907 1176
908 1305
909 1244
909 1266
910 913
910 1068
910 1240
910 1376
911 1036
911 1205
911 1248
913 959
913 1000
914 963
915 1224
915 1355
916 942
916 1014
918 1021
918 1177
920 1273
920 1369
921 927
921 947
921 1230
922 944
922 970
922 1070
923 983
923 1218
923 1352
923 1356
925 1057
925 1100
926 1093
926 1317
927 1159
928 1193
929 1130
929 1355
929 1411
931 954
931 1051
932 1059
932 1076
932 1221
933 1363
935 1400
936 1014
936 1215
937 1212
937 1363
938 985
939 1010
939 1077
939 1408
942 1000
943 1339
944 1400
945 1155
946 1323
948 1279
950 960
950 1127
951 1134
952 958
952 1210
952 1333
953 1371
955 1033
955 1198
956 1389
957 1175
957 1284
959 1028
959 1116
959 1391
960 973
960 1239
962 1133
962 1216
962 1323
963 1008
963 1027
963 1281
963 1350
963 1380
964 1166
965 1402
966 1046
966 1174
967 1414
968 1248
968 1397
970 1180
970 1439
971 1131
971 1185
971 1194
971 1393
972 1354
972 1384
974 1187
975 1196
975 1328
977 1065
978 1094
978 1351
978 1429
979 1359
980 1107
980 1242
981 1046
983 1439
984 991
984 1095
985 1114
985 1214
986 999
988 1210
988 1256
988 1329
989 1139
990 1213
990 1299
991 1402
992 1085
992 1279
992 1316
993 1030
994 1300
995 1166
997 1091
997 1094
997 1231
997 1299
998 1099
998 1126
1000 1034
1000 1406
1001 1013
1002 1127
1003 1261
1004 1042
1004 1093
1005 1255
1005 1401
1007 1327
1007 1340
1010 1101
1010 1215
1010 1264
1011 1382
1013 1096
1013 1141
1013 1433
1015 1062
1016 1105
1017 1093
1017 1430
1019 1315
1021 1435
1022 1134
1022 1220
1023 1243
1023 1310
1023 1346
1024 1386
1025 1146
1025 1358
1026 1160
1026 1162
1029 1075
1029 1097
1029 1181
1029 1374
1030 1120
1031 1121
1031 1372
1032 1108
1033 1318
1033 1344
1034 1420
1035 1183
1035 1283
1036 1155
1037 1195
1038 1041
1038 1204
1038 1248
1039 1286
1042 1172
1043 1219
1043 1420
1044 1111
1045 1149
1047 1386
1052 1435
1053 1146
1053 1411
1055 1063
1055 1130
1056 1300
1058 1423
1061 1424
1063 1103
1063 1106
1063 1128
1064 1098
1064 1403
1066 1191
1067 1389
1068 1165
1069 1420
1071 1116
1071 1226
1071 1301
1072 1080
1073 1127
1074 1164
1074 1374
1077 1230
1077 1337
1078 1394
1080 1199
1081 1326
1081 1369
1083 1113
1083 1397
1084 1220
1085 1349
1086 1184
1088 1335
1088 1366
1090 1438
1091 1383
1092 1332
1093 1140
1094 1219
1097 1146
1098 1322
1103 1272
1104 1311
1104 1363
1104 1390
1105 1223
1107 1365
1109 1199
1110 1361
1111 1428
1112 1185
1112 1293
1113 1291
1113 1363
1114 1366
1115 1168
1119 1317
1121 1419
1122 1361
1123 1338
1125 1266
1126 1274
1130 1412
1133 1156
1134 1364
1135 1149
1135 1163
1135 1415
1136 1361
1139 1329
1142 1244
1143 1323
1143 1408
1144 1270
1147 1173
1147 1407
1148 1193
1150 1365
1151 1289
1151 1377
1152 1263
1153 1329
1154 1196
1155 1229
1155 1249
1157 1216
1158 1336
1160 1335
1161 1432
1162 1423
1163 1257
1163 1387
1164 1176
1164 1358
1165 1227
1167 1323
1169 1400
1169 1401
1170 1177
1170 1297
1173 1365
1175 1286
1176 1327
1177 1182
1179 1328
1182 1396
1182 1438
1184 1324
1190 1400
1191 1205
1196 1298
1197 1435
1202 1233
1207 1316
1207 1400
1209 1415
1217 1321
1225 1246
1225 1382
1232 1430
1236 1278
1238 1337
1238 1418
1240 1273
1241 1260
1242 1390
1242 1394
1243 1408
1245 1278
1247 1360
1252 1258
1254 1417
1255 1395
1255 1437
1256 1383
1261 1294
1261 1404
1267 1382
1267 1402
1268 1366
1271 1344
1274 1287
1278 1381
1281 1323
1282 1421
1283 1362
1287 1421
1292 1298
1302 1321
1302 1379
1303 1355
1304 1402
1306 1348
1307 1375
1308 1363
1309 1420
1311 1416
1313 1326
1319 1348
1319 1378
1323 1405
1323 1428
1324 1385
1331 1339
1332 1368
1332 1413
1332 1427
1339 1410
1345 1423
1346 1399
1362 1403
1365 1397
1368 1383
1375 1436
1379 1388
1383 1392
1385 1412
1389 1413
1389 1433
1412 1435
1420 1434
1425 1430
