1008 2016
0 77
0 325
0 444
1 110
1 733
1 904
2 75
2 364
2 424
2 611
2 721
2 734
2 811
2 883
3 119
3 527
3 610
4 11
4 733
4 831
5 141
5 629
5 735
6 269
6 499
6 680
6 766
6 899
6 994
7 9
7 286
7 408
8 44
8 51
8 60
8 199
8 471
8 572
8 708
8 927
9 330
9 380
9 439
9 614
9 901
10 212
10 601
10 759
11 122
11 256
11 576
11 591
11 808
11 886
11 905
12 25
12 379
12 874
13 38
13 179
13 337
13 728
14 178
14 484
14 774
14 807
14 828
14 953
15 152
15 167
15 335
15 480
15 540
15 638
15 680
15 741
16 205
16 416
16 711
17 199
17 211
17 243
17 281
18 82
18 436
18 643
18 732
19 216
19 488
19 875
20 110
20 233
20 418
21 32
21 222
21 527
22 223
22 920
22 933
22 960
23 163
23 365
23 406
24 300
24 671
24 702
24 730
25 53
25 157
25 244
25 371
25 447
25 788
25 809
26 96
26 149
26 414
26 441
26 460
26 739
27 47
27 287
27 529
28 69
28 189
28 261
29 41
29 472
29 536
30 197
30 262
30 291
30 565
30 739
30 750
30 829
30 944
31 569
31 711
31 875
32 158
32 203
32 341
32 398
32 518
32 552
32 718
33 178
33 195
33 713
33 872
33 905
33 945
34 77
34 803
34 873
35 143
35 146
35 630
35 718
35 871
35 925
36 450
36 743
36 749
37 623
37 632
37 826
37 1003
38 258
38 636
39 290
39 311
39 875
40 493
40 549
40 628
40 649
40 967
40 991
41 79
41 89
41 241
41 461
41 857
42 538
42 659
42 751
43 88
43 798
43 894
43 953
44 229
44 482
45 363
45 557
45 605
45 811
45 836
45 1006
46 51
46 65
46 395
46 425
46 426
46 464
46 717
46 953
47 48
47 54
47 247
47 469
47 539
48 132
48 505
49 402
49 418
49 551
50 258
50 604
50 795
51 669
52 103
52 198
52 377
52 400
52 595
52 744
53 132
53 682
54 204
54 600
55 186
55 447
55 668
55 966
56 249
56 427
56 454
56 704
56 788
56 862
56 973
56 996
57 113
57 558
57 955
58 102
58 621
58 837
59 386
59 608
59 714
60 175
60 706
61 197
61 199
61 313
61 420
61 458
61 698
61 912
61 931
62 309
62 332
62 380
62 705
63 165
63 421
63 497
63 566
63 579
63 623
63 893
63 921
64 209
64 403
64 410
64 413
64 479
64 499
64 519
64 897
65 102
65 541
66 92
66 791
66 904
67 601
67 743
67 784
68 607
68 619
68 820
69 137
69 272
69 898
70 665
70 873
70 992
71 117
71 330
71 445
71 546
71 603
71 666
71 836
71 864
72 401
72 569
72 629
73 93
73 357
73 516
73 586
73 807
73 889
73 939
73 980
74 290
74 651
74 840
75 257
75 797
76 107
76 277
76 348
76 363
76 439
76 663
76 801
76 942
77 275
77 649
77 738
77 780
78 428
78 692
78 757
79 201
79 659
80 634
80 645
80 733
81 92
81 433
81 941
82 239
82 433
83 185
83 559
83 818
84 100
84 290
84 915
85 138
85 364
85 503
85 684
86 168
86 652
86 757
87 387
87 490
87 852
88 541
88 706
89 655
89 870
90 803
90 938
90 1002
91 212
91 658
91 714
92 143
92 362
92 598
92 731
92 817
92 850
93 349
93 784
94 331
94 483
94 615
94 809
95 669
95 851
95 995
96 372
96 834
97 237
97 291
97 335
97 422
97 768
97 857
98 251
98 261
98 495
99 600
99 634
99 865
100 305
100 643
100 710
101 394
101 665
101 719
102 234
102 828
103 252
103 679
104 411
104 624
104 713
104 918
105 151
105 235
105 990
106 306
106 429
106 730
106 769
107 292
107 1004
108 325
108 365
108 992
109 185
109 252
109 621
110 297
110 397
110 434
110 674
110 835
110 872
111 346
111 367
111 482
112 782
112 880
112 881
113 429
113 913
113 963
114 230
114 329
114 369
115 413
115 457
115 584
115 741
115 876
115 916
116 239
116 252
116 290
117 257
117 501
118 204
118 559
118 748
119 174
119 313
119 724
119 755
119 792
119 806
119 913
120 553
120 791
120 831
121 307
121 504
121 558
122 233
122 799
123 273
123 405
123 484
123 567
123 625
123 763
123 838
123 989
124 258
124 525
124 559
125 551
125 669
125 706
126 158
126 173
126 221
126 700
126 812
126 957
127 289
127 635
127 805
128 677
128 980
128 989
128 1005
129 345
129 865
129 914
130 142
130 269
130 313
130 584
130 690
130 693
131 613
131 715
131 968
132 177
132 224
132 468
132 867
133 329
133 482
133 749
134 486
134 890
134 915
135 636
135 795
135 845
136 268
136 559
136 975
137 251
137 554
138 205
138 865
139 204
139 345
139 589
140 153
140 196
140 739
140 793
141 537
141 686
141 825
141 843
141 846
142 155
142 805
143 446
144 200
144 260
144 443
144 549
145 190
145 387
145 428
146 307
146 635
147 474
147 797
147 869
148 487
148 687
148 935
149 379
149 535
150 235
150 658
150 827
151 343
151 540
151 777
151 911
151 954
152 891
152 982
153 770
153 878
154 168
154 387
154 560
155 225
155 243
155 333
155 708
155 750
155 806
155 928
156 284
156 524
156 587
156 667
156 677
156 788
157 510
157 689
158 202
159 216
159 679
159 915
160 525
160 659
160 845
161 264
161 267
161 805
162 251
162 295
162 607
163 288
163 638
163 673
163 675
163 722
163 857
163 911
164 606
164 719
164 803
165 620
165 781
166 328
166 366
166 415
167 401
167 506
168 214
168 223
168 309
168 521
168 726
168 789
169 270
169 283
169 408
170 277
170 546
170 588
170 666
170 763
170 801
170 889
170 956
171 501
171 601
171 880
172 375
172 552
172 597
172 677
172 790
172 972
173 220
173 612
174 504
174 650
175 255
175 464
175 594
175 699
175 717
176 560
176 892
176 949
177 607
177 831
178 981
179 366
179 975
180 190
180 267
180 513
181 393
181 473
181 820
182 430
182 745
182 758
182 858
182 924
182 969
183 316
183 375
183 544
183 644
183 729
183 847
183 925
183 957
184 553
184 837
184 866
185 526
185 539
185 561
185 676
186 648
186 748
187 536
187 866
187 869
188 598
188 780
188 895
188 1001
189 278
189 358
189 909
190 411
190 417
190 841
190 888
191 369
191 890
191 958
192 456
192 751
192 839
193 328
193 937
193 981
194 210
194 240
194 380
194 469
194 568
194 775
194 946
194 956
195 208
195 541
196 720
196 797
197 367
198 652
198 689
200 749
200 880
201 209
201 481
201 631
201 704
201 736
201 984
201 987
202 262
202 310
202 792
202 794
202 847
203 608
203 682
204 352
204 642
204 822
205 288
205 485
205 531
205 580
206 258
206 326
206 659
207 575
207 784
207 880
208 672
208 742
208 774
208 833
208 927
209 839
210 529
210 589
211 416
211 962
212 284
212 303
212 308
212 497
213 224
213 249
213 437
213 524
213 599
213 615
213 966
213 988
214 261
214 299
215 366
215 600
215 914
216 342
216 344
216 919
216 926
217 299
217 504
217 805
218 294
218 386
218 401
219 246
219 428
219 653
220 324
220 639
220 674
220 696
220 816
220 905
220 974
221 554
221 784
222 350
222 661
222 694
222 847
222 974
223 408
224 689
225 959
225 979
226 229
226 935
226 959
227 287
227 589
227 882
228 232
228 450
228 863
229 732
229 934
230 234
230 322
230 561
230 642
230 672
230 747
230 798
231 354
231 558
231 783
232 250
232 260
232 693
233 398
233 509
233 699
233 925
233 964
233 971
234 402
235 453
235 579
235 660
235 673
236 507
236 554
236 716
237 502
237 891
238 287
238 653
238 852
239 280
239 432
240 525
240 849
241 559
241 751
242 406
242 665
242 990
243 937
244 834
244 958
245 757
245 824
245 852
246 266
246 309
246 392
246 425
246 637
247 510
247 648
248 300
248 697
248 769
248 796
248 842
248 898
249 759
250 634
250 902
251 391
252 344
252 412
252 642
252 710
252 930
253 435
253 791
253 863
254 714
254 733
254 751
255 851
255 986
256 823
256 882
257 348
257 373
257 810
257 814
259 569
259 610
259 651
260 542
261 317
261 350
261 762
261 812
261 951
262 474
263 368
263 787
263 862
263 1007
264 755
264 871
264 903
265 286
265 581
265 803
266 283
266 887
267 298
267 425
267 498
267 508
267 724
267 765
268 335
268 373
268 547
268 605
268 771
269 880
270 359
270 726
270 854
271 279
271 314
271 378
271 746
272 354
272 772
273 349
273 501
274 716
274 772
274 873
275 276
275 749
276 520
276 855
276 967
277 472
278 495
278 554
279 393
279 823
280 382
280 935
281 328
281 367
282 369
282 563
282 874
283 321
283 332
283 762
283 908
283 960
283 993
284 575
285 372
285 379
285 770
286 361
286 566
286 776
286 800
287 511
287 588
287 614
287 705
287 952
288 665
289 392
289 417
289 426
289 571
289 585
289 755
289 832
290 546
290 942
291 444
292 320
292 330
292 460
292 511
292 577
292 848
292 946
293 326
293 345
293 513
294 316
294 341
294 427
294 545
294 707
294 740
294 777
295 431
295 767
295 909
296 494
296 532
296 834
297 799
297 851
298 381
298 446
299 671
299 877
299 913
299 993
300 558
301 329
301 389
301 910
302 310
302 627
302 816
302 944
303 629
303 670
304 659
304 891
304 975
305 433
305 935
306 504
306 955
307 357
307 429
307 567
307 903
308 386
308 839
310 878
311 582
311 678
311 948
312 329
312 715
312 827
314 473
314 949
315 478
315 578
315 834
316 665
317 507
317 657
318 419
318 587
318 640
318 727
318 856
318 921
319 569
319 606
319 612
320 387
320 824
321 387
321 652
322 488
322 613
323 513
323 559
323 891
324 655
324 866
325 453
325 455
325 596
325 702
325 877
325 965
326 885
326 940
326 952
326 956
327 591
327 835
327 853
327 859
327 976
327 984
328 355
328 580
328 695
328 764
328 927
329 493
329 709
329 804
329 844
331 505
331 748
332 815
333 466
333 487
334 379
334 456
334 551
336 650
336 783
336 873
337 604
337 845
338 389
338 658
338 781
339 401
339 990
339 992
340 442
340 902
340 914
341 365
342 369
342 651
343 386
343 569
344 860
345 361
345 383
345 421
345 539
345 618
346 463
346 528
346 638
346 641
346 734
347 510
347 607
347 904
348 784
349 667
349 972
350 784
351 507
351 773
351 820
352 659
352 818
353 608
353 629
353 813
354 664
354 730
354 737
354 861
355 406
355 711
356 409
356 523
356 711
357 529
358 607
358 892
359 548
359 1002
360 472
360 538
360 655
361 658
362 564
362 837
363 501
364 604
365 531
365 544
365 660
365 787
365 970
366 485
366 618
366 684
366 821
366 936
367 656
367 928
367 929
368 444
368 606
369 377
369 438
370 379
370 532
370 578
371 606
371 759
372 631
372 745
372 843
372 996
373 655
374 635
374 922
374 955
375 682
376 418
376 685
376 837
377 875
378 507
378 607
379 599
379 753
379 897
381 448
381 585
381 819
381 855
381 923
382 459
382 611
382 643
382 731
382 884
383 525
383 975
384 514
384 523
384 604
385 662
385 733
385 914
386 537
386 640
386 790
386 924
387 868
388 529
388 652
388 986
389 623
389 688
390 510
390 773
390 831
391 773
391 892
392 706
393 431
393 879
394 484
394 586
394 654
394 787
394 854
394 933
394 985
395 669
395 685
396 513
396 525
396 600
397 529
397 823
398 922
399 714
399 823
399 851
400 560
400 682
401 673
401 725
402 489
402 530
402 850
402 894
403 472
403 648
404 786
404 793
404 843
404 858
405 541
405 548
406 515
406 684
406 999
407 658
407 968
407 992
408 737
408 779
408 796
409 424
409 480
409 722
409 907
409 929
410 670
410 751
411 564
412 797
412 890
413 662
414 648
414 852
415 423
415 465
415 533
415 691
415 948
416 465
416 515
416 572
416 656
416 742
416 821
417 975
418 576
419 629
419 839
420 878
420 962
421 938
422 803
422 878
423 840
423 958
424 610
426 815
427 612
428 496
428 731
428 802
430 478
430 689
431 560
432 543
432 915
433 496
433 633
433 883
434 473
434 882
435 475
435 476
435 965
435 967
435 1001
436 687
436 959
437 834
437 874
438 613
438 621
439 852
440 550
440 881
440 904
441 878
441 896
442 443
442 681
442 690
443 863
444 454
444 476
444 683
444 776
444 977
445 852
445 1004
446 571
446 583
446 819
446 997
447 578
448 743
448 782
449 563
449 797
449 915
450 681
450 991
451 653
451 815
451 941
452 529
452 560
452 995
453 665
454 719
455 657
455 772
456 457
456 646
456 723
456 950
456 987
456 994
457 645
458 573
458 937
459 553
459 941
460 505
461 982
461 990
462 511
462 637
462 775
462 802
463 502
463 990
464 551
465 865
466 912
467 501
467 575
467 743
468 773
468 904
469 882
470 564
470 655
470 869
471 687
471 735
472 603
472 723
473 752
473 808
473 964
474 491
474 696
475 550
475 749
476 873
477 582
477 695
477 756
477 821
477 830
477 947
478 753
478 846
479 551
479 834
480 990
481 733
481 813
482 512
482 537
482 628
482 758
482 907
483 648
483 818
485 514
486 627
486 696
486 793
486 811
486 814
486 906
486 930
487 698
487 732
488 592
488 744
488 785
488 804
489 553
489 564
490 577
490 624
490 945
491 527
491 878
492 545
492 700
492 973
492 974
493 735
494 753
494 809
494 966
495 697
495 861
496 553
497 813
498 692
498 975
499 645
500 533
500 688
500 830
500 844
501 661
501 812
501 980
502 547
502 722
502 725
502 766
502 916
502 954
503 523
503 636
505 519
505 590
505 668
505 723
505 943
506 616
506 709
506 954
508 782
508 881
509 669
509 986
510 943
510 988
512 687
512 937
513 728
513 771
513 832
513 936
514 721
514 999
515 610
516 882
516 955
517 534
517 781
517 890
518 569
518 665
519 870
520 831
520 881
521 815
521 887
522 691
522 778
522 830
522 883
522 884
522 1003
523 528
523 557
523 633
523 814
523 884
524 606
525 588
526 659
526 748
527 703
527 944
527 957
528 610
529 808
529 838
530 685
530 799
531 990
532 686
532 969
533 534
534 611
534 633
534 826
534 947
535 626
535 647
535 704
535 825
535 858
536 605
536 639
536 760
536 810
538 675
538 736
538 760
538 768
540 715
541 586
541 622
542 681
542 738
542 1001
543 609
543 678
543 710
543 801
543 864
544 569
545 606
547 982
548 701
548 807
548 900
548 920
548 970
548 1007
549 743
550 649
550 923
551 978
552 689
553 583
553 630
553 895
554 661
554 789
554 917
554 993
555 570
555 824
555 961
556 564
556 570
556 692
557 797
559 736
559 885
560 908
560 919
560 1000
561 915
562 613
562 735
562 749
563 592
563 778
563 826
563 930
564 639
564 672
564 761
565 770
565 896
566 600
567 882
568 887
568 1004
569 973
570 888
570 945
571 881
572 981
573 656
573 708
573 764
574 664
574 726
574 800
574 842
574 901
574 960
575 625
575 727
575 737
575 842
575 889
576 851
577 757
578 615
579 968
580 610
581 854
581 920
581 977
582 958
583 922
584 743
585 782
587 601
589 676
589 867
589 943
590 770
590 852
591 904
592 958
593 600
593 658
593 938
594 685
594 706
595 860
595 915
596 617
596 716
597 629
597 714
598 831
599 958
600 676
600 940
601 664
601 763
601 796
601 939
602 820
602 823
602 949
603 849
606 626
606 631
608 644
608 667
608 1005
609 840
609 875
610 740
610 794
612 694
613 616
613 628
613 688
613 983
614 887
616 827
617 701
617 861
617 898
617 932
617 985
618 634
619 746
619 917
619 951
620 632
620 844
620 983
621 761
621 804
621 822
621 833
621 894
622 961
622 981
624 961
625 849
626 751
627 869
629 758
629 777
630 782
632 658
634 690
634 859
635 724
636 721
637 941
640 670
641 735
641 962
644 689
645 853
646 648
646 870
647 770
647 834
648 848
648 867
650 702
650 762
650 789
650 963
651 678
651 707
651 744
652 712
652 767
652 879
652 926
653 946
654 772
654 986
655 1006
657 917
657 932
658 856
659 771
660 873
662 859
662 994
663 849
663 870
665 1007
666 870
668 818
669 998
670 987
671 873
674 961
675 982
680 995
682 846
682 926
682 969
682 988
683 878
683 982
685 897
685 950
686 689
689 919
691 910
692 832
692 868
692 918
693 914
694 869
695 865
697 772
698 979
699 995
700 869
701 986
703 711
703 805
705 1004
706 765
706 828
706 998
707 711
709 968
711 734
711 792
712 882
712 995
713 824
714 921
714 964
714 984
715 725
716 951
717 937
718 851
719 970
720 745
720 825
720 906
727 759
728 865
729 851
729 922
735 924
735 929
735 934
738 791
740 875
741 986
742 937
743 899
743 997
746 773
747 866
747 981
750 962
751 976
751 996
752 813
752 851
754 795
754 865
754 975
756 840
756 874
757 841
757 908
759 972
759 1005
760 870
761 981
764 962
765 815
766 986
767 949
768 990
769 783
770 848
772 900
773 909
774 961
775 852
776 1002
778 781
779 938
779 1004
780 863
782 817
783 877
784 836
784 989
785 874
785 890
786 797
786 896
790 813
794 805
795 936
797 816
798 837
799 978
800 1004
802 815
803 829
803 862
803 965
805 931
805 963
806 902
810 891
813 856
813 971
813 976
817 922
819 880
822 915
823 971
827 893
829 982
831 835
831 923
833 866
834 950
837 978
838 955
841 941
845 885
849 864
849 939
849 942
849 952
850 866
853 914
855 904
865 999
866 888
866 918
868 941
869 872
869 886
871 955
873 932
874 948
876 880
876 902
878 928
879 892
880 991
881 997
882 1000
886 961
890 1003
891 1006
893 992
895 904
896 906
899 902
900 995
901 938
902 931
903 922
907 962
910 947
910 983
911 992
912 959
916 995
933 1002
934 937
937 998
938 977
940 975
985 995
986 1000
