3528 7056
0 157
0 849
0 2143
0 2274
1 1433
1 1595
1 3081
1 3268
2 1927
2 1967
2 3419
3 478
3 538
3 1471
4 2012
4 2864
4 2923
5 2525
5 3329
5 3331
6 319
6 395
6 3161
7 940
7 1625
7 1659
7 2700
7 2966
7 3271
8 110
8 1023
8 1227
8 1472
8 2127
8 2321
8 2579
8 3054
9 51
9 2287
9 2909
10 842
10 1858
10 3370
11 1051
11 2169
11 2176
12 309
12 801
12 2809
13 139
13 501
13 2616
14 1546
14 1590
14 2783
15 630
15 2564
15 3449
16 224
16 243
16 1609
16 2406
16 2423
16 2855
16 3102
16 3291
17 379
17 2076
17 2986
18 1065
18 1582
18 1650
18 1835
18 2369
18 2599
18 2873
18 3027
19 1204
19 1223
19 2944
20 1775
20 2276
20 2412
21 1120
21 1138
21 1506
21 1916
22 395
22 1063
22 2082
23 163
23 2353
23 2856
24 625
24 2102
24 2408
25 299
25 961
25 1479
26 567
26 1654
26 2044
27 717
27 3130
27 3328
28 1266
28 1708
28 1714
29 891
29 1110
29 2160
29 2581
29 2990
29 3398
30 534
30 631
30 2380
30 2835
31 1870
31 2026
31 3079
32 40
32 1270
32 3059
33 99
33 412
33 2110
34 52
34 1291
34 3484
35 324
35 1993
35 2439
36 742
36 990
36 2738
37 629
37 1680
37 2463
38 412
38 740
38 2244
39 133
39 2659
39 3183
40 193
40 219
40 775
40 823
40 978
40 1275
40 1839
41 1428
41 1661
41 2275
41 2745
42 868
42 1149
42 3107
43 1993
43 2508
43 2665
44 1951
44 1956
44 1959
45 1039
45 1807
45 1857
46 685
46 2505
46 2882
47 61
47 136
47 644
47 837
47 1347
47 2429
47 2509
47 2625
48 3047
48 3178
48 3256
49 109
49 458
49 1068
50 2207
50 2715
50 3246
51 225
51 2046
51 2118
51 2147
51 2312
52 494
52 844
52 1922
52 2642
52 2645
53 133
53 478
53 3275
54 321
54 1674
54 1887
55 123
55 1380
55 1480
56 601
56 1655
56 1727
57 794
57 1363
57 2230
58 2082
58 3181
58 3226
59 678
59 1727
59 3151
60 591
60 852
60 926
60 2574
60 2660
60 2877
60 3012
60 3164
61 949
61 1604
62 885
62 1438
62 1763
62 2060
62 2663
62 3200
63 277
63 592
63 807
63 1449
63 1744
63 3054
64 1887
64 2352
64 2911
65 1541
65 2372
65 3172
66 1166
66 2063
66 2428
67 437
67 1687
67 3497
68 2068
68 2199
68 3520
69 603
69 1683
69 3092
70 1249
70 1827
70 2168
71 333
71 924
71 3039
72 298
72 2463
72 2528
73 640
73 1080
73 1642
73 1849
73 1852
73 3196
74 645
74 673
74 1368
74 1457
74 2050
74 2597
74 3086
74 3204
75 724
75 2041
75 2431
75 2533
75 2723
75 3051
76 2728
76 2813
76 2903
77 251
77 1548
77 3349
78 2434
78 2618
78 3082
79 505
79 1590
79 3468
80 203
80 2742
80 3353
81 1056
81 1480
81 2909
82 411
82 2665
82 2968
83 406
83 2068
83 2999
84 1592
84 2750
84 3346
84 3472
85 672
85 1408
85 2783
86 414
86 1037
86 2682
87 295
87 621
87 712
87 1623
87 1778
87 3037
88 1083
88 2053
88 2689
89 2463
89 3349
89 3432
90 99
90 669
90 2204
91 833
91 2515
91 3399
92 501
92 1890
92 2469
93 761
93 2289
93 3010
94 662
94 846
94 1139
95 622
95 989
95 1792
95 2048
95 2254
95 2949
96 1167
96 1189
96 2720
96 3084
97 1007
97 1445
97 1515
97 1970
97 2062
97 2550
98 594
98 596
98 786
98 1643
98 2191
98 3191
99 475
99 513
99 566
99 1684
100 697
100 740
100 1951
101 1668
101 3106
101 3470
102 485
102 1142
102 1545
102 2183
102 2483
102 2747
102 3293
102 3441
103 236
103 893
103 1536
103 2713
104 1845
104 2693
104 3221
105 298
105 1187
105 3359
106 956
106 1639
106 2030
106 2613
106 3091
106 3212
107 2675
107 3332
107 3497
108 416
108 1781
108 1878
108 3094
109 318
109 861
109 1067
109 1388
109 2296
110 191
110 1266
111 502
111 1726
111 1881
111 2462
111 2801
111 3291
112 128
112 336
112 1160
112 1973
112 2453
112 2795
113 173
113 439
113 3321
114 1946
114 2180
114 3003
115 643
115 841
115 2944
116 599
116 1706
116 3168
117 553
117 1596
117 1929
118 504
118 3009
118 3214
119 455
119 887
119 3449
120 203
120 1850
120 3290
121 484
121 2514
121 2690
122 322
122 664
122 1307
122 2249
123 634
123 1473
123 2826
124 2124
124 2337
124 3352
124 3492
125 2608
125 2630
125 2728
126 1128
126 2142
126 2244
127 208
127 283
127 2680
128 2180
128 2654
129 481
129 882
129 1776
129 2780
130 150
130 180
130 586
130 1079
130 2217
130 3205
131 1196
131 2681
131 2780
131 3254
132 667
132 1056
132 2411
133 290
133 353
133 755
133 870
133 1978
133 2755
134 605
134 981
134 2294
134 2751
134 2883
134 3208
134 3299
134 3392
135 1546
135 2415
135 2522
136 2325
136 3125
137 1773
137 1972
137 2001
137 2045
137 2990
137 3083
138 948
138 2442
138 2480
139 1980
139 2019
139 2283
139 2557
139 2831
139 2933
139 3129
140 620
140 1912
140 2210
141 643
141 3261
141 3375
142 1463
142 1665
142 1912
143 1550
143 1741
143 2753
144 310
144 602
144 2244
145 287
145 1927
145 3500
146 227
146 1166
146 3461
147 742
147 1022
147 2395
148 864
148 1712
148 1912
149 1748
149 2401
149 2555
149 3242
150 2121
150 3445
151 1327
151 1532
151 2904
152 1234
152 2494
152 3437
153 495
153 666
153 1052
153 2060
153 2132
153 2203
153 2302
153 3436
154 1847
154 2339
154 2397
155 1429
155 1644
155 1839
155 2227
155 2369
155 2464
155 3021
155 3314
156 809
156 1628
156 1882
157 2373
157 3513
158 2325
158 2517
158 2732
159 571
159 2715
159 3429
160 428
160 1765
160 1989
161 772
161 1526
161 2042
161 2641
161 3438
161 3487
162 1175
162 1267
162 2594
163 550
163 808
163 1886
163 2274
163 2506
164 1755
164 2653
164 3429
165 579
165 1105
165 1278
165 1314
165 2067
165 2661
165 2951
165 3040
166 339
166 610
166 2387
167 1769
167 2081
167 2562
168 297
168 1705
168 2293
168 2306
168 2537
168 2832
168 2910
168 2975
169 723
169 788
169 978
169 1152
169 1616
169 2154
170 507
170 2587
170 3226
171 2492
171 2666
171 3513
172 906
172 1288
172 1701
172 1972
172 2211
172 2586
172 3000
172 3232
173 1048
173 1430
173 3473
174 1391
174 2005
174 2039
175 1086
175 2902
175 3351
176 1452
176 2204
176 2519
177 874
177 1188
177 1747
177 3024
177 3219
177 3228
178 1196
178 1419
178 1795
178 1954
179 587
179 2151
179 2158
180 1250
180 1974
181 218
181 1171
181 2552
182 958
182 1666
182 2346
183 1053
183 1711
183 1733
183 1856
183 2096
183 2187
183 2540
183 3306
184 1698
184 1754
184 2459
185 532
185 1072
185 1958
185 2087
185 2545
185 2814
185 3171
185 3248
186 833
186 2489
186 2719
187 272
187 1235
187 2059
187 3274
187 3385
187 3466
188 384
188 706
188 1345
188 1358
188 1425
188 1457
188 2349
188 3397
189 2530
189 2911
189 3220
190 884
190 2607
190 3220
191 1235
191 1961
191 2290
191 2535
191 2691
192 484
192 3010
192 3018
193 1396
193 2459
194 1308
194 1676
194 2192
194 2195
194 2487
194 2891
194 2901
194 3053
195 303
195 1126
195 1780
196 1615
196 2578
196 2608
197 840
197 1357
197 2049
197 2234
197 2481
197 3405
198 627
198 850
198 1912
199 666
199 1374
199 1454
199 1888
199 2288
199 2884
199 3120
199 3167
200 1452
200 1681
200 2412
201 1304
201 1966
201 2549
202 1563
202 1670
202 2231
202 2400
203 695
203 879
203 2064
203 2637
204 1148
204 2732
204 3370
205 1009
205 1284
205 1290
205 2196
205 3028
205 3436
206 579
206 860
206 1679
206 1715
206 1794
206 2691
207 380
207 636
207 2037
208 297
208 618
208 699
208 769
208 2857
208 2983
208 3487
209 399
209 2044
209 2207
210 1100
210 1340
210 1717
211 642
211 1996
211 2719
212 2023
212 2395
212 2738
213 371
213 1629
213 3162
214 395
214 1019
214 2789
215 1037
215 2077
215 2646
216 2485
216 2607
216 3408
217 420
217 1215
217 1956
218 361
218 460
218 1307
218 2189
218 2351
218 2891
218 3414
219 313
219 884
220 935
220 1177
220 1830
221 619
221 1371
221 1443
221 2088
222 688
222 1704
222 2126
223 845
223 995
223 1226
223 1579
223 2231
223 2820
224 2704
224 3505
225 1090
225 1905
226 937
226 2377
226 3008
227 2717
227 2802
227 2910
227 3323
227 3325
228 507
228 1149
228 3104
229 1654
229 1952
229 2011
230 374
230 1259
230 3139
231 886
231 1621
231 2358
232 1637
232 3069
232 3417
233 1018
233 3421
233 3435
234 299
234 1917
234 2123
235 383
235 904
235 1115
235 1429
235 2472
235 2572
235 2684
235 2998
236 1529
236 2180
237 306
237 516
237 1797
237 2973
238 326
238 2122
238 2710
239 1492
239 2924
239 3250
240 1542
240 2279
240 2330
241 1223
241 1494
241 2015
242 584
242 721
242 844
242 1461
242 1747
242 2648
242 2824
242 2994
243 380
243 3118
244 321
244 2792
244 3275
245 267
245 640
245 900
245 2048
245 2382
245 2825
245 2826
245 3388
246 376
246 942
246 1280
246 1317
246 1879
246 2306
246 2717
246 3245
247 2135
247 2168
247 2318
248 998
248 2081
248 2841
249 524
249 1369
249 1804
249 2062
249 2701
249 3032
249 3343
249 3499
250 445
250 737
250 1416
251 703
251 1696
251 2473
251 2898
251 3401
252 482
252 505
252 3122
253 1175
253 1820
253 2117
254 421
254 873
254 899
254 2096
254 3262
254 3297
255 534
255 932
255 975
255 1150
255 1821
255 2030
255 2211
255 3025
256 313
256 590
256 1270
257 437
257 1223
257 2419
258 305
258 2923
258 3456
259 963
259 2106
259 2239
260 468
260 1402
260 2508
261 262
261 2383
261 2817
262 1478
262 2277
262 2695
263 982
263 1871
263 2882
264 1687
264 2273
264 2726
265 1669
265 2032
265 2072
265 3013
265 3048
265 3282
266 1363
266 2450
266 2903
267 458
267 815
268 491
268 2034
268 2339
269 920
269 2221
269 3092
270 489
270 1229
270 2494
271 1060
271 2774
271 2904
272 1708
272 1957
273 1191
273 1727
273 3330
274 650
274 1074
274 1217
274 1977
274 2304
274 2333
274 2957
274 3067
275 615
275 1232
275 1449
275 2268
275 2418
275 3048
275 3085
275 3264
276 751
276 1231
276 1866
277 1311
277 2318
278 935
278 2528
278 2632
279 841
279 1363
279 2258
280 985
280 2099
280 2724
281 1630
281 1905
281 2287
282 2735
282 3162
282 3412
283 714
283 880
283 2297
283 2709
283 2846
284 605
284 682
284 1202
284 1498
284 1785
284 2336
284 2453
284 2963
285 655
285 1519
285 1539
286 352
286 853
286 1169
286 2703
287 825
287 2096
287 2547
287 3197
287 3390
288 1866
288 2417
288 2459
289 355
289 1207
289 1562
289 3527
290 1654
290 2044
291 1296
291 1455
291 2615
292 610
292 2459
292 3333
293 389
293 962
293 1411
293 2866
294 1267
294 1444
294 1674
295 1596
295 1819
296 718
296 2653
296 2859
297 2366
298 1108
298 2291
298 3293
298 3486
299 1565
299 1747
299 2414
299 2595
299 2805
299 3341
300 363
300 1829
300 2683
301 397
301 822
301 918
301 1696
301 1723
301 1764
301 2568
301 3434
302 2099
302 2653
302 3246
303 1915
303 2006
303 2393
303 2451
303 3123
304 938
304 1213
304 2345
305 725
305 1809
305 3228
306 2762
306 3420
307 350
307 1073
307 1248
307 1631
307 2075
307 2767
308 623
308 2682
308 3340
309 352
309 2775
309 2973
310 611
310 911
310 3051
310 3245
310 3320
311 1769
311 2417
311 3403
312 486
312 2704
312 3132
313 644
313 1151
313 2819
313 2954
313 2987
313 3255
314 1251
314 2874
314 3003
315 1520
315 1789
315 2856
316 809
316 2061
316 3044
317 1092
317 1583
317 3460
318 343
318 1383
319 701
319 913
319 1099
319 1661
319 1867
319 1873
319 2378
320 1544
320 2432
320 2534
320 3319
321 881
321 1908
321 2431
321 2858
321 3463
321 3469
322 501
322 1637
323 1117
323 3082
323 3520
324 834
324 1439
324 1523
324 1691
324 1804
325 2442
325 2728
325 3076
326 775
326 837
326 3021
326 3057
326 3193
327 761
327 1304
327 2289
328 817
328 1046
328 1580
329 1677
329 1893
329 2340
330 1258
330 2220
330 2912
331 1035
331 1237
331 1679
331 1961
331 2609
331 2921
332 900
332 1675
332 2766
332 3042
333 465
333 789
333 1034
333 1208
333 2025
333 2633
333 2830
334 1704
334 2450
334 3462
335 1400
335 2034
335 2397
336 410
336 1375
337 590
337 884
337 3059
338 684
338 2092
338 2370
339 901
339 1047
339 3156
340 704
340 1341
340 2666
341 343
341 760
341 1580
342 462
342 2012
342 3076
343 1124
343 2761
344 740
344 1224
344 3432
345 921
345 1520
345 3031
346 425
346 792
346 1213
347 977
347 1252
347 2578
348 2345
348 2746
348 2748
349 548
349 726
349 1485
349 3492
350 2865
350 3246
351 810
351 1016
351 1134
351 1693
351 2003
351 2101
352 731
353 1527
353 3045
354 1018
354 1286
354 3187
355 2706
355 3035
356 1030
356 1635
356 1695
356 1762
356 2364
356 2649
357 2102
357 2151
357 2563
358 1355
358 2810
358 3500
359 1591
359 1632
359 2375
360 917
360 1628
360 2428
361 1258
361 3069
362 1591
362 1604
362 2991
363 453
363 1417
363 1515
363 2042
363 2452
363 2454
363 2846
364 1225
364 1397
364 1535
364 2460
364 2754
364 3081
365 2169
365 2421
365 3029
366 549
366 751
366 3403
367 1751
367 2228
367 2706
368 815
368 2810
368 3078
369 763
369 1326
369 1415
369 1658
369 2787
369 2896
370 757
370 2864
370 3371
371 641
371 1357
371 1508
371 2013
371 2056
371 2914
371 3054
372 387
372 2207
372 2809
373 865
373 1851
373 2082
374 1486
374 1663
374 2027
375 2126
375 3009
375 3158
376 1384
376 2240
377 1351
377 1985
377 3076
378 702
378 1054
378 1840
379 385
379 723
379 823
379 1170
379 2025
380 1221
380 1517
380 1643
380 2173
380 2815
380 3451
381 1857
381 3079
381 3395
382 1520
382 1720
382 1768
383 1854
383 2135
384 746
384 1974
385 1344
385 1832
386 772
386 880
386 1636
386 1705
386 1930
386 2136
386 2863
386 3222
387 490
387 523
387 2796
387 2867
387 3268
388 1822
388 2388
388 2960
389 2821
389 3461
390 556
390 2084
390 2786
391 1355
391 1771
391 2383
392 1259
392 1384
392 2110
393 2367
393 2902
393 2923
394 717
394 1780
394 3500
395 726
395 996
395 1244
396 834
396 2321
396 2573
396 2930
397 1959
397 3428
398 1524
398 3367
398 3520
399 716
399 858
399 1315
399 2278
399 2443
400 1325
400 2178
400 3484
401 506
401 2746
401 2851
402 799
402 1022
402 3103
403 814
403 2123
403 3495
404 510
404 2480
404 2608
405 473
405 1662
405 3442
406 735
406 778
406 830
406 1297
406 1995
406 2478
406 2584
407 835
407 2480
407 2813
408 687
408 1043
408 1512
409 1408
409 2419
409 3241
410 1800
410 2336
410 3316
411 695
411 750
411 1382
412 942
412 2208
412 2543
412 2623
412 2975
412 3510
413 1197
413 2843
413 3237
413 3300
414 1354
414 1992
414 2209
414 2356
414 2535
415 819
415 1377
415 2385
416 1724
416 1989
417 541
417 682
417 2756
417 2803
417 2922
417 3101
418 1375
418 2370
418 2421
419 2438
419 3076
419 3456
420 1504
420 2105
420 2125
420 2707
420 3215
421 2204
421 2485
422 697
422 1390
422 1529
423 2207
423 2219
423 3158
424 835
424 1363
424 2126
425 1362
425 3115
425 3153
426 1260
426 1287
426 2614
427 2372
427 2704
427 3077
428 1660
428 1739
428 1835
428 2603
428 3094
429 1463
429 2210
429 3490
430 1128
430 2617
430 3263
431 1216
431 1788
431 1901
431 1969
431 2306
431 3247
432 498
432 2053
432 2149
433 990
433 1741
433 2541
434 1180
434 1338
434 2152
434 2727
434 2734
434 2955
435 2022
435 2502
435 2548
435 2885
436 1130
436 1690
436 1780
437 1262
437 2447
437 2483
437 2513
437 2699
437 3491
438 921
438 1258
438 1496
439 646
439 1371
439 1897
440 1059
440 2018
440 2087
440 3284
441 1356
441 1887
441 3485
442 720
442 945
442 2748
443 578
443 773
443 1521
444 1211
444 1588
444 2471
445 1612
445 1623
445 1785
445 2247
445 2989
446 672
446 875
446 1590
447 462
447 948
447 3456
448 2215
448 2409
448 2570
449 1830
449 2273
449 3087
450 1692
450 2446
450 3139
451 1611
451 1710
451 2710
452 624
452 1076
452 1113
452 1254
452 2662
452 3174
453 1028
453 1740
454 875
454 2434
454 2746
455 676
455 1144
455 1335
455 1794
455 2237
455 2507
455 2743
456 862
456 1191
456 2015
457 1845
457 2489
457 3340
458 1124
458 1243
458 1319
458 1345
458 1638
458 3095
459 669
459 3107
459 3329
460 3250
460 3354
461 670
461 1431
461 1799
461 2006
461 2145
461 2392
461 2599
461 2946
462 716
462 3493
463 704
463 2616
463 3417
464 1307
464 1446
464 1745
464 2255
464 2875
464 3334
465 2656
465 3456
466 2179
466 2207
466 3233
467 1832
467 2986
467 3039
468 1772
468 2526
468 2981
468 3025
468 3124
469 2126
469 2936
469 3462
470 2090
470 3109
470 3464
471 1135
471 1701
471 2193
471 2263
471 2648
471 2713
472 1012
472 1029
472 1040
472 1069
472 1730
472 1935
472 2555
472 2772
473 542
473 925
473 994
473 1101
473 1158
473 1752
473 3217
474 1677
474 1960
474 2868
475 946
475 2264
476 2149
476 2656
476 3286
477 509
477 1248
477 2698
477 2935
478 1902
478 2479
479 1181
479 2856
479 3178
480 1390
480 1780
480 2719
481 803
481 1951
482 617
482 1095
482 1617
482 2663
482 2828
483 1630
483 1735
483 2044
484 2374
484 2567
484 2569
484 3088
484 3369
484 3400
485 657
485 3186
486 554
486 1076
486 1145
486 1151
486 1837
486 1855
486 1881
487 629
487 1187
487 1396
488 1654
488 2179
488 3152
489 797
489 2402
489 2791
490 835
490 1615
491 650
491 980
491 1470
491 1634
491 1652
491 1911
491 3113
492 1092
492 2021
492 2762
493 567
493 599
493 3178
494 2531
494 2678
495 2493
495 2879
496 1059
496 2233
496 3171
496 3453
497 599
497 920
497 1550
498 524
498 822
498 993
498 1456
498 2006
498 2566
498 2739
499 2665
499 3181
499 3290
500 587
500 2563
500 3158
501 777
501 1109
501 2444
501 3053
501 3410
502 1662
502 2372
503 667
503 2915
503 3321
504 713
504 1222
504 3459
505 795
505 1236
505 1387
505 1962
505 2100
505 3344
506 531
506 2100
506 2747
507 863
507 1321
507 1459
507 2401
507 3117
507 3384
508 556
508 1286
508 2053
509 1601
509 1755
510 820
510 1024
510 1709
510 2558
510 2602
510 2628
510 3524
511 636
511 1019
511 2338
512 1735
512 1890
512 2606
513 3139
513 3408
514 1467
514 1547
514 1554
514 2114
514 2486
514 2830
514 2888
514 3398
515 556
515 3321
515 3387
516 958
516 2138
517 2345
517 2964
517 3394
518 2320
518 2890
518 2907
518 3116
519 1870
519 2440
519 3199
520 678
520 920
520 1107
521 827
521 968
521 1672
521 2899
522 952
522 1966
522 3131
523 2135
523 2865
524 1796
525 998
525 1917
525 2421
526 667
526 1580
526 1593
527 1098
527 1413
527 3233
528 2142
528 2455
528 2671
529 851
529 1714
529 2670
530 1471
530 2606
530 2833
531 657
531 2419
532 1086
532 3279
533 549
533 574
533 1442
534 2765
535 940
535 1899
535 2200
535 2283
535 2305
535 2495
535 2707
535 3060
536 2101
536 2300
536 3393
536 3425
537 1184
537 1474
537 2021
538 650
538 1488
538 2644
538 2778
538 3422
539 1407
539 2991
539 3125
540 560
540 572
540 1243
540 1337
540 1368
540 1487
540 1597
540 2017
541 3001
541 3224
542 638
542 937
543 2198
543 3354
543 3445
544 945
544 2851
544 3186
545 587
545 2408
545 3143
546 1107
546 2346
546 3330
547 587
547 625
547 1607
548 1976
548 2239
549 2050
549 2182
549 2386
549 2905
549 2953
549 3283
550 921
550 3178
551 1089
551 3333
551 3501
552 934
552 3132
552 3431
553 1362
553 2760
553 2804
554 1318
554 1455
555 946
555 1365
555 2039
556 1600
556 1641
556 2224
557 1607
557 2102
557 3143
558 2129
558 2330
558 3354
559 1807
559 2026
559 3035
560 1476
560 1607
561 752
561 788
561 1312
561 1537
561 2192
561 2250
562 857
562 901
562 1158
562 1440
562 2312
562 2819
562 2962
562 3002
563 1128
563 2039
563 2689
564 675
564 1355
564 1690
565 1613
565 2669
565 2679
565 3223
566 2039
566 2541
567 1290
567 2705
567 2828
567 3344
567 3450
567 3526
568 1341
568 1735
568 1826
569 1541
569 1578
569 1588
570 1033
570 1500
570 1677
571 1202
571 1248
571 1255
571 1955
571 2392
571 2572
571 2803
572 2408
572 3431
573 779
573 2018
573 2778
573 2895
574 584
574 1111
574 1135
574 1472
574 1635
574 2823
574 2892
575 643
575 2198
575 2822
576 923
576 1518
576 1531
576 2145
576 2394
576 2464
576 2603
576 2627
577 1005
577 3387
577 3419
578 1935
578 3225
578 3242
579 3449
580 1727
580 2073
580 3517
581 688
581 1075
581 2977
582 2264
582 3149
582 3224
583 1181
583 1401
583 2774
584 3019
585 1182
585 1532
585 2630
586 2129
586 3261
587 2386
587 3072
588 898
588 1082
588 2657
588 2681
589 2163
589 2928
589 3263
590 723
590 896
590 1173
590 1626
590 2959
590 3021
591 1549
591 2061
592 1391
592 1854
593 1068
593 1580
593 2894
594 2037
594 3333
595 766
595 1583
595 1942
596 1393
596 2338
597 1075
597 1890
597 2827
598 757
598 2358
598 2546
599 796
599 1052
599 3448
600 937
600 949
600 2617
601 639
601 907
601 1602
601 2152
601 2300
601 2361
601 3369
602 769
602 894
602 901
602 1110
602 1140
602 1811
602 1879
603 696
603 721
603 892
603 1389
603 1883
603 3179
603 3244
604 2165
604 2582
604 2710
605 1054
606 2038
606 2314
606 3016
607 973
607 2363
607 2899
607 3030
607 3308
607 3366
607 3373
607 3402
608 2864
608 3145
608 3456
609 773
609 3104
609 3107
610 1221
610 2160
610 2242
610 3083
611 1848
611 3263
612 738
612 982
612 3064
613 647
613 2742
613 2813
614 2194
614 3004
614 3408
615 1286
615 1499
616 1611
616 2324
616 2616
617 1787
617 2634
618 2142
618 3103
619 794
619 2869
620 1889
620 2162
620 2238
621 1869
621 2528
622 1532
622 2551
623 1091
623 2691
623 2850
623 2853
623 3294
624 3190
624 3206
625 793
625 2733
626 1958
626 2112
626 2172
626 2941
626 3055
626 3289
627 895
627 918
627 1431
627 1915
627 2812
627 2836
627 3032
628 1934
628 2494
628 2889
629 1545
629 1863
629 1945
629 2776
630 915
630 1003
630 1210
630 2454
630 3499
631 1713
631 2348
632 1620
632 2634
632 3229
633 1365
633 2264
633 2541
634 960
634 1132
635 687
635 833
635 2640
636 909
636 1000
636 1164
636 2794
637 757
637 999
637 3206
638 1246
638 1749
638 2108
638 2161
638 2392
639 1546
639 2583
640 1996
641 2882
641 3064
642 1559
642 2156
642 2243
642 2269
642 2842
643 1329
643 1586
643 3208
644 2387
645 1769
645 1917
646 2230
646 2869
647 995
647 1064
647 1071
647 1522
647 2078
647 2286
647 2436
648 1177
648 1258
648 2492
649 1398
649 1555
649 2259
651 1687
651 2230
651 3148
652 1119
652 1405
652 1483
652 1919
652 2223
652 2858
653 678
653 2527
653 2630
654 992
654 1120
654 1353
654 1501
654 3055
654 3140
655 767
655 1661
655 2047
655 2588
655 3465
656 1898
656 1943
656 3218
657 987
657 1329
657 2107
657 3067
658 855
658 1083
658 1887
659 1645
659 1923
659 2090
660 1793
660 2377
660 3106
661 827
661 1095
661 1205
661 1412
661 1495
661 2350
662 1874
662 2521
662 3114
663 776
663 790
663 929
663 3248
664 2116
664 3417
665 1365
665 2080
665 2110
666 2461
667 890
667 971
667 1146
667 2725
667 3457
668 1938
668 2273
668 2419
669 916
669 947
669 1321
669 1936
669 2027
669 3475
670 2163
670 2492
671 992
671 1125
671 1332
671 1688
671 1930
671 2181
671 2280
671 2452
672 871
672 1602
672 1693
672 2308
672 2575
672 3267
673 1543
673 2115
674 1311
674 2005
674 2264
675 1478
675 1981
675 3227
676 2352
676 3056
677 1539
677 1770
677 2061
678 1150
678 1268
678 1598
678 1709
678 3374
679 1997
679 2165
679 2389
680 1250
680 1840
680 3464
681 864
681 1683
681 1805
682 1827
683 1455
683 2546
683 3190
684 1788
684 2989
684 3325
685 789
685 1303
685 2920
685 2940
685 3238
685 3301
685 3434
686 1318
686 2106
686 2675
687 1029
687 1856
687 2252
687 2897
687 3119
687 3169
688 1163
688 1420
688 2365
688 2639
689 1870
689 2298
689 2622
690 742
690 1291
690 1805
691 3031
691 3221
691 3364
692 954
692 1397
692 2293
692 2796
692 3141
692 3510
693 2340
693 2656
693 3488
694 1300
694 2470
694 3500
695 2508
696 1352
696 2455
697 1020
697 1378
697 2243
697 2368
698 1843
698 2304
698 2895
698 3422
699 1648
699 2115
700 1766
700 3335
700 3387
701 886
701 2241
702 973
702 1066
702 1800
702 3205
702 3236
703 2149
703 3476
704 1109
704 1464
704 1836
704 1984
704 2200
704 3170
705 1580
705 2654
705 2986
706 1607
706 3431
707 1452
707 3079
707 3134
708 1890
708 2434
708 3417
709 958
709 2021
709 2388
710 1140
710 2242
710 3002
710 3231
711 990
711 1175
711 3520
712 1218
712 2258
713 2522
713 2752
714 2564
714 2587
715 977
715 1742
715 2771
716 2367
717 2721
717 3416
718 1264
718 1484
718 1525
718 2767
718 3480
719 1607
719 1968
719 2468
720 1872
720 2156
720 2380
720 2631
720 2658
720 2769
720 3269
721 3103
722 2126
722 2869
722 2903
724 2163
724 2338
725 2012
725 3145
726 3144
727 2630
727 2678
727 2696
728 1442
728 1499
728 3161
729 949
729 2279
729 2517
730 889
730 2165
730 2338
731 1228
731 1797
731 2140
732 1735
732 2033
732 3318
733 791
733 2202
733 2525
734 3015
734 3152
734 3275
735 2199
735 3437
736 1771
736 2165
736 2928
737 1129
737 1131
737 1219
737 2437
737 2674
738 1236
738 1303
738 1508
738 1828
738 3358
739 924
739 2276
739 3079
740 1015
740 1061
740 1317
740 2498
740 3014
741 1253
741 2346
741 3413
742 756
742 1883
742 2267
743 1717
743 2420
743 2571
744 875
744 963
744 1117
745 1006
745 1592
745 2553
745 3101
746 861
746 939
746 1597
747 1149
747 1287
747 1521
748 1479
748 2236
748 2549
749 817
749 1383
749 3464
750 847
750 1850
751 1447
751 1644
751 1703
751 3146
752 1266
752 2076
753 2057
753 2757
753 3187
754 2622
754 2798
754 3362
755 1869
755 2785
756 2395
756 2527
757 1461
757 1809
757 3341
758 2033
758 2287
758 2510
759 1568
759 1887
759 3087
760 2095
760 2611
760 2633
761 991
761 1220
761 1990
761 2007
761 2361
761 2943
762 2117
762 2876
762 3275
763 1740
763 2228
764 1521
764 1583
764 2388
765 1086
765 2137
765 3233
766 1846
766 2871
766 3463
767 1063
767 3364
768 1313
768 1534
768 3124
768 3212
768 3479
768 3491
769 2455
770 1209
770 1606
770 1688
770 1916
770 2071
770 2172
771 2854
771 2912
771 3513
772 3460
773 863
773 869
773 1156
773 1914
774 1740
774 1807
774 2493
775 1557
776 2366
776 3016
777 1176
777 2434
778 1524
778 3082
779 1075
779 1982
780 847
780 2061
780 2728
781 1499
781 2082
781 3118
782 1049
782 1993
782 2259
783 1946
783 2137
783 2861
784 1927
784 2069
784 3144
785 1046
785 2411
785 2818
786 1019
786 2389
787 1036
787 1269
787 2315
787 2496
788 3378
789 2012
790 2426
790 2672
791 1069
791 1138
791 2016
791 2934
791 3414
792 1131
792 1623
792 3065
793 2482
793 2917
794 976
794 1048
795 2746
795 3186
796 2353
796 3122
797 2889
797 3022
798 1218
798 1929
798 3336
799 1617
799 1763
799 1921
800 2471
800 2753
800 3172
801 1041
801 1551
801 2838
802 2522
802 2724
802 3214
803 1419
803 2657
803 3317
804 1194
804 1923
804 2213
805 1455
805 1496
805 3206
806 2587
806 3107
806 3165
807 982
807 1714
808 2177
808 2774
809 968
809 1657
809 1803
809 2390
809 3236
809 3443
810 2415
810 3003
811 2415
811 2420
811 2678
812 1710
812 1771
812 3280
813 1721
813 2074
813 3028
813 3164
813 3167
813 3448
814 1127
814 1579
814 2119
815 2371
815 2451
815 3093
815 3227
816 1304
816 1407
816 2375
817 1146
817 1638
818 2583
818 3437
818 3517
819 1101
819 2139
819 2577
820 1777
820 2678
821 1100
821 1455
821 3431
822 1002
823 1666
824 1171
824 1263
824 2861
825 833
825 2607
826 1033
826 1942
826 2117
827 1346
828 1141
828 3148
828 3246
829 1591
829 2426
829 2944
830 990
830 1841
831 2103
831 2544
831 2901
831 3491
832 1019
832 2782
832 3387
833 2938
833 3160
833 3173
833 3262
834 1966
835 1093
835 3081
835 3415
836 984
836 1151
836 1178
836 2880
836 2926
836 3409
837 937
838 1266
838 1500
838 3512
839 2073
839 2939
839 3286
840 1215
840 3412
841 2272
841 2294
841 2760
841 3097
841 3372
841 3480
842 1174
842 2529
842 2635
843 1851
843 1959
843 2241
844 2654
845 1917
845 2841
846 1671
846 1813
846 1913
847 1017
847 1458
847 1918
847 1991
848 1520
848 1951
848 2463
849 1181
849 1441
850 912
850 993
850 1449
850 1774
850 2070
851 1472
851 2232
851 3084
852 1528
852 3395
853 958
853 3420
854 1304
854 1591
854 2410
855 1404
855 2128
855 2286
855 2858
855 3471
856 2960
856 3279
856 3420
857 924
857 1630
858 1086
858 1098
859 964
859 2245
859 3348
859 3446
860 1796
860 2158
861 3044
862 1939
862 2486
862 2725
863 868
864 933
864 1299
864 2159
864 2319
864 3179
864 3382
865 1696
865 1970
865 2305
865 3180
865 3499
866 1898
866 2004
866 2026
867 2348
867 2765
867 3394
868 2136
868 2537
869 1287
869 3460
870 1847
870 3015
871 2282
871 2792
872 2068
872 3287
872 3517
873 884
873 3036
874 999
874 2546
875 1737
875 2222
875 2593
876 2469
876 3082
876 3468
877 1327
877 2527
877 3109
878 1511
878 1512
878 2253
879 2728
879 2798
880 1521
881 1841
881 3198
882 1760
882 3190
883 1102
883 1539
883 2753
884 1522
884 3073
885 1211
885 1550
886 1001
886 1381
886 1385
886 1453
886 1613
886 2916
887 1314
887 1961
887 2850
887 2976
887 3043
888 1126
888 1996
888 2969
889 1241
889 1838
889 1983
890 2675
890 3474
891 2015
891 2786
892 961
892 2928
893 3019
893 3501
894 3337
894 3362
895 1796
895 2799
896 2459
896 3359
897 931
897 1063
897 1311
898 1760
898 2765
899 1270
899 3220
900 960
902 1350
902 2439
902 3131
903 936
903 958
903 1092
904 1862
904 2210
905 1051
905 1242
905 2166
906 1496
906 2348
907 1527
907 2960
908 1325
908 1541
908 2678
909 1043
909 1176
910 1070
910 1337
910 1345
910 2737
910 3114
910 3123
911 2264
911 2689
912 2749
912 3489
913 3364
913 3506
914 2318
914 2552
914 3506
915 2799
915 3476
916 1259
916 1692
917 1603
917 1608
917 2952
918 2053
919 1165
919 1206
919 2177
920 2270
920 2319
920 3436
921 980
921 1446
921 1507
921 2512
921 3023
922 1380
922 2964
922 3335
923 1137
923 2879
924 1170
924 1256
924 2147
924 3177
924 3266
925 934
925 3077
926 1539
926 2798
927 1411
927 1969
927 2802
927 2952
928 1611
928 2735
928 2928
929 2680
929 3483
930 1630
930 1775
930 3063
931 1634
931 2378
931 2381
932 1182
932 2682
933 2710
933 3490
934 1707
934 3243
935 2487
935 2544
935 3014
935 3154
936 2056
936 2140
936 2225
936 2511
936 3311
937 1293
937 1685
937 2948
937 3249
938 1155
938 1703
938 1761
938 2374
938 2769
938 2943
938 3509
939 1542
939 2373
940 1465
941 1266
941 1725
941 2117
942 2632
943 1250
943 2014
943 2240
944 957
944 1049
944 1751
945 2100
945 2593
945 3127
945 3338
946 1438
946 1552
946 2028
946 2364
946 3373
946 3443
947 1365
947 3408
948 1198
948 1285
948 1609
948 1823
948 2427
948 2580
949 971
949 1589
949 1791
949 2650
949 2756
950 1496
950 1760
950 2484
951 1068
951 1383
951 1542
952 1111
952 1167
952 2579
953 1571
953 1999
953 3520
954 1252
954 1742
955 2594
955 2889
955 3206
956 1402
956 1850
957 1125
957 1994
957 2537
957 2600
957 2641
957 2709
957 2784
958 1152
958 1983
958 2491
959 2044
959 2257
959 3152
960 1486
960 2585
961 1172
961 1376
961 1903
961 2214
962 1423
962 1628
963 2029
963 3049
963 3142
963 3482
964 1106
964 3427
965 1130
965 1996
965 3500
966 1857
966 1870
966 2412
967 1018
967 1396
967 3288
968 2515
969 1710
969 1712
969 2582
970 1727
970 2346
970 3011
971 2076
972 1782
972 1887
972 2622
973 1819
974 2163
974 2612
974 3280
975 1713
975 3394
976 2474
976 3321
977 1199
977 1225
977 2867
977 2975
978 3039
979 1203
979 2200
979 2386
979 2860
979 3129
979 3133
980 3399
981 1204
981 1938
982 1227
982 1884
982 1891
982 2511
982 3405
983 2489
983 2738
983 3370
984 1296
984 3059
985 1330
985 2322
985 3459
986 1130
986 1139
986 3130
987 2198
987 3458
988 1402
988 1912
988 2279
989 1132
989 1996
990 1414
990 1438
990 2260
990 2267
991 1866
991 2591
992 1580
993 3490
994 2531
994 2559
995 1162
996 1393
996 1967
997 1740
997 2564
997 2683
998 1071
998 1563
998 2119
998 2694
999 1381
999 2086
1000 1393
1000 2389
1001 2408
1001 2468
1002 1379
1002 2224
1002 2723
1002 2836
1002 3469
1003 1768
1003 3150
1004 1245
1004 1774
1004 2351
1004 2839
1004 3265
1004 3465
1005 1574
1005 2000
1005 2741
1005 3114
1005 3296
1006 1148
1006 2528
1007 1475
1007 2564
1008 1568
1008 2298
1008 3395
1009 1550
1009 3151
1010 2077
1010 3235
1010 3502
1011 1336
1011 1796
1011 2084
1012 1139
1012 3360
1013 1871
1013 2197
1013 3488
1014 2061
1014 2622
1014 3199
1015 1179
1015 1469
1016 2748
1016 3121
1017 2508
1017 3290
1018 1071
1018 1226
1018 1914
1018 2565
1018 2872
1019 1671
1019 2075
1019 3345
1019 3350
1020 1171
1020 3003
1021 1805
1021 2023
1021 2178
1022 1758
1022 1825
1022 2052
1022 2260
1023 1033
1023 1708
1024 2490
1024 2789
1025 1604
1025 2961
1025 3018
1026 1190
1026 1424
1026 2376
1026 3396
1027 1541
1027 3082
1027 3489
1028 1572
1028 2208
1028 2281
1028 2342
1028 2376
1029 1753
1030 2541
1030 2939
1031 1336
1031 2053
1031 3421
1032 1380
1032 2138
1032 2960
1033 1566
1033 2098
1033 2250
1033 2290
1033 2445
1034 1056
1034 2894
1035 1310
1035 2682
1036 2551
1036 2999
1037 3062
1037 3385
1038 1463
1038 1815
1038 3339
1039 1326
1039 2424
1039 3527
1040 1511
1040 2037
1041 2904
1041 3259
1042 1759
1042 2508
1042 3423
1043 2499
1043 3191
1044 2126
1044 2151
1044 2522
1045 1831
1045 2261
1045 2492
1046 1509
1046 1939
1046 2650
1046 2829
1046 2978
1046 3207
1047 2142
1047 3063
1048 3474
1049 1930
1049 2337
1049 3319
1049 3522
1050 1938
1050 2944
1050 3413
1051 1312
1051 1676
1051 1761
1051 2323
1051 2779
1051 2897
1052 3151
1053 1300
1053 2607
1054 1079
1054 3363
1055 2420
1055 2594
1055 3275
1056 1716
1056 1939
1056 2611
1057 2355
1057 2541
1057 2932
1058 1568
1058 2061
1058 3362
1059 3483
1060 2360
1060 2702
1060 2775
1061 1250
1061 2113
1062 1667
1062 1904
1062 2904
1063 1385
1063 1481
1063 1802
1063 2275
1063 3342
1064 1674
1064 1820
1065 1724
1065 3288
1066 2560
1066 3375
1067 2198
1067 2279
1068 2095
1069 1999
1070 1183
1070 2969
1072 1250
1072 3047
1073 1827
1073 3429
1074 1468
1074 1539
1075 1238
1075 1560
1075 1998
1075 3284
1075 3377
1076 2615
1077 1441
1077 1568
1077 3092
1078 1840
1078 2121
1078 2129
1079 1193
1080 1249
1080 1614
1081 1336
1081 3387
1081 3474
1082 1713
1082 2686
1083 1422
1083 2223
1083 2384
1083 2723
1083 2800
1083 2871
1084 2383
1084 2412
1084 2799
1085 1590
1085 2419
1085 3354
1086 2341
1086 2790
1087 1377
1087 1952
1087 2559
1088 1270
1088 1356
1088 1444
1089 1721
1089 2008
1089 2229
1089 2574
1089 2815
1089 3264
1089 3426
1090 1316
1090 2947
1090 3315
1091 1310
1091 2212
1092 1338
1092 1387
1092 1828
1092 2235
1092 3518
1093 2652
1093 2728
1094 1448
1094 1460
1094 2931
1094 2940
1095 3229
1096 1112
1096 1190
1096 1417
1096 2280
1097 1712
1097 3092
1097 3490
1098 1435
1098 3452
1099 1968
1099 2974
1100 1254
1100 2900
1101 1541
1102 1228
1102 2843
1102 2886
1102 3195
1102 3311
1103 1408
1103 2851
1103 3468
1104 1566
1104 1584
1104 1676
1104 2154
1104 2763
1104 2849
1105 2314
1105 2330
1106 1240
1106 2007
1106 2567
1107 2300
1107 2619
1107 3020
1107 3090
1107 3175
1107 3380
1108 1396
1108 2057
1109 1398
1110 3199
1111 1714
1112 3157
1112 3330
1113 1986
1113 3431
1114 1393
1114 2490
1114 2715
1115 1557
1115 2986
1116 1130
1116 1183
1116 3328
1117 2584
1117 3355
1118 1546
1118 3010
1118 3287
1119 2352
1119 3485
1120 2246
1121 1681
1121 2239
1121 3220
1122 1605
1122 2366
1122 2672
1123 1494
1123 2818
1123 2894
1124 1542
1125 2399
1126 1168
1126 1981
1126 3095
1126 3388
1127 1359
1127 2711
1128 1879
1128 2533
1128 3182
1129 1218
1129 1819
1131 2370
1132 1642
1132 2248
1132 2504
1132 3042
1132 3093
1132 3095
1133 1231
1133 1698
1133 1720
1134 1546
1134 2792
1135 1352
1136 2514
1136 2961
1136 3427
1137 1650
1137 2108
1137 2781
1138 1637
1139 1271
1139 2085
1139 3416
1140 3063
1141 1484
1141 2079
1141 2201
1141 2589
1141 2712
1141 2804
1141 3208
1142 1408
1142 3354
1143 1682
1143 2571
1143 2876
1144 1166
1144 1356
1145 3029
1145 3059
1146 1305
1147 1834
1147 2614
1147 3107
1148 1328
1148 2501
1149 2872
1149 3071
1149 3225
1150 2212
1152 1191
1153 1193
1153 1833
1153 2560
1154 1588
1154 2372
1154 2531
1155 3068
1155 3508
1156 1162
1156 1759
1157 3008
1157 3077
1157 3442
1158 1817
1159 1550
1159 2461
1159 3041
1160 1573
1160 2874
1161 1352
1161 1805
1161 3103
1162 1201
1162 2144
1162 2226
1162 2456
1162 2694
1162 3071
1163 2450
1163 2936
1164 1753
1164 3333
1165 1877
1165 2687
1165 3300
1166 1658
1166 1736
1166 1969
1166 2951
1166 3383
1167 1283
1168 2490
1168 2810
1169 1184
1169 2010
1170 1494
1171 2093
1171 2837
1171 2839
1171 2857
1171 3365
1172 2113
1172 2711
1173 1557
1173 2422
1174 2463
1174 3470
1175 2384
1175 2478
1175 3463
1176 1646
1176 1947
1176 1998
1176 2191
1176 3074
1176 3102
1177 1745
1177 1964
1178 1242
1178 2421
1179 1653
1179 2065
1179 2214
1179 2918
1179 3234
1180 2388
1180 2409
1181 2153
1181 3023
1181 3281
1182 1949
1182 2083
1182 2270
1182 2602
1182 3175
1182 3285
1183 2393
1183 3416
1184 2973
1184 3311
1185 1398
1185 1611
1185 1719
1186 1511
1186 3068
1186 3221
1187 1339
1187 1814
1187 1837
1187 2529
1188 1352
1188 2549
1189 1555
1189 2439
1190 3011
1191 1547
1191 2619
1191 2722
1191 2736
1191 2795
1192 1807
1192 1829
1192 2228
1193 1257
1193 1803
1193 3030
1193 3316
1194 1361
1194 1386
1194 1920
1194 3264
1194 3411
1195 1309
1195 1587
1195 1761
1195 2880
1196 2974
1197 1474
1197 2135
1198 1351
1198 2728
1199 2080
1199 2629
1200 1546
1200 2282
1200 3484
1201 1286
1201 3435
1202 2517
1203 1769
1203 2102
1204 1973
1204 2722
1205 1882
1205 2821
1206 2020
1206 2857
1206 2993
1206 2995
1206 3204
1207 1898
1207 2690
1208 1938
1208 2015
1209 2246
1209 2327
1210 1548
1210 3399
1211 1360
1211 1466
1211 1490
1211 2203
1211 2667
1211 2886
1212 1231
1212 2980
1212 3333
1213 1788
1213 1861
1213 2658
1213 3323
1214 2340
1214 2868
1214 3512
1215 1392
1215 1816
1215 2379
1215 2966
1216 1743
1216 2887
1217 2397
1217 3275
1218 1362
1219 1680
1219 1869
1220 1943
1220 2514
1221 1231
1222 2099
1222 2219
1223 2183
1223 2751
1223 2830
1224 1282
1224 2269
1224 3365
1224 3418
1224 3511
1225 1810
1226 1444
1227 2749
1228 2021
1229 1334
1229 1762
1229 2466
1229 2554
1229 2870
1230 2036
1230 2399
1230 2582
1231 1275
1231 1626
1231 2860
1231 3509
1232 2090
1232 2844
1233 1342
1233 2120
1233 3183
1234 1430
1234 1484
1234 1944
1234 2088
1234 2425
1234 2950
1234 3097
1235 2591
1236 2388
1237 1591
1237 2470
1238 3387
1238 3462
1239 2073
1239 2932
1239 3256
1240 2004
1240 2961
1241 2505
1241 2762
1242 1975
1242 3240
1243 1790
1244 2239
1244 3295
1245 1854
1245 3506
1246 1571
1246 1793
1247 1350
1247 2259
1247 2616
1249 1598
1249 1949
1249 2254
1249 2572
1250 1731
1250 3234
1250 3289
1251 2759
1251 2988
1251 3452
1252 1739
1252 2171
1253 1540
1253 2336
1253 2344
1253 2722
1253 3176
1254 1476
1255 1831
1255 2377
1256 2412
1256 2678
1257 1783
1257 1840
1258 2249
1258 2448
1259 1493
1260 1271
1260 1885
1260 2016
1260 2252
1260 2357
1260 3242
1260 3439
1261 1344
1261 1573
1261 1580
1262 2094
1262 3087
1263 1399
1263 2790
1263 3100
1264 1601
1264 2099
1265 2314
1265 2523
1265 2606
1266 1584
1266 1697
1266 2403
1267 1622
1267 2286
1268 2476
1268 2813
1269 1519
1269 2199
1270 1436
1270 2436
1271 1687
1272 1630
1272 2179
1272 2827
1273 2485
1273 3106
1273 3520
1274 1442
1274 1769
1274 2670
1275 3359
1276 1869
1276 2659
1276 3152
1277 1340
1277 2615
1277 2675
1278 1356
1278 3056
1279 1601
1279 2859
1279 3246
1280 1306
1280 2985
1281 2303
1281 2807
1281 2919
1281 2930
1281 3309
1281 3343
1282 1390
1282 3034
1283 1691
1283 1750
1283 2232
1283 2481
1283 2805
1283 2930
1283 3185
1284 3122
1284 3178
1285 2126
1285 3496
1286 1379
1286 2013
1286 2511
1286 3013
1287 2555
1288 2964
1288 3019
1289 2044
1289 2257
1289 3122
1290 2353
1291 1395
1291 3244
1292 1444
1292 2652
1292 2742
1293 2422
1293 2991
1294 1692
1294 1906
1294 3455
1295 1904
1295 2115
1295 2177
1296 1339
1296 1649
1296 2590
1296 2662
1296 2801
1296 2987
1297 1999
1297 3106
1298 2181
1298 2538
1298 3312
1298 3527
1299 1543
1299 1568
1300 1348
1300 1909
1300 3262
1300 3357
1301 1344
1301 1557
1301 2168
1302 2489
1302 2696
1302 2844
1303 2440
1304 2569
1304 2805
1305 1686
1305 1688
1305 2095
1305 2761
1305 2829
1305 3140
1305 3211
1306 1533
1306 1731
1306 2256
1308 2525
1308 3354
1309 1754
1309 3029
1310 1335
1310 1911
1310 2764
1310 3040
1311 1767
1311 1873
1311 2477
1312 3250
1313 1912
1313 2732
1314 1475
1315 2179
1315 2865
1316 1630
1316 2909
1317 2080
1318 2556
1318 2662
1319 1593
1319 3464
1320 1468
1320 3045
1320 3152
1321 2202
1322 1789
1322 1859
1322 3364
1323 1997
1323 2440
1323 2762
1324 1469
1324 2113
1324 2632
1325 1395
1325 1426
1325 1689
1325 2824
1326 2026
1327 1451
1327 1562
1327 2184
1327 3276
1328 1680
1328 3001
1329 2330
1330 2151
1330 2207
1331 1654
1331 2179
1331 3122
1332 2493
1332 2706
1333 1946
1333 2748
1333 2874
1334 2546
1334 2594
1335 3330
1336 1379
1336 2031
1336 3361
1337 1383
1338 1822
1339 2874
1340 1569
1340 1653
1340 1971
1340 2190
1340 2556
1340 3142
1341 1980
1341 3433
1342 1659
1342 1722
1342 1764
1342 1880
1342 3215
1342 3239
1342 3270
1343 1893
1343 2505
1343 3428
1344 1429
1344 1686
1344 2929
1346 1411
1346 1603
1346 1702
1347 2422
1347 3149
1348 2213
1348 2696
1349 2325
1349 2617
1349 3149
1350 2432
1350 2720
1351 1823
1351 2669
1351 2945
1351 3381
1352 1594
1352 1689
1352 1922
1352 3341
1353 3047
1353 3329
1354 2212
1354 3502
1355 1530
1356 1483
1356 1522
1357 1465
1358 1786
1358 3464
1359 1565
1359 1670
1359 3404
1360 2011
1360 2659
1361 1974
1361 3109
1363 1371
1363 1437
1363 1653
1363 2079
1364 1951
1364 2520
1364 3498
1365 2543
1365 3105
1366 1895
1366 2284
1366 2797
1366 3090
1367 1976
1367 3144
1367 3295
1368 1738
1369 2383
1369 3079
1370 2440
1370 3362
1370 3395
1372 1822
1372 2570
1372 2640
1373 2005
1373 2923
1373 3184
1374 1810
1374 3150
1375 1540
1375 1612
1375 1718
1375 2803
1375 3363
1375 3392
1376 1805
1376 3280
1377 1466
1377 2956
1378 2632
1378 3432
1380 1675
1380 2341
1380 2727
1380 2741
1380 2814
1381 2482
1382 3181
1382 3423
1383 1425
1383 2334
1383 3093
1383 3388
1384 1533
1384 1888
1384 3258
1384 3481
1385 2974
1386 1645
1386 2668
1387 2882
1388 1786
1388 2373
1389 2236
1389 3280
1390 1403
1390 1585
1390 3269
1391 1418
1391 1462
1391 2378
1391 3342
1392 2582
1392 2928
1393 1514
1393 1631
1393 1913
1393 2647
1394 1489
1394 1499
1394 2665
1395 2792
1396 1626
1396 2144
1397 1989
1398 2432
1398 2831
1398 2967
1399 1413
1399 2902
1400 3284
1400 3422
1400 3519
1401 1886
1401 2020
1401 2687
1402 2103
1402 2513
1402 3128
1403 1996
1403 2530
1404 3158
1404 3288
1405 2622
1405 3087
1406 2121
1406 3375
1406 3458
1407 1979
1407 2509
1407 2853
1407 2921
1407 3080
1407 3299
1408 1804
1408 1962
1408 2222
1408 2807
1409 1530
1409 1619
1409 2277
1409 2701
1410 2282
1410 2415
1410 2748
1412 2005
1412 3220
1413 2148
1413 2278
1413 2814
1413 2852
1414 2023
1414 2527
1415 1857
1415 3035
1416 1778
1416 1861
1416 3115
1417 1751
1418 2318
1418 2749
1419 2241
1420 2158
1420 3022
1421 1890
1421 3165
1421 3496
1422 1847
1422 2792
1423 1556
1423 1608
1423 3383
1424 2167
1424 3330
1425 1790
1426 2276
1426 2531
1427 1963
1427 2263
1427 2311
1427 3038
1428 1789
1428 3221
1430 2854
1431 2969
1432 1555
1432 3131
1432 3302
1433 2578
1433 2587
1434 2324
1434 2583
1434 2881
1435 1817
1435 1946
1436 2607
1436 3036
1437 2106
1437 2113
1439 1759
1439 3302
1440 2410
1440 3059
1441 2097
1441 2159
1441 2506
1441 3204
1442 2072
1442 2173
1442 2423
1443 3148
1443 3360
1444 2128
1444 2694
1444 2984
1444 3073
1445 1768
1445 3399
1446 3190
1447 1527
1447 1557
1448 2197
1448 3064
1450 1717
1450 2876
1450 3332
1451 2026
1451 3427
1452 1722
1452 2405
1452 2473
1452 2784
1452 3222
1453 1475
1453 1833
1454 1989
1454 3399
1455 2416
1456 1831
1456 2969
1457 3513
1458 2480
1458 2798
1459 1512
1459 2614
1460 1871
1460 3412
1461 2549
1462 2264
1462 2902
1463 2185
1464 2510
1464 3360
1465 1884
1465 2125
1466 3172
1467 1489
1467 2854
1468 1644
1468 2152
1468 2605
1468 2755
1468 2834
1468 2979
1469 1924
1469 1958
1469 2217
1469 2256
1469 2624
1469 2685
1470 3194
1470 3340
1471 1560
1471 3070
1473 2570
1473 3279
1474 1490
1474 2140
1474 2299
1474 3478
1475 1572
1475 1624
1475 1794
1475 2454
1475 3396
1476 1824
1476 2208
1476 2416
1476 2730
1476 3243
1476 3397
1477 1581
1477 1782
1477 3139
1478 3500
1479 1731
1479 1924
1480 1892
1480 2766
1480 3058
1480 3067
1480 3230
1480 3303
1481 1976
1481 3161
1482 2081
1482 2123
1482 2549
1483 2911
1485 2036
1485 3277
1486 3455
1487 2562
1487 3513
1488 1845
1488 2339
1489 1941
1489 1991
1489 2032
1489 2064
1490 1539
1491 2968
1491 3290
1491 3423
1492 1964
1492 1965
1492 2164
1492 2498
1492 2901
1493 2688
1493 2985
1494 1554
1494 2458
1494 2601
1494 2611
1494 3238
1495 1620
1495 1787
1496 1776
1496 1821
1496 2255
1496 3174
1497 2469
1497 2746
1497 2783
1498 2370
1498 2841
1499 1806
1499 3514
1500 1685
1500 1736
1500 2503
1500 2664
1500 2787
1500 3101
1501 2327
1501 3505
1502 2038
1502 2672
1502 2833
1503 2068
1503 2205
1503 2583
1504 2520
1504 2735
1505 2120
1505 2412
1505 3134
1506 2116
1506 3331
1507 1789
1507 3349
1508 1871
1509 2675
1509 3321
1510 1744
1510 1865
1510 2739
1510 2812
1510 3085
1510 3265
1511 2323
1511 2499
1511 2540
1511 2938
1511 3439
1512 1748
1513 2146
1513 2646
1513 3502
1514 2782
1514 2977
1515 3449
1516 2726
1516 2915
1516 3332
1517 2844
1517 3501
1518 1755
1518 1831
1519 1750
1519 1792
1519 1812
1519 1852
1519 2234
1519 2885
1520 1678
1520 2848
1520 3192
1520 3401
1521 2235
1521 2641
1523 1590
1523 2799
1524 1737
1524 3049
1525 2715
1525 2865
1526 2671
1526 2680
1527 1910
1527 2227
1527 2333
1527 2539
1527 2734
1528 1567
1528 1910
1528 2755
1529 2269
1529 2311
1530 2817
1531 1557
1531 3168
1532 1673
1532 1709
1532 1852
1532 2267
1532 2731
1533 2244
1534 2273
1534 2924
1535 1615
1535 2903
1536 2874
1536 3034
1537 1583
1537 1666
1538 2571
1538 2675
1538 2726
1539 2524
1539 2539
1540 2560
1541 2150
1541 2268
1541 2645
1542 2054
1542 3155
1543 1868
1543 2153
1543 2274
1543 2995
1544 1555
1544 2616
1545 1690
1546 2066
1546 2222
1547 2411
1548 2550
1548 2700
1548 2806
1548 2848
1548 3192
1548 3215
1549 1812
1549 2216
1549 2299
1549 2333
1549 2588
1549 2886
1549 2979
1550 2288
1550 3477
1550 3504
1551 2010
1551 2135
1552 2355
1552 2939
1553 2009
1553 2204
1553 3004
1554 1938
1556 2063
1556 3056
1557 2605
1557 3027
1558 2110
1558 2446
1558 2985
1559 2345
1559 3501
1560 2314
1561 1956
1561 3432
1561 3498
1562 1943
1563 2166
1564 2510
1564 3087
1564 3139
1565 2081
1566 2076
1567 1770
1567 1870
1568 1734
1568 1919
1568 2001
1569 2113
1569 2869
1570 2324
1570 2516
1570 2862
1571 1995
1571 2040
1571 2781
1571 2927
1572 3157
1573 1922
1573 2055
1573 2101
1573 2824
1573 3176
1573 3211
1574 1766
1574 2977
1575 2289
1575 2961
1575 3125
1576 2375
1576 3059
1576 3063
1577 1700
1577 1987
1577 2667
1577 2714
1578 1948
1578 2462
1578 3061
1579 2166
1580 1606
1581 1836
1581 1936
1581 2557
1581 2610
1581 2947
1582 1831
1582 2677
1583 1953
1583 2154
1583 2788
1583 2982
1584 1832
1585 2345
1585 3389
1586 1833
1586 2121
1587 1866
1587 3068
1588 2956
1589 2991
1589 3125
1590 3343
1590 3441
1590 3516
1591 2429
1591 2883
1591 3294
1592 1680
1593 2334
1593 2829
1594 2670
1594 3019
1595 1742
1595 2608
1596 2437
1596 3153
1597 3464
1598 2652
1599 1989
1599 3041
1599 3150
1600 2977
1600 3474
1601 3126
1602 3287
1603 3461
1604 2509
1604 3166
1604 3348
1605 2545
1605 2561
1605 3089
1606 1751
1607 1613
1608 2515
1609 2450
1610 2480
1610 2652
1610 2903
1611 1816
1611 2596
1611 3352
1611 3522
1612 2841
1614 2315
1614 2502
1614 2949
1615 3257
1616 2346
1616 2762
1617 1741
1618 2570
1618 2818
1618 2909
1619 2799
1619 3079
1620 1763
1620 2266
1620 2332
1620 3344
1621 1784
1621 2086
1621 2733
1622 1841
1622 2117
1624 1968
1624 3375
1625 1956
1625 2735
1627 2151
1627 2450
1627 3009
1628 2187
1628 2899
1628 3160
1629 2707
1629 3271
1629 3405
1631 3078
1632 1979
1632 1990
1632 2414
1632 3185
1632 3400
1633 2793
1633 2932
1633 3437
1634 3221
1635 2563
1636 1751
1636 2399
1637 2359
1638 1974
1639 1782
1639 2170
1640 2005
1640 2367
1640 3145
1641 1796
1641 3288
1642 1780
1643 1753
1645 3357
1645 3390
1646 2606
1646 2827
1647 2719
1647 3220
1647 3485
1648 1842
1648 2351
1648 2368
1648 2433
1648 2993
1648 3100
1648 3418
1649 2704
1649 2808
1650 3347
1651 1912
1651 2710
1651 3092
1652 1859
1652 2693
1654 1700
1655 2003
1655 2055
1655 3020
1656 2265
1656 3044
1656 3513
1657 1787
1657 2541
1658 3224
1659 1768
1660 2146
1660 2771
1662 1707
1662 3061
1663 1906
1663 3004
1664 1674
1664 2151
1664 3288
1665 1699
1665 1889
1665 2472
1665 2600
1665 3222
1666 2736
1666 2849
1666 2959
1667 1877
1667 3195
1667 3478
1668 1701
1668 2040
1668 2631
1668 2708
1668 2741
1668 2835
1668 3112
1669 3118
1669 3161
1670 3495
1671 2977
1672 2634
1672 2821
1673 2023
1673 2395
1674 2058
1674 2223
1675 2570
1677 1697
1677 3147
1677 3266
1678 1858
1678 3432
1679 1708
1680 1965
1680 3014
1680 3037
1680 3486
1681 1844
1681 2335
1681 3252
1681 3273
1682 2190
1682 2655
1682 2900
1683 2242
1683 2625
1683 3156
1683 3255
1684 2080
1684 2688
1685 2264
1686 2654
1687 1730
1687 1836
1687 2088
1687 2933
1689 2654
1690 1909
1690 2291
1690 2695
1690 2721
1690 3197
1691 3444
1692 2585
1693 3484
1694 1704
1694 1934
1694 2752
1695 2158
1695 2670
1697 3224
1698 1984
1698 2283
1698 2953
1698 3072
1699 1862
1699 2168
1700 2385
1702 1882
1702 2634
1703 2459
1704 2188
1704 2597
1704 2791
1705 3104
1706 2196
1706 2331
1706 2574
1706 2773
1706 3120
1707 3008
1708 2209
1708 2850
1710 1838
1710 2024
1710 2307
1711 2515
1711 3150
1712 2356
1712 2596
1712 2970
1712 3193
1712 3466
1713 1795
1714 2290
1714 2573
1714 2840
1714 2914
1715 2563
1715 2786
1716 1905
1716 2570
1717 3313
1718 1827
1718 2517
1719 2301
1719 2407
1719 2906
1719 2937
1719 3232
1720 2542
1720 2806
1720 2880
1720 3133
1721 1770
1722 1869
1723 2519
1723 3476
1724 2171
1724 2394
1724 2740
1724 3447
1725 1846
1725 2445
1725 2982
1726 3496
1726 3505
1727 1895
1727 2270
1727 3393
1728 2474
1728 2854
1728 3148
1729 1847
1729 2594
1729 2876
1730 3328
1732 2113
1732 2236
1732 3495
1733 2719
1733 3194
1734 2798
1734 3199
1735 1998
1735 2118
1736 1807
1737 3216
1738 2002
1738 2143
1738 2349
1738 3137
1738 3523
1739 2077
1741 2028
1741 2203
1741 2266
1742 3257
1743 2769
1743 2942
1743 3065
1743 3115
1743 3325
1744 3489
1745 2912
1746 2202
1746 3107
1746 3139
1748 3107
1749 3008
1749 3149
1750 3162
1751 2175
1751 3140
1751 3312
1752 2861
1752 3063
1753 3439
1754 2488
1754 2848
1754 2860
1754 3409
1755 2599
1756 1790
1756 2969
1756 3130
1757 2355
1757 2563
1757 2670
1758 2455
1758 3006
1759 1931
1759 2155
1759 2872
1759 3309
1759 3319
1760 1795
1760 1932
1760 3012
1762 3278
1764 3498
1765 3440
1765 3447
1765 3454
1766 1907
1766 3507
1767 2039
1767 2902
1768 2105
1768 2488
1768 3251
1768 3401
1769 2823
1769 3072
1769 3146
1770 1932
1770 2216
1770 2773
1770 2816
1770 3356
1771 2277
1772 2170
1772 3087
1773 2622
1773 3395
1774 2668
1775 2025
1775 2312
1775 2458
1775 2518
1775 3147
1775 3515
1776 2686
1777 2229
1777 2547
1777 3007
1777 3017
1777 3357
1778 2370
1779 2366
1779 2629
1779 2671
1780 2048
1780 2371
1780 2842
1781 2591
1781 2646
1782 1919
1782 2699
1782 2981
1782 3327
1782 3475
1783 2963
1783 3205
1783 3392
1784 2917
1784 3143
1785 2421
1786 2017
1786 3155
1787 3373
1790 1874
1790 2393
1790 3296
1791 1848
1791 3149
1792 2527
1793 2627
1793 2873
1796 2262
1796 3043
1796 3398
1797 2010
1798 2246
1798 2704
1798 3496
1799 2261
1799 2912
1800 1833
1801 1833
1801 3261
1801 3458
1802 1968
1802 2241
1803 1819
1805 2994
1805 3052
1805 3368
1806 3421
1806 3489
1807 3298
1808 1869
1808 2120
1808 3428
1809 1985
1810 2796
1810 3094
1810 3111
1810 3447
1811 2671
1811 3103
1812 3506
1813 2651
1813 3328
1814 2757
1814 3435
1815 1953
1815 2238
1815 2288
1815 2302
1815 3260
1816 3280
1817 2398
1817 2759
1817 2837
1817 3100
1818 2117
1818 2546
1818 2889
1819 1888
1819 2079
1819 3138
1819 3372
1820 2128
1820 2251
1821 2881
1822 3303
1823 3371
1824 3132
1824 3442
1825 2489
1825 3470
1826 2313
1826 2610
1826 3315
1827 2161
1827 2698
1827 2946
1827 2998
1828 2851
1829 2281
1829 2896
1830 2164
1830 2699
1831 1915
1831 2161
1831 2309
1832 2250
1832 2650
1832 3457
1833 2441
1834 2401
1834 2499
1834 3119
1835 2084
1837 2180
1838 2389
1839 2422
1840 2186
1840 2685
1841 2251
1841 2871
1841 3386
1842 2525
1842 2552
1843 2339
1843 3275
1844 2415
1844 2726
1845 2381
1845 2512
1845 2718
1845 2764
1845 2957
1846 3378
1847 1908
1847 2304
1847 2479
1847 3110
1848 2948
1848 3182
1849 2476
1849 3108
1850 2155
1850 2500
1850 2816
1850 3012
1850 3124
1851 1984
1851 2125
1851 2362
1851 3129
1851 3271
1851 3494
1853 2158
1853 2494
1853 3462
1854 2047
1854 2285
1854 2477
1855 2057
1855 2874
1856 2215
1857 2184
1857 3135
1858 1863
1858 2111
1858 2673
1858 3486
1859 2323
1859 2381
1859 2745
1859 3169
1860 3161
1860 3165
1860 3181
1861 1929
1862 3193
1862 3322
1863 2528
1864 2092
1864 2428
1864 3056
1865 2552
1865 2668
1866 2658
1866 2779
1866 2942
1866 3088
1867 1976
1867 2082
1868 2622
1868 3092
1869 3266
1869 3515
1870 1925
1870 2001
1870 2660
1872 2746
1872 3003
1873 2693
1874 3335
1875 2683
1875 3157
1875 3449
1876 2530
1876 3214
1876 3287
1877 3109
1878 1957
1878 3235
1880 1893
1880 2440
1881 2808
1882 3402
1883 2178
1884 3162
1885 3328
1885 3360
1886 3259
1889 3490
1890 2794
1890 2855
1890 3191
1891 2021
1891 3421
1892 2339
1892 2822
1893 2174
1894 3118
1894 3333
1894 3496
1895 2205
1896 2261
1896 2612
1896 2928
1897 2474
1897 3474
1898 1937
1898 2731
1898 3135
1899 2241
1899 3498
1900 1974
1900 2090
1900 2904
1901 2244
1901 2629
1902 2034
1902 2523
1903 2014
1903 2549
1904 2020
1904 3237
1905 2133
1905 2705
1905 3058
1906 2826
1906 3042
1907 1927
1907 2789
1908 3484
1909 1927
1910 3152
1911 2489
1912 2739
1913 3387
1914 1993
1916 3505
1917 2905
1917 3404
1918 2170
1918 3353
1920 2844
1920 3489
1921 2455
1921 2738
1923 2070
1923 3265
1924 2240
1925 2505
1925 3362
1926 2298
1926 2841
1926 2881
1927 1988
1927 2921
1927 3294
1928 2388
1928 2851
1928 2882
1929 3065
1931 2259
1931 2399
1932 2508
1933 2367
1933 2438
1933 3233
1934 2870
1934 2965
1935 2614
1936 3087
1937 2527
1937 2904
1938 2483
1940 2912
1940 3250
1940 3417
1941 2015
1941 2666
1942 2403
1942 2497
1943 2567
1944 2230
1944 3360
1945 2057
1945 3359
1947 3226
1947 3496
1948 2531
1948 3172
1949 2813
1950 2582
1950 2735
1950 3280
1951 2111
1951 3254
1951 3511
1952 2139
1952 2714
1953 2338
1954 2686
1954 2765
1955 2168
1955 2476
1957 2535
1957 2943
1957 3088
1957 3440
1959 2343
1959 3060
1959 3239
1960 2174
1960 2920
1960 2931
1962 2618
1963 2180
1963 3034
1964 2094
1965 2632
1966 2234
1966 2303
1966 2414
1966 2676
1966 3084
1967 2628
1967 3345
1967 3507
1967 3525
1968 2086
1968 2404
1968 2441
1968 3223
1970 2799
1971 2239
1971 3216
1972 2841
1973 2346
1974 2017
1974 2334
1974 2685
1975 2176
1975 3068
1976 2647
1976 3345
1977 2570
1977 2822
1978 2179
1978 2257
1979 2410
1980 2854
1981 3078
1982 2697
1982 3171
1982 3519
1983 2440
1985 2580
1985 3024
1986 2190
1986 2416
1986 3313
1987 2659
1987 2753
1988 2239
1988 2516
1989 2867
1990 3018
1991 2742
1992 2493
1992 2710
1993 2500
1993 2534
1993 2919
1993 3071
1994 2629
1994 3104
1995 2485
1996 2451
1996 2721
1997 2307
1997 2491
1999 2029
1999 2357
1999 2467
1999 2971
1999 3297
2000 2964
2000 3279
2002 2666
2002 2912
2003 2654
2004 2184
2004 2245
2005 2790
2005 2852
2005 3203
2007 2690
2008 2696
2008 3194
2009 2248
2009 2382
2009 2604
2010 2702
2011 2435
2011 2598
2012 2427
2012 2601
2013 2021
2014 2256
2014 2595
2015 2262
2015 2532
2015 3066
2016 2485
2018 2606
2019 2666
2019 3318
2022 2391
2022 3108
2023 2260
2023 3244
2024 2817
2024 2928
2026 2141
2027 2446
2028 2395
2029 3347
2030 2932
2031 2786
2031 3288
2032 3423
2033 2947
2033 3433
2034 2895
2034 2957
2034 3070
2035 2106
2035 2615
2035 2915
2036 2996
2036 3522
2037 2252
2038 2087
2038 2697
2039 2664
2039 3051
2039 3249
2040 3370
2041 2261
2041 2389
2042 2587
2043 2434
2043 3367
2043 3468
2044 2046
2044 3005
2045 2421
2045 2881
2046 2827
2047 2552
2049 2197
2049 2735
2050 2081
2051 2082
2051 2968
2051 3165
2052 3194
2052 3370
2053 2431
2054 2198
2054 2732
2055 2282
2056 3421
2057 2590
2057 2635
2058 2084
2058 3158
2059 2228
2059 2710
2060 2753
2061 2637
2061 3366
2062 3476
2063 2925
2063 2989
2064 2170
2065 2236
2065 2711
2066 3009
2066 3121
2067 2198
2067 2833
2068 2320
2068 2692
2068 2950
2068 3379
2069 2130
2069 2576
2069 2906
2070 2552
2071 2202
2071 3047
2072 2082
2073 3380
2074 2999
2074 3041
2075 2490
2076 2929
2076 3207
2077 2740
2078 2170
2078 2652
2080 2293
2080 2310
2080 2342
2080 2730
2081 2820
2082 2495
2083 2212
2083 2348
2084 2144
2084 2394
2084 2565
2084 3471
2085 2651
2085 2782
2089 2388
2089 3378
2089 3460
2090 2354
2090 3426
2091 3064
2091 3412
2091 3488
2092 2247
2092 3383
2093 2115
2093 2671
2094 3154
2094 3327
2097 2115
2097 2562
2098 3224
2098 3512
2102 2620
2102 2953
2103 2273
2104 2808
2104 3431
2104 3442
2105 3428
2106 2900
2106 2918
2106 3313
2106 3521
2107 2339
2107 2570
2108 3106
2109 2273
2109 3360
2109 3497
2111 3349
2112 3178
2112 3286
2114 2666
2114 3353
2115 2687
2116 2934
2116 3410
2117 2554
2117 3110
2118 2179
2119 2176
2120 2271
2120 2600
2120 2863
2120 2898
2120 3252
2122 2472
2122 2970
2122 3098
2123 2400
2124 3277
2124 3295
2126 2406
2127 2292
2127 3444
2129 3099
2130 2239
2130 2470
2131 2738
2131 3194
2131 3470
2132 2228
2132 3347
2133 2659
2133 3122
2134 2470
2134 2789
2134 3419
2135 2460
2135 2775
2135 3195
2136 2629
2137 2278
2137 2759
2138 2703
2138 2955
2139 2471
2141 2412
2141 3395
2142 2413
2142 2581
2142 3002
2142 3245
2143 3044
2145 2677
2146 2171
2146 3062
2147 3063
2148 3279
2148 3483
2149 2836
2149 3180
2149 3201
2149 3239
2149 3301
2150 2559
2150 3008
2151 3050
2151 3471
2153 2265
2155 2665
2156 3389
2157 2246
2157 2353
2157 2793
2158 2620
2158 2892
2158 2976
2159 2622
2160 2298
2162 2461
2162 3339
2163 2309
2163 2465
2164 2220
2165 2596
2165 3096
2166 2536
2167 2175
2167 2317
2167 2452
2168 2285
2168 3098
2168 3314
2169 2536
2169 2926
2170 2984
2172 3329
2173 3496
2174 3512
2175 2564
2176 2231
2177 3281
2178 2642
2179 3526
2180 2590
2180 2988
2180 3176
2181 2228
2182 2670
2182 3118
2183 2273
2185 2221
2185 2461
2186 3261
2186 3445
2187 3399
2188 2562
2188 2652
2189 2202
2189 3331
2191 2253
2192 3068
2193 2881
2193 2964
2194 2504
2194 2825
2194 3253
2195 2492
2195 3417
2196 2391
2197 2379
2198 2507
2198 3099
2199 2331
2199 2548
2199 3167
2201 3321
2201 3336
2202 3055
2204 2898
2204 2971
2204 3105
2204 3253
2205 3046
2205 3380
2206 2338
2206 2461
2206 3378
2207 2460
2207 2767
2209 2591
2210 2784
2210 2863
2210 3098
2211 3190
2212 2609
2212 3385
2213 2354
2213 2547
2214 3495
2215 2248
2215 2825
2215 2938
2215 3303
2216 2798
2217 3464
2218 2977
2218 3335
2218 3419
2219 2744
2219 3050
2220 2875
2220 3154
2221 2238
2221 3382
2224 3421
2225 2388
2225 2762
2226 3187
2226 3421
2227 2417
2228 2356
2228 3504
2229 2489
2232 3131
2233 2833
2233 3016
2235 3378
2236 2595
2236 3052
2237 2330
2237 2833
2239 2430
2240 3307
2241 2681
2243 3034
2244 2310
2244 2910
2244 3307
2245 2514
2246 3116
2246 3291
2247 2887
2249 2525
2251 2594
2253 2794
2253 3119
2254 3108
2255 2856
2257 2598
2257 2714
2257 3526
2258 2437
2258 2589
2258 2884
2258 3030
2258 3236
2258 3481
2261 2326
2261 3304
2262 3337
2263 3501
2264 2533
2265 2506
2265 3137
2266 3006
2268 3367
2271 2519
2271 3408
2272 3336
2272 3474
2273 3327
2275 3506
2276 2558
2276 2621
2276 2645
2276 3007
2276 3209
2279 2501
2279 2922
2279 3472
2279 3479
2280 2564
2281 2564
2282 2913
2282 3425
2284 2939
2284 3256
2285 2809
2287 2610
2289 3348
2289 3369
2289 3400
2291 2419
2292 2466
2292 2573
2292 2649
2294 3458
2295 2530
2295 3036
2295 3485
2296 2330
2296 2732
2297 2475
2297 2671
2298 2638
2298 3000
2299 2753
2301 2516
2301 3277
2302 3041
2303 3444
2305 3161
2307 2338
2308 2583
2308 3010
2309 2912
2310 2632
2311 2874
2313 2827
2313 3318
2314 2507
2314 3453
2315 2391
2316 2719
2316 2752
2316 3287
2317 3011
2317 3157
2318 2684
2318 3465
2319 3339
2320 2932
2321 3278
2322 2865
2322 3158
2324 2576
2324 2586
2324 2967
2325 2922
2325 2948
2325 3166
2325 3207
2325 3457
2326 2338
2326 2689
2327 2359
2327 2934
2328 2330
2328 2822
2328 3458
2329 2785
2329 3152
2329 3183
2330 2729
2331 3041
2332 2851
2332 3122
2335 3036
2335 3144
2337 2582
2339 2539
2339 2979
2340 2940
2341 3483
2342 3431
2343 2520
2343 3432
2344 2654
2344 2874
2345 2835
2345 2942
2345 3127
2346 2486
2346 3066
2347 2440
2347 2656
2347 2882
2348 2526
2348 2592
2348 3091
2348 3374
2349 2562
2350 2902
2350 3036
2352 2436
2352 2951
2352 3073
2353 2768
2353 2907
2353 2941
2353 3023
2354 2668
2355 2466
2355 2892
2355 3033
2357 3331
2358 2404
2358 3219
2359 3331
2360 3109
2360 3259
2361 3018
2362 3161
2362 3476
2363 2798
2363 3044
2364 2932
2365 2606
2365 3387
2366 2883
2366 3080
2368 2748
2369 3168
2370 2925
2371 2969
2373 2390
2373 3137
2373 3366
2374 2591
2375 2819
2376 3449
2377 2781
2377 2946
2377 3217
2379 3162
2380 2964
2382 2640
2384 3198
2385 2598
2385 3202
2387 2893
2387 3179
2387 3231
2387 3368
2389 2465
2389 2788
2389 3260
2390 2798
2391 2464
2391 3027
2391 3448
2395 2478
2395 3200
2395 3386
2396 2463
2396 2757
2396 3370
2397 2778
2398 3008
2398 3063
2399 2534
2399 3352
2400 2711
2402 2752
2402 2936
2403 2594
2404 2482
2405 3183
2405 3428
2406 3076
2407 2582
2407 2616
2408 3223
2408 3397
2409 3230
2409 3518
2410 2954
2411 3066
2412 2701
2413 3199
2413 3337
2415 2621
2415 3267
2415 3406
2417 2605
2417 3283
2417 3509
2418 2531
2418 3082
2419 2776
2419 3189
2420 2655
2420 3110
2420 3209
2421 2820
2421 3000
2422 2970
2422 3322
2423 3333
2424 2706
2424 3218
2425 2474
2425 2666
2426 2832
2426 2983
2426 3089
2426 3299
2427 2438
2428 2866
2429 3125
2430 3036
2430 3134
2433 2861
2433 3351
2434 3338
2435 2753
2435 2785
2438 2443
2439 3309
2440 2997
2441 3449
2442 2580
2442 2679
2442 3188
2442 3503
2443 3184
2444 2492
2444 3250
2445 2594
2446 3258
2447 2726
2447 3360
2448 2856
2448 3190
2449 3092
2449 3151
2449 3339
2450 3026
2450 3310
2450 3415
2453 2560
2455 2994
2456 3288
2456 3359
2457 2583
2457 2719
2457 3214
2458 3039
2459 3133
2459 3451
2461 2788
2462 3077
2465 2689
2467 2879
2467 3216
2468 3188
2468 3381
2469 2593
2469 2992
2469 3074
2470 2643
2470 2853
2470 3197
2470 3507
2471 3202
2473 3408
2475 2561
2475 3248
2475 3487
2476 2949
2476 2998
2476 3285
2477 2749
2479 3152
2480 2637
2480 2847
2480 2945
2481 2551
2482 3407
2484 3254
2484 3317
2484 3391
2485 2772
2485 3136
2485 3482
2487 2924
2488 3349
2489 3306
2490 3227
2490 3525
2491 2505
2492 2875
2492 3523
2493 2896
2493 3312
2493 3466
2493 3477
2494 2639
2494 2692
2495 3476
2496 3108
2496 3168
2497 3198
2497 3378
2498 2528
2500 3423
2501 3470
2502 3168
2503 2517
2503 3001
2504 2640
2505 2878
2505 3270
2505 3358
2508 2877
2508 3212
2510 2933
2510 3315
2510 3475
2512 3150
2513 2924
2515 2866
2515 3402
2516 2643
2517 2553
2518 2678
2518 3079
2519 3180
2519 3192
2519 3251
2520 2966
2521 2782
2521 3328
2522 2575
2522 3026
2523 2644
2523 3377
2524 2551
2524 3506
2525 2758
2525 2839
2525 3334
2526 2932
2527 2602
2527 3196
2528 2674
2528 2750
2529 3187
2530 2770
2530 2842
2530 3173
2530 3306
2531 2577
2531 3159
2532 2854
2532 3353
2536 3068
2538 3035
2538 3218
2540 2640
2541 3200
2541 3308
2542 3029
2542 3508
2543 2688
2544 3250
2545 2680
2546 2679
2546 3174
2546 3381
2548 2551
2549 3185
2549 3404
2550 3150
2551 2588
2551 2676
2551 3196
2553 3224
2554 3206
2556 2915
2557 3360
2558 2696
2559 3202
2561 3483
2562 2905
2562 2995
2562 3467
2563 2639
2563 3043
2563 3213
2564 3438
2565 3359
2566 2786
2566 2799
2568 2656
2568 3256
2569 3018
2571 3326
2575 3121
2576 3277
2577 3008
2578 3141
2579 2670
2581 3362
2582 2967
2583 2770
2583 3232
2584 3367
2585 3004
2586 3287
2587 2847
2587 3257
2587 3524
2589 2869
2591 3454
2592 2881
2592 3190
2597 2813
2601 2656
2603 3288
2604 3408
2604 3455
2606 2958
2606 3519
2607 2971
2608 2846
2608 3117
2608 3292
2608 3438
2609 3340
2612 3182
2612 3320
2613 2742
2613 3087
2617 3320
2618 2992
2618 3516
2619 3011
2620 3158
2621 2876
2623 2683
2623 3431
2624 3047
2624 3483
2625 3059
2626 2999
2626 3437
2626 3520
2627 3347
2628 3078
2629 2717
2629 2983
2629 3510
2630 2847
2630 3007
2630 3272
2630 3525
2631 3394
2632 3234
2632 3511
2633 2818
2634 2777
2634 3203
2635 3435
2636 2785
2636 2909
2636 3122
2638 2980
2638 3337
2640 3230
2642 2792
2643 3144
2644 3015
2646 3440
2647 2789
2648 2670
2649 2889
2651 2737
2651 3296
2652 3086
2652 3285
2653 2935
2654 3425
2655 3332
2656 2931
2656 3358
2657 2974
2659 3450
2660 3045
2661 3330
2661 3340
2663 3006
2664 3149
2665 3282
2666 3473
2667 2785
2669 3206
2671 2832
2671 2993
2672 3453
2673 2757
2673 3470
2674 3183
2676 3162
2677 2935
2677 3126
2678 3424
2682 3274
2682 3374
2683 2730
2683 3396
2684 2809
2686 2816
2686 2877
2686 3391
2688 3258
2689 3469
2690 3276
2692 3148
2693 3342
2695 2810
2696 3390
2697 3483
2698 2715
2700 3428
2702 2809
2703 2762
2704 3061
2705 2785
2708 3279
2708 3335
2709 3460
2710 3322
2712 2944
2712 3458
2713 3389
2715 3350
2716 3134
2716 3144
2716 3220
2718 2856
2718 3399
2719 2845
2720 3302
2724 2744
2724 3324
2725 2818
2726 3430
2727 3420
2728 3524
2729 3241
2729 3445
2731 3109
2732 2756
2732 3128
2732 3346
2733 3403
2734 3010
2736 2762
2737 3335
2738 3163
2740 2771
2742 2981
2743 3011
2743 3340
2744 2859
2745 3031
2747 2822
2748 2988
2748 3365
2749 2914
2749 3085
2750 3001
2751 3413
2752 2770
2752 3324
2753 2956
2754 2809
2754 2865
2758 3241
2758 3250
2760 3321
2761 2894
2763 3068
2763 3250
2764 3194
2766 3279
2768 3047
2768 3286
2771 3141
2772 3331
2773 2844
2774 2838
2776 3500
2777 2902
2777 3220
2779 3508
2780 3432
2783 3049
2783 3338
2783 3355
2786 2888
2786 2976
2786 3032
2787 3056
2789 3272
2791 3214
2793 3305
2793 3379
2795 3413
2797 2932
2797 3286
2799 2807
2800 3275
2800 3484
2801 3132
2802 3056
2804 3474
2806 3349
2808 3243
2809 2843
2809 3478
2811 2856
2811 3031
2811 3349
2812 3490
2813 2984
2813 3467
2815 3389
2817 3096
2818 3058
2821 2952
2822 3189
2823 3118
2827 3433
2828 2851
2831 3417
2833 3377
2834 2960
2834 3010
2837 3351
2838 3109
2840 3278
2840 3444
2841 2926
2841 3240
2844 3017
2844 3164
2844 3376
2845 2911
2845 3036
2849 3378
2851 3516
2852 3351
2854 3170
2854 3523
2855 3226
2856 3113
2859 3459
2861 2962
2861 3452
2862 2906
2862 2996
2862 3492
2864 3024
2865 3005
2865 3050
2868 2997
2868 3270
2869 2918
2869 3372
2869 3415
2870 3022
2873 2879
2876 3424
2878 3199
2878 3395
2879 3482
2879 3504
2881 2937
2881 3112
2884 2985
2885 2999
2887 2925
2887 3323
2888 3337
2889 3033
2890 2939
2890 3437
2891 3241
2893 2991
2893 3059
2897 3221
2902 2908
2903 3268
2904 3300
2904 3411
2907 3505
2908 3145
2908 3184
2909 3450
2912 3053
2913 3003
2913 3121
2915 2978
2915 3326
2916 3375
2916 3449
2917 3146
2917 3283
2919 3302
2920 3488
2927 2964
2927 3470
2928 3052
2929 3039
2936 2965
2936 3086
2936 3467
2937 3287
2939 3025
2939 3091
2939 3379
2941 3256
2944 2963
2944 3080
2944 3363
2945 3076
2950 3022
2954 3063
2955 3279
2958 2977
2958 3462
2959 3039
2960 3518
2962 3008
2964 3210
2965 3214
2968 3075
2972 3022
2972 3148
2972 3437
2974 3060
2974 3494
2977 3361
2978 3474
2980 2990
2980 3156
2980 3231
2980 3451
2982 3198
2985 3138
2985 3307
2986 3211
2986 3314
2987 3029
2991 3057
2991 3166
2991 3255
2992 3367
2996 3295
2997 3428
2999 3120
3003 3127
3003 3418
3005 3233
3006 3163
3009 3267
3009 3324
3010 3020
3010 3393
3011 3040
3013 3489
3015 3070
3016 3089
3017 3194
3018 3446
3019 3038
3019 3112
3022 3213
3026 3158
3028 3168
3029 3240
3033 3278
3036 3203
3037 3183
3038 3389
3041 3111
3041 3138
3041 3481
3044 3155
3045 3356
3046 3287
3046 3437
3048 3421
3056 3247
3056 3298
3057 3149
3062 3235
3068 3169
3069 3334
3069 3410
3074 3417
3075 3161
3075 3226
3076 3310
3076 3503
3078 3272
3078 3350
3079 3252
3083 3337
3090 3517
3092 3368
3096 3280
3097 3246
3099 3241
3102 3165
3103 3163
3105 3139
3106 3210
3107 3292
3109 3237
3111 3399
3113 3150
3116 3178
3117 3165
3121 3209
3121 3273
3121 3424
3121 3430
3123 3130
3125 3446
3126 3429
3128 3490
3134 3406
3134 3430
3135 3427
3136 3216
3136 3347
3139 3384
3142 3144
3143 3407
3144 3521
3147 3183
3148 3473
3148 3480
3149 3217
3150 3160
3151 3175
3151 3382
3153 3336
3159 3367
3159 3489
3170 3318
3173 3194
3177 3183
3177 3512
3178 3305
3184 3493
3186 3189
3188 3206
3190 3391
3201 3428
3201 3498
3206 3219
3210 3370
3213 3462
3216 3355
3216 3521
3218 3276
3224 3249
3224 3298
3225 3460
3226 3292
3228 3371
3229 3308
3229 3443
3233 3493
3235 3454
3238 3456
3241 3441
3247 3461
3251 3349
3253 3455
3256 3301
3259 3281
3260 3378
3263 3304
3269 3501
3273 3497
3274 3502
3280 3304
3282 3353
3286 3434
3289 3483
3293 3500
3297 3408
3305 3505
3310 3496
3316 3375
3317 3432
3321 3361
3326 3497
3329 3384
3329 3414
3333 3376
3346 3470
3347 3477
3353 3514
3356 3395
3370 3472
3371 3503
3376 3389
3386 3520
3403 3407
3406 3497
3409 3508
3411 3464
3423 3514
3426 3489
3479 3490
3494 3498
3512 3515
