432 864
0 192
0 351
0 354
0 361
1 146
1 234
1 353
2 7
2 37
2 189
2 207
2 274
2 429
3 117
3 215
3 403
4 85
4 90
4 148
4 308
4 414
4 427
5 96
5 147
5 399
6 140
6 206
6 220
6 273
6 381
6 392
7 177
7 251
8 172
8 225
8 243
8 297
8 302
8 319
8 356
8 380
9 126
9 226
9 383
10 20
10 283
10 293
11 81
11 93
11 247
11 332
11 339
11 377
12 63
12 97
12 250
12 328
12 346
12 430
13 144
13 216
13 426
14 27
14 32
14 150
14 157
14 163
14 253
14 350
14 360
15 133
15 233
15 275
15 331
16 235
16 310
16 406
17 199
17 202
17 293
18 67
18 228
18 353
19 154
19 318
19 397
20 158
20 179
20 205
20 236
20 375
21 26
21 51
21 191
21 193
21 314
21 363
22 71
22 202
22 419
23 138
23 158
23 192
23 259
24 31
24 63
24 84
24 224
24 277
24 429
25 143
25 226
25 425
26 184
26 217
27 312
27 318
28 170
28 176
28 254
29 33
29 76
29 98
29 173
30 65
30 151
30 191
30 328
30 332
30 379
30 382
30 429
31 38
31 215
32 170
32 337
33 391
33 410
34 95
34 229
34 245
34 248
34 321
34 418
35 219
35 282
35 413
36 90
36 113
36 273
36 398
37 226
37 403
38 95
38 178
38 412
39 91
39 99
39 156
39 162
39 287
39 329
39 344
39 373
40 285
40 403
40 417
41 87
41 319
41 377
41 382
42 293
42 336
42 404
43 219
43 371
43 395
44 94
44 145
44 205
44 244
44 267
44 270
44 276
44 389
45 197
45 234
45 261
46 189
46 250
46 331
46 393
47 61
47 102
47 145
47 160
47 278
47 415
48 110
48 146
48 214
49 50
49 65
49 91
49 186
49 296
49 363
49 366
49 408
50 134
50 309
51 111
51 152
52 78
52 141
52 187
53 268
53 313
53 369
54 71
54 73
54 201
55 118
55 265
55 397
56 126
56 187
56 353
57 75
57 217
57 423
58 199
58 289
58 396
59 295
59 301
59 419
60 68
60 289
60 386
61 154
61 177
62 149
62 204
62 285
63 226
64 101
64 202
64 208
65 301
66 73
66 235
66 282
67 76
67 119
67 169
67 275
67 287
67 335
67 418
68 148
68 183
68 381
69 101
69 336
69 394
70 216
70 395
70 413
71 114
71 175
71 230
71 256
71 281
71 314
72 327
72 369
72 394
73 130
73 171
73 227
73 389
74 85
74 86
74 95
74 258
74 281
74 325
74 341
74 420
75 186
75 291
75 368
76 301
77 262
77 348
77 396
78 89
78 91
78 109
79 128
79 145
79 190
79 220
79 255
79 306
79 352
79 400
80 106
80 254
80 309
81 353
81 424
82 199
82 239
82 397
83 104
83 121
83 221
83 266
83 281
83 390
84 268
84 417
85 201
86 101
86 199
87 330
87 397
88 106
88 421
88 423
89 217
89 309
90 129
92 149
92 201
92 202
93 265
93 312
94 208
94 338
96 116
96 119
96 341
96 349
96 412
97 177
97 410
98 251
98 364
99 134
99 217
100 131
100 310
100 357
101 158
101 238
101 409
102 118
102 124
103 110
103 269
103 396
104 269
104 425
105 184
105 280
105 417
106 156
106 159
106 302
106 324
107 123
107 141
107 176
108 176
108 318
108 388
109 170
109 424
110 128
110 165
110 351
110 375
111 114
111 161
111 319
112 249
112 353
112 369
113 242
113 289
114 143
115 134
115 141
115 424
116 295
116 424
117 224
117 248
117 341
118 174
118 256
118 272
118 356
119 223
120 187
120 235
120 423
121 301
121 304
122 129
122 419
122 425
123 150
123 156
123 162
123 198
123 206
123 288
123 322
124 181
124 207
124 430
125 153
125 209
125 315
126 132
126 188
126 382
126 405
127 201
127 252
127 386
128 129
129 164
129 183
129 266
129 271
129 370
130 208
130 426
131 166
131 171
131 320
131 355
131 368
132 312
132 318
133 147
133 353
134 359
135 254
135 309
135 315
136 235
136 338
136 395
137 193
137 266
137 372
137 379
138 146
138 279
139 204
139 285
139 313
140 208
140 396
141 157
141 253
141 401
142 219
142 312
142 410
143 182
143 326
143 379
143 408
144 167
144 270
144 352
146 376
147 155
147 173
147 185
147 264
147 321
147 344
148 269
149 183
149 260
149 398
149 420
150 170
151 197
151 217
152 227
152 257
152 258
152 272
152 290
152 326
152 390
153 192
153 218
153 376
154 175
154 181
154 257
154 297
155 214
155 228
157 254
159 208
159 397
160 388
160 399
161 383
161 397
162 315
163 215
163 295
164 234
164 396
165 261
165 301
166 282
166 338
167 252
167 396
168 231
168 251
168 391
169 309
169 364
170 359
170 374
171 395
172 330
172 383
173 197
174 177
174 286
175 423
176 213
176 232
176 292
176 374
176 401
178 307
178 403
179 234
179 301
180 184
180 204
180 394
181 286
182 217
182 327
184 333
184 408
184 416
185 309
185 391
186 342
187 229
187 320
187 339
187 349
187 359
188 214
188 424
189 399
190 286
190 426
191 425
193 226
194 204
194 214
194 249
195 304
195 386
195 397
196 217
196 310
196 342
197 221
197 296
197 335
197 375
197 407
198 280
198 309
199 220
199 302
199 378
199 389
200 235
200 342
200 424
201 253
201 290
201 367
201 374
202 248
202 390
202 412
202 427
203 209
203 279
203 280
204 263
204 308
204 317
204 387
205 215
206 251
207 410
208 243
208 306
208 325
209 241
209 409
210 233
210 274
210 298
210 346
211 269
211 285
211 413
212 249
212 285
212 369
213 265
213 312
214 275
214 339
214 361
214 428
215 232
215 365
216 244
216 305
216 311
216 385
217 340
218 280
218 336
219 270
219 303
219 402
221 295
222 240
222 277
222 316
222 416
223 250
223 274
223 278
223 321
223 384
224 307
225 295
225 386
226 296
226 340
226 377
227 337
228 298
228 393
229 295
230 337
230 338
231 264
231 284
231 335
232 304
233 364
234 255
234 361
235 291
236 307
236 426
237 242
237 295
237 397
238 261
238 283
239 243
239 322
239 323
239 373
239 422
240 268
240 403
241 293
241 394
242 345
242 367
242 380
242 381
244 262
245 304
245 424
246 315
246 327
246 417
247 318
247 388
249 317
251 303
251 334
251 385
251 430
252 345
252 400
254 329
254 334
254 373
254 392
255 269
256 342
257 342
258 419
259 261
259 293
260 268
260 369
261 276
261 365
262 400
262 402
263 313
263 353
264 301
265 297
265 350
265 405
267 286
267 396
268 299
268 308
268 317
268 370
269 299
269 372
269 398
271 285
271 371
272 423
273 386
276 307
277 285
278 312
279 354
279 362
280 316
280 329
282 305
283 354
283 376
284 364
284 410
285 414
286 347
286 384
287 391
288 289
288 410
289 306
289 334
290 338
291 357
292 295
292 307
293 325
294 343
294 357
294 413
298 391
299 371
300 343
300 371
300 406
301 340
303 388
304 349
304 360
304 380
304 407
305 371
307 360
309 322
310 366
311 388
311 410
312 347
312 385
313 428
314 330
315 362
315 416
316 327
318 356
320 342
323 342
323 421
324 342
324 343
326 330
327 363
327 387
328 403
331 391
332 383
333 369
333 404
336 362
337 345
337 401
337 411
337 420
337 427
338 378
343 422
344 364
346 399
347 399
348 352
348 367
348 411
350 388
351 353
355 423
355 424
357 431
358 406
358 413
358 421
364 393
365 426
366 423
368 406
369 414
369 428
370 413
371 431
372 419
378 426
384 388
386 411
387 404
388 405
392 410
396 415
399 418
402 426
404 409
407 419
415 426
421 431
422 423
