2592 5184
0 1421
0 2267
0 2429
1 319
1 398
1 825
1 1497
1 1522
1 1656
1 2162
1 2331
2 186
2 651
2 654
2 1434
3 448
3 461
3 1231
3 2362
4 1512
4 1531
4 2299
5 346
5 1191
5 1683
5 2260
5 2263
5 2457
6 208
6 821
6 1671
7 163
7 1054
7 1147
8 12
8 329
8 1871
9 926
9 1043
9 1288
9 1388
9 1463
9 1540
9 1680
9 2350
10 876
10 1551
10 2244
11 879
11 1397
11 1747
12 311
12 864
12 950
12 1216
12 2046
12 2179
12 2183
13 860
13 1199
13 1529
14 131
14 372
14 776
14 1516
15 912
15 1136
15 1778
16 443
16 698
16 2134
17 862
17 1977
17 1994
17 2036
18 109
18 572
18 605
18 634
18 1299
18 1500
19 2085
19 2099
19 2134
20 821
20 911
20 1831
21 1124
21 1214
21 1565
21 1642
21 1728
21 1766
21 1770
21 2275
22 58
22 249
22 250
22 1355
22 1874
22 1905
22 2265
22 2523
23 812
23 1275
23 2071
24 124
24 329
24 927
25 406
25 1307
25 1787
26 128
26 249
26 706
26 1013
26 1578
26 1963
27 445
27 506
27 649
28 175
28 1163
28 1371
29 268
29 1008
29 1244
29 1857
29 2172
29 2484
30 453
30 1078
30 2006
31 89
31 1020
31 1914
32 207
32 546
32 959
33 515
33 975
33 1139
34 1023
34 1588
34 2570
35 459
35 761
35 1025
36 850
36 1785
36 2037
37 272
37 865
37 992
37 1516
37 1725
37 2158
37 2179
37 2464
38 113
38 176
38 1030
39 303
39 992
39 1501
39 2032
39 2109
39 2411
40 362
40 408
40 2317
41 596
41 973
41 1707
42 1011
42 1700
42 1704
42 1753
43 1303
43 1863
43 1997
43 2058
43 2065
43 2479
44 529
44 658
44 1561
45 170
45 346
45 902
45 940
45 1293
45 1848
45 1882
45 1911
46 318
46 850
46 1119
47 430
47 435
47 632
47 736
47 1001
47 1600
47 1632
47 1801
48 262
48 564
48 1038
48 1186
48 2057
48 2475
49 239
49 890
49 2294
50 436
50 1495
50 2486
51 87
51 1020
51 2376
52 1385
52 1676
52 2394
52 2480
53 57
53 524
53 1309
54 1183
54 2364
54 2524
55 382
55 684
55 850
56 137
56 400
56 652
56 902
56 1115
56 2437
57 205
57 1369
57 1838
57 2059
57 2448
58 313
58 2389
59 307
59 673
59 1625
59 2394
60 869
60 1223
60 1465
61 307
61 727
61 848
61 1759
61 1874
61 1907
61 1986
61 2104
62 614
62 1662
62 2021
63 809
63 1083
63 1384
63 2446
64 767
64 875
64 2528
65 295
65 561
65 1227
65 1816
66 798
66 1148
66 1443
66 1463
66 1987
66 2500
67 228
67 465
67 800
67 1110
67 1343
67 2246
67 2250
67 2565
68 396
68 545
68 1093
68 1435
69 883
69 1154
69 1875
69 2146
70 856
70 863
70 1644
71 643
71 659
71 2364
72 96
72 995
72 2164
73 176
73 1411
73 2220
74 1722
74 2184
74 2585
75 284
75 1012
75 1423
76 77
76 1805
76 2458
77 191
77 522
77 627
77 795
77 1740
77 1801
77 2119
78 404
78 503
78 1735
79 87
79 89
79 167
80 1213
80 1406
80 1702
80 2257
81 1161
81 1206
81 1360
81 1685
81 1766
81 2256
82 582
82 688
82 974
82 1398
82 1602
82 1691
82 1885
82 2485
83 355
83 1604
83 2069
84 214
84 377
84 2271
84 2526
85 297
85 975
85 1447
86 895
86 1251
86 2456
87 296
87 1364
87 1481
87 1688
87 2311
87 2586
88 1059
88 1298
88 2512
89 1134
89 1458
90 1030
90 1442
90 2313
91 593
91 1147
91 1805
92 774
92 816
92 1022
93 814
93 1301
93 1653
93 1726
93 1958
93 2580
94 1198
94 1560
94 2313
95 874
95 1597
95 1785
96 179
96 1763
96 2370
97 401
97 580
97 674
98 726
98 1047
98 1416
99 104
99 1350
99 2341
99 2430
99 2473
99 2557
100 243
100 348
100 1512
101 792
101 1696
101 2050
102 433
102 1878
102 2023
102 2252
102 2380
102 2505
103 1119
103 1982
103 2391
104 875
104 1850
105 1421
105 1541
105 2363
106 1918
106 2113
106 2235
107 1239
107 1644
107 2353
108 504
108 972
108 1605
109 1655
109 1657
110 266
110 324
110 383
110 505
110 965
110 1329
110 1705
110 2238
111 935
111 1108
111 2034
112 533
112 1183
112 1447
113 564
113 757
113 1081
113 1269
113 1404
113 1687
113 1951
114 209
114 421
114 1606
114 2431
114 2464
114 2557
115 143
115 952
115 1106
115 1152
115 1297
115 2388
115 2396
115 2485
116 1232
116 1381
116 1679
117 426
117 545
117 804
117 976
117 977
117 1716
117 1809
117 2425
118 419
118 832
118 2247
119 645
119 2076
119 2116
120 936
120 1743
120 1775
121 646
121 660
121 702
121 1145
121 1351
121 1503
122 479
122 1914
122 2336
123 705
123 911
123 2122
124 196
124 372
124 1365
124 1367
124 1463
124 2012
124 2183
125 796
125 1846
125 1855
126 1840
126 1870
126 2361
127 863
127 1488
127 2219
128 279
128 1281
129 1119
129 1399
129 2174
130 610
130 2491
130 2511
131 1871
131 2074
132 1014
132 1945
132 2060
133 882
133 1835
133 2097
134 184
134 493
134 1637
134 1661
134 1980
134 2141
135 798
135 828
135 1566
135 2237
136 745
136 1204
136 1497
136 1669
136 1789
136 2196
137 212
137 2552
138 631
138 1057
138 1808
139 535
139 631
139 1401
140 204
140 278
140 1764
141 245
141 677
141 691
142 1024
142 1094
142 2097
143 282
143 931
144 330
144 667
144 1018
144 2216
145 567
145 599
145 613
146 733
146 1190
146 1198
147 771
147 1147
147 2069
148 1655
148 1722
148 1840
149 2024
149 2407
149 2426
150 407
150 433
150 782
150 1980
151 395
151 711
151 1489
151 1745
152 1482
152 1827
152 1843
153 323
153 385
153 469
153 916
153 1051
153 1194
153 1934
153 2302
154 258
154 2165
154 2220
155 491
155 561
155 820
155 862
155 1663
155 1925
155 1952
155 2504
156 1657
156 2235
156 2426
157 440
157 1716
157 1737
157 1894
157 2183
157 2575
158 690
158 1165
158 1779
158 1943
158 2089
158 2148
158 2307
158 2338
159 1495
159 1795
159 2337
160 252
160 985
160 2571
161 392
161 884
161 2069
162 843
162 1560
162 1762
163 177
163 1218
163 1353
163 1394
163 1538
164 589
164 1226
164 1731
165 252
165 1493
165 1577
166 1891
166 1941
166 2200
167 378
167 511
167 556
167 692
167 857
167 1957
167 2289
168 803
168 887
168 1821
168 2324
169 246
169 1191
169 1303
169 1741
169 1824
169 1930
169 2161
169 2274
170 1585
170 2001
171 488
171 629
171 1323
171 1728
171 1754
171 2003
171 2062
171 2459
172 708
172 1163
172 2421
173 349
173 1411
173 1707
174 792
174 890
174 1672
175 424
175 1422
175 1822
175 2088
175 2274
176 847
176 1135
176 1519
176 2277
176 2342
176 2501
177 1436
177 1706
178 872
178 1985
178 2511
179 931
179 1049
180 267
180 282
180 1172
181 740
181 1314
181 2273
182 541
182 567
182 740
183 1941
183 2043
183 2561
184 1793
184 2165
185 917
185 1452
185 2078
186 836
186 943
187 419
187 2348
187 2559
188 246
188 1225
188 1242
188 1337
188 1410
188 2467
189 241
189 606
189 657
189 2558
190 986
190 1152
190 1181
190 1765
190 1880
190 2033
191 674
191 2401
192 844
192 1012
192 1314
193 946
193 2325
193 2548
194 425
194 1561
194 1610
195 1836
195 2390
195 2481
196 1195
196 1511
197 229
197 320
197 2460
198 1511
198 2035
198 2273
199 783
199 831
199 849
199 1098
199 1550
199 2522
200 747
200 1028
200 1572
201 519
201 1026
201 2560
202 677
202 1232
202 2399
203 258
203 2131
203 2397
204 673
204 810
204 2009
205 1442
205 1823
206 349
206 1030
206 2192
207 236
207 818
207 1728
207 2230
207 2326
208 441
208 577
208 823
208 1034
208 1286
208 1425
208 1593
209 1850
209 2427
210 261
210 533
210 659
211 684
211 2290
211 2511
212 411
212 466
212 478
212 793
212 1649
212 1739
212 1866
213 971
213 2076
213 2496
214 735
214 2426
215 479
215 1479
215 2164
216 1160
216 1282
216 1368
217 1182
217 1837
217 2323
218 1133
218 1163
218 1871
219 1026
219 2292
219 2499
220 966
220 1116
220 1155
221 869
221 901
221 2076
222 483
222 1330
222 1517
222 1567
222 1921
222 1975
222 2169
222 2379
223 618
223 1543
223 2296
224 508
224 888
224 998
224 1312
224 1499
224 1975
225 1655
225 2099
225 2559
226 363
226 468
226 689
226 712
226 920
226 2558
227 619
227 780
227 1066
227 2591
228 658
228 2490
229 694
229 865
229 1002
229 1205
229 1216
229 1951
229 2573
230 702
230 1083
230 1123
230 1170
230 1459
230 2093
231 392
231 401
231 2353
232 659
232 880
232 1815
233 477
233 843
233 1275
234 401
234 2134
234 2416
235 593
235 2016
235 2401
236 279
236 709
237 666
237 1238
237 1541
238 258
238 1835
238 2512
239 259
239 984
239 1009
239 1252
239 2518
240 799
240 924
240 930
240 1745
241 1819
241 2463
242 485
242 809
242 993
242 1429
242 1800
242 1865
242 2018
242 2532
243 319
243 1359
243 1802
243 1865
243 1992
243 2026
243 2156
244 815
244 1816
244 1994
244 2422
245 928
245 2474
245 2569
246 1778
247 846
247 1442
247 2192
248 1006
248 1794
248 1914
249 1574
250 1514
250 1945
251 307
251 1444
251 2126
251 2529
252 622
252 768
252 1202
252 1348
252 2118
252 2314
253 613
253 879
253 2584
254 333
254 728
254 1541
255 659
255 1706
255 2524
256 1493
256 1605
256 2566
257 381
257 846
257 2545
258 714
258 1404
258 1598
259 1230
259 1982
260 860
260 1397
260 1568
261 1210
261 2139
261 2216
261 2218
261 2525
262 1067
262 2220
263 937
263 2017
263 2222
264 283
264 758
264 1392
264 1641
264 2110
264 2469
265 365
265 609
265 704
265 1002
265 1417
265 2471
266 1747
266 1949
267 685
267 1212
267 1398
267 1741
267 2260
268 739
268 2472
269 1375
269 1564
269 1849
269 2320
270 991
270 2098
270 2491
271 347
271 385
271 622
271 791
271 1409
271 1814
271 2223
271 2275
272 875
272 1356
273 1596
273 2125
273 2433
274 781
274 1290
274 1945
275 338
275 396
275 426
275 432
275 1334
275 1378
275 1844
275 2368
276 994
276 1057
276 1845
277 691
277 1381
277 1955
278 727
278 1385
278 2126
279 625
279 710
279 1695
279 1783
279 2068
279 2440
280 1266
280 1544
280 2576
281 480
281 515
281 1080
282 316
282 475
282 662
282 1058
282 1313
282 1929
283 459
283 2581
284 556
284 786
284 2357
285 382
285 1177
285 1855
286 289
286 1158
286 1192
286 1563
286 1904
286 1907
286 1910
286 2517
287 1157
287 1729
287 2138
288 1086
288 1284
288 1771
289 1853
289 2416
290 391
290 2122
290 2300
291 1464
291 2454
291 2492
291 2497
292 419
292 835
292 1408
293 659
293 1328
293 1855
294 393
294 1011
294 1107
294 1264
294 1341
294 1445
295 2228
295 2242
296 1794
296 2268
297 1210
297 1792
297 1838
298 625
298 1124
298 1323
298 2022
298 2254
298 2577
299 380
299 446
299 464
299 977
299 1791
299 2410
300 1230
300 1837
300 1892
301 554
301 1589
301 2001
302 1219
302 1290
302 1470
303 1908
303 2014
304 724
304 1201
304 1379
305 326
305 1713
305 1817
306 772
306 1532
306 1572
308 382
308 1539
308 1912
309 1480
309 1826
309 1960
310 484
310 2407
310 2566
311 1808
311 1985
312 349
312 1919
312 2371
313 1109
313 1473
313 2257
314 659
314 1116
314 1696
315 384
315 979
315 2090
316 906
316 2404
317 674
317 999
317 2296
318 410
318 653
318 1009
318 1060
318 1424
318 1749
318 2386
319 2509
320 635
320 845
320 1969
320 2150
320 2175
321 338
321 400
321 855
321 967
321 1039
321 1120
321 1450
321 1782
322 1209
322 1747
322 2481
323 1211
323 1493
324 1416
324 1528
325 386
325 576
325 2465
326 437
326 1048
326 1227
326 1580
326 1663
326 1994
326 2054
327 533
327 2361
327 2559
328 585
328 2122
328 2514
329 1289
329 1616
329 2262
329 2425
330 1447
330 1531
331 733
331 1125
331 1713
332 343
332 1268
332 1813
333 951
333 1033
333 1174
333 1336
333 1910
333 1916
333 2264
334 390
334 1132
334 1295
334 1348
334 2388
334 2497
335 876
335 970
335 2200
336 515
336 1197
336 1932
337 596
337 937
337 1886
338 761
339 364
339 375
339 653
339 689
339 904
339 1459
339 2236
339 2360
340 603
340 999
340 1304
341 448
341 803
341 2258
341 2439
342 432
342 451
342 560
342 842
342 1258
342 1419
342 1776
342 2066
343 814
343 881
343 1106
343 1880
343 2554
344 359
344 943
344 1026
345 619
345 629
345 762
345 1235
345 1475
345 1638
345 2123
345 2466
346 2344
347 404
347 1049
348 1387
348 1653
348 1818
348 1822
348 1915
348 1997
348 2127
349 354
349 795
349 1308
349 1540
349 1948
350 515
350 665
350 1136
351 1006
351 1304
351 2349
352 1397
352 1761
352 2098
353 678
353 1223
353 2116
354 1842
354 2317
355 590
355 1145
355 1170
356 999
356 1147
356 2579
357 778
357 998
357 2170
357 2462
358 530
358 928
358 993
358 1101
358 1476
358 2033
359 462
359 1128
359 1390
359 1915
359 2493
360 384
360 905
360 2076
361 664
361 884
361 2287
362 715
362 1752
362 1893
362 1948
362 2005
363 919
363 2087
364 1146
364 1795
365 538
365 2043
366 448
366 483
366 887
366 1413
366 1708
366 2047
367 499
367 562
367 868
367 1968
367 2280
367 2432
368 638
368 1488
368 2353
369 528
369 604
369 1499
369 1877
369 2047
369 2312
369 2327
369 2502
370 979
370 1184
370 1544
371 755
371 836
371 2560
372 1896
373 1609
373 1655
373 1898
374 670
374 1672
374 2132
375 788
375 1982
376 792
376 1982
376 2378
377 1133
377 1451
378 812
378 844
379 1470
379 2136
379 2300
380 894
380 2085
381 1344
381 2020
381 2412
382 1674
382 2000
382 2587
383 728
383 2524
384 1316
384 2551
385 1251
386 969
386 1406
386 1905
387 761
387 1277
387 2404
388 2268
388 2349
388 2536
389 602
389 2244
389 2292
390 2319
390 2566
391 630
391 1965
391 2106
392 550
392 930
392 1072
392 1188
392 1194
392 1400
393 2348
393 2560
394 621
394 1064
394 2323
395 1368
395 2140
396 747
397 524
397 1219
397 1531
398 705
398 1743
399 640
399 804
399 1027
399 1141
399 1530
399 1703
400 2178
401 682
401 1849
401 2044
401 2129
401 2428
402 730
402 1138
402 2001
403 673
403 683
403 764
403 1385
403 2059
403 2246
403 2425
403 2575
404 818
404 1272
404 1323
404 1922
404 2143
404 2256
405 676
405 1084
405 2082
405 2093
405 2303
405 2360
406 491
406 668
406 713
406 1263
406 1283
406 2395
406 2449
407 684
407 1899
408 1288
408 1527
408 1937
408 2101
408 2119
408 2498
408 2503
409 933
409 1090
409 1174
409 1584
409 1689
409 1993
409 2418
409 2468
410 792
410 1230
411 665
411 1122
412 846
412 1972
412 2374
413 699
413 1203
413 1889
414 656
414 736
414 1312
414 1646
414 1797
414 2271
414 2436
414 2508
415 451
415 859
415 1774
415 2202
416 533
416 832
416 835
417 510
417 989
417 1165
417 1868
418 1978
418 2426
418 2486
419 549
419 639
419 805
419 2080
419 2218
420 544
420 1226
420 2281
421 1568
421 2537
422 899
422 926
422 1330
422 1492
422 1534
422 1536
422 2226
422 2312
423 544
423 827
423 1059
424 1777
424 2347
425 463
425 465
425 476
425 485
425 1345
425 1494
425 1939
426 748
427 919
427 1532
427 2463
428 533
428 1408
428 2247
429 1022
429 1261
429 1275
430 1744
430 2113
431 2371
431 2401
431 2458
432 661
433 1985
434 519
434 1321
434 2347
435 731
435 2371
436 1542
436 1608
436 2526
437 882
437 1575
438 821
438 2231
438 2315
439 901
439 921
439 2214
440 658
440 2103
441 477
441 2096
442 616
442 1262
442 1872
442 1878
442 2046
442 2507
443 799
443 1466
443 2354
444 1588
444 2383
444 2510
445 488
445 679
445 1446
445 1617
445 2341
446 1528
446 1668
447 1068
447 1379
447 2374
449 1024
449 2287
449 2319
450 971
450 1075
450 2157
451 906
452 718
452 1217
452 1293
452 1917
453 1510
453 2531
453 2556
454 705
454 936
454 1931
455 1931
455 2235
455 2344
456 1543
456 2108
456 2234
457 1551
457 2166
457 2499
458 1265
458 1405
458 1594
459 1565
459 1742
459 1887
459 2031
459 2195
459 2256
460 1788
460 1794
460 1845
461 599
461 2208
462 2166
462 2560
463 1257
463 1836
464 747
464 1777
465 687
466 1543
466 1571
467 1209
467 1374
467 1623
468 1585
468 1978
469 1091
469 1281
470 1160
470 1594
470 2353
471 2097
471 2319
471 2349
472 1466
472 1489
472 1564
472 2428
473 559
473 1850
473 2491
474 983
474 1831
474 2113
475 983
475 1460
476 1855
476 1859
477 813
477 819
477 1250
477 1554
477 2005
477 2094
478 1050
478 2481
479 671
479 1098
479 1364
479 2370
480 1118
480 1943
480 2513
481 912
481 1139
481 1524
482 1067
482 1238
482 1284
483 2050
484 1630
484 2117
484 2314
484 2434
484 2567
485 670
486 1462
486 1891
486 2420
487 1696
487 1859
487 2387
488 2037
489 758
489 1383
489 1811
489 1866
489 2186
489 2217
489 2351
489 2403
490 872
490 2286
490 2538
491 2039
492 796
492 850
492 1985
493 597
493 872
494 1462
494 1941
494 2374
495 850
495 1469
495 2259
496 1777
496 1871
496 2061
497 1568
497 1761
497 1949
498 1667
498 1718
498 2364
499 1932
499 2268
500 975
500 1122
500 2385
501 666
501 1100
501 2420
502 589
502 931
502 1059
503 939
503 1431
503 1565
503 1790
503 2019
504 1486
504 2089
504 2415
505 1243
505 2584
506 842
506 1071
506 1537
506 1562
506 2003
506 2083
506 2276
507 1270
507 1744
507 1923
508 829
508 2426
509 585
509 678
509 1853
510 1605
510 2494
511 544
511 2021
512 863
512 1239
512 2188
513 1243
513 1667
513 2384
514 598
514 947
514 1166
514 1305
514 2177
514 2497
515 1486
515 1868
515 1956
515 2392
516 890
516 1654
516 1744
517 918
517 1169
517 2336
518 1967
518 2039
518 2452
519 822
519 963
519 1818
519 2322
520 1889
520 1920
520 2416
521 1561
521 1834
521 2490
522 949
522 2570
523 1146
523 1966
523 2426
524 1294
524 1359
524 1387
524 1792
525 967
525 1678
525 1877
525 1921
526 906
526 1924
526 2511
527 540
527 2325
527 2378
528 880
528 2050
529 644
529 851
529 1110
529 1391
529 2147
530 531
530 1209
531 986
531 1013
531 1839
532 1127
532 1793
532 2427
533 617
533 1873
533 1990
534 567
534 1861
534 2414
535 839
535 1306
535 1386
535 1746
535 2334
536 932
536 2076
536 2090
537 662
537 974
537 2063
537 2303
538 635
538 732
538 1040
538 1081
538 1490
538 2179
538 2549
539 1482
539 1604
539 2548
540 1576
540 1628
540 1649
540 1666
540 1909
540 2110
540 2438
541 600
541 817
541 1331
541 1656
541 1895
542 1399
542 1624
542 2456
543 584
543 725
543 1823
544 572
544 1066
544 1142
544 1780
544 1864
545 2384
546 2022
546 2115
546 2226
547 774
547 1511
547 2429
548 1131
548 1420
548 2512
549 659
549 1447
550 863
550 1160
551 1099
551 1197
551 1507
552 581
552 892
552 1945
553 681
553 944
553 1055
553 1102
554 1364
554 1395
554 1412
554 1430
554 1432
554 1683
554 2046
555 585
555 1300
555 2300
556 1261
557 559
557 896
557 2037
558 1039
558 1700
558 1709
558 1781
558 1928
558 1971
558 2100
558 2261
559 762
559 818
559 1071
559 1124
559 1617
559 2306
560 2121
560 2384
561 1078
562 1006
562 1080
563 788
563 1274
563 1504
564 2165
565 807
565 1926
565 2034
566 1408
566 1914
566 2510
567 681
567 1222
567 1241
567 1485
567 1669
568 664
568 794
568 1978
569 1416
569 2085
569 2590
570 834
570 1158
570 1437
570 2369
571 1342
571 2001
571 2336
572 2201
573 1236
573 1665
573 1783
573 1839
573 2015
573 2523
574 830
574 1068
574 2545
575 796
575 1533
575 1539
576 789
576 925
576 1109
577 911
577 1733
578 1744
578 2132
578 2235
579 771
579 1243
579 2524
580 1134
580 1180
580 1315
580 1453
580 2513
581 942
581 969
581 1473
581 1578
581 1665
581 2104
581 2135
582 906
582 983
583 631
583 970
583 1281
584 668
584 954
584 1581
584 2137
584 2448
585 2008
586 808
586 1751
586 2581
587 724
587 953
587 1972
588 724
588 1462
588 1845
589 780
589 1208
589 1380
589 1500
589 1619
589 1957
590 1054
590 2086
591 688
591 1045
591 1058
591 1084
592 885
592 1044
592 1121
592 1456
593 1205
593 1320
593 2206
593 2549
594 597
594 2286
594 2290
595 1321
595 2421
595 2541
596 942
596 1355
596 1684
596 2205
597 1509
597 1774
597 1974
597 2342
598 705
598 1470
599 745
599 1331
599 1821
599 2133
600 753
600 903
601 807
601 941
601 2190
602 1220
602 1242
602 1276
602 1358
602 2212
602 2334
602 2551
603 1000
603 1076
603 1857
603 1968
603 2366
604 917
604 2222
605 906
605 1333
606 722
606 2087
607 1050
607 2385
607 2552
608 695
608 843
608 1454
609 937
609 1366
610 842
610 1017
610 1144
610 1648
610 2551
611 894
611 1274
611 1467
612 1214
612 1686
612 2143
612 2197
613 777
613 1218
613 1558
613 1844
613 1900
613 2238
614 1033
614 1241
614 1742
614 2180
614 2564
615 844
615 997
615 1423
616 2039
616 2040
617 661
617 972
618 667
618 2227
618 2589
619 2528
620 832
620 2111
620 2381
621 696
621 920
621 1424
621 1738
621 2052
621 2093
621 2291
622 1605
623 705
623 1184
623 2496
624 684
624 927
624 1808
625 2096
626 1086
626 1277
626 2017
627 731
627 2235
628 1160
628 2241
628 2416
629 1003
630 678
630 921
631 2266
632 1743
632 2344
633 634
633 717
633 841
633 1935
633 2191
633 2335
634 1898
635 949
636 726
636 2296
636 2458
637 1335
637 1644
637 2299
638 1595
638 1910
638 2102
639 661
639 2494
640 1668
640 2050
641 1707
641 2211
641 2537
642 1109
642 1406
642 1499
642 1829
642 2169
642 2333
643 655
643 1093
643 1538
643 1558
643 1705
643 2193
643 2194
644 1547
644 1574
645 1681
645 1698
645 1802
645 2168
645 2588
646 1892
646 2378
647 1360
647 1695
647 2019
647 2373
648 1096
648 2559
648 2585
649 1060
649 1142
649 1500
649 1979
649 2163
649 2403
649 2438
650 1003
650 2091
650 2315
651 1599
651 2040
652 2078
652 2125
653 1467
654 1322
654 2560
655 748
655 2536
656 1966
656 1978
657 1057
657 1532
658 1556
658 1616
658 2272
659 1708
660 923
660 1041
661 900
661 1803
661 2495
662 1298
663 846
663 1379
663 1891
664 810
664 1357
664 1627
664 1676
665 1210
665 1526
665 2147
665 2338
665 2402
665 2445
666 1192
666 1317
666 1595
666 1758
666 2468
666 2564
667 1189
668 1030
669 829
669 970
669 1819
670 700
670 1749
670 2025
670 2163
671 1846
671 2555
672 1284
672 2222
672 2267
674 783
674 824
674 1901
674 2056
674 2189
675 763
675 924
675 1072
675 1675
675 1701
675 1970
675 2059
675 2253
676 1920
676 2547
677 1013
677 1033
677 1236
677 1317
677 1631
677 1903
678 1673
679 874
679 2427
680 1172
680 1454
680 1560
681 1418
682 863
682 1594
683 725
683 946
684 950
684 1382
684 1776
684 2505
685 895
685 1778
686 884
686 2566
686 2571
687 775
687 1510
687 1830
688 1298
689 829
690 975
690 1136
691 851
691 2316
692 1914
692 2376
693 1671
693 1733
693 1831
694 2220
694 2259
695 710
695 1103
695 1137
695 1143
695 1283
695 1614
695 1824
696 1146
696 2171
697 779
697 1608
697 2450
697 2520
698 711
698 1072
698 2356
699 1310
699 1346
699 1534
699 2082
699 2339
700 1836
700 2387
701 1733
701 1794
701 1899
702 1182
703 721
703 891
703 1934
703 2442
704 1707
704 2528
705 1187
705 2195
705 2358
706 1381
706 1623
707 833
707 923
707 1837
708 1126
708 1154
708 2095
709 1034
709 1554
709 2254
710 874
711 2241
712 1146
712 2344
713 2111
713 2228
714 1047
714 1452
715 1483
715 2028
716 1025
716 1248
716 1735
717 1722
717 2099
718 794
718 1397
719 1131
719 1374
719 1836
720 878
720 1237
720 1752
720 2350
721 1551
721 1808
722 1461
722 1472
722 1505
722 2052
722 2236
723 1886
723 2211
723 2267
724 1140
724 2515
724 2527
725 866
725 1513
725 1792
725 1970
726 1455
726 1587
726 1901
726 2366
726 2408
726 2423
727 1964
728 1259
728 1267
728 2193
728 2468
729 1493
729 2224
729 2305
730 1143
730 1225
730 2088
730 2130
730 2221
730 2260
730 2479
731 1557
731 1615
731 1686
731 2123
732 767
732 927
733 1301
733 2343
734 1239
734 1467
734 1668
735 878
735 1388
735 2508
736 1657
737 2255
737 2271
737 2350
737 2413
738 752
738 1733
738 2231
739 1165
739 1486
739 1798
739 1968
739 2274
739 2430
739 2479
740 1339
740 1373
740 1496
740 1789
740 1944
740 2094
741 1604
741 1881
741 2481
742 1626
742 2103
742 2536
743 999
743 1416
743 2131
744 771
744 1436
744 2364
745 753
746 1172
746 1275
746 2585
747 1021
747 1289
747 1530
747 1586
747 2575
748 1586
748 2382
749 1091
749 1551
749 1755
750 1270
750 1931
750 2414
751 1787
751 2269
751 2313
752 1035
752 1634
752 2117
752 2330
752 2411
752 2441
752 2578
753 783
753 962
753 1659
753 2151
753 2177
753 2582
754 832
754 1366
754 1914
755 1097
755 1449
755 1913
756 2371
756 2460
756 2570
757 1926
757 2269
758 1047
759 959
759 1150
759 1831
760 948
760 1318
760 1621
760 2237
761 2070
761 2180
761 2301
762 2284
763 1199
763 2548
764 781
764 1561
765 787
765 946
765 1199
766 1451
766 2061
766 2372
767 776
767 1216
767 1501
767 2308
767 2431
767 2519
768 2091
768 2407
769 1597
769 1719
769 2259
770 882
770 2086
770 2481
771 1278
771 1558
771 1748
772 957
772 2038
772 2109
772 2154
772 2304
772 2320
772 2393
773 883
773 933
773 963
773 1082
773 1390
773 1769
774 1523
774 2500
775 1179
775 2455
776 1111
777 903
777 1662
778 2024
778 2399
779 1451
779 2486
780 2281
781 1759
781 2565
782 836
782 2286
784 953
784 1518
784 2244
785 882
785 1604
785 2552
786 997
786 1314
787 1113
787 1255
787 1354
787 1645
787 2210
787 2253
787 2461
788 1062
788 1424
788 1658
788 1999
789 1679
789 2451
790 1138
790 1778
790 2352
791 1577
791 2566
792 806
792 2542
793 975
793 1189
794 1129
794 1130
794 1175
794 1727
794 2318
794 2333
795 1223
796 922
796 1382
796 1730
797 927
797 1755
797 1985
798 2042
799 2241
800 1620
800 2244
801 1012
801 1507
801 2376
802 1150
802 1898
802 2184
803 880
804 1777
805 972
805 2121
806 1528
806 1855
807 1220
807 1316
807 1419
807 1562
808 809
808 1295
808 1636
808 1656
808 1888
808 2196
808 2396
810 1618
811 1203
811 1599
811 1920
812 1373
812 2357
813 1842
813 2420
814 2075
815 1198
815 2075
816 915
816 1156
816 2530
817 1275
817 1662
819 1096
819 1722
820 1311
820 1402
821 1361
821 1633
821 2252
821 2411
821 2412
822 943
822 2166
823 959
823 1714
824 1805
824 2371
825 1096
825 2349
826 1116
826 2016
826 2229
827 1313
827 1619
827 1763
827 2049
827 2485
828 1620
828 1796
829 839
829 1711
829 2052
829 2314
829 2436
830 1240
830 1247
830 1633
831 995
831 1846
832 857
832 1677
832 1852
832 2586
833 1168
833 1351
833 1996
834 1862
834 2576
835 1035
835 1076
835 1653
835 2321
835 2406
835 2572
836 2141
837 1274
837 1644
837 1862
838 905
838 1919
838 2159
839 1532
840 1068
840 1442
840 1707
841 1840
841 2559
843 1339
843 1398
843 1929
844 1652
845 1805
845 2016
846 861
846 1247
846 2038
846 2137
847 1845
847 2463
848 1290
848 2060
849 1533
849 2224
850 1341
850 1704
850 2142
851 1233
852 1023
852 1224
852 2590
853 1189
853 1858
853 2108
854 973
854 2160
854 2200
855 1050
855 2125
856 1228
856 1229
856 1999
857 1075
858 1067
858 1246
858 1266
859 2348
859 2538
860 1291
860 1555
860 1962
860 2546
861 1080
861 2014
862 2242
863 2102
864 1967
864 2336
865 927
866 1442
866 2029
867 1842
867 1941
867 2585
868 1127
868 2472
869 1673
869 1681
869 2297
869 2441
870 873
870 953
870 2545
871 2235
871 2371
871 2383
872 1776
873 1276
873 1343
873 1393
873 1804
873 2488
873 2544
873 2567
874 1340
874 1350
874 1697
875 1016
875 2232
875 2563
876 1316
876 1386
876 1410
876 1648
876 2534
876 2544
877 905
877 1223
877 2120
878 1195
879 934
879 1260
879 1548
879 1760
879 2173
879 2193
880 1517
880 2203
880 2362
881 1099
881 1845
882 1083
882 1403
882 1573
882 1998
883 2541
884 964
884 1784
884 2118
885 982
885 1003
886 937
886 991
886 2211
887 1155
888 2399
888 2433
889 971
889 1810
889 2509
890 1441
890 2031
890 2358
891 1265
891 1281
892 1121
892 1375
892 1874
892 2233
892 2304
892 2432
892 2484
893 987
893 1751
893 2160
894 1027
894 1658
895 1285
895 1338
895 1607
895 1940
895 2081
895 2461
896 1350
896 1754
896 1979
896 2276
896 2568
897 1108
897 1307
897 2313
898 953
898 1363
898 1379
899 1157
899 1960
900 1889
900 2381
901 960
901 1069
901 1508
901 2156
902 1047
903 1204
903 1231
903 1485
903 2324
904 1978
904 2171
905 1433
906 2539
907 1860
907 2174
907 2456
908 970
908 1401
908 2417
909 1488
909 2010
909 2112
910 1808
910 2417
910 2463
911 1712
911 2092
911 2454
912 1295
912 1313
912 1602
912 1757
912 1856
912 1880
913 1277
913 1284
913 2363
914 2086
914 2285
914 2548
915 2035
915 2071
916 2099
916 2509
917 1120
917 2379
918 1430
918 2251
918 2546
919 1472
919 1820
920 2407
921 1563
921 2008
921 2168
921 2280
921 2484
921 2583
922 1177
922 1696
923 1327
923 1645
924 1594
925 1793
925 2399
926 1086
927 1412
927 1737
927 2507
928 1778
929 999
929 2234
929 2458
930 946
931 1046
931 1602
931 1780
932 1220
932 1433
932 1648
933 2048
934 1224
934 1528
935 1358
935 1768
935 1930
935 2221
935 2534
936 1053
936 1895
936 2026
936 2067
936 2196
936 2543
937 1015
937 1302
937 1786
937 1828
938 1198
938 1268
938 1825
939 1298
939 2547
940 1401
940 1787
941 1017
941 1670
941 1687
942 1568
943 1107
943 1200
943 1262
943 1449
943 2380
944 1629
944 2344
945 1201
945 2244
945 2545
946 1215
946 1369
946 1415
946 2356
947 1184
947 1775
948 2285
948 2317
949 1205
949 1953
950 1755
951 2224
951 2420
952 1139
952 1778
954 1068
954 2192
955 1003
955 1254
955 1908
956 1402
956 2228
956 2455
957 1626
957 1819
958 995
958 1479
958 2305
959 1082
959 1584
959 1956
959 2307
959 2577
960 979
960 2116
961 1203
961 1246
961 1853
962 979
962 2496
963 1371
964 1487
964 2097
965 1224
965 2050
966 1546
966 2258
966 2359
967 1452
968 1123
968 1403
968 1888
968 2018
969 2389
970 1569
970 2212
971 1204
971 1305
971 1331
971 2056
971 2522
972 989
972 1567
972 2312
973 1606
973 1736
973 2232
973 2340
974 1131
975 1391
975 2139
975 2152
976 1572
976 2584
977 1163
978 2200
978 2374
978 2420
979 1305
979 1433
979 1681
979 2051
980 1319
980 2155
980 2561
981 1654
981 1918
981 1923
982 1117
982 2109
982 2355
983 1324
983 1593
983 1884
983 2301
983 2469
984 1855
984 2050
985 1005
985 1188
985 1357
985 1723
985 2444
986 1374
987 1104
987 1497
987 1757
987 1895
987 2018
987 2388
987 2446
988 1473
988 1905
989 1577
990 1544
990 1582
990 1644
991 1537
991 2205
992 1644
993 1131
994 1269
994 1271
994 1280
994 1292
994 1635
994 1974
994 2007
995 1245
995 1395
995 1481
996 1532
996 2347
996 2561
997 1180
997 1458
998 1679
999 1325
999 2288
999 2482
1000 1605
1000 2247
1001 1898
1001 2426
1002 2010
1003 2117
1003 2306
1004 1810
1004 1892
1004 2077
1005 1487
1005 2287
1006 1244
1006 1491
1006 2311
1007 1024
1007 1671
1007 2153
1008 1514
1008 1853
1009 2378
1010 1041
1010 1860
1010 2069
1011 2391
1012 1134
1014 1362
1014 1759
1014 1939
1014 2167
1014 2278
1015 1061
1015 2510
1016 2098
1016 2537
1017 2034
1018 1122
1018 2108
1019 1160
1019 1203
1019 2134
1020 1074
1020 1208
1020 1652
1020 1852
1020 1864
1020 2357
1021 1626
1021 2584
1022 1373
1022 1772
1023 1027
1023 1129
1023 1427
1023 1475
1023 1938
1023 2410
1024 1167
1024 1491
1024 2162
1024 2454
1024 2543
1025 1222
1025 1317
1025 1474
1025 2264
1026 1215
1026 1675
1026 2150
1026 2206
1026 2282
1028 1260
1028 1809
1028 2114
1028 2238
1028 2272
1029 1246
1029 1945
1029 2452
1030 1635
1030 1937
1031 1655
1031 1892
1031 2086
1032 1086
1032 1232
1032 1541
1034 2585
1035 2029
1036 1099
1036 1319
1036 1788
1037 1924
1037 2361
1037 2538
1038 1047
1038 2397
1039 1805
1040 1785
1040 2220
1041 2377
1041 2483
1042 1057
1042 1755
1042 2417
1043 2138
1043 2363
1044 1514
1044 2416
1045 1064
1045 1454
1046 1479
1046 1575
1047 1535
1047 1909
1047 2288
1048 1539
1048 2228
1049 1580
1049 1642
1049 1998
1049 2049
1050 1428
1050 1535
1050 1882
1051 1594
1051 2499
1052 1532
1052 1626
1052 2014
1053 2184
1053 2349
1054 1188
1054 1592
1054 1748
1054 1784
1054 1996
1054 2377
1055 1583
1055 1585
1056 1478
1056 1557
1056 1770
1056 1922
1057 1135
1057 1820
1058 1131
1059 1214
1059 1851
1059 1922
1060 1257
1061 1070
1061 1162
1061 1490
1061 1660
1061 2573
1062 1239
1062 2365
1063 1215
1063 1489
1063 1701
1063 2354
1064 1346
1064 1459
1064 2063
1064 2309
1065 1541
1065 2214
1065 2528
1066 1731
1067 1158
1067 1267
1067 1404
1067 1637
1067 1942
1068 1664
1068 1906
1068 2020
1068 2154
1069 1795
1069 2390
1070 1356
1070 1707
1071 1153
1073 1589
1073 1761
1073 2215
1074 1075
1074 1408
1075 1546
1075 2182
1075 2582
1076 1577
1077 1223
1077 2090
1077 2159
1078 1611
1078 1977
1079 1232
1079 2267
1079 2273
1080 2148
1080 2154
1080 2172
1081 2259
1082 1541
1084 1762
1085 1241
1085 1474
1085 1579
1085 1864
1085 1957
1085 2409
1086 1376
1086 2418
1087 1190
1087 1640
1087 1817
1088 1871
1088 1896
1088 2478
1089 1964
1089 1973
1089 2571
1090 2136
1090 2528
1091 2149
1091 2453
1092 1349
1092 1796
1092 2285
1093 1304
1094 1348
1094 1950
1094 2013
1095 1096
1095 1150
1095 1657
1096 1833
1096 2543
1097 1599
1097 2452
1098 1177
1099 1234
1099 1361
1099 2023
1099 2311
1099 2513
1100 1336
1100 1550
1100 1732
1100 1959
1100 2223
1101 1524
1101 1955
1102 1662
1102 2414
1103 1719
1103 1826
1104 2103
1104 2581
1105 1183
1105 1328
1105 1696
1106 1209
1107 2361
1108 1337
1108 1911
1108 2027
1108 2449
1110 1834
1111 1475
1111 1570
1111 1740
1111 1953
1111 2158
1112 1529
1112 1761
1112 2325
1113 1604
1113 2285
1114 1119
1114 1624
1114 1860
1115 2385
1115 2481
1116 1377
1116 1525
1116 2439
1117 1254
1117 2284
1118 1507
1118 1794
1119 1285
1119 2375
1120 2397
1121 1203
1122 2589
1123 1881
1125 1137
1125 1263
1125 1946
1125 2279
1125 2422
1126 2364
1126 2419
1127 1303
1127 1857
1127 1868
1127 2088
1127 2089
1127 2473
1128 1321
1128 1371
1129 1416
1130 1224
1130 2085
1131 1206
1131 1790
1131 1851
1132 2153
1132 2496
1133 1367
1133 1540
1133 1542
1133 2503
1135 1319
1136 1297
1136 1301
1136 2328
1137 2313
1138 1191
1138 1338
1138 1691
1138 1929
1139 1958
1139 2338
1139 2343
1140 1319
1140 2200
1141 1528
1141 2365
1142 1609
1143 2215
1144 1926
1144 2190
1145 2323
1146 1505
1146 1627
1146 1646
1146 1727
1147 1377
1147 1587
1147 1969
1147 2270
1148 1827
1148 1890
1149 1275
1149 1314
1149 2429
1150 1425
1151 1265
1151 1840
1151 2509
1152 1788
1153 1391
1153 1526
1153 2459
1153 2557
1153 2563
1154 1777
1155 1867
1155 2362
1156 1482
1156 2042
1157 2326
1157 2577
1159 1447
1159 1858
1159 1869
1160 1315
1160 1564
1160 2189
1161 1298
1161 2533
1162 1366
1162 2267
1163 1365
1163 1530
1163 1875
1163 2065
1164 1561
1164 1764
1164 2060
1166 2153
1166 2506
1167 1304
1167 2268
1168 1399
1168 2069
1169 1432
1169 1666
1169 2403
1170 1837
1171 1706
1171 1718
1171 2419
1172 1614
1172 1691
1172 2094
1173 2219
1173 2353
1173 2576
1174 1238
1175 1553
1175 1949
1176 1342
1176 1761
1176 2204
1177 1245
1178 1718
1178 1777
1178 2421
1179 1396
1179 1611
1179 1989
1180 2376
1181 2481
1181 2512
1182 1592
1182 1854
1183 1413
1183 1525
1183 2194
1183 2203
1183 2218
1184 1221
1184 1682
1184 2167
1184 2240
1184 2332
1185 1371
1185 1819
1185 2561
1186 2345
1186 2512
1187 1300
1187 1671
1189 2445
1190 1946
1190 2054
1192 2219
1193 1408
1193 1847
1193 2111
1194 1405
1195 1308
1195 1376
1195 1443
1195 1492
1195 2255
1195 2503
1196 1495
1196 2087
1196 2171
1197 1453
1197 2148
1198 1283
1198 1520
1199 1576
1199 2217
1199 2251
1200 1756
1200 2348
1201 1812
1201 2488
1202 2319
1202 2506
1203 1563
1203 2129
1203 2535
1206 2547
1207 1919
1207 2090
1207 2120
1208 2021
1209 1506
1209 1856
1211 1285
1211 1690
1211 1814
1211 1822
1211 2058
1212 1524
1212 2352
1213 2399
1213 2451
1217 1439
1217 2345
1218 2524
1219 1271
1219 1347
1219 1372
1219 1650
1219 2167
1219 2501
1221 2214
1221 2300
1222 2021
1223 1527
1224 2288
1224 2408
1225 1524
1226 1235
1226 1370
1227 1825
1228 2188
1228 2353
1229 1467
1229 2365
1230 1383
1230 1407
1230 1503
1230 1576
1230 2527
1231 1892
1232 1426
1232 1689
1232 1786
1232 2469
1233 1578
1233 1984
1233 2523
1234 1914
1234 2268
1235 1356
1236 1623
1237 1483
1237 1842
1238 1705
1238 1760
1238 1927
1240 1733
1240 2239
1242 2120
1243 1260
1243 1485
1243 1538
1243 2133
1243 2368
1244 1932
1245 2555
1246 1437
1246 1595
1246 1916
1246 1986
1246 2583
1247 1518
1248 1378
1248 1710
1248 1742
1248 1782
1248 1884
1249 1257
1249 2132
1249 2294
1250 2184
1250 2559
1251 1422
1251 1997
1251 2004
1251 2375
1252 1528
1252 1696
1253 1487
1253 1978
1253 2590
1254 2233
1254 2535
1255 1624
1255 1936
1256 1831
1256 2096
1256 2585
1257 1800
1257 2176
1257 2435
1258 1460
1258 1924
1259 1284
1259 2165
1261 1496
1261 1652
1262 1899
1263 1560
1264 1597
1264 2010
1265 1400
1265 1448
1265 1814
1265 2004
1265 2149
1266 1904
1266 2574
1267 2017
1268 1726
1268 2422
1269 1411
1270 1441
1270 2128
1271 1823
1272 1493
1272 1575
1273 1363
1273 1845
1273 2200
1274 2489
1275 1603
1275 1669
1276 1551
1277 1884
1278 1706
1278 2541
1279 1583
1279 2021
1279 2160
1280 1795
1280 2538
1281 1746
1281 1911
1281 2015
1281 2553
1282 1498
1282 2304
1282 2428
1284 1302
1286 2113
1286 2404
1287 1583
1287 1861
1287 2344
1288 2061
1289 1764
1290 1345
1290 1976
1290 2240
1291 1342
1291 2215
1292 1319
1292 2463
1293 1835
1294 1869
1294 2299
1296 1462
1296 2160
1296 2537
1297 1524
1298 1429
1298 1476
1298 1954
1299 1460
1299 1870
1300 1712
1300 1965
1302 1596
1304 1326
1304 1455
1304 2030
1304 2382
1306 1819
1306 2407
1307 1687
1307 2470
1308 2061
1309 1513
1309 2139
1309 2402
1310 2112
1310 2138
1311 1396
1311 1510
1311 2144
1312 2407
1315 2458
1318 1620
1318 1890
1319 1700
1319 2187
1319 2554
1320 1397
1320 2166
1321 1414
1321 1584
1321 2146
1322 1449
1322 1980
1322 2084
1324 1421
1324 1961
1325 2472
1325 2536
1326 1626
1326 1751
1327 1624
1327 2548
1328 1867
1328 2213
1328 2258
1328 2270
1329 1397
1329 2512
1330 2494
1332 1488
1332 2043
1332 2229
1333 1750
1333 1981
1333 2041
1334 2121
1334 2511
1335 1372
1335 1925
1335 1939
1335 1976
1335 2144
1336 1941
1337 2190
1338 1524
1339 2585
1340 1560
1340 1826
1341 2155
1342 1683
1343 1483
1344 1733
1344 2243
1345 1402
1346 2547
1347 1512
1347 1869
1349 1621
1349 1948
1349 2498
1351 1936
1352 2043
1352 2112
1352 2576
1353 2016
1353 2069
1354 1482
1354 2086
1355 2098
1356 1993
1356 2293
1356 2431
1356 2471
1356 2591
1357 2097
1358 2159
1359 2346
1360 2112
1361 1899
1362 1402
1362 2387
1363 1407
1363 1812
1363 1897
1363 2187
1365 2061
1366 1615
1366 1688
1366 2466
1367 1777
1368 1849
1368 2354
1369 1764
1370 1588
1370 2528
1371 1781
1371 1863
1372 2188
1374 1429
1374 1477
1374 2474
1375 2014
1376 2138
1377 2112
1378 2078
1380 1609
1380 2201
1381 1440
1381 1839
1381 2264
1381 2564
1381 2569
1382 2391
1383 2325
1384 1881
1384 2323
1386 1462
1387 2390
1388 2028
1389 1805
1389 2078
1389 2561
1390 2347
1392 1735
1392 2160
1393 2091
1393 2239
1394 2364
1394 2541
1395 1914
1396 1610
1397 2150
1397 2225
1399 1601
1399 2081
1399 2333
1399 2377
1399 2540
1400 2499
1401 1783
1401 1934
1401 1963
1401 2027
1401 2149
1402 1438
1402 1650
1403 2323
1405 2282
1405 2424
1407 2287
1408 1688
1408 2145
1408 2289
1409 2164
1409 2224
1410 2159
1411 1581
1411 2101
1411 2395
1412 1967
1413 1815
1414 1541
1414 2048
1415 2140
1415 2166
1416 1548
1417 2267
1417 2510
1418 2128
1418 2283
1418 2447
1419 2491
1420 1619
1420 1770
1420 1780
1420 1954
1420 2143
1421 1440
1421 1631
1421 1641
1421 1828
1421 2418
1422 2346
1423 1603
1423 1944
1425 2048
1426 1961
1426 2404
1427 1840
1427 2134
1428 2078
1428 2178
1430 2295
1431 1480
1431 2112
1432 1529
1434 1889
1434 2452
1435 2524
1435 2536
1436 1769
1436 2146
1437 2165
1438 2188
1438 2299
1439 1457
1439 1535
1439 2027
1439 2329
1439 2437
1439 2457
1439 2553
1440 2399
1441 1918
1442 2395
1443 1871
1444 1618
1444 2571
1445 1876
1445 2043
1446 2201
1446 2491
1447 2402
1448 2099
1448 2157
1450 2401
1450 2561
1451 1639
1452 2475
1453 1794
1454 1591
1454 2081
1454 2303
1455 2472
1456 1908
1456 2284
1457 1553
1457 1835
1458 1507
1460 1750
1460 1885
1460 2202
1461 1978
1461 2344
1462 1736
1462 2187
1462 2212
1464 1671
1464 2349
1465 2008
1465 2053
1465 2106
1466 2140
1467 2107
1467 2291
1468 1599
1468 2121
1468 2381
1469 1612
1469 1617
1469 1754
1470 1502
1470 1883
1470 1991
1470 2051
1470 2278
1471 1714
1471 1831
1471 2048
1472 2337
1474 1662
1476 1836
1477 1778
1477 1955
1478 2281
1478 2383
1479 2049
1480 1685
1480 2068
1481 2336
1482 1621
1482 2073
1483 2181
1483 2237
1483 2516
1484 2200
1484 2537
1484 2581
1487 1727
1487 2009
1487 2480
1488 2369
1488 2574
1490 2010
1491 2536
1492 2363
1493 1642
1493 1732
1493 2004
1494 1543
1494 1696
1495 1639
1496 2071
1498 1514
1498 2014
1501 2188
1502 1775
1502 2496
1503 2208
1504 1703
1504 2107
1504 2410
1505 1585
1506 2512
1506 2552
1507 2044
1507 2189
1508 1853
1508 2136
1509 1924
1509 2348
1511 1566
1511 1680
1511 2198
1512 1513
1512 1838
1512 2199
1514 2104
1514 2280
1514 2320
1514 2535
1515 1912
1515 2224
1515 2555
1516 2570
1517 1528
1518 2020
1518 2488
1519 1823
1519 2299
1520 1713
1520 2105
1521 2029
1521 2247
1521 2315
1522 2157
1522 2390
1523 1843
1523 2071
1524 1930
1524 2474
1525 1855
1526 2490
1527 2371
1528 2047
1529 1613
1531 2525
1532 1569
1532 1781
1533 1959
1533 2587
1534 2229
1536 1920
1536 2112
1537 1568
1539 1708
1539 2203
1539 2504
1541 2293
1542 2372
1543 2072
1543 2550
1544 1991
1544 2369
1544 2489
1545 1577
1545 2247
1545 2472
1546 1892
1547 1903
1547 1984
1547 2569
1548 2050
1549 1995
1549 2084
1549 2141
1549 2505
1550 1912
1551 2282
1552 1571
1552 1859
1552 2385
1553 1848
1553 2225
1554 1831
1555 1949
1555 2098
1556 2074
1556 2584
1557 1731
1559 1735
1559 1775
1559 1923
1560 2130
1560 2161
1560 2440
1561 1804
1561 1830
1561 2181
1562 2511
1566 1827
1567 2138
1568 2232
1568 2265
1568 2405
1569 2407
1570 1588
1570 2085
1571 1587
1571 2482
1572 1902
1572 2030
1572 2562
1573 2287
1573 2345
1574 1665
1574 2316
1575 1763
1575 2275
1575 2400
1577 2415
1579 1583
1579 2581
1580 1881
1581 2313
1582 1658
1582 2107
1582 2443
1585 1600
1585 1767
1585 1799
1585 2457
1586 2384
1588 1615
1588 2062
1588 2306
1588 2591
1589 1962
1589 2263
1590 1640
1590 1815
1590 2228
1591 1860
1591 2352
1592 1604
1593 2132
1594 1723
1594 1784
1594 2356
1596 1877
1596 1947
1596 2064
1596 2379
1596 2441
1596 2462
1597 2185
1598 1747
1598 2345
1599 1803
1599 2339
1600 1931
1601 1762
1601 2352
1603 2273
1604 2335
1604 2398
1605 2572
1606 2098
1607 1762
1607 1860
1608 1966
1609 1750
1609 2191
1609 2539
1610 2250
1610 2556
1611 1817
1612 1785
1612 2391
1613 2295
1613 2336
1614 1762
1616 1751
1618 1649
1618 2045
1618 2351
1618 2480
1620 1752
1620 1804
1620 2298
1622 1657
1622 1714
1622 2184
1623 2033
1625 1945
1625 1964
1626 1809
1627 2590
1628 1973
1628 2385
1629 1693
1629 1799
1629 2409
1630 2239
1630 2244
1631 1679
1632 1918
1632 2132
1633 2243
1634 2116
1634 2222
1635 2220
1636 2103
1636 2160
1637 2451
1638 2085
1638 2570
1639 1966
1640 1816
1640 1933
1640 1998
1640 2036
1640 2400
1640 2504
1641 2404
1643 1719
1643 1785
1643 1876
1644 1650
1644 2519
1645 2174
1646 2486
1647 1756
1647 2361
1647 2560
1651 1837
1651 2208
1651 2378
1654 2447
1654 2476
1655 2398
1657 2191
1659 2458
1659 2555
1660 2192
1660 2528
1661 2290
1661 2538
1662 1789
1662 2133
1662 2283
1663 1815
1664 1891
1664 1972
1666 2201
1667 1844
1667 2095
1668 1999
1670 2220
1670 2269
1671 2011
1672 2435
1672 2518
1673 1919
1674 1985
1674 2391
1675 2140
1676 1973
1677 1847
1677 2039
1678 2078
1678 2397
1679 1702
1679 2124
1680 1871
1682 2136
1682 2514
1684 2192
1684 2537
1685 2229
1686 2281
1689 2363
1690 2352
1690 2456
1692 1818
1692 2245
1692 2461
1692 2493
1693 2021
1693 2581
1694 2010
1694 2229
1694 2576
1695 1960
1696 2000
1697 1876
1697 2259
1698 1853
1698 2214
1699 1771
1699 2017
1699 2363
1701 2166
1702 1793
1703 2085
1704 1756
1706 2095
1706 2194
1707 1937
1707 2137
1709 2043
1709 2420
1710 1771
1710 2404
1711 2091
1711 2566
1712 1775
1713 1933
1714 1833
1715 1920
1715 2138
1715 2229
1716 1764
1717 1847
1717 1889
1717 2121
1718 1875
1719 2341
1719 2440
1719 2568
1720 1936
1720 2174
1720 2548
1721 1756
1721 1876
1721 2010
1722 1873
1722 2080
1723 2069
1724 2178
1724 2222
1724 2433
1725 2188
1725 2231
1726 1788
1729 2068
1729 2226
1729 2373
1730 1815
1730 1912
1731 2197
1732 2164
1733 2023
1733 2032
1734 1834
1734 1896
1734 2584
1735 1766
1735 1807
1735 2180
1735 2358
1736 2581
1737 1871
1738 1795
1738 1978
1739 1859
1739 2579
1740 2460
1741 2001
1743 1767
1743 2128
1743 2476
1745 2134
1746 2417
1747 1765
1747 1851
1747 1954
1747 2057
1748 2016
1749 2201
1751 1894
1751 2562
1753 1845
1753 2561
1755 2266
1755 2442
1756 1806
1756 2185
1757 2506
1758 1941
1758 2224
1760 2524
1761 2251
1762 2063
1764 1970
1764 2394
1764 2565
1765 2552
1767 2235
1768 1787
1768 2190
1769 2421
1771 2301
1772 1843
1772 2035
1773 1881
1773 2097
1773 2345
1774 2361
1775 2011
1775 2031
1775 2331
1777 1863
1778 2221
1779 2048
1779 2571
1782 2384
1785 1951
1786 2429
1787 2467
1787 2553
1788 1856
1788 2209
1790 2533
1791 2050
1791 2365
1793 1942
1793 2430
1794 2252
1794 2554
1795 1802
1795 2342
1795 2520
1796 2073
1796 2516
1797 1898
1797 2235
1798 2427
1798 2451
1799 1861
1800 2387
1801 2383
1803 1847
1806 2155
1806 2391
1807 1961
1807 2581
1808 2453
1810 1852
1810 2151
1810 2289
1810 2359
1811 1961
1811 2131
1812 1972
1813 2127
1813 2209
1813 2321
1813 2328
1813 2343
1815 2587
1817 2531
1819 1820
1819 1902
1819 2261
1821 1892
1823 2330
1823 2406
1824 2204
1825 2036
1825 2279
1826 1963
1826 2015
1826 2230
1826 2254
1826 2373
1827 2530
1828 2273
1829 1860
1829 2590
1830 2387
1831 2367
1832 1881
1832 2086
1832 2552
1833 1898
1834 1894
1834 2114
1834 2262
1835 2057
1835 2249
1836 1888
1836 1992
1836 2446
1837 2483
1840 1981
1840 2302
1840 2310
1841 1967
1841 2040
1841 2111
1842 2298
1842 2498
1843 2207
1845 2100
1846 2000
1848 2345
1850 2003
1850 2147
1850 2152
1853 2106
1853 2432
1854 2069
1854 2086
1855 2550
1858 2525
1858 2589
1859 2227
1859 2477
1860 1996
1860 2318
1861 2283
1862 2051
1862 2332
1862 2443
1862 2574
1865 2481
1866 1973
1867 2077
1869 2216
1870 1983
1870 2539
1872 2111
1872 2452
1873 2348
1878 2560
1879 2165
1879 2286
1879 2451
1881 2249
1881 2400
1882 2131
1883 2214
1883 2514
1885 2404
1886 2083
1886 2405
1887 1961
1887 2160
1889 1913
1890 2198
1890 2516
1892 2335
1893 2420
1893 2585
1896 2272
1897 2097
1897 2378
1899 1988
1899 1995
1900 2384
1900 2419
1901 2234
1902 2014
1903 1955
1904 2165
1906 1932
1906 2014
1907 2452
1908 2393
1909 1961
1913 2040
1915 2002
1916 2219
1917 1949
1917 2590
1919 2053
1919 2119
1920 2309
1921 2222
1923 2195
1923 2518
1923 2542
1925 2455
1926 2470
1927 2017
1927 2165
1928 1941
1928 2010
1931 2331
1931 2447
1932 1943
1932 2038
1933 2006
1935 2086
1935 2208
1936 2483
1938 2099
1938 2241
1940 2002
1940 2548
1941 2005
1942 2286
1944 2429
1945 2126
1945 2517
1946 2105
1947 2017
1947 2267
1949 2173
1949 2175
1949 2206
1950 2287
1950 2349
1952 2111
1952 2313
1953 2371
1956 2571
1958 2105
1959 2555
1960 2115
1962 2204
1964 2045
1965 2514
1967 1988
1967 2380
1969 2401
1971 2078
1971 2401
1973 2009
1973 2529
1974 2171
1975 2465
1976 2387
1977 2228
1979 2491
1981 2348
1982 2142
1982 2163
1982 2176
1982 2291
1983 2099
1983 2348
1984 2490
1985 1995
1985 2066
1986 2040
1987 2035
1987 2429
1988 2560
1989 2006
1989 2242
1990 2121
1990 2494
1991 2076
1992 2552
1993 2214
2001 2329
2002 2210
2002 2322
2006 2054
2007 2029
2007 2299
2010 2079
2011 2122
2012 2074
2012 2478
2013 2506
2013 2566
2014 2355
2016 2213
2016 2423
2016 2482
2019 2229
2022 2048
2024 2124
2024 2169
2024 2436
2024 2502
2025 2113
2025 2294
2026 2157
2028 2255
2028 2298
2029 2448
2029 2501
2030 2103
2032 2315
2034 2467
2037 2487
2039 2055
2039 2145
2040 2517
2041 2099
2041 2361
2042 2198
2042 2207
2043 2185
2043 2573
2044 2458
2045 2248
2048 2326
2048 2392
2053 2116
2055 2228
2055 2313
2056 2555
2058 2346
2060 2246
2061 2526
2062 2284
2064 2116
2064 2315
2065 2347
2066 2290
2067 2390
2067 2509
2070 2078
2070 2384
2072 2385
2072 2579
2073 2317
2074 2114
2075 2209
2075 2279
2076 2177
2076 2332
2077 2182
2077 2439
2079 2420
2079 2561
2080 2361
2082 2533
2083 2098
2084 2286
2085 2310
2087 2520
2091 2521
2091 2578
2092 2153
2092 2349
2096 2230
2097 2527
2098 2135
2100 2155
2101 2192
2102 2576
2103 2262
2105 2328
2108 2477
2110 2131
2112 2213
2113 2435
2115 2138
2118 2248
2120 2534
2123 2510
2124 2433
2125 2170
2127 2247
2129 2241
2130 2204
2131 2408
2131 2437
2131 2475
2132 2367
2135 2211
2136 2168
2136 2293
2138 2327
2142 2456
2144 2228
2145 2381
2151 2157
2152 2490
2156 2171
2157 2302
2158 2478
2160 2409
2161 2215
2162 2184
2166 2175
2166 2424
2170 2222
2171 2277
2171 2450
2171 2588
2172 2268
2173 2512
2176 2201
2178 2462
2181 2244
2182 2208
2186 2201
2186 2295
2188 2443
2188 2489
2192 2340
2192 2471
2197 2383
2199 2346
2199 2390
2200 2334
2201 2276
2202 2511
2205 2267
2207 2285
2208 2324
2208 2359
2208 2398
2210 2352
2211 2265
2211 2340
2217 2378
2220 2470
2222 2297
2223 2305
2225 2590
2227 2234
2229 2270
2231 2355
2231 2393
2231 2519
2233 2416
2236 2407
2239 2412
2240 2299
2241 2310
2242 2531
2243 2521
2243 2567
2244 2521
2245 2352
2245 2548
2247 2330
2247 2580
2248 2307
2248 2392
2248 2444
2248 2529
2249 2287
2250 2387
2253 2325
2257 2465
2259 2487
2261 2347
2263 2336
2266 2463
2269 2449
2273 2500
2277 2538
2278 2299
2284 2434
2284 2578
2285 2530
2287 2515
2292 2424
2292 2442
2292 2453
2292 2544
2294 2542
2295 2438
2296 2477
2297 2315
2305 2370
2308 2478
2308 2570
2309 2533
2315 2406
2315 2434
2316 2490
2318 2465
2321 2346
2322 2346
2323 2360
2325 2546
2327 2494
2329 2344
2336 2507
2337 2450
2337 2558
2339 2416
2346 2493
2346 2580
2351 2385
2352 2375
2366 2536
2367 2404
2368 2419
2372 2413
2372 2508
2378 2515
2382 2524
2383 2466
2384 2495
2385 2445
2386 2391
2386 2456
2387 2550
2390 2532
2390 2588
2391 2487
2396 2506
2405 2491
2413 2426
2414 2476
2415 2494
2416 2583
2423 2579
2427 2563
2427 2568
2444 2566
2451 2473
2455 2556
2458 2522
2459 2491
2460 2549
2464 2528
2465 2502
2465 2540
2472 2572
2492 2496
2492 2506
2495 2511
2509 2582
2510 2586
2532 2552
2536 2562
2540 2590
