1440 2880
0 430
0 1088
0 1363
1 464
1 907
1 1324
2 357
2 425
2 491
2 725
2 878
2 974
2 1051
2 1268
3 198
3 660
3 931
3 1190
4 419
4 454
4 544
4 910
4 962
4 1054
5 176
5 430
5 836
6 142
6 280
6 1112
6 1136
7 279
7 1088
7 1259
8 18
8 49
8 163
8 711
8 769
8 831
8 865
8 1406
9 246
9 461
9 1324
10 681
10 849
10 963
11 74
11 83
11 298
11 371
11 479
11 904
11 936
11 1404
12 312
12 401
12 1178
13 203
13 446
13 604
13 951
13 1043
13 1227
14 33
14 138
14 1171
15 204
15 720
15 1005
16 300
16 406
16 1200
17 70
17 136
17 466
17 580
17 779
17 880
17 1001
17 1322
18 677
18 1070
19 405
19 406
19 1281
20 311
20 755
20 948
20 1262
21 480
21 1200
21 1426
22 271
22 381
22 581
23 677
23 1330
23 1426
24 789
24 937
24 1040
25 469
25 978
25 1060
25 1089
25 1098
25 1339
26 54
26 204
26 1354
27 671
27 682
27 714
28 381
28 973
28 1186
29 921
29 1260
29 1377
30 1040
30 1336
30 1383
31 522
31 1024
31 1256
32 246
32 255
32 1317
33 280
33 545
33 832
33 888
33 1423
34 194
34 295
34 542
34 1112
35 44
35 517
35 1167
36 150
36 170
36 238
36 501
36 980
36 1353
36 1395
36 1408
37 476
37 493
37 560
37 670
37 675
37 879
37 915
37 1199
38 317
38 907
38 922
39 321
39 526
39 960
40 157
40 265
40 506
40 708
40 797
40 854
40 1103
40 1351
41 282
41 411
41 989
41 1091
42 846
42 955
42 960
43 570
43 1106
43 1108
44 124
44 467
44 651
44 831
44 938
44 1066
44 1166
45 399
45 960
45 1386
46 65
46 268
46 388
46 602
46 625
46 651
46 715
46 1001
47 257
47 379
47 643
47 834
48 503
48 589
48 1130
49 590
49 1364
50 188
50 234
50 262
50 791
50 839
50 865
50 1164
50 1350
51 409
51 1154
51 1309
52 115
52 134
52 705
53 401
53 612
53 1327
54 147
54 205
54 775
54 801
54 1008
55 134
55 786
55 1391
56 390
56 874
56 1143
57 81
57 870
57 906
58 849
58 1167
58 1291
59 566
59 697
59 1243
60 90
60 1114
60 1291
61 316
61 928
61 1324
62 248
62 760
62 895
63 458
63 778
63 979
64 127
64 195
64 1032
64 1163
65 771
65 979
66 332
66 928
66 1369
67 183
67 243
67 635
67 1071
67 1279
67 1298
68 373
68 446
68 1002
68 1432
69 508
69 758
69 1273
70 1036
70 1438
71 426
71 473
71 1205
72 96
72 208
72 215
72 342
73 186
73 1218
73 1349
74 563
74 1081
75 267
75 447
75 669
75 881
75 951
75 969
75 978
75 999
76 209
76 253
76 562
76 615
76 981
76 1408
77 461
77 714
77 1061
78 143
78 906
78 991
79 117
79 650
79 1321
80 219
80 496
80 1241
81 158
81 982
81 1071
82 601
82 1081
82 1386
83 955
83 1281
84 383
84 1185
84 1287
85 396
85 559
85 792
85 1018
85 1053
85 1264
85 1266
85 1436
86 289
86 312
86 325
87 99
87 623
87 1272
87 1348
88 498
88 933
88 1243
89 157
89 594
89 898
89 1023
89 1038
89 1139
90 717
90 745
90 1057
90 1147
90 1166
90 1358
90 1411
91 129
91 470
91 1253
91 1289
92 107
92 428
92 459
93 173
93 630
93 700
93 837
93 966
93 1413
94 575
94 934
94 1099
95 160
95 276
95 518
95 542
95 793
95 1415
96 165
96 206
97 318
97 960
97 1027
98 255
98 671
98 906
99 574
99 825
100 156
100 1095
100 1343
101 192
101 226
101 249
101 327
101 385
101 620
101 773
101 1209
102 338
102 754
102 913
103 319
103 408
103 595
103 1002
103 1183
103 1199
104 1208
104 1409
104 1426
105 453
105 556
105 895
106 512
106 819
106 870
107 438
107 572
107 707
107 1094
107 1271
108 816
108 1014
108 1186
109 605
109 1145
109 1205
110 619
110 846
110 1386
111 488
111 523
111 1041
111 1221
111 1271
111 1272
112 360
112 481
112 485
112 783
112 1056
112 1209
113 291
113 1198
113 1352
114 340
114 684
114 1349
115 352
115 431
115 617
115 883
115 889
116 605
116 1114
116 1377
117 235
117 421
117 608
117 1224
117 1375
118 621
118 773
118 855
118 1047
119 386
119 575
119 577
120 513
120 662
120 755
120 769
120 884
120 985
120 1255
120 1387
121 272
121 395
121 624
121 989
122 130
122 238
122 266
122 334
122 397
122 424
122 1194
122 1403
123 189
123 593
123 1081
124 230
124 1114
125 141
125 744
125 845
125 908
126 309
126 387
126 500
126 1051
126 1248
126 1276
127 318
127 1211
128 930
128 1162
128 1402
129 649
129 683
130 944
130 952
131 539
131 832
131 877
131 1300
131 1301
131 1346
131 1392
131 1410
132 210
132 895
132 899
133 458
133 681
133 765
134 331
134 552
134 564
134 820
134 888
134 1077
135 324
135 344
135 483
135 553
135 772
135 910
136 381
136 1243
137 143
137 202
137 361
138 295
138 540
138 742
139 190
139 298
139 392
139 513
139 641
139 856
139 1331
139 1333
140 851
140 873
140 901
141 994
141 1012
142 777
142 1171
143 364
143 935
144 325
144 589
144 1179
145 359
145 765
145 979
146 176
146 786
146 1273
147 178
147 1399
148 195
148 418
148 597
148 694
148 768
148 897
148 1220
148 1344
149 213
149 622
149 866
150 952
150 1121
151 468
151 591
151 991
152 846
152 1011
152 1100
153 426
153 691
153 933
154 299
154 460
154 669
154 1131
154 1285
154 1326
155 308
155 456
155 1399
156 411
156 547
156 668
156 790
156 833
156 1306
156 1393
157 896
158 310
158 1402
159 314
159 913
159 1097
160 499
160 1108
161 684
161 920
161 1218
162 180
162 251
162 351
162 1045
163 850
163 1178
164 583
164 1014
164 1068
165 304
165 894
165 1253
166 658
166 1005
166 1383
167 527
167 1085
167 1087
167 1144
167 1169
167 1332
167 1372
167 1381
168 473
168 629
168 1252
169 663
169 1140
169 1407
170 335
170 807
171 671
171 762
171 1324
172 382
172 464
172 508
173 1286
173 1433
174 226
174 659
174 766
174 890
174 1312
174 1370
175 294
175 431
175 531
175 662
175 775
175 1331
176 296
176 441
176 798
176 883
176 1015
176 1423
177 353
177 476
177 548
177 1059
177 1069
177 1304
178 285
178 607
178 722
179 828
179 1250
179 1438
180 684
180 757
181 261
181 577
181 934
182 186
182 196
182 1100
183 512
183 612
184 368
184 398
184 762
185 1052
185 1121
185 1337
186 854
186 993
186 1045
186 1203
187 404
187 420
187 437
187 656
187 845
187 1365
188 632
188 644
189 445
189 460
189 514
189 549
189 882
189 1060
189 1202
190 795
190 1156
191 192
191 356
191 809
191 859
192 1010
193 203
193 341
193 576
193 582
193 1123
193 1159
194 674
194 937
195 246
196 252
196 355
196 365
196 594
196 1239
196 1418
196 1424
197 671
197 672
197 861
198 841
198 929
199 216
199 928
199 1258
200 444
200 924
200 1373
201 1130
201 1309
201 1373
202 627
202 654
202 925
202 1176
202 1347
203 1031
204 285
204 472
204 882
204 889
205 959
205 1290
206 822
206 1310
206 1374
207 497
207 802
207 1095
208 477
208 526
209 619
209 941
210 373
210 675
210 687
210 1073
210 1384
211 645
211 849
211 896
212 338
212 1067
212 1132
213 822
213 885
213 1094
214 242
214 1034
214 1145
215 231
215 1027
216 286
216 949
216 985
217 453
217 929
217 1044
218 231
218 281
218 682
219 278
219 579
219 826
219 1138
219 1333
220 921
220 1100
220 1133
221 1141
221 1184
221 1217
221 1227
221 1308
221 1427
222 323
222 1088
222 1242
223 281
223 473
223 612
224 335
224 646
224 1024
225 243
225 661
225 976
225 1422
226 1088
227 394
227 410
227 419
227 420
227 509
227 848
227 1174
227 1197
228 260
228 323
228 1129
229 314
229 754
229 1074
230 393
230 494
230 796
230 1079
230 1093
230 1146
230 1222
231 494
231 919
231 1411
231 1420
232 517
232 963
232 979
233 390
233 517
233 1389
234 465
234 1337
235 383
235 716
236 526
236 573
236 917
237 562
237 811
237 916
237 1403
238 750
239 512
239 534
239 963
240 354
240 1029
240 1355
241 261
241 1135
241 1263
242 413
242 958
242 1381
243 906
244 499
244 616
244 1259
245 1014
245 1063
245 1334
246 327
246 360
246 743
246 787
246 1206
247 601
247 955
247 1009
248 315
248 1137
248 1379
249 1014
249 1341
250 361
250 802
250 1284
251 383
251 874
252 502
252 1140
253 335
253 944
254 330
254 746
254 902
255 303
255 307
255 565
255 1028
255 1163
255 1195
256 317
256 1170
256 1433
257 270
257 1334
258 802
258 1088
258 1258
259 498
259 906
259 1359
260 475
260 506
260 507
260 647
260 974
260 1257
260 1424
261 462
261 781
261 792
261 823
261 827
261 860
262 704
262 843
263 288
263 963
263 1084
264 405
264 704
264 1170
265 702
265 1407
266 461
266 1337
267 512
267 758
268 287
268 991
269 648
269 783
269 808
269 1021
270 372
270 462
270 965
270 1397
270 1436
271 535
271 620
271 1266
272 343
272 497
273 308
273 444
273 1148
274 368
274 573
274 1027
275 616
275 1005
275 1391
276 929
276 1182
277 692
277 1004
277 1068
278 780
278 1260
279 403
279 798
279 888
279 969
279 1043
279 1376
279 1429
280 759
281 362
281 723
282 409
282 1396
283 370
283 702
283 924
284 461
284 1095
284 1121
285 412
286 930
286 1179
287 986
287 1115
287 1169
287 1279
287 1299
288 447
288 651
288 713
288 1196
288 1380
289 301
289 953
289 985
289 1054
289 1102
289 1215
289 1378
290 302
290 467
290 1003
290 1021
290 1089
290 1326
291 301
291 313
291 387
291 553
291 680
291 903
291 1127
292 706
292 846
292 1114
293 537
293 924
293 1236
294 412
294 956
295 1283
296 705
296 720
297 1157
297 1216
297 1319
298 502
299 1016
299 1152
300 536
300 539
300 1215
300 1223
300 1279
301 589
302 517
302 1291
303 368
303 426
304 866
304 1251
305 956
305 1228
305 1352
306 439
306 1171
306 1259
307 622
307 693
308 433
308 472
308 538
308 1098
308 1131
308 1388
309 325
309 1352
310 976
310 1102
310 1223
311 770
311 1258
312 670
312 1127
312 1307
312 1435
313 757
313 1182
314 515
314 763
314 764
314 862
315 556
315 561
316 366
316 607
316 734
316 817
316 1117
317 749
317 814
317 853
317 1204
318 358
318 1006
318 1134
318 1265
319 1027
319 1130
320 692
320 1063
320 1151
321 474
321 892
321 1032
321 1367
321 1437
322 1036
322 1068
322 1151
323 609
323 1267
324 599
324 786
325 520
325 546
325 772
325 840
325 1212
326 333
326 780
326 795
327 946
328 346
328 402
328 413
328 927
328 936
328 983
329 655
329 812
329 848
329 1213
330 411
330 543
330 729
330 737
330 839
330 1128
330 1275
331 777
331 1430
332 953
332 1142
332 1255
333 528
333 652
333 788
333 857
333 1138
334 428
334 598
335 832
335 945
335 1065
336 658
336 956
336 1324
337 573
337 649
337 861
338 489
338 631
338 696
338 1360
339 759
339 1259
339 1336
340 424
340 634
340 745
340 796
340 916
340 993
340 1038
341 923
341 1290
342 649
342 866
343 490
343 698
343 727
343 729
343 1041
344 933
344 1252
345 608
345 614
345 821
345 915
345 977
345 1315
346 406
346 613
347 384
347 937
347 968
348 765
348 994
348 1068
349 378
349 751
349 775
349 867
349 995
349 1019
349 1075
349 1342
350 426
350 510
350 629
351 486
351 1352
352 642
352 1052
353 738
353 746
354 620
354 827
354 1124
355 601
355 678
356 456
356 922
357 836
357 1407
358 933
358 1311
359 416
359 838
359 1122
360 1029
361 388
361 668
361 876
361 1302
362 510
362 819
363 464
363 714
363 928
364 498
364 693
365 684
365 706
366 616
366 1354
367 382
367 959
367 963
368 655
368 863
368 878
368 1278
368 1344
369 815
369 850
369 1130
370 560
370 739
370 977
370 987
370 1053
370 1072
370 1346
371 645
371 678
372 390
372 1352
373 561
374 601
374 738
374 1407
375 384
375 593
375 710
376 661
376 982
376 1000
376 1215
377 716
377 1109
377 1219
378 874
378 1228
379 583
379 1143
380 716
380 1284
380 1286
381 834
381 964
381 1264
382 558
382 817
383 628
383 633
383 1055
384 793
384 1181
385 636
385 1355
386 463
386 492
386 823
386 909
386 1296
387 874
388 681
389 1099
389 1200
389 1373
390 585
390 898
390 1333
390 1338
390 1365
391 705
391 1171
391 1336
392 517
392 896
393 1011
393 1291
394 599
394 629
395 1329
395 1343
396 571
396 1386
397 1052
397 1095
398 410
398 450
398 567
399 407
399 415
399 604
399 1092
399 1432
400 616
400 705
400 1182
401 479
401 773
401 859
401 911
402 955
402 1327
403 1151
403 1330
404 754
404 1033
405 983
405 1210
406 1046
406 1090
406 1410
407 1100
407 1114
408 1044
408 1290
409 559
409 614
409 624
409 753
410 819
412 785
412 996
412 1019
412 1385
413 1433
414 706
414 1086
414 1129
415 619
415 955
416 626
416 1330
417 1005
417 1211
417 1283
418 1061
418 1317
419 1205
420 537
421 428
421 843
422 1129
422 1363
422 1407
423 849
423 979
423 1150
424 824
425 724
425 917
426 483
426 597
427 710
427 907
427 1293
428 436
428 918
428 1335
429 443
429 825
429 1329
430 609
430 820
431 461
432 665
432 697
432 1107
433 770
433 1081
434 1172
434 1224
434 1272
434 1315
435 674
435 690
435 907
436 1121
436 1250
437 517
437 1156
438 851
438 1263
439 504
439 676
439 984
439 1111
439 1328
440 874
440 956
440 1107
441 1152
441 1391
442 602
442 611
442 718
442 881
442 938
442 954
443 614
443 666
443 1041
444 506
444 514
444 987
444 1239
445 503
445 1399
446 846
447 1219
448 477
448 682
448 869
449 758
449 959
449 1016
450 682
450 917
451 716
451 836
451 1170
452 807
452 941
452 960
453 568
453 732
454 691
454 786
455 914
455 929
455 1109
456 493
456 546
456 553
456 855
456 882
456 1435
457 594
457 641
457 797
457 858
458 689
458 1078
459 487
459 1080
459 1289
460 577
461 533
461 548
461 1318
462 581
463 716
463 1084
464 722
464 830
464 1233
465 726
465 1300
465 1357
466 468
466 1178
467 849
468 709
468 876
468 938
468 986
468 1196
468 1316
469 786
469 1016
470 622
470 672
471 637
471 831
471 950
471 1128
471 1229
471 1304
472 503
473 610
474 619
474 1027
475 836
475 1133
476 850
477 717
477 723
477 1146
477 1282
478 522
478 807
478 944
479 819
480 635
480 1000
480 1102
480 1115
480 1410
481 761
481 1177
482 778
482 816
482 944
483 942
484 571
484 939
484 1396
485 555
485 1148
486 679
486 731
486 947
486 1314
486 1375
487 901
487 1321
488 574
488 1421
489 943
489 1012
490 1343
490 1396
491 706
491 921
492 1037
492 1185
493 589
494 1114
495 770
495 1162
495 1369
496 516
496 576
496 1087
496 1105
496 1110
496 1184
496 1244
497 701
497 884
497 1393
497 1406
498 625
498 852
498 986
499 519
499 527
499 618
499 840
499 903
499 1325
500 1024
500 1133
501 757
501 871
502 515
502 631
502 708
502 1035
503 621
503 670
503 680
503 772
503 809
504 968
504 1383
505 946
505 1029
505 1061
507 1297
507 1363
508 748
508 878
508 926
508 1117
509 1108
509 1433
510 541
510 1417
511 1004
511 1036
511 1063
512 558
512 785
512 801
512 1261
513 642
514 761
515 1208
516 1114
516 1201
517 858
517 1048
518 789
518 968
519 929
519 937
520 874
520 1198
521 714
521 956
521 1211
522 545
522 667
522 1301
522 1408
523 1154
523 1329
524 1070
524 1288
524 1337
525 673
525 834
525 998
525 1312
526 687
526 1134
526 1199
526 1278
526 1420
527 1161
528 570
528 902
529 1014
529 1029
529 1088
530 1259
530 1341
530 1430
531 720
531 1052
532 575
532 636
532 922
533 642
533 720
534 830
534 1117
534 1125
535 636
535 1029
536 591
536 870
537 592
537 1149
537 1292
537 1300
538 702
538 761
539 1426
540 1064
540 1383
541 1205
541 1252
542 1293
543 632
543 1070
544 942
544 1179
545 1200
546 691
547 1088
547 1369
548 1081
549 702
549 1148
550 613
550 626
550 1170
551 940
551 1107
551 1151
552 1152
552 1273
554 619
554 757
554 807
555 1007
555 1326
555 1339
556 909
556 1254
557 1052
557 1061
557 1324
558 1150
559 955
560 1309
561 568
561 796
561 1057
561 1183
562 887
563 582
563 1240
563 1427
564 720
564 1259
565 786
565 1311
566 580
566 643
566 998
566 1083
566 1266
567 612
567 1106
568 760
569 570
569 1260
569 1402
570 749
570 837
570 927
570 958
570 1174
571 664
571 666
571 821
571 989
572 825
572 1004
573 1253
574 608
574 1049
575 653
575 842
575 997
575 1124
575 1436
576 979
577 877
577 1072
577 1085
577 1098
577 1299
578 1201
578 1243
578 1260
579 645
579 1156
580 921
581 664
581 739
581 753
581 842
581 1022
581 1083
582 619
583 890
583 1397
584 828
584 971
584 1216
585 645
585 795
586 697
586 1216
586 1228
587 1033
587 1097
587 1389
588 942
588 991
588 1243
589 911
589 1030
590 835
590 911
590 1001
590 1307
590 1316
591 625
591 635
591 686
591 1085
592 1106
592 1389
593 948
593 961
593 1388
593 1416
595 1031
595 1398
596 815
596 1052
596 1081
597 917
598 638
598 783
598 829
598 970
598 1111
598 1405
598 1439
599 688
599 1313
599 1345
599 1378
600 716
600 934
600 1037
601 647
601 708
602 1291
603 1086
603 1100
603 1297
604 899
605 740
605 826
605 1123
605 1144
605 1153
605 1308
606 757
606 944
606 1034
607 1400
609 1341
610 819
610 869
611 1084
611 1150
612 848
612 904
612 1401
612 1417
613 1042
613 1295
615 824
615 868
616 722
616 1187
617 1005
617 1399
618 705
618 1400
619 1134
619 1217
621 922
622 699
622 768
622 1080
622 1249
622 1310
623 650
623 1263
624 939
626 689
626 767
626 925
626 1120
626 1164
626 1210
627 690
627 704
628 868
628 1349
629 962
629 1105
629 1144
630 907
630 1135
631 1330
632 1292
632 1434
633 887
633 920
634 710
634 1017
636 860
637 1245
637 1291
638 1121
638 1321
639 657
639 971
639 1167
640 1058
640 1211
640 1383
641 849
642 1008
642 1019
642 1076
643 1186
644 698
644 790
644 950
644 1091
644 1101
644 1246
644 1366
645 662
645 858
645 1035
645 1076
646 667
646 813
646 867
647 663
648 1157
648 1167
649 1374
650 905
650 918
650 1164
650 1269
652 921
652 1201
653 922
653 1263
654 778
654 1409
655 682
656 1106
656 1225
657 970
657 1003
657 1056
658 829
658 995
658 1006
658 1032
658 1188
658 1328
659 1029
659 1341
660 1185
660 1219
661 1402
663 743
663 957
663 1079
663 1147
663 1238
663 1304
664 955
665 712
665 779
665 872
666 1309
667 994
668 836
669 786
671 822
671 912
671 1220
671 1289
672 707
672 1335
673 940
673 1014
674 1062
674 1415
675 1027
676 1040
676 1283
677 1046
677 1303
677 1347
677 1350
678 856
678 862
678 1103
678 1360
679 874
679 1020
680 691
681 709
681 1048
681 1122
681 1123
681 1184
682 1249
683 894
683 1160
683 1278
684 1351
684 1414
685 816
685 1004
685 1107
686 1099
686 1145
687 1130
688 691
688 1152
689 1208
690 747
690 767
690 1013
690 1038
690 1181
690 1416
691 1175
692 880
692 990
693 1071
693 1220
693 1323
693 1422
694 786
694 1155
695 752
695 1276
695 1325
695 1332
696 1074
696 1097
697 715
697 784
697 964
697 990
697 1316
698 1031
699 714
699 762
700 922
700 928
701 1329
701 1396
702 975
702 1424
703 724
703 758
703 1391
704 838
704 905
704 1078
704 1295
704 1390
705 984
705 1234
705 1429
706 854
706 1092
706 1419
706 1428
707 1321
709 771
710 925
710 1062
710 1096
710 1139
710 1390
711 746
711 1291
712 971
712 1319
713 1037
713 1150
714 734
714 787
714 995
715 1178
716 1190
716 1314
717 1114
718 963
718 1037
719 780
719 1100
719 1129
720 891
721 752
721 814
721 966
721 1248
723 762
724 817
724 830
724 863
724 1361
725 1100
725 1243
726 1070
726 1095
727 825
727 1154
728 1109
728 1180
728 1185
729 1290
730 802
730 1337
730 1343
731 887
731 1349
732 1108
732 1398
733 767
733 935
733 1039
733 1302
733 1303
733 1390
734 907
735 1151
735 1208
735 1430
736 765
736 940
736 944
737 802
737 939
738 799
738 1206
738 1222
738 1229
738 1257
738 1358
739 924
740 1011
740 1201
741 784
741 880
741 1274
741 1405
742 759
742 777
743 952
744 1024
744 1067
745 895
746 1066
746 1238
746 1366
747 1017
747 1218
748 774
748 1391
749 1286
750 810
750 957
750 1206
751 759
751 1256
752 1198
753 1386
754 908
755 1402
756 771
756 802
756 836
757 840
757 981
757 1203
759 813
759 972
759 984
759 1104
760 1193
760 1296
761 1007
762 919
762 1213
763 943
763 1067
764 1012
764 1132
765 844
765 1039
765 1347
765 1353
766 940
766 1186
768 906
769 1343
770 1096
770 1181
770 1202
771 935
771 1176
771 1306
774 999
774 1261
774 1361
776 955
776 1081
776 1140
777 798
777 1065
777 1301
778 1122
778 1235
778 1303
778 1395
778 1431
779 1228
780 972
780 1116
780 1428
781 873
781 922
782 1161
782 1198
782 1277
784 1036
785 1290
787 1052
788 1402
788 1433
789 1096
789 1416
790 939
791 1095
791 1288
792 1143
793 1040
794 807
794 824
794 887
795 1110
795 1153
795 1191
797 1017
799 952
799 1061
800 1012
800 1024
800 1033
801 1031
802 1091
802 1412
803 975
803 987
803 1022
803 1053
803 1292
803 1356
804 1242
804 1341
804 1363
805 1058
805 1086
805 1171
806 937
806 1064
806 1293
807 811
808 946
808 1250
809 1135
810 944
810 1121
811 868
812 819
812 1106
813 956
814 871
815 879
815 1229
815 1238
815 1318
816 1237
816 1312
816 1353
818 913
818 1017
818 1156
819 1231
819 1298
820 1284
821 1154
823 1099
824 1214
825 1026
825 1172
826 1371
827 922
828 872
828 1405
829 1336
833 1258
833 1341
835 850
835 1245
836 875
836 1077
837 1170
838 1208
839 1236
841 1113
841 1254
841 1296
842 1143
843 1119
843 1120
843 1340
843 1348
844 1024
844 1063
845 1097
846 1230
847 1145
847 1161
847 1182
849 1192
849 1365
851 912
851 1310
852 921
852 942
853 928
853 1135
855 1135
856 1327
857 1243
857 1377
859 1029
860 1135
861 894
861 1080
862 1330
863 1133
864 988
864 1159
864 1217
864 1404
865 1409
866 912
867 1171
868 947
869 919
869 1417
870 1115
870 1401
870 1422
871 1232
871 1280
871 1381
871 1413
872 1157
873 997
873 1094
873 1269
873 1348
874 965
875 1185
875 1286
876 979
877 1373
879 1364
881 1180
883 1259
884 1245
885 901
885 1263
886 994
886 1133
886 1198
889 1058
890 1063
891 1058
891 1399
892 933
892 1155
893 1009
893 1140
893 1386
895 1002
895 1093
896 1418
897 1152
897 1311
898 913
899 1183
899 1230
900 1070
900 1245
900 1409
901 1026
901 1221
901 1335
902 950
902 976
902 982
902 1050
902 1262
902 1387
903 941
904 1010
905 1070
907 949
907 1142
908 1389
909 914
910 1152
914 931
914 1193
915 1373
916 1121
917 926
917 1028
917 1160
917 1213
918 1287
920 947
920 993
921 964
921 1189
923 967
923 969
923 1141
923 1230
923 1432
924 1018
924 1434
926 1133
927 1425
928 1013
928 1062
929 1118
929 1174
929 1379
930 953
930 1076
930 1262
930 1331
930 1394
930 1406
931 1108
932 968
932 1283
932 1336
933 1054
933 1189
933 1313
934 1193
934 1254
934 1368
936 1386
937 1207
940 1320
940 1395
941 980
941 1045
941 1212
941 1232
941 1414
942 1175
942 1265
942 1378
942 1437
944 1232
945 994
945 1256
946 970
946 1007
946 1126
948 1369
949 1369
951 1430
954 1016
954 1219
956 1008
956 1270
957 1061
958 1281
959 999
959 1125
959 1298
959 1385
959 1401
960 981
960 1159
960 1427
961 1162
961 1258
962 1106
965 1156
966 1034
967 1016
967 1430
971 1021
972 1058
973 998
973 1082
973 1397
974 1284
975 1373
977 1130
978 1152
979 1308
980 1034
983 1426
988 1081
988 1327
990 1438
991 1189
991 1323
992 1281
992 1327
992 1386
994 1051
994 1247
994 1431
996 1354
996 1399
997 1135
1000 1179
1003 1157
1004 1221
1004 1294
1004 1320
1004 1376
1005 1025
1005 1104
1005 1116
1006 1317
1009 1069
1009 1202
1009 1240
1009 1318
1009 1388
1009 1404
1010 1030
1010 1047
1010 1231
1010 1307
1011 1092
1011 1146
1011 1166
1011 1244
1011 1411
1013 1293
1015 1242
1015 1284
1016 1043
1016 1261
1016 1380
1017 1338
1017 1418
1018 1373
1020 1055
1020 1203
1020 1414
1022 1373
1023 1074
1023 1156
1024 1235
1024 1268
1025 1273
1025 1400
1026 1151
1027 1160
1027 1282
1028 1252
1029 1047
1030 1178
1031 1073
1031 1141
1031 1275
1031 1385
1033 1247
1034 1204
1034 1372
1035 1327
1039 1409
1042 1281
1042 1426
1044 1073
1044 1137
1046 1208
1048 1150
1049 1287
1049 1309
1050 1260
1050 1433
1052 1069
1055 1352
1056 1250
1057 1218
1058 1158
1058 1187
1058 1188
1059 1130
1059 1364
1060 1099
1061 1163
1061 1209
1063 1431
1064 1136
1064 1415
1065 1200
1066 1245
1067 1247
1068 1235
1068 1370
1070 1101
1070 1120
1072 1200
1074 1338
1075 1107
1075 1352
1077 1242
1078 1330
1079 1371
1082 1143
1082 1334
1083 1355
1084 1368
1086 1104
1086 1138
1086 1191
1087 1205
1088 1234
1089 1177
1090 1330
1090 1409
1093 1218
1099 1131
1099 1169
1099 1346
1100 1351
1101 1236
1103 1140
1105 1145
1106 1118
1106 1345
1107 1322
1108 1113
1108 1137
1108 1207
1109 1113
1110 1371
1111 1211
1112 1383
1116 1171
1118 1433
1119 1287
1119 1321
1121 1214
1124 1135
1125 1150
1126 1148
1126 1177
1127 1179
1128 1402
1130 1435
1133 1382
1133 1419
1136 1283
1139 1218
1140 1257
1142 1258
1143 1362
1145 1280
1145 1299
1145 1325
1147 1241
1149 1200
1149 1288
1151 1237
1151 1271
1152 1195
1153 1241
1155 1195
1155 1265
1156 1192
1156 1362
1158 1391
1158 1400
1161 1248
1162 1387
1165 1182
1165 1259
1165 1400
1167 1285
1167 1339
1168 1170
1168 1185
1168 1284
1171 1270
1172 1421
1173 1178
1173 1245
1173 1364
1175 1252
1176 1359
1177 1285
1179 1223
1179 1255
1179 1313
1180 1190
1180 1380
1182 1207
1182 1212
1182 1332
1185 1368
1185 1375
1187 1273
1188 1283
1191 1260
1192 1389
1194 1250
1194 1321
1196 1291
1197 1225
1197 1389
1198 1268
1200 1357
1204 1277
1205 1345
1208 1360
1208 1376
1210 1286
1211 1226
1211 1342
1211 1367
1214 1218
1216 1322
1218 1403
1222 1241
1224 1309
1225 1356
1225 1357
1225 1392
1225 1434
1226 1250
1226 1336
1227 1290
1228 1237
1228 1320
1231 1327
1233 1354
1233 1400
1234 1430
1236 1356
1239 1407
1240 1327
1243 1419
1244 1377
1245 1350
1245 1394
1246 1290
1246 1329
1249 1324
1250 1274
1250 1328
1251 1282
1251 1374
1251 1420
1252 1344
1256 1270
1263 1340
1264 1355
1267 1297
1267 1407
1269 1421
1273 1361
1274 1319
1275 1329
1276 1277
1277 1413
1280 1425
1281 1305
1284 1306
1284 1382
1286 1295
1287 1314
1287 1315
1288 1392
1290 1384
1294 1330
1294 1430
1297 1428
1302 1359
1305 1425
1305 1433
1311 1437
1317 1367
1319 1439
1323 1359
1324 1342
1334 1370
1337 1393
1340 1421
1341 1412
1341 1429
1343 1394
1352 1362
1358 1371
1366 1402
1369 1412
1372 1425
1379 1398
1382 1407
1384 1398
1423 1430
1438 1439
