3024 6048
0 780
0 787
0 1806
1 314
1 1948
1 2889
2 51
2 94
2 970
2 1167
2 1644
2 1795
2 2035
2 2231
3 1455
3 1484
3 1627
4 176
4 188
4 1536
4 2976
5 1527
5 1700
5 2946
6 989
6 2601
6 2760
7 2167
7 2588
7 2767
8 120
8 191
8 595
8 856
8 859
8 1552
8 1865
8 2534
9 292
9 1107
9 2304
10 244
10 416
10 801
10 1368
10 1533
10 1688
10 2582
10 2826
11 118
11 177
11 792
11 844
11 1724
11 1986
11 2621
11 2643
12 315
12 1363
12 1688
12 1706
13 1535
13 1977
13 2067
14 837
14 2566
14 2750
15 82
15 480
15 991
15 1240
15 1696
15 1750
15 1848
15 1886
16 171
16 286
16 1501
16 2484
16 2612
16 2848
17 695
17 1185
17 1496
18 640
18 1036
18 2939
19 705
19 929
19 1640
20 611
20 1247
20 1364
21 1407
21 2653
21 3012
22 130
22 365
22 397
22 1307
22 1646
22 2166
22 2732
22 3005
23 250
23 546
23 678
23 1583
23 2363
23 2450
24 896
24 1627
24 1925
25 1980
25 2050
25 2959
26 68
26 370
26 607
26 1091
26 1354
26 1355
26 2020
26 2594
27 2050
27 2255
27 2873
28 522
28 590
28 1220
29 489
29 2857
29 2984
30 926
30 2873
30 2922
31 118
31 311
31 415
31 1151
31 1506
31 2903
32 418
32 2271
32 2503
33 311
33 651
33 1042
33 1841
34 1765
34 1846
34 2913
35 86
35 475
35 1199
35 1241
35 1503
35 2818
36 1408
36 2589
36 2661
37 690
37 1147
37 1475
38 40
38 727
38 907
38 1434
38 1542
38 1594
39 444
39 929
39 2667
40 2346
40 3008
41 2500
41 2531
41 3012
42 187
42 760
42 1426
43 1426
43 1737
43 1943
44 1821
44 2175
44 2240
45 489
45 2853
45 2884
46 59
46 1683
46 2781
47 831
47 915
47 1671
48 1029
48 1320
48 1635
49 364
49 1822
49 1823
49 1892
50 686
50 1211
50 2565
51 319
51 2753
52 989
52 2579
52 2710
53 1286
53 1630
53 2073
54 275
54 1517
54 1698
54 2341
54 2872
54 2952
55 110
55 173
55 386
55 542
55 1639
55 2979
56 2111
56 2289
56 2725
57 1061
57 1475
57 1721
58 141
58 876
58 2978
59 183
59 904
59 1790
59 2856
59 2906
60 258
60 1310
60 1461
60 1753
61 1220
61 1664
61 2706
62 507
62 1271
62 1626
63 315
63 1532
63 1784
63 2119
63 2595
63 2886
64 828
64 1455
64 2291
65 747
65 1251
65 2774
66 173
66 256
66 353
66 439
66 742
66 1808
66 2223
66 2924
67 375
67 923
67 1847
68 2587
68 2653
69 2073
69 2280
69 2520
70 94
70 407
70 903
70 935
70 1783
70 2185
70 2191
70 3019
71 131
71 1203
71 2135
71 2447
71 2810
71 2852
72 1147
72 1440
72 1690
73 235
73 777
73 972
73 1170
73 2174
73 2273
74 371
74 1489
74 2745
74 2951
75 323
75 1737
75 1999
76 789
76 1885
76 2408
77 152
77 567
77 936
77 1488
77 1936
77 2751
78 541
78 1950
78 2946
79 248
79 1040
79 1224
79 1259
79 1398
79 1482
79 1757
79 2026
80 189
80 865
80 2827
81 1371
81 1462
81 2241
82 2275
82 2368
83 861
83 2083
83 2201
84 893
84 1015
84 1586
85 502
85 1397
85 1703
86 1250
86 2009
87 946
87 1322
87 1396
88 2070
88 2276
88 2608
89 729
89 1172
89 2090
90 807
90 1030
90 2461
91 847
91 1123
91 1364
92 783
92 2753
92 2984
93 229
93 762
93 2007
94 1507
95 314
95 946
95 2315
96 2518
96 2845
96 2950
97 182
97 338
97 853
97 970
97 1695
97 2623
98 873
98 1009
98 1967
98 2121
98 2176
98 2677
98 2783
98 3009
99 1493
99 2097
99 2104
100 140
100 2162
100 2419
101 823
101 1011
101 1390
102 685
102 978
102 1465
102 1638
102 2046
102 2297
103 1104
103 1794
103 1973
103 2642
103 2788
103 2880
104 561
104 713
104 752
104 1041
104 1606
104 1819
104 2150
104 2779
105 924
105 2031
105 2455
106 841
106 1227
106 2262
107 1630
107 1634
107 1702
108 180
108 298
108 2668
109 2302
109 2730
109 2833
110 392
110 2815
111 633
111 838
111 2535
112 148
112 744
112 809
112 1471
112 1595
112 1840
112 2686
112 2864
113 797
113 1702
113 2698
114 477
114 478
114 2127
115 1371
115 1539
115 2236
116 2348
116 2706
116 2998
117 1066
117 1094
117 2815
118 2081
119 567
119 578
119 597
119 647
119 713
119 2150
119 2887
119 2895
120 1711
120 1821
121 454
121 1648
121 2365
122 553
122 2518
122 2893
123 2029
123 2593
123 2601
124 836
124 1392
124 2660
125 466
125 968
125 2511
126 1493
126 1820
126 2470
127 412
127 631
127 1149
127 2132
128 604
128 2237
128 2922
129 376
129 1065
129 1528
129 1782
130 1403
130 1861
131 2213
131 2700
132 404
132 2291
132 2593
133 1152
133 2058
133 2108
134 1272
134 1493
134 2167
135 717
135 914
135 1652
135 2349
136 1247
136 1478
136 1631
137 1373
137 1607
137 2622
138 1203
138 1298
138 1461
138 1691
138 2438
138 2441
138 2502
138 2882
139 858
139 1551
139 2338
140 1645
140 2471
140 2715
141 842
141 2769
141 2840
142 228
142 383
142 2494
143 327
143 1726
143 2257
144 379
144 678
144 1005
144 1046
144 1405
144 2527
144 2614
144 2631
145 503
145 1874
145 2319
146 807
146 2317
146 2669
147 788
147 874
147 1797
148 1682
148 2774
149 1878
149 2913
149 3004
150 990
150 1726
150 2081
151 611
151 2021
151 2344
152 2160
152 2608
153 714
153 1049
153 1460
154 865
154 1943
154 2959
155 1004
155 1197
155 1600
155 1668
155 1967
155 2082
155 2796
155 3017
156 257
156 2324
156 2954
156 3020
157 554
157 1207
157 2325
158 274
158 981
158 2649
159 915
159 1894
159 2884
160 209
160 1254
160 1868
160 1994
160 2453
160 2836
161 224
161 437
161 1839
162 2114
162 2696
162 2823
163 1547
163 1756
163 2138
163 2847
164 291
164 817
164 1872
165 680
165 971
165 2302
166 813
166 1635
166 2585
167 522
167 1846
167 1904
168 1008
168 1455
168 2455
169 1278
169 1541
169 2213
170 749
170 999
170 1420
171 233
171 1943
172 225
172 1116
172 1591
172 1595
172 1787
172 1865
172 1916
172 2919
173 1272
174 1188
174 1762
174 1894
175 1141
175 1377
175 2544
176 1251
176 2355
177 1888
177 2875
178 541
178 1700
178 2090
179 983
179 1130
179 2682
180 361
180 792
180 825
180 2764
180 2854
181 1185
181 1247
181 1921
182 1132
182 1737
183 1548
183 2039
184 1585
184 2565
184 2922
185 980
185 2031
185 2094
186 340
186 1957
186 1977
187 1149
187 1952
187 2620
188 1765
188 1904
189 826
189 1934
189 1938
189 2612
189 2778
190 1474
190 1586
190 2700
191 663
191 1336
192 908
192 1122
192 2345
193 882
193 1227
193 2104
194 1279
194 2021
194 2445
195 363
195 366
195 744
195 1256
195 1431
195 2200
195 2571
195 2843
196 296
196 700
196 2058
197 810
197 1373
197 2940
198 282
198 604
198 2790
199 917
199 1631
199 2730
200 590
200 1516
200 2767
201 588
201 691
201 2152
202 520
202 732
202 2791
203 557
203 1598
203 1991
204 369
204 787
204 2015
205 1399
205 1985
205 2380
205 2837
206 1092
206 2136
206 2622
207 732
207 1103
207 2055
208 954
208 1919
208 2742
208 2945
209 1718
209 2674
210 1190
210 1340
210 1613
210 1649
210 2252
210 2497
211 419
211 2065
211 2506
212 266
212 609
212 1388
212 1594
212 1886
212 1992
213 540
213 761
213 2844
214 1516
214 2171
214 2827
215 1907
215 1921
215 2861
216 732
216 1462
216 2948
217 261
217 1806
217 1880
218 1585
218 1605
218 2968
219 1991
219 2275
219 2537
220 1576
220 2436
220 2702
221 1872
221 2147
221 2256
222 610
222 2136
222 2647
223 358
223 600
223 883
223 920
223 1776
223 2185
223 2480
223 2770
224 367
224 528
224 643
224 1116
224 1779
224 1969
224 2238
225 1878
225 1904
226 676
226 1948
226 2913
227 557
227 2330
227 2544
228 329
228 1210
228 1695
228 1778
228 2542
229 359
229 1026
229 1105
229 1633
229 2995
230 858
230 1585
230 2585
231 471
231 2045
231 2799
232 1356
232 1947
232 2283
232 2382
232 2771
232 2874
233 1129
233 1204
233 1224
233 1310
233 2116
233 2416
233 2693
234 795
234 1273
234 1775
234 1808
234 1936
234 2895
235 766
235 2707
236 340
236 902
236 1982
237 510
237 1314
237 2562
238 791
238 1427
238 1460
239 886
239 2237
239 2436
240 351
240 535
240 849
240 936
240 967
240 1146
240 1741
240 2692
241 791
241 902
241 1957
242 785
242 1030
242 1829
243 1232
243 1331
243 2835
244 968
244 1917
245 289
245 2072
245 2814
246 625
246 1464
246 1802
247 858
247 2503
247 2750
248 1064
248 2873
249 800
249 1337
249 1663
250 1306
250 2889
251 658
251 1365
251 2690
252 867
252 1183
252 1225
252 1897
252 1964
252 2966
253 1785
253 1890
253 2602
253 2920
254 411
254 525
254 2774
255 274
255 2210
255 2690
256 513
256 838
257 1937
257 2338
258 1394
258 2959
259 798
259 1066
259 2012
260 762
260 1700
260 2419
261 621
261 1384
261 1604
261 2181
261 2222
261 2412
261 2801
262 896
262 2239
262 2647
263 1663
263 2405
263 2419
264 276
264 295
264 1054
264 1687
264 2285
264 2733
264 2979
264 2980
265 797
265 2246
265 3022
266 810
266 2368
267 564
267 1801
267 2594
267 2758
268 392
268 758
268 2085
269 333
269 1161
269 2490
270 656
270 1834
270 2003
270 2250
270 2672
270 2982
271 1885
271 2101
271 2518
272 1338
272 2521
272 2714
273 1180
273 2318
273 2541
273 2694
274 320
274 1552
274 1618
274 1674
274 2341
274 2469
275 1627
275 2106
276 1276
276 1365
277 332
277 1393
277 2611
278 1151
278 1187
278 1274
278 1841
278 2119
278 2507
279 879
279 1889
279 2125
279 2818
280 1094
280 2583
280 2667
281 488
281 2276
281 2773
282 545
282 572
282 1914
282 2146
282 2688
283 510
283 2171
283 2871
284 364
284 1347
284 1531
284 2540
285 461
285 483
285 1226
285 1858
285 1867
285 2616
286 2707
286 2948
287 799
287 1320
287 1397
288 305
288 989
288 2385
289 614
289 852
289 877
289 1754
289 2000
290 312
290 1046
290 1476
290 2195
291 995
291 1862
291 1928
292 293
292 385
292 1255
292 1317
292 1443
292 1873
292 1981
293 1342
293 2139
294 1671
294 1711
294 2967
295 1249
295 2530
296 1160
296 2116
296 2117
297 577
297 766
297 2287
298 1629
298 1747
298 2643
299 748
299 1188
299 1671
300 571
300 674
300 799
301 902
301 2072
301 2736
302 786
302 1929
302 2714
303 638
303 1390
303 2155
304 1664
304 2430
304 2653
305 472
305 1305
305 1574
305 1832
305 2293
305 2488
305 2938
306 1664
306 2101
306 2997
307 815
307 2657
307 2690
308 1141
308 1250
308 1859
309 525
309 1929
309 2592
310 834
310 1850
310 2700
311 2214
312 1714
312 1878
313 857
313 2114
313 2359
314 1217
314 2038
315 1460
316 1462
316 2296
316 2431
317 1177
317 2039
317 2859
318 427
318 614
318 1082
318 1786
318 1973
318 2057
318 2516
318 2906
319 329
319 1088
319 1603
319 1845
319 2599
320 774
320 2399
321 336
321 684
321 1410
321 1837
321 1882
321 2042
322 1193
322 2040
322 2913
323 339
323 543
323 1069
323 1508
323 1952
323 2282
323 2905
324 715
324 1869
324 2214
325 695
325 1541
325 2325
326 485
326 910
327 532
327 1608
327 2014
327 2063
327 2294
327 2525
327 2854
328 1656
328 1705
328 2815
329 1543
330 497
330 568
330 1097
330 1321
330 1415
330 2432
331 1076
331 1732
331 1987
331 2041
332 1115
332 1405
332 1911
332 2120
332 2250
333 357
333 402
333 851
333 1618
333 2994
334 457
334 1094
334 2054
335 2015
335 2565
335 3012
336 476
336 1263
337 998
337 1516
337 2083
338 764
338 2728
339 937
339 2368
340 1479
340 1498
340 1742
340 2051
341 1188
341 2067
341 2749
342 1561
342 1838
342 2019
342 2126
342 2251
342 2648
342 2719
342 2812
343 2210
343 2276
343 2538
344 2043
344 2747
344 2959
345 477
345 2040
345 2355
346 620
346 669
346 746
346 1275
346 2311
346 2502
347 766
347 1213
347 2267
348 382
348 608
348 1809
348 2651
348 2821
348 2983
349 821
349 1032
349 1374
349 1864
350 888
350 1057
350 2103
350 2742
351 2029
351 2258
352 1047
352 1589
352 1966
352 2800
353 1279
353 1421
354 356
354 915
354 1711
355 507
355 1462
355 1906
356 428
356 486
356 1352
357 805
357 2473
358 1213
358 1227
359 2535
359 2645
360 421
360 622
360 864
360 1125
360 1318
360 3000
361 889
361 2478
362 1073
362 1700
362 2718
363 780
363 3018
364 1953
365 999
365 2274
366 1433
366 2897
367 957
367 2845
368 2067
368 2884
368 2967
369 1384
369 2342
369 2558
369 2681
369 2969
370 1611
370 2106
371 1271
371 2241
372 377
372 2420
372 2786
372 3021
373 864
373 1236
373 1362
373 1633
373 2485
373 2659
374 590
374 894
374 2313
375 497
375 938
375 1288
375 2374
375 2392
376 672
376 2520
377 444
377 812
378 1885
378 2740
378 2743
379 1392
379 2027
380 971
380 2750
380 2805
381 481
381 568
381 589
381 655
381 779
381 1225
382 2753
382 2790
383 481
383 736
383 1363
383 1533
383 1899
383 2432
383 2965
384 1924
384 2395
384 2777
385 1596
385 2712
386 444
386 1925
387 419
387 1418
387 1870
388 1460
388 2165
388 2357
389 444
389 705
389 2884
390 894
390 1177
390 2936
391 822
391 1425
391 1962
391 2614
391 2672
391 2831
392 706
392 781
392 1487
392 1712
392 1805
392 2894
393 2696
393 2725
393 2967
394 1246
394 1286
394 2501
395 840
395 1314
395 1389
396 473
396 730
396 986
396 1003
396 2113
396 2715
397 1322
397 2725
398 761
398 876
398 1276
399 1718
399 1781
399 2943
400 910
400 1506
400 2068
400 2394
400 2404
400 2683
401 1523
401 1534
401 2883
401 2916
402 1022
402 1627
403 666
403 863
403 1208
403 2222
403 2850
403 2912
404 464
404 1086
404 1164
404 1713
404 1954
404 1956
404 2824
405 1008
405 1984
405 3018
406 538
406 1760
406 2052
406 2993
407 1123
407 1348
408 520
408 2431
408 2490
409 1118
409 1317
409 1522
409 2023
409 2096
409 2556
410 729
410 1247
410 1348
411 434
411 759
411 912
411 1295
411 2023
411 2196
411 2577
412 690
412 2398
413 522
413 869
413 2470
414 1166
414 1776
414 2191
414 2307
414 2957
414 2961
415 1130
415 1250
416 788
416 1218
417 603
417 2451
417 2714
418 1574
418 2454
418 2510
419 925
419 1128
420 915
420 929
420 2067
421 1977
421 2535
422 1904
422 2881
422 3004
423 1302
423 1457
423 2453
423 2497
424 756
424 965
424 1516
425 437
425 1781
425 2461
426 1238
426 2501
426 2971
427 798
427 2819
428 748
428 1232
429 1407
429 2300
429 3014
430 929
430 1270
430 1287
431 1797
431 2043
431 2700
432 1610
432 1615
432 2815
433 1220
433 1407
433 2505
434 1135
434 1559
435 927
435 1375
435 3022
436 1836
436 2029
436 2813
437 1450
437 1602
437 1613
437 1860
437 2607
437 2836
438 529
438 2274
438 2589
439 1338
439 2085
440 989
440 1336
440 2296
441 998
441 2445
441 2859
442 599
442 966
442 1761
442 2128
442 2306
442 2471
443 1311
443 2088
443 2187
443 2217
443 2480
443 2883
444 2448
444 2789
445 732
445 1334
445 1562
446 945
446 1876
446 1901
446 2062
446 2679
446 2741
447 1019
447 1351
447 2050
448 1299
448 2156
448 2570
448 2607
448 2866
448 2953
449 685
449 818
449 944
449 1014
449 1544
449 2468
450 693
450 1375
450 2549
451 802
451 1573
451 2130
451 2466
451 2484
451 2670
452 2267
452 2548
452 2827
453 1113
453 1147
453 1509
454 782
454 1089
454 1815
454 1989
454 2170
454 2826
454 2846
455 760
455 2300
455 2593
456 1351
456 1555
456 2725
457 829
457 1228
457 1423
457 2133
457 2303
458 895
458 1175
458 1184
458 2650
459 496
459 1372
459 2431
460 2255
460 2943
460 3018
461 507
461 1621
462 869
462 1519
462 1765
463 585
463 1814
463 2579
464 760
464 2474
465 489
465 1824
465 2753
466 538
466 859
466 1787
467 2147
467 2947
467 3022
468 1380
468 2237
468 2433
469 837
469 1052
469 1411
470 1576
470 2233
470 2237
471 866
471 1724
471 1812
471 2640
471 2721
472 889
472 1999
473 1008
473 2897
474 501
474 533
474 2122
475 1027
475 1265
476 1159
476 1402
476 2235
477 594
477 2019
478 487
478 550
478 2242
479 1154
479 1354
479 1895
479 1963
479 2654
479 2849
480 1280
480 1283
481 1738
482 1141
482 2537
482 2608
483 556
483 1714
484 709
484 1309
484 2395
485 1130
485 1306
486 761
486 1188
487 1193
487 1904
488 2265
488 2469
488 2604
488 2655
488 2933
489 884
489 1525
489 1868
489 2252
489 2870
490 571
490 1585
490 1937
491 710
491 1681
491 1946
491 2198
491 2221
491 2320
492 2280
492 2329
492 2667
493 2114
493 2428
493 2658
494 1459
494 1593
494 2180
494 2462
495 513
495 2050
495 2389
496 953
496 982
496 2001
496 2196
496 2547
497 2710
498 1486
498 2451
498 2543
499 638
499 712
499 2160
500 1222
500 1518
500 1842
500 2350
501 1983
501 2876
501 2878
502 925
502 1654
502 2934
503 534
503 1556
503 2076
503 2367
503 2508
504 760
504 1244
504 2712
505 1915
505 2110
505 2553
506 709
506 1090
506 2399
507 770
507 1233
507 1927
507 1972
507 2488
508 695
508 2015
508 2247
509 648
509 1175
509 2816
509 2876
510 1450
510 1779
511 1984
511 2489
511 2753
512 711
512 997
512 1318
512 1597
512 2343
512 2995
513 1259
513 1268
513 1292
513 2156
514 846
514 1419
514 2712
515 1519
515 1820
515 2017
516 845
516 1054
516 1487
516 1909
516 2582
516 2911
517 677
517 1234
517 1569
517 2527
518 608
518 1119
518 1573
518 1817
518 2778
518 2811
519 2122
519 2562
519 2718
520 731
520 934
520 2096
520 2272
521 789
521 2024
521 2329
522 1536
522 2047
522 2532
523 948
523 1284
523 2950
524 1493
524 1519
524 2572
525 942
525 1002
525 2166
525 2713
526 664
526 2584
526 2798
527 1378
527 1535
527 1799
528 2239
528 3004
529 944
529 1672
529 1791
529 2387
529 2392
529 2784
529 2905
530 846
530 1464
530 1570
531 836
531 901
531 2027
532 1027
532 2262
533 617
533 892
533 1184
534 955
534 1621
535 2070
535 2344
536 758
536 1656
536 2817
537 707
537 813
537 3007
538 1218
539 885
539 1527
539 2476
540 1871
540 2386
540 2963
541 740
541 1534
541 1970
541 2125
542 1344
542 1640
543 874
543 1019
544 810
544 874
544 2275
545 1123
545 2240
546 2638
546 2682
547 1280
547 1584
547 2359
548 1276
548 1631
548 1921
549 1854
549 2278
549 2689
550 1731
550 2355
551 815
551 981
551 1249
552 1131
552 1870
552 2122
553 649
553 745
553 1895
553 1985
553 2855
554 689
554 1561
554 2207
554 2361
554 2381
555 820
555 1133
555 1823
555 2830
556 1261
556 1558
556 1782
557 583
557 2804
558 975
558 2423
558 2968
559 981
559 2087
559 2773
560 1130
560 2608
560 2875
561 2097
561 2313
562 1825
562 1939
562 2644
562 2688
563 847
563 1348
563 2790
564 806
564 2797
565 640
565 1729
565 2754
566 789
566 2259
566 2277
567 1279
568 2501
569 847
569 1507
569 2175
570 1251
570 1846
570 2127
571 1264
571 1333
571 2188
571 2697
572 814
572 2348
573 1338
573 2017
573 2167
574 586
574 1593
574 1864
574 2610
575 797
575 1375
575 1915
576 1320
576 2714
576 2869
577 872
577 1041
577 1501
577 2174
577 2885
578 894
578 998
579 804
579 1346
579 1390
580 920
580 1021
580 1681
580 2515
581 998
581 1990
581 2767
582 768
582 1270
582 2228
583 715
583 1690
584 1410
584 1680
584 2460
584 2782
585 1070
585 1226
585 1243
585 1305
585 1469
585 2406
585 2463
586 805
586 1172
587 1193
587 1202
587 1729
588 887
588 2362
588 2457
589 1145
589 1820
590 723
590 839
590 1063
590 2150
590 2375
591 1554
591 1729
591 2270
592 1101
592 2523
592 2667
593 659
593 669
593 1617
593 1692
594 2025
594 2383
595 1150
595 1701
596 975
596 1147
596 1824
597 1266
597 1393
598 1080
598 2401
598 2436
599 1601
599 2405
600 1380
600 2667
601 1101
601 1385
601 2237
602 1331
602 2359
602 2472
603 2266
603 2713
603 2926
604 636
604 1360
604 1644
604 2810
604 2918
604 2928
605 1526
605 2490
605 2949
606 908
606 1920
606 2353
607 806
607 1291
608 2296
609 633
609 715
610 673
610 1696
610 2927
611 763
611 1296
611 1404
611 1964
611 2206
611 2462
612 2058
612 2190
612 2371
613 889
613 1324
613 2743
614 1141
615 1135
615 2032
615 2859
616 799
616 1737
616 2544
617 674
617 1703
618 1211
618 1937
618 2585
619 672
619 1191
619 1328
620 1378
620 2700
621 2066
621 2255
622 1290
622 2645
623 937
623 1694
623 1937
624 1124
624 1400
624 1816
624 2092
625 631
625 683
625 967
625 1077
625 1303
625 2555
625 2620
626 2032
626 2161
626 2774
627 817
627 2205
627 2695
628 1122
628 1145
628 2892
629 731
629 854
629 1044
629 1430
630 808
630 1074
630 2491
631 1836
632 729
632 921
632 2021
633 1432
633 1545
633 2581
633 2907
634 2478
634 2498
634 2805
635 1188
635 2377
635 2835
636 1319
636 1507
637 812
637 1929
637 2161
638 1255
638 1522
638 1567
638 1763
638 2576
638 2982
639 1207
639 2505
639 2531
640 849
640 1082
640 1816
640 2475
641 712
641 1827
641 2276
642 863
642 1006
642 1329
642 1800
642 1935
642 2909
643 1948
643 2090
644 1177
644 1683
644 1721
645 1271
645 1371
645 2097
646 1563
646 1585
646 2161
647 980
647 2110
648 1703
648 1830
649 1209
649 2058
650 758
650 1615
650 2236
651 1141
651 1598
652 1266
652 1337
652 2027
653 1216
653 2045
653 2674
654 1797
654 1917
654 2368
655 2572
655 2652
656 2481
656 2553
657 1656
657 1849
657 2329
658 845
658 2143
658 2184
659 840
659 2171
660 917
660 1393
660 1915
661 1562
661 1647
661 2278
662 837
662 1727
662 2317
663 1153
663 1242
663 1840
664 877
664 2118
664 2425
664 2512
664 2711
665 1020
665 1485
665 1616
665 2441
666 1850
666 2258
667 1249
667 1370
667 2319
668 1237
668 2278
668 2935
669 1411
670 1322
670 1659
670 2549
671 2033
671 2385
671 2579
672 737
672 1867
673 810
673 1280
674 2517
674 2816
675 2353
675 2652
675 2892
676 763
676 1178
676 1775
676 2075
676 2628
677 1714
677 2881
678 1788
679 771
679 1272
679 1615
680 687
680 802
680 826
680 939
680 962
680 2372
680 2891
681 1150
681 2033
681 2296
682 724
682 1065
682 1313
682 1756
682 2134
682 2846
683 2258
683 2339
684 901
684 1726
685 2112
686 1444
686 2264
686 2314
686 2364
686 2928
687 2160
687 2559
688 1090
688 1216
688 1635
689 1257
689 1375
690 1521
690 2022
690 2079
690 2308
690 2509
690 2804
691 1538
691 1604
691 2189
692 814
692 1171
692 1664
693 835
693 1219
693 1736
693 2426
693 2719
694 1748
694 1829
694 2736
695 1349
695 1357
695 1739
695 1755
695 2245
696 1421
696 2083
696 2167
697 1283
697 1607
697 2647
698 1090
698 1924
698 2506
699 2506
699 2511
699 2950
700 1281
700 2970
700 3016
701 2233
701 2237
701 2401
702 897
702 1272
702 2017
703 2473
703 2668
703 2728
704 1377
704 2214
704 2875
705 883
705 1076
705 1195
705 2244
705 2263
705 2279
706 1247
706 1365
707 1144
707 1922
707 2107
707 2517
707 2586
707 2697
707 2899
708 1185
708 1276
708 1478
709 2145
709 2574
710 1027
710 2753
711 2491
711 2990
712 829
712 1443
712 1453
712 1857
712 2227
712 2482
713 2241
714 1843
714 1844
714 1857
714 2442
714 3006
715 1274
715 1434
715 2079
716 783
716 2398
716 2565
717 761
717 1995
718 1874
718 2056
718 2389
719 813
719 2054
719 2785
720 843
720 1331
720 1630
721 1611
721 1904
721 2040
722 1703
722 2395
722 2506
723 1559
723 2445
724 2073
724 2743
725 1103
725 1562
725 2431
726 1034
726 1608
726 2187
726 2916
727 838
727 1290
728 1278
728 1387
728 2795
729 984
729 1178
729 1684
729 2180
729 2966
730 1484
730 2151
731 1486
732 953
732 1312
732 1807
732 2109
733 900
733 905
733 1450
733 1458
733 1467
733 1916
733 2182
733 2269
734 1370
734 1615
734 2102
735 893
735 2695
735 2736
736 885
736 1061
737 1714
737 2249
738 2276
738 2559
738 2730
739 2139
739 2232
739 2304
740 2476
740 2494
741 1291
741 1682
741 2470
742 1887
742 2773
743 1396
743 1896
743 2315
744 2422
745 861
745 2767
746 893
746 2317
747 1043
747 1153
747 1500
747 2060
747 2200
747 2717
747 2919
748 914
748 1780
748 2391
748 2963
749 1414
749 1987
749 2244
749 2245
749 2991
750 1130
750 2039
750 2975
751 1984
751 2487
751 2835
752 2707
752 2936
753 2168
753 2428
753 2802
754 980
754 1393
754 2313
755 2087
755 2689
755 2935
756 1017
756 1162
756 1465
756 2099
756 2158
756 2496
756 2545
757 1080
757 1576
757 2436
758 1463
758 1699
758 2170
758 2860
758 2979
759 2161
759 3003
760 1508
760 1655
760 2113
760 2131
761 1719
761 2618
762 966
762 1602
762 2080
762 2570
762 2837
762 3000
763 921
764 1088
764 1134
764 1381
765 1179
765 1239
765 1851
765 2307
765 2742
765 2763
766 790
767 838
767 1117
767 1631
768 863
768 1529
768 1833
769 918
769 1096
769 1897
769 2179
769 2299
769 2432
770 1493
770 2639
771 1051
771 1089
771 1528
771 2138
771 2900
772 891
772 1109
772 2930
773 1390
773 1630
773 2377
774 875
774 1242
774 1515
774 1599
774 1787
774 2286
774 2664
775 949
775 2718
775 2978
776 1721
776 2086
776 2897
777 1433
777 2833
778 882
778 1622
778 1767
779 908
779 1137
780 1604
780 1650
781 1420
781 2398
782 2236
782 2815
783 1108
783 1190
783 1254
783 1350
783 1447
783 1675
784 1189
784 1725
784 1949
784 2260
784 2393
784 2735
784 2759
784 2925
785 931
785 985
785 1043
785 1650
785 1667
785 2010
785 2864
786 1416
786 1600
786 1709
786 2023
786 2926
787 1722
787 1875
787 2189
787 2261
787 2440
787 2850
788 1126
788 1281
788 1612
788 2008
789 1181
789 1660
789 1833
789 2691
789 2734
790 2820
790 2827
791 1327
791 1860
791 2096
791 2382
791 2867
791 2898
792 2225
793 1152
793 1859
793 2608
794 810
794 1092
794 2298
795 1421
795 1540
796 1049
796 2192
796 2597
797 912
797 1892
797 2001
797 2379
797 2863
798 1879
798 2216
799 1106
799 2292
799 2656
799 2685
799 2988
800 1062
800 1222
800 1686
800 1837
800 2014
800 2016
800 2378
801 955
801 1249
802 941
803 921
803 2070
803 2339
804 1262
804 1470
804 1567
804 2036
804 2288
805 1459
805 2952
806 1038
806 1825
807 1260
807 2411
808 862
808 963
808 1274
808 2064
808 2526
808 2775
808 2840
809 1701
809 2139
810 964
810 1315
810 1744
811 1037
811 1783
811 1795
811 2810
811 2920
811 2996
812 1831
812 2713
813 887
813 1333
813 1893
813 2292
813 2316
814 1939
814 2483
814 2624
814 2902
815 827
815 2911
816 1132
816 1440
816 1814
817 943
817 1466
817 1679
817 2609
818 965
818 1244
819 1788
819 2114
819 2271
820 2429
820 2844
821 1401
821 2795
822 1393
822 1872
823 979
823 1557
823 1590
823 1763
823 2281
824 1549
824 1849
824 2277
825 941
825 2740
826 2478
827 1365
827 2230
828 972
828 1730
828 2113
828 2456
828 2625
828 2654
828 2738
829 1460
830 1158
830 1419
830 1570
831 875
831 1352
831 1652
831 2386
831 2534
832 1339
832 1929
832 2451
833 2423
833 2535
833 2862
834 1369
834 2768
834 2882
835 2025
835 2790
836 1115
836 1234
836 1476
836 1962
836 2084
836 2450
837 1260
838 1054
838 1805
838 2148
838 2877
839 2332
839 2859
840 1212
840 1473
841 1163
841 1970
841 2187
842 1147
842 2718
843 1009
843 1248
843 1262
843 1557
843 2499
843 2598
843 2982
844 1093
844 2086
845 981
846 1942
846 2082
847 1776
847 1795
847 1960
847 2105
847 2465
848 909
848 2520
848 2583
849 2845
850 1050
850 1218
850 2511
851 2106
851 2151
852 1290
852 2645
853 2175
853 2753
854 992
854 2239
855 1048
855 1898
855 2253
855 2619
856 1161
856 2399
857 1341
857 1910
857 2824
857 2929
857 2960
858 1264
858 1743
858 2324
858 2671
858 2866
859 3004
860 1563
860 2315
860 2725
861 1578
861 2080
862 1923
862 1950
864 1803
865 872
865 1792
865 2416
865 2466
866 1721
866 2455
867 1122
867 1920
868 1370
868 2165
868 2501
869 2020
869 2439
870 1033
870 1102
870 1441
870 2738
871 1748
871 2205
871 2256
872 2948
873 1331
873 1390
874 1020
874 1376
874 1749
874 1886
874 2768
875 1821
876 1085
876 1577
876 2391
876 2626
876 2708
876 2720
877 1982
878 1937
878 2750
878 2802
879 987
879 1287
880 2562
880 2674
880 3011
881 1662
881 1737
881 2668
882 2063
882 2088
882 2098
882 3009
883 1101
884 974
884 2398
885 1091
885 1361
885 1963
885 2125
885 2231
885 2542
886 920
886 1614
886 2580
887 2066
888 1907
888 2089
889 1075
889 1547
889 1666
890 1559
890 2032
890 2968
891 1071
891 1646
891 1958
892 1830
892 1924
893 985
893 1100
893 1498
893 1817
893 2843
894 988
894 1979
894 2397
894 2885
894 2887
895 1218
895 2065
896 1520
896 1693
896 2867
896 2942
897 1441
897 1456
897 2766
897 2776
897 2787
898 2402
898 2431
898 2722
899 1497
899 1806
899 2152
900 957
900 1284
901 1005
901 1062
901 1784
901 2334
901 2507
901 3001
902 1228
902 1532
902 1706
902 1852
902 1857
903 2477
903 2984
904 989
904 2791
905 1948
905 2946
906 2257
906 2271
906 2696
907 2398
907 2601
908 984
908 1096
908 1296
909 1756
909 1932
909 2121
909 2879
909 2900
910 2682
911 1120
911 2045
911 2498
912 2722
913 1130
913 1683
913 1714
914 2844
915 1813
915 2376
916 1615
916 1648
916 2338
917 962
917 1229
917 1834
917 2603
918 1145
918 2572
919 1193
919 2106
919 2797
921 936
922 2213
922 2267
922 2641
923 1069
923 1325
923 1769
923 2154
923 2333
923 2468
923 2731
924 1048
924 1521
924 2211
924 2471
924 2550
925 2122
926 1504
926 1883
926 2334
926 2364
926 2414
926 2415
926 2541
927 1412
927 1477
927 1822
927 2196
927 2199
927 2254
927 2418
928 1917
928 2190
928 2747
929 1447
929 1525
929 1592
929 2909
930 1705
930 2012
930 2573
931 1433
931 2455
932 2013
932 2034
932 2141
932 2624
933 1029
933 1286
933 1390
934 1735
934 1781
935 1364
935 2790
937 1398
937 1492
937 1749
937 2866
938 1738
938 2385
939 2192
939 2833
940 971
940 2192
940 2730
941 1075
941 1774
941 1938
941 2545
941 2568
941 2703
942 1211
942 1563
943 2147
943 2611
944 1861
945 1621
945 2319
946 1755
946 2564
947 1218
947 1370
947 1917
948 1024
948 1039
948 1102
948 1895
948 2351
948 2483
948 2766
949 1085
949 2443
949 2526
950 2081
950 2668
950 2875
951 1072
951 2015
951 2325
952 1074
952 1562
952 2087
953 2402
954 1793
954 1907
955 972
955 982
955 1512
955 1876
955 1909
955 2444
956 1433
956 2213
956 2820
957 1282
957 1676
957 2220
957 2721
958 1227
958 1634
958 2403
959 1403
959 1714
959 2562
960 1624
960 1658
960 1683
961 1299
961 1454
961 2026
961 2093
961 2148
961 2223
962 1185
963 1789
963 2214
964 2072
964 2385
965 1084
965 1439
965 1877
965 1951
966 1950
967 2277
968 1126
968 1524
968 1760
968 2650
968 2878
968 3017
969 1324
969 2225
969 2780
970 2857
971 994
971 1170
971 1230
973 1052
973 2805
973 2833
974 1350
974 1510
974 2059
974 2264
974 2678
975 1056
975 2314
975 2318
975 2354
975 2575
975 3001
976 1150
976 1342
976 1419
977 2004
977 2588
977 2760
978 1516
978 2932
979 1827
979 2408
980 1282
980 1575
980 2350
980 2400
980 2619
981 1445
981 2746
982 1555
983 2394
984 1535
985 990
986 1437
986 2291
987 1018
987 1343
987 1673
987 2705
987 2729
988 1847
988 2707
989 1641
989 2467
989 2642
990 1431
990 2016
990 2411
990 2596
991 2072
991 2710
992 1327
992 1353
992 1770
992 2109
992 2556
993 1171
993 1509
993 2422
994 1433
994 2287
995 2256
995 2611
996 1072
996 1541
996 2247
997 1408
997 1799
998 1345
998 1819
998 2532
998 2792
999 1174
999 1391
999 1941
999 2665
1000 1570
1000 1596
1000 2232
1001 2086
1001 2578
1001 2799
1002 2032
1002 3003
1003 2455
1003 2487
1004 2239
1004 2451
1005 2660
1006 1287
1006 2884
1007 2033
1007 2346
1007 2760
1008 1169
1008 1968
1008 2513
1009 2377
1010 1161
1010 2323
1010 2649
1011 1069
1011 1197
1011 1262
1011 1942
1011 2784
1012 1690
1012 1789
1012 2424
1013 1134
1013 1233
1013 1305
1013 1890
1013 1945
1013 2989
1014 1408
1014 2066
1015 1260
1015 2311
1015 2704
1016 1351
1016 2056
1016 2111
1017 1306
1017 2478
1018 1027
1018 1300
1019 1482
1019 1743
1019 2388
1019 2953
1020 2259
1021 2489
1021 2702
1022 1169
1022 1355
1022 1777
1022 2514
1022 2872
1023 1624
1023 1721
1023 2039
1024 1961
1024 2845
1025 1685
1025 1699
1025 1959
1025 2216
1026 1290
1026 1977
1027 1034
1027 1746
1027 1968
1027 2011
1028 1206
1028 1339
1028 2869
1029 1538
1029 1818
1029 2457
1029 2499
1030 1142
1030 1686
1030 2662
1030 2843
1031 1392
1031 1726
1031 2472
1032 2407
1032 2473
1033 1137
1033 1437
1034 1622
1035 1152
1035 1596
1035 2071
1036 1707
1036 2018
1036 2516
1037 1319
1037 2240
1038 2348
1038 2430
1039 1324
1039 2101
1040 1280
1040 2959
1041 1847
1042 1152
1042 2544
1043 2422
1044 1373
1044 2136
1045 1943
1045 2268
1045 2300
1046 1263
1047 2395
1047 2399
1048 2897
1049 1228
1049 1582
1049 1873
1049 1965
1049 2479
1049 2576
1050 1515
1050 1760
1050 1865
1051 1328
1051 2780
1052 1230
1052 1473
1052 1587
1052 1728
1052 2671
1052 2807
1053 1334
1053 2055
1053 2431
1055 2477
1055 2749
1055 2853
1056 1392
1056 1394
1057 1925
1057 2178
1058 1659
1058 2682
1058 2889
1059 1216
1059 2173
1059 2578
1060 1378
1060 1622
1060 2224
1061 2061
1061 2599
1061 2623
1061 3002
1062 2472
1063 1990
1063 2083
1064 1115
1064 1636
1064 2002
1064 2440
1064 2614
1064 2801
1064 2981
1065 2780
1066 2748
1066 2860
1067 1765
1067 2470
1067 2587
1068 1988
1068 2155
1068 2553
1070 1462
1070 1626
1071 1420
1071 1884
1072 1435
1072 1678
1072 2163
1072 2197
1072 2564
1072 2991
1073 1079
1073 1560
1073 1577
1073 2200
1073 2864
1074 1413
1074 1556
1074 2062
1074 2914
1075 2224
1076 2977
1077 2474
1077 2601
1078 1103
1078 1237
1078 2932
1079 1509
1079 2997
1080 1725
1080 1905
1080 2115
1080 2580
1080 2928
1080 2992
1081 1839
1081 2171
1081 2562
1082 2573
1083 1455
1083 2487
1083 2897
1084 2246
1084 2803
1085 1147
1086 1543
1086 1943
1087 1378
1087 2009
1087 2649
1088 1737
1089 1338
1090 1625
1090 1966
1090 2526
1090 2726
1090 2769
1091 2893
1092 1430
1092 1750
1093 1148
1093 1156
1093 1230
1093 1513
1093 2243
1093 2568
1093 2640
1094 1660
1094 1699
1094 1955
1094 2263
1094 3006
1095 1605
1095 2798
1095 2814
1096 1168
1097 1788
1097 2985
1098 2031
1098 2162
1098 2897
1099 2224
1099 2478
1099 2740
1100 1114
1100 1206
1101 2251
1101 2832
1101 2992
1102 2167
1103 1162
1104 2039
1104 2781
1105 2204
1105 2990
1106 1206
1106 2337
1107 1112
1107 1840
1107 2717
1108 2701
1108 2884
1109 1414
1109 1712
1109 1941
1109 2285
1109 2536
1110 2500
1110 2505
1110 2873
1111 1554
1111 2339
1111 2845
1112 1342
1112 2232
1113 1258
1113 1360
1113 1939
1113 2340
1113 2413
1114 1366
1114 1609
1114 1934
1114 2670
1114 2821
1116 1486
1117 1166
1117 1190
1117 1768
1117 1868
1117 1908
1117 2757
1117 2923
1118 2032
1118 2451
1119 2486
1119 2948
1120 1649
1120 1994
1120 2552
1121 2255
1121 2461
1121 2835
1122 1863
1122 2335
1122 2458
1122 2609
1122 2825
1123 1360
1123 1809
1123 2100
1123 2207
1123 2719
1124 1202
1124 1611
1125 2007
1125 2204
1126 1370
1127 1207
1127 2873
1127 3012
1128 1358
1128 2777
1129 1394
1129 2043
1131 1654
1131 2124
1131 2910
1132 1845
1132 1945
1133 1953
1133 2973
1134 1440
1135 1332
1135 1628
1135 2318
1135 2396
1135 2414
1135 2496
1136 1302
1136 2243
1136 2552
1136 2703
1137 1897
1137 2456
1138 1410
1138 1476
1138 2235
1138 2527
1139 1584
1139 2298
1139 2851
1140 1584
1140 1980
1140 2658
1141 1205
1141 2326
1141 2560
1142 1727
1142 2943
1143 1227
1143 2523
1143 2827
1144 2544
1144 2728
1145 1192
1146 1284
1146 1554
1147 1914
1147 2415
1148 1767
1148 1995
1149 2029
1150 1242
1150 2467
1150 2632
1151 1377
1152 1754
1152 1881
1152 2057
1152 2793
1153 2139
1154 1437
1154 1920
1155 1738
1155 1788
1155 2944
1156 2750
1156 2833
1157 1685
1157 1786
1157 2600
1157 2748
1158 1197
1158 1866
1158 2673
1159 1689
1159 1878
1160 2399
1160 2959
1161 1269
1161 1445
1161 1517
1161 1599
1161 2933
1162 2689
1163 1265
1163 1527
1164 2389
1164 3014
1165 2486
1165 2615
1165 2639
1166 2615
1167 1802
1167 2240
1168 1225
1168 2557
1168 2738
1169 2407
1170 2641
1171 1560
1171 2141
1172 1404
1172 2504
1173 1894
1173 1977
1173 2987
1174 2562
1174 2975
1175 2122
1176 2772
1176 2791
1176 2949
1177 1606
1177 1759
1177 2915
1178 2344
1179 1339
1179 2066
1180 1290
1180 2862
1181 1549
1181 2258
1182 1322
1182 1563
1182 2056
1183 2345
1183 2353
1184 1418
1185 1564
1185 1678
1185 1768
1185 2877
1186 1188
1186 1331
1186 3018
1187 1789
1187 1869
1189 1344
1189 2706
1191 1677
1191 1782
1191 1932
1192 2205
1192 2353
1193 1355
1193 1400
1194 1420
1194 1448
1194 2930
1195 2329
1195 2583
1196 1822
1196 2320
1196 2838
1196 2863
1198 1621
1198 2389
1198 2725
1199 1300
1199 1984
1200 1329
1200 1489
1200 1643
1200 2931
1201 1584
1201 2168
1201 2940
1202 2019
1202 2159
1203 2597
1204 1280
1204 2050
1205 1596
1205 2058
1206 1304
1206 1383
1206 1818
1206 2107
1206 2811
1207 2426
1208 1270
1208 2519
1209 1477
1209 1652
1209 1871
1209 2098
1209 2336
1209 2379
1209 2783
1210 1440
1210 1721
1211 1264
1211 1332
1211 2059
1211 2752
1211 3005
1212 2750
1212 2829
1213 1395
1213 1623
1213 1811
1213 2217
1213 2466
1213 2612
1214 1237
1214 1854
1214 2087
1215 1763
1215 2036
1215 2095
1215 2734
1215 2765
1215 2901
1216 1485
1216 1804
1216 2882
1216 2896
1216 2912
1217 1322
1217 1896
1218 1983
1218 2605
1218 2796
1219 1257
1219 2246
1220 1345
1220 1436
1220 2013
1220 2020
1220 2194
1221 1232
1221 1894
1221 2749
1222 1601
1223 1483
1223 1767
1223 2486
1224 1980
1226 1874
1227 2916
1229 2110
1229 3022
1231 1764
1231 2701
1231 2749
1232 1293
1232 2618
1232 3013
1233 2579
1234 1263
1235 2087
1235 2323
1235 2538
1236 1799
1236 2803
1237 2158
1238 2595
1238 2965
1238 3023
1239 1478
1239 2861
1240 1373
1240 2298
1241 1287
1241 2476
1243 1493
1243 1767
1244 1646
1244 2202
1244 2226
1244 2297
1244 2563
1244 2824
1245 2089
1245 2615
1245 2773
1246 1899
1246 2865
1246 2886
1247 1719
1247 2391
1247 2980
1248 1286
1248 2152
1249 1805
1249 2184
1250 1488
1250 1673
1250 2539
1250 2683
1250 2793
1251 1801
1251 2140
1251 2686
1252 1279
1252 2070
1252 2313
1253 1254
1253 1550
1253 2044
1253 2252
1253 2290
1253 2528
1253 2877
1253 2957
1255 1735
1256 2455
1256 2641
1257 1583
1257 2153
1258 1971
1258 2978
1259 1407
1261 2249
1261 2975
1263 2782
1265 1343
1265 1534
1266 1330
1266 1676
1266 1842
1266 2253
1266 2427
1266 2633
1267 1708
1267 2750
1267 3011
1268 1540
1268 2530
1269 2210
1269 2230
1270 1505
1270 2048
1270 2931
1271 1312
1271 1733
1271 2463
1272 1940
1272 2420
1272 2687
1272 2846
1273 2021
1273 2332
1275 1389
1275 2566
1276 1684
1276 1780
1276 2206
1276 2894
1277 1336
1277 2033
1277 2948
1278 1568
1278 1864
1278 2692
1278 2806
1279 2569
1279 2628
1280 1553
1281 2747
1282 2267
1283 1315
1283 2999
1284 1745
1284 1969
1284 1994
1284 2475
1284 2497
1285 2029
1285 2277
1285 2339
1286 2121
1286 2437
1286 2954
1286 2965
1287 1901
1287 2076
1287 2360
1287 2852
1288 1526
1288 2791
1289 1893
1289 1911
1289 2030
1289 2303
1289 2672
1289 3006
1290 1810
1290 2709
1290 2907
1291 1975
1291 2140
1292 1694
1292 1993
1293 2377
1293 3018
1294 1921
1294 2572
1294 2588
1295 2859
1295 2968
1296 2987
1297 1689
1297 2249
1297 2280
1298 2043
1298 3007
1299 1993
1300 1523
1300 1970
1301 1551
1301 1579
1301 2971
1302 2045
1303 2346
1303 2593
1304 2144
1304 2714
1306 1670
1306 1774
1306 2394
1307 2056
1307 2315
1308 1788
1308 2257
1308 2823
1309 1552
1309 1599
1309 1966
1309 2116
1309 2373
1310 2747
1311 1634
1311 2104
1312 2296
1313 1338
1313 1615
1314 1617
1314 1623
1314 1855
1314 2006
1315 1980
1316 2346
1316 2814
1316 2990
1317 1827
1318 1632
1319 1691
1319 1716
1319 1856
1319 2360
1320 1366
1320 1723
1320 1817
1320 2208
1320 2586
1321 2385
1321 2949
1322 1583
1323 1333
1323 1625
1323 1723
1323 1804
1323 1818
1323 2522
1323 2788
1323 2906
1324 1629
1324 2676
1324 2734
1324 2847
1324 2902
1325 1516
1325 1854
1326 1622
1326 1726
1326 2114
1327 1735
1328 1558
1328 2134
1329 1626
1330 2267
1330 2799
1331 1335
1331 1882
1331 2765
1332 1605
1334 2158
1334 2675
1335 2408
1335 2559
1336 2209
1336 2286
1336 2727
1337 1575
1337 2069
1338 1639
1338 2787
1338 3021
1339 1940
1339 2208
1339 2634
1339 2926
1339 3021
1340 1718
1340 2173
1341 2168
1341 2503
1342 2209
1343 1984
1344 1356
1344 2103
1344 2448
1344 2808
1344 2942
1344 2958
1345 1765
1346 1557
1346 2082
1346 2673
1346 2731
1346 2905
1347 2698
1347 2844
1348 2206
1348 2670
1348 2778
1349 1375
1349 1896
1350 3008
1351 1398
1352 2967
1353 2431
1353 2791
1354 2494
1356 1627
1357 2658
1357 2977
1358 1983
1358 2124
1358 2650
1359 1621
1359 1803
1359 2820
1361 1888
1361 2175
1362 1689
1362 2990
1363 1370
1364 1573
1364 1684
1364 1934
1366 1829
1367 1622
1367 1634
1367 2639
1368 1579
1368 1615
1369 2259
1369 2368
1370 1909
1370 1989
1371 1643
1372 1556
1372 1807
1372 2741
1374 1662
1374 2646
1375 1439
1375 2046
1375 2564
1376 1917
1376 3007
1377 1881
1378 2142
1378 2438
1378 2854
1378 2964
1379 1474
1379 2009
1379 2723
1380 1905
1380 2279
1380 2648
1380 2756
1381 1475
1381 1814
1382 1387
1382 2473
1382 2646
1383 1635
1383 2152
1384 1541
1385 1657
1385 1732
1385 1905
1386 1632
1386 1874
1386 2820
1387 2123
1387 2610
1388 2330
1388 2537
1389 1480
1389 1740
1390 2003
1390 2699
1391 1714
1391 2871
1392 1504
1392 1837
1392 2119
1392 2370
1393 1751
1394 2008
1394 2334
1394 2970
1395 2548
1395 2820
1396 1620
1396 1835
1397 2107
1397 2492
1399 2204
1399 2744
1400 2383
1401 1588
1401 1741
1401 2053
1401 2610
1401 2917
1402 2491
1402 2881
1403 1414
1403 1429
1403 2234
1403 2452
1404 2946
1405 2255
1406 1995
1406 2639
1406 2805
1407 1713
1407 2093
1407 2137
1407 2739
1408 1439
1408 1638
1408 2331
1408 2342
1408 2659
1409 1555
1409 2319
1409 2722
1411 1480
1411 1704
1412 2032
1412 2722
1413 2055
1413 2278
1415 2696
1415 2944
1416 2239
1416 2543
1417 1950
1417 2204
1417 2419
1418 1481
1418 1654
1418 2708
1418 2876
1419 1669
1419 2555
1419 2727
1420 1687
1420 2452
1421 1456
1421 1996
1421 2186
1421 2681
1421 2888
1422 1892
1422 2221
1422 2254
1422 2937
1423 1656
1423 2481
1424 1449
1424 1502
1424 1832
1424 2074
1425 2110
1425 2611
1426 1749
1426 1772
1426 2183
1426 2388
1426 2731
1426 2784
1427 1442
1427 1852
1427 2051
1427 2886
1427 3023
1428 2572
1428 2627
1428 2695
1429 2871
1429 2975
1430 1607
1431 1829
1432 2346
1432 2398
1433 2921
1434 2275
1435 1496
1435 1631
1436 2389
1436 3012
1437 1512
1437 2131
1437 2273
1437 2356
1437 2557
1438 2086
1438 2668
1438 2805
1440 2061
1440 2509
1441 2518
1442 1977
1442 2736
1443 2434
1444 2237
1444 2240
1445 2723
1446 1803
1446 2384
1446 2987
1447 2853
1448 2202
1448 2536
1448 2732
1449 2503
1449 2823
1451 1460
1451 1781
1451 1957
1452 1731
1452 2040
1452 2127
1453 2192
1453 2213
1454 1648
1454 1694
1455 1645
1455 2131
1456 2767
1457 2498
1457 2578
1458 2090
1458 2822
1459 2795
1460 1715
1460 1742
1461 1797
1462 2745
1463 1705
1463 2024
1464 1866
1464 2164
1464 2209
1464 2632
1465 1990
1466 2353
1466 3003
1467 1718
1467 1839
1468 1478
1468 1820
1468 2588
1469 1621
1469 2249
1470 2218
1470 2695
1471 1961
1471 3004
1472 1535
1472 1894
1472 2645
1473 3011
1474 1495
1474 2294
1474 2409
1474 2502
1474 2606
1474 2764
1475 1778
1475 1945
1475 3010
1477 2698
1478 2186
1478 2961
1479 1829
1479 2695
1480 1586
1481 2718
1481 2871
1482 2289
1483 1908
1483 1919
1483 1931
1483 2290
1483 2651
1483 2923
1483 2957
1484 2128
1484 2550
1485 2700
1486 1600
1486 1693
1486 1770
1486 2182
1486 2771
1487 2530
1488 2276
1489 2236
1490 1788
1490 2056
1490 2967
1491 1703
1491 1870
1491 2337
1492 2050
1492 2289
1493 2077
1493 2787
1494 2087
1494 2353
1494 2862
1495 2218
1495 2649
1496 2018
1496 2216
1496 2390
1496 2748
1497 1538
1497 2316
1497 2680
1498 1748
1499 1640
1499 1925
1499 2085
1500 2950
1500 3004
1501 2296
1502 2271
1502 2802
1503 2218
1503 2608
1504 2747
1505 1539
1505 1626
1506 2608
1507 1903
1507 2447
1507 2602
1508 1836
1509 2146
1510 2015
1510 2505
1511 2494
1511 2797
1511 2893
1512 2287
1513 2639
1513 2844
1514 1658
1514 2086
1514 2455
1515 3004
1516 1623
1516 2387
1517 2791
1518 1663
1518 1726
1519 2047
1519 2140
1519 2758
1520 1781
1520 3003
1521 2584
1522 2232
1523 1527
1524 2543
1524 2956
1525 2701
1526 1926
1526 2962
1527 1889
1527 1912
1528 2956
1529 1610
1529 1849
1530 1630
1530 2108
1530 2543
1531 1995
1531 2429
1532 2165
1533 2165
1535 1710
1535 1964
1535 2409
1535 2666
1536 2913
1537 2674
1537 2829
1537 2871
1539 1800
1539 2951
1540 1639
1540 2148
1540 2177
1540 2449
1540 2569
1540 2687
1541 1875
1541 2493
1541 2678
1541 2917
1542 2530
1542 2535
1543 2417
1543 2623
1544 2661
1544 2803
1545 1789
1545 2275
1546 2584
1546 2814
1546 2862
1547 1885
1548 1619
1548 2880
1548 2962
1549 1616
1549 2768
1550 2615
1550 2861
1551 2437
1551 2591
1553 1974
1553 2658
1554 2078
1554 2092
1554 2516
1555 2554
1558 2520
1559 2301
1559 2792
1559 2915
1560 1971
1561 2790
1563 1958
1563 2202
1563 2234
1563 2665
1564 2553
1564 2730
1565 1826
1565 2765
1565 2891
1565 3015
1566 2428
1566 2503
1566 2851
1567 2408
1568 2090
1568 2339
1569 1878
1569 2975
1570 1655
1570 1981
1570 2226
1571 1622
1571 1984
1571 2262
1572 1615
1572 1993
1572 2365
1574 2985
1575 2660
1576 2157
1576 2328
1576 2410
1576 2842
1576 2958
1577 1950
1578 2204
1578 2760
1579 1989
1579 2954
1580 2030
1580 2188
1580 2362
1580 2435
1580 2522
1580 2656
1580 2680
1580 2899
1581 1601
1581 2094
1581 2419
1582 2232
1582 2434
1584 1628
1584 2099
1585 2166
1585 2264
1585 2396
1586 1692
1586 2438
1586 2561
1587 1937
1587 2503
1588 2015
1588 2213
1589 2071
1589 2724
1590 1748
1590 2218
1591 2881
1591 2913
1592 1894
1592 2967
1593 2524
1594 1789
1595 2950
1596 1668
1596 2677
1597 2785
1597 2803
1598 1734
1598 1881
1598 1922
1598 2988
1601 2069
1602 1694
1603 2175
1603 2857
1605 2022
1605 2211
1605 2222
1605 2261
1605 2512
1606 1847
1607 2927
1608 1984
1609 2296
1609 2486
1610 1643
1610 2170
1610 2691
1610 2951
1611 1777
1611 2242
1611 2310
1612 2368
1612 3007
1613 2674
1614 1720
1614 2523
1616 2368
1617 1708
1618 2791
1619 2772
1619 2936
1620 2822
1620 2889
1621 2590
1621 2739
1622 2378
1622 2764
1624 1979
1624 2129
1624 2301
1624 2779
1625 1850
1627 2715
1628 2932
1629 2956
1630 1668
1630 2098
1630 2879
1631 1739
1631 2372
1631 2528
1632 1633
1632 1710
1632 2590
1632 2716
1634 2525
1634 2783
1635 1790
1635 1973
1635 2188
1635 2635
1636 2835
1636 2943
1637 1697
1637 1720
1637 2489
1638 2246
1640 1831
1640 1853
1640 2786
1641 2346
1641 2744
1642 1974
1642 2932
1642 2968
1644 1821
1645 2151
1647 2367
1647 2613
1647 2684
1647 2741
1647 2775
1648 2156
1649 2845
1650 2835
1651 2021
1651 2822
1651 2913
1653 1762
1653 2477
1653 2701
1655 2112
1656 1660
1656 2442
1657 2305
1657 2930
1658 1759
1658 1778
1658 1812
1658 1903
1658 2061
1658 2920
1659 1670
1659 2084
1659 2153
1659 2631
1661 2033
1661 2601
1661 2744
1662 1986
1662 2123
1662 2952
1662 2994
1663 2306
1665 2535
1665 2645
1665 2904
1666 1943
1666 2579
1667 2641
1667 2897
1669 1802
1669 2029
1670 2638
1671 2618
1672 1847
1672 2949
1673 2218
1674 2323
1674 2723
1675 1824
1675 2857
1676 2820
1677 2073
1677 2583
1678 2012
1679 1748
1679 2892
1680 1689
1680 2881
1681 1697
1682 2060
1682 2248
1682 2758
1682 2976
1683 2129
1683 2404
1683 2880
1683 2915
1685 2012
1686 2081
1687 3008
1688 2501
1689 2343
1689 2616
1689 2775
1689 2914
1690 1771
1690 1933
1690 2132
1690 2211
1690 3010
1691 2213
1692 2566
1693 2215
1694 1743
1694 1891
1695 2268
1696 1980
1697 2410
1697 2925
1698 2473
1698 2524
1700 1761
1700 1796
1700 2064
1700 2626
1701 2286
1701 2717
1702 2199
1702 2349
1702 2386
1702 2464
1702 2855
1702 3009
1703 2726
1704 2669
1704 2750
1705 2018
1706 2357
1707 2012
1707 2817
1708 1740
1708 2807
1709 1735
1709 2032
1710 2384
1711 1871
1711 2349
1711 2664
1712 3008
1713 2819
1714 2068
1715 1982
1715 2736
1716 1888
1716 2366
1717 1859
1717 2275
1717 2330
1718 1779
1718 1891
1718 2570
1718 2898
1719 2718
1720 1946
1720 2770
1721 2602
1721 2996
1722 2255
1722 2661
1723 2152
1724 2805
1725 2233
1726 2069
1726 2662
1727 2596
1727 2704
1728 2566
1728 2669
1729 2310
1730 2287
1730 2319
1731 2159
1731 2812
1732 1884
1733 2431
1733 2948
1734 2330
1734 2424
1735 2577
1735 2839
1736 2325
1736 2500
1737 1922
1737 2621
1738 1918
1738 1997
1738 2179
1739 2012
1740 2171
1741 2090
1742 2072
1744 1982
1744 2710
1745 1961
1745 2518
1746 2487
1746 3018
1747 1885
1747 2780
1748 2091
1748 2288
1748 2908
1750 2940
1751 2553
1751 3022
1752 1884
1752 2305
1752 2433
1753 2700
1753 3007
1754 2939
1755 2246
1757 2255
1757 2531
1758 2017
1758 2470
1758 2572
1759 2039
1761 2204
1762 1773
1762 3013
1764 1773
1764 2105
1764 3019
1765 2375
1766 2377
1766 2472
1766 2658
1767 1972
1767 2525
1767 2941
1767 2983
1768 2530
1769 1990
1769 2935
1770 2622
1771 2162
1771 2584
1772 1999
1772 2728
1773 2853
1774 2932
1775 2445
1777 2797
1780 2718
1781 1852
1781 1947
1781 2556
1783 2175
1784 2214
1785 1802
1785 1814
1786 3014
1788 1813
1788 2084
1789 2804
1790 2939
1791 1854
1791 1990
1792 2296
1792 2707
1793 2169
1793 2763
1793 2808
1794 2033
1794 2791
1796 1869
1796 1923
1797 2292
1797 2899
1798 1991
1798 2424
1798 2544
1799 1893
1799 2251
1799 2435
1799 2606
1799 2756
1800 1906
1801 2470
1802 2534
1802 2664
1802 2918
1802 2989
1803 2229
1803 2666
1803 2995
1804 2395
1806 2457
1807 2722
1808 2588
1809 2857
1810 1977
1810 2904
1811 1990
1811 2171
1812 2897
1813 2725
1814 2172
1814 2488
1815 1993
1815 2338
1816 2270
1819 2313
1820 2091
1820 2295
1820 2299
1820 2888
1821 1890
1821 2164
1821 2172
1821 2555
1823 2434
1824 1883
1824 2465
1824 3019
1825 2706
1826 2377
1826 2408
1827 2003
1827 2036
1827 2479
1827 2598
1827 2839
1828 2025
1828 2270
1828 2819
1829 2311
1829 2561
1829 2811
1830 2685
1830 2697
1831 2521
1832 2944
1833 2236
1834 1988
1835 1948
1835 2638
1836 2183
1838 2754
1838 2819
1839 2006
1841 2875
1842 2660
1843 2024
1843 2481
1844 2054
1844 2329
1845 2728
1846 2248
1847 1979
1847 2828
1847 2962
1848 1982
1848 2385
1849 1913
1849 1955
1849 2284
1849 2676
1849 2901
1850 2028
1850 2441
1850 2630
1850 2635
1850 2858
1851 2661
1851 2714
1853 2667
1853 2884
1855 1990
1855 2827
1856 2597
1856 2700
1858 2280
1858 2491
1859 1992
1860 2943
1861 2154
1861 2290
1861 2665
1861 2757
1862 1915
1862 2947
1863 2205
1863 2652
1866 2712
1867 2975
1869 2037
1869 2443
1869 2613
1869 2769
1869 2914
1870 2492
1872 2120
1873 1953
1874 1876
1874 1927
1874 2137
1874 2229
1875 2004
1877 1990
1877 2932
1878 2460
1879 2939
1879 3014
1880 2010
1880 2189
1880 2571
1882 2658
1883 2978
1884 2536
1885 2483
1885 2533
1885 2901
1887 2103
1887 2169
1887 2177
1888 2016
1888 2035
1888 2662
1888 2852
1888 2903
1889 2494
1891 2204
1896 2197
1898 2162
1898 2455
1899 2971
1900 2486
1900 2790
1900 2857
1901 2072
1902 2017
1902 2104
1902 2241
1903 2663
1904 2075
1904 2809
1906 2463
1906 2931
1907 2495
1907 2634
1907 2961
1908 2861
1910 2802
1910 2851
1911 2155
1912 1950
1912 2090
1913 2258
1913 2259
1914 1971
1915 2327
1915 2418
1916 2239
1917 2970
1918 2696
1918 2985
1919 2773
1920 2625
1921 2307
1921 2888
1923 2574
1923 2800
1924 2492
1924 2816
1924 2934
1925 2169
1925 2260
1925 2283
1925 2842
1926 2781
1926 2936
1927 2249
1928 2627
1928 3022
1930 2456
1930 2557
1930 2737
1930 2766
1931 2089
1931 2538
1932 2280
1933 2398
1933 2813
1935 2228
1935 2519
1936 2313
1937 2591
1937 2953
1938 2730
1940 2521
1941 2977
1942 2543
1943 2282
1943 2293
1944 2112
1944 2291
1944 2712
1946 2702
1947 2774
1948 2809
1949 2233
1949 2702
1950 2037
1950 2567
1951 2112
1951 2589
1952 2291
1953 2328
1953 2482
1953 2735
1954 1999
1954 2268
1955 2024
1956 2112
1956 2428
1957 2203
1957 2595
1957 2865
1958 2112
1959 2329
1959 2815
1960 2523
1960 2861
1961 2446
1961 2919
1961 2993
1962 2255
1963 2797
1965 2213
1965 2302
1967 2108
1968 2835
1969 2799
1971 2637
1972 2017
1974 2358
1974 2496
1974 2551
1974 2986
1975 2797
1975 2998
1976 2066
1976 2589
1976 2803
1977 2000
1978 2257
1978 2359
1978 2428
1980 2358
1981 2108
1982 2076
1982 2149
1982 2679
1984 2198
1985 2083
1986 2728
1987 2667
1988 2133
1988 2442
1991 1992
1995 2830
1995 2963
1996 2004
1996 2744
1997 2710
1997 2949
1998 2017
1998 2097
1998 2403
1999 2416
1999 2417
1999 2529
1999 2848
2000 2535
2001 2032
2002 2050
2002 2531
2004 2181
2004 2322
2004 2331
2005 2224
2005 2225
2005 2668
2006 2871
2007 2049
2007 2322
2007 2342
2007 2343
2007 2485
2007 2711
2008 2190
2009 2281
2009 2288
2009 2655
2009 2729
2009 2890
2010 3018
2011 2489
2011 2857
2013 2430
2014 2114
2015 2181
2015 2806
2017 2406
2021 2809
2022 2162
2024 2133
2024 2219
2025 2159
2025 2207
2025 2352
2025 2756
2025 2832
2026 2389
2027 2350
2028 2045
2028 2173
2029 2164
2029 2868
2030 2785
2031 2633
2033 2856
2033 2938
2034 2653
2034 2706
2035 2494
2037 2724
2038 2638
2038 2822
2039 2068
2039 2301
2041 2433
2041 2930
2042 2359
2042 2377
2044 2274
2044 2615
2045 2220
2046 2803
2047 2587
2048 2366
2048 2884
2049 2601
2049 2814
2050 2093
2051 2645
2052 2777
2052 2950
2053 2339
2053 2946
2054 2250
2054 2435
2054 2831
2055 2684
2056 2376
2056 2554
2056 2739
2057 2904
2058 2145
2058 2464
2058 2800
2059 2922
2060 3003
2062 2402
2063 2639
2064 2724
2065 2878
2065 2910
2066 2440
2066 2495
2066 2680
2067 2459
2067 3013
2070 2539
2070 2895
2071 2117
2071 2326
2071 2336
2071 2574
2071 2855
2071 3016
2072 2425
2072 2508
2073 2138
2073 2176
2074 2579
2074 2985
2075 2822
2077 2241
2077 2403
2078 2573
2078 2939
2079 2424
2080 2744
2081 2135
2081 2231
2081 2347
2081 2360
2083 2776
2085 2448
2085 2687
2085 2733
2086 2220
2087 2335
2087 2684
2088 2403
2089 2763
2090 2462
2091 2627
2092 2754
2094 2253
2094 2306
2095 2377
2095 2559
2097 2745
2097 2887
2099 2968
2100 2486
2100 2753
2101 2141
2101 2413
2101 2688
2102 2437
2102 2826
2102 3020
2105 2984
2106 2321
2106 2513
2108 2326
2108 2636
2109 2490
2110 2120
2110 2427
2111 2444
2111 2547
2112 2732
2112 2960
2115 2240
2115 2922
2117 2190
2118 2601
2118 2990
2122 2720
2123 2407
2124 2506
2126 2270
2126 3014
2127 2976
2128 2162
2129 2859
2130 2478
2130 2730
2132 3008
2134 2956
2135 2366
2136 2999
2137 2725
2142 2218
2142 2723
2143 2230
2143 2657
2144 2157
2144 2208
2144 2221
2144 2735
2144 2838
2145 2724
2146 2978
2147 2327
2149 2814
2149 2904
2151 2283
2151 2872
2151 2942
2152 2699
2153 2315
2154 2589
2155 2598
2155 2603
2155 2831
2157 2434
2160 2265
2160 2479
2160 2539
2160 2794
2160 3015
2161 2266
2161 3005
2163 2359
2163 2977
2167 2737
2168 2551
2172 2663
2173 2212
2173 2836
2173 2841
2174 2548
2175 2347
2175 2918
2176 2971
2177 2538
2178 2449
2178 2808
2178 2924
2179 2501
2180 2946
2182 3004
2183 2291
2184 2323
2185 2861
2186 2572
2191 2523
2193 2256
2193 2353
2193 2774
2194 2587
2194 2797
2195 2881
2195 2975
2197 2246
2198 2857
2199 2429
2201 2336
2201 2351
2201 2380
2201 2464
2201 2849
2203 2645
2203 2736
2204 2607
2210 2794
2210 2890
2210 2974
2212 2871
2212 3011
2214 2370
2215 2874
2215 2927
2215 2999
2217 2523
2218 2604
2218 2974
2219 2815
2219 2817
2223 2530
2224 2294
2224 2643
2225 2533
2226 2291
2227 2302
2227 2597
2228 2261
2228 2412
2228 2858
2228 2896
2229 2267
2230 2469
2232 2482
2232 2636
2232 2839
2233 2410
2233 2580
2234 2274
2235 2472
2236 2284
2237 2393
2238 2822
2238 2946
2239 2272
2239 2874
2240 2340
2240 2447
2241 2397
2242 2913
2243 2478
2244 2305
2245 2359
2246 2361
2246 2418
2247 2381
2247 2426
2248 2355
2249 2629
2254 2973
2256 2825
2256 2834
2257 2378
2257 2929
2258 2896
2260 2430
2262 2883
2263 2280
2265 2538
2266 2592
2267 2590
2267 2921
2268 2599
2269 2799
2269 2845
2272 2622
2273 2319
2274 2468
2274 2923
2276 2576
2276 2891
2277 2858
2277 2912
2278 2458
2278 2746
2278 2755
2278 2761
2279 2523
2281 2695
2282 2728
2284 2519
2285 2398
2287 2312
2287 2617
2289 2554
2291 2546
2293 2740
2295 2695
2295 2947
2297 2589
2298 2551
2299 2652
2300 2417
2300 2546
2300 2563
2300 2960
2300 2972
2303 2329
2304 2632
2304 2727
2305 2369
2308 2813
2308 3008
2309 2478
2309 2682
2309 2932
2310 2383
2312 2548
2312 2707
2313 2397
2313 2427
2314 2873
2315 2363
2316 2661
2317 2561
2319 2547
2319 2582
2320 2869
2321 2407
2321 2487
2322 2803
2323 2755
2323 2911
2324 2365
2327 2627
2328 2869
2329 2860
2331 2990
2332 2628
2332 2792
2333 2936
2333 2949
2335 2798
2337 2586
2337 2934
2339 2475
2339 2751
2340 2790
2341 2490
2344 2751
2345 2356
2345 2654
2346 2711
2346 2868
2347 2494
2348 2413
2351 2893
2352 2754
2352 3014
2353 2761
2354 2978
2354 2984
2356 2893
2357 2370
2357 2507
2357 2865
2357 3023
2358 2359
2361 2549
2362 2661
2363 2549
2364 2531
2365 2591
2366 2508
2366 2679
2366 2705
2366 2818
2366 2909
2367 2402
2368 2388
2369 2667
2369 2977
2371 2373
2371 2693
2371 3016
2372 2553
2373 2959
2374 2490
2374 2772
2375 2653
2376 2696
2379 2429
2380 2767
2381 2500
2382 3003
2383 2812
2384 2655
2384 2974
2387 2935
2389 2955
2389 2972
2390 2573
2390 2817
2392 2936
2393 2436
2395 2443
2395 2635
2395 2840
2396 2584
2399 2693
2400 2799
2400 2820
2401 2515
2401 2770
2404 2975
2405 2619
2405 2633
2406 2639
2408 2676
2409 2785
2411 2943
2412 2584
2414 2423
2415 2984
2419 2550
2420 2714
2421 2597
2421 2641
2421 2820
2422 2567
2422 2626
2422 2637
2423 2709
2425 2904
2428 2563
2430 2644
2430 2958
2433 2992
2434 2540
2434 2759
2436 2925
2439 2653
2439 2797
2444 2722
2446 2511
2446 2777
2449 2773
2450 2696
2451 2577
2452 2977
2453 2845
2454 2802
2454 2823
2458 2862
2459 2645
2459 2987
2460 2491
2461 2596
2461 2898
2461 2981
2465 2477
2467 2948
2472 2782
2473 2621
2474 2546
2474 2868
2476 2705
2480 2827
2481 2603
2484 2827
2485 2491
2487 2514
2489 2838
2489 2937
2490 2642
2490 2856
2491 2613
2491 2629
2493 2505
2493 2565
2494 3002
2495 2714
2498 2568
2499 2971
2501 2542
2501 3002
2504 2524
2504 2795
2505 2955
2506 2993
2509 2978
2510 2579
2510 2944
2512 2862
2513 2646
2514 2646
2515 2523
2517 2585
2518 2737
2518 2849
2518 2902
2519 2691
2521 2789
2522 2585
2524 2994
2528 2530
2529 2579
2529 2740
2530 2907
2531 2575
2532 2653
2533 2956
2535 2694
2537 2793
2538 2746
2538 2924
2538 2945
2540 2973
2541 2968
2543 2605
2543 2673
2543 2677
2545 2682
2552 2578
2558 2588
2558 2744
2560 2904
2560 2939
2562 2708
2562 2841
2565 2870
2567 2718
2569 2588
2571 2835
2572 2908
2575 2922
2578 2630
2578 2721
2581 2601
2581 3008
2583 2616
2583 2629
2584 2752
2584 2850
2585 2685
2588 2776
2592 2786
2592 2789
2594 2998
2597 2806
2597 2917
2597 2921
2600 2819
2600 2939
2604 2762
2605 2780
2606 2987
2608 2729
2609 2774
2615 2757
2615 2945
2615 2983
2617 2641
2617 2833
2620 2813
2624 2997
2625 2893
2630 2674
2631 2696
2634 2661
2636 2712
2637 2997
2639 2651
2640 2668
2644 2998
2647 2771
2648 2785
2653 2955
2656 3007
2657 2894
2657 2980
2658 2929
2658 2991
2659 2785
2661 2801
2663 2989
2663 2996
2666 2762
2668 2903
2669 2704
2671 2802
2675 2689
2675 2932
2678 3012
2681 2760
2683 2875
2686 3003
2690 2933
2692 2946
2694 2798
2695 2834
2698 2830
2699 2971
2703 2805
2706 2842
2709 2798
2710 2938
2716 2762
2716 2987
2720 2871
2726 2777
2728 2988
2730 3015
2733 2815
2740 2847
2743 2900
2747 3001
2752 2968
2755 2773
2759 2869
2760 2837
2761 2798
2762 2890
2772 2828
2773 2794
2774 2867
2777 2910
2779 2936
2780 3017
2781 2828
2785 2832
2785 2964
2788 2939
2796 2956
2803 2969
2805 2941
2807 2829
2819 2972
2821 2948
2825 3003
2829 2841
2834 2892
2844 2941
2848 2959
2851 2986
2863 2973
2869 2937
2870 3008
2879 2971
2885 2936
2908 2947
2940 2986
2964 2987
2966 2987
2969 2990
2971 3020
2978 3010
2981 3018
2990 3000
