360 720
0 42
0 104
0 134
0 143
0 237
0 251
1 41
1 170
1 244
2 137
2 330
2 332
3 59
3 197
3 321
4 5
4 27
4 85
4 115
4 167
4 203
4 264
4 287
5 37
5 316
6 194
6 206
6 239
7 170
7 236
7 292
8 35
8 47
8 104
8 120
8 195
8 210
8 211
8 285
9 105
9 123
9 228
9 240
9 251
9 253
9 301
9 358
10 112
10 147
10 208
10 298
11 58
11 90
11 249
12 29
12 158
12 208
12 212
12 223
12 291
13 124
13 146
13 150
13 243
13 300
13 353
14 32
14 63
14 70
14 92
14 134
14 211
14 240
14 281
15 45
15 74
15 75
15 114
15 148
15 339
16 68
16 154
16 189
17 153
17 164
17 256
18 151
18 252
18 256
19 50
19 100
19 196
20 269
20 271
20 304
21 235
21 249
21 347
22 116
22 231
22 284
23 43
23 96
23 97
23 121
23 181
23 250
23 291
23 315
24 58
24 226
24 330
25 100
25 230
25 303
26 44
26 100
26 170
27 103
27 209
28 68
28 304
28 309
29 317
29 324
30 99
30 139
30 224
31 190
31 215
31 329
32 80
32 299
33 100
33 220
33 224
34 58
34 116
34 200
35 173
35 231
36 61
36 196
36 234
37 55
37 199
37 225
38 56
38 91
38 131
38 150
38 222
38 248
38 272
38 300
39 229
39 231
39 323
40 190
40 197
40 342
41 64
41 227
41 278
41 311
41 322
42 116
42 164
43 163
43 234
44 60
44 73
44 205
44 331
44 348
45 310
45 352
46 103
46 110
46 316
47 161
47 174
48 120
48 132
48 143
48 150
48 159
48 228
48 241
48 353
49 98
49 122
49 191
50 127
50 263
50 291
50 297
50 307
50 327
50 354
51 153
51 224
51 254
52 64
52 83
52 202
52 327
53 129
53 215
53 238
54 209
54 324
54 344
55 68
55 258
56 153
56 256
57 189
57 196
57 276
58 281
59 166
59 242
59 263
59 274
59 318
60 99
60 357
61 201
61 213
61 217
61 275
61 311
62 90
62 152
62 332
63 164
63 231
64 81
65 133
65 280
65 314
66 151
66 317
66 328
67 89
67 238
67 321
68 184
68 192
68 193
69 116
69 299
69 332
70 174
70 332
71 140
71 190
71 254
72 206
72 224
72 310
73 200
73 347
74 249
74 276
75 197
75 280
76 129
76 170
76 321
77 206
77 230
77 254
78 175
78 258
78 269
79 180
79 310
79 343
80 176
80 245
80 296
81 142
81 166
81 210
81 228
81 308
82 196
82 236
82 314
83 279
83 314
84 226
84 276
84 343
85 151
85 209
86 119
86 122
86 342
87 198
87 314
87 352
88 119
88 321
88 329
89 101
89 242
89 308
90 245
90 312
91 137
91 161
92 200
92 214
93 189
93 191
93 347
94 131
94 132
94 157
94 241
94 248
94 325
95 100
95 164
95 323
96 182
96 340
97 122
97 187
98 108
98 141
98 165
98 172
98 223
98 307
98 319
99 112
99 233
99 265
99 289
99 336
99 338
100 117
100 334
100 335
101 170
101 215
102 155
102 196
102 269
103 126
103 171
103 183
103 193
103 294
103 336
104 185
105 161
105 299
106 119
106 215
106 256
107 164
107 206
107 329
108 163
108 340
109 195
109 272
109 295
109 358
110 138
110 158
110 219
111 113
111 129
111 198
112 249
113 120
113 202
113 242
113 253
113 322
114 155
114 226
115 139
115 317
116 268
116 285
116 296
116 301
117 238
117 292
118 175
118 189
118 304
119 135
119 306
119 337
121 174
121 316
122 156
122 207
122 318
122 339
122 350
123 185
123 231
124 125
124 229
125 132
125 149
125 157
125 160
125 243
125 260
125 295
126 324
126 342
127 180
127 198
128 159
128 237
128 240
128 285
128 335
128 351
129 166
130 170
130 226
130 303
131 185
133 142
133 297
133 322
134 284
135 140
135 310
136 197
136 198
136 215
137 245
137 295
138 139
138 342
139 179
139 184
139 273
139 282
139 283
140 188
140 203
140 218
140 227
141 299
141 316
142 194
143 323
144 224
144 236
144 303
145 194
145 238
145 244
146 229
146 303
147 177
147 344
148 180
148 254
149 206
149 256
151 192
151 204
151 261
151 270
151 331
152 160
152 176
152 272
153 201
153 260
153 278
153 355
153 359
154 247
154 255
154 264
154 267
154 290
154 326
154 348
155 179
155 193
155 277
155 346
156 190
156 316
157 173
158 209
159 231
160 161
162 190
162 244
162 310
164 351
165 174
165 342
167 180
167 244
168 234
168 239
168 349
169 170
169 220
169 249
170 218
171 317
171 328
172 187
172 197
173 251
173 300
174 296
174 358
175 186
175 275
176 330
177 204
177 212
177 261
177 267
177 348
178 244
178 328
178 352
179 288
180 188
180 274
181 299
181 342
182 319
183 276
183 288
184 276
185 243
186 187
186 239
187 213
187 259
187 338
188 328
189 232
189 270
189 338
189 346
190 341
191 250
191 265
191 275
191 286
192 269
194 201
194 202
194 218
195 299
196 313
197 250
197 306
197 356
198 308
198 350
199 288
199 304
200 233
203 352
204 292
205 236
205 238
206 222
206 293
206 311
207 280
207 343
208 252
209 255
209 273
210 229
211 323
212 235
213 271
214 268
214 302
214 312
215 318
216 309
216 316
216 328
217 340
217 349
219 317
219 344
220 246
220 320
220 325
220 353
221 238
221 249
221 303
222 329
223 314
224 294
225 328
225 342
226 289
226 298
226 312
226 320
227 238
229 237
229 248
229 253
229 325
230 246
230 283
230 336
230 355
232 258
232 271
233 292
234 319
235 266
235 289
236 246
236 305
236 351
236 354
238 320
239 278
239 286
239 313
241 303
244 337
247 252
247 292
249 277
249 302
252 266
252 326
252 331
254 337
254 345
255 328
256 267
256 293
256 341
257 258
257 288
257 309
259 269
259 347
260 329
261 329
262 269
262 276
262 349
263 352
264 317
265 269
266 344
268 357
269 290
270 288
271 286
273 328
274 314
277 343
279 297
279 339
279 356
280 327
281 357
282 316
282 324
283 347
284 293
284 305
284 335
284 359
287 309
287 342
288 290
292 333
294 347
298 347
301 323
302 330
305 323
306 316
307 344
310 355
313 340
314 315
314 334
315 344
321 341
321 350
326 329
329 359
333 347
333 357
334 349
343 345
343 356
345 352
346 349
349 354
