3456 6912
0 802
0 809
0 2666
1 561
1 728
1 1655
2 124
2 369
2 917
2 1023
2 1274
2 1818
2 2537
2 3260
3 217
3 453
3 522
3 1428
3 1778
3 1950
3 2150
3 2567
4 134
4 377
4 2551
5 277
5 446
5 990
5 2521
5 2850
5 2854
5 3042
5 3382
6 212
6 1828
6 3283
7 583
7 2676
7 3215
8 420
8 808
8 1814
9 1226
9 2315
9 3237
10 74
10 306
10 3164
11 57
11 265
11 640
11 2260
12 335
12 558
12 1001
12 1380
12 2073
12 2155
12 2540
12 3435
13 2429
13 3084
13 3152
14 676
14 2183
14 2914
15 271
15 1432
15 1674
15 1974
15 2347
15 2851
16 803
16 1275
16 1611
16 1900
16 1944
16 2005
16 2428
16 2811
17 724
17 944
17 2843
18 454
18 1325
18 2100
19 293
19 530
19 1347
19 2499
19 2904
19 3032
20 1507
20 2765
20 3329
21 1445
21 2020
21 2652
22 1731
22 2191
22 3385
23 575
23 1152
23 2342
24 1528
24 2675
24 3266
25 940
25 1051
25 1441
25 2588
25 3075
25 3264
26 1092
26 1482
26 2263
27 1294
27 1463
27 2354
28 96
28 2906
28 3015
29 552
29 578
29 1536
29 1863
29 2809
29 3024
30 1123
30 1126
30 1643
31 463
31 712
31 789
31 987
31 1668
31 1960
31 3078
31 3134
32 1445
32 1655
32 2385
33 375
33 454
33 3094
34 155
34 2857
34 3081
35 1514
35 1901
35 2043
36 1608
36 2408
36 2627
37 141
37 910
37 2309
38 920
38 1712
38 2712
39 967
39 1084
39 1256
40 298
40 1303
40 1980
41 368
41 2058
41 2333
42 210
42 258
42 2385
43 211
43 248
43 1376
43 1602
43 1756
43 2013
43 2752
43 3372
44 145
44 1804
44 2559
45 588
45 957
45 2222
46 869
46 1576
46 1645
46 2397
46 2611
46 2805
46 2913
46 3221
47 108
47 1277
47 1494
47 1498
47 1795
47 2497
48 282
48 2438
48 3319
49 1582
49 2047
49 2535
50 365
50 1007
50 1176
50 1238
50 2168
50 2953
51 269
51 649
51 1646
51 1728
51 2071
51 2122
51 2161
51 2800
52 1174
52 1214
52 2958
53 966
53 3025
53 3282
54 1630
54 2966
54 3139
55 129
55 458
55 553
55 1186
55 1215
55 1558
55 2733
55 2740
56 81
56 1264
56 1764
57 2264
57 2720
58 936
58 1452
58 3399
59 726
59 2652
59 3076
60 1599
60 2638
60 3418
61 1995
61 2772
61 3389
62 220
62 1247
62 1437
62 1756
62 1767
62 1796
62 2584
62 3162
63 984
63 1287
63 3178
64 977
64 2472
64 3186
65 1390
65 1571
65 1829
65 2174
65 2572
65 3250
66 2090
66 2280
66 3369
67 2423
67 3094
67 3124
68 815
68 1541
68 1872
69 774
69 2022
69 2317
70 699
70 926
70 1707
70 2680
70 2738
70 3233
71 980
71 3271
71 3330
72 2086
72 2337
72 2342
73 86
73 949
73 1698
74 618
74 1951
74 3361
75 141
75 1514
75 3170
76 967
76 1600
76 1810
77 258
77 2574
77 2966
78 1082
78 1206
78 2536
79 1029
79 2550
79 3082
79 3093
80 252
80 1323
80 1354
80 2686
81 380
81 682
81 1381
81 2008
81 2648
81 2974
81 3165
82 141
82 2043
82 3106
83 1894
83 1920
83 2214
84 1758
84 2066
84 2504
84 2909
85 670
85 1608
85 3146
86 585
86 614
86 661
86 1744
86 1908
87 564
87 1504
87 2679
88 739
88 1121
88 1129
89 735
89 1213
89 1596
89 1680
89 1851
89 2272
90 2354
90 2462
90 2941
91 1605
91 2444
91 3188
92 438
92 1253
92 2821
93 480
93 743
93 1849
93 2372
94 212
94 258
94 454
95 921
95 2035
95 3076
96 631
96 1304
96 1398
96 1722
96 1752
96 1994
96 2389
97 247
97 300
97 2312
98 531
98 1086
98 2312
99 260
99 1124
99 1433
99 2044
100 1482
100 1980
100 2246
101 458
101 1357
101 2329
101 2403
102 873
102 2278
102 2288
102 2919
103 199
103 809
103 1485
104 190
104 339
104 510
104 817
104 2153
104 2690
104 2932
104 3260
105 1695
105 2408
105 3223
106 249
106 590
106 716
106 1328
106 2140
106 2406
106 2890
106 2916
107 1072
107 1446
107 1694
107 2030
107 2519
107 2986
108 2231
108 3167
109 2496
109 2623
109 3070
110 1067
110 2653
110 3210
111 851
111 1191
111 1419
111 1670
111 1742
111 1921
111 2068
111 3149
112 122
112 300
112 666
113 475
113 615
113 3039
114 312
114 1215
114 1418
114 3230
115 1179
115 1389
115 2193
115 2871
115 3030
115 3157
116 204
116 2197
116 3168
117 424
117 1175
117 1230
117 1338
117 2904
117 3021
117 3060
117 3254
118 354
118 1043
118 1496
118 1724
118 1812
118 2543
118 2599
118 3340
119 450
119 1505
119 2991
120 956
120 992
120 2853
121 247
121 680
121 2539
122 1341
122 1870
122 1937
122 2005
122 2327
123 1464
123 1465
123 2708
124 1600
124 3109
125 1828
125 2172
125 2794
126 436
126 496
126 605
126 1229
126 1971
126 2304
126 2441
126 2957
127 1312
127 2853
127 2869
128 323
128 1776
128 3439
129 1334
129 3106
130 537
130 1669
130 2423
131 1399
131 3349
131 3439
132 136
132 2776
132 2860
132 2937
133 410
133 1284
133 3016
134 287
134 701
134 1094
134 2326
134 2380
134 2635
134 2852
135 697
135 1743
135 1925
136 451
136 2334
137 627
137 3044
137 3427
138 575
138 1442
138 3076
139 429
139 1868
139 2008
139 2841
140 946
140 2593
140 2682
141 2365
141 2934
141 3121
142 1346
142 1464
142 3399
143 786
143 1574
143 1646
143 1848
144 2263
144 2944
144 3004
145 1034
145 1575
145 1928
145 2143
145 2940
146 1578
146 3401
146 3433
147 2476
147 2618
147 2956
148 715
148 1962
148 2179
149 708
149 1004
149 2818
150 1103
150 1252
150 2489
151 653
151 2303
151 2425
151 3104
152 739
152 1766
152 1845
153 250
153 705
153 1652
153 1817
153 2386
153 2474
153 2498
153 3426
154 396
154 1047
154 1061
154 1432
155 2643
155 3067
155 3071
156 353
156 1017
156 1313
157 1143
157 1303
157 3271
158 328
158 1846
158 1853
158 2051
158 2084
158 2165
159 352
159 2203
159 3407
160 419
160 1381
160 1918
160 2210
160 2590
160 2933
161 1465
161 1560
161 2177
162 1887
162 2476
162 2622
163 298
163 1092
163 1209
164 706
164 2286
164 2692
165 664
165 1318
165 3243
166 916
166 1821
166 2608
167 739
167 871
167 1206
168 694
168 2345
168 3395
169 651
169 2561
169 3326
170 697
170 2274
170 2888
171 321
171 599
171 1317
172 640
172 773
172 2207
172 2365
172 2481
172 2918
172 2992
172 3218
173 1520
173 2306
173 3178
174 779
174 1707
174 2038
174 3334
175 376
175 2018
175 2043
176 403
176 888
176 1688
176 2900
177 231
177 241
177 1103
178 308
178 826
178 1273
178 2344
178 2972
178 3311
179 924
179 2177
179 3089
180 2047
180 2222
180 2379
181 199
181 946
181 1309
182 1321
182 2487
182 2824
183 1650
183 2444
183 2561
184 939
184 2080
184 2337
185 204
185 911
185 2194
186 678
186 1521
186 3309
186 3405
187 2038
187 2192
187 2780
187 3411
188 1033
188 1140
188 2198
189 1485
189 2022
189 3111
190 1089
190 1294
191 760
191 1591
191 1706
191 2107
191 2249
191 2543
192 676
192 2076
192 3402
193 2262
193 2305
193 3005
194 627
194 1129
194 2666
195 1006
195 1321
195 1768
196 502
196 1616
196 3111
197 1048
197 2241
197 2259
198 247
198 687
198 1473
199 866
199 937
199 2697
199 3064
200 331
200 496
200 1270
200 1617
200 2397
200 3093
201 687
201 1808
201 1968
202 1059
202 1517
202 3446
203 426
203 2367
203 3172
204 898
204 1081
204 2030
204 2390
204 2613
204 3358
205 253
205 1157
205 3027
206 602
206 619
206 743
206 923
206 1704
206 2549
207 481
207 1139
207 2941
208 1747
208 3348
208 3376
209 443
209 837
209 1268
209 1951
210 305
210 433
210 542
210 1592
210 2619
211 1137
211 1925
212 276
212 305
212 1383
212 2875
213 413
213 680
213 2430
214 2246
214 2433
214 2482
215 240
215 367
215 874
215 1692
215 1880
215 3421
216 1057
216 1697
216 2222
217 894
217 1810
218 795
218 2194
218 2423
219 666
219 1059
219 1711
220 452
220 2674
221 3267
221 3330
221 3414
222 1877
222 2358
222 2995
223 2515
223 2657
223 3094
224 437
224 487
224 2290
225 1750
225 2231
225 2305
226 583
226 1093
226 2535
227 296
227 620
227 1523
228 1628
228 2179
228 2334
229 327
229 622
229 1461
229 2006
229 2205
229 2715
229 3086
229 3388
230 776
230 1151
230 1510
230 2509
230 2688
230 2768
231 2710
231 3387
231 3388
232 1444
232 2255
232 2633
232 3104
233 237
233 1642
233 2196
233 2940
234 1011
234 1017
234 2112
235 627
235 1845
235 1862
236 2264
236 2654
236 3243
237 1096
237 3374
238 1201
238 1691
238 2167
239 852
239 1530
239 2570
239 3059
239 3143
239 3180
240 863
240 2318
241 1461
241 2945
241 3008
241 3116
241 3136
242 290
242 928
242 1131
242 1971
242 2871
242 3061
242 3074
242 3302
243 894
243 1084
243 2573
244 1815
244 2638
244 2692
245 557
245 875
245 1237
245 3229
246 612
246 850
246 896
246 1589
246 1594
246 2836
246 2875
246 3036
247 736
247 839
247 1771
247 2552
247 2597
248 1107
248 2182
249 319
249 1882
250 936
250 1373
251 462
251 823
251 1056
251 1068
251 1468
251 2665
251 2935
251 3064
252 1077
252 2467
253 273
253 1358
253 1587
253 1654
253 2105
253 2168
253 3227
254 374
254 2791
254 3252
255 442
255 619
255 2127
255 2370
255 2372
255 3346
256 1766
256 2003
256 2772
257 533
257 907
257 2266
257 2891
258 466
258 695
258 1739
258 1914
258 1947
259 482
259 1990
259 2234
260 1990
260 2169
261 1104
261 2614
261 2751
261 3142
262 754
262 1695
262 2996
263 1552
263 2077
263 2430
264 349
264 548
264 3187
265 1057
265 1514
266 1872
266 2856
266 3427
267 941
267 1109
267 1913
268 468
268 2019
268 3222
269 1086
269 1483
270 369
270 434
270 1939
270 2416
270 2899
270 3137
271 883
271 1686
272 1808
272 2077
272 2273
273 3011
273 3182
274 742
274 2893
274 3232
275 1118
275 1990
275 2354
276 1655
276 2310
277 2142
277 2924
278 661
278 720
278 725
278 1019
278 1880
278 2717
278 2868
278 2910
279 1244
279 1545
279 2582
280 747
280 901
280 1422
281 1934
281 2406
281 2787
281 3317
282 1009
282 2119
282 2819
283 571
283 2307
283 3085
284 546
284 1866
284 2050
284 2303
284 2671
284 3430
285 1911
285 2673
285 2753
286 1089
286 1110
286 1296
287 1378
287 1894
288 1040
288 3111
288 3356
289 883
289 1422
289 1464
290 1163
290 1616
291 1247
291 1359
291 2646
291 2892
291 3042
291 3195
292 450
292 758
292 801
293 2563
293 3267
294 626
294 1934
294 2300
294 2835
295 464
295 932
295 1762
296 498
296 826
296 1065
296 1374
296 1679
296 1784
296 2817
297 720
297 885
297 1081
297 2250
297 2279
297 2580
298 448
298 650
298 775
298 1607
299 744
299 1480
299 2367
300 394
300 1275
300 1535
300 1593
300 2133
300 2738
301 816
301 2424
301 3212
302 413
302 564
302 945
303 502
303 710
303 2217
304 752
304 1280
304 2060
304 2661
304 2937
304 3387
305 516
306 535
306 834
306 899
306 1790
306 2129
306 2503
306 3193
307 1519
307 2687
307 2853
308 2203
308 2408
309 1127
309 1197
309 1274
309 1415
309 1869
309 2029
310 1776
310 2775
310 3375
311 1138
311 2218
311 2687
312 807
312 1737
313 967
313 2669
313 3027
314 405
314 1294
314 2905
315 840
315 1011
315 2707
316 1224
316 1459
316 3384
317 1452
317 2554
317 2708
318 505
318 1582
318 2307
319 499
319 1875
319 2522
319 2550
319 2645
320 1096
320 1962
320 2929
321 1091
321 1106
321 2141
322 2009
322 2022
322 2241
323 1146
323 1338
323 2734
323 3080
323 3359
324 1529
324 3181
324 3422
325 714
325 1879
325 2986
325 3105
326 1334
326 1803
326 2573
327 508
327 2720
328 1727
328 1750
329 545
329 1524
329 1715
329 2225
329 2614
329 3194
330 708
330 1472
330 2263
331 2093
331 3447
332 505
332 1252
332 2561
333 580
333 1309
333 1404
334 1505
334 1822
334 3148
335 620
335 3262
336 2589
336 2631
336 3010
337 950
337 1542
337 3012
338 531
338 1716
338 2335
339 2736
339 2884
340 1852
340 2749
340 2970
341 537
341 595
341 1603
342 577
342 1459
342 2028
343 1014
343 1310
343 2445
343 3123
344 1845
344 2429
344 2539
345 1567
345 1838
345 3164
346 1010
346 1053
346 2013
346 3263
347 643
347 2244
347 3326
348 414
348 2650
348 2676
349 570
349 625
349 738
349 1474
349 1795
349 1906
349 3033
350 2200
350 2699
350 3255
350 3453
351 1256
351 2086
351 2682
352 1030
352 1272
352 1671
352 2564
352 2658
353 1562
353 1726
353 2261
353 2700
353 2975
353 3105
353 3194
354 1123
354 1647
355 548
355 2615
355 3012
356 1184
356 2673
356 2749
357 1462
357 2335
357 2651
358 362
358 594
358 788
358 2099
359 2413
359 2579
359 2785
359 2973
360 1560
360 1567
360 3185
361 2515
361 2551
361 2574
362 1324
362 3119
363 461
363 744
363 3172
364 736
364 1144
364 1434
364 1524
364 2079
364 2434
364 2803
364 3235
365 1488
365 3356
366 1024
366 1371
366 3141
367 475
367 2615
368 995
368 1612
368 2959
369 1086
370 2341
370 2991
370 3068
371 928
371 935
371 1207
371 1218
371 1270
371 1395
371 3153
371 3332
372 1588
372 1873
372 2028
373 474
373 1126
373 2234
374 538
374 1066
374 2598
374 2984
374 3069
374 3276
374 3435
375 1357
375 1418
375 1468
375 1515
375 2619
375 2659
375 3065
376 800
376 1949
376 3408
377 1047
377 1392
377 1651
377 1679
377 1739
377 3177
377 3370
378 1387
378 1396
378 3088
379 1634
379 2443
379 2493
380 1254
380 2112
381 1139
381 1655
381 3081
382 1472
382 2246
382 2944
383 1852
383 2214
383 3190
384 894
384 2559
384 3396
385 1588
385 1874
385 3004
386 773
386 844
386 2170
386 2501
387 1334
387 1972
387 3298
388 1110
388 1488
388 2546
389 1373
389 1483
389 2443
390 2142
390 2191
390 2286
391 1309
391 1318
391 1566
392 634
392 965
392 3447
393 632
393 1430
393 2054
393 2532
394 792
394 1150
395 550
395 1468
395 1629
395 1736
395 2629
395 2828
396 2072
396 2574
397 1184
397 1810
397 2966
398 700
398 2146
398 3446
399 1150
399 2778
399 3211
400 919
400 2280
400 3200
401 1321
401 2237
401 3019
402 1334
402 1514
402 1557
403 1378
403 1931
404 678
404 873
404 976
404 1108
404 1685
404 1843
404 1961
404 2934
405 1054
405 1326
405 2426
405 2537
405 2918
405 2947
405 3379
406 1067
406 1828
406 2142
407 1017
407 2582
407 3349
408 812
408 1236
408 2058
409 954
409 2190
409 2375
410 737
410 1261
410 1965
410 2481
410 2954
411 1122
411 1412
411 2994
412 420
412 1852
412 3083
413 469
413 787
414 2149
414 2165
414 2979
415 1327
415 1572
415 1590
415 1625
415 1751
415 2592
415 2693
415 3434
416 1529
416 3171
416 3186
417 426
417 3139
417 3232
418 936
418 1987
418 2546
419 2214
419 2767
420 566
420 688
420 2587
420 2590
420 2771
420 2776
421 1196
421 1674
421 1883
421 2015
422 2554
422 2673
422 2761
423 604
423 1168
423 2133
423 2591
424 1716
424 3385
425 754
425 965
425 2991
426 1363
426 1597
426 2037
426 2407
426 3323
426 3442
427 976
427 1081
427 1278
427 1426
427 1577
427 1611
427 2351
427 2896
428 754
428 2991
428 3085
429 636
429 980
430 1873
430 1894
430 2513
431 1506
431 2327
431 2678
431 2746
432 3010
432 3040
432 3367
433 1737
433 3094
434 1472
434 3398
435 1517
435 1787
435 3174
436 1581
436 1794
437 460
437 762
437 1393
437 1807
437 2965
437 3073
437 3234
438 1187
438 1220
438 2915
438 2981
438 3130
438 3158
438 3290
439 493
439 867
439 2857
440 1997
440 2769
440 2804
441 1171
441 1214
441 2111
442 2884
442 3197
443 728
443 2857
444 1665
444 2239
444 3188
445 2804
445 2897
445 3324
446 706
446 3211
447 706
447 2115
447 3039
448 1421
448 2912
449 1698
449 1873
449 3303
450 1623
450 1792
451 2283
451 2369
451 2415
451 2661
451 2715
451 2838
451 2916
452 567
452 602
452 892
452 1376
452 1477
453 2282
453 2473
454 1142
454 1626
454 2081
455 977
455 2444
455 2600
456 1715
456 1859
456 2360
456 3365
457 581
457 1339
457 1457
457 1830
458 3152
459 1422
459 1601
459 2869
460 748
460 2028
461 543
461 1363
461 2601
462 1737
462 3320
463 1440
463 3010
464 793
464 1144
464 1162
464 1859
464 3142
464 3205
464 3345
465 2004
465 2093
465 3170
466 1613
466 1890
467 1126
467 2169
467 3266
468 778
468 848
468 923
468 1100
468 1263
468 1336
468 2982
469 1473
469 2273
470 484
470 3068
470 3214
471 1733
471 1913
471 2865
472 1408
472 2350
472 2714
472 3342
473 1143
473 2198
473 2254
474 990
474 1398
474 1532
474 1619
474 1672
474 2892
474 3095
475 881
475 988
475 1232
475 1409
475 1908
475 3024
476 2545
476 3415
476 3437
477 2115
477 2126
477 3167
478 2575
478 2812
478 2843
479 881
479 1145
479 1494
479 1840
480 2001
480 2287
481 1532
481 1994
481 3067
482 2253
482 2883
482 3133
483 857
483 1901
483 2264
484 628
484 1027
484 1342
484 1415
484 3137
485 599
485 2884
485 3172
486 513
486 1539
486 1848
486 1914
486 1941
486 2951
487 1001
487 1008
487 1919
487 2774
487 3145
488 1702
488 2528
488 2906
489 691
489 1267
489 2815
489 3058
490 1644
490 3375
490 3391
491 1987
491 2769
491 3118
492 1351
492 2237
492 2487
493 931
493 1460
493 1833
493 1905
493 2400
494 526
494 569
494 631
494 1018
494 1941
494 2352
494 2374
494 2602
495 1485
495 1813
495 3128
496 1016
497 579
497 1092
497 2905
498 1603
498 2969
499 3211
499 3314
500 2004
500 3109
500 3407
501 1560
501 1844
501 1985
502 682
502 1179
502 2677
502 3253
503 1412
503 2132
503 2335
504 1343
504 2653
504 3089
505 813
505 1619
505 1706
505 2188
505 2945
505 3245
506 2111
506 2956
506 3118
507 991
507 2536
507 2804
508 1322
508 1717
508 2279
508 2605
508 3277
509 724
509 840
509 1120
510 971
510 3407
511 965
511 1856
511 3214
512 780
512 918
512 2045
512 2694
513 1483
513 3188
514 802
514 1733
514 2573
515 1459
515 2290
515 2608
516 639
516 1522
516 1539
516 1626
516 1927
516 1970
516 3177
517 627
517 2126
517 3282
518 739
518 2072
518 2166
519 833
519 1750
519 2676
520 2721
520 2978
520 3375
521 620
521 1603
521 2818
522 571
522 1334
523 567
523 640
523 844
523 872
523 1774
523 2605
523 3086
523 3154
524 974
524 2023
524 2831
524 2954
525 1302
525 1325
525 2076
526 962
526 2858
527 1472
527 1874
527 3140
528 1118
528 2076
528 2845
529 700
529 867
529 1897
530 1122
530 2295
531 884
531 1175
531 2091
531 3198
532 919
532 1318
532 2977
533 2606
533 2711
534 1044
534 2775
534 3391
535 1300
535 3353
536 783
536 885
536 1045
536 1639
536 2370
536 2910
536 3006
536 3284
537 1775
537 2847
538 2090
538 3087
539 1129
539 1466
539 1485
540 687
540 871
540 1872
541 650
541 786
541 1042
541 2951
542 1325
542 2172
543 564
543 3185
544 758
544 929
544 3110
545 952
545 2640
546 815
546 2065
547 1163
547 1691
547 2217
548 1145
548 1449
548 1641
548 2926
549 723
549 1823
549 3107
550 1697
550 2761
551 894
551 3146
551 3298
552 1224
552 3101
553 943
553 3088
554 708
554 723
554 1834
555 2704
555 2869
555 3122
556 1353
556 2995
556 3016
557 2551
557 3063
558 2179
558 2711
559 1036
559 1616
559 2126
560 1557
560 1664
560 3088
561 769
561 1073
561 3361
562 1405
562 2072
562 2912
563 636
563 1764
563 2224
564 718
564 2470
564 2471
565 697
565 2111
565 2248
566 1254
566 2767
567 1505
568 1217
568 2106
568 3241
568 3434
569 635
569 1702
570 694
570 1526
571 1039
571 1661
571 2296
571 3000
572 613
572 1394
572 1953
572 2338
572 2514
572 3360
573 697
573 1831
573 2931
574 1170
574 1256
574 2513
575 716
575 855
575 1015
575 1189
575 2300
575 3381
576 1942
576 2749
576 3366
577 2421
577 2965
577 3160
578 949
578 1183
579 1453
579 2877
579 3115
580 1623
580 2464
580 2612
580 2644
580 3335
581 1793
581 2316
582 1757
582 2391
582 3455
583 1180
583 1853
583 1910
583 2332
583 2919
583 3405
584 1608
584 1856
584 2996
585 863
585 2542
586 1089
586 1822
586 3197
587 1755
587 2526
587 3267
588 1554
588 2119
588 2437
588 2512
588 3325
589 998
589 1803
589 3085
590 1814
590 3389
591 768
591 2132
591 2925
592 835
592 893
592 2102
592 2813
593 1791
593 2435
593 3375
594 868
594 2011
595 2446
595 2571
595 2982
596 754
596 2247
596 2320
597 1653
597 3097
597 3373
598 895
598 2358
598 2673
599 1891
599 2565
600 2154
600 2625
600 2717
600 2722
600 2898
600 3162
600 3277
600 3397
601 1804
601 2227
601 2994
602 1057
603 1132
603 2712
603 3415
604 1011
604 2842
605 956
605 2482
606 1095
606 1166
606 2833
606 3227
607 833
607 2299
607 2723
608 883
608 1804
608 3326
609 1199
609 1402
609 1778
609 1842
609 1871
609 2187
609 3213
609 3441
610 1845
610 2666
610 3025
611 1206
611 3148
611 3324
612 2455
612 2977
613 1719
613 2034
614 2115
614 2615
615 820
615 1198
615 2089
615 2442
615 2809
615 2850
615 3400
616 1004
616 1932
616 2203
617 1542
617 2778
617 3349
618 2375
618 3294
619 2463
620 827
620 830
620 1675
620 2577
620 2928
621 2426
621 2684
621 2877
621 2993
622 1814
622 3389
623 1507
623 1653
623 3344
624 1820
624 3027
624 3212
625 2086
625 3395
626 1031
626 1563
627 1196
627 1540
627 2737
627 2927
628 1439
628 2991
629 1115
629 1935
629 3139
630 664
630 2745
630 2977
631 713
632 1033
632 1649
633 807
633 1628
633 3315
634 1080
634 1269
634 1855
634 2475
634 2664
634 2785
634 2988
635 862
635 1344
635 1752
635 1938
635 2102
636 907
636 2783
637 977
637 1516
637 1665
638 865
638 3010
638 3118
639 1537
639 2794
641 1832
641 3118
641 3320
642 883
642 957
642 2053
643 968
643 1430
643 2045
644 950
644 2713
644 2978
645 726
645 1152
645 2473
646 1036
646 2767
646 2930
647 1903
647 2240
647 2689
647 2732
648 1497
648 2317
648 2484
649 2041
649 3377
650 3169
651 780
651 2048
651 2054
652 1306
652 1459
652 2318
653 1793
653 1968
654 999
654 1210
654 2858
655 1020
655 1820
655 3373
656 2134
656 2233
656 2908
656 2993
657 865
657 1834
657 1997
658 2115
658 2247
658 2315
659 1239
659 2282
659 2767
660 2116
660 2141
660 2498
660 2976
661 1464
662 685
662 2753
662 2995
663 1835
663 2488
663 3171
664 1228
664 2581
664 2598
664 2801
665 1665
665 2561
665 3101
666 903
666 1097
666 1556
666 1958
666 2351
666 3206
667 952
667 1306
667 3141
668 1912
668 1999
668 2163
668 2242
668 2479
668 2770
668 3285
668 3445
669 1021
669 3155
669 3376
670 1478
670 1721
670 2071
670 2432
670 2716
671 2582
671 2778
671 2983
672 1075
672 1411
672 2017
672 2266
672 2783
672 3276
673 1344
673 1349
673 1631
673 2377
673 2504
673 3098
674 1762
674 2466
674 2987
675 1354
675 3029
675 3147
675 3378
676 1072
676 1315
676 1426
676 1806
676 2555
676 2580
677 920
677 2545
677 2696
678 1512
679 1109
679 1330
679 1520
680 2039
680 2223
680 2917
680 3417
681 867
681 2880
681 2914
682 2925
683 2313
683 3076
683 3398
684 906
684 2535
684 3349
685 737
685 989
685 2202
686 1313
686 1497
686 3402
687 1709
687 1866
687 1889
687 2255
687 3417
688 1920
688 2311
689 1779
689 2575
689 3366
690 1287
690 1330
690 2484
691 2487
691 2727
692 724
692 2076
692 2209
693 777
693 1236
693 3427
694 2026
694 2258
694 2404
694 2949
695 2349
695 2989
696 1475
696 2535
696 2596
697 915
697 2927
698 1555
698 2011
698 2422
699 1118
699 1120
700 1479
700 3289
700 3404
700 3426
701 2311
701 2387
702 1156
702 1736
702 2138
702 2420
703 1002
703 1150
703 1169
704 1834
704 2589
704 3367
705 1024
705 2701
706 1861
706 2292
706 2610
706 3024
706 3161
707 741
707 1024
707 3415
708 749
708 826
708 1667
708 2414
708 2907
709 860
709 1720
709 3084
710 856
710 1099
710 1666
710 2610
710 2685
710 2872
710 3400
711 1123
711 1874
711 2312
712 1567
712 2593
713 1559
713 2265
713 2813
713 3098
713 3288
714 3120
714 3402
715 1919
715 3208
715 3244
716 1519
717 1567
717 2247
717 2375
718 2337
718 2535
719 894
719 1656
719 1687
720 3197
721 1209
721 1980
721 2523
722 1221
722 1614
722 2804
723 822
723 1141
724 1231
724 1390
724 1540
724 1551
724 1860
725 1253
725 3391
726 1328
726 2787
727 912
727 1157
727 1343
728 1790
728 2790
729 1267
729 1723
729 1936
729 2537
729 2684
729 3379
730 853
730 1370
730 1963
731 2354
731 2674
731 2826
732 1116
732 1210
732 2766
733 906
733 939
733 2983
734 916
734 2638
734 3222
735 1813
735 2241
736 3110
737 3232
738 1595
738 1691
739 1781
739 1876
739 2917
739 2998
740 1252
740 2221
740 2826
741 753
741 1479
741 1547
741 1586
741 1837
741 2116
741 2396
742 974
742 1458
742 1640
742 1841
742 3345
743 1822
744 847
744 1350
744 2085
744 2656
744 2799
744 3009
745 1116
745 2978
745 3439
746 2019
746 2197
746 2638
747 814
747 1280
747 1380
747 2104
747 3208
747 3403
747 3445
748 831
748 1809
748 3028
749 3010
749 3226
750 964
750 1337
750 1590
750 2839
751 2244
751 2444
751 3101
752 2489
752 3013
753 1373
753 2554
754 767
754 1811
754 1899
754 2021
755 1489
755 2132
755 2681
756 1422
756 2179
756 3200
757 983
757 1523
757 2136
758 2057
758 2159
758 2641
758 3428
759 1886
759 2092
759 2748
759 3278
760 1647
760 1874
761 920
761 1028
761 2682
762 801
762 3384
763 1705
763 1832
763 2164
764 910
764 1711
764 1901
765 1873
765 2822
765 3140
766 1114
766 1855
766 1899
766 2784
766 2848
766 3438
767 1608
767 2821
768 818
768 1450
768 2667
769 906
769 3236
770 1120
770 1302
770 2810
771 1086
771 2493
771 2494
772 1116
772 1720
772 2409
773 2720
774 959
774 1615
774 2557
775 1060
775 1733
776 1925
776 3040
777 995
777 1013
777 1339
777 2232
777 3066
778 1815
778 3211
779 2082
779 3140
780 2003
781 1762
781 1872
781 2065
782 1002
782 1011
782 2209
783 832
783 2526
784 1351
784 1768
784 2455
785 1246
785 2045
785 2054
785 3383
786 1537
787 2080
787 2679
788 1555
788 1725
789 2575
789 2970
790 1697
790 1925
790 2169
791 1838
791 2115
791 2634
792 1135
792 2490
792 2797
793 1835
793 3422
794 2654
794 3016
794 3232
795 1308
795 1316
795 1575
795 1577
795 2186
796 2865
796 3169
796 3259
797 1570
797 1836
797 2083
797 2406
798 1898
798 2692
798 2778
799 2181
799 2222
799 2668
800 1025
800 1644
801 1027
801 1536
801 2876
801 3079
801 3335
801 3354
802 1674
802 2064
802 2230
802 2567
802 2980
802 3306
803 943
803 1601
804 911
804 1755
804 2189
805 819
805 2600
805 2720
806 861
806 1475
806 2676
807 1357
807 1981
807 2137
807 2401
808 1194
808 2326
808 2814
809 981
809 1259
809 1269
809 2461
810 1006
810 1984
810 2736
811 1359
811 1401
811 1749
811 1818
811 2199
811 2807
812 1339
812 1540
812 2425
812 2671
812 2724
813 2234
813 3266
814 2334
814 3013
815 1211
815 1329
815 1824
815 2866
815 3014
815 3345
816 1654
816 3310
816 3328
817 1745
817 2371
818 998
818 2237
819 1774
819 2764
819 2881
819 2911
819 3331
820 1731
820 3225
821 1745
821 2004
821 2792
822 1038
822 1568
823 1000
823 1954
824 1103
824 2376
824 2712
825 3041
825 3083
825 3099
827 2467
827 2943
828 1838
828 1985
828 2375
829 1804
829 2295
829 3091
830 1346
830 3215
831 863
831 966
832 1379
832 1645
832 2739
833 1202
833 2051
834 1765
834 3236
835 1794
835 2853
836 1485
836 1566
836 1845
837 1319
837 3236
838 1223
838 1813
838 3111
839 952
839 1931
840 2534
840 2846
841 912
841 2177
841 2669
842 1779
842 2218
842 3010
843 1990
843 2462
843 2905
844 2264
845 1170
845 2286
845 3266
846 1997
846 2313
846 3010
847 2417
847 2679
848 916
848 2197
849 1483
849 2914
849 3437
850 1006
850 3243
851 1140
851 2863
852 2333
852 3186
853 907
853 1249
853 3069
853 3318
853 3432
854 950
854 2766
854 3409
855 2317
855 3433
856 980
856 1755
857 993
857 1593
857 2336
857 2365
857 2680
857 3064
857 3202
858 977
858 2095
858 2600
859 865
859 1038
859 2761
860 1215
860 2403
860 2950
861 1675
861 1853
861 2348
861 2719
861 2807
861 3038
861 3147
862 992
862 2034
863 1696
863 2235
863 3160
864 1613
864 1785
864 2767
865 1070
865 1262
865 2782
866 1686
866 2729
867 1219
867 1484
867 1562
867 2178
867 2903
868 2210
868 2245
868 3026
869 971
869 3170
870 2843
870 2962
870 3044
871 1635
871 1878
871 2229
871 3430
872 1021
872 2600
873 1801
874 2542
874 3150
875 2263
875 2482
876 1036
876 1227
876 1239
877 967
877 1020
877 3182
878 1397
878 1557
878 3106
879 1963
879 2711
879 3443
880 1834
880 2944
880 3226
881 2126
882 994
882 2753
882 3016
883 1746
883 1907
883 2242
883 2325
884 999
884 1647
885 1698
886 1463
886 1823
886 2264
887 2306
887 3197
887 3425
888 3083
888 3210
889 924
889 1991
889 2793
890 1653
890 1669
890 2239
891 1060
891 2523
891 3169
892 1404
892 2720
893 956
893 3251
894 1763
894 2741
894 2820
895 1304
895 1310
895 1610
895 2323
895 2632
896 2385
896 3283
897 2047
897 2169
897 2931
898 1120
898 3402
899 2290
899 2723
900 2310
900 2627
900 3315
901 1886
901 2581
901 2689
901 2770
901 2984
902 1240
902 1549
902 1789
902 3123
903 1601
903 1664
904 1017
904 1542
904 2983
905 1565
905 1714
905 2078
905 2143
906 1268
906 2044
906 2883
908 3101
908 3176
908 3190
909 1422
909 2101
909 3448
910 1049
910 1278
910 1521
910 2216
910 2278
910 2364
911 1322
911 1426
911 2103
911 2910
912 1233
912 2007
912 2200
912 2801
912 3046
912 3208
913 1314
913 1913
913 3169
914 954
914 1864
914 2857
915 2126
915 3025
916 1919
916 2356
916 3255
917 2321
917 2958
918 1649
918 2863
919 1333
919 2007
919 2984
919 3103
920 1449
920 1499
920 1795
920 2229
920 2935
921 1063
921 2204
921 3273
922 1856
922 3085
922 3214
923 2692
924 1272
924 1486
924 1721
924 1930
924 2688
924 3043
925 1378
925 3099
925 3110
926 2076
926 2462
927 1385
927 3148
927 3222
928 2409
929 1307
929 2464
929 2882
930 2094
930 2983
930 3402
931 2190
931 3164
932 2831
932 3007
932 3014
932 3054
932 3242
933 1279
933 1316
933 1454
933 1620
933 2356
933 2699
934 3003
934 3037
934 3187
935 956
935 1581
936 973
936 1238
936 1283
936 1586
936 2518
937 1712
937 1954
938 1371
938 1864
938 2542
939 1492
939 1753
939 1910
939 1977
939 2471
939 2626
940 1656
940 1980
941 1260
941 1988
941 3231
941 3238
941 3265
942 1114
942 1286
942 1996
942 3257
943 1657
943 2158
943 2449
943 2833
943 3130
943 3206
944 1531
944 1740
944 2069
944 2192
944 2465
945 958
945 2037
945 2085
946 1055
946 1986
946 2240
946 3278
947 2224
947 3344
947 3443
948 1005
948 1403
948 1525
948 1579
948 1865
948 3000
949 1172
949 1880
949 2242
949 2879
949 3135
949 3316
950 1134
950 1295
950 1609
950 1816
950 1983
951 1942
951 2065
951 2681
952 1550
952 1783
952 2639
952 2730
952 3205
953 2011
953 2371
953 3371
954 1133
954 2178
954 2478
954 2663
955 2921
955 3097
955 3454
956 1425
956 1454
956 1909
956 2368
957 978
957 1094
957 1364
957 3191
958 1504
958 2080
959 2056
959 2999
960 1048
960 1768
960 2307
961 1158
961 1483
961 1897
962 1131
962 1225
962 2468
963 2136
963 2638
963 3452
964 2241
964 2315
965 2123
965 3257
965 3308
966 1389
966 1409
966 1840
966 2075
966 2421
966 2927
967 1007
967 1095
967 2763
967 3310
968 2243
968 2561
969 1852
969 2065
969 2925
970 1622
970 2451
970 2511
970 3325
971 1590
971 1660
971 1893
971 2055
971 2151
971 2185
972 1050
972 1193
972 2107
972 2735
973 1352
973 2673
974 2696
975 1121
975 2243
975 2593
976 2458
977 2830
977 3406
978 1208
978 3319
979 1804
979 2675
979 3089
980 1400
980 1410
980 2355
981 1862
981 2757
982 2111
982 2246
982 3401
983 1105
983 1202
983 1481
984 1155
984 1639
984 2233
984 2302
984 2877
985 1110
985 2417
985 2884
986 999
986 2312
986 3385
987 1112
987 2190
988 1838
988 2315
989 994
989 1353
990 1170
991 1062
991 1386
991 1435
991 1598
991 2219
992 1173
992 2265
993 1216
993 3281
994 1789
994 3045
995 2472
996 1710
996 2665
996 3002
996 3156
997 1068
997 2114
997 2346
997 2378
998 1039
998 1627
998 1847
998 2188
998 2664
998 2973
999 1274
999 1500
999 1509
999 1728
999 2899
1000 1055
1000 1543
1000 2160
1000 2461
1000 3202
1001 3344
1002 2157
1002 2534
1003 2273
1003 2286
1003 3437
1004 1374
1004 1638
1004 2439
1004 3072
1005 1084
1005 2966
1006 2413
1006 2815
1006 3305
1007 3139
1008 1821
1008 2019
1009 2053
1009 3448
1010 1107
1010 2674
1011 2490
1011 2607
1012 1505
1012 2215
1012 3214
1013 1850
1013 2333
1014 1923
1014 3312
1015 2747
1015 3057
1016 1218
1016 1286
1016 2067
1017 1624
1017 1879
1017 2538
1017 2758
1018 1605
1018 1665
1019 1873
1019 2238
1020 2195
1020 3227
1021 1241
1021 1250
1021 1943
1021 2297
1022 1305
1022 2239
1022 2638
1023 1463
1023 2727
1024 2089
1024 2505
1024 3161
1024 3194
1024 3198
1025 2074
1025 2566
1025 3080
1026 1507
1026 2921
1026 3371
1027 1321
1028 1841
1028 2831
1028 3431
1029 1487
1029 3211
1030 2931
1030 3040
1031 1328
1031 1836
1031 2961
1032 1716
1032 1882
1032 1995
1033 1921
1033 2694
1034 2704
1034 3087
1035 2345
1035 3353
1035 3369
1036 1389
1036 1428
1036 1678
1036 2096
1036 2457
1037 1743
1037 2931
1037 3282
1038 2742
1038 3125
1039 3398
1040 1411
1040 1659
1040 2008
1040 3113
1040 3318
1041 1489
1041 2237
1041 2307
1042 1733
1042 2523
1043 1969
1043 3315
1044 1195
1044 2706
1044 2902
1045 1822
1045 2884
1046 1120
1046 1132
1046 1325
1047 1595
1048 1259
1048 2123
1048 2973
1048 3001
1048 3287
1048 3438
1049 2194
1049 2458
1050 1687
1050 2528
1051 1913
1051 2484
1052 1129
1052 1720
1052 2539
1053 1831
1053 3138
1054 2354
1054 2736
1055 1686
1056 2712
1056 3187
1057 1892
1057 2319
1057 2501
1058 1766
1058 2243
1058 2870
1059 2204
1059 2428
1059 2562
1059 2703
1060 1848
1060 2952
1061 2251
1061 3168
1062 1987
1062 3324
1063 1445
1063 3174
1064 1963
1064 2606
1064 3159
1065 2197
1065 2574
1066 3262
1066 3407
1067 1175
1067 1486
1067 2731
1067 2836
1067 2867
1067 3343
1068 2177
1069 1184
1069 1711
1069 1803
1070 1152
1070 3398
1071 1285
1071 1539
1071 1585
1071 1860
1071 1947
1071 2174
1071 2269
1071 3036
1072 1120
1073 1136
1073 1319
1074 2943
1074 2969
1074 3347
1075 1264
1075 3119
1076 1413
1076 1999
1077 2719
1077 3022
1077 3269
1078 2589
1078 3128
1078 3409
1079 2024
1079 2551
1079 3312
1080 1314
1080 2996
1082 1437
1082 1738
1082 2025
1082 2616
1082 3163
1082 3346
1082 3357
1083 1727
1083 2262
1083 2676
1084 1778
1084 2105
1084 3341
1085 1093
1085 1512
1085 3261
1086 1922
1086 2029
1086 2779
1086 3275
1087 1171
1087 1480
1087 2254
1088 1360
1088 1667
1088 1915
1088 2544
1088 2583
1088 2861
1089 1501
1089 1891
1089 2180
1089 2370
1089 2568
1090 2001
1090 2513
1090 3148
1091 1221
1091 1987
1092 1769
1092 1929
1092 2134
1092 2588
1092 3238
1093 2626
1093 2649
1094 3094
1095 3011
1096 1714
1096 2200
1097 2309
1097 3174
1098 1671
1098 2344
1098 2509
1098 3072
1099 1303
1099 1621
1100 1599
1100 3452
1101 2082
1101 2462
1101 2962
1102 1371
1102 2485
1102 3155
1103 2340
1103 2605
1103 2838
1103 3051
1103 3293
1104 2651
1104 3141
1105 1727
1105 2723
1106 1488
1106 2829
1107 1554
1107 1959
1107 2319
1107 2453
1107 2514
1107 3191
1108 1227
1108 2487
1109 1441
1109 2012
1109 2063
1109 3224
1110 1182
1110 1478
1110 1659
1110 2800
1110 2953
1111 1584
1111 3062
1111 3149
1111 3274
1112 1148
1112 1693
1112 2503
1113 1225
1113 1509
1113 2122
1113 2373
1113 2374
1113 3275
1114 1541
1115 1403
1115 1739
1115 1927
1115 2855
1115 3341
1116 2118
1116 2121
1116 2268
1116 2628
1116 3339
1117 1302
1117 1544
1117 3415
1118 1434
1118 1550
1118 1740
1118 2780
1118 2948
1119 2111
1119 2274
1119 3282
1120 2480
1120 2502
1121 1246
1121 1689
1121 2135
1121 3112
1122 2208
1122 2805
1123 1193
1123 2353
1123 3245
1124 1319
1124 1385
1125 2290
1125 2342
1125 3392
1126 1167
1126 1591
1126 1627
1126 2184
1126 3136
1127 1289
1127 2341
1128 1552
1128 1968
1128 2539
1129 1257
1129 1443
1129 1709
1129 3416
1130 1226
1130 1813
1130 2009
1131 2589
1132 1940
1132 2346
1132 3002
1132 3035
1133 1985
1133 2561
1134 2409
1134 2429
1135 1470
1135 2842
1136 1268
1136 2046
1136 2068
1136 2437
1136 2503
1136 2895
1136 3114
1137 1203
1137 1212
1137 2637
1137 2819
1137 3048
1137 3078
1137 3325
1138 1418
1138 2139
1138 2329
1138 2642
1138 3301
1139 1782
1139 1826
1140 1429
1140 1689
1140 2415
1140 3383
1141 2944
1141 3010
1142 2172
1142 2810
1143 1367
1143 1553
1143 1742
1143 2685
1144 2028
1145 2231
1146 2128
1146 2376
1147 1931
1147 2387
1147 3099
1148 1632
1148 1779
1149 2147
1149 2858
1149 3188
1150 1168
1150 1624
1150 2456
1151 2589
1151 2931
1152 1291
1152 2062
1152 2083
1152 3220
1152 3273
1153 2018
1153 2524
1153 3170
1154 1595
1154 2345
1154 2755
1155 1520
1155 1656
1156 1582
1156 2164
1157 1213
1157 1320
1157 3310
1157 3355
1158 1298
1158 1527
1158 1857
1158 2357
1158 2521
1158 2823
1158 2954
1159 1924
1159 2004
1159 2630
1160 2655
1160 2825
1160 3433
1161 1170
1161 2773
1161 2958
1162 1517
1162 3171
1163 3157
1163 3228
1164 2034
1164 2181
1164 3189
1165 1360
1165 2350
1165 2557
1165 2907
1166 1664
1166 3324
1167 1705
1167 2307
1168 2759
1169 1212
1169 1431
1169 1551
1169 2069
1169 2124
1170 1401
1170 2584
1171 1356
1171 1796
1171 1849
1171 2070
1171 2616
1171 3179
1172 3039
1172 3321
1173 1794
1173 3251
1174 1723
1174 1729
1174 1749
1174 2029
1174 2153
1174 2899
1174 2947
1176 1987
1176 2554
1177 2263
1177 2888
1177 3401
1178 1251
1178 2865
1178 2912
1179 3128
1180 2681
1180 3414
1181 1347
1181 1377
1181 3221
1181 3272
1182 1264
1182 3111
1183 1701
1184 1661
1184 3341
1184 3451
1185 1695
1185 2793
1185 3146
1186 1791
1186 2409
1187 1664
1187 2094
1188 1650
1188 1665
1188 2244
1189 2788
1189 2825
1190 2181
1190 2247
1190 3068
1191 2623
1191 3236
1192 1482
1192 3091
1192 3425
1193 3392
1194 1677
1194 2214
1195 2435
1195 2721
1196 1595
1197 3004
1197 3398
1198 2286
1198 3211
1199 1656
1199 2337
1200 1838
1200 1856
1200 2320
1201 2594
1201 2871
1201 2964
1202 1300
1203 1779
1203 2970
1204 2342
1204 2655
1204 3076
1205 1565
1205 1839
1205 2186
1205 2196
1205 2252
1205 2743
1206 1534
1206 1713
1206 2399
1207 1538
1207 2443
1208 1673
1208 1681
1208 2510
1208 2851
1208 3096
1208 3285
1208 3316
1209 1859
1209 2685
1209 2751
1209 3184
1210 1983
1210 2061
1210 3275
1210 3364
1211 2022
1211 2702
1212 2812
1213 2536
1214 1518
1214 1598
1214 1606
1214 1818
1216 1301
1216 2205
1216 2236
1216 2340
1216 3080
1217 2315
1217 3120
1218 2281
1219 1835
1219 2834
1220 2943
1220 2996
1221 1547
1221 2474
1222 2423
1222 3097
1222 3212
1223 2027
1223 2461
1223 2506
1223 2697
1223 3416
1224 1235
1224 1342
1224 1393
1224 1623
1224 2267
1224 2641
1225 3188
1226 1259
1226 1337
1226 1386
1226 1596
1226 2988
1226 3053
1227 1771
1227 1973
1227 2088
1227 2364
1227 2590
1227 3183
1228 1962
1228 2943
1229 1805
1229 2766
1230 1412
1230 3447
1231 3025
1231 3427
1232 2247
1232 2634
1233 1821
1233 2179
1234 1628
1234 2334
1234 2489
1235 1321
1235 2341
1236 1423
1236 2500
1237 1581
1237 2246
1238 2804
1239 2362
1239 2816
1240 2995
1240 3450
1241 3203
1241 3399
1242 1957
1242 2817
1242 2903
1242 3020
1243 1314
1243 1733
1243 3259
1244 2213
1244 2395
1244 2678
1245 1302
1245 2701
1245 2712
1246 2772
1247 1256
1248 2198
1248 2618
1248 3102
1249 1264
1249 1348
1250 2254
1250 2708
1251 1266
1251 1451
1251 2063
1252 2052
1252 2184
1252 3388
1253 1333
1253 1508
1253 2398
1253 2516
1253 2577
1253 2801
1254 1311
1254 2088
1254 2120
1254 2245
1255 1901
1255 3106
1255 3170
1256 1587
1256 1729
1256 2026
1256 3260
1257 1862
1257 3025
1258 1568
1258 3107
1258 3226
1260 2484
1260 3259
1261 2110
1261 3437
1262 3076
1262 3085
1263 2136
1263 3418
1264 1868
1264 2923
1265 1801
1265 2596
1265 3261
1266 1520
1266 2484
1267 3019
1269 2241
1270 3350
1271 1691
1271 2072
1271 2345
1272 3223
1273 2818
1273 2944
1275 2359
1276 1452
1276 2526
1276 3330
1277 3012
1277 3296
1278 1580
1279 2704
1279 3374
1280 1628
1281 1954
1281 2376
1281 3281
1282 2673
1282 3312
1282 3450
1283 2708
1283 3267
1284 1640
1284 2202
1284 3009
1284 3054
1284 3323
1285 2173
1285 2708
1286 2970
1287 1420
1287 1448
1287 1633
1287 2063
1288 2371
1288 2630
1288 3109
1289 1724
1289 2452
1289 2886
1289 3137
1289 3340
1290 1471
1290 1770
1290 2845
1291 1867
1291 2035
1292 1523
1292 2818
1292 2969
1293 1864
1293 1897
1293 2880
1294 1366
1294 2383
1294 2815
1295 1396
1295 2582
1296 1597
1296 2085
1296 3327
1297 1505
1297 2720
1297 3304
1298 2110
1298 2654
1299 3099
1299 3190
1299 3210
1300 2149
1300 2226
1300 2832
1300 3129
1301 1954
1301 2018
1302 2114
1302 3156
1303 1929
1303 2360
1303 3142
1304 1541
1305 1336
1305 1775
1305 2885
1306 1524
1306 3073
1307 1650
1307 3190
1308 3122
1308 3374
1309 1332
1309 1543
1309 1746
1309 2159
1309 2851
1310 2551
1311 1324
1311 1399
1312 1953
1312 2102
1312 2265
1312 2366
1312 3436
1313 1694
1313 2963
1314 1451
1314 2960
1314 3001
1315 1528
1315 1897
1316 2869
1317 1456
1317 2402
1317 2953
1318 1436
1319 1753
1319 3133
1319 3394
1320 1962
1320 2177
1321 1448
1321 1703
1321 2579
1322 3330
1323 2476
1323 2623
1324 1381
1324 1998
1324 2129
1324 2607
1324 2758
1324 3217
1325 2232
1325 2362
1325 3248
1325 3280
1326 1568
1326 2264
1327 2615
1327 3298
1329 1482
1329 1813
1330 1802
1330 2960
1331 2726
1331 2812
1331 3097
1332 1466
1332 2745
1333 1962
1334 2448
1335 2107
1335 2130
1335 2353
1335 3092
1336 1605
1337 2634
1338 2651
1340 1643
1340 1702
1340 3015
1341 1966
1341 2173
1342 1351
1343 1930
1343 2378
1343 2665
1343 2672
1343 3256
1343 3290
1344 2228
1345 1605
1345 1653
1345 3094
1346 2915
1346 3038
1346 3135
1346 3256
1347 2994
1348 1411
1348 1998
1348 2099
1349 1529
1349 3251
1350 1882
1350 2146
1351 1633
1351 1760
1351 1798
1351 2413
1351 3354
1352 2294
1352 2361
1352 2742
1352 2782
1352 2828
1353 2508
1353 2691
1354 3347
1355 1676
1355 2084
1355 2832
1355 3219
1356 2321
1356 2888
1358 2546
1358 3139
1359 2773
1360 2944
1361 1405
1361 1473
1361 1844
1362 1621
1362 2198
1362 3203
1363 1480
1364 1669
1364 2515
1365 2173
1365 2794
1365 3399
1366 1984
1366 2455
1367 1691
1367 3037
1368 2020
1368 2853
1368 3084
1369 2281
1369 3131
1369 3314
1370 2266
1370 2355
1370 2841
1371 1484
1371 1879
1371 2175
1371 2225
1371 2963
1372 1512
1372 1835
1372 3150
1373 1885
1373 2002
1373 3074
1374 2944
1375 1566
1375 1686
1375 2745
1376 2513
1377 1412
1377 2295
1378 3017
1379 3197
1379 3414
1380 3159
1382 1765
1382 1779
1382 2190
1383 1445
1383 2857
1384 1955
1384 2674
1384 2905
1385 1826
1385 2643
1385 2883
1385 3357
1386 1924
1387 1618
1387 2285
1387 2459
1388 2788
1388 3063
1388 3401
1390 2794
1391 1680
1391 1912
1391 2010
1391 2595
1391 2811
1391 3206
1392 1923
1392 2515
1393 2173
1394 1838
1394 3068
1395 2766
1395 3455
1396 1498
1396 1641
1396 1837
1396 2121
1396 2410
1396 3426
1397 1558
1397 2108
1397 2150
1397 2296
1397 3393
1398 3336
1399 1868
1399 1918
1399 2677
1399 2789
1399 3113
1399 3423
1400 2606
1400 3344
1401 2287
1402 3146
1402 3396
1403 1810
1404 1738
1404 1761
1404 1792
1404 2127
1404 3154
1404 3428
1405 1443
1405 1713
1405 1878
1405 2223
1405 2529
1405 3112
1406 2286
1406 2874
1406 2924
1407 1904
1407 2675
1407 2825
1408 2056
1408 2987
1409 3167
1410 3371
1410 3443
1412 2162
1412 2760
1413 1422
1413 2438
1414 1432
1414 1806
1414 2275
1414 3358
1415 1969
1416 1469
1416 1681
1416 1734
1416 1839
1416 1928
1416 2325
1416 2586
1416 3034
1417 1850
1417 2343
1417 2600
1419 2622
1419 3102
1420 1656
1420 2306
1421 1646
1421 2301
1421 2997
1422 2010
1422 3316
1423 2316
1423 2483
1424 1747
1424 2485
1424 2582
1425 1719
1425 2320
1427 2043
1427 2524
1427 3281
1428 2652
1429 2668
1429 3389
1430 2003
1431 1898
1431 2707
1433 2234
1433 2941
1434 2606
1435 2241
1435 2792
1436 1466
1436 1686
1437 2001
1438 1482
1438 1904
1438 2227
1439 2113
1439 2338
1439 3322
1440 1981
1440 2049
1440 2098
1440 3060
1440 3301
1441 3259
1442 1513
1442 2062
1442 2277
1442 2404
1442 3092
1443 1766
1444 1808
1444 2539
1445 1854
1445 2703
1445 3023
1445 3199
1446 2094
1446 3349
1447 1831
1447 2182
1447 2298
1448 3450
1449 2345
1450 2307
1450 2824
1451 2166
1452 2760
1452 2798
1452 3032
1453 1502
1453 2306
1454 3298
1455 2708
1455 2794
1455 3384
1456 1614
1456 2829
1457 2058
1457 3427
1458 1762
1458 2488
1459 1827
1459 2774
1459 2876
1459 3028
1460 1567
1460 2561
1461 2489
1462 2074
1462 2236
1462 3021
1462 3056
1462 3368
1463 1723
1463 1895
1463 2578
1463 2684
1463 3218
1464 1692
1464 1701
1464 1863
1464 3285
1465 1675
1465 2148
1465 2879
1465 3290
1466 2027
1467 2467
1467 2958
1467 3215
1469 2725
1469 3089
1470 1735
1470 2525
1470 2534
1470 2591
1470 2758
1471 1707
1471 1724
1471 2137
1471 2642
1471 2806
1471 2971
1471 3023
1472 1812
1472 1869
1473 1781
1473 2117
1473 2859
1474 2072
1474 2755
1475 1846
1475 2288
1475 2547
1475 2626
1475 3309
1475 3449
1476 2058
1476 2371
1476 2810
1477 1815
1477 2379
1478 2494
1479 3012
1480 1759
1480 1891
1480 1979
1481 1599
1481 1603
1482 2187
1482 2330
1482 2820
1483 1500
1483 2602
1483 3302
1484 2318
1485 2160
1486 3041
1487 2000
1487 2837
1487 2890
1487 3090
1487 3419
1488 2565
1489 1662
1489 1847
1490 1523
1490 1599
1490 2299
1491 2484
1491 2825
1491 3120
1492 1582
1492 1697
1493 2424
1493 3011
1493 3373
1494 3005
1495 1695
1495 1932
1495 2627
1496 1969
1496 3146
1497 2328
1497 2392
1497 2887
1497 2986
1497 3224
1497 3241
1498 2615
1499 2651
1499 3003
1500 2494
1501 2417
1501 3356
1502 1895
1502 2233
1502 3379
1503 1650
1503 3083
1503 3176
1504 2039
1504 2859
1505 2159
1505 2644
1505 3346
1506 1747
1506 2144
1507 1893
1507 2106
1507 2609
1507 2617
1507 2839
1508 1698
1508 1776
1509 3409
1510 2203
1510 3252
1511 2290
1511 2345
1511 3087
1512 1663
1512 2235
1512 2278
1512 2289
1512 2583
1513 1687
1513 2086
1514 1558
1514 2170
1514 3231
1514 3264
1515 1712
1515 3320
1516 1774
1516 1943
1516 2570
1516 2744
1516 2959
1516 3180
1516 3406
1517 1546
1517 1569
1517 2031
1517 2235
1517 2903
1518 2371
1518 2897
1519 1548
1519 1854
1519 2548
1519 2878
1520 1703
1520 1760
1521 1801
1522 1890
1522 2349
1523 1775
1523 2446
1525 1803
1525 2309
1526 1565
1526 2940
1526 3246
1527 2545
1527 2701
1528 1784
1528 2390
1528 3020
1528 3095
1529 2750
1530 1665
1530 2600
1531 2870
1531 3347
1532 1702
1533 2634
1533 3120
1533 3329
1534 1808
1534 2430
1535 1647
1535 1785
1536 1650
1537 1947
1537 2602
1537 2952
1537 3279
1538 1816
1538 1971
1538 1992
1538 2628
1538 2740
1541 1772
1541 1945
1541 2050
1541 2556
1541 3308
1542 2121
1542 2395
1542 3196
1543 2729
1544 1741
1544 1940
1544 2006
1544 2340
1544 2935
1545 2175
1545 2975
1545 3196
1546 2488
1546 3422
1547 3139
1548 2310
1548 2652
1549 2024
1549 2482
1550 3443
1551 2962
1552 2255
1552 2399
1553 2651
1553 2755
1554 2657
1555 2120
1555 2933
1556 2194
1556 3192
1557 1992
1557 2158
1557 2403
1557 2621
1557 3230
1559 1702
1559 3188
1560 2398
1560 2412
1560 2449
1560 2698
1560 3256
1561 2036
1561 2337
1561 2528
1562 2542
1563 2756
1563 2781
1563 3317
1564 1997
1564 2888
1564 2956
1566 3416
1567 1797
1567 2478
1567 2981
1568 2544
1568 2862
1568 3218
1569 1864
1569 2834
1570 2473
1570 3076
1571 1653
1571 3454
1572 1653
1572 3371
1573 2224
1573 2606
1573 3371
1574 2041
1574 2494
1575 3369
1576 2004
1576 2043
1577 2812
1578 2206
1578 3229
1578 3258
1579 2749
1579 2795
1580 1685
1580 2272
1580 2595
1581 3123
1581 3216
1581 3337
1582 1627
1582 3173
1583 2753
1583 2795
1583 2893
1584 2560
1584 3362
1585 1828
1585 2100
1586 1634
1587 1810
1588 1812
1588 2038
1588 2154
1588 2308
1589 1716
1589 2142
1591 2906
1592 2100
1592 2810
1593 2845
1594 2100
1594 2794
1595 1926
1595 2211
1595 2529
1595 2998
1596 2022
1597 2679
1598 2808
1600 2105
1600 2153
1600 2584
1600 2646
1600 2949
1600 3380
1601 1799
1601 2163
1601 2272
1602 1955
1602 2354
1603 2885
1603 2938
1604 1647
1604 2282
1604 2418
1605 2571
1605 2695
1606 2001
1606 2888
1607 2041
1607 2166
1608 1730
1608 3307
1609 2435
1609 3439
1610 1923
1610 2024
1611 3192
1612 2316
1612 2600
1613 1771
1613 1970
1614 2565
1614 2976
1615 1813
1615 2825
1616 2075
1616 2964
1616 3412
1617 1757
1617 3314
1618 2650
1618 3012
1619 2169
1620 1794
1620 3396
1621 1670
1621 2469
1621 3100
1621 3184
1622 1754
1622 2575
1624 2692
1625 3296
1625 3396
1626 2385
1628 2440
1628 2642
1628 2756
1628 3387
1629 1712
1629 1737
1630 1885
1630 2292
1630 2855
1630 3400
1630 3413
1631 1987
1631 1997
1632 1833
1632 2663
1632 3134
1633 2358
1634 1976
1634 2386
1634 3302
1634 3413
1635 2651
1635 3187
1636 2248
1636 2888
1636 3282
1637 1725
1637 2371
1637 3344
1638 2946
1638 3262
1639 3425
1640 1911
1641 3296
1642 2495
1642 2869
1643 1706
1643 1722
1644 1683
1644 2706
1645 2762
1647 2096
1647 2597
1647 2779
1648 2622
1648 2956
1648 3070
1649 2171
1649 3274
1650 2267
1651 2072
1651 2624
1652 2880
1652 3012
1654 2669
1655 1951
1655 2178
1655 2400
1655 2643
1656 3238
1657 3182
1657 3324
1658 1935
1658 2966
1658 3050
1659 3128
1660 3109
1660 3252
1661 2309
1662 2925
1662 3447
1663 2596
1663 3192
1664 2412
1664 2683
1664 2733
1664 2811
1665 2942
1665 3338
1666 2224
1666 3330
1667 2056
1668 1985
1668 2870
1669 2081
1669 2619
1669 2635
1669 2695
1669 3386
1670 2254
1671 3252
1672 2183
1672 2675
1673 1804
1673 2243
1676 2723
1676 3452
1677 2587
1677 2715
1677 2827
1677 2916
1677 3051
1678 2312
1678 2418
1679 3222
1680 2458
1681 3326
1682 1737
1682 2668
1682 3367
1683 2128
1683 2524
1684 2034
1684 2853
1684 3374
1685 2194
1686 2644
1686 3096
1686 3428
1687 1842
1687 2258
1687 2471
1687 2527
1687 2786
1688 3041
1688 3190
1689 2003
1690 2254
1690 2359
1690 3348
1691 3100
1692 1698
1693 3236
1693 3294
1694 3120
1695 2432
1695 3018
1696 1801
1696 1835
1697 1884
1697 1959
1697 2125
1697 2294
1698 2042
1698 2103
1698 3397
1699 1794
1699 3122
1699 3298
1700 3052
1700 3131
1700 3455
1701 3039
1702 1945
1702 2632
1702 3429
1703 2358
1704 2638
1704 3211
1705 1884
1705 1977
1705 2138
1705 2188
1708 1766
1708 2593
1708 3326
1709 2429
1710 1712
1710 2177
1711 1885
1711 1944
1711 1976
1711 2934
1711 3000
1712 1741
1712 2378
1712 3202
1713 3003
1714 2869
1715 2651
1716 1982
1716 3043
1716 3127
1716 3313
1717 1725
1717 1873
1718 2282
1718 2312
1718 2842
1719 1896
1719 3436
1720 1780
1720 1816
1720 1889
1721 1972
1722 2528
1725 2212
1725 2625
1725 3026
1726 1864
1726 2318
1727 2226
1728 2493
1729 3109
1730 2559
1730 2793
1731 1817
1731 1861
1731 2091
1731 2225
1731 2396
1731 2700
1732 2020
1732 2310
1732 2473
1733 1950
1734 2994
1734 3091
1735 2112
1735 2778
1736 3118
1737 2081
1737 2329
1737 2894
1738 1822
1740 2082
1741 3187
1742 3203
1743 2032
1743 2887
1743 3207
1743 3263
1744 2318
1744 3150
1745 2185
1745 2220
1746 2251
1747 3196
1748 2020
1748 2687
1748 3251
1749 2321
1750 2285
1751 2004
1751 3237
1752 3188
1753 3349
1754 2819
1754 2955
1754 3114
1754 3191
1754 3351
1755 1819
1755 2279
1755 2798
1756 3304
1757 2507
1757 3082
1758 2769
1758 3251
1759 2001
1759 3203
1760 3450
1761 2215
1761 2991
1762 1786
1762 2050
1762 2330
1762 2968
1763 2337
1763 3178
1764 2355
1764 3113
1765 2895
1765 3134
1766 3383
1767 1873
1767 2311
1768 2664
1769 2246
1769 2702
1770 2308
1770 3233
1770 3411
1772 1852
1772 2681
1773 2056
1773 2944
1773 3055
1776 2706
1776 2868
1776 3056
1777 1828
1777 2455
1777 3243
1779 1797
1779 2098
1779 2284
1780 2687
1780 3152
1781 3185
1782 1990
1782 3336
1783 2028
1783 2488
1784 2834
1785 2079
1785 2117
1785 2639
1785 2901
1785 3183
1785 3417
1786 2999
1786 3204
1787 2562
1787 3268
1787 3289
1788 2757
1788 3401
1788 3450
1789 2358
1790 2375
1791 1992
1791 2129
1791 2647
1791 2902
1792 3214
1793 2500
1793 2633
1794 1881
1794 1896
1794 3332
1796 3148
1797 2870
1798 2824
1798 3019
1799 2009
1799 2458
1800 2313
1800 2761
1800 3107
1801 2031
1801 2649
1801 2861
1801 2985
1802 2166
1802 2865
1803 2150
1803 2990
1804 2156
1804 2252
1805 2393
1805 2507
1805 3153
1806 2197
1807 2318
1807 2640
1809 2126
1809 3150
1810 1871
1811 1838
1811 1956
1813 2714
1813 2968
1814 2369
1814 2636
1814 2838
1815 1892
1815 2372
1815 2864
1817 3415
1819 2224
1819 3271
1820 3270
1820 3328
1821 3403
1822 2864
1823 1915
1823 2844
1823 2918
1823 3125
1824 2987
1824 3204
1825 2358
1825 2795
1825 3312
1826 2857
1827 2542
1827 2640
1828 2447
1828 3127
1828 3305
1829 2812
1829 3212
1830 2343
1830 2483
1831 2328
1831 2705
1831 3151
1832 2629
1832 3173
1833 2375
1834 1952
1834 1960
1834 2097
1834 2098
1835 1957
1835 2276
1835 2562
1836 1933
1837 2880
1838 3322
1839 2559
1840 2115
1841 2110
1842 3178
1843 2767
1843 3019
1844 2470
1844 2601
1844 2917
1844 2981
1845 1889
1845 2027
1845 3112
1846 3215
1847 2824
1849 2773
1850 2620
1850 2744
1851 2669
1851 3324
1852 2032
1852 2131
1852 2328
1854 2473
1855 2132
1856 2491
1856 2848
1856 3018
1856 3247
1857 2682
1857 3415
1858 2467
1858 2870
1858 2962
1860 3097
1861 1882
1862 2187
1862 2741
1862 3306
1863 3321
1864 1957
1864 2400
1864 3404
1865 2673
1865 2766
1866 3003
1867 2454
1867 2670
1867 2703
1869 3085
1870 3283
1870 3384
1871 2573
1872 2425
1872 3299
1873 3049
1874 2452
1874 2806
1874 2886
1874 3240
1875 2391
1875 2874
1876 2077
1876 3003
1877 2445
1877 3045
1877 3337
1878 2077
1881 2320
1881 3189
1882 2089
1882 2731
1882 2837
1882 3442
1883 2251
1883 2757
1884 2535
1886 2014
1887 2016
1887 2257
1887 2381
1887 3022
1887 3147
1888 2182
1888 2222
1888 2674
1890 2040
1890 2362
1892 3304
1893 3237
1894 2776
1894 3162
1894 3209
1895 2727
1896 1956
1897 2486
1897 2613
1898 2133
1898 2157
1898 2538
1898 2797
1899 3214
1900 2194
1900 3261
1901 1961
1901 2207
1902 2227
1902 2702
1902 3425
1903 2014
1903 3200
1904 2302
1904 2331
1904 2437
1904 2576
1904 3006
1904 3351
1905 1985
1905 2244
1906 2290
1906 3369
1907 2657
1907 3319
1908 3296
1909 3122
1909 3396
1910 2596
1911 2508
1911 3242
1912 2869
1914 2794
1915 2466
1916 2560
1916 2623
1916 3102
1917 2405
1917 2872
1917 3030
1917 3165
1917 3412
1917 3423
1918 2112
1920 2661
1920 3410
1921 2772
1922 2858
1922 3409
1923 2852
1923 3175
1923 3229
1924 2185
1924 3286
1925 1978
1925 2564
1925 2662
1925 2705
1926 2450
1926 3025
1927 2574
1928 3146
1929 2523
1930 2873
1931 2057
1931 2079
1931 2464
1932 2344
1932 3307
1933 2369
1933 2548
1933 2645
1933 2787
1933 2827
1933 2837
1933 3381
1934 2517
1935 1976
1935 2002
1935 2442
1935 2610
1936 1984
1936 2487
1937 3203
1937 3348
1938 2419
1938 2769
1939 1969
1939 2341
1940 2701
1941 2493
1942 2533
1942 2556
1942 2771
1942 2840
1942 2887
1942 3151
1943 2720
1944 3174
1945 3312
1946 2034
1946 2869
1946 3251
1948 2513
1948 2674
1948 3304
1949 3170
1949 3281
1950 2757
1952 2313
1952 3118
1953 3189
1954 2207
1954 2322
1954 2738
1954 3121
1955 2052
1955 2440
1955 2781
1955 3008
1956 2368
1956 2491
1958 2359
1958 2759
1959 2379
1960 2218
1961 2309
1962 2672
1962 3403
1962 3453
1963 2783
1964 2047
1964 2761
1964 3320
1965 2264
1965 2977
1966 2447
1966 2531
1966 2875
1967 2424
1967 2726
1967 3027
1968 2314
1969 2806
1969 3240
1970 2989
1972 3297
1972 3393
1973 2282
1973 2930
1974 2624
1974 3168
1975 2019
1975 2929
1975 3122
1977 2047
1978 2047
1978 2234
1979 2829
1979 2884
1980 2908
1980 3115
1980 3265
1980 3440
1981 2687
1982 2653
1982 3041
1983 2749
1984 2660
1985 2284
1985 2431
1985 3158
1986 2545
1986 2870
1987 2939
1987 2976
1988 2687
1988 3106
1989 2682
1989 2729
1989 2870
1990 3067
1991 2108
1991 2448
1991 2716
1993 2197
1993 3081
1993 3148
1994 3266
1995 2415
1995 2453
1995 2894
1995 3065
1995 3343
1995 3360
1996 3350
1996 3366
1997 2016
1997 2420
1997 2629
1998 2422
1999 3448
2000 2692
2000 3314
2001 2033
2001 2585
2001 3352
2002 2309
2004 2690
2004 2839
2005 2759
2006 2376
2007 2943
2009 2109
2009 2595
2009 3355
2010 3374
2011 3049
2011 3277
2011 3295
2012 2317
2012 3120
2013 2222
2014 2439
2014 3311
2015 2072
2015 3025
2016 2111
2017 2280
2017 3155
2018 2336
2019 2699
2019 3244
2020 2140
2020 3381
2021 3214
2021 3398
2022 2330
2022 2506
2022 3342
2023 2654
2023 3437
2024 3337
2025 2077
2025 3324
2026 2545
2028 2122
2028 2427
2028 2722
2030 2076
2031 3150
2032 3120
2033 2111
2033 2321
2034 2813
2035 2718
2035 2799
2035 3289
2035 3442
2036 2249
2036 2353
2036 2786
2037 2417
2039 2273
2040 2810
2040 2930
2041 3031
2042 2943
2042 3391
2043 2151
2044 3081
2046 2198
2046 2623
2047 2319
2047 2828
2048 2243
2048 2244
2049 2335
2049 2631
2051 2262
2052 3057
2053 2451
2053 2510
2055 2630
2055 2792
2057 3176
2058 2620
2058 3280
2059 2317
2059 2655
2059 2788
2060 2179
2060 3013
2061 2589
2061 3111
2062 2655
2064 2358
2064 3401
2065 2389
2065 2632
2065 2784
2065 3257
2066 3186
2066 3422
2067 2293
2067 3366
2068 3362
2069 3044
2070 3172
2070 3203
2071 3356
2072 2737
2073 2608
2073 3371
2074 2376
2075 2282
2076 2846
2076 3035
2077 2087
2078 2495
2078 3374
2080 2527
2080 2601
2080 3201
2082 2308
2083 2652
2084 2650
2086 3246
2086 3380
2087 2536
2087 3148
2088 2214
2090 2104
2090 2928
2090 3145
2090 3239
2090 3292
2090 3333
2091 2924
2092 2946
2092 3200
2093 2151
2093 2208
2093 2492
2093 2739
2093 3272
2093 3420
2094 2106
2094 2449
2094 2592
2095 2175
2095 2261
2095 2297
2095 2570
2095 3276
2095 3331
2095 3432
2096 2842
2097 2631
2097 3040
2099 2112
2101 2479
2103 3197
2104 2711
2108 3298
2109 2536
2109 2669
2110 3007
2111 3144
2112 2520
2112 2647
2112 3193
2113 2341
2113 3214
2114 2996
2115 2809
2115 3421
2116 3050
2117 2539
2118 2582
2118 3012
2119 2575
2120 2238
2123 2132
2124 2423
2124 2575
2125 2234
2125 2931
2126 2193
2126 3160
2127 3148
2128 2236
2128 3408
2130 2342
2130 3353
2131 2766
2131 3366
2132 2397
2132 2492
2132 2904
2134 2354
2135 2870
2135 3326
2136 2938
2137 3013
2138 3047
2139 3013
2139 3315
2140 2655
2141 2804
2142 2522
2142 3419
2143 3395
2144 2213
2144 2297
2144 2881
2145 2194
2145 2704
2145 2812
2146 2407
2146 2454
2146 3268
2146 3273
2147 2374
2147 3061
2147 3444
2148 2969
2148 3215
2149 3452
2152 2248
2152 2298
2152 3433
2154 2822
2155 2280
2155 3087
2156 2725
2156 2873
2157 2843
2158 2650
2160 2259
2161 2822
2161 2858
2162 2762
2162 3267
2163 3374
2164 2288
2164 3405
2165 3088
2166 2529
2166 2997
2167 2872
2167 3228
2167 3253
2168 3050
2169 2253
2170 2379
2171 3102
2171 3362
2172 3036
2173 2728
2173 2876
2174 3044
2176 3040
2176 3111
2176 3409
2177 2604
2177 2915
2179 2770
2179 3239
2180 2829
2180 3172
2181 2453
2181 3322
2181 3436
2182 3207
2183 2613
2183 2817
2183 2967
2183 3300
2184 2244
2186 3087
2189 2250
2189 2625
2189 3049
2189 3086
2189 3293
2191 3198
2191 3382
2192 2462
2193 2282
2194 2580
2195 2424
2195 3454
2196 3395
2197 3357
2197 3370
2198 2436
2198 2802
2198 3062
2199 3215
2199 3347
2201 2765
2201 3349
2201 3402
2202 2654
2204 2310
2205 2712
2206 2788
2206 2920
2208 2873
2209 2480
2209 2525
2210 2238
2211 2574
2211 2624
2212 2808
2212 3371
2213 3348
2214 2636
2214 2840
2214 2860
2215 2641
2215 3335
2216 2487
2216 2767
2217 2405
2217 2594
2218 2401
2218 3166
2218 3254
2219 2321
2219 2371
2220 2808
2220 3109
2221 2300
2221 2558
2221 3008
2222 2955
2222 3360
2223 3185
2224 2841
2226 2299
2227 2586
2228 2942
2228 3117
2228 3288
2229 3037
2230 2920
2230 3450
2231 2459
2232 2371
2238 3397
2239 2352
2239 2388
2239 2982
2240 2977
2241 2754
2241 3286
2243 2325
2244 2478
2244 2945
2245 3303
2246 2414
2246 2922
2247 2338
2247 2431
2247 2491
2248 2324
2249 3392
2250 3330
2251 2275
2251 2980
2251 3096
2252 3146
2253 2941
2254 2327
2254 2911
2254 3352
2256 2611
2256 3126
2256 3284
2256 3420
2257 2618
2257 3070
2258 2342
2259 2339
2259 2697
2259 2988
2259 3306
2260 2379
2260 3106
2261 2485
2262 2459
2263 3144
2263 3216
2263 3440
2264 3121
2267 3039
2268 2435
2268 2713
2269 3384
2269 3399
2270 2574
2270 2818
2270 3222
2271 2515
2271 2569
2271 3041
2273 2399
2273 2521
2274 2384
2274 3108
2275 2624
2276 3174
2276 3446
2277 3353
2277 3392
2280 2553
2280 2581
2280 2603
2280 3432
2281 2441
2281 2492
2281 2913
2281 3082
2282 3249
2283 2668
2283 2772
2284 2593
2285 3005
2286 2823
2286 2892
2287 3179
2287 3195
2289 2675
2289 3055
2290 3092
2290 3129
2291 2546
2291 2554
2291 2804
2292 3271
2293 2784
2293 2936
2293 3308
2294 3320
2295 2586
2296 2573
2298 3108
2298 3263
2299 2938
2301 2494
2301 3377
2302 3197
2303 3427
2304 2749
2304 3455
2305 2410
2305 2849
2306 2993
2306 3006
2307 2785
2307 2990
2309 2428
2309 3413
2310 2670
2310 2889
2310 2971
2311 2860
2311 2898
2311 3017
2312 2543
2312 2901
2313 2742
2313 3220
2314 2483
2314 2856
2315 2392
2316 2744
2317 2477
2317 2576
2317 2714
2321 3132
2322 2759
2322 2845
2323 2795
2323 3450
2324 2788
2324 3138
2326 3041
2331 2702
2331 3091
2332 2526
2332 2925
2333 2830
2334 2710
2334 3410
2335 2499
2335 2867
2335 3166
2335 3359
2336 2376
2337 2404
2337 2735
2339 2666
2339 2757
2341 3354
2343 2500
2343 2959
2345 2497
2345 3246
2346 2821
2347 2450
2347 2757
2348 2958
2348 3347
2349 2552
2349 3183
2350 2999
2351 3261
2352 2444
2354 3115
2356 2929
2357 2493
2357 2914
2358 2709
2359 2531
2359 2728
2359 2746
2360 2488
2361 2554
2361 2795
2363 2682
2363 2696
2363 3187
2364 3019
2366 3251
2366 3374
2367 2470
2367 3201
2368 3189
2373 2494
2373 2822
2377 2804
2377 3118
2379 2549
2380 2569
2380 3210
2381 2888
2381 3118
2382 2517
2382 2826
2382 3013
2383 2884
2383 3109
2384 3138
2384 3433
2385 2447
2385 2889
2386 2554
2387 2900
2387 3209
2388 2921
2388 3094
2389 3312
2390 2914
2391 2393
2391 3419
2392 3329
2393 3131
2394 2573
2394 2757
2394 3169
2395 2485
2396 2701
2398 2996
2401 3084
2402 2546
2402 3356
2405 3271
2407 3225
2408 3072
2409 2621
2409 2957
2410 2650
2411 2554
2411 3267
2411 3399
2412 2765
2414 3004
2416 3004
2416 3085
2418 2490
2418 2591
2419 2541
2419 3098
2419 3338
2420 3320
2421 3150
2422 2520
2422 3026
2423 2572
2423 2637
2423 2896
2426 2727
2427 2494
2427 2858
2429 2628
2429 2950
2430 2823
2430 2854
2430 2859
2431 3164
2432 2559
2433 3175
2433 3216
2433 3258
2434 2640
2434 3141
2436 2772
2436 2863
2438 2451
2438 2479
2439 2791
2440 2517
2441 3350
2442 3271
2443 2468
2443 2957
2443 2964
2443 3157
2443 3444
2444 2541
2444 3117
2444 3180
2445 2482
2446 3124
2448 3396
2450 2737
2450 2980
2452 3146
2454 3076
2455 2579
2455 3058
2456 2707
2456 2843
2457 2473
2457 2573
2460 2476
2460 2496
2460 3362
2462 2502
2462 2730
2462 3235
2463 2585
2463 2864
2463 3179
2465 2467
2465 2593
2466 2862
2466 2866
2467 2516
2467 2807
2467 3029
2468 3040
2469 2755
2469 3037
2472 2620
2472 3059
2474 3050
2475 2821
2475 2865
2477 2675
2477 3425
2480 3044
2481 3243
2482 3332
2483 3104
2486 2493
2486 3437
2488 2751
2488 2803
2488 3014
2493 3074
2493 3279
2494 3363
2495 3046
2495 3453
2496 3029
2496 3269
2497 3187
2498 3139
2499 3447
2501 3106
2502 2845
2504 2853
2505 2924
2505 3385
2506 3128
2507 3052
2508 2795
2509 3407
2510 2657
2511 3319
2511 3448
2512 3236
2512 3425
2513 2616
2513 2646
2513 2898
2514 2668
2515 2814
2515 3017
2515 3209
2516 2969
2517 2961
2518 2761
2518 2795
2519 2765
2519 2983
2520 3119
2522 3052
2523 2997
2523 3031
2524 2566
2525 2707
2526 3126
2526 3449
2527 2535
2530 2593
2530 2962
2530 3347
2531 3384
2532 2560
2532 2863
2533 2766
2533 2970
2535 3394
2536 2683
2536 2833
2536 2939
2538 3211
2539 3299
2539 3430
2540 2791
2540 2969
2541 3171
2542 3073
2544 3204
2545 3380
2545 3390
2545 3431
2546 2763
2547 2925
2547 3414
2548 2655
2549 3304
2550 2692
2551 3258
2552 2767
2553 3252
2553 3262
2555 3168
2555 3222
2556 2925
2557 2987
2558 2655
2558 2747
2559 3240
2559 3340
2559 3441
2560 2694
2561 3136
2563 2611
2563 2739
2563 2760
2564 2589
2566 2775
2567 3169
2568 2736
2568 3109
2569 2587
2569 2636
2571 2638
2572 2726
2573 3249
2574 2852
2575 2662
2575 3372
2576 2725
2577 3347
2578 2736
2578 2905
2583 2725
2585 2773
2588 3178
2589 3444
2592 3329
2593 3390
2594 2755
2597 2759
2598 3200
2599 3004
2599 3140
2600 3143
2603 2791
2603 3407
2604 2653
2604 2873
2606 2730
2607 2778
2608 3234
2608 3244
2608 3292
2609 3296
2609 3298
2612 3110
2612 3176
2614 3037
2615 2617
2617 3396
2618 3149
2621 2721
2622 3062
2623 3274
2627 2658
2627 2688
2627 3023
2630 2932
2631 2659
2631 2894
2631 3254
2633 2856
2634 2754
2634 3241
2635 2657
2637 2843
2639 3110
2645 3225
2647 3294
2648 2713
2648 3349
2649 3192
2650 2733
2651 3100
2652 3249
2653 2658
2653 2716
2653 2768
2653 3297
2654 2992
2655 2835
2656 3050
2656 3232
2657 2955
2659 2668
2660 2727
2660 3019
2662 2674
2663 3164
2666 2820
2666 3213
2667 2681
2667 3447
2668 2731
2668 3313
2669 2672
2670 3174
2671 2856
2673 2691
2674 3048
2675 2861
2675 3034
2676 3219
2677 2681
2678 3376
2680 2759
2681 3165
2681 3449
2682 2949
2682 3291
2683 3182
2686 3070
2686 3362
2687 2950
2687 3264
2689 2946
2690 3252
2691 2893
2692 2850
2693 2921
2693 3344
2695 2921
2696 3007
2698 2821
2698 2943
2700 3141
2701 3291
2702 2741
2702 2968
2702 3213
2702 3440
2704 2743
2704 2896
2705 3282
2708 2764
2708 3135
2709 2757
2709 2920
2710 3013
2713 2734
2713 2789
2713 3056
2717 3303
2718 2880
2718 3446
2719 2956
2720 3293
2721 2740
2721 3193
2721 3217
2722 3140
2723 2979
2723 3424
2724 3025
2724 3044
2725 2985
2725 3077
2725 3095
2725 3300
2726 3328
2727 2947
2728 3283
2729 2732
2729 2748
2729 3390
2732 3243
2734 3391
2735 3015
2736 3058
2743 3369
2745 3103
2746 3203
2747 2961
2747 3317
2748 2977
2749 3153
2749 3339
2750 2769
2750 2853
2752 2826
2752 2905
2754 3237
2755 3228
2756 2826
2759 2797
2759 2901
2762 3032
2762 3420
2763 3050
2764 3203
2765 3130
2765 3434
2766 3451
2768 3223
2769 3288
2771 3190
2774 3353
2775 3408
2777 2920
2777 3063
2777 3433
2778 2963
2778 3105
2779 3385
2780 2962
2781 3013
2782 3107
2786 3015
2788 3108
2789 2983
2790 3164
2790 3294
2791 2928
2791 2972
2792 3053
2793 2800
2793 3297
2793 3363
2794 2796
2795 3451
2796 3044
2796 3097
2798 3414
2799 3225
2802 3236
2802 3362
2803 2822
2805 3089
2808 2932
2808 3066
2808 3132
2808 3280
2808 3295
2810 2816
2810 3035
2810 3066
2812 2847
2812 3386
2814 3210
2816 2989
2818 2967
2818 3020
2818 3370
2821 3001
2821 3018
2821 3156
2822 2965
2822 3028
2822 3205
2825 3077
2825 3224
2825 3342
2826 3116
2827 3389
2830 3181
2832 3418
2834 2967
2835 3057
2836 2874
2840 3083
2844 3055
2844 3204
2845 3334
2846 3044
2847 3094
2848 2991
2849 3012
2849 3088
2854 3437
2855 3050
2857 2889
2857 3361
2862 3055
2865 3287
2866 2999
2867 3385
2868 2943
2873 3034
2873 3221
2874 3090
2874 3127
2874 3382
2878 3084
2878 3251
2879 3399
2880 3268
2881 3155
2882 3083
2882 3101
2884 3327
2885 3124
2886 3315
2888 2922
2890 3225
2891 3159
2891 3443
2893 3054
2895 3294
2897 2939
2897 3053
2897 3132
2897 3286
2900 3110
2902 2978
2905 2908
2905 2948
2906 3245
2907 3055
2909 3171
2909 3181
2911 3399
2912 2960
2912 2998
2912 3031
2913 3447
2914 3404
2919 3047
2920 2922
2920 3144
2921 3250
2923 3128
2923 3356
2925 3423
2926 3005
2926 3167
2929 3046
2930 3248
2931 3048
2931 3372
2933 3303
2936 2970
2936 3350
2937 3389
2941 2948
2941 3071
2942 3171
2946 2972
2951 3377
2952 3377
2956 3378
2958 3195
2966 3177
2969 3038
2969 3333
2971 3223
2974 2983
2974 3439
2975 3155
2977 2992
2977 3305
2979 3418
2983 3394
2985 3055
2989 3248
2990 3398
2991 3247
2996 3002
2996 3287
3003 3299
3009 3139
3011 3270
3021 3037
3022 3215
3030 3111
3033 3087
3033 3353
3037 3359
3037 3365
3039 3079
3040 3061
3040 3364
3042 3266
3043 3210
3045 3450
3047 3173
3047 3309
3050 3323
3051 3389
3052 3090
3057 3116
3059 3181
3060 3367
3063 3175
3065 3367
3069 3155
3071 3336
3075 3084
3075 3106
3077 3425
3078 3366
3079 3101
3081 3133
3081 3163
3084 3231
3084 3301
3085 3220
3088 3219
3089 3272
3093 3131
3103 3243
3114 3425
3117 3422
3119 3318
3120 3151
3122 3255
3124 3386
3125 3226
3126 3197
3128 3364
3128 3412
3129 3294
3138 3207
3140 3411
3141 3365
3143 3155
3145 3371
3152 3230
3154 3304
3155 3406
3158 3185
3159 3239
3161 3225
3163 3222
3166 3367
3172 3352
3178 3265
3184 3271
3185 3201
3187 3431
3188 3279
3199 3223
3199 3315
3200 3445
3215 3378
3217 3294
3222 3358
3223 3307
3225 3313
3225 3343
3232 3242
3233 3315
3234 3353
3235 3443
3236 3351
3243 3278
3247 3398
3250 3373
3253 3271
3262 3311
3262 3333
3266 3300
3266 3429
3269 3347
3270 3454
3284 3414
3291 3437
3292 3344
3294 3424
3295 3344
3296 3421
3298 3441
3315 3334
3324 3355
3327 3356
3331 3376
3336 3429
3338 3422
3339 3409
3353 3424
3356 3363
3368 3391
3368 3439
3369 3435
3389 3410
3393 3396
3438 3447
