1584 3168
0 356
0 559
0 1483
0 1582
1 144
1 537
1 681
2 45
2 122
2 283
2 544
2 928
2 1043
2 1250
2 1520
3 787
3 1112
3 1299
4 48
4 1155
4 1579
5 167
5 985
5 1335
6 757
6 944
6 1326
7 879
7 1116
7 1282
8 439
8 908
8 1541
9 145
9 301
9 519
9 1312
10 15
10 98
10 903
10 1270
11 96
11 189
11 450
12 178
12 1115
12 1531
13 156
13 662
13 974
14 1290
14 1292
14 1527
15 235
15 607
16 182
16 408
16 1382
17 212
17 411
17 1329
18 195
18 449
18 821
18 1032
18 1180
18 1327
18 1353
18 1458
19 482
19 1149
19 1174
20 363
20 759
20 1531
21 923
21 929
21 1091
21 1167
21 1233
21 1323
21 1345
21 1393
22 241
22 270
22 350
23 1301
23 1396
23 1570
24 950
24 1271
24 1400
25 359
25 427
25 746
25 768
25 932
25 1218
25 1383
25 1544
26 788
26 1260
26 1380
27 141
27 254
27 260
27 386
27 828
27 1552
28 478
28 1144
28 1400
29 579
29 914
29 1405
30 142
30 212
30 498
31 563
31 777
31 939
31 1047
31 1139
31 1425
32 465
32 990
32 1190
33 199
33 229
33 394
33 580
33 589
33 893
34 296
34 1174
34 1527
35 450
35 659
35 703
36 338
36 703
36 789
37 116
37 281
37 1442
38 442
38 603
38 649
38 766
38 776
38 1422
39 155
39 316
39 485
40 176
40 398
40 1527
41 897
41 1060
41 1260
42 904
42 1136
42 1398
43 202
43 780
43 857
43 900
43 1357
43 1448
44 61
44 512
44 556
44 780
44 1318
44 1462
45 174
45 1215
46 632
46 842
46 1150
47 170
47 567
47 1032
47 1374
47 1522
47 1526
48 67
48 302
48 457
48 785
48 828
48 859
48 1569
49 1035
49 1041
49 1411
50 171
50 216
50 261
50 956
51 184
51 238
51 400
52 218
52 710
52 1282
53 154
53 535
53 827
53 928
54 588
54 752
54 1548
55 208
55 684
55 759
56 108
56 1349
56 1398
57 153
57 390
57 438
58 258
58 521
58 731
59 138
59 460
59 487
59 513
59 968
59 1252
60 179
60 205
60 359
60 360
60 369
60 813
60 814
60 1249
61 492
61 585
62 201
62 482
62 1099
63 88
63 425
63 1204
64 532
64 592
64 676
64 715
64 1043
64 1156
65 300
65 421
65 957
66 302
66 442
66 1321
66 1415
66 1485
66 1504
67 379
67 1202
68 922
68 1211
68 1292
69 203
69 394
69 840
69 848
69 885
69 1073
69 1347
69 1551
70 129
70 183
70 501
70 932
70 1114
70 1176
70 1235
70 1486
71 662
71 1506
71 1541
72 703
72 884
72 1129
73 314
73 878
73 1184
74 401
74 612
74 1377
74 1483
75 371
75 495
75 945
76 809
76 1431
76 1472
77 106
77 752
77 1184
78 902
78 985
78 1061
79 595
79 868
79 1516
80 174
80 346
80 979
81 190
81 781
81 1036
82 194
82 253
82 451
82 739
82 1571
82 1576
83 259
83 292
83 365
83 657
83 1198
83 1315
84 791
84 1137
84 1466
84 1583
85 355
85 1124
85 1255
86 206
86 355
86 1245
87 317
87 706
87 963
88 181
88 380
88 517
88 1052
88 1071
88 1239
88 1463
89 409
89 529
89 755
89 1159
90 255
90 470
90 761
90 898
90 1029
90 1324
91 96
91 379
91 706
92 112
92 710
92 1288
93 206
93 1104
93 1200
94 642
94 1150
94 1349
95 180
95 327
95 849
95 959
96 158
96 256
96 292
96 539
96 604
96 859
97 150
97 1245
97 1332
98 118
98 503
99 112
99 888
99 922
100 135
100 345
100 492
101 147
101 149
101 1283
102 1136
102 1388
102 1413
103 1111
103 1115
103 1369
104 629
104 891
104 1330
105 150
105 312
105 578
106 216
106 635
106 1528
107 118
107 1300
107 1352
108 239
108 523
108 672
108 1017
108 1327
109 1008
109 1185
109 1365
110 412
110 776
110 959
110 1485
111 251
111 443
111 506
112 388
112 1176
112 1193
112 1390
113 390
113 801
113 986
114 268
114 292
114 525
114 573
114 591
114 876
114 1052
114 1524
115 189
115 419
115 1513
116 209
116 472
116 1208
117 237
117 452
117 1290
118 1071
118 1128
118 1216
118 1375
119 212
119 1163
119 1257
120 364
120 396
120 955
121 398
121 655
121 1201
122 148
122 1189
123 212
123 914
123 1445
124 371
124 492
124 647
125 894
125 1386
125 1445
126 480
126 1045
126 1078
127 621
127 704
127 986
128 469
128 1175
128 1320
128 1331
128 1391
128 1407
129 931
129 1330
130 550
130 1307
130 1340
131 316
131 560
131 836
132 1245
132 1297
132 1501
133 476
133 593
133 733
133 977
133 1366
133 1528
134 599
134 766
134 1321
134 1328
134 1368
134 1461
134 1546
134 1569
135 310
135 447
135 477
135 1357
135 1473
136 319
136 632
136 1430
137 438
137 1105
137 1124
138 750
138 958
139 429
139 697
139 1271
140 868
140 1094
140 1332
141 706
141 1579
142 343
142 636
142 899
142 1359
142 1361
142 1421
142 1476
143 806
143 1004
143 1142
144 569
144 1363
144 1571
145 507
145 1575
146 148
146 1338
146 1532
147 596
147 1231
147 1313
147 1350
147 1517
148 575
148 713
148 1302
148 1397
149 159
149 183
149 313
149 416
149 1046
149 1160
149 1402
150 820
150 929
150 966
150 1192
151 756
151 801
151 1490
152 277
152 312
152 669
153 320
153 331
153 402
153 786
153 1070
153 1113
153 1387
154 163
154 1215
155 473
155 502
155 1285
156 525
156 575
156 1403
157 276
157 520
157 597
157 618
157 1165
157 1325
158 338
158 1179
159 277
159 732
160 306
160 633
160 817
160 966
161 242
161 686
161 746
161 829
161 1264
161 1450
162 445
162 1140
162 1207
162 1325
162 1436
162 1481
163 335
163 405
163 548
163 713
163 771
163 1156
163 1232
164 626
164 1275
164 1387
164 1498
165 330
165 393
165 530
165 695
165 768
165 1432
166 255
166 770
166 1062
166 1130
166 1254
166 1392
167 519
167 707
167 1556
168 400
168 480
168 1301
169 595
169 969
169 1129
170 237
170 710
171 869
171 1184
172 180
172 442
172 1135
172 1367
173 482
173 1138
173 1527
174 468
174 1232
175 666
175 1259
175 1316
176 234
176 414
176 547
176 571
176 926
176 951
176 1079
177 222
177 552
177 984
178 188
178 748
178 881
178 999
178 1243
178 1360
178 1461
179 950
179 1282
180 1472
181 904
181 1028
182 410
182 529
182 764
182 999
182 1109
183 492
184 310
184 342
184 512
184 619
184 1502
185 220
185 312
185 970
186 609
186 610
186 1445
187 466
187 1014
187 1078
188 760
188 1469
189 594
189 802
190 248
190 285
190 947
190 1534
190 1581
191 281
191 1340
191 1497
192 700
192 1202
192 1316
193 499
193 933
193 1272
193 1289
193 1459
193 1488
194 1084
194 1280
195 440
195 1041
196 663
196 681
196 1084
197 568
197 569
197 611
197 1143
197 1293
197 1319
198 409
198 866
198 1042
198 1151
199 1189
199 1532
200 346
200 560
200 759
201 1342
201 1367
201 1401
201 1485
201 1546
202 400
202 1074
203 1467
203 1567
204 218
204 314
204 1215
205 585
205 931
206 265
206 618
206 1107
206 1237
207 322
207 514
207 1104
208 276
208 326
208 1007
209 781
209 1386
210 421
210 1040
210 1228
211 1274
211 1349
211 1559
212 929
212 1118
212 1191
212 1529
213 789
213 1133
213 1406
214 222
214 1240
214 1541
215 331
215 494
215 653
215 742
215 1085
215 1195
216 989
217 542
217 685
217 831
217 987
217 1205
217 1324
218 304
218 583
218 769
218 772
219 710
219 878
219 989
220 313
220 500
220 692
220 812
220 1191
221 225
221 327
221 603
221 1401
222 527
222 645
222 977
222 1126
222 1152
222 1244
223 296
223 1040
223 1133
224 786
224 938
224 978
224 1072
225 250
225 1376
226 578
226 884
226 1578
227 325
227 598
227 859
227 1248
228 773
228 963
228 1199
229 1259
229 1501
230 506
230 522
230 705
231 572
231 663
231 1011
232 299
232 854
232 906
232 1098
232 1139
232 1146
232 1217
232 1512
233 891
233 950
233 1215
234 1212
234 1299
235 496
235 671
235 965
235 1412
235 1447
235 1449
235 1553
236 1111
236 1333
236 1579
237 546
237 672
237 887
237 1058
237 1351
237 1451
238 736
238 857
238 1029
239 1115
239 1283
240 310
240 563
240 780
240 1068
240 1246
240 1295
241 488
241 886
241 976
242 364
242 944
243 709
243 902
243 1335
244 901
244 974
244 1240
245 418
245 620
245 898
245 1047
245 1079
245 1494
245 1518
245 1560
246 950
246 1013
246 1501
247 378
247 491
247 522
248 700
248 868
249 676
249 823
249 954
249 995
250 570
250 660
250 849
250 907
250 1268
251 334
251 1117
251 1141
251 1315
251 1428
251 1487
251 1503
252 621
252 850
252 1335
253 403
253 425
254 397
254 759
255 347
256 506
256 662
257 307
257 516
257 708
257 1311
258 284
258 591
258 973
258 1108
258 1222
259 443
259 705
260 1212
260 1370
261 963
261 1548
262 638
262 781
262 953
263 511
263 1260
263 1396
264 1439
264 1497
264 1533
265 684
265 1012
266 273
266 856
266 1010
266 1296
267 888
267 1211
267 1389
268 1300
268 1338
269 281
269 1307
269 1349
270 673
270 711
270 896
270 962
270 1194
271 344
271 1204
271 1300
272 422
272 957
272 1570
273 989
273 1578
274 760
274 1206
274 1382
275 872
275 1126
275 1229
275 1235
275 1359
275 1544
276 298
277 431
277 448
277 824
277 1529
278 458
278 514
278 731
279 298
279 514
279 521
280 577
280 1136
280 1189
281 362
281 734
281 1057
281 1177
281 1295
282 942
282 1189
282 1337
283 669
283 1280
284 1104
284 1533
285 704
285 1469
286 756
286 819
286 1202
287 579
287 1149
287 1539
288 816
288 1196
288 1287
289 851
289 1169
289 1505
290 324
290 782
290 1147
291 344
291 521
291 1307
293 419
293 1179
293 1406
294 697
294 979
294 1163
295 659
295 1133
295 1513
296 540
296 649
296 1137
296 1231
296 1304
296 1401
297 300
297 1129
297 1262
298 414
298 630
298 664
298 1108
299 577
299 1343
300 321
300 613
300 689
300 744
300 1080
300 1248
301 902
301 1005
302 851
303 466
303 908
303 1081
304 1147
304 1329
305 1111
305 1240
305 1548
306 1245
306 1400
307 644
307 1081
308 578
308 990
308 1536
309 607
309 1242
309 1414
311 349
311 472
311 490
311 845
312 749
312 873
312 1167
312 1339
312 1421
313 969
314 381
314 691
314 1032
314 1193
314 1281
314 1351
315 550
315 1349
315 1497
316 468
316 538
316 827
316 1026
317 457
317 570
317 822
317 880
317 1137
318 432
318 775
318 1480
319 487
319 524
319 558
319 619
319 887
319 900
319 1327
320 765
320 1516
321 379
321 1564
322 653
322 973
322 1525
323 667
323 698
323 1467
324 407
324 712
324 839
324 1273
324 1356
324 1379
324 1508
325 706
325 1202
326 836
326 1549
327 1228
328 347
328 642
328 1008
329 627
329 833
329 1330
330 364
330 1236
331 1414
332 773
332 961
332 1115
333 1063
333 1354
333 1532
334 846
334 1096
335 669
335 1394
336 463
336 997
336 1121
336 1556
337 809
337 937
337 963
338 587
338 594
338 1080
338 1251
339 358
339 398
339 650
340 478
340 697
340 1014
341 719
341 755
341 1119
341 1491
342 415
342 1074
343 579
343 1536
344 641
344 739
344 1239
344 1319
345 813
345 1197
345 1266
345 1408
345 1462
346 473
346 535
346 1203
346 1577
347 464
347 518
347 567
347 987
347 1016
347 1152
348 850
348 1041
348 1061
349 781
349 1438
350 455
350 1210
350 1368
351 810
351 846
351 1019
352 374
352 1004
352 1082
353 750
353 775
353 984
354 383
354 414
354 613
354 702
354 905
354 1145
354 1409
354 1410
355 454
355 1046
355 1207
355 1224
355 1348
355 1487
356 637
356 809
357 651
357 708
357 762
357 976
358 496
358 515
358 1216
358 1353
358 1451
359 1027
360 704
360 1330
361 667
361 1001
361 1225
362 609
362 1438
363 685
363 871
363 1392
364 366
364 469
364 808
364 960
364 1154
365 662
365 1202
366 371
366 1173
367 711
367 798
367 1314
367 1496
368 945
368 1163
368 1335
369 1144
369 1215
370 937
370 1076
370 1147
371 716
372 616
372 665
372 716
372 783
372 993
372 1266
372 1356
372 1566
373 860
373 985
373 1541
374 467
374 532
374 597
374 612
374 656
374 1457
374 1582
375 867
375 901
375 984
376 797
376 1505
376 1531
377 501
377 658
377 1249
377 1521
378 907
378 965
378 1015
378 1100
378 1270
378 1426
378 1545
379 1187
380 860
380 1005
381 989
381 1069
382 386
382 661
382 778
382 951
383 858
383 969
384 610
384 922
384 1385
385 543
385 1010
385 1277
385 1345
386 1539
387 670
387 855
387 909
387 1582
388 627
388 1542
389 470
389 589
389 1492
389 1494
390 913
390 1102
391 739
391 742
391 1031
391 1293
392 629
392 986
392 1041
393 1002
393 1420
394 399
395 642
395 760
395 975
396 502
396 505
396 688
396 795
396 1023
396 1120
396 1404
397 469
397 728
397 741
397 772
397 935
397 1440
397 1554
398 625
398 1128
398 1547
399 515
399 541
399 721
399 745
399 1048
399 1183
399 1447
400 616
400 874
400 1408
401 1069
401 1301
402 491
402 1035
403 1195
403 1319
403 1334
404 842
404 1405
404 1452
405 917
405 1045
406 1115
406 1441
406 1444
407 622
407 833
408 1159
409 1469
410 1469
410 1505
411 631
411 636
411 873
412 1376
412 1472
413 560
413 958
413 984
415 606
415 714
415 857
415 930
415 1266
416 953
416 1105
417 1204
417 1337
417 1532
418 577
418 1204
419 660
419 744
419 822
419 1059
420 648
420 889
420 1226
420 1304
420 1402
420 1416
421 570
421 802
421 1470
421 1509
422 843
422 1514
422 1555
423 467
423 586
423 796
423 1573
424 601
424 715
424 1039
424 1317
425 751
425 1164
425 1278
425 1293
426 429
426 851
426 1170
427 850
427 1147
428 694
428 879
428 1034
429 582
429 640
429 1006
429 1368
429 1474
429 1496
430 781
430 911
430 912
431 969
431 1172
432 528
432 1252
432 1561
433 495
433 667
433 975
434 1036
434 1105
434 1172
435 895
435 1095
435 1306
435 1523
436 465
436 663
436 1352
437 752
437 955
437 963
438 938
438 1348
439 740
439 770
439 1083
439 1194
439 1205
439 1295
439 1373
440 546
440 646
440 1038
440 1128
440 1447
441 453
441 468
441 535
441 614
441 1279
441 1495
443 534
443 1100
443 1158
443 1373
444 536
444 657
444 1066
444 1294
445 684
445 1396
446 1012
446 1260
446 1301
447 1049
447 1242
448 491
448 1013
449 452
449 1002
450 689
450 992
450 1230
450 1535
451 878
451 1478
452 793
452 1021
452 1306
452 1507
453 1060
453 1196
454 694
454 705
455 851
455 1014
456 503
456 1527
456 1539
457 588
458 641
458 751
458 1108
459 509
459 552
459 627
460 867
460 1209
461 1349
461 1365
461 1430
462 607
462 642
462 1228
463 507
463 850
464 897
464 1166
465 841
465 948
465 1010
465 1017
465 1350
465 1402
466 673
466 1474
467 1142
470 1136
471 759
471 847
471 994
472 1478
473 816
474 964
474 1169
474 1199
475 537
475 572
475 1343
476 955
476 1111
477 585
477 1173
478 576
478 640
478 983
478 1192
479 578
479 709
479 1196
480 606
480 724
480 1217
480 1258
480 1328
480 1360
481 503
481 1149
481 1370
482 603
482 880
482 889
482 1313
482 1466
483 621
483 677
483 1035
484 767
484 984
484 1475
485 737
485 1555
485 1577
486 637
486 1431
486 1515
487 1405
488 560
488 644
489 1012
489 1333
489 1380
490 678
490 1445
491 534
491 692
491 741
491 1181
491 1429
492 553
492 1154
493 819
493 958
493 1301
494 602
494 666
495 530
495 783
495 1264
495 1477
496 1259
497 811
497 979
497 1060
498 749
498 845
498 1053
498 1088
498 1540
499 805
499 1078
500 732
500 1172
501 833
502 1282
503 1433
503 1476
503 1500
504 602
504 1414
504 1439
505 794
505 1034
506 1065
506 1066
506 1524
507 980
507 1261
507 1409
507 1551
508 732
508 743
508 1223
509 510
509 695
509 814
509 829
509 1134
509 1235
509 1284
510 1147
510 1575
511 606
511 803
511 864
511 874
511 909
511 1123
511 1377
512 1468
513 842
513 1536
514 876
514 1530
514 1538
515 1333
516 912
516 1478
517 662
517 1338
518 788
518 1209
519 1028
520 731
520 1064
521 1278
522 1083
522 1256
522 1315
522 1437
523 1340
523 1559
524 1452
524 1536
525 1541
526 1008
526 1292
526 1559
527 1185
527 1399
528 566
528 984
529 1206
530 1290
531 773
531 797
531 1111
532 1245
533 743
533 760
533 1505
534 607
536 846
536 915
537 841
537 1030
537 1320
537 1482
538 816
538 1116
539 700
539 756
540 1138
540 1149
541 1316
541 1414
542 994
542 1012
543 578
543 1405
544 970
544 1394
545 693
545 741
545 1106
545 1347
546 621
547 574
547 1149
548 970
548 1280
549 815
549 1348
549 1416
549 1517
550 720
550 740
550 1068
550 1208
550 1511
550 1543
551 1316
551 1490
551 1537
552 554
552 899
552 932
552 1381
553 627
553 1172
554 914
554 952
555 647
555 879
555 955
556 986
556 1049
557 585
557 833
557 891
558 1150
558 1456
559 1472
559 1515
560 643
560 762
560 1419
560 1435
561 669
561 1055
561 1178
562 607
562 666
562 986
563 863
564 577
564 863
564 1468
565 602
565 765
565 1035
566 699
566 890
566 991
567 1365
568 781
568 878
569 1280
571 731
571 1129
572 605
572 728
572 808
572 1122
573 974
573 1506
574 646
574 832
574 1101
574 1216
574 1395
575 1269
576 732
576 1132
577 1246
577 1298
578 754
578 1118
578 1263
579 903
579 1033
579 1375
580 1413
580 1493
581 767
581 894
581 912
582 1303
582 1369
583 970
583 1055
584 897
584 1380
584 1570
585 616
585 714
586 806
586 1082
587 1144
587 1444
588 668
588 854
588 919
588 956
588 1273
588 1557
589 1269
590 1269
590 1354
590 1506
591 1497
592 806
592 818
593 901
593 1541
594 1202
595 905
595 1024
596 1124
596 1536
597 666
598 703
598 1564
599 1014
599 1170
600 847
600 1115
600 1505
601 681
601 794
602 938
602 1102
602 1181
602 1275
602 1344
604 819
604 1316
605 805
605 1280
607 1051
607 1268
607 1437
608 645
608 968
608 1153
608 1572
609 1053
609 1208
610 696
610 1540
611 1069
611 1478
612 1431
613 884
614 811
614 1380
615 904
615 1019
615 1201
617 904
617 974
617 985
618 655
619 655
620 860
620 1398
621 1022
621 1253
621 1353
621 1580
622 899
622 1229
622 1356
622 1455
622 1558
623 888
623 1149
623 1290
624 721
624 754
624 825
624 856
624 1233
624 1305
625 1104
625 1299
626 756
626 1537
627 658
627 1056
627 1160
627 1544
628 654
628 782
628 937
629 1148
629 1249
629 1534
629 1580
630 726
630 1129
631 782
631 914
632 1042
632 1491
633 868
633 1132
634 644
634 767
634 1424
635 1240
635 1262
636 1076
637 959
637 1135
638 910
638 1089
638 1148
638 1464
638 1479
639 969
639 1132
639 1271
640 1081
641 1497
642 907
642 1109
642 1157
642 1522
643 1475
643 1480
644 747
645 984
646 650
647 686
647 728
647 1087
647 1331
647 1404
647 1432
648 1124
648 1405
649 1099
650 903
650 1463
650 1500
650 1568
651 911
651 1081
652 860
652 1028
652 1300
653 1497
654 766
654 769
654 1214
654 1284
654 1342
654 1379
654 1383
655 832
655 973
655 1140
655 1448
655 1538
656 818
656 917
657 1417
658 931
659 791
659 1080
660 1040
661 726
661 1299
662 1222
662 1530
662 1563
663 690
663 1363
663 1407
664 1064
664 1200
665 1061
665 1163
666 1009
666 1015
666 1070
666 1183
667 861
667 1318
667 1459
667 1473
667 1523
668 706
668 1040
669 772
669 1191
670 878
670 1301
671 961
671 1579
672 842
673 697
674 1299
674 1564
674 1579
675 794
675 879
675 1045
676 1343
677 1322
677 1409
677 1454
678 1044
678 1088
678 1435
679 904
679 915
679 1299
680 936
680 992
680 1025
680 1243
680 1247
680 1251
681 823
682 979
682 1196
682 1380
683 911
683 1465
683 1478
684 1574
685 1396
686 1236
687 1444
687 1505
687 1565
688 998
688 1537
689 789
690 1283
690 1326
691 1178
691 1282
692 865
693 818
693 1501
694 823
694 1120
694 1141
694 1317
695 709
696 934
696 1389
697 708
697 747
697 1279
697 1314
698 882
698 916
698 1021
699 819
699 1223
700 790
700 803
700 940
700 991
700 1464
701 817
701 838
701 1024
701 1446
701 1464
701 1581
702 703
702 1262
703 1059
703 1187
703 1509
704 1090
704 1479
704 1521
705 738
705 779
705 835
705 967
705 1161
706 1276
706 1321
706 1499
707 709
707 1061
709 746
709 923
709 1125
709 1362
710 1110
710 1241
710 1458
710 1550
711 1081
712 963
712 1515
713 1204
714 945
715 1011
716 1420
717 1034
717 1078
717 1169
718 922
718 934
718 1219
719 998
719 1456
720 837
720 1385
721 1542
722 1014
722 1081
722 1271
723 867
723 1166
723 1452
724 1199
724 1441
725 759
725 1064
725 1549
726 1101
726 1234
726 1267
726 1410
726 1518
726 1547
727 810
727 915
727 1220
729 1111
729 1280
729 1493
730 865
730 1144
730 1501
731 1007
731 1410
732 800
732 905
732 925
732 1162
733 961
733 1548
734 1288
734 1385
735 888
735 1002
735 1527
736 1388
736 1542
737 811
737 1287
738 1096
738 1220
740 1468
742 805
743 755
743 999
743 1151
743 1418
743 1479
743 1534
744 1399
745 863
745 1578
747 911
748 1078
748 1444
749 914
750 890
750 982
751 1307
752 972
753 858
753 868
753 1035
754 1262
756 804
756 1183
757 882
757 1058
757 1095
757 1180
757 1265
758 770
758 831
758 967
758 1428
759 862
759 1026
760 927
760 1159
761 1074
761 1542
762 1424
763 965
763 1051
763 1375
763 1500
764 975
764 1365
765 812
765 824
765 1100
765 1106
765 1437
765 1554
767 853
767 976
767 1026
767 1044
767 1203
768 985
769 1163
771 1189
771 1354
773 830
773 854
773 1006
774 878
774 1004
774 1223
775 792
775 940
776 844
777 1199
777 1343
778 1155
778 1370
779 931
779 1441
781 1311
781 1576
782 1361
783 1510
784 1112
784 1201
784 1564
785 963
785 1040
786 1255
787 1187
787 1248
787 1364
788 918
788 1308
789 1583
790 1301
790 1475
791 1406
792 819
792 1168
793 944
793 1352
794 954
794 1161
794 1487
795 801
795 975
796 878
796 1168
797 881
797 883
797 1017
797 1025
797 1221
797 1227
798 1014
798 1565
799 901
799 957
799 1185
800 1094
800 1271
801 1072
801 1427
801 1498
802 1406
803 958
804 1259
804 1414
805 889
805 1093
805 1231
805 1334
805 1391
806 855
806 1009
806 1165
806 1186
806 1483
807 904
807 1005
807 1300
808 1055
809 852
809 1273
809 1504
810 1065
810 1198
811 843
811 923
811 1263
812 1013
813 833
814 1213
815 1105
815 1255
816 843
817 1094
818 840
818 966
818 1207
818 1237
818 1355
819 864
819 910
819 1581
820 1144
820 1271
821 842
821 1274
822 1228
824 865
825 989
825 1190
826 897
826 1185
826 1209
827 979
828 1112
829 985
830 1014
830 1303
831 1378
832 1299
833 835
833 1117
833 1291
834 942
834 1338
834 1354
835 964
836 871
836 920
836 1203
836 1440
836 1552
836 1574
837 1057
837 1193
837 1241
838 858
838 1516
839 931
839 952
840 1297
841 1326
842 875
842 1448
842 1502
844 852
844 1276
844 1367
844 1460
844 1569
845 894
846 967
847 871
847 881
847 1083
847 1158
848 1259
848 1337
849 1099
850 1284
850 1312
851 1276
851 1342
851 1360
851 1422
852 1082
853 958
853 1480
855 1431
856 1184
858 925
860 941
860 1125
860 1434
860 1471
861 998
861 1420
862 1055
862 1155
863 946
863 1029
863 1056
863 1176
863 1305
864 1475
865 1073
866 975
866 1456
867 1244
868 910
869 972
869 1366
869 1489
870 1184
870 1190
870 1578
872 901
872 984
873 1163
874 1169
875 1430
875 1456
876 1307
877 1099
877 1228
877 1376
878 1377
879 960
879 1037
879 1285
879 1427
880 1133
882 1174
883 961
883 1369
884 1233
884 1489
884 1528
885 1013
885 1144
886 908
886 1170
887 1274
888 949
888 1526
890 1480
891 1127
891 1134
891 1197
891 1218
891 1521
892 1045
892 1169
892 1565
893 942
893 1204
894 1419
895 1049
895 1467
896 1378
896 1541
898 1413
900 1104
901 1016
901 1153
901 1381
902 1121
904 1362
904 1560
906 1169
906 1441
908 981
908 1210
908 1314
909 1069
912 1435
913 1242
913 1537
914 1229
914 1371
914 1433
915 996
915 1272
915 1434
916 1049
916 1303
917 995
917 1039
917 1186
917 1520
918 1166
918 1185
919 937
919 1515
920 994
920 1531
921 1111
921 1269
921 1394
924 1386
924 1438
924 1478
925 1129
926 1136
926 1236
927 998
927 1365
928 1282
930 1169
930 1301
931 1197
931 1455
931 1503
933 1049
933 1225
934 1057
934 1543
935 970
935 1178
936 964
936 1115
937 1291
937 1455
937 1558
937 1566
939 1136
939 1204
940 1223
941 1019
941 1299
942 1397
943 1287
943 1399
943 1570
944 1079
944 1234
944 1432
945 1103
945 1238
945 1408
945 1508
945 1558
946 1074
946 1388
947 953
947 1478
948 1115
948 1274
949 1008
949 1398
950 1073
950 1192
950 1251
950 1535
951 1201
952 1291
952 1359
952 1508
952 1566
953 1113
953 1224
953 1275
954 1519
955 956
955 971
957 1018
957 1059
957 1152
957 1443
957 1512
958 1561
960 1548
961 971
961 1067
961 1358
961 1453
962 1170
962 1424
963 1098
964 1217
964 1227
964 1503
968 1166
969 983
969 1418
969 1484
970 1529
971 1240
972 989
974 977
974 981
974 1125
974 1194
975 1037
975 1310
975 1491
978 986
978 1537
979 1341
980 1129
980 1411
981 1378
982 1452
982 1475
983 1094
985 1263
985 1393
986 1473
986 1545
987 1388
988 1000
988 1031
988 1122
988 1175
988 1195
988 1304
988 1313
988 1488
990 1296
990 1323
991 1168
992 1144
993 1329
993 1335
994 1062
995 1011
996 1001
996 1138
997 1567
997 1575
998 1042
998 1109
998 1427
998 1477
1000 1001
1000 1078
1001 1077
1001 1093
1001 1188
1002 1058
1002 1131
1002 1264
1002 1336
1002 1423
1003 1219
1003 1442
1003 1445
1004 1286
1005 1556
1006 1467
1007 1200
1008 1351
1008 1458
1009 1200
1011 1139
1011 1298
1011 1320
1012 1123
1012 1392
1012 1412
1012 1481
1014 1054
1015 1242
1016 1399
1018 1260
1018 1287
1019 1188
1019 1289
1019 1294
1020 1155
1020 1212
1020 1539
1021 1138
1022 1061
1022 1575
1023 1116
1023 1215
1024 1035
1025 1441
1027 1134
1028 1121
1030 1084
1030 1519
1031 1439
1033 1370
1033 1527
1034 1156
1034 1258
1034 1520
1036 1046
1036 1089
1036 1344
1036 1387
1037 1537
1038 1259
1038 1333
1039 1343
1040 1466
1041 1075
1041 1090
1041 1451
1041 1454
1043 1045
1044 1465
1045 1120
1047 1189
1048 1337
1048 1501
1049 1077
1049 1310
1049 1477
1050 1274
1050 1340
1050 1398
1051 1333
1052 1063
1053 1219
1054 1369
1054 1467
1055 1106
1055 1331
1055 1429
1055 1552
1056 1211
1060 1308
1060 1346
1060 1412
1061 1238
1062 1396
1063 1397
1063 1563
1064 1574
1065 1417
1066 1225
1067 1269
1067 1280
1068 1378
1069 1110
1069 1286
1069 1573
1069 1576
1070 1439
1071 1326
1072 1242
1075 1335
1075 1575
1076 1371
1076 1379
1077 1417
1078 1247
1078 1496
1081 1341
1081 1495
1082 1415
1084 1143
1085 1307
1085 1533
1086 1259
1086 1542
1086 1578
1087 1173
1087 1510
1088 1386
1089 1478
1090 1242
1091 1262
1091 1578
1092 1219
1092 1385
1092 1389
1093 1565
1095 1138
1096 1130
1096 1205
1097 1199
1097 1209
1097 1399
1098 1369
1101 1527
1102 1255
1103 1420
1103 1510
1104 1325
1104 1395
1104 1502
1105 1141
1105 1161
1105 1237
1105 1436
1107 1396
1107 1549
1110 1184
1111 1553
1112 1358
1112 1499
1112 1553
1113 1490
1114 1211
1114 1542
1116 1577
1117 1441
1118 1400
1119 1382
1119 1469
1122 1394
1123 1570
1126 1480
1127 1144
1127 1282
1129 1322
1130 1378
1131 1149
1131 1292
1132 1446
1135 1376
1136 1234
1136 1471
1138 1289
1140 1200
1142 1460
1142 1504
1143 1394
1145 1411
1145 1567
1146 1166
1146 1399
1147 1422
1147 1546
1147 1562
1148 1469
1149 1547
1150 1309
1151 1382
1153 1480
1154 1510
1155 1440
1155 1499
1157 1340
1157 1430
1158 1378
1160 1173
1162 1168
1162 1469
1163 1495
1163 1562
1164 1189
1164 1300
1165 1414
1166 1443
1167 1400
1168 1286
1168 1418
1169 1461
1171 1303
1171 1501
1171 1567
1172 1224
1172 1226
1172 1350
1172 1486
1173 1462
1173 1486
1174 1188
1174 1272
1174 1306
1175 1280
1177 1378
1177 1468
1178 1214
1178 1550
1178 1562
1179 1230
1179 1470
1180 1290
1181 1516
1182 1269
1182 1337
1182 1413
1185 1254
1185 1324
1185 1522
1186 1245
1189 1239
1190 1277
1196 1393
1196 1555
1198 1225
1199 1298
1199 1443
1199 1557
1200 1457
1201 1267
1201 1364
1201 1395
1201 1434
1202 1230
1202 1524
1204 1250
1209 1512
1209 1572
1210 1424
1211 1241
1211 1281
1212 1267
1213 1218
1214 1329
1215 1285
1215 1550
1220 1294
1220 1428
1221 1274
1221 1283
1222 1307
1223 1484
1223 1573
1226 1283
1227 1444
1228 1426
1232 1282
1236 1265
1236 1507
1236 1518
1238 1329
1240 1489
1242 1318
1242 1580
1243 1565
1244 1480
1245 1347
1245 1436
1246 1542
1247 1505
1250 1354
1252 1475
1253 1411
1253 1516
1254 1388
1256 1378
1256 1531
1257 1339
1257 1361
1257 1371
1258 1565
1259 1305
1260 1514
1261 1467
1261 1501
1262 1366
1265 1352
1268 1365
1270 1333
1277 1283
1278 1497
1279 1329
1281 1288
1283 1296
1283 1482
1288 1543
1290 1372
1290 1384
1290 1450
1292 1374
1292 1390
1297 1429
1297 1554
1300 1563
1300 1568
1302 1493
1302 1506
1303 1336
1303 1372
1303 1523
1303 1551
1307 1525
1308 1570
1309 1340
1309 1365
1310 1420
1311 1465
1312 1567
1316 1498
1317 1519
1322 1567
1323 1405
1326 1336
1326 1384
1326 1507
1326 1568
1328 1505
1329 1339
1329 1341
1332 1355
1332 1446
1333 1346
1333 1358
1334 1439
1337 1492
1343 1407
1344 1490
1345 1536
1346 1396
1352 1372
1352 1423
1352 1463
1352 1482
1354 1403
1355 1400
1357 1468
1362 1541
1363 1519
1364 1579
1365 1426
1369 1557
1373 1531
1374 1398
1380 1449
1381 1480
1383 1575
1384 1467
1388 1494
1389 1390
1391 1394
1394 1453
1394 1571
1396 1449
1399 1509
1399 1514
1403 1493
1404 1548
1405 1476
1405 1517
1414 1457
1414 1545
1415 1515
1416 1536
1417 1459
1419 1465
1420 1450
1421 1445
1423 1467
1425 1468
1425 1542
1433 1536
1438 1511
1439 1525
1442 1511
1442 1540
1444 1535
1452 1561
1452 1572
1453 1493
1454 1516
1460 1515
1469 1484
1470 1513
1471 1559
1474 1565
1481 1549
1488 1565
1492 1493
1497 1530
1513 1583
1526 1559
1533 1538
1559 1560
