720 1440
0 286
0 332
0 582
1 30
1 54
1 97
1 149
1 361
1 670
2 308
2 582
2 685
3 157
3 273
3 509
4 393
4 544
4 661
5 387
5 505
5 698
6 170
6 351
6 370
6 396
7 198
7 314
7 495
8 180
8 533
8 582
9 116
9 192
9 296
9 464
9 686
9 705
10 141
10 380
10 661
11 128
11 133
11 609
11 681
12 301
12 510
12 564
13 17
13 52
13 54
13 62
13 96
13 145
13 568
13 608
14 419
14 503
14 707
15 511
15 593
15 635
16 54
16 143
16 171
16 244
16 536
16 540
16 543
16 632
17 268
17 332
18 266
18 275
18 382
18 696
19 209
19 538
19 542
20 387
20 546
20 658
21 342
21 392
21 419
22 311
22 350
22 529
23 38
23 341
23 470
24 142
24 490
24 495
25 167
25 223
25 261
25 378
25 443
25 597
26 44
26 145
26 473
26 628
27 85
27 170
27 324
27 379
27 585
27 689
28 82
28 176
28 213
28 396
29 67
29 92
29 392
30 43
30 674
31 303
31 384
31 412
31 430
31 675
31 686
31 709
31 717
32 321
32 392
32 483
33 408
33 560
33 604
33 657
34 105
34 232
34 402
34 428
34 496
34 507
34 612
34 684
35 62
35 195
35 234
35 354
36 132
36 235
36 322
36 532
36 541
36 714
37 497
37 661
37 693
38 41
38 85
38 437
38 525
38 641
39 65
39 186
39 216
39 459
39 637
39 679
40 57
40 232
40 265
40 539
40 559
40 634
40 651
40 689
41 152
41 246
42 104
42 311
42 667
43 130
43 161
43 543
43 634
43 636
44 617
44 663
45 134
45 178
45 335
45 339
45 366
45 383
45 411
45 653
46 208
46 662
46 708
47 451
47 495
47 550
48 58
48 169
48 190
48 254
48 263
48 290
48 360
48 540
49 209
49 544
49 562
50 104
50 611
50 677
51 131
51 566
51 706
52 616
52 635
53 386
53 389
53 504
53 573
55 81
55 283
55 570
55 622
56 369
56 374
56 429
56 627
57 534
57 706
58 131
58 200
59 194
59 201
59 327
59 515
60 243
60 542
60 700
61 180
61 454
61 498
62 497
63 472
63 553
63 666
64 89
64 345
64 630
65 490
65 505
66 592
66 640
66 711
67 179
67 188
67 219
67 334
67 402
67 598
67 649
68 127
68 222
68 694
69 346
69 538
69 551
70 164
70 556
70 619
71 74
71 111
71 119
71 458
71 461
71 466
71 657
71 659
72 413
72 445
72 498
73 202
73 284
73 348
73 463
73 522
73 537
73 559
73 649
74 120
74 497
75 478
75 483
75 630
76 111
76 163
76 197
76 206
76 211
76 554
76 651
76 665
77 418
77 439
77 589
78 112
78 588
78 669
79 419
79 478
79 542
80 104
80 292
80 385
81 154
81 434
82 440
82 530
83 481
83 551
83 616
84 99
84 282
84 368
84 412
84 552
84 569
84 621
84 625
85 445
86 226
86 314
86 562
87 362
87 381
87 424
88 341
88 392
88 505
89 251
89 255
89 420
89 433
89 448
89 512
89 525
90 123
90 180
90 362
91 147
91 248
91 367
92 138
92 287
92 386
93 144
93 187
93 646
93 670
94 141
94 154
94 668
95 142
95 154
95 708
96 381
96 490
97 503
97 534
98 301
98 491
98 672
99 215
99 680
100 110
100 510
100 710
101 198
101 248
101 680
102 215
102 471
102 589
103 273
103 547
103 711
104 285
104 357
104 526
104 583
104 660
105 633
105 654
106 200
106 375
106 445
107 270
107 435
107 666
108 313
108 471
108 518
109 196
109 393
109 668
110 449
110 568
110 595
110 629
110 692
111 292
112 186
112 386
112 417
112 433
112 462
113 125
113 286
113 519
114 246
114 345
114 530
115 134
115 223
115 319
115 494
115 577
115 660
116 240
116 271
117 185
117 305
117 495
118 131
118 547
118 693
119 346
119 439
120 181
120 428
120 559
120 574
120 602
120 641
120 701
121 259
121 269
121 330
121 333
121 371
121 591
122 129
122 222
122 226
123 317
123 477
123 626
124 338
124 454
124 582
125 236
125 261
125 339
125 422
125 526
126 131
126 567
126 671
127 482
127 561
127 696
128 564
128 672
129 214
129 382
129 605
130 503
130 635
131 181
131 397
131 410
131 436
132 313
132 329
133 332
133 617
134 639
135 256
135 288
135 547
136 362
136 547
136 592
137 268
137 672
137 710
138 164
138 478
139 373
139 412
139 432
139 463
139 549
139 612
140 313
140 390
140 470
141 279
141 293
141 458
141 631
142 174
142 276
143 218
143 671
144 320
144 662
145 300
146 198
146 415
146 593
147 159
147 189
147 429
148 474
148 611
148 663
149 177
149 511
150 534
150 635
150 674
151 419
151 566
151 674
152 278
152 306
152 324
152 422
152 426
152 637
152 687
153 363
153 593
153 704
154 403
154 521
154 577
154 584
154 618
155 219
155 228
155 294
155 323
155 358
155 625
156 385
156 480
156 497
157 467
157 475
157 645
158 205
158 338
158 362
159 502
159 518
160 270
160 309
160 695
161 531
161 706
162 222
162 380
162 542
163 589
163 638
164 228
164 284
164 343
164 507
164 594
164 715
165 172
165 342
165 601
166 271
166 453
166 533
167 332
167 498
168 248
168 262
168 484
169 454
169 630
170 345
171 350
171 481
172 282
172 284
172 402
172 482
172 605
173 206
173 365
173 676
173 682
174 248
174 654
175 311
175 551
175 642
176 321
176 478
177 187
177 193
177 211
177 578
177 655
178 292
178 311
179 256
179 669
180 328
181 640
182 341
182 590
182 630
183 212
183 308
183 680
184 274
184 320
184 511
185 614
185 631
185 718
186 623
187 635
188 619
188 704
189 262
189 495
190 212
190 567
191 248
191 305
191 451
192 620
192 685
193 363
193 556
194 557
194 695
195 508
195 617
196 276
196 293
196 295
196 319
196 622
196 699
196 716
197 661
197 667
198 211
198 357
198 366
198 369
198 664
199 509
199 562
199 642
200 207
200 464
200 572
200 687
201 288
201 435
202 592
202 668
203 262
203 438
203 638
204 329
204 341
204 678
205 328
205 468
205 586
206 280
207 398
207 520
208 442
208 457
208 487
208 578
208 581
209 259
209 267
209 369
209 423
210 229
210 388
210 394
210 429
210 499
210 599
212 377
212 571
212 572
212 574
212 579
212 697
213 392
213 630
214 355
214 650
215 225
215 315
215 359
215 657
216 469
216 669
217 248
217 314
217 677
218 263
218 293
218 348
218 584
218 684
219 556
220 495
220 677
220 680
221 398
221 424
221 556
222 456
223 385
224 447
224 545
224 619
225 280
225 418
226 333
226 696
227 338
227 498
227 533
228 704
229 313
229 418
230 363
230 434
230 662
231 439
231 601
231 680
232 693
233 277
233 340
233 446
233 488
234 431
234 663
235 305
235 345
236 445
236 582
237 416
237 418
237 672
238 418
238 510
238 553
239 288
239 440
239 640
240 353
240 399
240 580
241 440
241 547
241 666
242 260
242 268
242 548
243 298
243 330
243 476
243 627
243 664
244 534
244 700
245 345
245 470
245 520
246 265
246 304
246 351
246 656
247 419
247 511
247 662
248 570
248 614
249 534
249 538
249 616
250 346
250 350
250 700
251 392
251 658
252 350
252 509
252 616
253 317
253 586
253 600
253 717
254 321
254 533
255 469
255 544
256 289
256 316
256 396
256 558
256 595
256 715
257 322
257 336
257 450
257 464
257 501
257 577
257 683
257 716
258 260
258 286
258 498
259 380
260 437
260 443
260 514
260 568
260 602
260 609
261 695
262 365
263 616
264 546
264 547
264 633
265 313
266 542
266 544
267 502
267 677
268 289
268 356
268 405
269 314
269 694
270 291
270 524
271 606
271 712
272 378
272 383
272 444
272 521
272 583
272 716
273 325
273 337
273 340
273 348
273 360
273 496
274 326
274 487
274 646
275 342
275 380
276 434
277 509
277 592
278 413
278 582
279 305
279 451
280 299
280 516
281 471
281 553
281 672
282 542
283 495
283 654
285 413
285 529
286 444
286 486
286 494
287 387
287 469
288 291
288 528
288 644
289 707
290 305
290 592
291 381
292 394
292 506
292 703
294 564
294 601
295 533
295 546
296 424
296 704
297 300
297 311
297 480
298 380
298 562
299 415
299 638
300 352
300 354
300 461
300 701
301 425
301 514
302 320
302 342
302 478
303 398
303 704
304 445
304 678
305 337
305 587
305 718
306 553
306 588
307 505
307 588
307 654
308 317
308 436
308 468
308 580
309 310
309 327
309 713
310 472
310 529
311 378
311 395
311 494
312 329
312 375
312 390
313 331
313 379
313 687
314 359
314 436
314 552
314 571
315 346
315 661
316 640
316 666
318 533
318 630
318 671
319 520
320 414
320 492
320 688
321 448
321 523
321 702
322 517
323 447
323 650
324 678
325 362
325 640
326 363
326 708
327 519
328 711
329 336
329 525
329 610
330 544
331 445
331 567
332 425
332 563
332 641
332 692
333 680
334 440
334 623
335 413
335 642
336 345
337 671
338 626
339 529
340 481
341 462
341 624
341 702
341 719
342 368
342 423
342 456
342 476
343 440
343 669
344 345
344 390
344 550
345 702
347 416
347 471
347 510
349 616
349 668
349 671
350 560
350 673
351 590
352 385
352 611
353 398
353 620
354 548
355 368
355 376
355 507
355 561
355 649
356 447
356 510
357 480
358 545
358 710
359 601
360 550
361 548
361 616
362 384
363 372
363 555
364 381
364 548
364 654
365 513
366 611
367 407
367 460
367 676
370 440
370 483
371 509
371 529
372 509
372 566
373 424
373 601
374 484
374 518
375 426
375 455
375 541
375 599
375 656
375 689
376 542
376 601
377 706
377 707
379 531
380 433
380 466
380 719
381 515
381 675
382 694
383 474
384 435
385 444
385 479
385 653
385 673
387 417
388 513
388 667
389 469
389 607
390 501
390 587
390 652
391 453
391 454
391 620
392 594
392 688
393 427
393 466
393 584
393 718
394 438
395 497
395 611
397 535
397 707
398 606
398 683
399 401
399 582
400 401
400 498
400 685
401 410
401 477
401 571
401 586
403 454
403 546
404 619
404 650
404 710
405 440
405 566
406 474
406 480
406 508
407 484
407 495
408 439
408 661
409 480
409 639
409 663
410 680
411 480
411 677
413 486
413 597
414 503
414 566
415 539
415 565
415 655
415 659
415 682
415 703
416 452
416 465
416 489
416 637
416 644
416 717
417 607
418 455
418 467
418 488
419 646
420 470
420 678
421 491
421 601
421 619
422 498
423 700
424 489
424 569
424 600
424 647
425 431
426 567
427 451
427 550
428 531
430 493
430 553
431 609
431 628
432 547
432 698
434 487
435 608
435 647
435 648
437 693
438 500
438 676
439 516
439 552
440 629
441 550
441 592
441 671
442 509
442 707
443 582
445 459
445 465
446 471
446 700
447 449
448 590
449 672
450 470
450 590
452 485
452 666
453 501
453 532
454 523
454 699
454 712
455 518
456 544
457 481
457 566
458 544
459 553
460 513
460 638
461 693
462 544
463 654
465 588
467 700
468 493
469 575
469 719
470 541
471 516
471 599
471 645
472 527
472 644
473 497
473 548
474 660
475 481
475 592
476 538
477 493
478 512
478 598
478 624
479 529
479 551
481 555
481 591
481 603
482 650
483 558
484 499
485 528
485 691
485 713
486 695
488 538
489 493
490 522
490 570
490 576
490 612
490 648
491 625
491 681
492 674
492 707
496 668
498 580
499 502
500 518
500 667
502 664
504 658
504 698
505 512
505 573
506 513
506 518
508 565
508 596
508 628
508 651
509 632
510 681
514 617
515 666
517 615
517 652
517 712
519 524
519 597
520 521
520 532
520 610
520 652
520 705
522 633
523 671
524 557
526 642
527 557
527 642
528 553
529 603
529 691
530 558
530 585
531 537
531 554
531 565
531 656
531 690
533 615
533 618
534 690
535 579
535 634
535 690
536 548
536 635
537 693
538 543
538 560
538 645
539 663
540 668
542 688
545 561
545 605
546 549
546 573
547 574
548 648
548 692
549 640
550 614
550 631
550 714
551 604
551 632
553 600
554 663
555 707
556 581
556 686
557 691
562 603
562 613
563 678
563 693
564 621
566 579
566 595
567 683
567 705
569 633
572 671
575 588
575 623
576 588
576 658
578 704
581 593
583 639
585 590
587 590
589 682
590 610
590 714
591 642
592 684
593 665
593 670
594 607
596 611
596 639
598 607
601 709
602 678
604 700
606 685
608 654
613 680
613 694
615 620
616 636
618 698
619 621
622 708
623 715
624 658
626 711
627 677
629 707
633 643
633 709
636 700
640 643
640 697
642 673
642 713
643 698
647 711
653 667
654 679
655 677
658 679
659 667
661 701
661 703
665 677
675 711
693 697
698 699
