1080 2160
0 669
0 684
0 865
1 68
1 275
1 813
2 54
2 449
2 483
2 947
2 964
2 1073
3 256
3 572
3 649
4 209
4 286
4 748
5 248
5 669
5 690
6 9
6 57
6 173
6 295
6 412
6 540
6 712
6 974
7 186
7 384
7 627
7 680
7 727
7 787
7 1030
7 1062
8 200
8 537
8 555
9 506
9 820
10 288
10 337
10 628
10 755
11 19
11 60
11 352
11 399
11 526
11 789
11 933
11 1035
12 252
12 756
12 967
13 431
13 439
13 573
13 615
13 737
13 1071
14 131
14 500
14 844
15 140
15 180
15 343
16 131
16 679
16 1009
17 411
17 756
17 925
18 547
18 649
18 1012
19 968
19 978
20 59
20 128
20 263
20 827
20 840
20 948
20 1028
20 1058
21 221
21 380
21 522
21 719
22 91
22 225
22 316
22 327
22 364
22 461
22 652
22 712
23 83
23 194
23 274
23 404
23 687
23 691
23 704
23 836
24 176
24 350
24 383
24 609
24 630
24 752
24 877
24 977
25 215
25 280
25 757
26 67
26 219
26 284
26 446
26 711
26 1074
27 292
27 597
27 646
28 127
28 307
28 512
28 535
28 665
28 750
28 1024
28 1040
29 196
29 273
29 324
29 422
29 787
29 1027
30 193
30 258
30 496
30 902
31 126
31 710
32 330
32 715
32 723
33 120
33 420
33 458
34 142
34 601
34 716
35 266
35 586
35 882
36 312
36 662
36 681
37 684
37 952
37 1045
38 78
38 156
38 171
38 201
38 491
38 520
38 637
38 873
39 333
39 677
39 726
40 379
40 561
40 1017
41 598
41 960
41 962
41 1005
42 211
42 681
42 943
43 485
43 572
43 786
44 127
44 249
44 290
44 549
44 584
44 672
44 856
44 961
45 200
45 745
45 757
46 164
46 279
46 359
46 655
46 724
46 964
46 1046
46 1075
47 126
47 493
47 621
47 984
48 250
48 907
48 1001
49 92
49 193
49 259
49 516
49 643
49 657
50 633
50 929
50 1039
51 370
51 595
51 911
52 275
52 518
52 919
53 163
53 311
53 928
54 564
54 671
55 97
55 333
55 594
56 279
56 331
56 355
56 447
56 889
56 1059
57 224
57 453
58 181
58 247
58 530
58 831
58 845
58 1064
59 250
59 656
60 122
60 213
61 277
61 885
61 971
62 463
62 745
62 967
63 468
63 576
63 1014
64 303
64 330
64 682
65 553
65 562
65 945
66 102
66 171
66 568
66 653
66 659
66 788
66 810
66 1025
67 406
67 432
68 257
68 259
68 287
68 520
68 754
68 771
68 1048
69 601
69 824
69 971
70 182
70 636
70 688
70 762
71 528
71 816
71 953
72 186
72 196
72 208
72 405
72 530
72 589
72 689
72 809
73 105
73 477
73 872
73 946
74 283
74 674
74 922
75 132
75 374
75 524
75 791
76 238
76 260
76 401
76 439
76 643
76 805
77 487
77 536
77 649
78 293
78 1008
79 127
79 159
79 369
79 556
79 697
79 825
80 208
80 305
80 640
80 751
80 1035
80 1065
81 97
81 577
81 1061
82 93
82 309
82 478
82 1064
83 604
83 610
84 370
84 790
84 936
85 601
85 944
85 1011
86 190
86 459
86 639
86 924
86 955
86 1049
87 229
87 294
87 720
88 390
88 583
88 701
89 656
89 939
89 952
90 361
90 411
90 489
91 283
91 741
92 472
92 484
93 486
93 753
94 341
94 494
94 744
94 966
95 116
95 325
95 1060
96 175
96 732
96 770
96 1056
97 109
97 384
97 927
97 960
98 851
98 880
98 1011
99 480
99 610
99 907
100 213
100 468
100 695
101 166
101 573
101 588
101 634
101 785
101 850
101 996
101 1003
102 592
102 625
103 541
103 808
103 904
103 980
104 167
104 227
104 677
105 601
105 1063
106 419
106 442
106 602
107 390
107 528
107 645
108 142
108 506
108 579
109 372
109 552
110 710
110 781
110 818
110 870
111 215
111 748
111 907
112 344
112 363
112 721
113 242
113 594
113 1012
114 187
114 645
114 1010
115 603
115 764
115 878
116 298
116 1044
116 1053
117 147
117 228
117 316
117 514
117 729
117 776
117 935
117 1076
118 278
118 734
118 813
119 263
119 433
119 477
119 570
119 817
119 901
119 909
119 1038
120 165
120 304
120 410
120 495
120 617
120 1073
120 1074
121 292
121 361
121 863
122 471
122 707
122 912
123 200
123 547
123 756
124 221
124 253
124 375
124 660
124 819
124 1070
125 185
125 631
125 1041
126 658
128 579
128 851
129 207
129 333
129 651
130 250
130 1011
130 1057
131 205
131 261
131 600
131 611
131 857
131 955
132 945
132 1033
133 259
133 336
133 403
133 415
133 812
133 815
133 931
133 1037
134 388
134 576
134 1045
135 601
135 987
135 1007
136 502
136 765
136 907
137 423
137 695
137 765
138 498
138 529
138 614
138 683
138 788
138 1074
139 157
139 269
139 1033
140 313
140 578
140 841
141 561
141 572
141 1063
142 376
142 570
143 313
143 337
143 758
143 1037
144 216
144 284
144 407
144 688
145 293
145 651
145 1007
146 678
146 756
146 757
147 674
147 738
148 642
148 676
148 885
149 485
149 562
149 717
150 249
150 356
150 551
150 641
150 884
150 972
151 443
151 583
151 878
152 227
152 651
152 834
153 666
153 735
153 964
153 1068
154 555
154 557
154 674
155 249
155 314
155 450
155 470
155 569
155 732
156 684
156 844
157 451
157 492
157 791
157 903
157 1004
158 293
158 326
158 823
159 326
159 824
160 458
160 775
160 997
161 528
161 538
161 1010
162 534
162 592
162 1008
163 482
163 567
163 961
163 975
163 980
164 538
164 820
165 779
165 864
166 662
166 986
167 247
167 982
167 1043
168 557
168 576
168 1031
169 553
169 911
169 936
170 179
170 336
170 349
170 524
170 759
170 871
170 999
170 1003
171 582
172 358
172 364
172 498
172 926
172 931
172 993
173 242
173 1002
174 445
174 598
174 718
174 806
174 879
174 1062
175 538
175 861
176 185
176 406
177 239
177 509
177 967
178 226
178 669
178 1041
179 269
179 684
180 320
180 628
180 659
180 815
180 871
180 917
180 1035
181 486
181 622
182 555
182 678
183 233
183 406
183 669
184 206
184 563
184 582
185 203
185 261
185 289
185 761
186 242
187 191
187 302
187 853
188 286
188 876
188 905
189 333
189 823
189 834
190 533
190 668
191 390
191 538
192 472
192 499
192 625
193 265
194 668
194 765
195 475
195 544
195 707
195 859
195 1023
195 1024
196 200
197 248
197 323
197 468
198 741
198 940
198 1021
199 432
199 564
199 586
200 310
200 743
200 752
200 762
201 472
201 779
202 234
202 908
202 928
203 698
203 1054
204 226
204 929
204 985
205 709
205 717
206 421
206 1025
206 1047
207 216
207 240
207 307
207 609
207 636
207 703
207 859
208 547
209 386
209 635
209 1013
210 271
210 382
210 481
210 783
211 362
211 366
211 435
212 234
212 536
212 1063
213 357
213 874
213 942
213 1040
214 539
214 882
214 986
215 341
215 467
215 704
215 761
216 537
217 330
217 720
217 734
218 674
218 741
218 779
219 474
219 775
220 372
220 638
220 675
221 236
222 250
222 436
222 642
223 348
223 475
223 937
223 962
224 267
224 318
224 319
224 559
224 776
225 373
225 741
226 297
226 417
226 437
226 505
226 783
226 941
227 240
227 384
227 445
227 495
227 605
227 768
228 820
228 1002
229 300
229 368
229 703
229 735
229 877
230 390
230 603
230 896
231 294
231 408
231 463
232 480
232 709
232 756
233 271
233 338
233 367
233 378
233 519
233 663
233 686
234 317
234 324
234 395
234 828
234 1006
234 1022
235 294
235 813
235 1019
236 916
236 976
236 998
237 690
237 844
237 1045
238 294
238 662
239 607
239 705
239 808
239 856
239 981
240 823
241 844
241 939
241 1057
242 494
242 497
242 739
242 1075
242 1076
243 558
243 717
243 963
244 558
244 851
244 896
245 444
245 677
245 748
246 326
246 397
246 624
247 443
248 301
248 429
248 451
248 456
248 685
248 1029
250 274
250 285
250 521
250 998
251 380
251 521
251 819
251 992
252 335
252 541
252 991
253 847
253 1001
254 268
254 650
254 736
254 793
254 1015
254 1034
255 299
255 360
255 581
255 954
256 395
256 587
256 640
256 731
256 787
257 779
257 1045
258 278
258 720
260 408
260 986
261 323
262 283
262 518
262 1061
263 944
264 908
264 922
264 940
265 574
265 590
265 593
265 680
265 1049
266 433
266 440
266 616
266 619
266 648
266 822
266 889
267 597
267 676
268 638
268 899
269 321
269 490
270 553
270 583
270 908
271 453
272 795
272 842
272 985
273 561
273 944
274 424
275 394
275 475
275 637
275 846
276 306
276 496
276 590
276 771
276 805
276 812
277 318
277 367
277 417
277 719
277 892
278 396
278 1026
279 432
280 351
280 497
280 868
281 485
281 844
281 929
282 537
282 678
282 835
283 296
283 304
283 520
283 596
283 962
284 997
285 488
285 971
286 352
286 473
286 608
286 768
286 1043
286 1069
287 577
287 625
288 546
288 595
289 485
289 679
290 624
290 695
291 334
291 535
291 691
291 730
291 767
291 915
292 644
292 706
292 737
292 803
292 883
292 999
293 421
293 810
293 843
294 377
294 482
294 981
294 991
295 911
295 940
296 472
296 1045
297 500
297 699
298 507
298 852
299 397
299 701
300 813
300 956
301 413
301 945
302 460
302 953
303 358
303 375
303 415
303 425
303 478
303 778
303 1026
304 1018
305 487
305 572
306 532
306 539
307 919
308 558
308 603
308 638
309 554
309 723
310 1012
310 1017
311 314
311 315
311 356
311 512
311 556
311 705
311 802
312 455
312 599
312 696
313 595
314 603
315 506
315 878
316 442
317 468
317 487
318 863
319 489
319 876
320 625
320 1008
321 673
321 690
322 432
322 458
322 1041
323 763
323 780
323 855
323 983
324 379
325 430
325 543
325 759
325 954
325 958
326 647
326 822
326 909
327 555
327 1014
328 472
328 534
328 577
329 656
329 1011
329 1042
330 902
331 488
331 620
332 480
332 562
332 745
333 410
333 501
333 1043
333 1062
334 452
334 695
335 408
335 956
336 592
337 936
338 928
338 1041
339 715
339 786
339 1050
340 631
340 678
340 699
341 547
342 447
342 449
342 617
342 832
343 490
343 755
343 791
344 504
344 616
344 1056
345 564
345 645
345 820
346 352
346 504
346 559
346 619
346 801
346 891
346 1034
346 1077
347 563
347 583
347 1010
348 779
348 1061
349 379
349 852
350 678
350 985
351 547
351 698
353 537
353 775
353 834
354 406
354 679
354 925
355 564
355 795
356 861
357 905
357 968
358 484
359 390
359 837
360 563
360 824
361 626
361 785
362 419
362 662
363 414
363 569
363 990
364 922
365 429
365 430
365 450
365 510
365 746
365 789
365 888
365 921
366 823
366 893
367 499
368 671
368 842
369 397
369 1007
370 462
370 469
370 492
370 722
370 782
370 977
371 620
371 728
371 1036
372 479
372 718
372 858
372 1069
373 415
373 511
373 548
373 614
373 800
374 673
374 684
375 413
376 880
376 1002
377 539
377 943
378 413
378 1039
379 530
379 543
379 817
379 994
379 1028
380 381
381 398
381 425
381 804
381 976
381 988
382 925
382 929
383 1009
383 1041
385 502
385 533
385 786
386 554
386 720
387 631
387 834
387 1019
388 873
388 937
388 959
388 1023
388 1048
389 484
389 546
389 583
390 551
390 654
390 848
391 673
391 852
391 944
392 619
392 770
392 866
392 990
393 523
393 861
393 934
394 918
394 1045
395 1031
396 682
396 723
397 448
397 1038
397 1044
398 799
398 1001
399 677
399 876
400 482
400 607
400 615
400 1032
401 943
401 956
402 436
402 527
402 1000
403 503
403 546
404 698
404 748
405 753
405 944
406 525
406 725
406 855
406 941
407 458
407 474
408 431
408 742
408 887
408 889
408 942
409 558
409 583
409 1000
410 527
411 440
411 470
411 510
411 713
411 740
411 867
412 413
412 777
413 776
413 783
413 988
413 1004
414 645
414 861
416 728
416 779
416 1018
417 577
418 532
418 668
418 786
419 696
419 838
420 511
420 653
420 711
420 897
420 926
421 701
422 487
422 594
423 535
423 746
423 933
423 948
423 969
424 660
424 760
424 804
425 453
426 444
426 613
426 720
427 432
427 699
427 842
428 500
428 557
428 613
429 774
430 837
431 539
432 833
433 1007
434 561
434 669
434 908
435 565
435 651
436 447
436 476
436 692
436 989
437 499
437 676
438 498
438 511
438 630
438 782
438 838
438 854
439 882
440 460
441 579
441 677
441 700
442 854
442 974
443 476
443 508
443 517
443 1078
444 473
444 910
445 594
446 795
446 1041
448 601
448 642
449 728
450 934
451 453
452 665
452 733
452 789
452 827
452 923
453 505
453 591
453 729
453 1070
454 638
454 882
454 978
455 565
455 823
456 679
456 1031
457 745
457 925
457 934
458 683
458 725
459 485
459 536
460 464
460 773
460 1034
460 1072
461 779
461 922
462 583
462 1021
463 612
463 904
464 934
464 987
465 765
465 837
465 864
466 638
466 772
466 849
467 1009
467 1054
468 585
468 731
468 750
468 796
469 709
469 945
470 523
471 919
471 1014
472 812
472 846
472 959
473 486
474 781
474 984
476 670
477 716
478 613
479 658
479 764
480 836
481 500
481 633
483 502
483 690
484 515
484 548
484 758
484 771
484 871
485 629
485 957
485 983
486 680
486 704
486 708
486 798
486 1013
487 930
487 1030
488 693
488 832
488 895
488 1078
489 797
489 891
490 945
491 690
491 952
492 562
493 675
493 860
494 1057
495 670
496 1050
497 656
499 754
499 806
499 960
500 513
500 629
500 663
500 792
501 670
501 728
502 615
502 691
502 924
502 965
502 973
503 508
503 722
503 747
503 758
503 784
503 848
503 932
504 987
505 1039
506 549
506 946
506 1076
507 825
507 954
507 1016
508 558
509 664
509 836
509 980
510 861
512 624
513 925
513 1039
514 790
514 940
515 592
515 673
516 734
516 1050
517 726
517 753
518 1005
518 1023
519 699
519 929
521 562
522 676
522 971
523 749
523 830
523 923
523 933
523 958
523 1029
524 690
525 631
525 1009
526 592
526 649
527 605
527 1078
528 1072
529 662
529 1008
531 656
531 844
531 1054
532 643
532 924
533 657
533 805
534 575
534 650
534 659
534 754
536 600
536 640
536 827
536 969
536 1051
538 569
538 739
539 571
539 657
540 606
540 790
541 745
542 622
542 748
542 753
543 673
544 968
544 1014
545 674
545 835
545 1014
546 578
547 900
548 723
549 558
550 633
550 679
550 1041
551 963
552 650
552 826
552 879
552 921
552 1029
553 630
553 694
553 903
553 932
553 1020
554 702
554 778
554 792
554 910
556 695
557 585
557 652
557 702
557 707
557 862
558 641
558 802
559 970
560 668
560 690
560 1036
561 731
561 821
561 930
561 1051
562 580
562 857
562 916
563 843
563 848
563 1044
564 654
564 666
564 739
564 920
565 914
565 1025
566 695
566 978
566 1031
567 610
567 967
568 893
568 898
570 1063
571 662
571 956
572 733
572 828
572 948
572 955
573 943
574 682
574 786
575 774
575 849
576 637
577 598
577 686
578 936
579 618
579 872
579 1069
580 604
580 756
581 852
581 1060
582 647
582 661
582 869
582 1079
583 1037
584 878
584 1002
585 918
586 692
586 724
586 832
586 887
587 594
587 1017
588 646
588 863
589 649
589 757
590 734
591 865
591 945
592 755
592 841
592 1065
593 594
593 748
594 689
594 708
595 694
596 728
596 864
597 785
597 892
599 651
599 893
600 786
601 822
601 1028
602 614
602 926
602 938
602 977
602 1020
603 672
603 769
604 632
604 664
605 728
606 881
606 935
606 1052
607 956
608 700
608 880
609 1019
610 808
611 929
611 952
612 882
612 956
613 635
613 890
613 1067
616 876
617 1036
618 717
618 1011
620 692
620 1073
621 772
621 997
622 778
622 890
623 765
623 766
623 1018
624 714
624 906
624 1016
625 793
625 826
626 934
626 970
627 748
627 1050
628 1033
629 952
631 703
631 743
631 782
631 1020
632 709
632 745
633 713
633 855
633 951
634 642
634 847
635 813
636 775
638 884
638 942
638 1066
639 682
639 1050
641 764
642 644
642 693
642 719
642 901
644 799
645 732
645 1075
646 740
646 797
647 651
648 816
648 934
649 917
652 835
653 662
654 766
655 766
655 1010
656 966
658 870
658 1066
660 799
661 701
661 898
662 737
663 985
664 907
665 765
666 1036
667 952
667 1054
667 1057
668 730
668 947
668 1032
668 1071
669 705
669 961
669 1006
670 895
671 875
671 1046
672 861
673 706
673 815
673 850
674 800
674 974
674 993
675 710
675 949
676 686
676 794
677 858
677 1013
677 1077
678 809
678 900
678 1027
679 796
681 854
681 938
683 728
684 685
684 947
684 965
685 928
687 1001
687 1042
688 834
689 820
690 814
693 1042
694 790
695 859
695 950
696 943
697 1018
697 1060
698 744
698 798
698 913
699 752
699 979
700 879
700 927
700 949
700 1066
701 747
701 1053
702 929
706 1054
708 1050
709 903
709 957
709 992
709 998
711 728
712 738
713 745
714 864
714 1060
715 1026
715 1049
716 828
716 1051
717 886
717 1058
718 774
720 839
720 846
720 1048
721 770
721 853
721 1072
722 908
723 890
723 931
723 988
723 1070
724 795
725 795
726 768
726 831
727 820
727 1012
729 777
730 907
733 1011
735 807
736 816
736 876
738 838
738 938
740 970
741 881
741 993
742 764
742 978
743 985
744 757
745 900
746 905
747 1010
748 1064
749 774
749 865
750 978
751 757
751 1012
753 982
753 994
756 904
756 951
759 944
760 907
760 1042
761 939
762 835
763 925
763 1041
764 874
764 949
764 995
764 1015
766 767
766 888
766 958
767 864
769 963
769 1010
772 781
772 1015
773 849
773 876
774 793
774 927
777 794
777 829
777 891
777 892
779 1005
780 865
780 1031
784 878
784 1000
788 943
792 1014
794 863
795 979
796 865
797 934
798 907
799 996
800 922
801 816
801 849
802 1002
803 943
803 986
804 847
806 1061
807 833
807 875
807 979
809 1017
810 1045
811 973
811 975
811 981
811 1071
813 902
813 910
813 959
814 865
814 928
816 853
816 867
817 1011
818 899
818 997
819 885
820 868
820 966
821 928
821 1021
823 869
824 901
824 906
824 1053
825 864
826 849
829 876
829 970
830 837
830 852
831 1000
833 985
834 877
834 950
834 1024
837 915
837 920
839 956
839 1019
840 1042
840 1057
841 1033
842 1068
843 898
845 944
845 1012
847 883
849 995
850 939
851 857
851 894
851 957
852 888
856 928
858 880
860 870
862 919
862 968
865 921
865 1004
866 876
866 987
867 987
868 1057
869 1007
872 1002
873 918
874 882
875 1019
878 884
878 886
878 894
880 946
880 1058
881 908
882 991
882 1059
883 971
885 976
886 896
887 987
893 1047
894 963
895 1000
896 972
897 943
897 1008
898 914
899 984
899 995
905 912
905 917
905 923
905 1065
905 1077
906 1007
909 987
911 935
912 978
913 939
913 1009
914 1008
915 1018
916 1042
918 1055
919 937
919 950
920 1010
922 1052
928 941
929 1067
930 1031
932 1021
934 951
939 999
944 1022
953 990
953 1056
956 975
965 1036
969 1011
971 989
971 996
971 1038
972 1010
973 986
982 1000
983 1009
986 1032
987 1059
989 1042
992 1042
994 1012
1003 1054
1006 1021
1008 1047
1008 1079
1012 1027
1014 1055
1014 1067
1016 1018
1017 1022
1017 1030
1019 1068
1021 1052
1031 1040
1031 1055
1036 1046
1045 1079
