2160 4320
0 357
0 430
0 768
1 49
1 565
1 1298
2 520
2 898
2 1639
3 96
3 710
3 1098
3 1536
4 18
4 106
4 382
4 620
4 838
4 1027
4 1360
4 1450
5 124
5 995
5 2106
6 263
6 1175
6 1777
7 319
7 516
7 537
7 606
7 1322
7 1751
7 2044
7 2145
8 95
8 269
8 556
8 701
8 840
8 1347
8 1412
8 1464
9 1325
9 1805
9 2109
10 327
10 634
10 1065
10 1239
10 1582
10 1726
10 1800
10 2112
11 65
11 1435
11 1818
12 601
12 1474
12 1805
13 157
13 908
13 1086
13 2026
14 558
14 1907
14 1953
15 49
15 709
15 1796
16 293
16 823
16 834
16 981
16 1763
16 2084
17 1139
17 1388
17 1506
17 1874
18 46
18 1479
19 215
19 370
19 1331
19 2012
20 143
20 293
20 511
20 1162
20 1323
20 1386
20 1398
20 1670
21 201
21 1572
21 1624
21 1867
22 180
22 359
22 630
22 999
22 1112
22 1199
22 1753
22 1830
23 34
23 450
23 920
24 124
24 709
24 1823
25 435
25 708
25 1994
26 1176
26 1590
26 1611
27 737
27 1067
27 1078
28 191
28 1391
28 1995
29 153
29 821
29 1533
30 349
30 385
30 733
30 1248
30 1635
30 1652
30 1673
30 1748
31 184
31 347
31 763
31 1016
31 1032
31 1592
31 1911
31 1948
32 230
32 873
32 1030
32 1042
32 1303
32 1317
32 1773
32 2104
33 155
33 1557
33 1955
34 971
34 1746
34 2027
35 197
35 416
35 523
36 1332
36 1714
36 1845
37 355
37 486
37 1726
37 1932
38 916
38 1424
38 1556
39 225
39 612
39 2140
40 412
40 1499
40 1680
41 846
41 1017
41 1166
41 1196
41 1598
41 1753
41 2064
41 2079
42 765
42 1093
42 1153
42 1405
42 1943
42 2001
43 775
43 1061
43 1114
43 1636
44 530
44 641
44 706
45 898
45 1249
45 1389
46 433
46 603
46 1034
46 1319
46 1378
46 1738
46 1759
47 100
47 764
47 1679
48 389
48 866
48 1421
48 1489
48 1552
48 2130
49 167
49 308
49 421
49 1052
49 1163
49 2094
50 717
50 1231
50 1379
51 139
51 1001
51 1796
52 1165
52 1942
52 2092
53 462
53 492
53 598
54 443
54 903
54 1745
54 1859
54 1966
54 2102
55 1284
55 1947
55 2002
56 1224
56 1330
56 2059
57 774
57 879
57 1620
58 220
58 1701
58 1890
59 819
59 1001
59 1140
60 126
60 748
60 2054
61 1029
61 1161
61 1521
61 1869
62 138
62 218
62 415
62 676
62 813
62 1041
62 1387
62 1713
63 409
63 443
63 555
63 1462
63 1616
63 2099
64 1326
64 2041
64 2073
65 513
65 580
65 1275
65 1358
65 1815
65 1926
65 2000
66 90
66 354
66 549
66 573
66 1741
66 1988
67 114
67 637
67 659
67 1272
68 521
68 587
68 2060
69 1028
69 1037
69 1570
70 479
70 1379
70 1517
71 726
71 1544
71 1728
72 699
72 1045
72 2011
73 436
73 664
73 1657
73 2008
74 166
74 1369
74 1884
75 655
75 1022
75 1348
75 1528
76 343
76 644
76 1662
77 182
77 821
77 1545
78 626
78 995
78 1832
79 497
79 1058
79 1607
80 151
80 1049
80 2109
81 102
81 299
81 1405
81 1929
82 687
82 957
82 1973
83 287
83 1417
83 1569
84 140
84 1434
84 1832
85 109
85 601
85 1204
86 1392
86 1424
86 2156
87 333
87 1321
87 1675
87 1819
88 202
88 1818
88 1877
89 221
89 357
89 869
90 416
90 544
91 131
91 1457
91 1573
92 725
92 1294
92 1496
92 1529
92 1733
92 1895
92 1941
92 2022
93 302
93 434
93 1691
94 224
94 483
94 1537
95 605
95 1617
96 1840
96 1974
97 207
97 244
97 262
98 567
98 657
98 741
99 591
99 1261
99 1546
100 611
100 1126
100 1362
100 1855
100 1875
101 1234
101 1936
101 2011
102 335
102 469
103 313
103 833
103 1113
103 1154
103 1500
103 2137
104 468
104 937
104 1533
105 151
105 1109
105 1719
106 186
106 1709
107 166
107 1071
107 1951
108 348
108 760
108 1274
108 1555
108 1933
108 2117
109 802
109 1035
109 1452
109 1742
109 2058
110 800
110 1152
110 1193
110 1661
111 182
111 937
111 978
112 344
112 1340
112 1402
113 527
113 1201
113 1295
114 434
114 1301
115 285
115 288
115 822
115 897
115 958
115 1252
115 1718
115 1916
116 220
116 249
116 1526
117 132
117 273
117 2108
118 1001
118 1165
118 2011
119 453
119 1574
119 1752
120 576
120 1371
120 1835
121 371
121 1439
121 1813
122 1369
122 1419
122 1637
123 731
123 950
123 1391
124 945
124 1441
124 1913
124 2102
125 204
125 480
125 608
125 1689
126 918
126 1065
126 1621
127 458
127 646
127 884
127 1022
127 1232
127 1867
128 692
128 963
128 1291
129 928
129 1392
129 1756
130 446
130 928
130 1435
131 196
131 812
131 1514
132 949
132 1555
132 1668
132 1687
132 1827
132 2096
132 2159
133 575
133 886
133 1756
134 461
134 861
134 1122
134 1327
134 1494
134 1810
134 1865
134 2023
135 375
135 774
135 1344
136 171
136 252
136 1959
136 2009
137 264
137 308
137 1329
137 1475
137 1487
137 1834
138 1951
138 1974
139 275
139 1466
139 1489
139 1568
139 1794
139 1865
139 2053
140 693
140 1116
140 1138
140 1341
140 1889
141 479
141 504
141 1385
142 605
142 1174
142 1605
143 623
143 1969
144 214
144 426
144 1780
145 531
145 1712
145 2048
146 518
146 754
146 1485
147 636
147 1215
147 1947
148 854
148 1326
148 1553
149 247
149 478
149 723
149 1510
150 154
150 601
150 2028
151 800
151 1290
151 1456
151 1460
152 940
152 1168
152 1367
153 310
153 696
153 1127
153 1493
153 1827
154 710
154 1056
154 1346
154 1594
154 1693
154 1836
154 2058
155 445
155 746
155 895
155 1052
155 1441
155 1462
155 1819
156 375
156 551
156 1626
157 162
157 1045
158 192
158 851
158 1246
158 1669
159 1208
159 1309
159 1646
159 1745
160 1330
160 1593
160 1823
161 381
161 886
161 1617
162 571
162 592
162 1445
162 1690
162 1985
163 281
163 936
163 1201
164 476
164 523
164 1189
165 1019
165 1168
165 2109
166 172
166 294
166 367
166 603
166 1334
166 1394
167 1758
167 2085
168 953
168 1344
168 1544
169 416
169 841
169 842
170 448
170 509
170 1459
170 1475
170 1666
170 1940
170 2052
170 2155
171 819
171 864
172 263
172 955
173 451
173 1440
173 1608
173 1923
174 229
174 1070
174 1157
174 1487
175 262
175 1201
175 2019
176 483
176 1434
176 1701
177 341
177 1121
177 1844
177 2151
178 558
178 1325
178 1588
179 504
179 954
179 1712
180 689
180 1234
181 213
181 1300
181 1607
182 761
182 2017
183 1556
183 1676
183 2057
184 768
184 1120
185 1473
185 1628
185 1662
186 451
186 508
186 1122
186 1575
186 1997
186 2001
186 2143
187 220
187 472
187 1318
188 364
188 455
188 789
188 877
188 1273
188 1467
188 1797
188 1824
189 279
189 597
189 1708
190 241
190 424
190 809
190 817
190 835
190 1081
190 1898
190 2069
191 743
191 822
191 1021
192 521
192 543
193 758
193 1111
193 1428
194 446
194 1118
194 1375
195 678
195 709
195 1632
196 1155
196 2041
197 702
197 795
197 1538
197 1735
197 1874
198 410
198 1293
198 1722
199 787
199 1096
199 1487
199 1488
199 1594
199 1775
200 801
200 937
200 939
201 1033
201 1043
202 257
202 285
202 602
202 638
202 942
202 1193
202 1478
203 263
203 601
203 1280
204 520
204 899
205 262
205 818
205 1479
206 1295
206 1429
206 2019
207 231
207 560
207 1360
207 1378
207 1667
208 215
208 494
208 507
208 548
208 875
208 1322
208 1400
208 1734
209 543
209 1698
209 2157
210 1091
210 1233
210 1566
210 1782
211 412
211 862
211 1593
212 832
212 1158
212 2006
213 1630
213 1918
213 2067
214 436
214 464
214 489
214 1688
214 1843
215 1868
216 378
216 1777
216 1805
217 491
217 685
217 712
217 1018
217 1217
217 1475
217 1529
217 1664
218 624
218 1996
219 633
219 956
219 1167
220 777
220 1042
220 1631
221 906
221 1727
221 1993
222 1176
222 1620
222 2049
223 935
223 1050
223 1401
224 323
224 836
224 1226
224 1380
224 1594
224 1990
224 2055
225 242
225 465
225 1920
226 558
226 1092
226 1176
227 459
227 1028
227 2140
228 419
228 757
228 1652
228 1801
228 2091
228 2098
229 453
229 565
230 1090
230 1977
231 561
231 1553
232 278
232 1102
232 1851
233 273
233 332
233 558
234 354
234 682
234 813
234 1602
235 793
235 1174
235 1617
236 312
236 872
236 1298
237 737
237 1774
237 2033
238 625
238 801
238 1183
239 345
239 407
239 894
239 1815
239 1828
239 2120
240 395
240 874
240 1159
240 1352
240 1613
240 1625
241 473
241 561
242 1337
242 1697
243 402
243 1085
243 1485
244 845
244 1216
244 2135
245 1308
245 1367
245 1634
246 681
246 938
246 1679
247 1955
247 2111
248 279
248 330
248 1168
249 649
249 919
249 1563
249 1716
249 1754
249 1876
249 2113
250 268
250 450
250 939
251 1509
251 1634
251 1989
252 520
252 1596
253 450
253 558
253 1308
254 938
254 1049
254 1626
255 1676
255 1963
255 2157
256 521
256 1574
256 2048
257 1026
257 1110
258 650
258 1110
258 1435
259 1375
259 1893
259 1980
260 284
260 754
260 1085
261 746
261 1104
261 1437
261 1826
262 962
262 1064
262 1822
262 1891
262 2118
263 535
263 688
263 824
263 1360
263 1871
264 1019
264 1298
265 1175
265 1267
265 2060
266 1428
266 1581
266 1872
267 1140
267 1234
267 1601
268 474
268 522
268 600
268 923
268 1269
268 1380
268 1452
269 1511
269 1761
270 618
270 1499
270 1924
271 369
271 980
271 1673
271 1694
272 1101
272 1119
272 1312
273 442
273 524
273 616
273 2136
274 479
274 970
274 1714
275 1234
275 1253
276 681
276 871
276 1802
277 1188
277 1219
277 1778
277 1858
277 1943
277 2119
278 351
278 393
278 533
278 1302
278 1356
278 1425
278 1631
279 353
279 914
279 968
279 1339
279 1354
279 1904
280 957
280 1037
280 1288
281 1538
281 1816
281 1981
282 1140
282 1260
282 1580
283 497
283 502
283 1435
284 810
284 811
284 987
285 950
286 476
286 790
286 1457
287 370
287 516
287 763
287 1072
287 1604
287 1809
287 2044
288 397
288 1837
289 725
289 1130
289 1151
289 1547
290 660
290 954
290 2048
291 774
291 938
291 1436
292 444
292 582
292 1977
293 1595
294 859
294 1996
295 706
295 904
295 1074
296 392
296 808
296 1292
297 421
297 501
297 817
297 1023
297 1170
297 1270
297 1456
297 1699
298 1291
298 1542
298 1937
299 658
299 784
300 526
300 1168
300 1953
301 650
301 1271
301 1587
302 976
302 1088
302 1113
302 1406
302 1863
303 576
303 739
303 1077
304 652
304 1818
304 1989
305 405
305 1080
305 1084
305 1484
306 561
306 1258
306 1344
307 488
307 666
307 1569
308 790
309 530
309 624
309 1584
310 633
310 1183
311 587
311 1291
311 2025
312 501
312 875
312 887
312 1250
312 1606
312 2035
312 2117
313 585
313 1165
314 394
314 786
314 993
314 1262
315 335
315 520
315 2019
316 416
316 747
316 1485
317 1337
317 1722
317 2140
318 533
318 686
318 766
318 932
318 958
318 1793
319 872
319 1316
320 879
320 1172
320 1611
321 673
321 1587
321 2063
322 1647
322 1973
322 2140
323 2015
323 2047
324 1107
324 1651
324 2031
325 970
325 1344
325 1908
326 877
326 1129
326 1645
326 1976
327 462
327 574
328 935
328 1266
328 1369
329 378
329 758
329 1946
330 452
330 866
330 965
330 992
330 1843
330 2040
330 2082
331 591
331 1417
331 2059
332 570
332 697
332 946
332 1356
332 1458
332 1754
332 1793
333 444
333 1583
334 733
334 1139
334 1538
334 1730
334 1941
334 1978
335 738
335 1093
335 1460
335 1831
336 928
336 1120
336 1361
337 1535
337 1560
337 2157
338 764
338 1097
338 1723
339 1223
339 1293
339 1434
340 916
340 1203
340 1970
341 739
341 1835
342 618
342 808
342 1651
343 374
343 1211
343 1282
343 1408
343 1690
343 1852
343 1885
344 355
344 674
344 1551
344 1621
344 1671
344 1788
344 1954
345 650
345 1970
346 808
346 1105
346 1326
347 666
347 1655
348 383
348 2004
349 1013
349 1015
350 523
350 644
350 1447
351 479
351 784
352 1832
352 2095
352 2148
353 741
353 864
354 1784
355 1073
356 858
356 1204
356 1426
357 836
357 890
358 597
358 864
358 1367
359 1001
359 1963
360 727
360 1207
360 1377
360 1673
361 904
361 1709
361 1953
362 1234
362 1873
362 1963
363 994
363 1770
363 1802
364 717
364 970
365 400
365 940
365 1724
366 425
366 943
366 980
366 1438
367 383
367 1071
368 841
368 1542
368 1784
369 994
369 1581
370 768
371 918
371 1566
371 1932
372 504
372 641
372 758
373 585
373 1936
373 1942
374 1242
374 1473
375 432
375 447
375 477
375 853
375 1012
375 1285
376 575
376 621
376 1203
377 1623
377 1767
377 1854
378 835
378 929
378 1606
378 1642
379 383
379 1368
379 2028
380 989
380 1705
380 1990
380 1993
381 628
381 1121
381 1303
381 1305
381 1373
381 1502
381 1912
382 558
382 1168
383 730
383 944
383 1035
384 392
384 888
384 1307
385 615
385 635
386 1049
386 1094
386 1525
387 1272
387 1481
387 1828
387 2062
388 614
388 959
388 1736
388 1997
389 1655
389 1991
390 720
390 1417
390 1823
391 1291
391 1974
391 1996
392 782
392 908
392 1967
392 2088
393 717
393 1109
394 716
394 1026
395 724
395 779
396 492
396 1752
396 1854
397 671
397 783
397 880
397 926
397 1915
398 511
398 856
398 1063
398 1350
398 1781
398 1815
398 1879
398 2096
399 561
399 970
399 1436
400 1338
400 1359
400 1794
400 2040
400 2045
401 547
401 653
401 694
401 804
401 1856
401 1964
402 514
402 811
402 1524
402 1600
402 1880
403 808
403 1155
403 1792
404 842
404 1085
404 1580
405 567
405 597
406 431
406 1607
406 2092
407 551
407 1214
408 781
408 983
408 2109
409 995
409 1365
410 934
410 1057
410 1833
410 1859
410 1920
411 625
411 956
411 1124
412 629
412 884
412 1104
412 1469
412 1772
412 2083
413 605
413 1071
413 1215
414 456
414 1011
414 1069
414 1216
414 1433
414 1799
414 1928
414 2082
415 692
415 1790
416 810
416 1409
416 1463
416 1495
417 837
417 933
417 1277
417 1335
418 459
418 687
418 1117
419 1013
419 1087
420 1665
420 1787
420 2047
421 1168
422 852
422 1021
422 1512
422 1880
423 709
423 1557
423 1962
424 1117
424 1931
425 1428
425 1969
426 490
426 538
426 646
427 613
427 1597
427 1835
428 699
428 1097
428 1580
429 764
429 1326
429 1402
430 705
430 1221
430 1705
431 1237
431 1619
431 1878
432 681
432 1402
433 1280
433 1777
434 595
434 654
435 513
435 677
435 695
435 785
435 863
435 1009
435 1532
436 2047
437 493
437 607
437 1041
437 1129
437 2065
437 2125
438 1382
438 1570
438 1722
439 1046
439 1379
439 2014
440 862
440 1090
440 1768
441 1292
441 1698
441 2031
442 1203
442 1368
443 1442
444 1162
444 1299
444 1397
444 1482
444 2104
444 2152
445 521
445 678
446 1416
446 1458
446 1549
446 1641
446 1820
446 2068
447 1679
447 1770
448 565
448 1078
449 1028
449 1292
449 1936
450 1144
450 1245
450 1659
451 758
452 808
452 1787
453 1226
453 1329
453 1750
453 1836
454 571
454 1135
454 1670
454 1763
454 2103
454 2158
455 612
455 1005
456 818
456 854
457 479
457 1231
457 1937
458 726
458 1499
459 475
459 1363
460 1181
460 1609
460 1915
460 1922
461 572
461 641
462 783
462 1070
462 1243
462 1671
462 1916
462 1956
463 772
463 1040
463 1635
463 1694
464 726
464 1033
465 1293
465 1570
466 1474
466 1710
466 1946
467 691
467 812
467 1011
467 1209
467 1395
467 1886
468 482
468 669
468 884
468 1059
468 1725
468 1801
468 2042
469 1007
469 1200
469 1575
469 1622
469 1778
470 1167
470 1249
470 1639
471 870
471 1312
471 1721
472 732
472 749
472 1136
472 1383
472 1415
472 1649
472 1793
473 738
473 828
473 1088
473 1179
473 1290
473 1806
473 2119
474 771
474 1658
475 957
475 1715
476 477
476 1211
476 1364
476 1413
476 1886
476 2080
477 1974
478 1260
478 1962
479 704
479 789
479 1415
480 819
480 1708
481 1001
481 1253
481 1560
482 625
482 1785
483 512
483 664
483 1666
483 1688
483 1716
483 1983
484 650
484 1276
484 1818
485 567
485 591
485 1998
486 1427
486 2054
487 759
487 1132
487 1411
488 1911
488 2045
488 2130
489 808
489 940
490 1033
490 1787
491 870
491 1067
492 640
492 711
492 1146
492 1157
492 1857
492 2139
493 521
493 1802
494 605
494 1073
495 621
495 821
495 939
496 864
496 1389
496 2127
497 505
497 913
497 1281
497 1801
497 1859
497 1918
498 1623
498 1709
498 1721
499 1077
499 1375
499 1597
500 1595
500 1924
500 2056
501 983
502 622
502 1237
502 1829
503 589
503 802
503 1075
503 1144
503 1213
503 1230
503 1945
503 2055
504 798
504 966
504 1404
504 1468
504 2086
505 1497
505 1570
506 660
506 1055
506 1894
507 1197
507 1316
508 706
508 868
509 871
509 935
510 1197
510 1525
510 2002
511 770
512 1241
512 2015
513 1790
514 642
514 849
515 569
515 1511
515 2020
516 2060
517 1345
517 1427
517 1523
518 811
518 816
518 1466
518 1614
518 2023
518 2068
518 2075
519 821
519 1465
519 1946
520 780
520 1115
520 1502
520 1660
521 723
521 1404
521 1826
522 2004
522 2071
523 643
523 728
523 829
523 1080
523 1422
524 1590
524 1620
525 1174
525 1498
525 1639
526 570
526 838
526 1062
526 1245
526 1257
526 2136
526 2138
527 559
527 1147
527 1181
527 1660
527 1831
527 1891
527 2120
528 687
528 899
528 1935
529 935
529 994
529 2105
530 604
530 656
530 914
530 1238
530 1454
530 1494
531 1454
531 1861
531 2086
532 644
532 938
532 1974
533 1092
534 1066
534 1411
534 1447
535 1330
535 1977
536 949
536 1025
536 1063
536 1350
536 1964
536 2126
537 636
537 1525
538 1499
538 1728
539 902
539 1107
539 2148
540 752
540 1260
540 1723
541 624
541 1291
541 1951
542 938
542 1172
542 1344
543 665
543 998
543 1510
543 1566
544 1539
544 1755
544 2075
545 1132
545 1307
545 1424
546 1165
546 1292
546 1647
547 1118
547 1392
548 781
548 1298
549 1279
549 1583
550 751
550 2028
550 2108
551 627
551 1342
551 1456
551 1550
551 1717
551 2062
552 618
552 1544
552 1930
553 635
553 753
553 1579
554 794
554 1367
554 1761
555 796
555 2106
556 793
556 1605
557 928
557 1611
557 1701
558 740
558 1505
559 1643
559 2134
560 818
560 1295
561 1000
561 1351
562 1043
562 1665
562 1906
563 689
563 1001
563 1873
564 1058
564 1165
564 2129
565 787
565 1217
565 1909
566 715
566 1838
567 1296
568 666
568 1724
568 1953
569 1646
569 1700
569 1881
570 1176
571 1924
572 951
572 1141
572 1160
572 1339
572 1853
572 1861
572 1862
573 623
573 1623
574 925
574 1186
574 1283
574 1551
574 2115
575 619
575 1501
575 1737
575 1827
575 1856
575 2126
576 1002
576 1373
577 938
577 1402
577 1770
578 594
578 697
578 776
578 816
578 984
578 1443
578 1503
578 1603
579 1046
579 1242
579 1958
580 1271
580 1562
581 1090
581 1215
581 1992
582 777
582 1704
582 1740
582 1803
582 1912
582 2032
582 2100
583 759
583 1005
583 1431
584 839
584 1038
584 1693
584 2087
585 901
585 1619
586 1005
586 1337
586 1714
587 910
587 1264
587 1713
587 1976
588 995
588 1077
588 1410
589 939
589 1068
590 917
590 1090
590 1786
591 960
592 1595
592 1930
593 1361
593 1756
593 2144
594 928
594 1276
595 1142
595 2129
596 1647
596 1651
596 1936
597 2131
598 787
598 1329
598 1357
599 1037
599 1117
599 2157
600 1068
600 1533
601 835
601 1008
601 1034
601 1188
602 1005
602 1719
603 2061
604 1367
604 1767
605 1516
605 2128
606 635
606 2002
607 1332
607 1517
608 864
608 1601
609 731
609 1906
609 2025
610 1071
610 1887
610 2146
611 1476
611 1553
612 878
612 1184
612 1564
612 2132
613 622
613 1008
613 1416
613 1503
613 1733
613 1858
613 1878
614 758
614 904
615 1128
615 1816
615 1874
615 1895
615 2003
616 1611
616 2049
617 867
617 1265
617 1336
617 1477
618 1432
618 1695
618 2026
619 770
619 1120
620 762
620 1724
621 912
621 1076
621 1202
621 1668
622 1893
623 990
623 1104
623 1321
623 1482
623 1618
623 1783
624 951
624 1038
624 1098
624 1285
624 2080
625 639
625 1180
625 1463
626 670
626 891
626 941
626 1169
626 1255
626 1926
626 2121
627 938
627 950
628 1249
628 2071
629 1224
629 1786
630 1111
630 1298
631 771
631 1140
631 1471
632 758
632 1474
632 1545
633 750
633 1202
633 1938
633 2018
634 1442
634 1447
635 1342
635 1540
635 1730
635 2090
635 2150
636 702
636 840
636 1106
636 1540
637 1214
637 1225
638 1391
638 1626
639 859
639 2146
640 1267
640 1330
641 1251
641 1956
641 2021
642 743
642 773
642 1896
643 1192
643 1955
644 691
644 707
644 1285
644 1515
644 2046
645 796
645 1410
645 1835
646 1544
647 1174
647 1389
647 1553
648 957
648 1805
648 1931
649 1739
649 1890
650 767
650 856
650 863
650 2121
651 1860
651 1960
651 1987
652 683
652 1235
652 1294
653 1132
653 1370
654 1094
654 1133
655 1043
655 1780
656 1271
656 1974
657 997
657 1422
657 2131
658 1187
658 1490
658 2077
659 1094
659 1577
660 969
660 2086
661 768
661 1770
661 1942
662 1297
662 1589
662 1995
663 1442
663 1543
663 1587
664 1787
665 1107
665 1288
666 1450
667 689
667 1288
667 1676
668 1067
668 1712
668 1894
669 1706
669 1728
670 796
670 1900
671 1473
671 1812
672 873
672 1449
672 1702
672 2100
673 1108
673 1504
673 2066
674 1679
674 2114
675 1155
675 1288
675 1560
676 1379
676 1542
677 796
677 1832
678 1469
678 1618
679 889
679 1175
679 1802
680 1434
680 1900
680 2148
681 1032
681 1470
681 1683
681 1766
681 2137
682 841
682 1656
683 920
683 1597
684 1288
684 1698
684 1813
685 1385
685 1851
686 1312
686 1391
687 1335
688 1847
688 2123
689 1044
690 859
690 1637
690 1951
691 790
692 1040
692 1377
692 1762
692 2091
693 1107
693 1149
694 1005
694 1307
695 803
695 2020
696 939
696 988
697 1995
698 1596
698 1715
698 1935
699 981
699 1350
699 1362
699 1744
699 1892
699 2133
700 727
700 943
700 975
700 1635
701 1389
701 1498
702 1284
703 920
703 1068
703 1509
704 973
704 2048
705 1868
705 2015
706 1141
706 1304
706 1466
706 1720
706 2093
707 815
707 1189
708 1255
708 1885
708 1888
709 1311
709 1675
709 1826
709 2099
710 1679
711 1345
711 2051
712 737
712 1055
713 1417
713 1447
713 1840
714 1295
714 1930
714 2127
715 902
715 1998
716 972
716 1452
716 1945
717 749
717 798
717 1984
717 2010
717 2024
718 752
718 819
718 1234
719 1280
719 1379
719 1873
720 744
720 1178
720 1296
721 1090
721 1557
721 1583
722 793
722 872
722 1073
723 1813
724 1042
724 1064
724 1467
724 1472
724 1645
724 1685
724 1740
725 920
726 1198
727 1087
728 1612
728 1962
729 1266
729 1605
729 1996
730 859
730 1637
731 1051
731 1206
731 1661
731 1711
731 1718
731 2154
732 879
732 1092
733 1525
734 1544
734 1680
734 1706
735 1260
735 1366
735 1439
736 1365
736 1543
736 1839
737 765
737 1256
737 1575
737 1799
737 1939
738 2006
739 873
739 1803
740 794
740 1068
741 843
741 1484
742 977
742 1545
742 1890
743 1580
744 1261
744 1998
745 1543
745 1562
745 2063
746 1632
747 987
747 1100
747 1552
747 1794
747 1841
748 806
748 1932
748 2115
749 784
750 898
750 1313
751 1393
751 1394
751 1742
751 1743
751 1933
752 786
752 1002
752 1121
752 1191
752 2074
752 2089
753 894
753 1147
753 1648
754 773
754 852
754 860
754 1674
755 897
755 1173
755 1512
755 1896
756 1279
756 1703
756 1709
757 801
757 1300
758 846
758 1866
759 1492
759 1929
760 781
760 2034
761 848
761 2057
762 1212
762 1531
762 1911
763 1003
764 1025
764 1781
764 1846
764 1848
764 2084
765 904
766 1172
766 1620
767 1562
767 1584
768 1696
768 1897
768 1993
768 2137
769 1375
769 1561
769 1777
770 792
770 1305
770 1548
770 1934
771 786
771 1230
771 1502
771 1527
772 1224
772 1749
773 1589
774 805
774 932
774 1171
775 1431
775 1626
776 1092
776 1355
777 1845
778 1526
778 1701
778 1739
779 1244
779 1396
779 1505
779 1520
779 1895
779 1978
779 2138
780 1986
780 2071
781 982
781 1020
781 1125
781 1270
781 1642
782 1499
782 1930
783 1391
784 800
784 1492
784 1814
785 1316
785 1590
788 1133
788 1301
788 1577
789 1258
790 875
790 1125
790 1753
790 1882
790 1909
791 801
791 848
791 1533
792 1556
792 1756
793 820
793 1190
793 1734
794 1245
794 1354
795 1215
795 2002
796 945
796 1103
796 1519
796 1938
797 1066
797 1267
797 1847
798 973
799 944
799 1020
799 1393
799 1921
799 2035
799 2159
801 1232
801 1281
801 1968
801 2083
802 1905
803 1169
803 1408
803 1610
804 1361
804 2156
805 1097
805 1318
806 1523
806 1854
807 886
807 1120
807 1556
808 1514
808 1875
809 1791
809 2109
810 1333
812 1676
813 1937
814 1003
814 1569
814 2142
815 997
815 1084
815 1409
815 1413
815 1654
815 1735
815 1760
816 2108
817 1325
818 2153
819 933
819 1807
820 859
820 1215
822 1355
823 1165
823 1234
824 1637
824 2061
825 1791
825 2029
825 2078
826 827
826 874
826 946
826 1677
826 1799
826 2113
827 977
827 978
828 1142
828 1410
829 1947
829 2146
830 1643
830 2019
830 2038
831 906
831 1221
831 1400
831 2012
832 976
832 979
832 1000
832 1219
832 1460
832 2039
832 2069
833 1936
833 2092
834 1001
834 1936
836 1906
837 899
837 1715
838 1907
839 1486
839 1974
840 936
841 1539
841 1783
841 1952
842 1614
842 1741
843 1367
843 1708
844 1124
844 1313
844 1887
845 854
845 1774
846 1013
847 1579
847 2047
847 2105
848 1059
848 1565
849 852
849 1384
849 1636
850 1148
850 1522
850 2014
851 1260
851 1955
853 950
853 1049
854 1126
855 1812
855 2038
855 2061
856 2037
857 880
857 1648
857 1922
857 1983
857 2052
857 2090
858 1032
858 1056
858 1731
859 1394
859 1495
859 2128
860 1617
860 1962
861 1698
861 1752
862 1591
862 2152
863 963
864 900
865 1266
865 1401
865 1767
866 1724
867 1382
867 1434
868 1161
868 1247
868 1810
869 974
869 1154
869 1331
869 1470
869 1604
869 1705
869 1948
870 1200
870 1433
870 1530
870 1677
870 1950
870 2001
871 881
871 952
871 975
871 980
872 1125
872 1507
872 1516
872 1747
872 2012
874 2057
876 1101
876 1310
876 1851
877 1845
878 1117
878 1340
879 1252
879 1356
879 1849
880 1643
881 1767
881 2105
882 917
882 1101
882 1523
883 889
883 1066
883 1330
885 1140
885 1723
885 2111
886 1386
886 1879
886 2007
887 1860
887 2109
888 1445
888 1695
888 1779
889 1227
889 1349
889 1857
889 1910
890 1010
890 1241
891 1399
891 1590
892 1110
892 1201
892 1588
893 1050
893 1605
893 1951
894 2019
895 1019
895 1796
896 1049
896 1214
896 2037
897 1995
898 967
899 1959
900 1124
900 1639
901 1607
901 1893
902 1420
902 1889
903 1300
903 1570
904 1027
904 1200
904 1440
904 1810
905 1511
905 1554
905 1994
906 2015
907 1254
907 1590
907 1612
908 1370
909 1461
909 1832
909 2097
910 1632
910 1802
911 1026
911 1471
911 1905
912 1053
912 1183
913 1276
913 1980
914 935
915 1073
915 1439
915 2111
916 1744
916 1781
916 1856
916 2096
917 1186
917 1762
917 2098
917 2103
917 2116
917 2152
918 1427
919 1434
919 2047
920 965
920 1069
921 1010
921 1287
921 1665
922 1071
922 1637
922 1996
923 1241
923 1382
924 937
924 1465
924 2057
925 1427
925 1854
926 1046
926 1662
927 1192
927 1254
927 2049
928 1876
929 1545
929 1710
930 1457
930 1676
930 1792
931 955
931 1812
931 2134
932 1611
933 2114
934 1037
934 1647
935 1123
935 1430
935 1853
936 1388
936 1508
938 2080
939 1059
940 968
940 1069
940 1263
940 1421
940 1982
941 1316
941 2049
942 1906
942 2034
943 994
944 1658
945 1365
946 1701
947 1087
947 1924
947 2078
948 1593
948 1706
948 1786
949 1970
950 1114
950 1376
951 1271
952 1770
952 2060
953 1163
953 1210
953 1236
953 1534
953 1598
954 1238
954 1862
955 1353
955 1408
955 1759
955 1888
956 967
956 1586
957 1081
957 1324
957 1917
957 2132
958 1310
959 1684
959 1686
960 1003
960 1823
961 1291
961 1749
961 1790
962 1436
962 1845
963 1135
963 1387
963 1646
963 1795
963 1926
963 2116
964 1074
964 1228
964 2029
965 1774
966 1574
966 1632
967 1053
968 1907
969 1067
969 1709
971 1761
971 1989
972 1471
972 1877
973 1018
973 1179
973 1219
973 1919
974 1120
974 1569
975 1581
976 1410
977 1194
977 1220
977 1396
977 1472
978 1196
978 1491
978 1501
978 1565
978 1625
978 1965
979 1142
979 2014
981 1680
982 1474
982 2123
983 1682
983 1903
984 1435
984 2144
985 1320
985 1497
985 1584
986 1007
986 1093
986 1490
986 1492
987 2146
988 1076
988 1137
988 2017
989 1241
989 1906
990 1872
990 1992
991 1583
991 1969
991 1992
992 1367
992 1907
993 1140
993 2071
994 1459
994 1683
995 1009
995 1681
995 2005
995 2018
996 1148
996 1543
996 2106
997 1823
998 1439
998 2054
999 1280
999 1937
1000 1805
1001 2074
1002 1986
1003 1178
1003 1185
1003 1390
1004 1013
1004 1111
1004 1710
1005 1661
1005 1764
1005 2077
1006 1045
1006 1499
1006 1706
1007 1158
1008 1561
1009 1900
1010 1478
1010 1657
1010 1990
1010 2154
1011 1105
1012 1172
1012 1436
1013 1438
1013 1571
1014 1333
1014 1656
1014 2034
1015 1281
1015 1578
1015 1762
1015 1808
1015 2042
1016 1417
1016 2142
1017 1298
1017 1873
1018 1119
1019 1170
1019 1311
1019 1534
1019 1909
1019 2030
1020 2025
1021 1723
1022 1307
1023 1791
1023 1805
1024 1058
1024 1300
1024 2016
1025 1970
1026 1303
1026 1711
1026 2032
1027 1894
1028 1057
1028 1914
1028 1971
1029 1791
1029 1960
1030 1739
1030 1845
1031 1072
1031 1130
1031 1235
1031 1372
1031 2027
1031 2145
1033 1528
1034 1175
1035 2108
1036 1401
1036 1637
1036 1884
1037 1265
1037 2107
1038 1840
1039 1120
1039 1392
1039 2144
1040 1593
1041 2025
1043 1328
1043 1657
1043 1830
1044 1573
1044 2157
1045 1772
1045 1779
1045 2084
1046 1222
1046 1282
1046 1732
1047 1118
1047 1361
1047 1424
1048 1174
1048 1511
1048 1634
1049 1699
1049 1828
1049 2150
1050 1483
1050 1650
1051 1110
1051 1877
1052 1253
1053 1103
1053 1127
1053 1644
1053 2005
1054 1149
1054 1177
1054 1998
1055 1530
1055 1627
1056 1991
1057 1451
1058 1060
1060 1691
1060 1936
1061 1355
1061 1589
1062 1588
1062 1791
1063 1203
1064 1344
1065 1073
1066 1070
1066 1156
1066 1205
1066 1357
1066 2101
1068 1257
1068 1746
1071 1190
1071 1463
1071 1743
1072 1197
1073 1091
1074 1122
1074 1521
1075 1658
1075 2071
1076 1533
1077 1519
1077 1733
1077 2151
1078 1496
1078 1530
1078 1672
1078 1771
1078 1834
1078 1919
1079 1087
1079 1930
1079 1960
1080 1823
1081 1225
1082 1381
1082 1832
1082 2031
1083 1400
1083 1507
1083 1604
1083 1897
1084 2059
1085 1443
1085 1641
1085 1755
1085 1865
1085 2093
1086 1680
1086 2056
1087 1694
1087 1730
1087 1808
1087 2003
1088 2014
1089 1142
1089 1577
1089 1691
1090 1321
1090 1398
1090 1704
1091 1260
1092 1549
1092 1957
1092 2113
1092 2136
1094 1342
1095 1151
1095 1263
1095 1294
1095 1659
1095 1746
1095 2082
1096 1574
1096 2051
1097 1707
1097 1769
1097 2036
1098 1486
1099 1761
1099 2038
1099 2148
1100 1656
1100 2025
1101 1283
1101 1302
1101 1622
1101 1649
1101 1943
1102 1153
1102 1186
1102 1259
1102 1383
1102 1778
1102 1901
1102 1975
1103 1310
1105 1797
1105 1842
1105 1855
1105 2070
1106 1174
1106 1455
1107 1304
1107 1327
1107 1585
1107 1678
1108 1839
1108 2106
1109 1152
1109 1415
1109 1490
1109 1929
1110 1235
1110 1244
1110 1547
1110 2000
1111 1236
1111 1315
1111 1491
1111 1882
1111 2124
1112 1287
1112 1370
1113 1931
1114 1411
1115 1167
1115 1389
1116 1761
1116 2134
1117 1407
1117 1444
1117 1599
1117 1821
1118 1503
1119 1302
1119 1383
1119 1771
1119 1975
1123 1345
1123 1623
1124 1480
1124 1633
1124 1822
1126 1498
1127 1785
1128 1588
1128 1597
1129 1231
1130 1818
1131 1579
1131 1628
1131 1643
1132 1187
1132 1193
1132 1206
1132 1273
1132 1564
1133 1481
1133 1558
1134 1142
1134 1931
1134 1942
1135 1768
1136 1739
1136 1757
1137 1465
1137 1545
1138 1634
1138 2038
1139 1947
1140 1373
1140 1844
1141 1765
1142 1500
1143 1872
1143 1884
1143 2105
1144 1533
1145 1158
1145 1249
1145 2019
1146 1431
1146 1447
1147 2037
1148 1449
1148 1504
1149 1195
1149 1838
1150 1436
1150 1544
1150 2085
1151 1597
1152 2006
1153 1561
1154 1770
1155 2053
1156 1345
1156 1752
1157 1837
1158 1290
1158 1405
1158 1660
1159 1890
1159 1946
1160 1584
1160 1974
1161 1228
1162 1215
1163 1574
1164 1241
1164 1537
1164 2047
1165 1630
1165 1971
1166 1253
1166 2085
1167 1644
1169 1994
1170 1907
1171 1254
1171 1757
1172 1314
1172 1769
1173 1355
1173 1391
1174 1508
1174 1850
1175 1199
1175 2072
1176 1240
1176 1687
1177 1420
1178 2059
1179 1561
1180 1313
1180 2127
1181 2038
1182 1344
1182 1499
1182 2085
1183 1725
1184 1697
1184 1722
1185 1447
1185 1486
1187 1431
1188 1375
1189 1390
1189 1864
1189 1954
1189 2101
1189 2112
1189 2139
1190 1284
1191 1471
1191 2071
1192 1274
1192 1654
1192 1707
1192 2159
1194 2033
1194 2057
1195 1698
1195 2148
1196 1392
1197 1540
1197 1747
1197 1776
1197 1804
1197 1809
1198 1780
1198 1787
1199 1379
1201 1506
1201 1520
1202 1785
1203 1240
1203 1274
1203 1493
1203 1921
1204 1226
1204 1229
1204 1488
1204 1536
1204 1925
1204 2087
1205 1854
1205 2051
1206 1719
1207 1593
1207 1749
1208 1554
1208 1790
1209 1774
1209 2073
1210 1436
1210 1499
1211 1812
1212 1569
1212 1655
1213 1241
1213 1293
1214 1558
1216 1476
1217 2105
1218 1379
1218 1410
1218 1473
1220 1526
1220 1946
1221 1537
1222 1410
1222 1937
1223 1286
1223 2107
1223 2110
1224 1377
1224 1591
1224 1629
1225 1481
1225 1500
1225 1821
1225 1863
1227 1280
1227 2060
1228 1736
1228 1923
1229 1446
1229 1991
1230 2004
1231 1264
1232 1706
1233 1366
1233 2111
1234 1343
1236 1253
1237 1375
1238 1279
1239 1523
1239 1837
1240 2108
1241 1488
1241 1836
1242 1403
1242 1412
1242 1850
1242 1881
1243 1620
1243 1765
1244 1429
1246 1962
1246 2111
1247 1684
1247 2029
1248 1924
1248 1960
1249 1527
1249 1689
1249 1831
1249 1959
1250 1474
1250 1977
1251 1710
1251 2048
1252 1312
1253 1311
1254 1314
1254 1846
1254 1892
1255 2020
1256 1310
1256 1721
1257 1308
1258 1541
1258 2010
1259 1312
1259 1851
1261 1484
1261 2131
1262 1877
1262 1905
1263 1774
1264 1332
1265 1381
1266 2043
1267 1640
1267 1811
1267 2147
1268 1611
1268 1765
1268 1837
1269 1905
1269 2028
1270 1860
1271 1309
1271 1966
1272 1931
1273 1337
1275 1584
1275 1587
1276 1820
1276 1829
1276 2000
1277 1340
1277 1601
1278 1634
1278 2134
1278 2148
1279 1430
1279 1783
1279 1789
1279 1861
1279 1883
1280 1640
1282 1511
1283 1768
1284 1299
1284 1398
1284 2128
1286 1381
1286 1451
1287 1528
1287 1624
1287 2008
1287 2141
1288 1407
1288 1568
1288 1899
1289 1326
1289 1476
1289 1498
1291 1602
1291 2065
1292 1432
1292 1585
1293 1336
1293 1380
1293 1852
1293 1985
1295 1633
1295 1685
1295 1798
1295 2135
1296 1546
1297 1376
1297 1384
1297 1999
1298 1515
1298 1886
1299 1992
1300 1453
1300 1829
1300 1833
1300 2042
1301 1717
1301 2150
1304 1752
1305 1605
1306 1429
1306 1588
1306 1818
1307 1572
1307 1830
1307 2026
1307 2141
1308 1904
1309 1497
1310 1849
1310 1950
1310 1975
1310 2018
1312 1938
1312 1939
1312 2005
1313 1644
1314 1318
1315 1796
1315 2085
1316 1349
1316 2147
1317 1371
1317 1522
1318 1425
1319 1847
1319 1977
1320 1700
1320 1795
1320 1966
1322 1399
1323 1583
1323 1872
1324 1337
1324 1340
1325 1638
1325 1869
1325 2138
1326 2133
1327 2051
1328 1370
1328 1873
1330 1349
1330 1738
1330 1811
1331 2142
1332 1467
1333 1338
1333 1489
1333 1663
1333 1817
1334 1401
1334 1419
1335 1596
1336 2095
1337 1599
1338 1560
1339 1767
1340 1582
1340 1807
1341 1900
1341 2095
1343 1560
1343 1796
1344 1798
1345 1789
1345 2115
1346 1426
1346 1446
1347 1455
1347 2002
1348 1370
1348 1728
1351 1479
1351 1498
1352 1526
1352 1545
1353 1662
1353 2038
1354 1634
1355 1384
1355 1458
1357 1837
1358 1970
1358 2037
1359 1426
1359 1655
1361 1491
1361 2064
1362 1402
1363 1647
1363 1697
1364 1662
1364 1958
1365 1504
1366 1516
1366 1621
1366 1726
1366 1734
1367 1853
1368 1443
1368 1687
1368 1742
1368 2068
1369 1650
1370 1695
1370 1764
1370 1867
1371 2100
1371 2151
1372 1509
1372 1761
1374 1535
1374 1792
1374 2041
1375 1603
1375 2022
1376 1431
1378 1953
1379 1602
1381 1870
1382 1690
1382 1920
1382 1979
1382 2055
1382 2110
1385 1771
1385 1984
1385 2039
1385 2119
1386 1970
1387 1749
1388 1429
1389 1480
1390 1840
1391 1423
1391 1849
1392 2124
1393 2004
1395 1573
1395 1792
1396 1845
1397 1768
1397 1786
1399 1532
1399 1747
1399 1811
1399 1910
1402 1536
1402 1693
1402 1800
1403 1554
1403 2020
1404 1758
1406 1577
1406 2129
1407 1451
1409 1947
1410 1449
1410 1944
1411 1999
1411 2077
1411 2139
1412 1634
1413 1447
1414 1620
1414 1701
1414 2144
1416 2156
1417 1864
1418 1601
1418 1935
1418 2114
1419 1615
1419 1940
1420 1546
1421 1567
1422 2059
1423 1628
1423 1837
1424 1764
1424 2126
1425 1739
1426 2130
1428 1652
1428 1808
1428 2079
1429 1891
1429 1981
1430 1854
1431 2101
1432 2041
1433 2033
1435 1453
1436 1541
1436 1685
1437 1583
1437 1706
1438 1872
1440 1710
1441 2059
1442 1913
1442 1954
1442 2066
1444 1715
1444 1973
1445 1680
1446 1592
1446 1766
1447 1788
1448 1518
1448 2090
1448 2120
1448 2122
1450 1567
1451 1477
1451 1692
1451 1917
1453 1980
1454 1623
1455 1506
1455 1981
1457 1515
1457 1928
1457 2070
1459 1767
1461 1585
1461 1870
1461 1949
1462 1823
1464 1553
1464 1639
1465 1565
1468 1710
1468 1765
1469 1583
1470 1942
1472 1588
1473 1961
1473 2050
1474 1898
1476 2153
1477 2097
1478 2025
1479 1871
1479 2076
1479 2135
1480 1708
1482 1557
1483 1617
1483 1996
1485 1663
1486 1864
1493 1556
1494 1765
1495 1887
1496 2004
1497 1616
1497 1833
1497 1913
1498 1667
1501 1676
1505 1791
1507 1868
1508 2002
1509 1659
1510 1632
1511 1961
1512 1580
1513 1632
1513 1758
1513 2048
1514 1535
1517 1976
1517 2024
1518 1525
1518 1579
1519 2014
1520 1818
1521 1684
1522 1803
1522 1944
1523 1671
1523 1901
1524 1605
1524 1962
1525 1648
1525 1717
1525 2003
1527 1986
1529 1658
1531 1567
1531 1953
1532 2049
1534 1758
1535 1568
1537 1727
1539 2146
1541 1908
1542 1988
1544 1772
1544 2088
1545 1797
1545 2149
1546 1838
1547 1989
1548 1970
1548 1992
1549 1995
1550 2006
1550 2109
1551 1837
1552 1560
1553 2076
1554 1795
1555 1612
1556 1668
1556 1964
1556 1965
1558 1931
1559 1639
1559 1708
1559 2127
1560 2023
1560 2093
1561 1622
1561 2039
1562 2066
1563 1611
1563 2144
1564 1714
1567 2040
1569 1696
1569 1731
1569 1766
1570 1692
1571 1581
1571 1969
1572 1728
1573 1737
1573 1899
1573 1965
1574 2030
1576 1595
1576 1768
1576 1790
1578 1749
1578 1768
1579 1666
1579 1915
1580 1846
1580 2075
1580 2089
1582 1679
1583 1952
1584 1745
1586 1887
1586 2127
1588 1613
1588 1941
1589 1880
1590 1707
1591 1706
1592 1770
1593 1729
1595 1902
1595 2116
1596 1689
1597 1664
1597 1672
1597 1978
1598 1796
1599 2114
1600 1617
1600 1955
1601 2009
1601 2074
1603 2156
1605 1674
1605 2007
1606 2123
1608 1684
1608 1987
1609 2019
1609 2134
1610 1958
1610 2061
1611 1956
1612 1760
1612 1921
1612 2036
1613 1845
1614 1723
1615 1969
1615 2105
1616 2063
1617 1934
1617 2043
1618 1706
1619 2016
1620 1876
1620 2021
1623 1653
1623 1862
1623 1952
1624 1780
1625 2033
1626 1718
1626 1999
1627 1709
1627 1712
1628 1732
1628 1916
1628 1922
1629 1823
1629 1847
1630 1691
1631 1757
1632 1669
1632 2125
1633 1924
1634 2027
1636 1995
1637 1743
1637 1759
1638 1960
1638 2029
1640 1802
1641 2108
1642 1977
1645 1714
1647 1692
1649 1851
1650 1767
1651 1949
1651 1967
1651 1971
1653 1703
1653 1894
1654 1962
1656 1988
1658 1672
1658 1933
1662 1927
1663 2146
1664 2004
1665 1688
1667 1908
1669 1813
1670 2011
1674 1955
1675 1955
1677 1774
1678 1813
1678 2157
1679 2087
1679 2133
1680 1848
1681 1835
1681 2014
1682 1987
1682 2078
1683 2060
1686 1825
1686 1903
1686 1923
1696 1756
1697 1914
1698 1720
1698 1889
1698 1949
1699 2006
1700 1790
1701 1957
1701 2081
1702 1839
1702 2014
1703 1939
1703 1950
1704 2123
1708 2009
1710 1997
1710 2079
1711 1818
1713 2034
1714 1842
1714 2010
1714 2149
1716 2095
1719 1814
1720 2051
1721 1883
1723 1755
1723 1892
1723 1896
1725 1887
1727 1868
1728 2083
1729 1847
1729 2059
1731 1770
1732 1812
1735 2146
1736 1987
1737 2057
1738 2123
1739 1740
1741 2146
1744 1970
1748 1930
1748 2078
1749 2098
1750 1758
1750 2051
1751 1802
1751 2142
1752 1775
1754 2033
1756 1948
1757 1769
1758 1775
1760 1955
1761 1850
1761 1904
1763 1992
1765 1866
1767 1789
1768 1901
1768 2091
1773 1877
1773 1986
1774 2070
1774 2153
1776 1989
1776 2142
1777 1858
1777 1898
1777 1925
1777 2058
1779 2056
1782 1813
1782 2054
1784 1817
1784 1841
1785 1968
1787 1982
1788 2063
1790 2103
1790 2121
1798 1845
1800 2114
1802 1809
1804 2060
1804 2142
1805 1806
1805 1821
1806 1908
1807 1935
1812 2046
1814 2006
1816 1947
1817 2025
1819 1962
1820 2144
1822 1930
1824 1946
1824 2073
1825 1860
1825 2078
1834 2105
1835 2022
1837 2021
1839 1944
1841 2034
1842 1946
1843 2041
1844 1986
1847 1857
1847 1910
1847 2147
1848 2011
1851 1919
1852 2056
1855 2041
1863 1942
1866 2048
1869 2078
1870 1900
1871 1953
1872 1940
1873 1882
1873 2072
1873 2141
1875 2073
1877 1912
1878 1980
1879 1992
1881 1994
1883 1894
1884 2155
1885 2061
1887 1968
1888 1958
1893 1972
1894 2143
1897 2142
1899 1963
1900 2013
1902 1992
1902 2011
1903 1960
1906 2008
1907 2094
1908 2069
1908 2076
1914 1973
1917 2157
1918 2016
1924 2088
1924 2118
1925 2028
1927 2061
1927 2134
1928 2073
1930 2158
1934 1986
1936 2067
1937 2024
1937 2050
1937 2072
1945 2028
1946 2017
1951 2043
1953 2143
1957 2033
1958 1961
1958 1979
1958 1985
1958 2046
1967 2041
1969 2155
1972 2016
1972 2092
1979 2056
1982 2041
1983 2105
1984 2048
1986 2007
1986 2032
1989 2044
1991 2045
2013 2031
2013 2097
2014 2050
2019 2122
2025 2117
2030 2085
2034 2035
2034 2065
2034 2154
2036 2049
2037 2062
2037 2122
2047 2052
2047 2081
2053 2157
2056 2158
2057 2064
2057 2124
2059 2099
2060 2125
2063 2102
2063 2112
2067 2129
2073 2149
2081 2095
2089 2111
2094 2109
2095 2110
2097 2107
2104 2123
2114 2132
2118 2127
2142 2145
