2736 5472
0 968
0 1581
0 2305
0 2326
1 643
1 1724
1 2034
2 1651
2 1700
2 1763
3 396
3 2417
3 2698
4 313
4 406
4 937
4 1086
4 2135
4 2250
4 2704
4 2705
5 123
5 475
5 549
5 651
5 886
5 1860
5 2202
5 2360
6 383
6 1303
6 1604
7 1719
7 2718
7 2730
8 333
8 803
8 833
8 1297
9 812
9 1057
9 2199
9 2240
10 811
10 980
10 1676
11 19
11 2252
11 2418
11 2518
12 584
12 863
12 884
12 963
12 1037
12 1433
12 1468
12 1870
13 1579
13 2041
13 2118
14 629
14 804
14 1192
14 1363
15 721
15 869
15 1319
16 417
16 1084
16 1390
17 1135
17 1490
17 2530
18 400
18 1365
18 2297
19 1767
19 2716
20 150
20 1504
20 2424
21 2347
21 2476
21 2697
22 463
22 1879
22 1954
23 111
23 542
23 744
23 930
23 949
23 1111
23 2238
23 2267
24 375
24 1656
24 2332
25 186
25 529
25 1032
26 762
26 768
26 1369
27 189
27 875
27 2476
28 838
28 1462
28 1653
29 654
29 2720
30 1275
30 1394
30 2733
31 1140
31 1740
31 2162
32 350
32 1006
32 1015
33 1561
33 2057
33 2496
34 80
34 2675
34 2712
35 918
35 1056
35 2076
35 2105
36 889
36 924
36 947
36 1468
36 1749
36 1766
36 2020
36 2180
37 396
37 1099
37 2193
38 128
38 202
38 324
38 1056
38 1759
38 1787
38 2133
38 2551
39 1002
39 1770
39 2383
40 602
40 1104
40 2062
41 811
41 1289
41 1585
42 384
42 1263
42 1737
42 2717
43 620
43 674
43 839
44 278
44 865
44 868
44 1781
44 2085
44 2664
45 472
45 515
45 1115
46 339
46 580
46 1702
47 286
47 335
47 364
48 311
48 1310
48 2075
49 295
49 1301
49 1452
49 1708
49 2028
49 2089
49 2159
49 2477
50 125
50 976
50 1990
51 1784
51 1890
51 2598
52 470
52 781
52 1287
53 276
53 616
53 955
53 1222
53 1324
53 2447
54 387
54 1912
54 2064
55 391
55 2009
55 2061
55 2280
56 73
56 2595
56 2639
57 1169
57 1872
57 2595
58 73
58 1005
58 1993
59 864
59 986
59 1201
59 1368
60 698
60 1711
60 2315
61 569
61 707
61 1880
61 2240
62 699
62 1198
62 2241
63 959
63 2339
63 2615
64 806
64 1429
64 2062
65 109
65 1106
65 1500
65 1914
66 189
66 601
66 2697
67 1602
67 1699
67 2330
68 280
68 2044
68 2193
69 608
69 1985
69 2390
70 814
70 1213
70 2729
71 1702
71 1798
71 1902
72 1174
72 2166
72 2476
73 594
73 946
73 1012
73 1064
73 1680
73 2430
74 990
74 1047
74 1241
74 2025
74 2030
74 2276
75 607
75 769
75 2036
75 2126
75 2195
75 2348
76 152
76 613
76 629
76 2296
76 2538
76 2628
77 1848
77 2258
77 2578
78 220
78 1123
78 1617
78 2479
79 417
79 1075
79 1101
80 410
80 967
80 1314
80 1625
80 1698
80 2231
80 2692
81 704
81 1183
81 1901
82 198
82 552
82 1447
82 1517
82 1864
82 1961
82 2051
82 2532
83 378
83 454
83 524
83 833
83 1428
83 1530
84 1686
84 2060
84 2172
85 1150
85 1181
85 1582
85 2096
85 2310
85 2414
86 663
86 1003
86 1033
86 2338
87 266
87 503
87 661
87 1109
88 1257
88 2098
88 2395
89 1265
89 1277
89 1418
89 1531
89 2612
89 2638
90 265
90 514
90 1079
90 1487
91 95
91 1440
91 2157
92 439
92 692
92 2440
93 1085
93 1549
93 1583
93 2021
93 2389
93 2721
94 470
94 1318
94 1425
95 234
95 1191
95 1298
95 1624
95 2050
95 2312
95 2627
96 572
96 743
96 917
97 814
97 2383
97 2616
98 872
98 1843
98 2091
99 320
99 1170
99 1811
100 103
100 398
100 1164
101 176
101 488
101 2527
102 161
102 1009
102 1571
102 2443
103 283
103 1063
103 1519
103 2074
103 2335
103 2521
103 2564
104 1489
104 1686
104 1709
105 206
105 1257
105 1417
106 185
106 350
106 564
107 285
107 796
107 1366
107 1400
107 1779
107 2205
108 111
108 731
108 1737
108 1818
108 1910
108 2353
108 2375
108 2709
109 2422
109 2579
110 1261
110 1459
110 2097
111 522
112 476
112 1166
112 2408
113 828
113 1857
113 1951
113 2497
114 797
114 1011
114 1963
115 286
115 1353
115 1711
116 286
116 1098
116 1194
117 225
117 725
117 1573
117 1577
117 1587
117 1625
117 1772
117 1846
118 1350
118 1536
118 2475
119 1902
119 2043
119 2350
120 460
120 1107
120 1354
120 1373
120 1586
120 1611
121 863
121 904
121 1409
121 2399
122 981
122 1770
122 2695
123 964
123 1999
124 135
124 1357
124 2311
125 199
125 824
125 1367
125 2088
125 2261
125 2587
125 2692
126 271
126 367
126 1518
127 734
127 870
127 2377
128 1532
128 2662
129 853
129 1071
129 1327
130 253
130 576
130 582
130 596
130 1129
130 1364
130 2513
130 2669
131 652
131 2493
131 2703
132 823
132 1019
132 1127
132 1402
132 1715
132 1802
132 2059
132 2302
133 465
133 1728
133 2528
134 376
134 450
134 989
135 374
135 502
135 662
135 973
135 1332
135 1806
135 2358
136 917
136 997
136 1537
137 380
137 1110
137 2052
138 599
138 2330
138 2392
139 388
139 808
139 1098
140 578
140 683
140 1247
141 450
141 1325
141 1830
142 227
142 590
142 2062
143 685
143 1971
143 2558
144 1346
144 1374
144 2456
145 1149
145 1770
145 2383
146 1118
146 1258
146 2559
147 622
147 898
147 1341
147 1431
147 1599
147 1732
147 2121
147 2604
148 605
148 771
148 1383
149 602
149 1112
149 2291
150 866
150 1122
150 2037
151 1109
151 1607
151 1697
151 2507
152 1207
152 2115
153 335
153 883
153 1796
154 749
154 1169
154 1189
155 1614
155 2269
155 2483
156 867
156 1462
156 1744
157 645
157 821
157 1635
158 590
158 1104
158 2214
159 185
159 1853
159 1932
160 281
160 599
160 774
161 1002
161 1017
162 1927
162 1990
162 2672
163 350
163 849
163 2049
164 839
164 2046
164 2253
165 389
165 1881
165 1932
166 531
166 1619
166 2337
167 589
167 794
167 2049
168 393
168 520
168 2129
169 369
169 1471
169 1715
169 1941
169 2565
169 2685
170 1024
170 1066
170 1671
171 937
171 1161
171 1419
171 1466
172 2024
172 2057
172 2552
173 526
173 713
173 900
174 215
174 578
174 1916
175 1425
175 1799
175 2156
176 1341
176 1589
176 1969
176 2150
176 2321
177 1686
177 2124
177 2579
178 1748
178 2366
178 2433
179 1292
179 1907
179 2232
180 352
180 632
180 2562
181 1176
181 1302
181 2045
181 2326
182 739
182 1108
182 2206
182 2342
182 2550
182 2689
183 570
183 1032
183 1049
184 979
184 1739
184 2424
185 1152
185 1216
185 1225
185 1750
185 2596
185 2678
186 222
186 416
186 432
186 2167
186 2465
187 258
187 1278
187 1543
187 1913
187 1918
187 1967
188 919
188 1067
188 1591
188 1661
188 2257
188 2636
189 209
189 825
189 904
189 1988
190 839
190 1139
190 2207
191 241
191 277
191 752
192 1115
192 1536
192 1762
193 747
193 1710
193 2662
194 984
194 1632
194 2493
195 913
195 1472
195 1633
195 1804
196 203
196 322
196 1108
196 1297
196 1448
196 1530
196 2134
196 2196
197 237
197 387
197 921
198 1155
198 2258
199 2014
199 2043
200 1310
200 1609
200 1729
201 605
201 1833
201 1890
202 847
202 851
203 1690
203 1920
204 492
204 1671
204 2244
205 581
205 720
205 2193
206 1076
206 1107
206 1136
206 1138
206 1454
206 1883
206 2316
207 1097
207 1292
207 1985
208 536
208 567
208 1500
208 2596
208 2611
208 2660
209 1812
209 2182
210 1104
210 1689
210 2626
211 604
211 1662
211 2034
212 806
212 2000
212 2214
213 241
213 550
213 1644
214 1039
214 1232
214 1524
214 1876
215 950
215 1904
215 2582
216 477
216 562
216 930
216 1265
216 1400
216 1908
216 2336
216 2686
217 465
217 1843
217 2435
218 1252
218 1285
218 2390
219 1194
219 1257
219 2129
220 1356
220 2282
221 1261
221 1396
221 2131
222 942
222 2530
223 296
223 1070
223 2493
224 976
224 1178
224 2672
225 2433
225 2615
226 780
226 1935
226 2111
227 466
227 890
227 1415
227 1444
227 1966
228 764
228 872
228 2161
229 1155
229 1735
229 2466
230 1963
230 2014
230 2016
231 1359
231 1915
231 2696
232 472
232 819
232 2475
233 954
233 1384
233 1405
234 241
234 517
235 719
235 951
235 1300
235 1452
235 1826
235 2197
236 607
236 1407
236 1746
236 1797
237 424
237 664
237 1584
238 1303
238 1798
238 2013
239 667
239 875
239 1437
240 438
240 918
240 982
240 1259
240 1456
240 1474
240 1547
240 2101
241 874
241 1576
241 2700
242 867
242 1204
242 2278
243 853
243 2097
243 2258
244 1657
244 1677
244 2043
245 612
245 1742
245 1817
246 1628
246 1725
246 1917
247 515
247 1087
247 1719
248 1703
248 2212
248 2357
248 2449
249 638
249 2545
249 2718
250 638
250 687
250 867
251 1710
251 1999
251 2575
252 1042
252 1229
252 1234
253 1273
253 1765
254 367
254 839
254 1295
255 667
255 1247
255 2339
256 493
256 1906
256 2516
257 484
257 1100
257 2063
257 2233
258 1840
258 2568
259 762
259 1479
259 2484
260 335
260 457
260 698
261 281
261 960
261 1548
262 1294
262 1516
262 2545
263 498
263 1612
263 2264
264 1391
264 1926
264 2610
265 608
265 2232
266 1017
266 1730
267 1525
267 2241
267 2339
268 352
268 1280
268 1705
269 279
269 350
269 847
270 417
270 1421
270 1984
271 426
271 458
271 644
272 778
272 805
272 815
272 1180
272 1580
272 2109
272 2265
272 2556
273 1294
273 1307
273 2511
274 599
274 821
274 1492
275 577
275 2170
275 2405
276 1619
276 2254
277 397
277 415
277 1093
277 1342
277 1569
277 1717
277 2087
278 450
278 1036
279 288
279 360
279 701
279 1203
279 1911
279 2021
279 2444
280 508
280 1771
280 1858
280 2203
280 2582
281 505
281 542
281 661
281 1372
281 1842
281 2468
282 641
282 889
282 939
282 1578
283 1383
283 1544
284 355
284 748
284 1558
284 1788
284 2021
284 2219
284 2305
284 2586
285 2264
285 2545
286 473
286 615
286 919
286 1127
286 1508
287 2138
287 2144
287 2325
287 2689
288 1213
288 2598
289 796
289 1874
289 1987
289 2238
289 2318
289 2473
289 2572
289 2612
290 620
290 1309
290 1352
291 1034
291 1760
291 2448
292 1387
292 1969
292 2004
292 2362
293 1760
293 2655
293 2718
294 589
294 1375
294 2187
295 1149
295 2293
296 830
296 854
296 996
296 1328
296 1992
297 586
297 2328
297 2405
298 364
298 1873
298 2129
299 646
299 1347
299 1520
300 1285
300 1851
300 2131
301 899
301 2583
301 2622
301 2652
302 388
302 851
302 1257
303 1722
303 1817
303 2350
304 1748
304 2620
304 2703
305 2005
305 2218
305 2460
306 1386
306 1563
306 2308
307 483
307 510
307 647
308 717
308 1346
308 1525
309 401
309 420
309 1113
309 1187
309 1517
309 2147
310 1070
310 1866
310 2119
311 411
311 657
311 1418
311 1499
311 1897
311 2066
311 2107
312 482
312 1537
312 1856
313 574
313 1042
314 752
314 914
314 1011
315 407
315 1302
315 1641
315 2121
315 2425
315 2586
316 572
316 980
316 2592
317 1325
317 2602
317 2690
318 1336
318 1399
318 1733
319 482
319 688
319 2168
320 323
320 385
320 1132
320 1409
320 1568
320 1721
320 2180
321 1412
321 1682
321 2042
322 710
322 2282
323 853
323 933
324 602
324 692
325 800
325 932
325 1201
325 1538
326 1347
326 1926
326 2000
327 1006
327 1069
327 2598
328 646
328 1702
328 2062
329 893
329 1968
329 2367
330 1193
330 1553
330 1941
330 2125
330 2426
330 2710
331 972
331 1699
331 2100
332 684
332 1134
332 1464
332 1723
333 433
333 1356
334 682
334 1174
334 2688
335 1067
335 1199
335 1554
335 1898
335 2652
336 467
336 1481
336 2188
336 2654
337 1137
337 2046
337 2733
338 367
338 1112
338 2152
339 566
339 828
339 896
339 1009
339 2513
340 417
340 465
340 2448
341 752
341 1178
341 1982
342 1103
342 1229
342 1240
343 1233
343 1677
343 2099
344 535
344 1023
344 1080
344 1373
344 1546
344 1825
344 1942
344 2646
345 808
345 1896
345 2042
346 434
346 1343
346 2486
346 2573
347 645
347 1069
347 2115
348 734
348 856
348 2435
349 1336
349 1991
349 2555
350 366
350 1599
350 1789
350 2608
351 2115
351 2383
351 2695
352 362
352 624
352 2676
352 2713
353 570
353 2365
353 2386
354 717
354 959
354 2079
355 570
355 781
356 526
356 1812
356 1932
357 781
357 2156
357 2469
358 1004
358 1976
358 2052
359 1344
359 1643
359 1734
360 2278
360 2405
361 368
361 550
361 2041
362 2417
362 2463
363 631
363 803
363 1617
363 2063
364 922
364 1255
364 1887
364 1975
365 1299
365 1412
365 1690
366 517
366 2119
367 779
367 992
367 1747
367 2701
367 2704
368 901
368 1124
368 1424
368 1795
368 2011
369 845
369 2262
370 2435
370 2578
370 2728
371 1810
371 2224
371 2341
371 2644
372 819
372 1005
372 1253
373 1274
373 1799
373 2511
374 851
374 1098
375 1211
375 1591
375 1818
375 1887
375 2299
376 948
376 1033
376 1134
376 1196
376 2447
376 2462
376 2654
377 1060
377 1095
377 1110
378 653
378 1544
379 625
379 1243
379 1616
380 637
380 701
380 1293
380 1517
380 1757
380 1955
380 2279
381 1007
381 1032
381 1135
382 517
382 914
382 2014
383 508
383 928
383 940
383 1142
383 1380
383 2553
383 2666
384 1038
384 1798
385 1155
385 2293
386 2337
386 2493
386 2620
387 1745
387 1876
387 1952
387 2116
388 408
388 445
388 817
388 1404
388 1473
388 2012
389 690
389 1270
389 1413
389 1707
389 1859
389 1988
389 2018
390 439
390 493
390 839
391 814
391 981
392 1098
392 1417
392 2395
393 473
393 480
393 636
393 903
393 1434
393 2376
393 2685
394 736
394 1755
394 1942
394 2566
395 674
395 1598
395 1677
396 718
396 1549
396 1776
396 1944
396 2183
396 2666
397 1010
397 1440
398 1822
398 1863
398 2128
398 2236
398 2398
399 795
399 1643
399 2010
400 926
400 1088
400 1334
400 1645
400 2164
401 482
401 1790
402 510
402 1570
402 2472
403 473
403 485
403 823
403 1065
403 1615
403 2638
404 819
404 1115
404 1439
405 522
405 1252
405 1891
406 439
406 2333
407 501
407 2278
408 488
408 1848
409 1677
409 2509
409 2655
410 2297
410 2672
411 421
411 2075
412 1234
412 2182
412 2365
413 1139
413 1598
413 2269
414 1118
414 1735
414 1896
415 1875
415 2157
416 1007
416 1541
418 1307
418 1412
418 1920
419 1271
419 2263
419 2562
420 457
420 2575
421 540
421 925
421 1613
421 2028
421 2128
421 2153
421 2521
422 743
422 1253
422 2712
423 845
423 1458
423 2424
424 1824
424 1912
425 1352
425 1677
425 2707
426 441
426 1728
427 1115
427 1350
427 1836
428 764
428 1025
428 2215
429 697
429 1478
429 2320
429 2564
430 513
430 537
430 672
430 677
430 2123
430 2169
430 2229
430 2540
431 1075
431 1760
431 1765
432 1872
432 2733
433 631
433 740
433 2247
433 2388
433 2704
434 667
434 2187
435 859
435 1734
435 2332
436 1240
436 1310
436 1594
437 1417
437 1927
437 1997
438 808
438 847
439 458
439 658
439 740
439 1008
439 1674
440 835
440 1644
440 2176
441 1416
441 1546
441 2239
441 2374
441 2624
442 1092
442 1833
442 2422
443 1018
443 1055
443 1214
443 1819
443 1948
443 2106
443 2661
443 2723
444 507
444 1030
444 2634
445 1357
445 1381
446 1544
446 2042
446 2634
447 883
447 2168
447 2575
448 1004
448 1014
448 1765
449 584
449 1209
449 1409
449 1684
449 1707
449 1909
450 941
450 1756
450 2143
450 2450
450 2490
451 1122
451 1145
451 1147
451 1683
451 2068
451 2650
452 768
452 2156
452 2558
453 1467
453 2300
453 2510
453 2622
454 851
454 1896
455 1179
455 1441
456 826
456 1233
456 1435
457 565
457 1649
457 2213
457 2249
458 1112
459 515
459 784
459 1005
460 756
460 1790
461 509
461 1579
461 2003
462 1507
462 2270
462 2563
462 2642
463 485
463 1082
463 1200
463 1304
463 2165
463 2202
463 2453
464 2238
464 2336
464 2340
464 2459
465 1122
465 1495
465 2379
466 2626
466 2722
467 1899
467 2434
468 563
468 1295
468 2469
469 592
469 750
469 877
469 935
469 1457
469 1673
469 1781
469 2185
470 689
470 711
470 1269
470 1392
470 1769
470 1841
471 814
471 1349
471 1711
472 502
472 2012
472 2234
472 2397
472 2412
472 2520
474 2032
474 2392
474 2428
475 1629
475 1891
476 480
476 697
476 1608
476 1659
476 2302
477 1230
477 1666
478 1311
478 1900
478 2297
479 917
479 1006
479 1213
480 1440
481 834
481 1150
481 1463
481 1627
481 1691
481 1785
481 1850
481 2515
482 1454
482 2531
482 2715
483 990
483 1142
483 1648
483 1649
483 1687
483 2384
483 2678
484 1359
484 1370
485 2639
486 1253
486 1718
486 2383
487 892
487 1604
487 2193
488 1354
488 1482
488 1806
488 2148
489 1253
489 2172
489 2315
490 653
490 1313
490 1873
491 749
491 768
491 2517
492 536
492 1339
492 2380
493 656
493 992
493 1588
493 2299
494 814
494 1069
494 1492
495 1223
495 1294
495 2264
496 698
496 883
496 1873
497 699
497 1480
497 2712
498 1143
498 1511
498 2334
499 566
499 708
499 787
499 1237
499 1727
499 2289
500 763
500 1265
500 1266
500 1305
500 1402
500 1434
500 2373
500 2473
501 555
501 1165
501 1973
501 2077
501 2208
501 2219
501 2573
502 2275
503 645
503 1331
504 789
504 1760
504 2099
505 1017
505 1635
506 525
506 2064
506 2445
507 1206
507 2284
507 2583
508 1735
509 668
509 1193
509 1363
509 1695
509 1974
509 2538
509 2540
510 606
510 1282
510 2593
510 2617
511 1025
511 1137
511 1843
512 557
512 951
512 1019
512 1434
513 1208
513 2273
514 2040
514 2332
515 882
515 899
515 1102
515 1554
515 2287
516 795
516 1734
516 1793
517 898
517 1717
517 1847
517 2314
517 2381
518 1480
518 1605
518 2602
519 583
519 1484
519 2609
519 2656
520 1127
520 1304
520 1531
520 1669
520 2406
521 713
521 810
521 1881
522 813
522 831
522 1079
522 2643
523 2254
523 2263
523 2580
524 808
524 1676
525 664
525 763
525 1105
525 2345
525 2492
526 1270
526 1389
526 1778
526 1797
526 2198
526 2439
527 764
527 1509
527 1614
528 561
528 825
528 1446
528 1714
528 2196
528 2206
528 2399
528 2588
529 558
529 2480
529 2607
530 630
530 2198
530 2348
530 2481
531 568
531 837
531 950
531 2364
531 2667
532 581
532 836
532 1139
533 920
533 1486
533 2189
533 2541
534 599
534 713
534 1836
535 706
535 1690
536 2579
537 1249
537 2282
538 2366
538 2493
538 2530
539 968
539 1641
539 2298
539 2711
540 1609
540 1729
541 759
541 1076
541 1096
541 1187
541 1284
541 1621
542 953
543 669
543 739
543 2220
543 2361
544 1245
544 2081
544 2730
545 771
545 1862
545 1978
546 590
546 1518
546 2291
547 1075
547 1351
547 2139
548 721
548 2254
548 2315
549 1994
549 2514
550 715
550 1278
550 1732
550 1805
550 2413
550 2613
551 870
551 2071
551 2097
552 1261
552 2331
553 719
553 772
553 1260
553 1345
553 1371
553 1886
553 2556
553 2594
554 674
554 836
554 1856
555 875
555 2170
556 1548
556 1991
556 2052
557 2108
557 2570
558 1325
558 2365
559 605
559 845
559 872
560 1011
560 1741
560 2186
561 1276
561 1879
562 1742
562 2505
563 1588
563 1661
563 1975
563 2625
563 2709
564 659
564 776
564 788
564 877
564 1756
565 1430
565 2168
566 2043
567 911
567 1092
568 683
568 1784
569 1710
569 2699
570 994
570 1335
570 1829
571 1027
571 1907
571 2040
572 1120
572 1555
572 1696
572 2107
573 1273
573 1702
573 2139
574 770
574 873
574 1505
575 1073
575 1105
575 2216
575 2589
576 646
576 2214
577 1583
577 2432
577 2502
578 1000
578 1159
578 2178
578 2547
579 911
579 1087
579 2253
580 730
580 769
580 961
580 1129
580 1263
580 1642
580 2222
581 1380
581 1595
581 1621
581 2657
581 2691
581 2715
582 944
582 2062
583 789
583 1114
584 1170
585 960
585 1606
585 1730
586 737
586 940
586 1085
586 1476
586 1491
586 2352
586 2569
587 840
587 862
587 1812
588 829
588 1311
588 2062
589 1246
589 1324
589 1475
589 2421
589 2541
589 2608
590 982
590 1184
590 1564
590 1787
590 2633
591 647
591 721
591 911
592 859
592 1548
593 760
593 1600
593 2081
594 2435
594 2648
595 1774
595 2251
595 2699
596 964
596 2294
597 1344
597 1793
597 2010
598 1106
598 2067
598 2380
598 2404
599 987
599 1322
599 2038
599 2323
600 1394
600 1598
600 2253
601 1342
601 1626
601 1995
601 2082
601 2154
601 2329
601 2627
602 881
602 1456
602 1560
602 1667
602 1966
603 1600
603 1920
603 2503
604 936
604 1267
604 1335
604 1931
604 2245
604 2250
604 2607
605 1168
605 1193
605 2109
605 2427
605 2642
606 1604
606 2253
607 914
608 831
608 1360
609 760
609 2528
609 2698
610 943
610 1414
610 1698
610 1908
610 2192
610 2340
610 2572
610 2618
611 660
611 1315
611 1915
612 1182
612 1266
612 1584
612 1892
612 2216
613 811
613 1770
614 984
614 1285
614 1748
615 1289
615 2108
616 1596
616 1899
617 691
617 969
617 1147
617 1743
617 1844
617 1937
617 2145
617 2432
618 1128
618 1143
618 1175
618 1366
618 1701
618 2171
619 1634
619 1829
619 2321
619 2362
620 1054
620 1248
620 1378
620 1403
620 1542
620 1967
621 2115
621 2383
621 2568
622 835
622 897
623 1066
623 1535
623 2311
624 869
624 2580
625 1282
625 1688
625 2025
626 795
626 2040
626 2377
627 902
627 1875
627 2699
628 1292
628 2377
628 2390
629 872
630 1261
630 1881
631 1682
632 1235
632 1238
632 1486
633 1058
633 1338
633 1502
633 1611
633 1755
633 2290
633 2303
633 2374
634 1333
634 1596
634 1856
635 869
635 1533
635 1619
636 1590
636 1742
637 2097
637 2168
638 657
638 1277
638 1449
638 1675
638 2255
638 2630
639 1103
639 1205
639 2291
640 911
640 1890
640 1978
641 1245
641 1600
642 997
642 1307
642 1609
643 776
643 1457
643 2706
644 2435
644 2487
645 1231
646 1795
647 822
647 908
647 1047
647 1312
647 2467
647 2536
648 981
648 1712
648 2616
649 1137
649 1394
649 2483
650 1917
650 2003
650 2292
651 1396
651 1694
652 729
652 804
652 1498
652 1658
652 2069
653 785
653 1199
653 1206
653 1467
653 1663
653 2354
654 797
654 1024
655 2395
655 2469
655 2695
656 893
656 1977
657 2505
658 1295
658 1598
659 991
659 1793
660 995
660 1720
660 2449
661 1903
662 1381
662 1596
663 1899
663 2392
664 1095
665 829
665 1896
665 2044
666 781
666 1998
666 2278
667 916
667 1831
667 2431
667 2586
667 2726
668 845
668 1978
669 1140
669 2013
670 1437
670 2136
670 2698
671 677
671 681
671 1083
671 1086
671 1424
671 1466
671 2344
671 2613
672 1932
672 2041
673 710
673 1315
673 2696
674 1224
674 1777
674 2657
675 1230
675 1994
675 2084
676 1118
676 1676
676 2044
677 2118
678 1728
678 2152
678 2487
679 1042
679 1644
679 2476
680 819
680 1873
680 2446
681 820
681 1724
682 1451
682 2103
682 2489
683 861
683 1262
683 1337
683 1538
683 1809
683 2591
684 1117
684 1919
685 1197
685 2320
685 2335
686 800
686 1283
686 2368
686 2491
687 1478
687 1481
687 1608
687 1970
687 2338
688 1018
688 1187
688 1269
688 1354
688 1706
689 1038
689 1790
690 2182
690 2347
691 1525
691 2328
692 807
692 982
692 1180
692 2701
693 1252
693 1622
693 2232
694 1609
694 1853
694 2075
695 867
695 1968
695 2690
696 1359
696 1912
696 2610
697 1462
698 1076
698 2102
698 2531
699 1472
699 2231
699 2420
699 2649
700 962
700 1095
700 1976
701 2275
702 1025
702 1275
702 2528
703 962
703 1110
703 2445
704 1415
704 1539
704 1654
704 1804
704 2647
705 1694
705 2131
705 2557
706 1058
706 1706
706 1713
706 2148
706 2316
707 1194
707 2291
708 2308
708 2694
709 972
709 1437
709 2405
710 1064
710 1534
710 1720
710 1839
711 1044
711 1901
712 887
712 1924
712 1930
712 2171
713 1130
713 1239
713 2051
713 2165
713 2708
714 1640
714 1727
714 1861
714 2301
715 1513
715 2176
716 771
716 1275
716 1585
717 1556
717 1751
717 2221
717 2342
718 1190
718 2405
719 2534
720 827
720 1210
720 1264
720 1778
720 2130
720 2229
720 2553
721 882
721 910
721 1026
721 1567
721 2388
722 851
722 862
722 2319
723 900
723 1881
723 2071
724 1087
724 1319
724 2254
725 1429
725 1492
726 957
726 1959
726 2467
726 2657
727 743
727 997
727 2598
728 1118
728 1311
728 2214
729 1748
729 2337
730 2027
730 2331
731 2232
731 2456
732 1249
732 1928
732 2493
733 1158
733 1235
733 1264
733 2609
733 2673
733 2676
734 1618
734 1895
734 2137
734 2414
734 2451
734 2495
735 981
735 1770
735 2568
736 1725
736 2005
737 2193
737 2424
738 840
738 1183
738 1718
739 743
740 1234
741 1378
741 2242
741 2301
741 2409
742 869
742 2263
742 2387
743 759
743 1838
743 2144
743 2715
744 1651
744 1730
745 1066
745 1274
745 2410
746 1399
746 2052
746 2393
747 1125
747 1181
747 2105
748 1006
748 2405
749 2058
749 2682
750 801
750 2698
751 901
751 938
751 975
751 1953
752 1599
752 1815
752 2050
752 2179
752 2343
753 1121
753 1435
753 1926
754 1258
754 1545
754 2013
755 847
755 1014
755 2228
756 973
756 1473
756 1589
756 1706
756 2663
757 1535
757 1741
757 2014
758 835
758 1097
758 1352
759 1856
760 1433
760 1578
760 1721
760 2727
761 1213
761 1492
761 1712
762 2225
762 2682
763 1817
764 1363
764 1379
764 1731
765 998
765 2157
765 2602
766 1046
766 1171
766 2058
766 2501
767 976
767 1417
767 2626
768 1328
768 1934
768 2035
768 2523
768 2687
769 1459
770 1240
770 1348
771 807
771 934
771 1345
771 1469
771 2548
772 1207
772 1289
773 1492
773 1605
773 2000
774 1913
774 2416
774 2684
775 976
775 1824
775 1837
776 1764
777 1459
777 1798
777 2027
778 1218
778 2288
779 1234
779 2333
780 1062
780 1574
780 2053
780 2149
780 2160
781 1255
781 1948
781 2257
781 2285
782 1490
782 1928
782 2226
783 1575
783 2140
783 2367
784 1090
784 1423
784 1654
784 1751
784 1761
784 1838
784 2631
785 1735
785 2724
786 1929
786 2024
786 2527
787 1722
787 2438
788 794
788 2651
789 1163
789 1449
789 1665
789 2023
789 2309
789 2670
790 1172
790 1242
790 1343
790 2327
791 906
791 1803
791 2217
791 2401
791 2465
791 2501
792 1016
792 1888
792 2555
793 1208
793 1856
793 2193
794 860
794 898
794 1152
794 1592
794 2343
794 2444
795 848
795 1939
795 2508
796 1027
797 1179
797 2411
798 942
798 1135
798 2433
799 1100
799 1587
799 1754
799 2479
800 1357
801 878
801 932
801 2371
801 2411
801 2591
802 970
802 971
802 1442
802 1597
803 2333
804 1763
805 1729
805 2592
806 1597
806 1869
807 1218
808 1878
808 2002
808 2133
808 2358
809 1943
809 2244
809 2598
810 1302
810 1389
810 2298
811 1371
811 1379
811 1814
811 2407
811 2589
812 1710
812 1774
813 1656
813 2456
814 1708
814 1826
814 2535
815 1662
815 2075
816 1686
816 2366
816 2602
817 1439
817 2275
818 877
818 1355
818 1453
818 1960
819 1026
819 1410
819 1761
819 2652
820 950
820 1159
820 1296
820 2397
820 2402
821 1109
821 1650
822 836
822 1303
823 2129
824 1178
824 1927
825 1170
826 952
826 1141
826 1329
826 1432
826 2599
827 1579
827 2273
828 2707
829 1361
829 1645
829 1827
829 1855
829 2209
829 2230
830 1162
830 1525
831 1907
832 989
832 1906
832 2049
833 1412
834 2017
834 2435
835 874
835 1424
835 1877
835 1918
835 1972
836 1091
837 1066
837 1247
838 907
838 1608
838 2335
839 1224
839 1455
839 2536
840 895
840 1413
840 1684
840 1804
840 1841
840 2723
841 1350
841 1689
841 1990
842 1533
842 1631
842 2254
843 1427
843 1662
843 2365
844 959
844 1699
844 2328
845 905
845 2621
846 1007
846 2365
846 2366
847 1592
847 2584
848 1985
848 2680
849 860
849 920
849 931
849 955
849 1040
849 2120
849 2194
850 1208
850 1396
850 2562
851 2101
851 2174
851 2658
852 1251
852 1422
852 2098
853 963
853 1800
853 2394
853 2532
853 2537
854 1490
854 1545
855 970
855 1013
855 1523
855 1649
855 1786
855 1815
855 1847
855 2181
856 1850
856 2164
856 2259
857 1479
857 1964
857 2517
858 1178
858 1350
858 2722
859 2117
859 2490
859 2560
859 2635
860 1243
861 1024
861 1274
862 1878
862 2018
862 2030
862 2617
863 1811
864 1357
864 2458
865 1548
865 1764
866 1084
866 2665
867 2048
867 2070
867 2305
867 2567
868 1027
868 1734
869 1222
869 1445
870 968
870 1176
870 1627
870 2051
870 2053
870 2599
871 1609
871 1744
871 2505
872 1894
872 2169
872 2295
872 2710
873 1103
873 2122
874 1513
875 1601
875 1626
875 1681
875 2164
875 2624
876 1174
876 2124
876 2176
878 1154
878 1764
879 1319
879 1489
879 1671
880 981
880 1002
880 2115
881 1793
881 2241
882 1030
883 1523
883 2147
883 2384
884 1245
884 1326
885 1989
885 2477
885 2537
885 2645
886 1261
886 2557
887 1516
887 1612
888 1243
888 1281
888 1906
889 2226
890 1689
890 1997
891 1243
891 1968
891 2472
892 961
892 1091
892 1142
892 2467
892 2585
893 1810
893 2281
894 1712
894 2570
894 2668
895 1509
895 1811
896 1131
896 2350
897 1133
897 1805
897 2584
899 1873
900 1641
900 2045
901 2000
902 1306
902 2078
902 2199
903 1853
903 2080
904 1205
905 1099
905 2110
906 1169
906 2260
907 1426
907 2162
908 1598
908 2046
909 1095
909 1600
909 2337
910 1833
910 2253
911 1173
911 2642
912 1062
912 1239
912 1432
912 1785
912 1961
912 2326
912 2495
912 2711
913 1718
913 1901
914 1737
914 2415
914 2481
915 935
915 1610
915 1773
915 1910
916 1784
916 2600
917 1045
917 1507
917 1911
917 2404
917 2619
918 1532
919 1873
920 2387
921 1160
921 1316
921 1940
921 2349
921 2597
922 1425
922 2655
923 1443
923 1510
923 1869
923 2181
924 1285
924 2493
925 2668
925 2716
926 1244
926 1900
927 2074
927 2325
927 2361
927 2457
928 1917
928 2044
929 1166
929 1653
929 1740
930 1401
931 1533
931 1999
932 1066
933 1301
933 1870
933 2061
933 2313
933 2574
934 2075
934 2592
935 2423
936 1427
936 2592
937 2041
938 1121
938 1391
939 984
939 1545
940 1099
941 1793
941 2539
942 996
942 1946
943 1401
943 2157
944 1124
944 1849
944 2211
945 1429
945 2114
945 2214
946 1384
946 2260
947 1632
947 1748
948 991
948 1281
949 1374
949 2079
951 1711
952 2111
952 2136
953 1885
953 2015
953 2078
953 2096
953 2283
954 1290
954 1832
954 2058
954 2346
954 2396
955 2514
956 1207
956 1528
956 1676
957 1139
957 1856
958 1733
958 1994
958 2351
959 1328
959 1678
959 1925
959 2072
959 2145
960 1156
960 1716
960 2370
960 2566
961 2013
962 1524
962 2116
963 2293
964 1411
964 1736
964 2029
964 2506
965 1244
965 1311
965 1365
966 2003
966 2005
966 2363
967 1605
967 2671
969 972
969 2190
970 2509
971 1233
971 1982
972 2721
973 1848
974 1762
974 1836
974 2475
975 1435
975 2610
976 993
976 1064
976 1745
976 2500
977 1694
977 2097
977 2331
978 1063
978 1428
978 1474
978 1567
978 1663
978 2247
978 2551
978 2683
979 1020
979 1471
979 2037
980 999
980 1143
980 1512
980 1930
981 1423
981 1539
981 2356
983 1816
983 2014
983 2186
984 1037
984 1494
984 1568
984 1923
984 2543
985 998
985 1010
985 2671
986 1257
986 1287
987 2428
987 2434
988 1229
988 1348
988 2122
989 1220
989 1661
989 1887
989 2092
990 2253
991 1212
991 1220
991 1515
991 2085
991 2429
991 2635
992 1598
993 1915
993 2728
994 1425
994 2278
995 998
995 2322
996 2226
997 999
997 1692
997 1897
998 1151
999 1662
1000 1631
1000 2337
1001 1742
1001 2084
1001 2639
1002 1857
1002 1913
1002 2201
1003 1117
1003 1462
1004 1113
1004 1203
1004 1864
1004 1922
1004 2324
1004 2533
1005 1202
1005 2217
1005 2378
1006 1592
1006 2279
1006 2389
1006 2533
1007 1267
1008 1408
1008 2288
1009 1309
1010 1191
1010 1672
1010 1703
1010 2340
1011 1362
1011 1738
1011 2088
1011 2371
1011 2381
1012 1728
1012 2578
1013 1148
1013 1280
1014 1133
1014 1757
1015 1133
1015 1905
1015 2101
1015 2133
1015 2444
1016 1172
1016 1250
1016 2452
1017 2497
1018 1038
1019 1742
1020 1563
1020 2080
1021 1276
1021 1891
1021 2131
1022 1666
1022 2592
1022 2595
1023 1333
1023 2484
1024 1160
1024 1441
1024 1704
1025 1168
1025 1684
1025 2094
1025 2271
1025 2628
1026 1719
1027 1487
1027 1818
1027 2117
1027 2625
1027 2686
1028 1071
1028 1155
1028 1882
1029 1149
1029 1799
1029 2395
1030 1163
1030 1410
1030 1467
1030 2734
1031 1724
1031 1916
1031 2041
1032 1634
1033 2434
1034 1203
1034 1332
1034 2012
1034 2223
1034 2279
1035 1182
1035 2345
1035 2407
1035 2526
1036 1610
1036 1673
1036 2635
1037 1252
1038 1296
1038 1453
1038 2222
1038 2344
1038 2706
1039 2330
1039 2463
1040 1722
1040 2187
1041 1117
1041 1166
1041 1893
1042 1358
1042 1855
1042 2154
1043 1336
1043 1888
1043 2065
1044 1126
1044 2649
1044 2723
1045 1247
1045 1890
1046 1189
1046 1369
1047 1604
1048 2079
1048 2456
1048 2637
1049 1526
1049 1752
1049 1969
1050 1812
1050 1881
1050 2118
1051 1102
1051 1664
1051 1761
1051 1803
1051 2175
1051 2430
1052 1118
1052 1477
1052 2434
1053 1675
1053 1924
1053 2256
1053 2334
1054 1131
1054 1657
1055 1724
1055 1790
1056 1194
1057 1700
1057 1875
1058 1307
1059 1763
1059 2161
1059 2620
1060 1876
1060 2653
1060 2714
1061 1496
1061 1520
1061 2716
1062 1429
1063 1862
1065 1374
1065 2505
1066 1768
1066 1950
1066 2547
1067 2129
1068 1244
1068 1251
1068 2672
1069 1697
1069 1911
1069 2346
1069 2470
1069 2735
1070 1341
1070 1562
1070 1679
1070 1766
1070 1923
1070 2123
1071 1461
1071 2159
1072 1824
1072 1927
1072 2291
1073 1110
1073 1207
1074 2207
1074 2215
1074 2483
1075 2396
1075 2632
1075 2735
1077 1356
1077 1682
1077 2333
1078 1249
1078 1579
1078 2127
1079 1292
1080 2363
1080 2578
1081 1728
1081 2648
1081 2728
1082 1632
1082 2131
1083 1579
1083 1932
1084 1382
1084 1958
1084 2369
1084 2650
1085 1190
1086 1594
1087 1186
1087 1312
1087 1410
1087 1445
1087 2247
1088 1118
1088 2062
1089 1268
1089 1558
1089 1581
1089 1670
1089 1970
1089 1980
1089 2006
1089 2255
1090 1537
1090 2712
1091 2253
1092 2067
1092 2619
1093 1631
1093 2010
1094 1148
1094 1982
1094 2417
1095 1892
1095 1956
1096 1790
1096 2168
1097 1278
1097 1360
1097 1470
1097 2036
1097 2385
1097 2519
1098 1291
1098 1368
1098 1883
1098 2368
1099 2037
1099 2426
1099 2499
1100 1315
1101 1340
1101 1491
1101 1683
1101 1834
1101 2183
1101 2414
1101 2515
1102 1253
1103 1298
1103 1342
1103 1714
1104 1385
1104 2403
1104 2647
1105 1602
1106 1671
1107 2024
1108 1205
1110 2324
1110 2407
1111 1656
1111 2232
1112 2633
1113 2097
1114 1238
1114 1801
1114 2189
1115 1633
1115 2420
1116 1503
1116 1861
1116 1995
1116 2242
1116 2266
1116 2489
1116 2525
1116 2700
1117 1481
1117 2266
1117 2329
1118 1358
1118 2725
1119 1705
1119 2263
1119 2417
1120 1528
1120 1662
1121 1130
1121 1316
1121 1376
1121 1442
1121 1869
1121 2453
1123 1315
1123 1370
1124 1520
1125 1440
1125 2702
1126 2241
1126 2675
1128 1671
1128 1799
1129 1902
1130 1851
1131 1237
1131 1962
1131 2088
1131 2409
1132 1245
1132 2151
1134 2438
1135 2001
1135 2401
1135 2480
1136 1799
1136 2695
1137 1345
1137 1580
1137 2542
1138 1149
1138 2469
1139 1455
1139 1542
1140 1519
1140 2138
1141 1148
1141 1935
1144 1513
1144 2476
1144 2559
1145 1699
1145 2010
1146 1325
1146 1748
1146 2530
1147 1734
1148 1574
1149 2313
1149 2356
1150 1421
1151 1521
1151 2696
1152 2539
1153 1606
1153 1888
1153 2052
1154 1493
1154 1514
1154 1776
1154 2185
1154 2246
1154 2352
1154 2727
1155 1870
1155 1989
1155 2494
1155 2577
1156 1949
1156 2218
1157 1344
1157 1985
1157 2040
1158 1208
1158 2557
1159 2055
1160 2330
1161 1240
1161 1853
1162 1279
1162 1388
1162 1668
1162 1925
1162 2073
1162 2561
1162 2682
1163 2730
1164 1499
1164 1979
1164 2056
1164 2089
1164 2141
1164 2268
1164 2464
1165 1437
1165 2697
1166 1464
1167 1273
1167 1548
1167 1888
1168 1365
1169 1832
1170 2522
1171 1872
1171 2260
1172 1733
1173 1943
1173 2422
1174 1393
1174 1576
1174 2022
1174 2301
1174 2329
1175 1274
1175 2469
1176 1204
1177 1440
1177 1700
1177 2699
1178 1847
1178 2581
1179 2410
1180 1422
1181 1875
1182 1602
1183 2420
1183 2677
1184 1793
1184 2615
1185 1223
1185 1744
1185 2718
1186 1544
1186 2333
1188 1308
1188 2428
1188 2463
1189 1933
1189 2007
1189 2163
1189 2735
1190 1693
1190 2145
1191 1875
1192 1406
1192 2620
1194 1547
1194 1821
1195 1614
1195 2207
1195 2733
1196 1817
1196 1893
1197 2013
1197 2712
1198 1794
1198 1841
1198 2106
1199 1563
1200 2182
1200 2724
1201 1596
1202 1872
1202 2099
1204 1558
1204 2711
1205 2031
1205 2227
1205 2317
1205 2455
1205 2522
1206 1719
1207 1512
1207 1731
1207 2441
1207 2526
1208 1380
1208 1957
1208 2439
1208 2571
1209 1509
1209 1901
1210 2557
1210 2562
1211 1295
1211 1799
1212 1251
1212 1325
1213 1231
1213 2163
1213 2396
1213 2507
1214 2190
1214 2339
1215 1275
1215 1509
1215 1843
1216 1310
1216 2118
1217 1561
1217 1929
1217 2386
1218 1460
1218 1463
1218 1501
1218 1618
1218 2121
1218 2485
1219 1477
1219 1817
1219 2466
1220 1899
1221 1594
1221 1853
1221 2122
1222 1631
1223 1449
1223 1779
1224 2269
1225 2417
1225 2422
1226 2032
1226 2330
1226 2434
1227 1662
1227 1666
1227 2260
1228 2026
1228 2557
1228 2562
1229 2135
1230 1411
1230 2327
1230 2452
1230 2572
1231 1770
1232 1705
1232 2428
1233 1403
1233 2149
1233 2181
1234 1466
1234 1505
1234 1921
1234 1931
1235 2263
1236 1351
1236 1765
1236 1984
1237 1902
1238 2142
1239 2097
1241 1287
1241 2419
1242 1273
1242 2393
1243 2092
1243 2608
1244 1367
1244 2546
1244 2692
1245 2204
1245 2246
1246 1533
1246 2514
1247 1973
1247 2153
1247 2464
1247 2563
1248 2099
1248 2509
1249 1431
1249 1494
1249 1749
1249 1992
1249 2150
1250 1991
1250 2065
1251 1501
1251 2261
1251 2450
1252 1470
1252 2180
1253 1539
1253 1565
1253 2221
1254 1590
1254 1711
1254 2570
1255 2099
1256 1891
1256 2232
1256 2272
1257 1508
1257 2358
1257 2491
1258 1497
1258 1630
1258 1707
1258 1855
1258 1863
1258 2277
1259 1353
1259 1544
1260 1320
1260 2590
1261 1797
1262 2186
1262 2311
1263 1724
1264 1396
1266 2438
1267 1325
1268 1606
1268 1854
1269 1724
1270 2118
1271 1638
1271 2189
1271 2676
1272 1907
1272 2332
1272 2680
1273 1293
1273 1828
1273 2324
1273 2486
1274 1914
1274 2210
1274 2380
1274 2488
1275 1566
1275 2556
1276 1860
1276 2455
1277 1609
1279 1848
1279 1889
1280 1776
1280 1808
1280 2184
1280 2569
1280 2596
1280 2641
1281 1591
1281 1845
1281 1975
1281 2143
1282 1575
1283 1596
1283 2458
1284 1796
1284 2395
1285 2202
1285 2385
1286 1405
1286 2484
1286 2517
1287 2368
1287 2617
1287 2661
1288 1709
1288 2124
1288 2690
1289 1474
1289 1759
1289 2606
1290 1479
1290 2639
1291 1532
1291 2129
1293 1976
1294 1701
1294 1987
1294 2686
1295 1522
1295 2281
1296 2041
1297 2042
1298 2476
1299 1494
1299 1766
1299 1822
1299 2134
1299 2359
1300 1590
1300 2108
1301 2695
1303 1642
1303 1648
1303 1959
1304 1384
1305 2351
1305 2639
1306 1406
1306 1651
1307 1366
1307 1373
1307 2107
1307 2134
1308 1377
1308 2116
1308 2653
1309 1543
1309 1951
1310 1419
1310 1637
1310 1802
1310 2685
1311 1681
1311 2259
1312 1833
1313 1471
1313 1791
1313 1898
1313 2103
1313 2237
1314 1346
1314 1666
1315 1376
1315 2349
1316 1359
1317 1893
1317 1899
1317 2438
1318 1368
1318 1948
1318 2030
1318 2491
1318 2593
1319 1823
1319 2102
1319 2221
1319 2488
1319 2631
1320 1465
1320 1473
1320 1593
1320 1753
1320 1806
1320 1934
1320 2073
1321 1496
1321 1767
1321 2294
1322 1730
1322 1840
1323 1764
1323 1963
1323 2698
1324 1999
1325 1620
1325 2524
1326 1721
1326 1863
1326 2681
1327 1989
1327 2009
1327 2574
1329 1391
1329 2509
1330 1671
1330 2469
1330 2511
1331 1607
1331 1945
1331 2323
1332 1439
1333 1338
1333 2035
1333 2073
1333 2691
1334 2017
1334 2697
1335 2496
1336 2327
1337 1671
1337 2410
1338 1964
1339 1709
1339 2422
1340 1792
1340 1984
1343 2052
1344 2047
1344 2391
1344 2605
1346 2072
1346 2267
1346 2391
1346 2508
1346 2618
1347 1953
1347 1972
1347 2211
1347 2613
1348 1569
1348 2317
1348 2588
1348 2627
1349 1726
1349 2200
1349 2229
1349 2571
1349 2678
1351 1636
1351 1647
1351 2223
1351 2670
1352 2201
1352 2413
1352 2416
1353 1371
1353 2441
1353 2454
1353 2551
1355 1427
1355 1724
1356 2233
1357 1867
1357 2436
1357 2447
1357 2691
1358 1395
1359 1720
1359 2479
1360 2377
1361 1477
1361 2392
1362 2043
1362 2672
1364 1994
1364 2716
1365 1463
1365 1895
1365 1936
1367 1830
1369 1668
1369 1832
1370 1655
1370 1772
1372 1651
1372 2456
1374 1531
1375 1582
1375 1658
1375 2015
1375 2095
1375 2194
1375 2289
1375 2623
1376 1912
1377 1705
1377 2330
1378 2043
1379 2115
1381 1768
1381 1809
1382 1792
1382 2448
1383 2056
1383 2153
1383 2265
1383 2683
1384 1615
1384 1986
1384 2007
1384 2054
1384 2373
1385 1997
1385 2722
1386 1393
1386 1791
1386 2525
1387 1929
1387 2496
1388 1993
1388 2558
1389 2071
1390 2158
1390 2223
1390 2379
1391 2149
1392 2100
1392 2339
1393 2262
1394 2536
1395 1807
1395 1859
1395 1909
1395 2039
1395 2230
1395 2236
1395 2681
1396 1484
1396 1675
1396 1996
1396 2673
1397 2366
1397 2671
1397 2690
1398 2337
1398 2445
1398 2730
1399 2452
1399 2486
1400 2332
1401 1672
1401 2318
1402 1590
1403 2655
1404 1596
1404 2311
1405 1933
1405 2225
1406 1498
1406 2283
1407 1835
1407 2027
1408 2372
1408 2624
1408 2701
1411 2351
1412 1534
1412 1639
1412 2031
1412 2206
1413 2419
1414 2260
1414 2592
1415 1536
1416 2152
1416 2435
1417 1501
1417 1557
1418 1744
1419 2122
1420 1480
1420 2558
1420 2675
1421 1476
1421 1944
1421 2068
1421 2113
1421 2451
1421 2632
1422 1469
1422 1557
1422 1691
1422 1895
1422 2425
1422 2604
1423 1718
1425 1550
1425 1788
1425 2636
1425 2661
1426 2191
1426 2564
1426 2603
1427 1773
1427 2353
1427 2706
1428 2634
1429 1953
1429 2011
1429 2599
1429 2601
1430 1450
1430 1540
1430 2147
1430 2284
1430 2622
1431 1866
1432 2000
1433 2151
1435 2160
1436 1699
1436 2428
1436 2534
1437 1493
1437 1583
1438 2438
1438 2466
1438 2590
1439 2008
1439 2287
1439 2307
1439 2402
1439 2732
1440 2059
1440 2199
1440 2310
1441 2016
1442 2114
1443 1982
1443 2509
1444 1718
1444 1836
1445 2315
1446 1629
1446 2724
1447 1459
1447 1694
1448 1915
1448 2127
1450 1999
1450 2251
1451 1563
1451 2173
1452 1712
1453 2034
1454 1796
1455 1677
1456 2288
1457 2539
1458 1683
1458 2113
1458 2426
1460 2112
1460 2119
1461 1896
1461 2668
1462 2188
1462 2255
1464 2166
1465 1477
1465 1585
1468 2272
1469 2288
1470 1632
1472 2475
1475 1722
1475 1854
1476 1520
1477 1886
1477 2576
1478 1653
1479 2007
1480 1846
1480 1981
1480 2546
1480 2587
1480 2618
1482 1866
1482 2552
1483 1702
1483 1765
1483 2052
1484 2562
1485 1585
1485 2534
1485 2570
1486 2442
1487 2680
1488 2394
1488 2461
1488 2576
1488 2577
1489 1503
1489 1576
1489 2210
1489 2659
1490 2167
1491 1767
1492 1945
1493 1935
1495 1739
1495 2665
1496 2248
1496 2549
1497 2151
1497 2503
1498 2161
1499 1729
1500 1709
1502 1906
1502 2487
1503 2176
1504 2237
1504 2499
1504 2565
1505 2559
1506 2215
1506 2269
1506 2733
1507 1784
1508 1532
1509 1936
1509 2296
1509 2427
1509 2542
1510 2114
1510 2610
1511 1528
1511 2511
1512 1896
1513 2154
1514 2136
1514 2170
1515 1830
1515 2366
1516 1779
1516 2334
1518 1560
1518 1674
1519 2408
1520 2183
1520 2518
1521 1754
1521 1772
1521 2449
1522 1977
1522 2516
1523 1604
1524 1824
1525 1693
1525 2355
1525 2504
1525 2523
1526 1541
1526 1998
1527 1929
1527 2478
1527 2552
1528 1692
1528 1814
1528 2171
1529 1927
1529 2098
1529 2626
1530 1682
1532 1880
1532 2719
1533 1867
1533 2462
1534 2127
1535 1738
1535 1809
1536 2038
1536 2403
1536 2708
1537 1555
1537 1565
1537 1621
1537 2220
1537 2689
1538 1963
1540 1710
1540 2514
1541 1829
1541 2480
1542 1598
1543 1677
1544 1559
1544 1759
1544 2388
1545 1946
1545 2020
1545 2039
1546 1906
1547 2662
1548 1938
1548 2006
1548 2048
1549 2328
1550 1993
1550 2469
1551 1812
1551 1954
1551 2347
1552 2251
1552 2514
1552 2575
1553 2110
1553 2424
1554 2446
1555 2598
1556 2060
1556 2690
1557 1830
1559 1862
1559 2162
1560 1837
1561 1752
1561 2321
1562 1748
1562 1928
1563 2565
1563 2674
1564 1643
1564 2241
1565 2558
1566 2046
1566 2483
1567 2333
1568 2272
1569 2476
1570 1865
1570 2025
1570 2224
1571 1902
1571 2707
1572 1882
1572 2293
1572 2616
1573 2241
1573 2530
1574 2136
1575 2276
1575 2341
1577 2000
1577 2729
1578 2730
1579 1679
1579 1894
1579 2571
1580 1585
1581 2278
1582 1651
1584 2445
1585 2197
1585 2441
1585 2474
1586 2395
1586 2478
1587 2322
1588 1799
1589 2552
1593 2218
1593 2578
1594 1921
1595 1596
1595 1889
1596 2462
1597 2610
1598 1777
1600 1652
1600 1822
1600 2309
1600 2734
1601 2440
1601 2487
1602 1743
1602 2197
1602 2594
1603 1935
1603 2170
1603 2698
1604 1726
1604 1750
1604 2213
1605 1655
1605 1754
1605 1782
1605 2286
1605 2601
1606 1781
1606 1828
1606 1842
1606 2560
1606 2567
1607 1635
1609 1696
1609 1979
1610 1764
1611 1690
1612 1996
1612 2630
1613 1784
1613 1862
1614 2628
1615 1851
1616 1623
1616 1810
1616 1813
1616 1980
1616 2070
1617 2127
1618 1900
1619 2087
1619 2178
1619 2312
1620 2433
1620 2493
1622 1775
1622 1860
1622 2130
1622 2439
1622 2643
1623 2367
1623 2516
1624 1631
1624 1734
1625 2602
1626 2347
1627 1985
1628 1858
1628 2008
1628 2397
1629 1775
1629 2227
1630 1971
1630 2226
1631 2364
1632 1871
1632 2360
1633 2675
1634 1998
1635 2090
1636 2275
1636 2448
1637 1932
1637 2651
1638 2142
1638 2442
1639 1915
1639 2282
1640 2308
1640 2350
1642 1971
1643 1667
1643 1756
1643 2429
1644 2082
1645 2214
1646 1764
1646 1983
1646 2423
1647 2099
1647 2718
1648 2193
1650 2032
1650 2729
1651 1820
1652 2445
1652 2703
1653 2059
1653 2104
1653 2376
1654 2383
1655 2322
1656 1773
1656 2415
1656 2614
1656 2625
1656 2717
1657 1861
1657 2022
1658 2091
1659 1740
1659 1919
1660 1848
1660 2218
1660 2648
1662 2192
1662 2548
1663 2042
1664 1872
1664 2655
1665 2026
1665 2442
1666 1672
1666 1874
1666 1981
1666 2459
1667 2615
1668 2517
1669 2505
1669 2637
1670 1686
1670 1968
1671 2177
1673 1983
1674 2152
1676 1827
1676 2159
1676 2174
1676 2645
1677 2409
1678 2241
1678 2600
1679 2282
1680 1915
1680 1927
1681 2017
1685 1724
1685 1798
1685 2529
1686 2070
1686 2342
1686 2524
1687 2273
1687 2651
1688 1968
1688 2049
1689 2581
1690 1696
1690 1701
1690 1897
1690 2205
1691 1900
1692 2592
1693 1699
1694 1746
1694 2198
1695 1843
1695 2083
1697 1770
1698 2079
1699 2502
1699 2679
1700 2283
1702 1849
1702 2033
1702 2506
1703 2602
1704 1912
1704 2428
1708 2570
1710 2076
1710 2126
1710 2519
1711 1823
1711 2606
1711 2629
1712 2200
1712 2280
1712 2470
1712 2629
1713 2024
1713 2395
1714 1837
1715 1853
1716 1725
1716 2363
1717 2176
1718 2403
1719 2309
1719 2510
1722 1820
1722 2069
1722 2096
1722 2304
1723 1817
1723 1899
1725 1771
1725 1894
1725 2540
1726 2651
1727 2173
1728 1850
1728 2137
1728 2369
1729 2066
1729 2548
1730 1885
1730 1938
1730 2090
1730 2684
1731 1770
1732 2228
1733 1736
1733 1874
1733 1908
1734 2087
1734 2679
1735 1827
1735 2093
1735 2394
1735 2512
1736 2084
1738 1816
1739 2499
1739 2650
1740 2074
1742 1986
1742 2492
1742 2612
1743 2428
1744 1970
1744 1996
1744 2023
1744 2256
1745 2291
1746 1881
1747 2288
1747 2440
1748 1992
1749 1920
1750 2273
1751 2315
1752 1866
1753 2258
1753 2648
1755 2578
1757 2139
1758 1875
1758 2702
1758 2731
1760 2158
1760 2693
1762 2482
1762 2581
1763 2078
1764 1960
1764 2560
1765 1955
1767 1795
1767 1944
1767 2211
1768 2186
1769 2190
1769 2600
1771 2292
1774 1821
1774 2719
1775 2131
1777 2207
1778 1891
1780 2293
1780 2668
1780 2695
1782 2241
1782 2433
1783 2057
1783 2478
1783 2527
1784 2056
1784 2077
1784 2547
1785 2377
1786 2111
1786 2417
1787 2288
1788 1998
1789 2539
1789 2651
1790 2148
1791 2173
1792 2379
1792 2632
1794 2615
1794 2675
1796 1823
1796 2019
1796 2249
1798 2195
1798 2513
1798 2585
1799 2285
1800 2044
1800 2466
1801 2026
1801 2718
1802 2080
1803 2099
1805 2119
1807 2013
1807 2226
1808 2263
1808 2463
1811 1859
1811 2094
1811 2277
1812 1884
1812 1909
1812 2277
1813 2049
1813 2472
1814 1896
1815 1990
1817 2289
1817 2461
1819 2100
1819 2600
1820 2702
1821 1837
1824 1940
1824 2653
1825 1977
1825 2487
1826 2668
1828 1991
1830 2485
1830 2544
1831 2170
1831 2697
1833 2270
1833 2611
1834 2110
1834 2665
1835 2179
1835 2348
1835 2375
1835 2381
1835 2717
1836 1852
1836 2647
1837 1880
1837 1952
1837 2317
1837 2633
1838 2558
1839 1927
1839 2728
1840 2201
1840 2468
1842 2005
1843 2204
1843 2369
1843 2727
1844 2330
1844 2534
1845 1977
1845 2049
1846 2671
1848 1886
1848 2035
1848 2474
1849 2214
1851 2155
1851 2274
1851 2306
1851 2360
1851 2406
1852 2032
1852 2071
1853 2066
1853 2235
1854 2048
1854 2194
1854 2573
1854 2726
1856 2436
1856 2553
1857 1903
1858 2003
1862 2109
1862 2464
1864 2168
1865 2319
1865 2367
1866 2362
1866 2663
1867 1899
1868 1998
1868 2365
1868 2496
1871 2272
1871 2390
1872 2001
1873 2249
1873 2674
1875 2302
1875 2376
1877 2119
1877 2228
1878 2140
1879 2093
1879 2155
1879 2227
1879 2354
1881 1957
1881 2130
1882 2061
1882 2537
1883 2098
1884 1901
1884 2419
1885 2456
1889 1934
1889 2303
1889 2436
1889 2646
1891 1957
1892 2064
1893 2554
1896 2477
1898 2634
1899 2143
1900 2271
1900 2427
1901 2018
1901 2094
1901 2106
1902 1951
1903 2090
1903 2443
1904 1917
1904 1949
1905 1965
1905 2228
1906 1939
1906 2281
1906 2391
1910 2034
1912 2132
1914 2244
1916 2008
1916 2344
1916 2412
1916 2667
1917 2243
1917 2512
1918 2390
1919 2104
1919 2554
1920 1923
1920 2398
1921 2041
1922 1965
1922 2139
1924 2264
1925 1928
1926 2011
1927 1952
1928 1946
1928 2523
1930 2511
1931 1954
1933 2639
1936 1978
1937 2010
1937 2665
1938 2005
1939 2079
1940 2064
1941 2688
1942 2648
1943 2404
1943 2611
1945 2032
1947 1994
1947 1999
1947 2131
1949 2203
1949 2498
1950 1963
1950 2458
1954 1988
1954 2274
1954 2705
1955 1965
1956 2703
1956 2730
1958 2435
1958 2528
1959 2253
1960 2539
1961 2071
1962 2014
1962 2672
1963 2185
1964 2225
1964 2646
1965 2584
1966 2214
1967 2707
1968 2644
1971 2039
1971 2138
1971 2191
1971 2361
1971 2585
1972 2041
1973 2600
1974 2091
1974 2528
1976 2526
1976 2589
1976 2714
1977 2092
1977 2374
1977 2508
1977 2605
1978 2265
1978 2270
1978 2271
1978 2710
1979 2075
1980 2690
1981 2079
1982 2213
1982 2314
1982 2384
1982 2641
1983 2353
1983 2614
1984 2163
1984 2346
1984 2693
1985 2495
1986 2351
1987 2332
1990 2314
1990 2482
1993 2175
1993 2285
1993 2687
1994 2033
1995 2166
1997 2500
1998 2245
1999 2520
1999 2732
2000 2053
2000 2146
2001 2483
2002 2319
2002 2419
2003 2169
2003 2566
2004 2057
2004 2386
2005 2498
2006 2187
2009 2293
2010 2117
2010 2312
2010 2664
2013 2325
2013 2603
2014 2179
2014 2411
2015 2702
2016 2371
2016 2720
2017 2137
2019 2108
2019 2315
2020 2081
2022 2694
2023 2545
2026 2673
2027 2437
2027 2481
2027 2519
2028 2294
2029 2131
2029 2514
2031 2060
2032 2468
2032 2684
2032 2708
2033 2294
2034 2614
2034 2640
2036 2251
2038 2071
2042 2174
2044 2354
2044 2400
2044 2577
2045 2112
2047 2377
2047 2680
2050 2176
2052 2669
2054 2595
2054 2728
2055 2203
2055 2243
2055 2667
2060 2144
2060 2196
2060 2220
2062 2146
2063 2282
2065 2248
2065 2418
2067 2598
2068 2110
2069 2083
2071 2306
2071 2453
2072 2172
2076 2731
2077 2339
2079 2504
2079 2605
2080 2125
2080 2237
2080 2621
2081 2543
2082 2559
2083 2295
2083 2623
2084 2373
2084 2418
2084 2549
2085 2423
2086 2251
2086 2662
2086 2731
2089 2716
2091 2304
2093 2634
2095 2350
2095 2438
2097 2494
2098 2485
2098 2500
2099 2636
2100 2432
2102 2108
2103 2308
2104 2408
2105 2251
2108 2200
2108 2454
2108 2535
2111 2641
2112 2219
2112 2298
2112 2431
2112 2604
2113 2665
2114 2146
2115 2356
2115 2507
2118 2235
2119 2150
2119 2343
2119 2425
2120 2142
2120 2580
2123 2127
2124 2177
2124 2488
2124 2700
2125 2262
2126 2390
2127 2233
2128 2162
2129 2454
2129 2606
2132 2330
2132 2410
2135 2559
2139 2669
2139 2693
2140 2224
2140 2658
2141 2162
2141 2503
2142 2421
2151 2236
2155 2182
2156 2378
2156 2430
2156 2561
2157 2357
2157 2459
2158 2275
2160 2509
2161 2538
2162 2320
2162 2457
2162 2683
2165 2610
2166 2188
2166 2338
2166 2554
2167 2433
2170 2721
2172 2504
2172 2550
2172 2631
2173 2382
2175 2728
2177 2315
2178 2703
2182 2250
2184 2422
2184 2651
2187 2208
2187 2567
2190 2502
2191 2712
2192 2595
2193 2512
2195 2331
2204 2698
2205 2511
2208 2393
2209 2434
2209 2590
2210 2315
2212 2322
2212 2696
2215 2296
2216 2534
2217 2655
2218 2494
2218 2532
2222 2529
2226 2543
2230 2559
2231 2558
2234 2337
2234 2514
2235 2651
2239 2440
2239 2697
2240 2251
2242 2694
2243 2460
2244 2619
2245 2386
2246 2528
2248 2351
2251 2437
2252 2351
2252 2555
2254 2713
2256 2557
2257 2655
2258 2370
2258 2498
2259 2697
2260 2471
2261 2297
2262 2489
2266 2476
2267 2637
2268 2294
2268 2668
2272 2385
2272 2643
2273 2535
2273 2629
2274 2724
2275 2533
2276 2472
2278 2389
2278 2431
2280 2383
2284 2446
2286 2530
2286 2615
2287 2475
2290 2363
2290 2648
2291 2588
2291 2719
2292 2402
2292 2412
2294 2518
2295 2528
2297 2544
2297 2587
2299 2469
2300 2446
2300 2575
2303 2484
2304 2620
2306 2610
2307 2514
2307 2703
2310 2731
2313 2668
2316 2478
2318 2456
2319 2341
2323 2729
2332 2664
2332 2709
2336 2456
2337 2732
2345 2534
2347 2399
2347 2522
2349 2610
2350 2382
2352 2417
2355 2600
2355 2615
2357 2671
2359 2503
2359 2730
2364 2703
2365 2640
2365 2705
2366 2450
2366 2607
2370 2460
2372 2487
2372 2697
2375 2529
2378 2728
2382 2694
2387 2421
2387 2713
2390 2413
2390 2437
2392 2654
2392 2725
2393 2726
2395 2531
2398 2730
2400 2634
2400 2724
2401 2733
2406 2639
2408 2457
2410 2597
2410 2720
2415 2529
2416 2568
2417 2660
2419 2593
2419 2658
2423 2490
2424 2666
2428 2597
2429 2539
2438 2492
2438 2576
2442 2656
2443 2568
2445 2714
2451 2702
2455 2724
2458 2591
2460 2582
2461 2590
2465 2483
2470 2729
2471 2639
2471 2728
2473 2505
2474 2590
2475 2677
2482 2722
2497 2568
2501 2595
2503 2521
2503 2681
2506 2716
2510 2634
2515 2702
2516 2644
2520 2703
2524 2671
2525 2688
2527 2663
2528 2542
2541 2580
2544 2672
2546 2672
2549 2555
2550 2690
2557 2609
2557 2630
2558 2603
2561 2712
2563 2598
2569 2698
2570 2594
2574 2616
2575 2583
2579 2659
2590 2725
2592 2640
2601 2729
2615 2649
2620 2623
2621 2688
2634 2674
2637 2638
2645 2668
2651 2660
2655 2670
2656 2718
2659 2690
2665 2679
2675 2677
2687 2712
2718 2734
