1944 3888
0 263
0 687
0 1863
1 308
1 329
1 351
1 968
1 1120
1 1139
2 395
2 1216
2 1812
3 526
3 1114
3 1706
4 133
4 914
4 973
4 1020
5 752
5 1110
5 1381
6 1157
6 1396
6 1820
7 40
7 86
7 207
7 971
7 1027
7 1903
8 288
8 621
8 710
9 457
9 1160
9 1594
10 1094
10 1124
10 1531
11 411
11 514
11 518
12 694
12 969
12 1441
13 429
13 1237
13 1595
14 210
14 1800
14 1883
15 179
15 768
15 981
15 1084
15 1161
15 1292
15 1658
15 1799
16 473
16 627
16 765
16 895
16 938
16 1773
17 129
17 230
17 1199
18 102
18 1178
18 1812
19 91
19 344
19 599
19 1905
20 305
20 748
20 1243
21 567
21 941
21 1235
21 1600
22 305
22 1559
22 1721
23 43
23 186
23 283
23 407
23 606
23 1635
23 1670
23 1775
24 123
24 827
24 1016
25 364
25 515
25 1617
26 317
26 655
26 1715
27 424
27 445
27 1055
27 1193
28 869
28 1567
28 1715
29 136
29 355
29 1562
30 300
30 504
30 1479
30 1520
30 1586
30 1734
31 1158
31 1301
31 1537
32 429
32 433
32 1436
33 521
33 834
33 1539
34 70
34 337
34 1134
35 90
35 117
35 126
35 669
35 952
35 1497
35 1797
35 1802
36 57
36 136
36 242
37 401
37 1100
37 1448
37 1607
38 459
38 998
38 1131
39 409
39 868
39 1007
39 1067
39 1268
39 1323
39 1356
39 1848
40 243
40 1436
41 638
41 1341
41 1668
42 297
42 662
42 1581
43 893
43 1504
44 776
44 1060
44 1302
45 69
45 538
45 847
45 1184
45 1777
45 1912
46 544
46 806
46 1239
47 1037
47 1138
47 1812
48 435
48 735
48 817
48 909
48 947
48 1308
48 1422
48 1638
49 237
49 412
49 491
49 631
49 1080
49 1774
50 1219
50 1294
50 1511
50 1540
50 1597
50 1644
51 860
51 1083
51 1371
51 1497
52 363
52 1455
52 1884
53 1346
53 1415
53 1463
54 278
54 560
54 993
54 1108
54 1118
54 1266
54 1627
54 1882
55 92
55 655
55 1473
56 120
56 1008
56 1169
56 1310
56 1369
56 1526
57 226
57 938
57 1002
57 1227
57 1856
58 511
58 1373
58 1387
59 438
59 508
59 611
60 378
60 1179
60 1418
61 589
61 1226
61 1368
61 1510
61 1848
61 1922
62 1137
62 1158
62 1445
63 638
63 929
63 1572
64 253
64 383
64 972
64 1072
64 1526
64 1631
64 1667
64 1762
65 208
65 425
65 502
65 635
65 1163
65 1440
65 1711
65 1843
66 1182
66 1391
66 1860
67 102
67 1486
67 1706
68 930
68 1090
68 1594
69 1132
69 1583
70 108
70 766
70 798
70 919
70 1123
70 1718
70 1748
71 518
71 898
71 1355
72 105
72 122
72 335
72 497
72 1291
72 1843
73 1029
73 1201
73 1572
74 641
74 1033
74 1182
75 1341
75 1385
75 1794
76 1359
76 1427
76 1733
77 482
77 531
77 962
77 1245
78 249
78 274
78 912
79 535
79 1090
79 1504
80 250
80 1345
80 1649
81 574
81 738
81 1077
82 577
82 694
82 1756
83 272
83 1041
83 1593
83 1653
84 421
84 903
84 927
84 1298
84 1722
84 1924
85 490
85 1141
85 1851
86 192
86 1794
87 539
87 549
87 595
87 774
87 1215
87 1242
87 1366
87 1810
88 98
88 118
88 494
88 838
88 1514
88 1638
88 1694
88 1810
89 1146
89 1569
89 1915
90 139
90 946
91 1387
91 1507
92 409
92 503
92 559
92 1284
92 1419
93 1172
93 1418
93 1865
94 265
94 461
94 1781
95 160
95 452
95 1454
96 968
96 1032
96 1413
96 1819
97 237
97 578
97 736
97 1819
98 168
98 204
99 1129
99 1416
99 1751
100 963
100 1710
100 1866
101 655
101 1295
101 1346
102 188
102 286
102 541
102 763
102 1076
102 1452
103 1045
103 1281
103 1617
104 783
104 964
104 976
105 1341
105 1595
106 545
106 882
106 1381
107 1410
107 1687
107 1849
108 291
108 1133
109 1173
109 1260
109 1517
110 265
110 1177
110 1778
111 1060
111 1611
111 1642
112 737
112 1237
112 1795
113 159
113 297
113 869
114 165
114 629
114 1790
115 701
115 810
115 935
116 1033
116 1216
116 1380
117 974
117 1765
118 1432
118 1554
119 886
119 1022
119 1051
119 1086
119 1203
119 1609
120 1073
120 1909
121 439
121 737
121 775
122 1173
122 1304
123 390
123 1142
123 1150
124 1431
124 1710
124 1767
125 364
125 1458
125 1778
126 342
126 806
127 170
127 969
127 1532
128 185
128 238
128 493
128 781
128 900
128 1323
128 1729
128 1819
129 244
129 743
129 846
129 881
129 941
130 280
130 421
130 564
130 590
130 780
130 997
130 1185
130 1903
131 295
131 758
131 1191
132 1141
132 1153
132 1210
133 142
133 1320
134 360
134 378
134 872
135 490
135 930
135 1501
136 207
136 248
136 347
136 1166
136 1328
136 1524
137 317
137 976
137 1733
138 521
138 1621
138 1929
139 474
139 1352
139 1503
140 170
140 293
140 1000
141 1530
141 1537
141 1604
142 259
142 298
142 327
142 1227
142 1764
142 1843
142 1912
143 269
143 926
143 1243
144 343
144 682
144 1587
144 1601
144 1641
144 1821
145 506
145 1175
145 1784
146 514
146 982
146 1818
147 927
147 967
147 1104
147 1831
148 242
148 1154
148 1713
149 553
149 806
149 1457
150 161
150 541
150 1527
150 1542
150 1623
150 1772
151 813
151 1286
151 1907
152 402
152 1430
152 1770
153 364
153 461
153 1188
154 391
154 498
154 673
154 1653
155 1099
155 1302
155 1825
156 1031
156 1222
156 1445
157 660
157 1344
157 1869
158 1548
158 1562
158 1630
159 367
159 733
159 1653
160 915
160 1238
160 1450
160 1606
160 1846
161 1153
161 1178
162 687
162 1341
162 1621
163 845
163 1179
163 1780
164 654
164 1189
164 1506
164 1652
164 1743
164 1753
165 309
165 592
165 608
165 823
165 1125
165 1534
165 1619
166 662
166 1128
166 1933
167 314
167 1304
167 1530
168 488
168 585
168 645
168 650
168 747
168 1249
168 1327
169 523
169 808
169 1280
169 1688
170 350
170 476
170 901
170 1103
171 371
171 834
171 1929
172 713
172 849
172 1333
173 712
173 788
173 1215
173 1523
174 1613
174 1669
174 1929
175 220
175 453
175 510
175 1311
175 1633
175 1783
176 506
176 1410
176 1556
177 225
177 423
177 467
178 892
178 1093
178 1693
179 526
179 1562
180 519
180 929
180 1239
181 246
181 254
181 301
182 840
182 1037
182 1153
183 379
183 409
183 428
183 755
183 817
183 1019
183 1327
183 1494
184 843
184 884
184 1034
184 1163
185 1373
185 1869
186 1325
186 1902
187 551
187 736
187 801
187 883
187 1692
187 1763
188 813
188 840
189 410
189 1507
189 1869
190 839
190 1240
190 1281
191 312
191 1486
191 1851
192 770
192 922
192 1089
192 1625
192 1722
192 1872
192 1881
193 195
193 252
193 747
193 856
193 1268
193 1284
193 1308
193 1657
194 514
194 1047
194 1334
195 887
195 1636
196 813
196 898
196 1062
197 625
197 634
197 1021
198 366
198 631
198 736
198 781
198 1111
198 1120
199 218
199 816
199 960
199 1096
199 1839
199 1943
200 638
200 703
200 1321
201 547
201 1173
201 1402
202 746
202 1239
202 1414
203 526
203 790
203 1685
204 435
204 689
204 1200
204 1694
204 1801
205 1548
205 1707
205 1874
206 1461
206 1632
206 1713
207 264
208 304
208 1702
209 1201
209 1583
209 1932
210 529
210 564
210 922
210 1395
210 1831
211 286
211 481
211 487
211 858
211 1605
211 1622
211 1718
211 1878
212 454
212 1274
212 1347
213 655
213 783
213 1684
214 655
214 1804
214 1937
215 616
215 1021
215 1091
216 273
216 500
216 837
216 1167
216 1246
216 1259
216 1354
216 1634
217 291
217 507
217 1482
218 246
218 1109
219 1031
219 1706
219 1860
220 1124
220 1375
221 441
221 565
221 1006
221 1573
222 413
222 729
222 1026
222 1917
223 312
223 1182
223 1733
224 614
224 1539
224 1613
225 287
225 311
225 769
225 1726
225 1931
226 1047
226 1403
227 1602
227 1735
227 1929
228 714
228 1580
228 1749
229 329
229 403
229 552
229 1118
229 1223
229 1310
229 1413
229 1437
230 380
230 418
230 1180
231 507
231 977
231 1387
232 246
232 613
232 641
233 342
233 519
233 1288
234 331
234 1021
234 1724
235 984
235 1645
235 1860
236 526
236 1131
236 1410
237 1784
238 978
238 1598
239 641
239 800
239 984
240 261
240 312
240 845
241 569
241 1272
241 1396
242 597
242 646
242 878
242 981
242 985
242 1470
243 258
243 422
243 866
243 959
243 1059
243 1212
243 1485
244 602
244 1412
245 295
245 1386
245 1532
246 846
246 1030
246 1266
246 1662
246 1686
247 477
247 688
247 1733
248 1031
248 1202
249 481
249 554
249 556
249 609
249 1204
249 1217
249 1927
250 554
250 576
250 1193
251 469
251 1392
251 1585
252 912
252 1582
253 951
253 1749
254 563
254 680
254 802
254 1144
254 1282
254 1483
254 1545
255 370
255 950
255 1702
256 392
256 739
256 763
256 863
256 995
256 1140
256 1647
256 1917
257 313
257 1272
257 1937
258 728
258 1012
259 535
259 1583
260 378
260 1805
260 1825
261 399
261 418
261 567
261 756
261 1076
262 827
262 1054
262 1175
263 419
263 723
263 1087
263 1196
263 1258
264 830
264 874
264 1655
265 691
265 778
265 924
265 1071
265 1462
265 1906
266 896
266 1383
266 1829
266 1861
267 331
267 457
267 662
268 601
268 1251
268 1365
269 328
269 1123
269 1253
269 1565
269 1584
269 1676
269 1768
270 526
270 571
270 950
271 300
271 339
271 668
271 891
271 925
271 1118
272 662
272 1566
273 1536
273 1611
274 1014
274 1121
274 1155
274 1246
274 1478
274 1592
274 1841
275 839
275 910
275 1508
276 407
276 470
276 853
276 1934
277 660
277 1295
277 1611
278 520
278 1412
279 873
279 947
279 965
279 1019
279 1249
279 1349
279 1640
279 1657
280 596
280 792
281 521
281 623
281 1908
282 790
282 1031
282 1716
283 1074
283 1933
284 385
284 902
284 1923
285 818
285 845
285 1486
286 1296
287 512
287 1617
288 319
288 1339
288 1876
289 1431
289 1465
289 1626
290 416
290 1532
290 1806
291 855
291 987
291 1119
291 1428
291 1890
291 1920
292 338
292 1245
292 1339
292 1349
293 622
293 1059
293 1358
293 1558
293 1792
294 658
294 1198
294 1884
295 855
295 1253
295 1277
295 1311
296 1293
296 1474
296 1532
297 673
297 850
298 355
298 545
299 602
299 1248
299 1595
300 1318
301 897
301 1143
301 1499
301 1518
301 1661
302 438
302 1389
302 1577
303 1507
303 1604
303 1900
304 1147
304 1510
304 1635
304 1671
304 1868
305 1287
305 1439
305 1493
305 1574
306 637
306 806
306 1288
307 603
307 881
307 1104
307 1913
308 1687
308 1784
309 1137
309 1316
310 527
310 1504
310 1649
311 1750
311 1923
312 386
312 719
312 1079
312 1650
312 1943
313 706
313 1082
313 1703
314 764
314 1265
314 1269
314 1862
314 1904
315 581
315 649
315 1066
316 472
316 504
316 654
316 1070
316 1398
316 1731
316 1809
316 1892
317 349
317 530
317 1368
317 1524
317 1775
317 1934
318 702
318 1293
318 1879
319 623
319 1891
320 547
320 703
320 797
321 1299
321 1460
321 1577
322 648
322 1532
322 1579
323 962
323 965
323 1555
323 1876
324 797
324 1517
324 1569
325 740
325 1611
325 1853
326 1363
326 1441
326 1766
327 1402
327 1616
328 1133
328 1482
329 1832
330 584
330 787
330 830
330 1894
331 589
331 868
331 1103
331 1540
331 1664
331 1877
332 459
332 950
332 1822
333 665
333 958
333 1315
334 525
334 748
334 1435
335 707
335 1321
336 1029
336 1195
336 1598
337 415
337 916
337 1010
337 1307
337 1744
337 1803
337 1910
338 575
338 1286
339 1441
339 1780
340 1218
340 1332
340 1702
341 416
341 854
341 1474
342 528
342 877
342 1192
342 1204
343 1237
343 1315
344 1187
344 1385
345 1445
345 1604
345 1794
346 638
346 970
346 1248
347 672
347 1911
348 534
348 1884
348 1909
349 681
349 1684
350 810
350 854
351 827
351 1884
352 999
352 1716
352 1918
353 828
353 1380
353 1716
354 433
354 602
354 1938
355 597
355 765
355 1252
355 1467
356 371
356 623
356 1814
357 619
357 933
357 1566
358 1195
358 1756
358 1909
359 1198
359 1804
359 1897
360 539
360 911
360 1397
361 836
361 1398
361 1481
361 1783
362 746
362 1272
362 1274
363 914
363 986
363 1723
364 983
364 1336
364 1646
365 496
365 648
365 1191
366 410
366 1617
367 1009
367 1888
368 506
368 571
368 1849
369 432
369 973
369 1388
369 1789
370 848
370 888
370 1384
371 1498
371 1817
372 593
372 976
372 1598
373 746
373 1250
373 1673
374 919
374 966
374 1035
374 1127
374 1491
374 1495
375 450
375 910
375 1063
376 467
376 902
376 1135
377 1107
377 1183
377 1468
377 1491
377 1676
377 1920
378 420
378 494
378 568
378 757
378 1523
379 1598
379 1615
380 485
380 1847
381 505
381 587
381 599
381 1681
382 525
382 892
382 1863
383 676
383 1095
384 681
384 1473
384 1615
385 473
385 643
385 789
385 802
385 1726
386 485
386 1407
387 744
387 1027
387 1206
387 1225
387 1350
387 1358
387 1612
387 1939
388 593
388 1582
388 1897
389 1063
389 1064
389 1907
390 463
390 776
391 898
391 1715
392 1751
392 1818
393 593
393 1024
393 1724
394 708
394 1045
394 1864
395 678
395 1051
395 1354
395 1544
395 1647
395 1772
395 1914
396 1064
396 1157
396 1508
397 782
397 1198
397 1315
398 1028
398 1163
398 1219
398 1736
399 1138
399 1706
400 908
400 1781
400 1915
401 1431
401 1770
402 479
402 671
402 1186
403 411
403 1362
404 442
404 800
404 1752
405 1295
405 1706
405 1822
406 974
406 1025
406 1243
407 783
408 1548
408 1822
408 1825
410 460
410 578
410 920
410 1032
410 1130
410 1356
411 1236
411 1520
411 1627
411 1855
412 1251
412 1410
413 514
413 694
414 545
414 726
414 1110
415 1009
415 1482
416 771
416 1244
416 1444
416 1837
417 436
417 516
417 1434
417 1775
418 1759
419 687
419 775
420 1421
420 1610
421 775
422 1531
422 1537
423 466
423 560
423 751
423 780
423 980
423 1255
423 1625
424 562
424 1602
425 508
425 1346
426 1363
426 1693
426 1794
427 972
427 1147
427 1424
427 1667
427 1761
427 1922
428 1286
428 1700
429 632
429 846
429 907
429 1112
429 1367
429 1827
430 529
430 603
430 743
430 903
431 440
431 584
431 730
431 1075
431 1127
431 1428
431 1629
431 1676
432 1560
432 1884
433 786
433 1605
433 1730
433 1748
434 490
434 752
434 1053
435 1805
436 557
436 1766
437 1153
437 1747
437 1812
438 884
438 1449
439 465
439 682
439 796
439 1754
439 1797
440 574
440 1683
441 793
441 1302
442 719
442 1104
442 1170
442 1331
442 1489
443 467
443 507
443 1708
444 854
444 1293
444 1806
445 930
445 1042
446 457
446 1042
446 1389
447 1274
447 1720
447 1899
448 1218
448 1536
448 1795
449 534
449 1585
449 1804
450 824
450 1678
450 1732
451 1229
451 1735
451 1781
452 636
452 826
452 1136
452 1534
452 1565
452 1574
452 1890
453 1063
453 1182
454 860
454 1004
454 1352
454 1424
454 1608
454 1741
454 1762
455 619
455 1581
455 1888
456 525
456 775
456 892
457 988
457 1115
457 1736
458 776
458 943
458 1295
459 566
459 1001
459 1266
459 1411
460 1458
460 1784
461 464
461 938
461 1126
461 1252
461 1701
461 1779
462 1344
462 1642
462 1926
463 565
463 647
463 1075
463 1393
463 1786
464 514
464 1531
465 1693
465 1749
466 1362
466 1572
467 693
467 870
467 1015
467 1142
467 1905
468 614
468 813
468 1755
469 476
469 959
469 1257
469 1317
469 1350
470 940
470 1766
471 641
471 710
471 818
472 714
472 1794
473 1110
474 1522
474 1899
475 727
475 804
475 860
475 944
475 956
475 1619
475 1782
475 1859
476 1159
477 972
477 1213
477 1336
477 1429
477 1599
477 1901
477 1930
478 929
478 1566
478 1767
479 871
479 1866
480 579
480 876
480 949
480 1126
480 1165
480 1429
481 1915
482 623
482 710
483 710
483 827
483 1333
484 683
484 1260
484 1270
485 941
485 1331
486 738
486 931
486 939
487 1101
487 1721
488 1286
488 1790
489 872
489 1239
489 1826
490 847
490 1011
490 1086
490 1437
490 1446
491 982
491 1435
492 577
492 1095
492 1749
493 1617
493 1784
494 793
495 625
495 1024
495 1091
496 1311
496 1500
496 1660
497 547
497 683
498 1567
498 1684
499 575
499 614
499 1929
500 1176
500 1645
501 616
501 999
501 1176
502 624
502 1092
503 1454
503 1790
504 1766
505 1390
505 1528
506 880
506 1120
506 1194
507 1123
507 1204
507 1220
507 1717
507 1797
508 1052
508 1561
509 535
509 716
509 1492
510 984
510 1508
511 587
511 996
511 1015
512 759
512 778
512 1738
513 871
513 1632
513 1887
514 891
515 1071
515 1165
515 1488
516 574
516 940
517 602
517 1436
517 1505
518 925
518 987
518 1148
518 1253
518 1623
518 1675
519 777
519 952
519 1378
519 1397
519 1570
519 1745
520 750
520 1048
520 1400
520 1662
520 1873
521 1885
522 1260
522 1463
522 1781
523 557
523 1325
524 869
524 898
524 1684
525 594
525 1279
525 1438
526 585
526 646
526 735
527 556
527 1055
527 1824
528 1101
528 1133
529 1820
530 1222
530 1501
531 621
531 1891
532 1042
532 1602
532 1649
533 617
533 712
533 739
533 1145
533 1470
533 1776
534 675
534 1205
534 1238
534 1262
534 1263
534 1468
535 610
535 1408
535 1446
536 1074
536 1435
536 1611
537 1077
537 1714
537 1766
538 598
538 1492
539 1154
540 1243
540 1454
540 1804
541 1355
542 1033
542 1747
542 1918
543 684
543 749
543 918
543 1057
543 1451
543 1660
544 677
544 777
544 833
544 1069
544 1712
544 1928
544 1941
545 1437
545 1525
545 1856
546 693
546 1181
546 1393
546 1420
547 1194
547 1265
547 1376
547 1813
547 1904
548 598
548 1018
548 1908
549 1610
549 1838
550 567
550 680
550 1180
550 1656
551 1043
551 1784
552 752
552 1090
553 653
553 724
553 1397
554 598
555 657
555 799
555 1003
555 1098
555 1143
555 1151
555 1161
555 1622
556 716
557 853
557 1443
558 619
558 893
558 1389
559 681
559 1340
560 1865
561 827
561 1295
561 1302
562 1115
562 1511
562 1547
563 1626
563 1866
564 1690
565 1373
566 1362
566 1412
568 1154
568 1457
569 656
569 1404
569 1590
570 748
570 958
570 1389
571 883
571 1080
571 1757
571 1898
572 601
572 926
572 942
573 634
573 740
573 1000
574 604
574 853
574 966
574 1586
574 1809
575 965
575 1596
576 716
576 1101
577 732
577 1309
577 1369
577 1424
577 1761
577 1901
578 1832
579 1359
579 1893
580 694
580 1568
580 1818
581 615
581 684
581 696
581 1783
581 1910
582 1054
582 1198
582 1909
583 602
583 1714
583 1932
584 1752
585 807
586 642
586 728
586 1864
587 1385
588 872
588 1274
588 1702
589 1598
590 672
590 1794
591 602
591 738
591 1332
592 1110
592 1583
593 901
593 988
593 1214
593 1294
593 1848
594 687
594 1690
595 1418
595 1787
596 830
596 1089
596 1796
597 1222
598 610
598 1824
598 1925
599 931
600 783
600 1222
600 1594
601 1628
601 1678
602 1030
602 1620
603 1847
604 1390
604 1714
605 1463
605 1539
605 1602
606 662
606 928
607 619
607 958
607 1299
608 946
608 1243
609 1250
609 1721
610 663
611 697
611 1039
611 1439
611 1552
611 1570
612 1066
612 1752
612 1887
613 751
613 906
613 960
614 1275
615 1094
615 1334
616 1512
616 1841
617 928
617 1562
618 845
618 1090
618 1141
619 1258
619 1279
619 1322
619 1574
620 758
620 1066
620 1414
621 1817
621 1885
622 1159
622 1724
624 1449
624 1552
624 1889
625 1519
625 1592
626 1018
626 1465
626 1851
627 882
627 1750
628 810
628 1031
628 1040
629 812
629 1049
629 1352
630 683
630 1229
630 1517
631 1043
632 738
632 1932
633 800
633 1216
633 1918
634 1512
634 1634
635 1132
635 1402
636 1707
636 1804
637 841
637 875
637 952
637 1220
637 1927
638 822
638 1069
639 792
639 1333
639 1752
640 930
640 1463
640 1929
641 1079
641 1313
642 780
642 1117
642 1643
642 1680
642 1881
643 882
643 1403
644 933
644 1009
644 1283
645 1554
645 1805
646 1548
647 731
647 913
648 666
648 987
648 1584
648 1633
649 656
649 706
649 745
649 1057
649 1844
650 1537
650 1630
651 670
651 825
651 1065
651 1232
651 1731
651 1793
651 1872
651 1903
652 898
652 1197
652 1288
653 1421
653 1933
654 1474
655 690
655 1357
655 1450
656 1473
657 1239
657 1272
658 1008
658 1205
658 1571
659 785
659 945
659 1064
660 815
660 1200
660 1209
660 1297
661 732
661 1072
661 1510
661 1648
661 1762
661 1901
662 700
662 718
662 1294
663 875
663 1184
663 1192
664 1182
664 1645
664 1716
665 799
665 1102
665 1144
665 1453
665 1686
666 854
666 1386
667 1061
667 1162
667 1833
667 1871
668 1053
668 1362
669 1197
669 1567
670 714
670 1363
671 899
671 1461
672 1206
672 1485
672 1655
672 1872
673 1283
674 766
674 875
674 877
674 1035
675 731
675 1674
676 1309
676 1370
676 1754
677 862
677 1572
678 740
678 974
679 1101
679 1250
679 1915
680 1018
681 803
681 811
681 1337
681 1659
681 1846
682 1690
683 953
683 1121
683 1314
684 844
685 1218
685 1826
685 1932
686 1094
686 1134
686 1482
687 864
687 1303
687 1438
687 1886
688 1351
688 1601
688 1854
689 1432
689 1805
690 1060
690 1092
691 1047
691 1146
692 935
692 1332
692 1891
693 1857
694 801
694 1479
694 1526
694 1774
695 1316
695 1560
695 1674
696 1191
696 1375
697 1415
697 1721
698 929
698 950
698 1536
699 795
699 815
699 1624
699 1916
700 1093
700 1435
701 1106
701 1166
701 1208
701 1241
701 1496
701 1541
701 1788
702 771
703 1406
703 1862
704 800
704 1380
704 1747
705 720
705 1241
705 1472
705 1643
706 1340
707 1367
707 1620
707 1695
708 997
708 1472
708 1625
708 1758
708 1815
709 1088
709 1293
709 1583
710 904
710 994
710 1097
710 1943
711 913
711 1683
711 1766
712 1114
713 1089
713 1185
713 1842
714 1013
714 1303
714 1754
715 1795
715 1823
715 1853
716 832
716 1184
716 1709
717 977
717 1318
717 1900
718 1129
718 1611
719 1199
720 1031
720 1530
721 731
721 1198
721 1672
722 810
722 982
722 1441
723 748
723 1129
724 928
724 1838
725 1025
725 1522
725 1790
726 973
726 986
726 1271
727 1445
727 1530
728 744
728 1044
728 1637
728 1815
729 1751
729 1812
730 731
730 1016
731 865
731 1007
731 1285
731 1743
732 1899
733 933
733 1134
734 926
734 1281
734 1556
735 1537
737 1351
737 1563
737 1727
737 1737
738 808
738 809
739 1157
740 851
740 1014
740 1038
740 1312
740 1456
741 845
741 1465
741 1874
742 1780
742 1787
742 1851
743 1719
744 1306
745 1056
745 1430
746 768
746 858
746 1102
746 1305
746 1661
747 1869
748 826
748 1247
748 1679
748 1940
749 1713
749 1752
750 1131
750 1822
751 1216
752 1227
752 1271
752 1467
753 814
753 1114
753 1610
754 1173
754 1176
754 1532
755 887
755 1582
756 818
756 1851
757 1233
757 1787
758 1451
758 1633
759 902
759 1458
760 1362
760 1672
760 1900
761 908
761 1146
761 1721
762 844
762 1056
762 1431
763 1037
764 1270
764 1569
765 1047
766 1683
767 769
767 924
767 961
767 1171
768 1632
769 1458
770 792
770 932
771 1583
772 1218
772 1315
772 1853
773 810
773 1787
773 1900
774 1179
774 1233
775 885
775 922
775 1587
775 1725
776 904
776 1139
776 1181
776 1273
776 1835
777 1274
778 1800
779 1250
779 1482
779 1505
781 1458
782 1262
782 1428
782 1495
782 1529
782 1768
783 1226
783 1328
783 1434
783 1659
784 810
784 1532
784 1724
785 1162
785 1275
785 1490
786 970
786 1720
787 932
787 1911
788 814
788 1685
789 963
789 1908
790 805
790 1076
790 1377
790 1471
790 1541
790 1614
791 1047
791 1531
791 1568
792 1654
793 989
793 1242
793 1799
793 1867
794 1154
794 1562
794 1887
795 912
795 1338
796 1133
796 1288
797 1005
797 1376
797 1858
797 1875
798 1009
798 1094
799 1863
800 1096
800 1207
800 1244
800 1343
801 1435
802 1814
803 1060
803 1346
804 1025
804 1316
805 1138
805 1486
806 911
806 1039
806 1149
806 1785
807 1212
807 1264
807 1364
807 1422
807 1939
808 1385
809 1390
809 1766
810 1447
810 1479
811 1092
811 1295
812 1025
812 1289
813 873
813 1148
813 1490
813 1527
814 878
814 992
814 1140
814 1521
815 1926
816 818
816 1891
817 1869
818 1081
818 1331
818 1348
818 1502
819 871
819 1699
819 1713
820 958
820 1128
820 1504
821 849
821 1066
821 1713
822 859
822 1237
823 882
823 1879
824 1240
824 1893
825 1321
825 1385
826 1415
827 842
827 1393
827 1870
828 1122
828 1519
828 1841
829 1482
829 1683
829 1845
831 1177
831 1403
831 1897
832 1018
832 1814
833 1131
833 1536
834 962
834 1068
834 1339
834 1886
835 1179
835 1318
835 1851
836 1124
836 1191
837 1093
837 1853
838 1770
838 1887
839 1546
839 1628
840 857
840 1330
840 1675
840 1914
841 1492
841 1845
842 1329
842 1891
843 1389
843 1460
844 1082
844 1164
844 1404
844 1880
845 1086
845 1168
845 1588
847 1504
848 1218
848 1863
849 918
849 1170
849 1343
849 1629
849 1654
849 1894
850 1074
850 1566
851 1093
851 1536
852 1177
852 1396
852 1907
854 1085
854 1277
854 1314
854 1478
855 1062
856 1286
856 1800
857 1138
857 1355
858 1549
859 1651
859 1730
859 1739
861 911
861 1224
861 1705
861 1745
862 1254
862 1335
862 1406
862 1575
862 1739
863 1153
863 1216
864 1611
864 1693
865 1201
865 1865
866 1045
866 1306
867 978
867 1053
867 1756
868 976
869 1593
870 977
870 1133
871 1100
872 985
872 1366
872 1409
873 1157
874 932
874 1319
876 1617
876 1778
877 1492
878 928
879 1092
879 1415
879 1735
880 930
880 1304
881 1113
882 1271
882 1639
883 1251
884 1299
885 1579
885 1581
886 1090
886 1851
887 1155
887 1217
887 1326
887 1916
888 1131
888 1826
889 969
889 1361
889 1787
890 1109
890 1135
890 1216
891 1062
892 1013
892 1068
892 1087
892 1196
892 1742
893 1022
893 1405
893 1453
893 1499
893 1551
893 1679
894 1077
894 1187
894 1528
895 1177
895 1585
896 1131
896 1702
897 958
897 1795
898 1497
899 1100
899 1483
899 1836
900 1043
900 1832
901 1021
902 1171
902 1255
902 1433
903 1177
904 1329
905 1009
905 1137
905 1684
906 1135
906 1747
907 1332
907 1714
908 1269
908 1875
909 1286
909 1289
910 1535
910 1666
912 975
912 1078
912 1494
913 966
913 1516
913 1746
913 1768
913 1894
913 1920
914 1381
915 1198
915 1585
916 1124
916 1334
917 929
917 1465
917 1581
918 1887
919 1845
920 948
920 1598
921 1154
921 1274
921 1826
923 1430
923 1626
923 1767
924 1700
925 1568
926 991
926 1666
926 1890
927 1800
928 1705
928 1834
929 1335
929 1550
929 1785
930 1487
930 1547
930 1813
931 996
931 1280
931 1442
931 1793
932 1185
933 1940
934 1418
934 1572
934 1864
935 994
935 1116
936 1128
936 1231
936 1902
937 963
937 1750
937 1814
939 1443
939 1464
939 1515
940 1515
940 1688
942 1080
942 1535
942 1763
943 1006
943 1867
943 1870
944 1134
944 1684
945 1546
945 1732
945 1833
946 1038
946 1136
946 1354
946 1509
947 1790
948 1169
948 1223
948 1323
949 1047
949 1188
950 1048
950 1564
950 1829
950 1941
951 1309
951 1601
951 1727
953 1304
953 1402
954 1415
954 1559
954 1915
955 1025
955 1137
955 1320
956 1009
956 1715
957 963
957 1018
957 1759
958 1203
958 1670
958 1840
959 1822
960 1412
961 1416
961 1800
963 1518
963 1656
963 1686
963 1836
964 1348
964 1368
964 1599
964 1650
964 1854
967 1407
967 1719
968 1053
969 1085
969 1116
969 1221
969 1496
969 1734
970 1254
970 1324
971 1222
971 1911
974 1259
974 1503
974 1534
975 1344
975 1392
976 1147
976 1648
977 1228
977 1475
977 1803
978 1310
978 1356
979 1134
979 1283
979 1888
980 1109
980 1747
981 1630
982 1026
982 1369
982 1631
982 1692
982 1734
983 1281
983 1359
984 1425
984 1476
984 1502
984 1650
984 1839
985 1887
986 1665
988 1074
989 998
989 1548
990 1187
990 1390
990 1857
991 1849
991 1893
992 1562
992 1933
993 1674
993 1900
994 1932
995 1138
995 1178
996 1187
997 1135
998 1048
998 1059
998 1350
998 1471
998 1658
998 1696
999 1156
999 1592
1000 1167
1000 1257
1001 1012
1001 1233
1002 1222
1002 1562
1003 1548
1003 1632
1004 1239
1004 1720
1005 1304
1005 1668
1006 1825
1007 1195
1008 1195
1010 1179
1010 1347
1011 1594
1011 1602
1012 1612
1012 1873
1013 1611
1014 1645
1015 1507
1016 1181
1016 1360
1016 1516
1016 1573
1017 1056
1017 1812
1017 1818
1018 1168
1018 1292
1018 1401
1019 1800
1020 1132
1020 1316
1022 1549
1023 1767
1023 1851
1023 1874
1024 1103
1024 1512
1025 1136
1025 1639
1025 1807
1026 1568
1027 1938
1028 1577
1028 1616
1029 1067
1029 1075
1029 1263
1029 1459
1029 1516
1029 1652
1030 1847
1031 1116
1031 1557
1032 1043
1033 1170
1033 1190
1033 1444
1033 1477
1033 1839
1034 1160
1034 1616
1035 1482
1036 1320
1036 1560
1036 1672
1037 1772
1038 1153
1039 1938
1040 1097
1040 1426
1040 1496
1041 1074
1041 1581
1042 1597
1044 1281
1044 1458
1045 1117
1045 1342
1045 1612
1046 1321
1046 1402
1046 1595
1047 1646
1047 1808
1049 1765
1049 1899
1050 1233
1050 1864
1050 1865
1051 1210
1052 1460
1052 1559
1053 1169
1053 1525
1053 1627
1053 1942
1054 1139
1054 1205
1054 1213
1054 1691
1054 1723
1054 1789
1055 1345
1056 1330
1056 1623
1056 1811
1056 1906
1056 1917
1057 1124
1058 1094
1058 1708
1058 1938
1060 1209
1060 1377
1060 1696
1060 1870
1061 1508
1061 1907
1062 1236
1062 1330
1062 1542
1062 1584
1062 1896
1063 1476
1063 1628
1063 1871
1064 1698
1065 1301
1065 1445
1066 1164
1066 1500
1067 1073
1068 1341
1069 1865
1070 1201
1070 1806
1071 1820
1072 1359
1073 1285
1073 1571
1074 1230
1074 1540
1074 1834
1077 1681
1078 1101
1078 1176
1079 1891
1081 1199
1081 1407
1082 1473
1083 1288
1083 1567
1084 1454
1084 1874
1085 1724
1087 1432
1088 1837
1090 1525
1090 1777
1090 1852
1091 1167
1091 1456
1092 1493
1092 1561
1093 1209
1093 1230
1093 1303
1093 1533
1094 1228
1094 1589
1094 1816
1095 1351
1095 1821
1096 1182
1097 1332
1098 1250
1098 1549
1099 1360
1099 1786
1099 1867
1101 1155
1101 1220
1101 1824
1102 1432
1105 1113
1105 1719
1105 1847
1106 1290
1106 1530
1107 1198
1107 1795
1108 1135
1108 1572
1109 1313
1110 1480
1110 1807
1111 1175
1111 1687
1112 1412
1112 1847
1113 1395
1113 1924
1114 1614
1115 1299
1117 1172
1119 1243
1119 1365
1121 1532
1122 1860
1122 1918
1124 1164
1125 1289
1125 1522
1126 1923
1127 1766
1128 1405
1128 1434
1128 1834
1128 1868
1128 1934
1129 1230
1129 1279
1129 1692
1129 1774
1129 1906
1130 1373
1130 1926
1131 1550
1131 1757
1132 1291
1132 1408
1132 1467
1132 1704
1132 1856
1133 1276
1133 1802
1133 1927
1134 1234
1135 1374
1135 1881
1135 1931
1137 1234
1137 1371
1137 1741
1137 1760
1138 1527
1138 1689
1138 1878
1140 1907
1141 1544
1141 1551
1141 1840
1142 1528
1143 1432
1144 1412
1145 1610
1145 1685
1146 1697
1146 1701
1146 1771
1148 1567
1149 1436
1149 1559
1150 1387
1150 1857
1151 1274
1151 1414
1152 1281
1152 1365
1152 1849
1153 1259
1153 1609
1154 1278
1156 1380
1156 1860
1157 1521
1157 1850
1157 1871
1157 1919
1158 1241
1158 1264
1158 1557
1158 1782
1158 1858
1158 1904
1159 1456
1159 1634
1160 1440
1160 1644
1161 1699
1162 1240
1165 1458
1166 1445
1168 1767
1171 1617
1172 1553
1172 1815
1173 1478
1173 1798
1174 1186
1174 1448
1174 1514
1174 1895
1175 1413
1175 1835
1175 1942
1176 1217
1176 1312
1176 1314
1176 1519
1177 1395
1177 1488
1177 1850
1178 1914
1179 1221
1179 1447
1179 1589
1180 1486
1182 1256
1182 1348
1183 1333
1183 1683
1186 1431
1188 1433
1188 1726
1189 1332
1189 1583
1190 1407
1190 1752
1191 1256
1191 1476
1192 1845
1193 1504
1194 1602
1196 1690
1197 1741
1197 1859
1198 1459
1199 1600
1200 1632
1201 1394
1201 1538
1202 1208
1202 1232
1202 1740
1202 1760
1202 1782
1203 1673
1206 1436
1207 1293
1207 1463
1208 1222
1210 1452
1210 1878
1211 1301
1211 1361
1211 1507
1212 1334
1213 1338
1214 1585
1214 1636
1215 1421
1218 1383
1219 1594
1221 1900
1222 1655
1223 1756
1224 1838
1224 1933
1225 1334
1225 1537
1226 1733
1228 1436
1229 1697
1229 1798
1231 1443
1231 1635
1231 1688
1232 1604
1233 1400
1233 1553
1234 1715
1235 1486
1235 1759
1236 1568
1237 1254
1237 1620
1238 1897
1239 1278
1239 1828
1240 1698
1242 1805
1243 1322
1243 1606
1244 1735
1245 1621
1246 1391
1247 1566
1247 1888
1248 1367
1248 1563
1248 1641
1248 1739
1249 1289
1250 1452
1250 1689
1250 1748
1251 1666
1252 1403
1255 1387
1256 1508
1257 1724
1258 1435
1260 1771
1261 1361
1261 1362
1261 1674
1262 1795
1263 1672
1264 1604
1265 1668
1267 1363
1267 1375
1267 1386
1268 1615
1269 1517
1270 1798
1270 1875
1272 1451
1272 1500
1273 1333
1273 1891
1274 1785
1275 1355
1276 1387
1276 1708
1277 1579
1278 1702
1280 1714
1281 1429
1281 1732
1282 1750
1282 1908
1283 1593
1284 1598
1285 1598
1286 1555
1286 1919
1287 1346
1287 1735
1288 1503
1288 1509
1288 1717
1289 1419
1289 1513
1290 1557
1290 1680
1290 1758
1291 1616
1292 1707
1293 1477
1295 1471
1295 1533
1296 1544
1296 1609
1296 1689
1297 1554
1297 1699
1298 1700
1298 1883
1299 1597
1299 1679
1300 1315
1300 1536
1300 1823
1301 1364
1301 1740
1301 1769
1304 1618
1304 1858
1304 1862
1305 1548
1305 1699
1306 1400
1306 1411
1307 1436
1307 1708
1308 1926
1312 1391
1313 1412
1315 1468
1315 1499
1315 1563
1316 1379
1316 1764
1317 1338
1317 1897
1318 1588
1318 1791
1318 1855
1319 1629
1319 1746
1319 1796
1320 1399
1320 1619
1320 1704
1321 1442
1321 1575
1321 1742
1321 1886
1322 1415
1324 1347
1324 1505
1325 1515
1325 1868
1326 1338
1326 1344
1327 1926
1328 1501
1329 1491
1329 1529
1329 1654
1329 1842
1332 1538
1332 1682
1333 1495
1334 1472
1334 1680
1334 1779
1335 1865
1336 1893
1337 1396
1337 1804
1338 1558
1338 1576
1340 1357
1340 1404
1341 1406
1341 1695
1341 1793
1342 1458
1342 1893
1343 1407
1345 1405
1345 1446
1345 1670
1345 1777
1346 1889
1347 1730
1347 1816
1347 1828
1349 1613
1353 1615
1353 1707
1353 1790
1355 1640
1355 1728
1355 1896
1355 1919
1357 1615
1358 1822
1359 1576
1359 1691
1359 1761
1359 1854
1360 1373
1361 1447
1361 1475
1361 1543
1361 1791
1361 1882
1362 1374
1362 1662
1363 1394
1363 1481
1363 1586
1363 1753
1364 1530
1365 1535
1365 1565
1365 1935
1366 1457
1370 1580
1370 1693
1371 1899
1372 1569
1372 1721
1372 1781
1373 1543
1373 1769
1373 1905
1374 1865
1375 1892
1376 1530
1377 1822
1378 1559
1378 1938
1379 1455
1379 1672
1381 1388
1382 1554
1382 1632
1382 1642
1383 1432
1384 1432
1384 1823
1385 1464
1386 1398
1386 1725
1386 1921
1387 1420
1387 1931
1388 1665
1389 1511
1391 1425
1392 1691
1392 1792
1392 1916
1392 1930
1394 1474
1396 1450
1396 1703
1399 1455
1399 1674
1401 1454
1401 1548
1402 1695
1403 1480
1403 1936
1407 1913
1408 1879
1409 1562
1409 1713
1410 1564
1410 1763
1411 1418
1412 1518
1414 1590
1414 1660
1414 1703
1416 1488
1416 1701
1416 1738
1416 1808
1416 1811
1416 1830
1417 1554
1417 1805
1417 1863
1418 1873
1419 1707
1420 1528
1421 1705
1422 1630
1423 1430
1423 1465
1423 1710
1425 1716
1426 1891
1426 1932
1427 1599
1427 1727
1427 1821
1430 1448
1430 1880
1431 1844
1432 1438
1433 1750
1435 1462
1435 1811
1436 1570
1439 1915
1440 1577
1441 1809
1441 1855
1442 1794
1444 1463
1449 1559
1453 1795
1454 1513
1455 1789
1457 1745
1459 1674
1460 1552
1461 1578
1461 1607
1462 1751
1463 1493
1463 1697
1464 1714
1465 1712
1466 1708
1466 1780
1466 1900
1469 1630
1469 1685
1469 1706
1470 1933
1475 1780
1477 1735
1480 1750
1481 1579
1482 1605
1483 1710
1484 1702
1484 1823
1484 1932
1485 1938
1487 1539
1487 1735
1489 1719
1489 1883
1490 1669
1494 1636
1498 1539
1498 1621
1501 1644
1501 1736
1501 1852
1502 1733
1505 1651
1505 1718
1505 1827
1506 1879
1506 1932
1507 1573
1507 1729
1507 1786
1508 1678
1509 1765
1513 1615
1514 1713
1520 1780
1521 1812
1522 1608
1523 1838
1524 1594
1529 1683
1530 1760
1531 1643
1531 1758
1531 1910
1531 1939
1533 1642
1538 1879
1539 1596
1541 1860
1542 1751
1543 1604
1545 1759
1545 1874
1546 1893
1547 1649
1549 1840
1550 1853
1551 1673
1553 1572
1554 1638
1555 1613
1556 1898
1556 1935
1558 1585
1560 1723
1561 1616
1564 1630
1566 1677
1566 1712
1566 1725
1567 1896
1568 1779
1571 1756
1572 1743
1575 1668
1576 1884
1578 1699
1578 1887
1579 1677
1579 1892
1580 1587
1580 1717
1580 1737
1580 1802
1581 1921
1581 1928
1581 1940
1582 1664
1583 1639
1585 1664
1585 1936
1588 1787
1589 1720
1590 1937
1591 1713
1591 1770
1591 1805
1596 1669
1600 1847
1602 1618
1602 1852
1603 1820
1603 1907
1603 1937
1606 1707
1607 1866
1608 1765
1614 1630
1616 1663
1616 1671
1616 1889
1617 1637
1618 1687
1621 1742
1621 1876
1622 1673
1624 1642
1624 1869
1626 1836
1630 1757
1631 1756
1636 1877
1637 1893
1640 1907
1641 1795
1642 1801
1646 1923
1647 1747
1648 1902
1651 1720
1652 1865
1656 1874
1657 1700
1658 1825
1659 1715
1661 1863
1663 1702
1663 1902
1665 1704
1665 1764
1667 1899
1669 1728
1671 1826
1672 1882
1675 1751
1677 1690
1681 1857
1682 1823
1682 1826
1687 1813
1687 1898
1690 1722
1690 1737
1690 1921
1693 1731
1694 1863
1696 1706
1698 1755
1699 1801
1700 1738
1700 1831
1706 1788
1708 1791
1709 1874
1709 1908
1711 1826
1711 1902
1716 1788
1720 1744
1728 1755
1729 1926
1735 1771
1740 1794
1744 1787
1746 1752
1751 1844
1751 1880
1752 1842
1753 1806
1755 1833
1767 1928
1769 1900
1773 1820
1773 1897
1776 1812
1776 1907
1778 1830
1781 1808
1787 1816
1792 1897
1796 1911
1799 1822
1803 1938
1805 1895
1807 1879
1810 1825
1814 1885
1814 1925
1817 1908
1820 1830
1820 1924
1820 1936
1823 1861
1826 1829
1827 1938
1828 1899
1832 1942
1835 1884
1837 1879
1846 1937
1850 1937
1853 1941
1859 1899
1861 1863
1874 1925
1877 1897
1879 1912
1883 1913
1884 1930
1887 1895
1893 1935
1902 1922
