144 288
0 92
0 111
0 138
1 33
1 47
1 48
2 45
2 88
2 138
3 27
3 60
3 71
3 103
3 128
3 143
4 47
4 84
4 88
5 31
5 82
5 136
6 10
6 11
6 31
7 19
7 24
7 55
7 77
7 128
7 130
8 48
8 111
8 121
9 51
9 102
9 136
10 17
10 97
10 110
10 127
10 140
11 42
11 67
11 74
11 80
11 99
11 115
11 135
12 30
12 89
12 113
13 58
13 118
13 136
14 73
14 91
14 122
15 26
15 66
15 108
15 114
15 123
15 132
16 40
16 41
16 118
17 84
17 91
18 75
18 103
18 133
18 140
19 111
19 142
20 43
20 61
20 95
20 116
20 128
20 131
21 32
21 42
21 57
21 79
21 93
21 133
22 48
22 92
22 118
23 33
23 41
23 138
24 113
24 136
25 56
25 82
25 142
26 58
26 142
27 33
27 56
28 34
28 69
28 76
28 129
29 45
29 51
29 118
30 60
30 61
30 96
30 106
30 107
31 32
31 34
31 50
31 68
31 81
31 143
32 138
33 68
33 71
33 75
33 80
33 95
34 59
35 37
35 41
35 65
36 53
36 81
36 117
36 131
36 134
36 137
37 50
37 85
37 124
38 91
38 92
38 102
39 48
39 73
39 113
40 44
40 64
40 99
40 108
40 125
41 67
41 76
41 114
42 56
43 48
43 88
44 136
44 139
45 69
45 80
45 85
45 108
46 47
46 82
46 90
47 60
47 77
47 134
48 66
48 93
48 97
49 63
49 84
49 118
50 58
51 105
51 114
51 126
51 135
52 64
52 70
52 78
52 87
52 117
52 135
53 56
53 136
54 79
54 116
54 134
54 140
55 98
55 113
56 109
56 110
56 124
56 129
57 65
57 84
58 129
59 120
59 123
59 124
61 104
62 65
62 121
62 122
63 66
63 74
63 86
63 94
63 100
64 138
65 69
65 87
65 97
65 100
65 101
67 88
68 104
70 82
70 89
71 83
72 73
72 84
72 111
73 87
74 111
75 104
76 91
77 104
78 91
78 121
79 83
81 142
82 112
82 116
83 119
83 127
84 95
84 132
84 141
85 91
86 113
86 138
88 103
88 109
88 119
88 143
89 130
89 137
90 127
90 131
90 133
91 93
91 94
92 101
92 115
92 132
94 139
96 98
96 111
98 112
98 117
99 122
100 102
101 139
102 125
104 109
104 119
105 122
105 138
106 113
106 142
107 111
107 136
110 138
111 130
112 122
113 115
113 141
118 120
120 142
121 141
122 137
123 136
125 142
126 139
126 142
