2160 4320
0 397
0 784
0 984
0 1039
0 1101
0 1920
1 730
1 1097
1 1921
2 490
2 740
2 1140
3 1799
3 1916
3 2036
4 56
4 82
4 335
4 631
4 637
4 813
4 1182
4 1673
5 585
5 889
5 970
6 614
6 1060
6 1746
6 1769
7 1231
7 1926
7 2062
8 1159
8 1871
8 2156
9 275
9 484
9 582
9 692
9 890
9 1153
9 1292
9 1838
10 107
10 744
10 1699
11 236
11 584
11 762
11 1168
11 1408
11 1551
12 411
12 1074
12 1326
13 799
13 1084
13 1239
14 716
14 1390
14 1670
15 130
15 601
15 1889
16 1795
16 1971
16 2043
17 39
17 786
17 1094
18 487
18 643
18 1190
19 106
19 862
19 1732
20 165
20 1295
20 1783
20 1859
20 1880
20 1914
20 1992
20 2152
21 1172
21 1599
21 1792
22 55
22 1729
22 1826
23 59
23 641
23 735
24 238
24 309
24 520
24 523
24 832
24 2101
25 963
25 1102
25 1134
26 245
26 297
26 1873
27 292
27 875
27 1029
28 876
28 1824
28 1998
29 325
29 1462
29 2098
30 1138
30 1317
30 1732
31 126
31 486
31 1209
31 1420
31 1667
31 1817
31 2057
31 2074
32 1056
32 1325
32 1445
33 55
33 226
33 1462
34 795
34 855
34 1891
34 1987
34 2034
34 2056
35 500
35 788
35 2029
36 132
36 406
36 1511
37 557
37 690
37 1606
38 897
38 1686
38 2072
39 150
39 678
39 806
39 1068
39 1149
40 906
40 1772
40 1955
41 994
41 1172
41 2008
42 268
42 671
42 757
42 1000
42 1754
42 1928
42 2017
42 2142
43 674
43 871
43 1175
43 1336
43 1342
43 1636
43 1776
43 1983
44 994
44 1328
44 1974
45 585
45 1749
45 1820
46 527
46 1279
46 1444
47 167
47 689
47 1499
48 329
48 435
48 1895
49 457
49 1820
49 1851
50 138
50 558
50 1196
51 510
51 1074
51 1993
52 135
52 494
52 860
52 1035
52 1050
52 1379
52 1429
52 1433
53 925
53 1097
53 1676
54 644
54 1375
54 1552
55 910
55 919
55 958
55 1064
55 1771
55 2019
56 735
56 1670
57 176
57 1617
57 1621
58 207
58 562
58 1467
59 85
59 779
59 839
59 874
59 1939
60 211
60 786
60 1714
61 415
61 461
61 694
61 746
61 748
61 824
61 839
61 1519
62 1462
62 1781
62 2127
63 532
63 1585
63 1947
64 618
64 1714
64 2157
65 227
65 720
65 2062
66 426
66 471
66 984
66 1559
67 201
67 1126
67 1973
68 1028
68 1590
68 2066
69 196
69 353
69 1365
70 478
70 1264
70 2137
71 318
71 535
71 783
71 1260
71 1463
71 1788
72 715
72 752
72 2013
73 138
73 586
73 1020
74 607
74 1411
74 1889
75 470
75 1819
75 1873
76 235
76 246
76 1367
77 1150
77 1473
77 1902
78 209
78 580
78 1499
79 543
79 842
79 1720
80 221
80 1152
80 2000
81 104
81 161
81 863
82 501
82 1725
83 842
83 868
83 2021
84 1059
84 1337
84 2094
85 687
85 2065
86 106
86 1743
86 1837
87 1079
87 2013
87 2023
88 369
88 493
88 1506
89 393
89 1690
89 1696
90 304
90 438
90 1305
90 1805
91 1231
91 1591
91 1897
92 295
92 616
92 1342
92 1501
92 1649
92 1977
93 128
93 457
93 733
94 301
94 1084
94 1523
95 246
95 1704
95 1779
96 527
96 868
96 1480
97 219
97 717
97 907
98 285
98 357
98 1015
98 1244
98 1644
98 2012
98 2112
98 2125
99 437
99 862
99 1767
100 499
100 1052
100 1325
101 721
101 1283
101 1441
102 899
102 1000
102 2012
102 2138
103 472
103 505
103 1606
104 409
104 1055
104 1065
104 1116
104 1192
104 1478
104 2020
105 344
105 397
105 697
105 776
105 1011
105 1168
105 1554
105 2118
106 280
106 373
106 1187
106 1402
107 890
107 1818
107 2097
108 137
108 586
108 1875
109 475
109 621
109 1934
110 605
110 681
110 1705
111 326
111 1189
111 1934
112 521
112 711
112 714
112 1507
112 1911
112 2119
113 580
113 1585
113 2061
114 353
114 1193
114 1443
115 668
115 682
115 1483
115 1983
116 747
116 904
116 1147
116 1344
116 1491
116 2152
117 853
117 1426
117 2059
118 450
118 473
118 1004
118 1005
118 1248
118 1759
118 1807
118 1883
119 342
119 359
119 1940
120 905
120 1431
120 1916
121 297
121 1113
121 2086
122 361
122 585
122 698
123 379
123 1008
123 1117
123 1867
124 613
124 1514
124 1773
125 199
125 475
125 1442
126 1021
126 1233
127 1124
127 1553
127 2065
128 163
128 205
128 461
128 479
128 1046
128 1510
128 1726
129 1422
129 1471
129 2075
130 593
130 697
130 784
130 954
130 1182
130 1259
130 1492
131 1056
131 1722
131 1988
132 189
132 1459
132 1632
133 185
133 1397
133 1857
134 141
134 1090
134 1198
135 190
135 1364
136 903
136 1092
136 1112
136 1374
136 1478
136 1742
137 363
137 931
137 1953
138 192
138 266
139 543
139 1156
139 1824
140 264
140 1115
140 1318
141 419
141 519
141 669
141 893
141 1692
141 2039
141 2155
142 1025
142 1139
142 1622
143 436
143 928
143 1253
144 446
144 1635
144 1937
145 277
145 838
145 1241
145 1768
145 1808
145 2146
146 786
146 1792
146 1819
147 476
147 1075
147 1655
147 1829
148 718
148 1073
148 1236
148 1458
148 1579
148 1920
149 1582
149 1618
149 2071
150 574
150 1013
151 470
151 1282
151 1714
152 179
152 202
152 500
153 915
153 1722
153 1837
154 307
154 468
154 1504
155 1202
155 1494
155 1752
156 437
156 1253
156 1900
157 641
157 1553
157 2000
158 301
158 1084
158 1363
159 460
159 642
159 865
159 954
159 959
159 1081
159 1265
159 1846
160 221
160 1172
160 1873
161 184
161 1547
161 1706
161 1718
161 2100
162 248
162 302
162 464
162 465
162 747
162 1207
162 1436
162 1647
163 1007
163 1118
164 613
164 664
164 1276
165 733
165 1365
166 1264
166 1401
166 1753
167 1272
167 1766
167 1874
168 613
168 1176
168 1963
169 185
169 894
169 1966
170 632
170 810
170 1108
170 2041
171 1678
171 1786
171 2036
172 265
172 307
172 1486
173 511
173 1021
173 1418
174 402
174 1430
174 1659
175 468
175 1548
175 2071
176 183
176 440
176 1032
176 1136
176 1232
176 1608
176 1801
177 664
177 1431
177 1963
178 833
178 938
178 1830
179 231
179 312
179 1371
179 1492
179 1764
179 1833
179 1931
180 1525
180 1636
180 1811
180 2079
181 926
181 1967
181 1984
182 1256
182 1375
182 2007
183 943
183 2099
184 406
184 2108
185 923
185 1312
185 1866
185 2125
186 209
186 732
186 989
187 614
187 1082
187 1109
187 1261
188 673
188 1403
188 1761
189 2013
189 2099
190 851
190 1123
190 1247
191 245
191 951
191 1563
192 1503
192 1902
193 526
193 530
193 867
193 1110
193 1164
193 1306
193 1572
193 1583
194 493
194 1139
194 1223
195 213
195 285
195 1117
195 1378
196 282
196 463
196 503
196 667
196 904
196 1222
196 1398
197 618
197 1356
197 1669
198 351
198 1940
198 2127
199 816
199 1285
199 1385
200 455
200 1401
200 1411
201 390
201 812
201 919
201 992
201 1847
202 346
202 743
202 986
202 1502
202 2132
203 248
203 811
203 1254
203 1321
203 1361
203 1848
204 725
204 1513
204 1689
205 447
205 1172
206 510
206 1311
206 1635
207 278
207 394
207 1508
207 1989
207 2105
208 502
208 603
208 686
208 1261
208 1306
208 1598
209 1481
209 1674
209 1904
209 2092
210 322
210 746
210 1012
210 1736
210 1839
210 1884
211 312
211 639
211 1316
211 1668
211 1913
212 510
212 1564
212 1671
213 704
213 2080
214 290
214 598
214 663
214 1288
214 1728
214 1780
214 1831
214 1847
215 437
215 1009
215 2137
216 516
216 800
216 805
216 1520
217 282
217 1033
217 1045
217 1132
217 1647
217 1783
218 1150
218 1430
218 1862
219 576
219 1360
219 1882
220 354
220 368
220 1076
221 748
221 2131
222 280
222 731
222 1037
222 1627
222 1698
222 2033
223 368
223 602
223 1969
224 983
224 1400
224 1827
225 1191
225 1633
225 1871
226 884
226 933
226 1001
226 1037
226 1098
226 1179
226 1763
227 531
227 597
227 845
227 1754
227 2028
228 512
228 1488
228 2007
229 264
229 657
229 1016
230 326
230 732
230 2024
231 1146
231 1984
232 257
232 992
232 1128
232 1374
233 294
233 302
233 608
233 1806
234 388
234 1465
234 1686
235 591
235 1432
235 1601
235 1884
235 1990
236 638
236 1684
237 262
237 548
237 935
237 1544
237 1549
237 1680
237 1970
237 2087
238 1338
238 1349
239 875
239 1335
239 1671
240 361
240 457
240 1591
241 1564
241 1622
241 1903
242 1146
242 1375
242 2029
243 356
243 773
243 842
244 613
244 1062
244 1195
245 723
245 774
245 792
245 1938
246 569
246 1584
246 1638
246 2115
247 406
247 1201
247 1635
248 1533
249 929
249 1676
249 2062
250 265
250 1493
250 1635
251 586
251 1177
251 1308
252 928
252 1063
252 1749
253 1548
253 1582
253 1795
254 442
254 729
254 746
254 864
254 910
254 1395
254 1437
254 1932
255 590
255 1100
255 1332
255 1730
256 310
256 1041
256 1819
257 447
257 965
258 374
258 764
258 1760
259 281
259 338
259 967
260 308
260 441
260 469
260 1354
261 1154
261 1499
261 2007
262 487
262 1494
263 406
263 1799
263 1993
264 632
264 980
264 997
264 1183
265 416
265 474
265 879
265 1133
265 1251
265 1420
266 727
266 1875
267 815
267 1076
267 1257
268 654
268 2036
269 799
269 1124
269 1423
270 638
270 1094
270 1842
271 297
271 490
271 1664
272 289
272 1804
272 1860
272 1985
273 2004
273 2043
273 2083
274 1138
274 1743
274 2038
275 298
275 825
276 1028
276 1908
276 2140
277 989
277 1761
278 1150
278 1216
279 384
279 769
279 986
279 1943
280 2038
281 459
281 592
281 816
282 1356
283 788
283 951
283 1552
284 732
284 1391
284 1685
285 1274
286 1364
286 1565
286 2111
287 557
287 657
287 1439
288 369
288 640
288 1318
289 407
289 495
290 338
290 744
291 463
291 1116
291 1959
291 1992
292 1022
292 1197
292 1666
292 1777
292 2135
293 640
293 1139
293 1779
294 1471
294 1998
295 1052
295 1233
296 509
296 676
296 1008
296 1224
297 1210
297 1316
297 1624
297 1911
297 2058
298 347
298 382
298 1170
298 1598
298 2124
299 1320
299 1675
299 2091
300 575
300 1283
300 1945
301 507
301 553
301 791
301 1023
301 1169
301 1187
302 876
303 1566
303 1570
303 1800
303 2126
304 610
304 1738
305 689
305 1504
305 2061
306 751
306 905
306 1630
307 739
307 948
307 1038
307 1677
307 1841
307 2005
308 410
308 1767
309 589
309 1679
310 1477
310 2022
310 2070
311 1146
311 1267
311 2054
312 1576
313 705
313 886
313 2043
314 446
314 1564
314 1915
315 321
315 520
315 707
315 1510
316 689
316 1348
316 1375
317 367
317 497
317 609
317 653
317 987
317 1285
318 666
318 1671
319 883
319 1548
319 1795
320 368
320 574
320 1264
321 1643
321 2081
322 1504
322 2007
323 505
323 587
323 1439
324 602
324 1119
324 1540
325 390
325 662
325 780
325 922
325 1395
325 1456
325 1763
326 913
326 952
327 720
327 925
327 1071
328 733
328 1445
328 1752
329 1179
329 1932
329 2052
330 511
330 1605
330 2006
331 2024
331 2091
331 2148
332 1540
332 1590
332 2004
333 470
333 815
333 1669
334 447
334 1337
334 1974
335 1134
335 1620
336 455
336 1317
336 1511
337 620
337 823
337 1160
337 1562
337 1948
337 2046
338 479
338 857
338 1125
338 1687
338 1787
338 1982
339 619
339 1401
339 1413
340 1009
340 1016
340 1388
341 575
341 756
341 1670
342 671
342 1158
342 1879
343 967
343 1889
343 2030
344 941
344 1842
345 538
345 871
345 1218
345 1501
346 796
346 1967
347 1198
347 1652
348 941
348 1349
348 1862
349 1367
349 1407
349 1585
350 710
350 1205
350 1431
351 1417
351 1928
351 2015
352 1144
352 1222
352 1446
352 1712
352 1914
352 2144
353 696
353 855
353 900
353 1214
353 1726
353 1880
354 1057
354 1487
354 1721
355 1431
355 1533
355 1633
356 1381
356 1557
356 1958
357 983
357 1532
358 474
358 656
358 1212
358 1259
358 1637
358 1886
359 448
359 1222
359 1295
359 1417
359 1571
360 715
360 763
360 1642
361 375
361 1614
361 1925
361 2003
361 2063
361 2159
362 410
362 583
362 928
363 1196
363 1902
364 368
364 586
364 1013
365 402
365 619
365 1120
366 814
366 941
366 963
367 833
367 1439
368 595
368 1505
368 1798
368 2018
369 529
369 882
369 914
369 1309
369 1353
369 1975
370 1648
370 1918
370 1947
371 414
371 430
371 771
371 874
371 1579
371 1607
371 1611
371 2026
372 466
372 1403
372 1949
373 1317
373 1642
374 431
374 480
374 1527
374 1556
374 1660
375 1141
375 1851
376 698
376 928
376 1926
377 386
377 1735
377 1918
378 614
378 1032
378 1170
378 1863
378 2039
378 2082
379 1539
379 1881
380 672
380 820
380 1388
381 727
381 1013
381 1177
382 386
382 775
383 515
383 649
383 1076
384 717
384 827
385 1294
385 1533
385 1630
386 530
386 1109
386 1340
386 1762
387 708
387 939
387 1168
387 1489
388 622
388 645
388 1392
388 1521
388 1587
388 2060
388 2129
389 1733
389 1822
389 1934
390 1826
391 589
391 929
391 1678
392 1253
392 1819
392 1951
393 859
393 1638
393 1654
394 664
394 2036
395 703
395 709
395 1496
395 1547
395 1549
395 1688
395 1723
395 2144
396 557
396 853
396 1318
397 1134
398 419
398 1232
398 1557
398 1878
399 842
399 1307
399 2075
400 598
400 975
400 1221
400 1461
400 1865
400 2113
401 533
401 661
401 712
401 1011
401 1284
401 1856
401 1858
401 1975
402 749
402 1026
402 1199
402 1252
403 704
403 1474
403 1779
404 487
404 982
404 1201
405 1223
405 1716
405 1887
406 877
406 1153
406 1989
406 1991
407 927
407 1427
407 1454
408 936
408 1006
408 1720
409 721
409 965
410 491
410 1244
410 1848
410 1950
411 521
411 559
411 723
411 942
411 1085
411 1188
411 1913
412 568
412 648
412 706
412 891
412 1209
412 1302
412 1886
412 2005
413 510
413 1465
413 1471
414 796
414 1364
415 1599
415 1873
416 1102
416 2037
417 506
417 756
417 1307
418 468
418 1348
418 1845
419 1621
420 619
420 1467
420 1862
421 638
421 715
421 1134
422 1205
422 1226
422 1418
423 1176
423 1307
423 1690
424 1474
424 1857
424 1966
425 604
425 900
425 1245
425 1905
426 825
426 1843
427 722
427 1514
427 1664
428 627
428 1062
428 1090
429 885
429 1307
429 1675
430 1786
430 1908
431 574
431 1308
432 586
432 1084
432 2094
433 446
433 1552
433 1993
434 1779
434 1887
434 1908
435 508
435 729
435 1051
436 1254
436 1304
436 1354
436 1885
436 2112
437 770
437 819
437 872
437 1697
437 1923
438 1400
438 1827
439 1312
439 1346
439 1456
439 1627
439 1771
439 2150
440 495
440 1198
441 1851
441 1926
442 1172
442 2061
443 938
443 1119
443 1729
444 638
444 1311
444 1924
445 901
445 1274
445 1514
446 760
446 993
446 1453
446 1645
446 1709
447 694
447 1112
447 1357
448 1364
448 1462
449 527
449 989
449 1679
450 1239
450 1837
451 534
451 820
451 1349
452 921
452 1622
452 2140
453 689
453 1473
453 1488
454 654
454 1152
454 1307
455 542
455 1145
455 1229
455 1650
456 878
456 1382
456 2024
457 631
457 696
457 1846
458 887
458 989
458 1700
459 607
459 1167
460 501
460 825
461 994
462 516
462 822
462 2022
462 2034
463 982
464 691
464 928
465 1679
465 1681
466 635
466 851
466 1089
466 1657
466 1739
466 2076
466 2088
467 897
467 1154
467 2111
468 1812
468 2057
468 2093
469 1063
469 1591
470 678
470 960
470 1384
470 1527
470 1668
471 1044
471 1725
472 709
472 1235
472 1727
472 1797
472 1942
473 594
473 1966
474 1504
475 592
475 913
475 1333
475 1740
476 585
476 1130
477 562
477 943
477 2107
478 745
478 857
478 985
478 1650
478 1852
478 1948
478 2001
479 1080
480 786
480 941
481 1367
481 1625
481 2037
482 915
482 1249
482 2038
483 493
483 1318
483 2110
484 1027
484 1421
485 488
485 1058
485 1330
485 1373
485 1509
485 1711
485 1715
485 1930
486 907
486 1325
487 785
487 1446
487 1516
487 1706
487 1727
488 1059
488 1328
489 643
489 1576
489 2157
490 914
490 1085
490 1583
490 1623
491 1036
491 1476
492 590
492 628
492 1844
492 1961
493 1003
493 1260
493 1298
493 1666
493 1954
494 1781
494 2072
495 517
495 801
495 996
495 1917
495 2039
495 2051
496 812
496 1030
496 1578
496 1728
497 1411
497 1610
498 1349
498 1480
498 1934
499 871
499 1087
499 1185
499 1362
499 1899
500 606
500 623
500 624
500 873
500 1100
500 1535
501 969
501 1415
501 1935
501 1996
502 1735
502 1842
503 733
503 953
504 963
504 1430
504 1467
505 635
505 888
505 1050
505 1409
506 779
506 966
506 969
506 1093
506 1224
506 1482
506 1561
507 687
507 1423
508 1630
508 1963
509 1062
509 2065
510 734
510 794
510 804
510 909
511 753
511 1054
511 1615
511 1952
512 565
512 646
512 1299
512 1301
512 1376
512 1999
512 2035
513 901
513 1056
513 1071
514 589
514 1103
514 1658
515 529
515 612
515 680
515 808
515 1384
516 862
517 1062
517 1423
518 1103
518 1191
518 1431
519 773
519 863
520 1465
521 1552
522 676
522 988
522 1244
522 1521
522 1867
522 1885
522 1962
522 2050
523 1007
523 1643
524 1618
524 1795
524 2016
525 894
525 1397
525 1474
526 1303
526 1871
527 826
527 1850
527 1869
528 1335
528 1738
528 1915
529 2083
530 1041
531 1678
531 2123
532 573
532 595
532 662
532 750
532 919
532 1432
532 2073
533 1467
533 1664
534 792
534 917
534 1234
534 1485
534 1573
534 1604
534 2078
535 574
535 640
536 1090
536 1592
536 2071
537 965
537 1441
537 1656
538 572
538 1513
539 773
539 1328
539 1967
540 744
540 938
540 1167
541 722
541 934
541 999
542 1421
542 1772
543 566
543 1263
543 1508
543 1806
543 2136
543 2142
544 883
544 1256
544 1845
545 863
545 1679
545 1998
546 763
546 1993
546 2023
547 796
547 908
547 1906
548 1365
548 1757
549 1548
549 2016
549 2071
550 887
550 925
550 1349
551 1349
551 1541
551 2081
552 928
552 1533
552 1998
553 1020
553 1138
554 679
554 1602
554 1835
554 2119
555 621
555 732
555 2047
556 721
556 755
556 1670
557 658
557 810
557 1289
558 646
558 931
558 1550
558 1566
558 1894
559 1595
559 1873
560 561
560 777
560 995
560 1194
561 1484
561 1597
562 780
562 841
562 1001
562 1048
562 1771
562 1854
563 710
563 740
563 1028
564 644
564 788
564 1074
565 1467
565 1902
566 664
566 1799
567 1422
567 1755
567 1919
568 1102
568 1504
569 727
569 1621
570 1118
570 1124
570 1473
571 731
571 780
571 923
571 1064
571 1662
571 2102
572 1246
572 1581
572 1877
573 1177
573 1945
574 778
574 1030
574 1538
574 1666
575 1495
575 1497
575 1991
575 2049
575 2097
575 2124
576 1028
576 2083
577 716
577 1283
577 1699
578 721
578 1506
578 2083
579 759
579 819
579 1566
579 1593
579 1651
579 2095
580 840
580 950
580 1105
580 1315
580 1697
580 1884
581 803
581 1231
581 1851
582 1670
582 1945
583 869
583 872
583 1254
584 2043
584 2071
585 1258
585 1703
585 1813
585 2159
586 1296
586 1715
586 2115
587 1323
587 1500
587 1898
588 1473
588 1889
588 2010
589 1522
589 1754
589 1804
589 1811
589 2103
590 1897
591 1826
591 1947
592 1610
593 1102
593 1862
594 1043
594 1627
594 2102
595 756
596 1504
596 1625
596 2130
597 1921
597 1969
598 1069
599 1052
599 1887
599 1963
600 615
600 833
600 1365
601 624
601 639
601 699
601 978
601 1672
601 1964
601 2132
602 809
602 1149
602 1197
602 1260
602 1556
602 1578
603 775
603 1203
604 1041
604 1494
605 706
605 1100
605 1200
605 1251
605 1515
606 1375
606 1988
607 1982
607 2109
608 1156
608 2036
609 1016
609 2114
610 726
610 1111
610 1386
611 656
611 1058
611 1155
611 1434
611 1655
611 2147
612 787
612 1257
613 616
613 1185
613 1389
613 1935
615 1010
615 1218
615 1451
616 1325
617 1049
617 1375
617 1896
618 1213
618 1271
618 1883
618 2151
619 711
619 741
619 745
619 846
619 1577
620 1317
620 2107
621 961
621 1286
622 1444
622 1643
623 764
623 2054
624 1984
625 672
625 1184
625 1761
626 925
626 1441
626 1582
627 699
627 1023
627 1405
627 1745
627 1764
627 1917
627 2134
628 803
628 1142
629 735
629 1152
629 1599
630 1079
630 1450
630 2099
631 1130
632 1606
633 724
633 924
633 1115
634 1503
634 1568
634 2094
635 897
636 693
636 1400
636 1951
637 889
637 1141
638 712
638 784
638 828
638 939
639 1208
640 737
640 912
640 981
640 1197
640 2145
641 1034
641 1121
641 1131
641 1345
641 1458
641 2077
642 1670
642 2000
643 647
643 930
643 1072
643 1359
643 1663
643 1688
644 1534
644 1938
645 1249
645 1988
646 1150
647 1352
647 1642
648 1493
648 2108
649 651
649 807
649 2073
650 1755
650 1824
650 2036
651 787
651 815
652 722
652 1113
652 1195
653 1733
653 2053
654 771
654 937
654 1131
654 2136
655 842
655 1320
655 1382
656 1541
657 695
657 772
657 840
657 979
658 1016
658 1388
659 774
659 844
659 973
659 1099
659 1570
659 1604
659 1748
659 1805
660 1398
660 1706
660 1723
660 1992
661 1113
661 1150
662 1729
663 831
663 886
664 767
664 975
664 1415
664 1741
665 755
665 1140
665 1283
666 1386
666 1794
666 1936
666 2117
666 2135
667 1335
667 2127
668 1464
668 1689
669 1205
669 2099
670 943
670 1664
670 1684
671 1693
672 979
672 1088
673 695
673 1002
673 1965
674 898
674 1871
675 989
675 1533
675 1724
676 974
677 717
677 2006
677 2064
678 941
679 1351
679 1375
680 1590
680 2110
681 1186
681 1380
681 1983
682 1488
682 1513
683 1269
683 1868
683 2067
684 705
684 1069
684 1540
685 1223
685 1407
685 1704
686 740
686 1041
687 1301
687 1358
687 1425
687 1482
687 1825
687 2134
688 1476
688 1591
688 1926
689 1012
689 1162
689 1376
689 1980
690 980
690 1086
690 1220
691 702
691 793
691 811
691 1024
691 1243
691 1807
691 2141
692 1331
692 1351
693 1800
693 1894
693 1923
693 2045
693 2106
694 2008
695 820
696 2008
697 715
698 1319
698 1361
699 1757
700 1231
700 1603
700 1714
701 1097
701 1352
701 1399
702 1412
702 1724
703 1278
703 1335
704 971
704 1070
704 1866
704 1885
704 1950
704 2138
705 806
705 835
705 1284
705 1660
706 1635
707 1118
707 2008
708 1205
708 1664
709 1028
710 768
710 1110
710 1710
710 1952
711 1462
712 1937
713 1067
713 1582
713 2062
714 1266
714 1430
715 1073
715 1559
716 1505
716 1832
717 1574
717 1828
717 1976
718 1555
718 2023
719 721
719 740
719 2086
720 917
720 1810
721 1092
721 1583
721 1626
722 1092
722 1165
722 1718
722 1959
722 2158
723 1792
724 865
724 1182
724 1211
724 1434
724 1829
725 802
725 1380
725 1776
726 1255
726 2140
727 1373
727 1396
727 1530
727 1953
727 2018
728 740
728 1303
728 1790
729 1758
730 739
730 1072
730 2074
730 2087
730 2096
731 854
732 1366
732 2002
733 795
733 1314
733 1322
733 1905
734 1937
734 2108
735 959
735 1611
735 2131
736 824
736 841
736 933
736 1270
736 1938
736 1939
737 1506
737 2110
738 1050
738 1123
738 1188
738 1316
738 1383
738 1874
738 2076
738 2153
739 2137
740 1339
740 1340
740 1809
741 963
741 1150
742 1568
742 1659
742 1981
743 926
743 1605
744 1507
744 1835
744 2068
745 1486
747 1857
748 1792
749 1014
749 1616
750 1257
750 1356
751 1137
751 1929
751 1932
752 1101
752 1512
752 1861
753 842
753 2091
754 938
754 1720
754 2114
755 903
755 1234
755 1387
755 1469
756 1077
756 1313
756 1838
757 1532
757 1881
758 1176
758 1223
758 1908
759 1181
759 1864
760 1311
760 2108
761 803
761 1591
761 2157
762 1540
762 1795
763 858
763 1039
763 1345
763 2026
764 806
764 1524
765 1090
765 1658
765 1795
766 1226
766 1916
766 1963
767 905
767 1226
768 1021
768 1320
769 2004
769 2006
770 1036
770 1317
771 1716
772 1009
772 1439
773 1106
773 1588
773 1608
773 1850
773 2146
774 925
775 1227
775 1280
775 1310
775 1791
776 1924
776 1937
777 1348
777 1955
778 1177
778 1969
779 1124
781 799
781 1523
781 1778
782 1140
782 1318
782 2083
783 1915
783 2140
785 1335
785 1693
786 808
786 852
786 1095
786 1849
787 1505
787 1721
788 1275
788 1370
788 1602
788 1980
788 2122
789 855
789 1129
789 1322
789 1324
790 918
790 1773
790 2065
791 1630
791 1778
792 1827
793 1226
793 1633
794 1139
794 1915
795 1443
796 1227
796 2027
796 2077
797 924
797 1056
797 1233
798 915
798 1067
798 2016
799 962
799 1107
799 1402
799 1901
799 2134
800 1317
800 1646
801 1569
801 1586
802 1464
802 1488
803 1180
803 1332
803 1362
803 1649
803 1711
804 1552
804 1555
805 1041
805 1900
807 1356
807 1826
808 1669
809 1177
809 1264
810 1785
811 1998
812 938
813 1283
813 2000
814 1416
814 1517
814 1567
814 1573
814 1737
814 1960
814 2101
815 1040
815 1095
815 1309
816 1189
817 936
817 1542
817 1755
818 1178
818 1617
818 2021
819 1400
820 1416
820 1500
820 1596
821 859
821 866
821 1560
821 1968
822 1193
822 1494
823 862
823 1511
824 1553
825 1673
825 1804
825 1861
825 2032
825 2049
826 1686
826 1949
827 920
827 1054
827 1428
828 941
828 1918
829 1094
829 1124
829 1643
830 1266
830 1364
830 2127
831 1215
831 1377
831 1741
831 1789
831 1946
832 1761
832 2123
833 1246
833 1745
833 1780
833 1941
833 2121
834 943
834 1216
834 1511
835 1382
835 1924
836 1205
836 1216
836 2107
837 915
837 1063
837 1231
838 868
838 1152
839 1563
840 1016
841 2098
842 1341
842 1922
843 1059
843 1102
843 1541
844 983
844 1181
845 915
845 1676
846 1537
846 1659
847 1027
847 1555
847 1799
848 1401
848 1430
848 1486
849 1141
849 1591
849 1820
850 1900
850 1915
850 2059
851 1781
852 1873
852 1900
853 1183
853 1211
853 1217
853 1797
853 2069
853 2084
854 1005
854 1665
854 2150
856 974
856 1047
856 1539
857 1464
858 1555
858 2099
859 1625
860 1184
860 1949
861 1462
861 1685
861 2148
862 1145
862 1151
862 1368
862 2070
863 1165
863 1436
863 1801
864 1722
864 2111
865 1134
866 972
866 1176
867 1028
867 1418
868 893
868 1163
868 1297
868 1381
868 1801
869 1900
869 1951
870 1176
870 1716
870 1779
872 1819
873 1142
873 1493
874 2000
875 1111
875 1305
875 1594
875 1712
875 1788
875 1791
876 909
876 1453
876 1628
876 2128
877 1079
877 2107
878 1031
878 1268
878 2139
879 1120
879 1262
880 915
880 1582
880 2067
881 951
881 1074
881 1375
882 1249
882 2086
883 1053
883 1414
883 1677
883 1817
884 1294
884 1758
885 1033
885 1491
885 1628
885 1892
885 1922
886 1865
886 1997
887 979
887 1573
887 1898
887 1965
888 1016
888 1700
889 1075
889 1846
890 1896
891 1262
891 1659
892 1652
892 1738
892 1906
893 1681
894 1147
894 1647
894 1796
894 1975
895 1140
895 1441
895 1670
896 905
896 1052
896 1176
897 1247
897 1272
897 1433
897 1624
897 1913
898 966
898 1243
898 1702
898 1996
898 2055
899 1678
899 1881
900 1445
901 1008
901 1440
901 1950
901 2112
901 2129
901 2149
902 1080
902 1167
902 2008
903 1656
904 1872
905 947
905 1026
905 1051
905 1389
906 1199
906 1394
906 2116
907 1066
907 1747
907 1841
907 1952
908 1161
908 1310
908 1475
909 1643
910 1382
911 929
911 1399
911 1969
912 1661
912 2029
913 2053
914 1722
915 1810
915 2085
916 1331
916 1455
916 1699
917 1097
918 1440
918 1561
918 1867
920 1320
920 1605
921 1305
921 1936
921 1995
922 1382
922 1895
923 1713
924 1214
924 1217
924 1740
924 1816
924 1905
924 2060
925 1171
925 1387
925 1416
926 1121
926 1310
926 1404
926 1607
927 1090
927 1586
929 1717
929 1810
929 2017
930 953
930 1757
931 1503
932 1585
932 1826
932 2042
933 1216
934 1398
934 1859
934 2020
935 953
935 1836
936 1127
936 1290
937 972
937 1480
938 1125
938 1215
938 1865
939 1971
940 1139
940 1255
940 1903
941 1529
941 1825
942 1664
942 2086
943 1489
943 1710
943 1986
943 2155
944 1196
944 2094
944 2104
945 1006
945 1830
945 1919
946 1041
946 1603
946 1724
947 1537
947 1568
948 1021
948 1325
949 1537
949 1963
949 2104
950 1951
950 2137
951 1270
952 1343
952 2047
953 1010
953 1246
953 1880
954 1620
955 1483
955 1515
955 1776
955 2089
956 976
956 1439
956 1700
957 1603
957 1669
957 1872
958 1266
958 2098
959 1283
960 1792
960 1900
961 1189
961 2053
962 1363
962 1778
963 1259
963 1782
964 1569
964 1732
964 1843
965 1466
965 1469
965 2158
966 1276
967 1460
967 1750
968 1190
968 1193
968 1646
969 1633
970 1273
970 1434
970 1447
971 1532
971 1940
972 998
972 1093
972 1313
972 1449
972 1922
972 2040
973 1400
973 1876
974 1378
974 1440
975 1356
976 1323
976 1433
976 1612
976 1942
976 2076
977 1272
977 1383
977 1437
977 1481
977 1639
977 1927
978 1282
978 1576
980 1785
981 1223
981 1564
982 1547
982 1859
983 1158
983 1417
983 2138
984 2013
985 1167
985 1513
986 1947
987 1391
987 1934
988 1056
988 1097
989 1500
989 1653
989 1807
990 1193
990 1947
990 1955
991 1069
991 1760
991 2043
992 1091
993 1074
993 1555
994 1374
994 1466
994 1479
995 1256
995 1609
996 1592
996 1795
997 1388
997 1439
998 1152
998 1786
999 1116
999 1232
999 1530
999 1692
999 2048
999 2063
999 2115
1000 1047
1001 1563
1002 1184
1002 1679
1003 1683
1003 2029
1004 1523
1004 2038
1005 1397
1006 1878
1006 1958
1007 1017
1007 1528
1009 1281
1009 1601
1009 1839
1009 1972
1009 2092
1010 2114
1011 1311
1012 2037
1013 1468
1013 1556
1013 1961
1014 1793
1014 1912
1014 1944
1015 1223
1015 1474
1016 1323
1016 1941
1017 1424
1017 2008
1018 1044
1018 1569
1018 1642
1019 1734
1019 2066
1019 2083
1020 1402
1020 1953
1021 1574
1021 1882
1022 1671
1022 2140
1023 1124
1024 1630
1024 1802
1025 1470
1025 1551
1025 2090
1026 2104
1027 1135
1027 1174
1027 1459
1027 1495
1027 2100
1027 2105
1028 1516
1028 1794
1029 1463
1029 1651
1029 2106
1030 1540
1031 2047
1031 2091
1032 1090
1033 1225
1034 1716
1034 1786
1035 1836
1035 1908
1036 1151
1036 1354
1037 1506
1038 1352
1038 1753
1039 1732
1040 2083
1040 2110
1041 1240
1041 1883
1042 1679
1042 2081
1042 2123
1043 1397
1043 1724
1044 1427
1044 1861
1045 1857
1045 1998
1046 1167
1046 2010
1047 1117
1047 1870
1048 1150
1048 1799
1049 1275
1049 1372
1049 1507
1051 1363
1052 1415
1052 1448
1052 1472
1052 1840
1053 1618
1053 2071
1054 1967
1055 1201
1055 1681
1056 1580
1056 1707
1056 1814
1057 1283
1057 1390
1058 1337
1059 1212
1059 1273
1059 1829
1060 1695
1060 1871
1061 1181
1061 1827
1061 1876
1062 1561
1062 1840
1063 1361
1063 1803
1063 1815
1064 1216
1065 1113
1065 1514
1066 1320
1066 1418
1067 1641
1067 1910
1068 1267
1068 1760
1069 1215
1070 1274
1070 1539
1071 1485
1071 1521
1071 1770
1071 2096
1072 1732
1073 1732
1074 1911
1075 1981
1076 1832
1077 1177
1077 1826
1078 1355
1078 1558
1078 1744
1078 1853
1079 1174
1080 1299
1080 1631
1081 1130
1081 1141
1082 1159
1082 1198
1083 1325
1083 1443
1083 1683
1084 1373
1084 1901
1085 1113
1086 1871
1086 2059
1087 1303
1087 1897
1088 1403
1088 1679
1089 1716
1089 1836
1090 1545
1090 1860
1091 1221
1091 1237
1091 1377
1093 1945
1094 1358
1094 1527
1094 1782
1094 1960
1094 2118
1095 1148
1096 1320
1096 1967
1096 2006
1097 2129
1098 1318
1098 1743
1099 1228
1099 2104
1101 1450
1102 2147
1103 1175
1103 1756
1104 1648
1104 1842
1104 2042
1105 1388
1105 1439
1106 1337
1106 1605
1107 1138
1107 1875
1108 1410
1108 1871
1109 1842
1110 1734
1111 1876
1112 1973
1113 1287
1113 1438
1113 1489
1114 1239
1114 1724
1114 2038
1115 1235
1115 1289
1115 1498
1115 1694
1115 1821
1115 1957
1118 1301
1119 1538
1119 1847
1120 1166
1120 1258
1120 1302
1120 2009
1121 1364
1122 1675
1122 1720
1122 2036
1123 1686
1124 1529
1124 1999
1125 1455
1126 1128
1126 1461
1126 1789
1127 1156
1127 1422
1128 1729
1129 1233
1129 1683
1130 1447
1131 1908
1132 1713
1132 2075
1133 1484
1133 1659
1134 1637
1134 1833
1134 1964
1135 1201
1135 2108
1136 1205
1136 2023
1137 1363
1137 1963
1138 1368
1138 1698
1139 1709
1140 1478
1140 1572
1140 1784
1140 2158
1141 1314
1141 1726
1142 1200
1142 1327
1143 1342
1143 1451
1143 1581
1143 1899
1144 1671
1144 1738
1145 2107
1146 1200
1146 1524
1146 1730
1146 2122
1146 2132
1147 1998
1148 1213
1148 1384
1148 2154
1149 1308
1150 1238
1151 1951
1152 1517
1152 1850
1152 2044
1153 1845
1154 1162
1154 1383
1155 1328
1155 2094
1156 1350
1157 1523
1157 1724
1157 1837
1158 2127
1159 1526
1159 1863
1160 1772
1160 1845
1161 1918
1161 2042
1162 1888
1163 1337
1163 1967
1164 1705
1164 1790
1165 1201
1166 1430
1166 1537
1167 1288
1167 1460
1167 2031
1169 1239
1169 1778
1170 1219
1171 1595
1171 1827
1172 1736
1172 1939
1172 2014
1173 1317
1173 1767
1173 1951
1174 1511
1175 1226
1177 1721
1177 1832
1178 1290
1178 1557
1178 1933
1179 1802
1180 1661
1180 2094
1181 1536
1181 1593
1181 1805
1181 1923
1181 2106
1183 1506
1184 2088
1185 1233
1186 1303
1186 1493
1187 1875
1188 1282
1189 1206
1189 1531
1189 1816
1190 1240
1190 1245
1190 1549
1190 2034
1191 1380
1191 1483
1191 1501
1191 1899
1191 2055
1191 2079
1192 1195
1192 1664
1193 1322
1193 1393
1194 1262
1194 1616
1195 1448
1195 1962
1195 2149
1196 1509
1198 1746
1198 2011
1199 1597
1201 1723
1202 1245
1202 1248
1202 1306
1202 1340
1202 1477
1202 1520
1202 2151
1203 1292
1203 1762
1203 2011
1203 2049
1203 2082
1204 1473
1204 1689
1204 2007
1205 1438
1205 1854
1206 1445
1206 1555
1207 1471
1207 1824
1208 1663
1208 1931
1208 1970
1209 1486
1210 1595
1210 1792
1211 1445
1212 1338
1213 1872
1214 1752
1216 1456
1216 1589
1216 2143
1217 1620
1218 1464
1219 1280
1219 1594
1219 1821
1219 2011
1219 2069
1220 1410
1220 1790
1221 1337
1223 1638
1223 1866
1224 1773
1225 1312
1225 1344
1225 1662
1226 1702
1226 1710
1226 2079
1227 1648
1228 1682
1228 1894
1228 2095
1229 1640
1229 1845
1230 1366
1230 1543
1230 1834
1230 2139
1231 1271
1231 1544
1231 1663
1233 1587
1233 1823
1233 1841
1234 1582
1235 2059
1236 1993
1236 2099
1237 1729
1237 1973
1238 1664
1238 1924
1240 1752
1241 1412
1241 1679
1242 1722
1242 2086
1242 2110
1243 1431
1247 1444
1248 1603
1249 1437
1249 1575
1249 1623
1249 1814
1249 1890
1250 1820
1250 1937
1250 1981
1251 2108
1252 1568
1252 1963
1253 1848
1255 1470
1255 1936
1256 1812
1256 1853
1256 1980
1257 1546
1258 1568
1261 1918
1262 1558
1263 1675
1263 1830
1264 1717
1264 2028
1265 1276
1265 1725
1266 1268
1266 1571
1266 1577
1266 1763
1266 1834
1267 1535
1267 1660
1268 1685
1269 1357
1269 1479
1269 1910
1270 1595
1271 2133
1273 1620
1274 1962
1275 1351
1276 1472
1276 1619
1276 1673
1277 1401
1277 1969
1277 2137
1278 1446
1278 1879
1278 1928
1279 1429
1279 1768
1279 2088
1280 1738
1281 1753
1281 1951
1282 1624
1282 1849
1282 1931
1283 1838
1284 2091
1285 2030
1286 1343
1286 2024
1287 1467
1287 1924
1288 1455
1289 1506
1290 1830
1291 1307
1291 1480
1291 1786
1292 1725
1293 1363
1293 1533
1293 1802
1294 2052
1294 2141
1295 1335
1296 1407
1296 1621
1297 1328
1297 1605
1298 1661
1298 1988
1299 1889
1300 1603
1300 2133
1300 2157
1302 1484
1303 1515
1303 1649
1304 1476
1304 1767
1307 1765
1307 1968
1308 1844
1308 1893
1308 2018
1309 1590
1311 1703
1311 1925
1313 2065
1314 2008
1315 1565
1315 1888
1317 2022
1318 1626
1318 2033
1319 1820
1319 1981
1321 1749
1321 1926
1324 1325
1324 1661
1325 2060
1326 1372
1326 1577
1326 1629
1326 1835
1326 2058
1327 1897
1327 1979
1328 1357
1328 1377
1328 1461
1329 1343
1329 1685
1329 1733
1330 1661
1330 1897
1331 1497
1331 2068
1332 1979
1333 1445
1333 1993
1334 1716
1334 1734
1334 2140
1336 1633
1336 1790
1337 1479
1337 1789
1338 1567
1338 2147
1339 1418
1339 1734
1341 1830
1341 2036
1343 1543
1343 1653
1343 1904
1344 2075
1345 1618
1346 1474
1346 1713
1347 1722
1347 2038
1347 2062
1348 1370
1348 1414
1348 1744
1349 1782
1349 2044
1350 1542
1350 1919
1351 2097
1352 1667
1352 1680
1352 1770
1353 1857
1353 1924
1355 1484
1355 1616
1356 1946
1356 2152
1356 2154
1358 1465
1359 1365
1359 1836
1360 1590
1360 1734
1362 1705
1363 2141
1364 1481
1364 1657
1365 1877
1366 1733
1367 1775
1368 1642
1369 2016
1369 2062
1369 2067
1370 2007
1371 1423
1371 1757
1372 1455
1376 1689
1378 1881
1379 1716
1379 1757
1381 1675
1382 1615
1382 1719
1382 1858
1385 1411
1385 1822
1386 1622
1387 2016
1388 1965
1389 1887
1390 1818
1390 2068
1391 1543
1391 1600
1392 1722
1392 2029
1393 1609
1393 2042
1394 1609
1394 1640
1395 2091
1396 1778
1396 2094
1399 2028
1399 2096
1400 1651
1400 1748
1400 2045
1401 1687
1401 2031
1401 2046
1403 1429
1404 1648
1404 1906
1405 1689
1405 2114
1406 1492
1406 1631
1406 1750
1406 1964
1406 2035
1406 2109
1407 1530
1407 1654
1407 1990
1408 1635
1408 1903
1409 1426
1409 1785
1410 1498
1410 1774
1410 1797
1410 1994
1411 1750
1411 1948
1412 1596
1412 1759
1412 1869
1412 1898
1412 1904
1412 2002
1413 1420
1413 2001
1413 2005
1414 1421
1418 1986
1419 1656
1419 1974
1419 2067
1421 1562
1421 1812
1421 1991
1422 1628
1423 1545
1423 1672
1423 1956
1423 2121
1424 1425
1424 1510
1424 1999
1425 1473
1426 1496
1426 1498
1426 1516
1426 1612
1427 1732
1428 2004
1428 2064
1430 1629
1430 2001
1431 1636
1431 1986
1432 2042
1435 1760
1435 1924
1435 2091
1436 1761
1438 1684
1439 1907
1441 1742
1441 2078
1442 1460
1442 1531
1442 1982
1443 1823
1444 1707
1444 1808
1444 2153
1445 1587
1445 1694
1447 1981
1448 1773
1449 1675
1449 2075
1450 1559
1450 1632
1451 1513
1452 1506
1452 1743
1452 2098
1453 1465
1454 1642
1454 1843
1455 1818
1455 2119
1457 1903
1457 1971
1457 2108
1458 1548
1459 2107
1462 1629
1462 2139
1463 1738
1464 1581
1464 2031
1465 1528
1465 1529
1465 1707
1466 1973
1467 1550
1467 1589
1468 1701
1468 1979
1469 1868
1470 1564
1471 1645
1471 1892
1472 1916
1473 1550
1473 1631
1474 1662
1475 1842
1475 1947
1476 1815
1477 1900
1480 1634
1480 1737
1480 2131
1480 2146
1482 1553
1485 1676
1487 1670
1487 1699
1488 1745
1488 1956
1490 1947
1490 1984
1490 2064
1491 1713
1493 1730
1493 2089
1494 1688
1494 2056
1495 1845
1496 1734
1497 1896
1499 1972
1502 2042
1502 2064
1503 1930
1504 1775
1504 1817
1506 1784
1508 1916
1509 1568
1511 1854
1512 1725
1512 1843
1513 1687
1514 1840
1514 2050
1517 1934
1518 1758
1518 1802
1518 2098
1519 1895
1519 2061
1520 1819
1522 1761
1522 2081
1524 1701
1525 1658
1525 2123
1526 1695
1526 1790
1528 2081
1531 1610
1532 1870
1533 1702
1533 1759
1534 1563
1534 1595
1535 1701
1536 1827
1536 1940
1537 1944
1537 2116
1538 2043
1539 1644
1540 1708
1540 1976
1540 1997
1541 2101
1542 1892
1542 2128
1544 1576
1545 1773
1546 1826
1546 1872
1548 2026
1551 2108
1552 2058
1553 1611
1553 2014
1554 1684
1554 1971
1555 1740
1555 1989
1558 1597
1560 1696
1560 1704
1562 1640
1563 2014
1563 2143
1564 1954
1565 1653
1565 1927
1565 1972
1565 2002
1567 2081
1568 1570
1568 1682
1569 1860
1571 1781
1572 2086
1574 2066
1575 1837
1575 2062
1578 2043
1579 1618
1580 1643
1580 1686
1584 1585
1584 2130
1585 1839
1586 2032
1586 2103
1588 1675
1588 2021
1589 1799
1590 1626
1590 1784
1590 1828
1592 1756
1592 1811
1593 1951
1594 1906
1595 1604
1596 1700
1597 1944
1598 1906
1599 1634
1600 1822
1600 2053
1601 2061
1602 1896
1603 2154
1605 2027
1606 1612
1607 1781
1608 1681
1609 1744
1609 1912
1609 1987
1610 1751
1613 1851
1613 1897
1613 2157
1614 1621
1614 2054
1615 1675
1616 2116
1617 1692
1617 1958
1618 2093
1619 1633
1619 2065
1620 1655
1620 1694
1621 1855
1621 1959
1621 2020
1623 2110
1625 1731
1630 1901
1632 2023
1634 2000
1635 2090
1635 2100
1637 1862
1639 1722
1639 1895
1640 1793
1641 1868
1641 1974
1642 1920
1642 2087
1643 1645
1643 1825
1644 2080
1646 2056
1646 2070
1650 2030
1652 1791
1652 1957
1652 2082
1652 2084
1654 1779
1656 1910
1657 2072
1658 2051
1659 1813
1661 1823
1665 1724
1665 1966
1667 2137
1668 2133
1671 1709
1671 1774
1671 1978
1672 1836
1674 1781
1674 2111
1677 2037
1678 1870
1678 1879
1678 2015
1678 2136
1680 1732
1681 1718
1681 1909
1682 1827
1683 1711
1683 2025
1683 2145
1686 1768
1689 2121
1690 1731
1690 2040
1691 2007
1691 2037
1691 2061
1693 2015
1693 2144
1695 1957
1695 2069
1696 1775
1696 2120
1697 1753
1698 1837
1701 1844
1701 1855
1701 2063
1703 1820
1704 1731
1705 1809
1705 1977
1705 2089
1708 1971
1708 2071
1712 1915
1715 1778
1716 1794
1717 1921
1719 2047
1719 2148
1720 1780
1720 1933
1724 2151
1725 1985
1725 2103
1725 2124
1727 1734
1728 1729
1734 2117
1735 1746
1735 1863
1736 1895
1737 2053
1738 1777
1738 1995
1739 1757
1739 1908
1741 1872
1742 1868
1743 2102
1743 2150
1747 2004
1747 2066
1748 1940
1749 2003
1751 1822
1751 2030
1753 1852
1753 2074
1755 1806
1756 2123
1758 1929
1760 1858
1760 1997
1761 1869
1761 1909
1762 1906
1764 1836
1765 1945
1765 2065
1766 1888
1766 2007
1769 1790
1769 2156
1770 1921
1772 1912
1773 1917
1774 1900
1777 1864
1779 1954
1779 2125
1781 1927
1781 2077
1783 1872
1785 1942
1786 2142
1787 2008
1787 2010
1788 1864
1790 2041
1790 2055
1793 1955
1795 2093
1796 1924
1796 2110
1798 1826
1798 1945
1800 1902
1803 2062
1803 2157
1808 1949
1809 1871
1813 2104
1814 2029
1815 1851
1816 1993
1819 1978
1819 1994
1820 1855
1820 2048
1821 2156
1822 1907
1822 1941
1827 2126
1828 2043
1830 1831
1831 2114
1833 1889
1834 2148
1849 2133
1852 1969
1853 1955
1856 1857
1856 2110
1862 1960
1864 2045
1872 2073
1872 2113
1874 2111
1876 1995
1877 2114
1878 2021
1882 2004
1886 2037
1887 1968
1887 2040
1888 2092
1890 1895
1890 2111
1891 1955
1891 2042
1893 1979
1893 2054
1895 1929
1895 2019
1897 1977
1897 2025
1902 2095
1907 2114
1908 2117
1909 1998
1914 2127
1915 1994
1915 2135
1916 1935
1916 1946
1916 2113
1918 2118
1919 1933
1925 1981
1926 2085
1930 2104
1937 2159
1940 2012
1943 1984
1943 2042
1947 1987
1956 2114
1961 2054
1970 2157
1971 2090
1976 2083
1978 2059
1981 2003
1981 2009
1984 2027
1985 2123
1988 2122
1988 2145
1990 2130
1993 2105
1996 2065
2009 2104
2010 2035
2016 2078
2017 2123
2019 2091
2023 2155
2025 2094
2030 2046
2030 2109
2032 2123
2033 2098
2037 2057
2037 2120
2041 2059
2044 2053
2048 2054
2050 2080
2051 2071
2052 2098
2072 2153
2075 2128
2080 2149
2084 2156
2085 2157
2098 2143
2104 2126
2120 2130
