1656 3312
0 573
0 878
0 1346
1 289
1 389
1 813
2 582
2 890
2 929
2 966
3 49
3 119
3 1475
4 324
4 511
4 544
4 1530
5 650
5 787
5 883
5 1228
5 1511
5 1549
6 561
6 789
6 1367
7 283
7 649
7 779
7 1036
7 1062
7 1521
8 150
8 403
8 513
8 786
8 796
8 811
8 964
8 1056
9 263
9 1091
9 1147
10 276
10 489
10 587
11 109
11 140
11 269
11 417
11 479
11 908
11 1208
11 1460
12 19
12 1375
12 1585
13 210
13 1384
13 1585
14 55
14 1120
14 1556
15 374
15 983
15 1419
16 34
16 206
16 1297
17 330
17 502
17 601
17 722
17 800
17 869
17 1032
17 1489
18 33
18 774
18 1103
19 65
19 186
19 656
20 26
20 150
20 921
20 965
20 1117
20 1382
20 1513
20 1517
21 380
21 807
21 1188
22 526
22 573
22 627
23 340
23 1054
23 1312
24 32
24 828
24 1124
25 444
25 1259
25 1313
26 229
26 437
27 952
27 1352
27 1372
28 749
28 1199
28 1503
29 178
29 258
29 494
29 829
30 1064
30 1249
30 1433
31 403
31 425
31 915
31 950
31 979
31 1031
31 1369
31 1590
32 419
32 608
32 1191
32 1550
32 1594
33 89
33 611
33 910
33 1087
33 1117
33 1294
33 1369
34 74
34 171
34 552
34 785
34 1237
35 260
35 316
35 1448
36 476
36 532
36 1588
37 453
37 1605
37 1618
38 657
38 1147
38 1588
39 257
39 813
39 1111
40 152
40 377
40 880
40 882
40 1033
40 1473
41 589
41 646
41 1045
42 657
42 696
42 977
43 200
43 242
43 421
43 651
43 669
43 720
43 1155
43 1315
44 182
44 415
44 493
44 851
44 1420
44 1622
45 224
45 598
45 928
45 942
45 1242
45 1550
46 108
46 584
46 772
47 805
47 962
47 1645
48 103
48 155
48 198
48 407
48 607
48 872
48 873
48 1478
49 259
49 270
49 768
49 816
49 1227
49 1262
49 1527
50 163
50 336
50 1618
51 1091
51 1169
51 1533
52 159
52 221
52 1495
52 1594
53 219
53 239
53 1588
54 104
54 912
54 930
55 309
55 534
55 867
55 888
55 948
55 1208
55 1512
56 1011
56 1139
56 1323
56 1550
57 234
57 532
57 977
58 276
58 548
58 732
59 151
59 563
59 1421
60 454
60 1226
60 1582
61 275
61 469
61 653
61 759
61 1019
61 1026
61 1201
61 1524
62 86
62 215
62 258
62 1333
63 289
63 432
63 1113
64 455
64 802
64 1150
64 1154
64 1522
64 1619
65 906
65 1510
66 717
66 854
66 982
66 1247
67 151
67 620
67 1640
68 79
68 992
68 1293
69 312
69 393
69 760
69 874
70 955
70 1419
70 1624
71 101
71 1034
71 1650
72 631
72 675
72 1313
73 302
73 1015
73 1183
74 536
74 1405
75 163
75 1048
75 1091
76 448
76 609
76 671
77 239
77 555
77 1453
78 1241
78 1461
78 1505
79 184
79 583
79 842
79 1356
79 1557
79 1626
79 1627
80 119
80 1648
80 1650
81 327
81 742
81 1238
82 696
82 815
82 1250
83 163
83 705
83 1140
84 344
84 1346
84 1449
85 117
85 153
85 350
85 456
85 698
85 1130
86 451
86 1480
87 377
87 513
87 798
87 1294
88 246
88 257
88 339
89 832
89 970
90 219
90 977
90 1289
91 148
91 1013
91 1105
92 425
92 905
92 911
92 937
92 965
92 1122
92 1636
92 1654
93 584
93 1232
93 1346
94 352
94 568
94 649
94 1012
94 1206
94 1223
94 1263
94 1295
95 355
95 1015
95 1232
96 1097
96 1116
96 1293
97 436
97 962
97 1054
98 298
98 321
98 792
98 1360
99 339
99 1386
99 1556
100 193
100 274
100 424
100 652
100 677
100 769
100 897
100 1391
101 145
101 482
101 516
101 607
101 1104
101 1477
101 1596
102 234
102 1083
102 1272
103 123
103 536
104 1085
104 1221
104 1347
105 202
105 328
105 1042
106 170
106 247
106 1089
107 127
107 522
107 858
107 1121
107 1468
107 1497
108 269
108 320
108 684
108 927
108 1246
109 1209
109 1640
110 620
110 1260
110 1378
111 213
111 351
111 631
112 162
112 471
112 548
113 398
113 1297
113 1312
114 527
114 627
114 1188
115 315
115 438
115 524
115 779
115 892
115 1052
115 1204
115 1539
116 210
116 1266
116 1645
117 374
117 1403
118 235
118 658
118 887
119 121
119 190
119 1075
119 1298
119 1464
119 1477
120 405
120 733
120 850
120 1085
121 362
121 1234
122 160
122 400
122 1577
122 1578
122 1600
122 1651
123 191
123 415
123 884
123 1161
123 1490
124 319
124 563
124 1260
125 509
125 840
125 1401
125 1575
126 137
126 876
126 1483
127 1362
127 1510
128 210
128 436
128 1178
129 234
129 410
129 1330
130 149
130 230
130 606
130 1247
130 1284
130 1553
131 451
131 753
131 1316
132 752
132 1385
132 1434
133 169
133 544
133 724
133 1280
134 894
134 983
134 1405
135 830
135 849
135 1266
136 772
136 801
136 960
137 218
137 580
137 678
137 1478
137 1584
138 805
138 1152
138 1644
139 527
139 627
139 1331
140 952
140 1641
141 762
141 806
141 846
141 1006
142 1093
142 1372
142 1640
143 256
143 667
143 1232
144 341
144 399
144 833
144 919
145 700
145 1067
146 185
146 304
146 365
146 571
146 598
146 607
146 961
146 1207
147 1264
147 1335
147 1413
148 251
148 868
148 975
148 979
148 1388
148 1517
148 1562
149 316
149 815
150 1567
151 342
151 617
151 1065
151 1136
151 1195
151 1360
152 432
152 1424
153 555
153 628
154 194
154 1143
154 1335
155 447
155 1579
156 179
156 413
156 1318
156 1415
157 251
157 272
157 1071
157 1351
158 256
158 302
158 1346
159 313
159 828
160 1174
160 1544
161 449
161 696
161 1288
162 727
162 886
162 994
162 1137
162 1252
162 1276
162 1528
163 903
163 1216
163 1269
163 1307
163 1349
164 1249
164 1506
164 1542
165 332
165 335
165 879
166 1259
166 1273
166 1435
167 794
167 814
167 1232
168 772
168 1273
168 1403
169 631
169 1088
170 693
170 984
170 1269
171 447
171 1611
172 457
172 834
172 1272
173 308
173 328
173 344
174 262
174 1058
174 1071
174 1095
174 1229
174 1328
174 1329
174 1388
175 432
175 596
175 1097
176 238
176 286
176 359
176 1051
177 302
177 440
177 814
178 1189
178 1316
179 604
179 1610
180 837
180 950
180 991
180 1214
180 1382
180 1522
181 920
181 972
181 1395
182 339
182 930
183 732
183 1118
183 1503
184 449
184 483
185 688
185 878
186 754
186 1166
187 209
187 317
187 499
187 721
187 932
187 948
187 1246
187 1593
188 1042
188 1088
188 1398
189 814
189 862
189 870
190 339
190 1004
191 972
191 1386
192 488
192 651
192 939
192 1007
193 410
193 1004
194 388
194 1261
194 1452
194 1563
194 1609
195 355
195 661
195 1020
196 369
196 412
196 497
196 1056
196 1087
196 1364
197 380
197 453
197 1140
198 211
198 257
199 813
199 887
199 1555
200 380
200 1098
201 688
201 1385
201 1496
202 315
202 544
202 568
202 949
202 1040
202 1084
202 1538
203 266
203 534
203 615
203 1194
204 391
204 478
204 597
204 1518
205 491
205 556
205 654
205 719
205 1037
205 1279
205 1408
205 1415
206 264
206 268
206 331
206 809
206 888
206 1167
206 1196
207 210
207 1034
207 1475
208 246
208 521
208 723
209 1024
209 1055
210 401
210 1075
210 1198
210 1327
211 338
211 518
211 719
211 1467
211 1636
212 372
212 505
212 855
212 881
212 1011
212 1197
212 1489
212 1495
213 388
213 511
213 641
213 1001
213 1129
213 1132
213 1190
214 468
214 1231
214 1540
215 376
215 1189
216 330
216 487
217 574
217 990
217 1061
217 1341
217 1359
217 1457
217 1472
217 1568
218 344
218 1644
219 415
219 889
219 924
219 1019
219 1324
219 1589
220 1034
220 1322
220 1506
221 671
221 960
222 794
222 799
222 1103
223 695
223 923
223 1400
224 1029
224 1374
225 620
225 640
225 952
226 282
226 384
226 469
226 625
226 1030
226 1329
226 1499
226 1594
227 432
227 738
227 1397
228 451
228 794
228 844
229 518
229 543
229 594
229 866
229 1031
229 1239
229 1597
230 380
230 1089
231 1111
231 1402
231 1555
232 385
232 534
232 614
232 803
232 1006
232 1096
233 737
233 1025
233 1134
233 1229
233 1570
233 1623
234 1416
234 1563
234 1615
235 388
235 539
235 791
235 1318
235 1418
236 628
236 773
236 1605
237 527
237 1158
237 1272
238 920
238 983
239 783
239 1265
239 1280
239 1310
240 245
240 1105
240 1544
241 912
241 963
241 1556
242 1000
242 1618
243 538
243 760
243 763
243 917
243 1061
243 1062
243 1191
243 1465
244 519
244 661
244 1183
245 373
245 757
245 1317
246 559
246 845
246 1233
246 1339
246 1451
246 1584
247 475
247 564
247 664
247 843
247 1363
247 1365
247 1615
248 439
248 609
248 646
249 373
249 612
249 919
249 1245
250 299
250 531
250 580
250 699
250 1340
250 1439
250 1498
250 1541
251 1583
252 573
252 794
252 1158
253 760
253 1138
253 1245
253 1345
254 328
254 472
254 753
255 581
255 1057
255 1059
255 1370
256 443
256 530
256 572
256 618
256 761
256 927
257 665
257 946
257 1541
258 1145
259 1178
259 1645
260 639
260 940
260 973
260 1073
260 1121
261 610
261 766
261 924
261 1126
261 1314
261 1560
262 801
262 1504
263 523
263 1536
263 1615
264 398
264 844
265 301
265 532
265 1143
266 1055
266 1449
267 716
267 799
267 1510
268 782
268 1054
269 1378
270 1166
270 1384
271 334
271 375
271 633
271 933
271 1457
271 1581
272 555
272 1125
273 367
273 1072
273 1461
274 1158
274 1398
275 276
275 551
276 431
276 744
276 1210
276 1299
276 1576
277 714
277 986
277 1583
278 536
278 748
278 1458
279 974
279 1144
279 1219
280 306
280 440
280 1158
281 457
281 746
281 1398
282 675
282 1650
283 822
283 832
284 529
284 681
284 812
284 961
284 1319
284 1569
285 1116
285 1362
285 1523
286 987
286 1116
287 603
287 632
287 1652
288 746
288 981
288 1650
289 413
289 464
289 694
289 715
289 1002
289 1467
290 602
290 643
290 1100
290 1578
290 1586
290 1633
291 360
291 1289
291 1453
292 356
292 367
292 483
293 648
293 1226
293 1297
294 357
294 666
294 1591
295 729
295 1199
295 1362
296 1267
296 1366
296 1652
297 376
297 472
297 1200
298 536
298 585
299 332
299 660
300 382
300 1096
300 1399
300 1430
301 565
301 1261
301 1525
302 318
302 481
302 959
302 1149
302 1623
303 627
303 1099
303 1406
304 752
304 1225
305 1060
305 1333
305 1432
305 1537
305 1575
305 1638
306 323
306 681
306 736
306 860
306 976
306 1106
306 1274
307 831
307 1024
307 1114
308 1192
308 1438
308 1537
309 930
309 1635
310 1170
310 1312
310 1629
311 756
311 1003
311 1287
311 1630
312 507
312 993
313 495
313 917
313 928
313 1323
313 1499
314 1010
314 1120
314 1152
315 1111
316 517
316 726
316 961
316 1079
316 1257
316 1326
317 1209
317 1378
318 584
318 667
319 991
319 1005
319 1136
320 1151
320 1353
321 1077
321 1260
322 348
322 738
322 1402
323 1076
323 1110
324 1088
324 1253
325 557
325 602
325 615
325 745
325 826
325 827
325 1027
325 1427
326 379
326 593
326 1015
327 377
327 442
327 1036
328 509
328 621
328 677
328 907
328 1368
329 1145
329 1373
329 1456
330 632
331 823
331 1170
332 1058
332 1230
332 1339
332 1580
333 450
333 1110
333 1510
334 971
334 1144
335 576
335 579
335 1478
336 622
336 676
336 734
336 838
336 1203
336 1497
336 1543
337 668
337 1184
337 1389
338 1404
338 1555
339 699
339 896
339 968
339 1177
340 771
340 904
340 1006
340 1196
340 1399
341 789
341 1105
342 748
342 1077
343 862
343 1054
343 1645
344 614
344 624
344 682
344 686
344 840
345 361
345 657
345 1588
346 899
346 1184
346 1546
347 695
347 793
347 1034
348 458
348 1159
348 1217
348 1227
348 1327
348 1417
348 1628
349 484
349 1148
349 1652
350 1435
350 1463
351 875
351 891
351 1025
351 1030
351 1530
352 970
352 1353
353 361
353 1250
353 1288
354 700
354 831
354 1648
355 481
355 857
355 1278
355 1482
356 558
356 626
356 893
356 1082
356 1221
356 1482
356 1595
357 562
357 1553
357 1632
358 571
358 1068
358 1107
358 1337
359 1424
359 1479
360 698
360 787
360 903
360 1164
360 1179
360 1265
360 1351
361 508
361 633
361 1218
361 1311
361 1341
361 1534
362 424
362 1177
362 1551
363 709
363 1358
363 1410
363 1535
363 1561
363 1569
364 383
364 537
364 813
365 1404
365 1648
366 527
366 632
366 1222
367 871
367 1271
368 1144
368 1225
368 1493
369 471
369 935
370 1157
370 1165
370 1493
371 1199
371 1322
371 1366
372 725
372 894
373 804
374 474
374 504
374 1022
374 1228
375 1157
375 1219
376 637
376 1215
378 439
378 663
378 1277
379 418
379 446
379 528
379 645
379 777
379 1016
379 1043
380 422
380 958
380 1154
380 1349
381 723
381 1034
381 1648
382 489
382 1406
383 442
383 763
383 892
383 997
383 1206
384 1434
384 1583
385 876
385 1346
386 437
386 663
386 1045
387 740
387 1064
387 1320
389 452
389 654
389 791
390 706
390 821
390 835
390 897
390 1131
390 1258
391 700
391 1645
392 688
392 902
392 1448
393 818
393 1400
394 669
394 825
394 1261
394 1637
395 489
395 1383
395 1503
396 695
396 943
396 1542
397 427
397 1320
397 1500
398 466
398 741
398 1141
398 1617
399 820
399 1544
400 468
400 1481
401 789
401 993
402 818
402 1170
402 1249
403 1496
404 448
404 692
404 732
405 718
405 1288
406 899
406 1140
406 1389
407 765
407 1648
408 429
408 848
408 896
408 1242
409 507
409 818
409 999
410 595
410 672
410 759
410 847
410 1082
410 1551
411 930
411 1234
411 1386
412 440
412 799
413 1402
414 506
414 587
414 782
416 468
416 1264
416 1448
417 1113
417 1422
418 971
418 1064
419 725
419 1053
420 520
420 823
420 1313
421 705
421 807
422 1074
422 1566
423 609
423 1045
423 1433
424 1083
425 437
426 1157
426 1225
426 1282
427 549
427 1409
427 1581
428 523
428 780
428 938
428 1269
429 1029
429 1053
430 595
430 625
430 954
430 1210
430 1291
430 1309
430 1426
430 1589
431 774
431 1118
432 490
432 491
432 578
432 602
433 738
433 813
433 1384
434 510
434 1373
434 1493
435 805
435 1377
435 1604
436 470
436 775
436 1518
436 1527
437 890
438 978
438 1353
439 866
439 890
439 911
439 1592
440 996
440 1060
440 1300
440 1428
440 1429
441 801
441 1241
441 1540
442 832
443 772
443 1209
444 492
444 664
444 701
444 788
444 900
444 1084
444 1132
445 588
445 825
445 1063
445 1311
445 1315
445 1649
446 483
446 1655
447 792
447 1161
447 1572
447 1617
448 497
448 505
448 1086
448 1442
449 916
449 1218
449 1528
449 1581
450 515
450 764
450 1407
451 996
451 1401
451 1438
452 480
452 604
453 697
453 780
453 853
453 984
453 1179
453 1543
454 494
454 1215
454 1522
455 648
455 844
456 1047
456 1624
457 677
457 1106
457 1308
457 1429
458 1108
458 1110
459 834
459 1158
459 1330
460 727
460 842
460 1081
460 1300
460 1304
460 1364
461 834
461 1188
461 1222
462 666
462 1362
462 1479
463 730
463 1183
463 1281
464 620
464 1463
465 567
465 998
465 1135
465 1211
466 536
466 1611
467 604
467 887
467 1502
468 578
468 1041
468 1427
469 590
470 700
470 1182
471 583
471 1086
472 494
472 985
472 1276
472 1626
473 1064
473 1219
473 1373
474 898
474 1502
475 1029
475 1212
476 672
476 1365
476 1536
476 1609
476 1642
477 814
477 1168
477 1470
478 1114
478 1325
479 711
479 1174
480 735
480 1256
480 1318
481 1655
482 1533
482 1591
483 707
483 994
483 1290
483 1302
483 1534
484 800
484 909
484 1602
485 1260
485 1352
485 1640
486 1162
486 1254
486 1517
486 1590
487 1331
487 1652
488 1039
488 1448
489 846
490 742
490 987
491 711
492 804
492 1644
493 1234
493 1556
495 537
495 716
496 658
496 898
496 1624
497 1156
498 516
498 751
498 969
498 982
498 1123
498 1632
499 1151
499 1641
500 657
500 977
500 1533
501 673
501 728
501 729
502 603
502 1331
503 510
503 752
503 1076
504 658
504 749
505 589
506 904
506 1442
506 1514
507 601
507 778
507 827
507 1142
507 1548
507 1612
508 593
508 1556
509 876
510 528
510 1329
510 1337
510 1414
511 675
512 955
512 1293
512 1579
513 738
514 818
514 877
514 943
515 1166
515 1375
516 1147
517 765
517 878
518 713
519 901
519 934
519 1080
519 1128
519 1135
519 1417
519 1482
520 756
520 866
520 889
520 937
520 1051
520 1129
520 1314
521 597
521 1296
521 1340
521 1361
521 1394
522 1009
522 1605
523 1533
524 695
524 971
525 1241
525 1481
525 1547
526 819
526 842
526 886
526 976
526 1160
527 720
527 1308
528 1282
529 1175
529 1634
530 585
530 1479
531 1440
531 1504
532 539
532 641
532 1637
533 906
533 1174
533 1175
535 573
535 906
535 1076
536 784
537 608
537 874
537 1138
537 1359
537 1521
537 1639
538 999
538 1470
539 1313
540 912
540 1288
540 1320
541 650
541 694
541 735
541 1023
541 1037
541 1130
542 1000
542 1039
542 1202
543 589
543 1412
545 870
545 962
545 1286
546 713
546 955
546 1405
547 1142
547 1359
547 1423
547 1465
548 1557
548 1621
549 718
549 1064
550 1093
550 1222
550 1406
551 766
551 1022
551 1224
551 1291
551 1376
551 1420
551 1554
552 844
552 1456
553 748
553 1260
553 1456
554 1504
554 1547
554 1583
555 697
555 1050
555 1172
555 1216
555 1549
556 1352
556 1463
557 695
557 1249
558 941
558 1083
559 1234
559 1555
560 765
560 823
560 1053
561 1035
561 1080
561 1133
561 1159
561 1255
562 1389
562 1566
563 747
563 1150
564 1178
564 1367
565 1264
565 1618
566 723
566 746
566 1024
567 1098
567 1433
568 887
569 642
569 732
569 1481
570 663
570 1098
570 1127
571 1165
572 713
572 1281
573 980
573 1235
573 1319
573 1429
574 862
574 1286
575 804
575 962
575 1244
576 1504
576 1634
577 642
577 774
577 1540
578 1542
579 1404
579 1519
580 1392
581 1054
581 1644
582 807
582 1127
583 1118
584 1038
584 1180
584 1507
584 1515
584 1526
585 586
585 1180
585 1420
585 1572
586 1386
586 1419
587 619
587 771
588 977
588 1147
589 882
589 951
589 1122
589 1491
589 1592
590 664
590 685
590 781
590 954
590 1242
591 865
591 960
591 1183
592 716
592 1112
592 1436
593 616
593 871
593 893
593 1520
593 1528
593 1627
594 894
594 1607
595 1631
596 786
596 1173
596 1251
596 1294
596 1628
597 830
598 823
599 728
599 793
599 1366
600 675
600 986
600 1646
601 1010
604 641
604 817
604 1452
605 902
605 1375
605 1565
606 688
606 1288
608 1125
609 810
609 881
609 1033
609 1239
609 1654
610 1405
610 1419
611 978
611 1357
612 1286
612 1470
613 772
613 1047
613 1396
614 667
615 1629
616 696
616 930
617 1352
617 1378
618 865
618 894
619 1115
619 1503
620 649
620 670
620 892
620 1037
621 1088
621 1176
622 628
622 1354
623 1077
623 1189
623 1373
624 1483
624 1519
625 1029
626 963
626 1547
627 1155
627 1193
627 1274
627 1447
628 787
628 843
628 1133
628 1348
628 1603
629 655
629 879
629 1504
630 801
630 1072
630 1481
631 1040
632 1193
633 870
634 884
634 922
634 1066
634 1119
634 1137
634 1425
634 1568
634 1626
635 668
635 773
635 1591
636 718
636 740
636 1500
637 1145
637 1316
638 960
638 1371
638 1547
639 729
639 1148
640 841
640 1268
640 1494
642 1049
642 1071
642 1171
642 1338
642 1513
642 1590
643 1013
643 1448
644 1090
644 1231
644 1461
645 1219
645 1500
646 852
646 1211
646 1343
646 1599
647 795
647 1266
647 1367
648 863
648 1136
650 1435
651 1413
652 723
652 981
653 828
653 1029
654 1402
655 678
655 872
655 1230
656 1110
656 1641
657 669
657 687
658 817
659 1105
659 1523
659 1605
660 709
660 1451
660 1614
661 847
661 859
661 871
661 1046
661 1302
661 1347
662 971
662 974
662 1157
663 1441
665 887
665 1402
666 838
666 947
666 982
666 1531
667 736
667 1146
667 1186
667 1319
667 1446
668 751
668 945
670 1151
670 1372
671 680
671 722
671 989
671 1028
671 1139
671 1491
672 1272
673 931
673 1021
673 1065
673 1163
673 1468
673 1487
673 1531
674 753
674 992
674 1398
675 731
675 1134
676 1009
676 1565
678 1404
679 972
679 1289
679 1588
680 713
680 725
681 1346
682 1377
682 1616
683 827
683 901
683 966
683 1102
683 1441
683 1488
684 952
684 956
685 1053
685 1374
686 1010
686 1492
687 1143
687 1188
688 739
688 812
688 973
688 1220
689 776
689 1093
689 1174
690 883
690 1078
690 1130
690 1301
690 1516
690 1560
691 704
691 902
691 1148
692 771
692 790
692 1462
693 795
693 1074
694 1352
695 1142
695 1295
695 1464
696 707
696 743
696 1457
696 1649
697 1480
698 1367
699 1555
701 772
701 1088
702 782
702 805
702 1312
703 852
703 995
703 1128
703 1285
704 1021
704 1073
704 1545
705 802
705 853
705 1284
705 1292
705 1303
705 1444
706 1015
706 1176
707 1556
708 1072
708 1475
708 1505
709 1496
710 752
710 765
710 1165
711 932
711 998
711 1002
711 1128
712 1004
712 1034
712 1234
713 905
713 944
713 1011
713 1507
714 1172
714 1229
714 1265
715 941
715 1607
716 1050
716 1191
716 1254
716 1304
716 1351
717 1523
717 1591
718 967
719 941
720 1222
721 1113
721 1174
722 1241
723 731
723 1030
723 1439
723 1477
724 1289
724 1646
725 928
726 1076
726 1496
727 758
728 744
728 1332
728 1545
728 1602
729 1355
730 857
730 1017
730 1028
730 1495
730 1571
731 828
732 964
732 975
732 1087
732 1514
733 930
733 963
734 820
734 1523
735 749
736 878
737 1453
737 1583
738 910
738 1455
739 1076
739 1567
740 916
740 933
741 844
741 1077
742 798
742 810
742 918
742 951
743 870
743 974
744 749
745 943
745 1506
746 835
746 1069
746 1236
746 1368
746 1551
747 844
747 1226
748 1572
749 913
749 1205
750 1099
750 1372
750 1378
751 1354
753 1179
753 1216
753 1333
754 764
754 858
754 940
755 789
755 1174
755 1231
756 983
757 1168
757 1653
758 980
758 1274
758 1356
758 1529
758 1552
759 1342
761 1116
761 1458
762 1115
762 1406
763 1402
764 1585
765 812
765 942
765 1068
765 1104
766 1611
767 776
767 1099
767 1422
768 1034
768 1461
769 1024
769 1650
770 1176
770 1346
770 1483
772 1017
772 1538
773 969
773 1203
774 790
774 1056
774 1442
774 1562
774 1621
775 805
775 862
776 934
776 1488
777 1189
777 1456
778 923
778 1506
779 1352
780 1048
781 795
781 1212
782 806
782 1096
782 1462
783 972
783 977
784 1404
784 1579
785 844
785 1312
786 1238
788 1483
788 1653
789 816
789 1317
789 1348
789 1651
790 935
791 1610
792 1458
793 909
793 1298
794 1106
794 1149
794 1364
794 1432
795 900
795 1416
795 1443
795 1536
795 1603
796 832
796 978
797 861
797 1437
797 1518
797 1596
798 822
799 886
799 1356
799 1564
800 1267
801 1046
801 1221
801 1571
801 1580
802 1272
803 1055
803 1390
804 833
804 1255
804 1350
805 821
805 1059
805 1196
806 1449
807 995
807 1211
807 1441
808 1020
808 1244
808 1384
809 877
809 1629
810 943
811 970
811 1357
813 1062
813 1415
813 1628
814 990
814 1245
815 850
815 967
815 1160
815 1218
815 1220
815 1552
816 818
817 1111
818 1198
819 1039
819 1288
820 868
820 947
820 1317
820 1338
821 1492
822 997
822 1473
823 826
823 1190
823 1194
823 1606
824 906
824 1108
824 1384
825 1188
826 1390
828 891
828 954
828 1095
828 1414
829 992
829 1200
830 925
830 1393
831 1296
831 1596
833 1168
834 1155
834 1185
834 1193
835 1189
836 981
836 1067
836 1114
837 1200
837 1226
838 1105
839 877
839 993
839 1249
840 1398
841 1093
841 1378
843 1266
844 1060
845 1114
845 1650
846 1009
847 941
848 1234
848 1631
849 1070
849 1217
849 1558
850 1320
851 972
851 1579
852 1098
853 1184
854 1546
854 1566
855 960
855 1124
856 1125
856 1412
856 1436
857 865
858 902
859 1083
859 1392
860 906
860 1385
861 1067
861 1648
862 1255
862 1270
862 1560
862 1608
863 1260
863 1421
864 1371
864 1396
864 1403
865 1507
867 1312
867 1406
868 1264
869 1148
869 1366
870 1425
870 1465
870 1469
870 1639
872 1519
873 1555
873 1607
874 1470
875 986
875 1501
876 957
876 1109
876 1186
876 1192
876 1243
877 1606
878 1476
878 1561
879 1425
879 1472
879 1476
879 1569
880 987
880 1181
881 935
882 943
883 1463
884 955
885 943
885 993
885 1170
887 1539
888 1009
889 1395
891 1650
893 1505
894 1038
894 1101
894 1139
894 1636
895 935
895 1103
895 1156
896 1342
897 1145
898 1023
898 1256
898 1332
898 1576
899 969
899 1620
900 1029
901 1431
902 1326
902 1355
903 1480
904 1383
905 1607
906 1217
906 1407
906 1410
907 992
907 1480
908 1151
908 1510
909 1199
910 1238
911 920
912 967
913 1463
913 1610
914 1020
914 1127
914 1431
915 1064
915 1582
916 974
917 1125
918 1181
918 1424
919 1653
920 924
920 1094
920 1190
920 1597
920 1630
921 1500
921 1582
922 1097
922 1479
923 1061
923 1639
925 1108
925 1178
926 943
926 1433
926 1500
927 1371
929 1045
929 1277
930 1387
930 1534
931 1259
931 1260
932 1422
933 1250
934 1127
935 1491
935 1514
936 1212
936 1313
936 1647
937 1045
938 1147
938 1169
939 1090
939 1202
940 1565
941 1498
941 1584
942 1629
943 1343
944 983
944 1611
945 1140
945 1546
946 1404
946 1607
947 1605
948 981
949 1176
949 1398
950 1500
951 1249
952 1474
952 1593
953 1009
953 1055
953 1312
955 1022
955 1051
955 1101
955 1630
956 1204
956 1263
956 1471
957 1010
957 1377
958 1226
958 1272
959 986
959 1264
960 1278
962 990
962 1035
962 1126
962 1301
963 1046
964 1103
965 1277
966 1098
968 1374
968 1631
970 1204
971 1223
971 1484
972 1309
972 1314
972 1524
973 1202
974 1341
974 1409
975 1540
976 1222
977 1311
977 1609
978 1263
979 1436
980 1222
981 1296
981 1460
983 1119
983 1224
983 1490
984 1091
985 1398
985 1480
986 1014
986 1328
987 1003
988 1175
988 1440
988 1496
989 1072
989 1652
991 1145
992 1137
992 1215
993 1262
993 1559
994 1250
995 1433
996 1297
997 1357
998 1020
999 1138
999 1559
1000 1321
1000 1613
1001 1212
1001 1259
1002 1181
1003 1479
1004 1069
1005 1189
1005 1582
1007 1188
1007 1618
1008 1088
1008 1212
1008 1371
1009 1430
1009 1447
1009 1625
1010 1057
1010 1509
1012 1088
1012 1111
1013 1014
1013 1041
1013 1338
1013 1486
1013 1525
1013 1623
1014 1232
1015 1290
1015 1532
1016 1077
1016 1145
1017 1547
1018 1282
1018 1373
1018 1434
1019 1585
1020 1159
1020 1285
1020 1488
1020 1595
1021 1199
1023 1610
1024 1208
1024 1361
1025 1646
1026 1419
1026 1503
1027 1127
1027 1400
1028 1124
1031 1277
1032 1400
1032 1616
1033 1249
1034 1177
1035 1653
1036 1357
1038 1281
1039 1305
1039 1552
1039 1577
1040 1253
1041 1202
1042 1131
1042 1146
1042 1306
1042 1532
1043 1434
1043 1493
1044 1054
1044 1152
1044 1483
1045 1597
1047 1228
1047 1240
1048 1363
1048 1443
1049 1105
1049 1264
1050 1454
1052 1219
1052 1506
1053 1207
1053 1323
1054 1248
1054 1258
1055 1167
1055 1387
1055 1460
1055 1598
1057 1635
1058 1547
1059 1483
1063 1533
1063 1588
1064 1343
1064 1382
1065 1647
1066 1116
1066 1397
1067 1361
1068 1225
1069 1083
1070 1178
1070 1325
1072 1489
1072 1574
1073 1267
1074 1284
1074 1363
1075 1461
1076 1107
1077 1237
1078 1273
1078 1647
1079 1385
1079 1567
1080 1384
1081 1125
1081 1510
1082 1392
1083 1201
1083 1426
1083 1642
1084 1371
1085 1556
1086 1103
1088 1539
1089 1303
1089 1443
1090 1160
1090 1321
1090 1529
1090 1600
1092 1145
1092 1421
1092 1582
1093 1447
1093 1587
1094 1313
1094 1629
1095 1434
1097 1455
1098 1292
1099 1485
1099 1494
1099 1625
1100 1231
1100 1481
1101 1611
1102 1400
1102 1542
1103 1300
1104 1404
1107 1434
1108 1380
1109 1519
1109 1644
1110 1235
1110 1459
1110 1535
1110 1558
1111 1418
1112 1122
1112 1162
1112 1239
1113 1135
1113 1285
1113 1408
1114 1393
1114 1439
1115 1299
1115 1430
1116 1180
1116 1287
1116 1531
1117 1496
1118 1252
1119 1579
1120 1370
1120 1387
1120 1438
1120 1575
1121 1375
1123 1533
1123 1648
1124 1499
1125 1162
1125 1164
1125 1564
1126 1435
1127 1548
1129 1629
1131 1655
1132 1647
1133 1544
1134 1501
1141 1297
1141 1456
1143 1315
1144 1283
1145 1236
1146 1483
1147 1411
1149 1286
1150 1297
1151 1268
1151 1471
1152 1275
1153 1395
1153 1419
1153 1611
1154 1330
1156 1252
1156 1557
1158 1368
1161 1404
1163 1479
1163 1523
1164 1454
1165 1283
1166 1327
1166 1524
1166 1589
1167 1406
1168 1345
1169 1365
1169 1416
1171 1454
1171 1583
1172 1289
1173 1181
1173 1397
1174 1485
1174 1535
1175 1459
1175 1476
1175 1614
1176 1446
1176 1573
1178 1603
1181 1408
1181 1427
1181 1455
1181 1586
1182 1393
1182 1394
1182 1437
1183 1336
1183 1595
1184 1349
1185 1222
1185 1331
1186 1449
1187 1396
1187 1435
1187 1647
1188 1292
1188 1613
1189 1214
1189 1391
1192 1398
1194 1542
1195 1259
1195 1362
1197 1241
1197 1652
1198 1544
1199 1576
1200 1619
1201 1631
1202 1326
1202 1633
1203 1367
1205 1502
1205 1624
1206 1352
1207 1629
1209 1471
1209 1474
1209 1526
1210 1419
1212 1350
1212 1538
1212 1601
1213 1362
1213 1565
1213 1641
1214 1421
1219 1295
1220 1566
1222 1625
1223 1506
1224 1624
1226 1444
1227 1585
1230 1634
1231 1305
1231 1466
1232 1336
1232 1428
1232 1570
1233 1392
1233 1519
1234 1381
1234 1541
1235 1385
1236 1604
1237 1297
1238 1473
1240 1273
1240 1371
1241 1271
1243 1492
1243 1616
1244 1270
1244 1348
1244 1417
1244 1450
1246 1640
1247 1389
1248 1492
1248 1604
1249 1599
1250 1409
1250 1627
1251 1384
1251 1402
1253 1310
1253 1508
1254 1412
1256 1463
1257 1288
1257 1566
1258 1377
1259 1516
1260 1334
1262 1544
1264 1570
1264 1633
1266 1380
1266 1527
1267 1355
1268 1352
1270 1653
1271 1475
1275 1616
1275 1635
1276 1293
1278 1281
1279 1392
1279 1607
1280 1501
1282 1283
1286 1345
1286 1428
1287 1424
1288 1529
1289 1508
1290 1373
1291 1503
1293 1469
1293 1472
1293 1490
1293 1643
1297 1432
1298 1506
1299 1383
1301 1395
1302 1505
1303 1566
1304 1641
1305 1475
1306 1346
1306 1644
1307 1413
1307 1605
1308 1330
1309 1585
1310 1646
1312 1606
1313 1452
1313 1530
1316 1638
1321 1448
1322 1464
1322 1602
1324 1386
1324 1579
1325 1380
1325 1394
1328 1453
1330 1444
1330 1642
1332 1503
1334 1362
1334 1647
1335 1486
1335 1637
1336 1655
1337 1385
1339 1440
1340 1650
1342 1381
1342 1426
1344 1406
1344 1565
1344 1605
1347 1547
1350 1483
1353 1474
1354 1445
1354 1620
1358 1440
1358 1567
1360 1456
1362 1545
1367 1445
1367 1450
1367 1549
1369 1567
1370 1616
1371 1526
1371 1571
1373 1484
1373 1520
1374 1381
1376 1386
1376 1458
1379 1390
1379 1542
1379 1629
1383 1462
1384 1558
1388 1454
1390 1512
1391 1604
1392 1467
1395 1554
1395 1608
1396 1516
1397 1643
1399 1449
1400 1423
1400 1509
1400 1559
1401 1635
1402 1521
1403 1511
1405 1554
1405 1617
1406 1497
1407 1641
1410 1422
1411 1591
1411 1648
1412 1654
1413 1525
1413 1543
1413 1613
1414 1583
1418 1502
1419 1622
1422 1459
1422 1466
1422 1587
1422 1651
1423 1506
1431 1485
1431 1587
1433 1592
1435 1608
1436 1513
1437 1645
1445 1605
1446 1644
1449 1512
1450 1544
1451 1504
1458 1515
1458 1622
1461 1577
1466 1544
1468 1641
1469 1634
1475 1600
1479 1515
1479 1643
1480 1638
1481 1562
1484 1500
1486 1618
1487 1510
1487 1565
1494 1640
1498 1519
1500 1599
1501 1508
1503 1621
1509 1652
1510 1593
1511 1624
1520 1655
1523 1632
1532 1604
1537 1635
1540 1574
1540 1578
1542 1548
1542 1586
1546 1553
1547 1574
1556 1598
1561 1634
1563 1588
1564 1641
1567 1614
1568 1634
1573 1604
1573 1655
1580 1583
1582 1619
1588 1649
1591 1620
1598 1635
1601 1644
1601 1653
1612 1616
1612 1652
