144 288
0 45
0 72
0 93
1 33
1 78
1 131
2 72
2 86
2 133
3 33
3 41
3 87
4 13
4 16
4 100
5 75
5 79
5 124
6 59
6 98
6 107
6 128
7 41
7 132
7 135
8 60
8 72
8 113
9 27
9 44
9 46
9 48
9 50
9 101
10 56
10 60
10 93
11 28
11 72
11 86
12 56
12 100
12 138
13 20
13 23
13 110
14 18
14 124
14 135
15 99
15 132
15 138
16 31
16 62
16 63
17 30
17 99
17 105
18 51
18 54
18 59
18 92
18 101
18 117
18 143
19 24
19 87
19 135
20 75
20 112
21 58
21 79
21 109
22 35
22 86
22 131
23 39
23 73
24 31
24 38
24 65
24 69
24 77
24 127
24 130
25 30
25 79
25 135
26 91
26 96
26 132
27 30
27 112
28 38
28 68
28 111
29 76
29 113
29 133
30 54
30 74
30 83
31 109
32 76
32 91
32 100
33 117
33 122
33 125
33 126
34 62
34 77
34 107
34 143
35 36
35 42
35 47
35 52
35 62
35 104
35 111
36 76
36 88
37 112
37 135
37 141
38 76
39 42
39 77
39 115
40 91
40 93
40 133
41 55
41 66
41 106
41 126
42 109
43 86
43 133
43 138
44 76
44 132
45 47
45 49
45 126
45 127
45 139
46 79
46 133
47 113
48 70
48 138
49 108
49 134
50 105
50 124
51 99
51 133
52 82
52 135
53 56
53 133
53 134
54 75
55 85
55 131
56 94
56 98
56 121
56 123
56 136
57 73
57 91
57 138
58 81
58 136
58 143
59 109
60 90
60 101
60 103
60 120
60 137
60 140
61 87
61 96
61 124
63 73
63 141
64 79
64 85
64 100
65 75
65 82
66 70
66 75
67 75
67 105
67 141
68 108
68 113
69 88
69 138
70 71
70 84
70 102
70 123
71 91
71 116
72 97
72 119
73 92
73 121
73 125
74 82
74 96
75 104
75 118
76 84
76 121
76 137
78 95
78 102
78 118
78 122
78 139
79 107
79 125
79 140
80 86
80 88
80 108
81 82
81 91
82 89
82 98
82 106
82 122
83 87
83 116
84 99
85 92
85 95
85 106
85 139
86 90
86 127
86 137
87 95
87 104
87 128
87 136
88 97
89 116
89 124
90 108
91 103
91 128
93 129
94 116
94 132
96 123
97 113
99 140
99 142
100 115
100 117
102 135
103 134
105 110
108 114
108 129
110 135
111 138
112 142
113 114
113 120
113 130
114 133
115 141
118 132
119 131
119 134
120 138
124 142
129 131
130 131
