1368 2736
0 18
0 945
0 1364
1 227
1 249
1 492
1 554
1 572
1 574
1 666
1 991
2 441
2 874
2 1309
3 730
3 900
3 1359
4 473
4 1189
4 1288
5 473
5 887
5 967
6 340
6 668
6 677
7 134
7 639
7 753
8 310
8 423
8 745
9 237
9 804
9 933
10 733
10 747
10 1035
11 94
11 652
11 1147
12 536
12 596
12 1305
13 181
13 333
13 674
13 1108
13 1180
13 1325
14 25
14 209
14 412
15 77
15 285
15 1124
16 43
16 67
16 97
16 231
16 478
16 537
16 647
16 1127
17 174
17 720
17 764
17 819
17 998
17 1155
18 157
18 861
18 1294
19 86
19 109
19 126
19 187
19 386
19 647
19 831
19 1281
20 68
20 612
20 913
21 285
21 618
21 703
22 341
22 433
22 757
23 47
23 120
23 592
23 1040
24 44
24 298
24 399
25 240
25 434
25 533
25 556
25 755
25 879
25 1325
26 316
26 816
26 1193
27 99
27 163
27 219
27 546
27 584
27 712
27 1010
27 1069
28 346
28 733
28 1013
29 70
29 116
29 1104
30 33
30 337
30 750
31 652
31 729
31 1035
32 156
32 633
32 907
33 790
33 818
33 931
33 1086
33 1335
34 156
34 226
34 254
35 200
35 483
35 1340
36 589
36 939
37 146
37 452
37 924
37 1022
38 73
38 1148
38 1164
39 129
39 542
39 607
40 169
40 177
40 1093
41 243
41 366
41 1359
42 134
42 747
42 900
43 250
43 668
44 192
44 384
44 467
44 651
44 1092
45 162
45 256
45 422
45 934
45 1243
45 1245
46 503
46 1137
46 1226
47 1132
47 1207
48 420
48 547
48 827
48 1042
48 1102
48 1218
49 190
49 974
49 1315
50 1227
50 1313
50 1318
51 437
51 866
51 1285
52 129
52 209
52 955
53 302
53 690
53 1045
54 353
54 514
54 803
54 1026
54 1071
54 1163
55 455
55 731
55 845
55 1167
55 1358
55 1365
56 596
56 724
56 1309
57 176
57 784
57 967
58 315
58 473
58 665
59 348
59 974
59 1279
60 932
60 1043
60 1305
61 465
61 1105
61 1285
62 277
62 365
62 802
62 894
62 1126
62 1275
63 441
63 793
63 1283
64 101
64 548
64 846
65 161
65 648
65 896
65 1330
66 513
66 921
66 1045
67 332
67 1342
68 249
68 422
68 1055
68 1149
68 1337
69 612
69 1305
69 1311
70 89
70 131
70 873
70 1088
70 1116
70 1150
70 1182
71 513
71 553
71 950
72 448
72 679
72 1269
73 463
73 474
73 502
73 666
73 700
73 1096
73 1139
74 340
74 399
74 1305
75 229
75 462
75 658
75 1330
76 568
76 578
76 1032
77 284
77 526
77 1215
78 609
78 740
78 1206
79 659
79 709
79 903
79 1097
80 775
80 863
80 1271
81 676
81 843
81 1199
81 1250
82 148
82 369
82 727
83 1132
83 1142
83 1164
84 548
84 703
84 847
85 276
85 359
85 537
85 614
85 1037
85 1335
86 643
86 1125
87 318
87 959
87 1189
88 241
88 327
88 1046
89 748
89 1278
90 477
90 807
90 1148
91 448
91 768
91 1104
92 190
92 412
92 690
93 390
93 600
93 1315
94 642
94 1037
94 1327
95 577
95 713
95 765
95 1009
96 245
96 279
96 780
96 808
96 849
96 1120
96 1236
96 1281
97 673
97 1161
98 190
98 302
98 1065
99 520
99 1105
100 866
100 1027
100 1112
101 295
101 459
101 1195
102 216
102 591
102 628
102 632
102 1049
102 1294
103 159
103 449
103 620
104 405
104 708
104 800
104 1366
105 176
105 178
105 736
106 346
106 581
106 1107
107 399
107 1043
107 1083
108 382
108 541
108 1226
109 274
109 984
110 148
110 798
110 1132
111 785
111 820
111 1051
111 1254
112 303
112 669
112 810
112 1021
112 1196
112 1210
113 259
113 480
113 1197
113 1298
114 204
114 389
114 521
114 575
114 1127
114 1360
115 220
115 534
115 750
116 289
116 363
116 511
116 1049
116 1084
116 1166
116 1357
117 507
117 561
117 936
118 291
118 333
118 506
118 573
118 776
118 1188
118 1217
118 1339
119 696
119 1189
119 1342
120 407
120 1313
121 579
121 907
121 1367
122 559
122 610
122 762
123 149
123 337
123 696
124 222
124 252
124 483
125 302
125 1046
125 1279
126 132
126 852
127 220
127 394
127 850
128 382
128 1023
128 1201
129 405
129 930
129 937
129 969
129 1016
129 1274
130 311
130 830
130 1269
131 679
131 816
132 575
132 622
132 744
132 1014
132 1277
133 686
133 729
133 887
134 155
134 543
134 908
134 1031
134 1052
134 1284
135 618
135 641
135 1226
136 366
136 383
136 555
137 361
137 617
137 1040
137 1244
138 250
138 1198
138 1227
139 196
139 834
139 1271
140 177
140 807
140 1024
141 703
141 724
141 771
142 145
142 217
142 479
142 708
142 799
142 853
143 320
143 713
143 728
143 777
143 883
143 981
143 1025
143 1243
144 178
144 306
144 1291
145 477
145 1024
146 156
146 329
147 175
147 408
147 458
147 683
147 978
147 1029
147 1154
147 1212
148 245
148 495
148 841
148 1165
149 539
149 823
149 868
150 615
150 714
150 770
150 788
151 238
151 595
151 623
151 909
151 992
151 1158
151 1343
151 1347
152 342
152 952
152 1249
153 225
153 723
153 1276
154 177
154 376
154 1242
155 346
155 866
156 519
157 1111
157 1183
158 959
158 1017
158 1262
159 419
159 445
159 588
159 663
159 809
159 848
159 906
160 679
160 754
160 1283
161 351
161 382
162 561
162 1309
163 696
163 1288
164 436
164 559
164 609
165 207
165 294
165 727
166 287
166 342
166 739
167 286
167 724
167 1226
168 352
168 378
168 545
168 638
168 832
168 833
168 1063
168 1096
169 183
169 446
169 563
169 693
169 734
169 867
169 876
170 397
170 601
170 1135
170 1261
171 268
171 541
171 1133
172 985
172 1214
172 1259
173 753
173 865
173 1089
174 960
174 985
175 369
175 690
176 235
176 463
176 549
176 664
176 670
176 1205
177 259
177 853
177 1014
177 1267
177 1310
178 217
178 378
178 697
178 889
178 897
178 1366
179 298
179 370
179 482
180 562
180 711
180 898
180 1219
181 483
181 828
182 583
182 671
182 796
182 843
182 1036
182 1319
183 473
183 587
184 236
184 507
184 1161
185 314
185 410
185 416
185 478
185 588
185 683
185 927
185 1328
186 337
186 355
186 757
187 250
187 368
188 218
188 318
188 729
189 247
189 989
189 1045
190 425
190 439
190 558
190 954
190 1044
191 216
191 395
191 658
191 743
191 794
191 862
191 864
191 1306
192 430
192 836
193 280
193 421
193 495
193 622
193 1057
193 1240
193 1244
193 1267
194 340
194 850
194 1137
195 368
195 1007
195 1032
196 283
196 288
196 418
196 550
196 827
196 1067
196 1102
197 314
197 387
197 409
197 809
197 825
197 854
198 815
198 869
198 1233
199 406
199 921
199 982
200 362
200 364
200 454
200 630
200 765
200 901
200 1251
201 355
201 1222
201 1291
202 829
202 994
202 1206
203 642
203 818
203 1006
203 1059
204 368
204 1342
205 210
205 239
205 415
205 574
205 626
205 1055
205 1218
205 1260
206 370
206 686
206 839
207 421
207 675
207 835
207 849
207 973
208 250
208 1125
208 1173
209 800
209 1217
210 431
210 1271
211 265
211 1015
211 1262
212 552
212 720
212 746
212 948
212 1098
212 1281
213 241
213 1201
213 1228
214 226
214 640
214 977
215 456
215 646
215 737
215 819
216 1019
217 955
218 566
218 642
218 681
218 707
218 1028
218 1053
218 1180
219 265
219 318
220 424
220 525
220 671
220 1050
220 1115
220 1200
221 465
221 1027
221 1143
222 446
222 453
222 689
222 868
222 886
222 1210
222 1310
223 696
223 887
223 1011
224 426
224 869
224 1000
225 404
225 528
225 844
225 1182
225 1323
226 256
226 335
226 439
226 971
226 1022
226 1230
227 850
227 1043
228 685
228 773
228 900
229 324
229 940
230 1083
230 1249
230 1304
231 657
231 1007
232 518
232 668
232 1043
233 394
233 441
233 774
234 1131
234 1194
234 1207
235 347
235 355
236 276
236 485
236 515
236 1059
236 1344
237 301
237 462
237 1232
238 1027
238 1105
239 382
239 567
240 266
240 310
241 457
241 785
241 1155
241 1177
242 304
242 677
242 807
243 452
243 491
243 848
243 993
243 1223
244 355
244 704
244 1141
245 571
246 568
246 657
246 1104
247 653
247 954
247 1120
247 1146
247 1326
248 610
248 994
248 1066
249 1226
250 367
250 552
250 691
250 803
251 306
251 890
251 923
252 540
252 594
252 838
252 1117
252 1252
253 269
253 294
253 690
254 330
254 694
254 993
255 304
255 306
255 738
256 1278
257 975
257 1227
257 1238
258 261
258 532
258 649
258 684
258 854
258 858
258 893
258 1085
259 560
260 327
260 943
260 989
261 346
261 608
262 1083
262 1311
262 1363
263 281
263 319
263 918
263 1119
264 489
264 523
264 659
264 778
264 859
264 924
264 993
264 1357
265 529
265 599
265 625
265 1350
266 291
266 405
266 722
267 423
267 607
267 936
268 859
268 920
268 1001
268 1156
268 1362
269 309
269 344
269 374
269 751
269 884
269 1321
269 1328
270 324
270 932
270 1300
271 650
271 871
271 956
272 329
272 1278
272 1322
273 383
273 921
273 943
274 416
274 744
274 761
274 842
274 1101
275 447
275 449
275 1359
276 804
277 1104
277 1198
278 350
278 867
278 946
278 1003
278 1073
278 1329
279 302
279 1291
280 407
280 1140
281 316
281 1269
282 394
282 1304
282 1364
283 938
283 1157
284 639
284 771
285 459
285 538
286 331
286 415
286 522
286 554
286 851
287 544
287 720
287 837
287 1248
287 1302
288 1062
288 1198
289 437
289 1183
290 1226
290 1257
290 1271
291 412
292 472
292 504
292 552
292 585
292 681
292 822
292 842
292 930
293 584
293 870
293 929
293 1293
294 428
294 488
294 841
294 1029
295 758
295 847
296 307
296 633
296 723
297 390
297 852
297 1007
298 680
298 821
298 845
298 1087
299 434
299 597
299 623
299 699
299 805
299 1058
299 1188
299 1263
300 657
300 673
300 1000
301 351
301 1170
302 953
302 1090
303 781
303 1079
304 479
304 1190
305 466
305 1020
305 1030
306 922
307 384
307 401
307 531
307 669
307 1117
307 1282
307 1358
308 383
308 406
308 950
309 518
309 1007
310 425
310 435
310 1215
310 1217
311 372
311 396
311 413
311 761
311 927
311 1135
311 1323
312 317
312 391
312 528
312 1088
313 530
313 753
313 866
314 1359
315 881
315 895
315 1073
315 1081
315 1159
315 1184
315 1310
316 718
316 1216
316 1284
316 1334
317 1131
317 1164
318 381
318 392
318 461
318 858
318 912
319 736
319 775
320 596
320 618
321 662
321 828
321 961
322 679
322 926
322 1221
323 346
323 685
323 1089
324 349
324 591
324 840
324 996
324 1130
324 1246
325 561
325 645
325 913
326 430
326 1024
326 1089
327 660
327 979
328 611
328 1112
328 1235
329 330
329 469
329 635
329 902
329 1044
329 1245
330 988
331 933
331 1137
332 570
332 878
332 941
332 986
332 1277
333 561
334 337
334 473
334 877
335 611
335 1279
336 863
336 938
336 1066
337 485
337 697
337 802
337 1113
338 641
338 846
338 1304
339 571
339 1011
339 1367
340 386
340 492
340 1054
340 1312
340 1333
341 354
341 509
341 1064
342 737
342 1095
343 548
343 565
343 733
344 738
344 865
345 733
345 758
345 1221
346 424
346 543
346 605
347 378
347 875
347 919
347 939
347 1119
348 396
348 397
348 558
348 566
348 822
349 351
349 990
350 874
350 1176
351 395
352 355
352 736
353 957
353 1110
354 704
354 1356
355 616
355 708
355 922
356 503
356 836
356 1322
357 475
357 660
357 998
357 1048
357 1051
357 1153
358 640
358 730
358 756
359 368
359 673
360 645
360 1174
360 1229
361 1142
361 1313
362 612
362 1168
363 448
363 578
364 913
364 1174
365 568
365 907
366 398
366 445
366 1031
366 1118
366 1138
366 1160
367 620
367 1000
368 379
368 410
368 878
368 1047
369 782
369 835
369 884
369 1348
370 392
370 1028
370 1181
370 1191
371 375
371 400
371 1168
372 967
372 1296
373 385
373 598
373 705
373 734
373 1018
373 1159
373 1251
373 1261
374 530
374 923
375 424
375 427
375 549
375 638
375 1018
376 613
376 780
376 916
376 1239
376 1298
377 619
377 625
377 688
377 709
379 668
379 1316
380 407
380 723
380 798
381 513
381 1186
382 462
382 515
382 818
382 821
383 1099
384 596
385 612
385 645
386 518
387 733
387 756
388 434
388 557
388 573
388 766
388 835
388 841
389 534
389 984
390 397
390 416
390 844
390 1078
390 1114
390 1290
391 633
391 1207
392 652
393 500
393 1067
393 1121
393 1295
394 432
394 700
394 806
395 940
396 600
398 654
398 738
399 840
399 862
399 1365
400 411
400 439
400 509
400 598
400 902
401 866
401 1024
402 692
402 811
402 1111
403 563
403 583
403 619
403 769
403 1159
403 1350
404 1132
404 1140
406 979
406 1254
407 631
408 847
408 1285
409 530
409 1317
410 657
411 437
411 1235
412 526
412 795
412 1247
413 1011
413 1308
414 443
414 517
414 550
414 582
414 803
414 868
414 917
414 1275
415 618
417 856
417 944
417 1176
418 1271
418 1304
419 620
419 1020
420 431
420 1226
421 1132
422 836
423 526
423 937
425 989
426 615
426 817
426 909
426 939
426 964
426 1050
426 1319
427 581
427 1151
428 449
428 1280
429 763
429 792
429 1020
430 838
430 1021
430 1033
430 1152
430 1167
430 1253
431 911
431 1121
432 976
432 1320
433 628
433 1084
433 1336
435 690
435 1279
436 655
436 702
436 1004
437 715
437 1064
437 1341
438 654
438 798
438 1318
440 560
440 756
440 1291
441 629
441 777
441 899
441 1294
441 1362
442 447
442 727
442 1340
443 863
443 1062
444 652
444 662
444 1303
445 730
446 477
447 557
447 663
447 691
447 826
447 906
447 1061
448 476
448 527
448 528
448 742
448 1241
449 543
449 855
449 1348
450 738
450 890
450 1222
451 542
451 936
451 1291
452 754
453 877
453 1198
454 1209
454 1354
455 887
455 940
456 856
456 1259
457 974
457 1296
458 530
458 738
459 724
460 601
460 670
460 705
460 833
461 555
461 606
463 1111
464 580
464 1075
464 1110
465 701
465 752
465 958
465 964
465 965
465 1058
466 597
466 872
466 962
466 1056
466 1329
467 839
467 940
468 696
468 839
468 967
469 640
469 748
470 836
470 874
470 1305
471 754
471 871
471 1017
472 1125
472 1316
473 539
473 1069
473 1070
474 621
474 1137
475 994
475 1228
476 748
476 907
477 590
477 622
477 983
477 1184
477 1298
478 1032
479 518
480 1129
480 1185
481 793
481 1231
481 1266
482 604
482 624
482 666
483 779
483 1037
483 1038
483 1171
483 1196
484 1019
484 1186
484 1308
485 627
486 907
486 988
486 1131
487 1089
487 1112
487 1285
488 749
488 1185
489 609
489 1283
490 536
490 836
490 1083
491 756
491 1301
492 885
493 774
493 1249
493 1305
494 1142
494 1207
494 1276
495 1276
496 792
496 1176
496 1214
497 560
497 587
497 643
498 510
498 880
498 898
498 1144
499 645
499 1168
499 1363
500 942
500 1257
501 555
501 1019
501 1296
502 1024
502 1207
503 574
503 934
503 1264
503 1273
504 739
504 852
505 774
505 787
505 1364
506 758
506 1124
507 648
507 1232
507 1274
507 1335
508 967
508 1129
508 1367
509 1112
510 661
510 1204
511 754
511 923
512 723
512 830
512 1132
513 1041
514 1198
514 1316
515 1147
516 1136
516 1266
516 1285
517 1227
517 1316
518 683
518 725
519 1131
519 1278
520 765
520 1012
520 1034
521 640
521 750
522 847
522 1304
523 768
523 923
524 1176
524 1186
524 1296
525 787
525 885
527 830
527 1194
529 756
529 1017
530 1074
530 1334
531 1131
531 1140
532 565
532 758
533 561
533 662
534 1208
534 1277
535 575
535 986
535 1039
535 1115
536 777
536 987
536 1003
536 1005
537 1258
538 639
538 745
539 1141
540 682
540 1079
541 667
541 1058
541 1260
541 1343
542 1215
542 1247
544 1304
544 1305
545 976
545 1111
546 959
546 1035
547 834
547 863
548 876
548 879
548 893
548 1073
548 1339
549 704
550 1110
551 568
551 579
551 1278
553 951
553 1090
553 1146
554 1300
555 695
555 1041
555 1220
556 727
556 1231
557 1317
558 710
559 843
559 1068
560 590
560 1236
560 1237
561 901
561 969
561 1025
562 816
562 1079
563 1168
564 581
564 762
564 1233
565 769
565 925
565 935
565 1036
566 1173
567 623
567 752
567 920
567 1162
567 1169
568 698
568 741
568 788
568 928
569 829
569 938
569 1257
570 750
570 1301
571 786
571 928
571 973
571 1197
572 641
572 933
573 1231
576 730
576 1262
576 1301
577 1309
577 1353
578 814
578 873
578 1275
578 1345
579 904
579 917
579 1113
579 1345
580 636
580 687
580 1123
580 1160
580 1240
581 806
581 1039
581 1106
581 1208
581 1319
582 877
582 1093
583 1221
584 1353
585 936
585 1065
586 673
586 815
586 1032
587 780
587 1081
588 1307
589 736
589 1233
590 1242
591 1176
592 1164
592 1276
593 685
593 753
593 1124
594 781
594 1072
595 1308
595 1318
596 717
596 934
596 1149
596 1167
597 1140
598 1107
599 1035
599 1189
600 705
600 1346
601 1168
602 606
602 950
602 1045
603 736
603 834
603 1193
604 976
604 1137
605 685
605 749
606 951
606 1094
607 897
607 916
607 922
607 953
607 1120
607 1237
608 910
608 1144
608 1361
609 742
609 935
609 1116
609 1156
609 1203
610 796
610 1187
611 914
611 1018
611 1044
611 1064
612 962
612 1264
613 1262
613 1291
614 961
614 963
615 815
616 807
616 955
617 798
617 1140
618 716
618 1195
619 959
620 637
620 735
620 766
620 1213
620 1355
621 680
621 991
621 1181
624 729
624 1023
625 915
626 641
626 724
627 759
627 790
627 941
627 1115
627 1208
627 1312
627 1360
628 768
629 692
629 945
630 961
630 1317
631 1142
631 1238
632 692
632 1364
633 947
633 1152
633 1292
634 834
634 869
634 1367
635 977
635 1301
636 798
636 975
637 1351
637 1359
638 757
639 755
639 1216
639 1339
640 689
640 941
640 1223
640 1255
641 1145
641 1349
643 653
643 746
643 953
643 973
643 1165
643 1239
644 685
644 866
644 1151
645 779
645 1009
645 1034
645 1268
646 960
646 1228
647 1316
648 933
649 773
649 1035
650 709
650 925
650 1203
651 887
651 990
652 672
652 674
652 822
652 1006
653 1291
654 656
654 706
654 1057
654 1076
655 942
655 994
656 900
656 923
657 760
657 814
658 990
659 1017
660 1065
661 970
661 1172
661 1287
662 707
662 776
662 1171
663 1351
664 976
664 1133
665 693
665 1236
665 1239
667 1111
667 1283
668 744
668 746
668 808
668 1352
669 1122
670 1011
671 1233
672 1173
672 1315
673 802
673 904
674 1075
675 798
675 1276
676 994
676 1157
677 799
677 831
677 1212
677 1328
678 944
678 960
678 1020
679 702
679 859
679 925
679 1068
680 729
681 1315
682 810
684 756
684 1307
685 855
685 1138
685 1216
686 700
686 1178
687 738
687 900
688 871
688 926
689 957
690 820
690 979
690 1146
691 815
692 721
693 696
694 730
694 754
695 1176
695 1308
696 905
696 1081
697 704
698 775
698 869
699 813
699 1266
701 942
701 1233
702 740
703 1272
704 1063
704 1336
706 1062
706 1075
707 1075
710 972
710 1153
710 1177
711 966
711 1204
712 1143
712 1354
713 891
714 775
714 1367
715 1027
715 1089
716 836
716 1309
717 874
717 1083
718 865
718 866
719 936
719 1046
719 1173
721 1133
721 1183
722 936
722 955
723 1056
723 1244
723 1253
723 1263
724 981
725 807
725 890
726 957
726 1062
726 1227
727 735
727 1188
728 1209
728 1353
729 1202
730 924
731 839
731 990
732 957
732 1093
732 1301
733 912
733 1265
733 1361
734 915
735 1317
736 817
737 1214
738 791
738 1357
739 783
739 1101
740 796
740 1199
741 1011
741 1129
742 816
743 932
743 933
745 812
745 1247
747 858
747 1138
748 1230
749 782
749 906
749 1052
749 1355
750 1039
750 1054
750 1080
750 1344
751 847
751 1027
752 1231
753 918
753 1299
754 791
754 903
754 1156
755 758
756 882
756 916
757 888
757 889
757 1205
758 867
758 895
758 1272
759 1043
759 1342
760 815
760 1258
761 1007
762 769
762 1050
762 1199
762 1224
763 794
763 819
763 996
763 999
763 1225
764 1125
764 1249
766 1340
767 768
767 945
767 1356
768 791
768 873
768 1211
768 1341
770 1000
770 1233
771 812
771 1195
772 915
772 956
772 959
773 912
773 1031
774 827
774 851
774 1134
774 1248
774 1349
775 864
775 919
775 996
775 1102
776 1174
778 871
778 1015
779 1317
782 1280
783 1249
783 1259
784 832
784 1261
784 1346
785 1065
786 1185
786 1242
787 899
787 1106
787 1139
787 1178
788 834
789 1140
789 1231
789 1311
790 1141
792 1008
792 1338
793 805
793 1001
794 834
795 989
795 1279
797 1105
797 1132
797 1300
798 983
798 1014
799 890
800 936
801 865
801 1307
801 1317
804 896
804 931
804 969
804 1286
805 1314
806 885
807 1366
808 1125
809 1007
810 1072
811 861
811 1166
811 1341
812 1124
813 968
813 1297
813 1362
814 1367
815 1213
816 918
816 1078
816 1172
816 1323
817 1256
820 943
821 994
823 1093
823 1198
824 1032
824 1104
824 1367
825 865
825 1340
826 1000
826 1316
828 886
828 1026
828 1255
828 1289
829 964
829 1004
829 1121
829 1347
830 1078
830 1088
830 1100
831 1043
832 1011
833 967
834 1119
834 1130
836 981
836 1358
837 952
837 1259
838 1122
839 1070
839 1202
840 933
842 952
844 1269
845 932
846 851
846 1154
846 1272
846 1321
847 1349
848 900
849 1129
850 1106
852 927
852 1060
852 1352
853 1148
854 1262
855 1151
856 1008
856 1095
857 885
857 1043
857 1137
860 1007
860 1307
860 1359
861 1133
862 1300
863 1042
863 1077
863 1134
863 1295
864 960
865 978
866 1033
870 1027
870 1266
872 1305
872 1363
874 883
874 1331
875 1233
875 1256
876 1030
877 905
878 1288
879 1124
880 1013
880 1148
881 915
881 1168
882 959
882 1015
883 1364
884 989
886 1301
887 1191
888 1235
888 1356
889 1141
891 929
891 1010
891 1332
892 1129
892 1242
892 1280
893 1221
894 1141
894 1258
895 1030
896 1300
897 1222
898 1122
899 1304
900 1099
900 1220
901 1229
902 1279
903 1015
904 1141
905 1141
907 971
907 1150
907 1245
908 1089
908 1151
909 942
910 966
910 1148
911 938
911 942
913 1273
914 1107
914 1168
915 1036
915 1224
917 1104
919 1193
920 1111
921 951
923 978
923 1160
923 1190
926 935
926 1097
928 967
929 1189
930 1046
931 1161
932 1092
932 1333
933 1128
933 1179
936 1286
937 1291
942 1192
943 1091
944 995
944 1225
945 1084
945 1246
945 1306
946 1020
946 1311
947 1164
947 1194
948 1173
948 1316
949 1030
949 1311
949 1351
950 1091
952 1060
954 1046
956 1097
956 1350
957 1108
957 1171
958 975
958 1308
960 1130
960 1338
961 1108
961 1210
961 1252
961 1268
961 1327
962 1083
963 1006
963 1038
963 1053
965 1296
965 1318
966 1082
966 1287
967 1290
968 1283
968 1364
970 1079
970 1269
971 1322
972 1279
972 1315
974 1048
975 1057
975 1071
975 1158
976 991
976 1002
976 1178
976 1324
977 1150
977 1241
980 1143
980 1276
980 1300
982 1091
982 1118
982 1220
983 984
984 986
984 1267
984 1352
985 999
985 1095
987 1030
987 1176
988 1022
988 1292
989 1029
989 1090
989 1254
992 1143
992 1285
994 1155
994 1234
995 1019
995 1214
997 1000
997 1032
997 1258
998 1201
999 1228
1001 1364
1002 1148
1002 1207
1003 1019
1004 1201
1005 1309
1005 1364
1007 1212
1008 1019
1009 1354
1010 1136
1011 1070
1011 1114
1012 1143
1012 1189
1013 1082
1013 1085
1016 1065
1016 1173
1019 1246
1019 1331
1020 1061
1021 1204
1023 1092
1023 1181
1023 1234
1023 1365
1024 1082
1024 1144
1024 1324
1025 1322
1026 1062
1027 1103
1027 1154
1028 1035
1030 1331
1033 1148
1034 1209
1035 1041
1035 1094
1038 1161
1040 1238
1042 1304
1043 1080
1046 1051
1047 1161
1047 1258
1048 1308
1049 1356
1052 1151
1053 1147
1054 1342
1055 1137
1056 1231
1059 1170
1060 1173
1061 1359
1062 1123
1063 1107
1065 1326
1066 1067
1066 1250
1068 1206
1069 1342
1071 1313
1072 1172
1072 1219
1074 1307
1074 1340
1076 1110
1076 1303
1077 1110
1077 1198
1080 1288
1083 1248
1083 1333
1085 1151
1086 1147
1086 1170
1087 1170
1087 1201
1089 1282
1089 1334
1093 1184
1093 1196
1093 1252
1093 1255
1094 1186
1096 1133
1098 1228
1098 1249
1099 1186
1100 1140
1100 1276
1101 1173
1103 1136
1103 1314
1105 1175
1105 1179
1107 1200
1107 1205
1109 1136
1109 1189
1109 1353
1110 1289
1112 1166
1112 1211
1113 1258
1114 1296
1116 1269
1117 1204
1118 1186
1122 1287
1123 1303
1124 1284
1125 1302
1126 1278
1126 1367
1127 1288
1128 1132
1128 1143
1129 1165
1131 1253
1133 1169
1134 1271
1135 1315
1137 1145
1139 1320
1140 1152
1141 1344
1145 1300
1148 1282
1149 1322
1151 1200
1151 1361
1153 1296
1157 1187
1157 1295
1158 1296
1161 1327
1162 1170
1162 1226
1163 1238
1163 1318
1164 1324
1168 1346
1169 1283
1170 1234
1170 1260
1170 1330
1174 1243
1174 1270
1174 1274
1174 1286
1174 1325
1175 1189
1175 1354
1176 1306
1177 1308
1179 1276
1180 1303
1182 1194
1183 1211
1185 1348
1187 1201
1190 1222
1191 1320
1192 1201
1192 1206
1193 1299
1197 1280
1198 1345
1201 1250
1202 1320
1203 1221
1209 1332
1213 1316
1218 1257
1219 1269
1221 1224
1223 1262
1225 1351
1227 1289
1228 1302
1229 1264
1229 1337
1230 1301
1231 1297
1231 1343
1232 1300
1233 1347
1235 1336
1237 1262
1240 1318
1241 1278
1251 1363
1262 1265
1263 1311
1265 1307
1268 1340
1269 1299
1270 1309
1270 1322
1273 1363
1278 1292
1279 1326
1285 1293
1285 1321
1288 1312
1290 1308
1293 1314
1297 1314
1301 1360
1309 1332
1329 1351
1337 1363
1338 1351
1355 1359
