29 203
16 12
16 6
16 24
16 28
16 2
16 26
16 11
16 23
16 9
16 22
16 17
16 13
16 8
16 0
12 6
12 24
12 28
12 2
12 26
12 11
12 10
12 3
12 25
12 7
12 5
12 21
12 1
6 24
6 26
6 9
6 13
6 8
6 10
6 21
6 1
6 19
6 20
6 14
6 15
24 11
24 23
24 17
24 0
24 10
24 21
24 1
24 27
24 18
24 14
24 4
28 26
28 11
28 9
28 22
28 0
28 3
28 5
28 1
28 19
28 18
28 20
28 4
2 26
2 11
2 23
2 22
2 8
2 25
2 7
2 21
2 27
2 18
2 20
2 15
26 17
26 13
26 25
26 5
26 18
26 20
26 14
26 15
26 4
11 8
11 0
11 3
11 7
11 19
11 27
11 14
11 15
11 4
23 22
23 17
23 13
23 0
23 10
23 3
23 7
23 1
23 18
23 20
23 15
9 22
9 13
9 8
9 0
9 10
9 3
9 25
9 21
9 27
9 20
9 4
22 17
22 8
22 3
22 25
22 21
22 1
22 19
22 18
22 14
17 13
17 0
17 25
17 7
17 5
17 21
17 19
17 14
17 4
13 8
13 3
13 7
13 5
13 1
13 27
13 15
13 4
8 10
8 7
8 5
8 19
8 27
8 18
8 14
0 10
0 25
0 5
0 19
0 27
0 20
0 15
10 3
10 25
10 7
10 5
10 18
10 20
10 14
3 25
3 7
3 1
3 14
3 15
3 4
25 5
25 21
25 27
25 14
25 15
7 5
7 21
7 19
7 20
7 4
5 1
5 19
5 27
5 18
21 1
21 19
21 27
21 20
21 4
1 19
1 27
1 18
1 15
19 20
19 14
19 15
27 18
27 15
27 4
18 20
18 14
18 4
20 15
20 4
14 15
14 4
