29 203
5 24
5 16
5 18
5 14
5 10
5 4
5 13
5 15
5 9
5 17
5 19
5 1
5 26
5 28
24 16
24 18
24 14
24 10
24 4
24 13
24 20
24 22
24 11
24 27
24 12
24 3
24 21
16 18
16 4
16 9
16 1
16 26
16 20
16 3
16 21
16 2
16 7
16 8
16 6
18 13
18 15
18 19
18 28
18 20
18 3
18 21
18 23
18 0
18 8
18 25
14 4
14 13
14 9
14 17
14 28
14 22
14 12
14 21
14 2
14 0
14 7
14 25
10 4
10 13
10 15
10 17
10 26
10 11
10 27
10 3
10 23
10 0
10 7
10 6
4 19
4 1
4 11
4 12
4 0
4 7
4 8
4 6
4 25
13 26
13 28
13 22
13 27
13 2
13 23
13 8
13 6
13 25
15 17
15 19
15 1
15 28
15 20
15 22
15 27
15 21
15 0
15 7
15 6
9 17
9 1
9 26
9 28
9 20
9 22
9 11
9 3
9 23
9 7
9 25
17 19
17 26
17 22
17 11
17 3
17 21
17 2
17 0
17 8
19 1
19 28
19 11
19 27
19 12
19 3
19 2
19 8
19 25
1 26
1 22
1 27
1 12
1 21
1 23
1 6
1 25
26 20
26 27
26 12
26 2
26 23
26 0
26 8
28 20
28 11
28 12
28 2
28 23
28 7
28 6
20 22
20 11
20 27
20 12
20 0
20 7
20 8
22 11
22 27
22 21
22 8
22 6
22 25
11 12
11 3
11 23
11 8
11 6
27 12
27 3
27 2
27 7
27 25
12 21
12 2
12 23
12 0
3 21
3 2
3 23
3 7
3 25
21 2
21 23
21 0
21 6
2 7
2 8
2 6
23 0
23 6
23 25
0 7
0 8
0 25
7 6
7 25
8 6
8 25
