29 203
8 23
8 15
8 11
8 12
8 14
8 25
8 21
8 9
8 24
8 6
8 28
8 26
8 22
8 27
23 15
23 11
23 12
23 14
23 25
23 21
23 17
23 1
23 2
23 10
23 7
23 19
23 16
15 11
15 25
15 24
15 26
15 22
15 17
15 19
15 16
15 13
15 3
15 4
15 18
11 21
11 9
11 28
11 27
11 17
11 19
11 16
11 0
11 20
11 4
11 5
12 25
12 21
12 24
12 6
12 27
12 1
12 7
12 16
12 13
12 20
12 3
12 5
14 25
14 21
14 9
14 6
14 22
14 2
14 10
14 19
14 0
14 20
14 3
14 18
25 28
25 26
25 2
25 7
25 20
25 3
25 4
25 18
25 5
21 22
21 27
21 1
21 10
21 13
21 0
21 4
21 18
21 5
9 6
9 28
9 26
9 27
9 17
9 1
9 10
9 16
9 20
9 3
9 18
24 6
24 26
24 22
24 27
24 17
24 1
24 2
24 19
24 0
24 3
24 5
6 28
6 22
6 1
6 2
6 19
6 16
6 13
6 20
6 4
28 26
28 27
28 2
28 10
28 7
28 19
28 13
28 4
28 5
26 22
26 1
26 10
26 7
26 16
26 0
26 18
26 5
22 17
22 10
22 7
22 13
22 0
22 20
22 4
27 17
27 2
27 7
27 13
27 0
27 3
27 18
17 1
17 2
17 10
17 7
17 20
17 3
17 4
1 2
1 10
1 16
1 4
1 18
1 5
2 7
2 19
2 0
2 4
2 18
10 7
10 19
10 13
10 3
10 5
7 16
7 13
7 0
7 20
19 16
19 13
19 0
19 3
19 5
16 13
16 0
16 20
16 18
13 3
13 4
13 18
0 20
0 18
0 5
20 3
20 4
20 5
3 18
3 5
4 18
4 5
