29 203
25 14
25 20
25 16
25 15
25 12
25 6
25 24
25 8
25 18
25 17
25 27
25 22
25 19
25 7
14 20
14 16
14 15
14 12
14 6
14 24
14 13
14 28
14 5
14 26
14 3
14 9
14 4
20 16
20 6
20 18
20 22
20 19
20 13
20 9
20 4
20 1
20 23
20 11
20 21
16 24
16 8
16 27
16 7
16 13
16 9
16 4
16 10
16 0
16 11
16 2
15 6
15 24
15 18
15 17
15 7
15 28
15 3
15 4
15 1
15 0
15 23
15 2
12 6
12 24
12 8
12 17
12 19
12 5
12 26
12 9
12 10
12 0
12 23
12 21
6 27
6 22
6 5
6 3
6 0
6 23
6 11
6 21
6 2
24 19
24 7
24 28
24 26
24 1
24 10
24 11
24 21
24 2
8 17
8 27
8 22
8 7
8 13
8 28
8 26
8 4
8 0
8 23
8 21
18 17
18 22
18 19
18 7
18 13
18 28
18 5
18 9
18 10
18 23
18 2
17 27
17 19
17 28
17 5
17 9
17 4
17 1
17 0
17 11
27 22
27 7
27 5
27 26
27 3
27 9
27 1
27 11
27 2
22 19
22 28
22 26
22 3
22 4
22 10
22 21
22 2
19 13
19 26
19 3
19 1
19 10
19 0
19 11
7 13
7 5
7 3
7 1
7 10
7 23
7 21
13 28
13 5
13 26
13 3
13 0
13 23
13 11
28 5
28 26
28 4
28 11
28 21
28 2
5 3
5 9
5 10
5 11
5 21
26 3
26 9
26 1
26 23
26 2
3 4
3 1
3 10
3 0
9 4
9 1
9 10
9 23
9 2
4 1
4 10
4 0
4 21
1 23
1 11
1 21
10 0
10 21
10 2
0 23
0 11
0 2
23 21
23 2
11 21
11 2
