29 203
8 5
8 15
8 10
8 11
8 3
8 1
8 24
8 13
8 27
8 18
8 7
8 9
8 28
8 23
5 15
5 10
5 11
5 3
5 1
5 24
5 2
5 25
5 19
5 0
5 6
5 14
5 12
15 10
15 1
15 27
15 9
15 28
15 2
15 14
15 12
15 20
15 21
15 4
15 26
10 24
10 13
10 7
10 23
10 2
10 14
10 12
10 22
10 16
10 4
10 17
11 1
11 24
11 27
11 18
11 23
11 25
11 6
11 12
11 20
11 16
11 21
11 17
3 1
3 24
3 13
3 18
3 28
3 19
3 0
3 14
3 22
3 16
3 21
3 26
1 7
1 9
1 19
1 6
1 16
1 21
1 4
1 26
1 17
24 28
24 23
24 25
24 0
24 20
24 22
24 4
24 26
24 17
13 18
13 7
13 9
13 23
13 2
13 25
13 0
13 12
13 16
13 21
13 26
27 18
27 9
27 28
27 23
27 2
27 25
27 19
27 14
27 22
27 21
27 17
18 7
18 28
18 25
18 19
18 14
18 12
18 20
18 16
18 4
7 9
7 23
7 19
7 0
7 6
7 14
7 20
7 4
7 17
9 28
9 25
9 0
9 6
9 12
9 22
9 26
9 17
28 2
28 0
28 6
28 20
28 22
28 16
28 4
23 2
23 19
23 6
23 20
23 22
23 21
23 26
2 25
2 19
2 0
2 6
2 16
2 21
2 4
25 19
25 0
25 12
25 4
25 26
25 17
19 6
19 14
19 22
19 4
19 26
0 6
0 14
0 20
0 21
0 17
6 12
6 20
6 22
6 16
14 12
14 20
14 22
14 21
14 17
12 20
12 22
12 16
12 26
20 21
20 4
20 26
22 16
22 26
22 17
16 21
16 4
16 17
21 26
21 17
4 26
4 17
