29 203
21 22
21 25
21 11
21 20
21 4
21 10
21 13
21 23
21 8
21 16
21 17
21 12
21 6
21 5
22 25
22 11
22 20
22 4
22 10
22 13
22 24
22 0
22 2
22 27
22 1
22 14
22 15
25 11
25 10
25 8
25 12
25 6
25 24
25 14
25 15
25 7
25 28
25 26
25 19
11 13
11 23
11 17
11 5
11 24
11 14
11 15
11 9
11 18
11 26
11 3
20 10
20 13
20 8
20 16
20 5
20 0
20 1
20 15
20 7
20 18
20 28
20 3
4 10
4 13
4 23
4 16
4 6
4 2
4 27
4 14
4 9
4 18
4 28
4 19
10 17
10 12
10 2
10 1
10 18
10 28
10 26
10 19
10 3
13 6
13 5
13 0
13 27
13 7
13 9
13 26
13 19
13 3
23 16
23 17
23 12
23 5
23 24
23 0
23 27
23 15
23 18
23 28
23 19
8 16
8 12
8 6
8 5
8 24
8 0
8 2
8 14
8 9
8 28
8 3
16 17
16 6
16 0
16 2
16 14
16 15
16 7
16 18
16 26
17 12
17 5
17 2
17 27
17 1
17 14
17 7
17 26
17 3
12 6
12 0
12 27
12 1
12 15
12 9
12 19
12 3
6 24
6 27
6 1
6 7
6 9
6 18
6 26
5 24
5 2
5 1
5 7
5 9
5 28
5 19
24 0
24 2
24 27
24 1
24 18
24 28
24 26
0 2
0 27
0 15
0 26
0 19
0 3
2 1
2 14
2 9
2 26
2 19
27 1
27 14
27 7
27 28
27 3
1 15
1 7
1 9
1 18
14 15
14 7
14 9
14 28
14 3
15 7
15 9
15 18
15 19
7 28
7 26
7 19
9 18
9 19
9 3
18 28
18 26
18 3
28 19
28 3
26 19
26 3
