29 203
11 0
11 28
11 10
11 17
11 24
11 14
11 15
11 6
11 18
11 16
11 23
11 2
11 5
11 4
0 28
0 10
0 17
0 24
0 14
0 15
0 9
0 12
0 21
0 7
0 26
0 8
0 1
28 10
28 14
28 18
28 2
28 5
28 9
28 8
28 1
28 22
28 27
28 20
28 19
10 15
10 6
10 23
10 4
10 9
10 8
10 1
10 25
10 3
10 20
10 13
17 14
17 15
17 18
17 16
17 4
17 12
17 26
17 1
17 22
17 3
17 27
17 13
24 14
24 15
24 6
24 16
24 5
24 21
24 7
24 8
24 25
24 3
24 27
24 19
14 23
14 2
14 21
14 26
14 3
14 27
14 20
14 19
14 13
15 5
15 4
15 12
15 7
15 22
15 25
15 20
15 19
15 13
6 16
6 23
6 2
6 4
6 9
6 12
6 7
6 1
6 3
6 27
6 19
18 16
18 2
18 5
18 4
18 9
18 12
18 21
18 8
18 25
18 27
18 13
16 23
16 5
16 12
16 21
16 8
16 1
16 22
16 3
16 20
23 2
23 4
23 21
23 7
23 26
23 8
23 22
23 20
23 13
2 5
2 12
2 7
2 26
2 1
2 25
2 19
2 13
5 9
5 7
5 26
5 22
5 25
5 3
5 20
4 9
4 21
4 26
4 22
4 25
4 27
4 19
9 12
9 21
9 7
9 26
9 3
9 27
9 20
12 21
12 7
12 1
12 20
12 19
12 13
21 26
21 8
21 25
21 20
21 19
7 26
7 8
7 22
7 27
7 13
26 1
26 22
26 25
26 3
8 1
8 22
8 25
8 27
8 13
1 22
1 25
1 3
1 19
22 27
22 20
22 19
25 3
25 19
25 13
3 27
3 20
3 13
27 19
27 13
20 19
20 13
