440 960
0 13
0 25
0 396
1 233
1 266
1 306
2 105
2 242
2 424
3 26
3 89
3 90
3 196
3 327
3 345
3 350
3 435
4 20
4 183
4 234
4 250
4 291
4 370
4 371
4 436
5 31
5 106
5 142
6 84
6 94
6 437
7 77
7 335
7 420
8 248
8 321
8 382
9 74
9 126
9 132
9 187
9 289
9 291
9 344
9 359
10 13
10 43
10 332
11 125
11 132
11 196
11 210
11 218
11 241
11 269
11 313
12 84
12 93
12 233
13 121
13 225
13 231
13 276
13 317
13 432
14 45
14 100
14 294
15 49
15 268
15 402
16 49
16 182
16 364
17 182
17 378
17 383
18 31
18 315
18 335
19 182
19 184
19 362
20 106
20 367
21 31
21 93
21 427
22 45
22 221
22 233
23 176
23 335
23 412
24 53
24 81
24 180
24 237
24 274
24 279
24 334
24 423
25 64
25 95
25 117
25 247
25 325
25 430
25 432
26 381
26 383
27 75
27 79
27 88
27 207
27 218
27 229
27 353
27 369
28 133
28 151
28 160
28 165
28 186
28 239
28 307
28 393
29 157
29 243
29 364
30 61
30 94
30 306
31 111
31 126
31 129
31 202
31 302
32 93
32 94
32 380
33 194
33 389
33 427
34 97
34 266
34 402
35 280
35 356
35 373
36 72
36 190
36 424
37 268
37 360
37 372
38 170
38 321
38 362
39 54
39 105
39 190
40 107
40 270
40 281
41 43
41 373
41 418
42 156
42 166
42 167
42 185
42 286
42 307
42 334
42 390
43 82
43 149
43 225
43 260
43 320
43 363
44 84
44 270
44 375
45 155
45 180
45 186
45 218
45 227
45 336
46 158
46 198
46 282
46 329
46 331
46 351
46 352
46 414
47 152
47 332
47 383
48 81
48 88
48 116
48 125
48 136
48 144
48 146
48 165
49 85
49 108
49 139
49 169
49 192
49 385
50 221
50 360
50 428
51 111
51 114
51 118
51 171
51 240
51 250
51 313
51 316
52 97
52 176
52 267
53 176
53 248
54 104
54 108
54 181
54 188
54 256
54 341
54 392
55 142
55 278
55 328
56 242
56 246
56 406
57 243
57 268
57 375
58 77
58 270
58 420
59 69
59 84
59 402
60 68
60 280
60 412
61 98
61 162
61 205
61 236
61 313
61 344
61 413
62 110
62 190
62 428
63 113
63 164
63 215
63 353
63 355
63 384
63 411
63 434
64 261
64 306
65 281
65 389
65 418
66 107
66 157
66 220
67 69
67 242
67 383
68 138
68 145
68 185
68 258
68 276
68 314
68 317
69 109
69 172
69 399
69 405
69 416
69 433
70 301
70 335
70 373
71 298
71 389
71 428
72 78
72 90
72 113
72 136
72 155
72 272
72 354
73 195
73 202
73 210
73 299
73 300
73 337
73 409
73 436
74 301
74 380
75 170
75 208
76 238
76 278
76 379
77 172
77 173
77 343
77 386
77 387
77 408
78 124
78 296
79 184
79 372
80 176
80 252
80 373
81 429
82 261
82 379
83 110
83 197
83 283
84 118
84 141
84 284
84 289
85 197
85 221
86 296
86 362
86 372
87 143
87 179
87 424
88 324
89 179
89 242
90 283
91 127
91 375
91 437
92 93
92 261
92 375
93 137
93 153
93 183
93 400
94 116
94 130
94 174
94 198
94 227
95 127
95 379
96 368
96 381
96 424
97 156
97 162
97 164
97 203
97 213
97 388
98 391
98 402
99 200
99 246
99 248
100 136
100 191
100 228
100 264
100 305
100 308
100 331
101 120
101 210
101 223
101 245
101 297
101 318
101 342
101 425
102 147
102 208
102 382
103 267
103 301
103 391
104 127
104 298
105 122
105 258
105 273
105 286
105 345
105 404
106 119
106 204
106 241
106 245
106 338
106 348
107 109
107 285
107 308
107 310
107 340
107 352
108 418
109 427
110 228
110 230
110 290
110 317
110 365
110 390
111 248
112 194
112 281
112 328
113 321
114 283
114 296
115 182
115 220
115 382
116 221
117 194
117 373
118 301
119 127
119 298
120 142
120 389
121 134
121 356
122 212
122 439
123 194
123 372
123 391
124 160
124 264
124 271
124 284
124 290
124 309
124 423
125 362
126 147
127 131
127 137
127 300
127 363
128 146
128 192
128 199
128 211
128 214
128 227
128 277
128 413
129 170
129 252
130 266
130 379
131 134
131 152
132 266
133 248
133 301
134 204
134 300
134 314
134 361
134 366
134 392
135 208
135 315
135 362
137 402
138 268
138 373
139 157
139 381
140 220
140 280
140 410
141 312
141 396
142 158
142 235
142 249
142 400
142 436
143 177
143 232
143 288
143 345
143 376
143 395
143 433
144 220
144 294
145 254
145 374
146 233
147 151
147 250
147 265
147 279
147 287
147 310
148 378
148 429
148 439
149 254
149 396
150 220
150 312
150 374
151 176
152 169
152 259
152 303
152 333
152 394
152 404
153 367
153 401
154 270
154 382
154 427
155 220
156 335
157 206
157 207
157 305
157 387
157 421
158 306
159 263
159 270
159 378
160 420
161 281
161 324
161 424
162 375
163 170
163 364
163 420
164 194
165 200
166 212
166 374
167 252
167 391
168 294
168 296
168 312
169 194
170 222
170 234
170 274
170 307
171 266
171 324
172 263
173 252
173 263
174 410
174 412
175 179
175 251
175 356
176 224
176 289
176 316
177 200
177 321
178 238
178 280
178 372
179 185
179 188
179 193
179 358
179 394
180 200
181 332
181 368
182 229
182 253
182 308
182 386
183 281
184 207
184 240
184 271
184 272
184 359
184 434
186 429
187 190
187 296
188 283
189 382
189 396
189 410
190 226
190 240
190 394
190 435
191 268
191 410
192 428
193 212
193 246
194 260
194 341
195 238
195 328
196 281
197 211
197 226
197 277
197 326
197 361
197 407
198 373
199 212
199 266
200 287
200 323
200 408
200 415
201 248
201 429
201 439
202 367
203 212
203 301
204 261
205 212
205 221
206 296
206 362
208 215
208 288
208 340
208 354
208 415
209 233
209 380
209 437
211 360
212 224
212 365
213 251
213 252
214 238
214 428
215 294
216 242
216 270
216 368
217 254
217 298
217 356
219 270
219 380
219 402
220 282
220 290
221 326
221 339
221 377
222 263
222 381
223 328
223 367
224 391
225 401
226 374
228 312
229 296
230 254
230 356
231 356
231 374
232 406
232 439
233 236
233 244
233 351
234 335
235 379
235 410
236 379
237 312
237 420
238 297
238 326
238 338
238 355
239 251
239 315
241 278
242 255
242 357
242 415
243 253
243 277
243 303
243 339
243 341
243 347
244 373
244 410
245 324
246 265
246 273
246 323
246 343
246 376
247 412
247 418
248 291
248 340
249 401
249 437
251 257
251 258
251 274
251 346
251 365
252 330
252 370
252 438
253 381
254 314
254 320
254 325
254 430
255 332
255 439
256 383
256 406
257 267
257 374
259 368
259 406
260 412
261 333
261 392
261 409
261 426
262 278
262 381
262 406
263 304
263 393
263 422
263 423
264 374
265 429
266 377
266 431
267 273
267 358
267 377
267 390
267 413
268 282
268 293
268 355
269 424
269 427
270 395
271 294
272 312
275 364
275 383
275 424
276 298
278 299
278 311
278 349
278 403
279 301
280 331
280 347
280 385
280 411
281 302
281 399
283 295
283 322
283 359
283 404
284 401
285 401
285 410
286 356
287 439
288 429
292 367
292 396
292 437
293 356
293 412
294 295
294 398
294 435
295 424
296 353
297 306
298 333
298 407
298 409
299 324
301 330
302 437
303 418
304 315
304 364
305 382
306 319
306 349
306 363
309 380
309 396
310 321
311 367
311 389
312 393
312 419
315 334
315 369
315 370
315 417
316 380
318 332
318 381
319 367
319 410
320 406
321 357
321 369
321 398
322 374
322 428
323 378
324 327
324 336
324 344
325 332
327 427
328 348
328 366
328 397
328 407
329 367
329 379
330 412
332 376
332 403
335 346
335 422
336 362
337 360
337 389
338 389
339 428
342 360
342 379
343 429
346 391
347 402
348 360
349 360
350 364
350 368
351 412
352 396
354 372
357 429
358 439
360 411
361 389
362 434
364 403
364 425
366 428
368 386
368 421
368 433
371 427
371 437
372 388
372 398
375 385
375 405
375 431
378 416
378 421
378 422
378 438
380 405
380 419
381 417
382 399
382 414
383 387
383 395
384 391
384 418
388 418
391 431
396 400
397 418
397 427
401 414
401 419
401 430
402 426
406 425
406 432
408 439
416 420
417 420
420 438
426 437
