256 2656
0 13
0 26
0 27
0 58
0 77
0 91
0 101
0 106
0 123
0 137
0 147
0 158
0 164
0 200
0 207
0 208
0 217
0 219
0 224
0 233
0 235
1 6
1 25
1 41
1 61
1 80
1 100
1 110
1 112
1 143
1 146
1 155
1 170
1 177
1 183
1 209
1 211
1 218
1 222
1 233
1 234
2 9
2 12
2 33
2 34
2 50
2 52
2 70
2 110
2 124
2 135
2 138
2 140
2 143
2 151
2 188
2 190
2 192
2 204
2 206
2 213
3 5
3 28
3 29
3 48
3 58
3 63
3 67
3 84
3 91
3 98
3 100
3 117
3 118
3 137
3 158
3 161
3 171
3 181
3 191
3 238
3 245
4 15
4 20
4 22
4 36
4 42
4 43
4 45
4 65
4 67
4 68
4 103
4 105
4 109
4 151
4 160
4 191
4 193
4 204
4 219
4 225
4 244
5 67
5 90
5 91
5 98
5 111
5 112
5 145
5 150
5 167
5 168
5 171
5 174
5 176
5 204
5 217
5 231
5 238
5 245
5 251
6 31
6 39
6 41
6 61
6 62
6 71
6 72
6 84
6 89
6 94
6 101
6 110
6 143
6 170
6 179
6 182
6 186
6 199
6 211
6 219
7 56
7 67
7 86
7 96
7 119
7 132
7 144
7 151
7 152
7 159
7 165
7 167
7 172
7 177
7 182
7 184
7 218
7 230
7 232
7 241
7 246
8 15
8 16
8 54
8 57
8 66
8 107
8 111
8 116
8 117
8 129
8 138
8 145
8 165
8 168
8 177
8 214
8 217
8 231
8 235
8 245
8 254
9 10
9 22
9 34
9 44
9 52
9 73
9 81
9 93
9 108
9 115
9 126
9 138
9 140
9 145
9 150
9 159
9 204
9 205
9 206
9 221
10 11
10 22
10 44
10 49
10 54
10 62
10 73
10 74
10 96
10 99
10 108
10 116
10 140
10 152
10 153
10 156
10 197
10 205
10 221
10 232
11 23
11 36
11 49
11 50
11 60
11 62
11 98
11 99
11 122
11 126
11 132
11 144
11 153
11 156
11 190
11 195
11 232
11 246
11 253
11 255
12 17
12 25
12 30
12 33
12 78
12 81
12 83
12 88
12 131
12 135
12 143
12 185
12 190
12 192
12 213
12 220
12 227
12 247
12 253
13 24
13 27
13 61
13 77
13 79
13 86
13 105
13 106
13 120
13 121
13 125
13 126
13 157
13 158
13 161
13 164
13 188
13 200
13 209
13 217
14 35
14 45
14 68
14 92
14 97
14 98
14 113
14 124
14 125
14 131
14 139
14 149
14 154
14 173
14 181
14 186
14 221
14 233
14 236
14 242
14 253
15 18
15 20
15 28
15 42
15 45
15 46
15 53
15 57
15 89
15 91
15 111
15 117
15 191
15 212
15 214
15 219
15 225
15 235
15 254
16 34
16 52
16 66
16 73
16 78
16 86
16 90
16 107
16 129
16 145
16 150
16 164
16 168
16 174
16 177
16 193
16 210
16 245
16 255
17 25
17 30
17 33
17 60
17 70
17 83
17 88
17 93
17 110
17 133
17 185
17 196
17 203
17 206
17 210
17 227
17 237
17 242
17 253
18 26
18 28
18 43
18 46
18 48
18 53
18 55
18 76
18 79
18 87
18 89
18 91
18 118
18 121
18 149
18 187
18 189
18 212
18 214
18 240
19 27
19 61
19 64
19 71
19 80
19 87
19 95
19 102
19 104
19 127
19 128
19 153
19 155
19 175
19 201
19 211
19 227
19 234
19 236
19 248
19 249
20 34
20 42
20 45
20 50
20 51
20 56
20 65
20 75
20 103
20 121
20 171
20 176
20 191
20 194
20 219
20 221
20 225
20 230
20 250
21 24
21 37
21 60
21 62
21 76
21 85
21 102
21 128
21 134
21 135
21 148
21 155
21 161
21 175
21 200
21 201
21 205
21 207
21 223
21 228
21 240
22 23
22 36
22 44
22 68
22 73
22 75
22 103
22 108
22 113
22 133
22 151
22 154
22 193
22 204
22 205
22 221
22 238
22 247
23 28
23 56
23 60
23 75
23 92
23 98
23 113
23 122
23 132
23 133
23 137
23 154
23 160
23 168
23 174
23 190
23 238
23 247
23 253
24 32
24 37
24 48
24 61
24 79
24 114
24 125
24 128
24 142
24 148
24 157
24 161
24 188
24 201
24 207
24 209
24 212
24 216
24 240
25 30
25 41
25 44
25 57
25 80
25 83
25 104
25 134
25 146
25 155
25 162
25 183
25 185
25 196
25 209
25 227
25 253
26 43
26 46
26 48
26 58
26 87
26 101
26 107
26 121
26 136
26 147
26 149
26 162
26 163
26 191
26 208
26 214
26 219
26 231
26 235
27 71
27 77
27 80
27 82
27 85
27 95
27 99
27 131
27 133
27 153
27 158
27 164
27 175
27 200
27 201
27 215
27 217
27 249
28 46
28 53
28 56
28 58
28 63
28 89
28 91
28 92
28 100
28 137
28 158
28 160
28 161
28 168
28 174
28 181
28 212
29 32
29 35
29 40
29 47
29 48
29 53
29 84
29 89
29 117
29 118
29 137
29 170
29 173
29 179
29 187
29 191
29 197
29 208
29 225
29 241
30 33
30 83
30 93
30 133
30 146
30 163
30 178
30 185
30 196
30 205
30 210
30 220
30 227
30 242
30 253
30 254
31 42
31 64
31 72
31 84
31 89
31 101
31 147
31 153
31 170
31 179
31 183
31 184
31 186
31 199
31 203
31 209
31 213
31 223
31 234
31 239
32 37
32 38
32 48
32 55
32 81
32 89
32 114
32 142
32 162
32 173
32 187
32 197
32 210
32 212
32 216
32 225
32 241
32 252
32 254
33 88
33 93
33 97
33 104
33 122
33 133
33 135
33 143
33 146
33 190
33 192
33 196
33 210
33 213
33 220
33 242
34 50
34 52
34 65
34 66
34 75
34 138
34 140
34 150
34 164
34 174
34 176
34 193
34 204
34 206
34 221
34 230
34 245
35 40
35 47
35 53
35 99
35 101
35 109
35 124
35 125
35 154
35 170
35 179
35 181
35 186
35 194
35 199
35 208
35 226
35 233
36 50
36 68
36 103
36 125
36 126
36 143
36 144
36 151
36 180
36 192
36 193
36 195
36 203
36 204
36 206
36 230
36 246
36 255
37 48
37 59
37 60
37 76
37 82
37 114
37 127
37 134
37 135
37 142
37 148
37 175
37 189
37 205
37 212
37 216
37 248
37 252
38 51
38 55
38 59
38 69
38 76
38 81
38 95
38 109
38 114
38 128
38 141
38 162
38 169
38 182
38 210
38 218
38 229
38 239
38 252
38 254
39 62
39 71
39 94
39 112
39 116
39 119
39 129
39 130
39 141
39 144
39 172
39 179
39 182
39 184
39 194
39 219
39 222
39 239
39 244
39 252
40 47
40 51
40 53
40 72
40 100
40 113
40 123
40 139
40 156
40 170
40 179
40 180
40 186
40 188
40 199
40 208
40 215
40 244
41 61
41 64
41 77
41 80
41 110
41 120
41 124
41 142
41 143
41 146
41 155
41 170
41 180
41 183
41 209
41 211
41 240
42 45
42 47
42 72
42 94
42 136
42 147
42 153
42 158
42 170
42 184
42 191
42 214
42 219
42 223
42 224
42 225
42 239
43 48
43 63
43 65
43 67
43 77
43 87
43 105
43 109
43 121
43 149
43 157
43 159
43 160
43 207
43 214
43 244
43 250
43 255
44 57
44 73
44 104
44 108
44 114
44 134
44 162
44 178
44 185
44 189
44 190
44 196
44 201
44 205
44 221
44 228
44 237
45 53
45 55
45 84
45 97
45 113
45 149
45 152
45 166
45 173
45 191
45 202
45 216
45 219
45 225
45 236
45 253
46 53
46 65
46 89
46 91
46 94
46 103
46 107
46 117
46 136
46 147
46 162
46 163
46 173
46 191
46 202
46 212
46 231
47 53
47 72
47 94
47 99
47 101
47 109
47 136
47 158
47 170
47 179
47 194
47 199
47 208
47 214
47 224
47 226
48 84
48 87
48 114
48 117
48 118
48 121
48 137
48 142
48 149
48 191
48 212
48 214
48 216
49 52
49 62
49 68
49 74
49 75
49 99
49 108
49 115
49 130
49 134
49 138
49 153
49 156
49 165
49 166
49 178
49 198
49 232
49 241
50 65
50 70
50 75
50 110
50 124
50 126
50 144
50 151
50 176
50 188
50 195
50 213
50 221
50 230
50 246
50 255
51 56
51 59
51 72
51 103
51 109
51 121
51 156
51 171
51 182
51 186
51 194
51 208
51 215
51 218
51 229
51 239
51 244
51 250
52 68
52 73
52 74
52 75
52 78
52 86
52 90
52 115
52 134
52 138
52 140
52 178
52 204
52 206
52 210
52 255
53 55
53 84
53 89
53 91
53 152
53 166
53 170
53 179
53 202
53 208
53 212
53 216
54 66
54 70
54 73
54 74
54 96
54 115
54 116
54 138
54 140
54 152
54 165
54 176
54 192
54 193
54 197
54 198
54 217
54 231
55 76
55 79
55 81
55 84
55 118
55 152
55 162
55 166
55 187
55 189
55 202
55 210
55 216
55 240
55 252
55 254
56 67
56 92
56 103
56 119
56 121
56 137
56 144
56 152
56 160
56 168
56 171
56 174
56 194
56 218
56 241
56 250
57 59
57 78
57 93
57 104
57 111
57 117
57 134
57 141
57 162
57 163
57 185
57 187
57 196
57 214
57 216
57 235
57 254
58 63
58 66
58 85
58 100
58 101
58 120
58 147
58 157
58 158
58 161
58 181
58 208
58 219
58 224
58 235
58 249
58 251
59 78
59 82
59 93
59 109
59 127
59 141
59 148
59 163
59 182
59 187
59 189
59 216
59 218
59 229
59 239
59 248
59 252
60 70
60 76
60 88
60 98
60 110
60 122
60 132
60 134
60 135
60 175
60 190
60 203
60 205
60 206
60 237
60 253
61 64
61 79
61 102
61 104
61 110
61 125
61 143
61 157
61 170
61 188
61 209
61 211
61 227
61 234
62 71
62 85
62 94
62 99
62 102
62 153
62 155
62 156
62 179
62 182
62 200
62 219
62 223
62 228
62 232
63 69
63 77
63 79
63 100
63 106
63 127
63 142
63 157
63 158
63 159
63 161
63 175
63 181
63 207
63 228
63 250
63 255
64 77
64 102
64 104
64 120
64 124
64 142
64 179
64 180
64 183
64 203
64 209
64 211
64 213
64 227
64 234
64 240
65 67
65 75
65 94
65 103
65 105
65 109
65 117
65 147
65 160
65 173
65 176
65 202
65 221
65 230
65 244
66 85
66 116
66 120
66 138
66 150
66 157
66 164
66 165
66 174
66 193
66 217
66 224
66 231
66 245
66 249
66 251
67 91
67 98
67 105
67 109
67 119
67 144
67 152
67 160
67 171
67 218
67 238
67 241
67 244
67 245
68 74
68 75
68 92
68 98
68 103
68 115
68 131
68 134
68 139
68 151
68 178
68 193
68 204
68 221
68 242
69 76
69 79
69 80
69 82
69 95
69 102
69 106
69 114
69 127
69 128
69 141
69 142
69 148
69 149
69 169
69 175
69 228
69 243
70 73
70 88
70 110
70 115
70 124
70 151
70 176
70 188
70 192
70 193
70 198
70 203
70 206
70 213
70 237
71 74
71 80
71 94
71 108
71 132
71 153
71 175
71 179
71 182
71 195
71 201
71 215
71 219
71 223
71 226
71 249
72 84
72 89
72 94
72 101
72 136
72 156
72 158
72 186
72 199
72 208
72 214
72 215
72 224
72 244
73 78
73 86
73 90
73 108
73 115
73 176
73 192
73 193
73 198
73 205
73 210
73 221
73 255
74 75
74 96
74 108
74 115
74 116
74 132
74 134
74 140
74 152
74 178
74 195
74 197
74 215
74 223
74 226
75 113
75 115
75 133
75 134
75 154
75 176
75 178
75 221
75 230
75 238
75 247
76 79
76 95
76 114
76 118
76 128
76 134
76 135
76 141
76 169
76 175
76 187
76 189
76 205
76 240
77 120
77 124
77 142
77 157
77 158
77 159
77 164
77 180
77 200
77 207
77 217
77 240
77 250
77 255
78 81
78 86
78 88
78 90
78 93
78 131
78 141
78 163
78 185
78 187
78 210
78 216
78 220
78 247
78 255
79 106
79 118
79 125
79 127
79 142
79 157
79 175
79 187
79 188
79 189
79 209
79 228
79 240
80 82
80 102
80 146
80 148
80 149
80 153
80 155
80 169
80 175
80 183
80 201
80 209
80 243
80 249
81 88
81 93
81 115
81 126
81 131
81 145
81 150
81 159
81 162
81 185
81 210
81 220
81 247
81 252
81 254
82 85
82 95
82 99
82 102
82 127
82 131
82 133
82 148
82 149
82 169
82 189
82 215
82 243
82 248
82 252
83 87
83 92
83 97
83 122
83 135
83 139
83 154
83 185
83 195
83 202
83 225
83 227
83 232
83 237
83 238
83 243
83 253
84 89
84 101
84 117
84 118
84 137
84 152
84 166
84 186
84 191
84 199
84 202
84 216
85 95
85 99
85 102
85 120
85 131
85 133
85 155
85 157
85 200
85 215
85 223
85 224
85 228
85 249
85 251
86 90
86 105
86 106
86 120
86 121
86 126
86 132
86 151
86 159
86 161
86 172
86 210
86 230
86 232
86 255
87 95
87 121
87 122
87 127
87 128
87 139
87 149
87 154
87 155
87 202
87 214
87 225
87 236
87 243
87 248
88 97
88 104
88 110
88 122
88 131
88 146
88 185
88 196
88 203
88 206
88 220
88 237
88 247
89 91
89 101
89 173
89 186
89 187
89 197
89 199
89 212
89 225
89 241
90 111
90 112
90 145
90 150
90 167
90 168
90 174
90 176
90 204
90 210
90 217
90 231
90 251
90 255
91 98
91 106
91 123
91 137
91 171
91 207
91 212
91 224
91 233
91 238
91 245
92 97
92 98
92 131
92 135
92 137
92 139
92 160
92 168
92 174
92 195
92 221
92 232
92 237
92 238
92 242
93 115
93 126
93 133
93 141
93 145
93 150
93 159
93 163
93 187
93 196
93 210
93 216
93 242
94 103
94 117
94 136
94 147
94 158
94 173
94 179
94 182
94 202
94 214
94 219
94 224
95 99
95 114
95 127
95 128
95 131
95 133
95 141
95 155
95 169
95 215
95 236
95 248
96 107
96 111
96 116
96 130
96 140
96 152
96 164
96 165
96 167
96 177
96 182
96 184
96 197
96 198
96 246
96 251
97 104
97 113
97 122
97 135
97 146
97 149
97 173
97 195
97 196
97 220
97 232
97 236
97 237
97 238
97 253
98 122
98 131
98 132
98 139
98 171
98 190
98 221
98 238
98 242
98 245
98 253
99 101
99 109
99 131
99 133
99 153
99 156
99 194
99 199
99 215
99 226
99 232
100 112
100 113
100 123
100 139
100 158
100 161
100 177
100 180
100 181
100 188
100 199
100 218
100 222
100 233
100 234
101 109
101 147
101 186
101 194
101 199
101 208
101 219
101 226
101 235
102 104
102 148
102 149
102 155
102 169
102 200
102 211
102 223
102 227
102 228
102 234
102 243
103 117
103 121
103 147
103 151
103 171
103 173
103 193
103 194
103 202
103 204
103 250
104 122
104 134
104 146
104 162
104 185
104 196
104 211
104 220
104 227
104 234
105 106
105 109
105 118
105 120
105 121
105 126
105 136
105 160
105 161
105 212
105 235
105 236
105 243
105 244
105 250
106 120
106 121
106 123
106 126
106 127
106 137
106 142
106 161
106 175
106 207
106 224
106 228
106 233
107 111
107 129
107 130
107 136
107 140
107 145
107 162
107 163
107 164
107 168
107 177
107 191
107 198
107 231
107 245
107 251
108 130
108 132
108 138
108 165
108 166
108 195
108 198
108 205
108 215
108 221
108 223
108 226
108 241
109 160
109 182
109 194
109 199
109 218
109 226
109 229
109 239
109 244
110 124
110 143
110 151
110 170
110 188
110 203
110 206
110 211
110 213
110 237
111 112
111 117
111 130
111 140
111 150
111 164
111 167
111 174
111 198
111 214
111 231
111 235
111 251
111 254
112 116
112 129
112 130
112 144
112 150
112 167
112 172
112 174
112 177
112 218
112 222
112 231
112 233
112 234
112 239
113 123
113 133
113 139
113 149
113 154
113 173
113 180
113 188
113 199
113 236
113 238
113 247
113 253
114 128
114 141
114 142
114 169
114 178
114 189
114 190
114 201
114 212
114 216
114 228
114 237
115 126
115 134
115 145
115 150
115 159
115 176
115 178
115 192
115 193
115 198
116 129
116 130
116 138
116 140
116 144
116 152
116 165
116 172
116 197
116 217
116 231
116 239
117 118
117 137
117 147
117 173
117 191
117 202
117 214
117 235
117 254
118 136
118 137
118 187
118 189
118 191
118 212
118 235
118 236
118 240
118 243
118 250
119 123
119 129
119 141
119 144
119 152
119 167
119 181
119 183
119 184
119 194
119 211
119 218
119 222
119 229
119 241
119 244
119 252
120 121
120 124
120 126
120 142
120 157
120 161
120 180
120 224
120 240
120 249
120 251
121 126
121 149
121 161
121 171
121 194
121 214
121 250
122 132
122 139
122 146
122 154
122 190
122 196
122 202
122 220
122 225
122 243
122 253
123 129
123 137
123 139
123 167
123 180
123 181
123 183
123 188
123 199
123 207
123 211
123 224
123 229
123 233
124 125
124 142
124 151
124 154
124 180
124 181
124 186
124 188
124 213
124 233
124 240
125 143
125 154
125 157
125 180
125 181
125 186
125 188
125 192
125 203
125 206
125 209
125 230
125 233
126 144
126 145
126 150
126 159
126 161
126 195
126 246
126 255
127 128
127 142
127 148
127 155
127 175
127 189
127 228
127 236
127 248
127 252
128 141
128 148
128 155
128 161
128 169
128 201
128 207
128 236
128 240
128 248
129 130
129 144
129 145
129 167
129 168
129 172
129 177
129 181
129 183
129 211
129 229
129 239
129 245
130 138
130 140
130 144
130 164
130 165
130 166
130 172
130 198
130 239
130 241
130 251
131 133
131 139
131 185
131 215
131 220
131 221
131 242
131 247
132 151
132 159
132 172
132 190
132 195
132 215
132 223
132 226
132 230
132 232
132 253
133 154
133 196
133 210
133 215
133 238
133 242
133 247
134 135
134 162
134 175
134 178
134 185
134 196
134 205
135 143
135 175
135 190
135 192
135 195
135 205
135 213
135 232
135 237
135 238
136 158
136 162
136 163
136 191
136 212
136 214
136 224
136 231
136 235
136 236
136 243
136 250
137 160
137 168
137 174
137 191
137 207
137 224
137 233
138 140
138 165
138 166
138 198
138 204
138 206
138 217
138 231
138 241
139 154
139 180
139 188
139 199
139 202
139 221
139 225
139 242
139 243
140 152
140 164
140 197
140 198
140 204
140 206
140 251
141 163
141 169
141 184
141 187
141 194
141 216
141 222
141 244
141 252
142 175
142 180
142 212
142 216
142 228
142 240
143 170
143 180
143 190
143 192
143 203
143 206
143 211
143 213
143 230
144 152
144 172
144 195
144 218
144 239
144 241
144 246
144 255
145 150
145 159
145 168
145 176
145 177
145 204
145 217
145 245
145 251
146 155
146 163
146 178
146 183
146 196
146 205
146 209
146 220
146 227
146 254
147 153
147 170
147 173
147 184
147 202
147 208
147 219
147 223
147 235
147 239
148 149
148 161
148 169
148 189
148 201
148 207
148 240
148 243
148 248
148 252
149 169
149 173
149 214
149 236
149 243
149 253
150 159
150 164
150 167
150 174
150 193
150 231
150 245
151 159
151 172
151 188
151 193
151 204
151 213
151 230
151 232
152 166
152 197
152 202
152 216
152 218
152 241
153 156
153 170
153 175
153 184
153 201
153 223
153 232
153 239
153 249
154 181
154 186
154 202
154 225
154 233
154 238
154 243
154 247
155 183
155 200
155 209
155 223
155 228
155 236
155 248
156 169
156 186
156 200
156 208
156 215
156 226
156 232
156 242
156 244
156 247
156 248
156 249
157 159
157 188
157 207
157 209
157 224
157 249
157 250
157 251
157 255
158 161
158 164
158 181
158 200
158 214
158 217
158 224
159 172
159 207
159 230
159 232
159 250
159 255
160 166
160 168
160 171
160 172
160 174
160 197
160 222
160 229
160 244
160 246
161 181
161 201
161 207
161 240
162 163
162 185
162 191
162 196
162 210
162 231
162 252
162 254
163 178
163 187
163 191
163 205
163 216
163 220
163 227
163 231
163 254
164 174
164 193
164 198
164 200
164 217
164 245
164 251
165 166
165 167
165 177
165 182
165 184
165 198
165 217
165 231
165 241
165 246
166 171
166 172
166 197
166 198
166 202
166 216
166 222
166 229
166 241
166 246
167 174
167 177
167 181
167 182
167 183
167 184
167 211
167 229
167 231
167 246
168 174
168 176
168 177
168 204
168 217
168 245
168 251
169 200
169 226
169 242
169 243
169 247
169 248
169 249
170 179
170 184
170 208
170 211
170 223
170 239
171 172
171 194
171 197
171 222
171 229
171 238
171 245
171 246
171 250
172 197
172 222
172 229
172 230
172 232
172 239
172 246
173 187
173 197
173 202
173 225
173 236
173 241
173 253
174 193
174 231
174 245
175 201
175 205
175 228
175 249
176 192
176 193
176 198
176 204
176 217
176 221
176 230
176 251
177 182
177 184
177 218
177 222
177 233
177 234
177 245
177 246
178 189
178 190
178 201
178 205
178 220
178 227
178 228
178 237
178 254
179 182
179 183
179 203
179 208
179 209
179 213
179 219
179 234
180 188
180 192
180 199
180 203
180 206
180 230
180 240
181 183
181 186
181 211
181 229
181 233
182 184
182 218
182 219
182 229
182 239
182 246
183 203
183 209
183 211
183 213
183 229
183 234
184 194
184 222
184 223
184 239
184 244
184 246
184 252
185 196
185 220
185 227
185 247
185 253
186 199
186 208
186 215
186 233
186 244
187 189
187 197
187 216
187 225
187 240
187 241
188 199
188 209
188 213
189 190
189 201
189 228
189 237
189 240
189 248
189 252
190 192
190 201
190 213
190 228
190 237
190 253
191 219
191 225
191 231
192 193
192 198
192 203
192 206
192 213
192 230
193 198
193 204
193 245
194 199
194 222
194 226
194 244
194 250
194 252
195 215
195 223
195 226
195 232
195 237
195 238
195 246
195 255
196 210
196 220
196 242
197 222
197 225
197 229
197 241
197 246
198 241
198 251
199 226
200 217
200 223
200 226
200 228
200 242
200 247
200 248
200 249
201 207
201 228
201 237
201 240
201 249
202 216
202 225
202 243
203 206
203 209
203 213
203 230
203 234
203 237
204 206
204 217
204 251
205 220
205 221
205 227
205 254
206 230
206 237
207 224
207 233
207 240
207 250
207 255
208 215
208 219
208 235
208 244
209 213
209 234
210 242
210 252
210 254
210 255
211 227
211 229
211 234
212 216
212 235
212 236
212 243
212 250
213 234
214 224
214 235
214 254
215 223
215 226
215 244
217 231
217 251
218 222
218 229
218 233
218 234
218 239
218 241
219 225
219 235
220 227
220 247
220 254
221 230
221 242
222 229
222 233
222 234
222 244
222 246
222 252
223 226
223 228
223 239
224 233
224 249
224 251
225 241
225 243
226 242
226 247
226 248
226 249
227 234
227 253
227 254
228 237
229 239
229 246
230 232
232 237
232 238
233 234
235 236
235 243
235 250
235 254
236 243
236 248
236 250
236 253
237 238
238 245
238 247
242 247
242 248
242 249
243 250
244 252
246 255
247 248
247 249
248 249
248 252
249 251
250 255
252 254
