35 280
19 27
19 11
19 33
19 26
19 25
19 5
19 9
19 6
19 2
19 0
19 29
19 16
19 28
19 21
19 3
19 1
27 11
27 33
27 26
27 25
27 5
27 9
27 34
27 12
27 14
27 20
27 15
27 10
27 4
27 8
27 23
11 6
11 29
11 21
11 3
11 1
11 12
11 14
11 10
11 4
11 23
11 7
11 22
11 13
11 17
33 0
33 16
33 21
33 3
33 1
33 34
33 15
33 10
33 8
33 23
33 7
33 24
33 31
33 32
26 9
26 2
26 21
26 3
26 1
26 34
26 14
26 20
26 8
26 30
26 24
26 18
26 13
26 17
25 5
25 28
25 21
25 3
25 1
25 12
25 20
25 15
25 4
25 30
25 22
25 31
25 18
25 32
5 9
5 2
5 29
5 28
5 15
5 10
5 23
5 7
5 24
5 18
5 32
5 13
5 17
9 6
9 0
9 16
9 4
9 8
9 23
9 30
9 22
9 31
9 32
9 13
9 17
6 0
6 16
6 28
6 1
6 14
6 20
6 15
6 10
6 23
6 30
6 24
6 22
6 18
2 29
2 16
2 28
2 3
2 34
2 14
2 20
2 4
2 23
2 7
2 24
2 22
2 31
0 29
0 28
0 21
0 34
0 12
0 20
0 15
0 4
0 24
0 31
0 13
0 17
29 16
29 21
29 34
29 12
29 20
29 10
29 8
29 22
29 18
29 32
29 17
16 3
16 12
16 14
16 15
16 4
16 8
16 7
16 30
16 18
16 32
28 1
28 34
28 12
28 14
28 10
28 8
28 7
28 30
28 31
28 13
21 14
21 20
21 23
21 7
21 30
21 31
21 18
21 32
21 13
3 12
3 15
3 10
3 30
3 24
3 22
3 31
3 13
3 17
1 34
1 4
1 8
1 7
1 24
1 22
1 18
1 32
1 17
34 12
34 14
34 15
34 23
34 30
34 22
34 32
34 17
12 4
12 8
12 23
12 30
12 24
12 18
12 13
14 15
14 10
14 4
14 31
14 18
14 32
14 13
20 15
20 10
20 4
20 8
20 7
20 30
20 24
20 22
15 7
15 22
15 18
15 13
15 17
10 8
10 30
10 24
10 31
10 32
10 17
4 7
4 24
4 31
4 32
4 17
8 7
8 22
8 31
8 18
8 13
23 7
23 30
23 24
23 22
23 31
23 18
7 30
7 13
7 17
30 32
30 17
24 18
24 32
24 13
22 31
22 32
22 13
31 18
31 17
18 17
32 13
