35 280
24 26
24 19
24 30
24 1
24 23
24 2
24 9
24 18
24 10
24 28
24 16
24 12
24 31
24 5
24 13
24 0
26 19
26 30
26 1
26 23
26 2
26 9
26 7
26 15
26 14
26 33
26 17
26 25
26 34
26 27
26 32
19 18
19 16
19 5
19 13
19 0
19 15
19 14
19 25
19 34
19 32
19 29
19 4
19 21
19 3
30 28
30 12
30 5
30 13
30 0
30 7
30 17
30 25
30 27
30 32
30 29
30 20
30 6
30 8
1 9
1 10
1 5
1 13
1 0
1 7
1 14
1 33
1 27
1 11
1 20
1 22
1 21
1 3
23 2
23 31
23 5
23 13
23 0
23 15
23 33
23 17
23 34
23 11
23 4
23 6
23 22
23 8
2 9
2 10
2 16
2 31
2 17
2 25
2 32
2 29
2 20
2 22
2 8
2 21
2 3
9 18
9 28
9 12
9 34
9 27
9 32
9 11
9 4
9 6
9 8
9 21
9 3
18 28
18 12
18 31
18 0
18 14
18 33
18 17
18 25
18 32
18 11
18 20
18 4
18 22
10 16
10 12
10 31
10 13
10 7
10 14
10 33
10 34
10 32
10 29
10 20
10 4
10 6
28 16
28 31
28 5
28 7
28 15
28 33
28 17
28 34
28 20
28 6
28 21
28 3
16 12
16 5
16 7
16 15
16 33
16 25
16 27
16 4
16 22
16 8
16 3
12 13
12 15
12 14
12 17
12 34
12 27
12 29
12 11
12 22
12 8
31 0
31 7
31 15
31 14
31 25
31 27
31 29
31 11
31 6
31 21
5 14
5 33
5 32
5 29
5 11
5 6
5 22
5 8
5 21
13 15
13 17
13 25
13 11
13 20
13 4
13 6
13 21
13 3
0 7
0 34
0 27
0 29
0 20
0 4
0 22
0 8
0 3
7 15
7 14
7 17
7 32
7 11
7 4
7 8
7 3
15 34
15 27
15 32
15 11
15 20
15 22
15 21
14 17
14 25
14 34
14 6
14 22
14 8
14 21
33 17
33 25
33 34
33 27
33 29
33 11
33 20
33 4
17 29
17 4
17 22
17 21
17 3
25 27
25 11
25 20
25 6
25 8
25 3
34 29
34 20
34 6
34 8
34 3
27 29
27 4
27 6
27 22
27 21
32 29
32 11
32 20
32 4
32 6
32 22
29 11
29 21
29 3
11 8
11 3
20 22
20 8
20 21
4 6
4 8
4 21
6 22
6 3
22 3
8 21
