35 280
10 0
10 29
10 7
10 9
10 34
10 13
10 3
10 12
10 32
10 15
10 24
10 33
10 2
10 8
10 21
10 17
0 29
0 7
0 9
0 34
0 13
0 3
0 20
0 16
0 31
0 4
0 22
0 11
0 28
0 14
0 1
29 12
29 24
29 8
29 21
29 17
29 16
29 31
29 11
29 28
29 1
29 30
29 25
29 19
29 27
7 15
7 33
7 8
7 21
7 17
7 20
7 22
7 11
7 14
7 1
7 30
7 23
7 6
7 26
9 3
9 32
9 8
9 21
9 17
9 20
9 31
9 4
9 14
9 5
9 23
9 18
9 19
9 27
34 13
34 2
34 8
34 21
34 17
34 16
34 4
34 22
34 28
34 5
34 25
34 6
34 18
34 26
13 3
13 32
13 24
13 2
13 22
13 11
13 1
13 30
13 23
13 18
13 26
13 19
13 27
3 12
3 15
3 33
3 28
3 14
3 1
3 5
3 25
3 6
3 26
3 19
3 27
12 15
12 33
12 2
12 17
12 31
12 4
12 22
12 11
12 1
12 5
12 23
12 25
12 18
32 24
32 33
32 2
32 21
32 20
32 31
32 4
32 28
32 1
32 30
32 23
32 25
32 6
15 24
15 2
15 8
15 20
15 16
15 4
15 22
15 28
15 23
15 6
15 19
15 27
24 33
24 8
24 20
24 16
24 4
24 11
24 14
24 25
24 18
24 26
24 27
33 21
33 16
33 31
33 22
33 28
33 14
33 30
33 5
33 18
33 26
2 17
2 20
2 16
2 31
2 11
2 14
2 30
2 5
2 6
2 19
8 31
8 4
8 1
8 30
8 5
8 6
8 18
8 26
8 19
21 16
21 22
21 11
21 5
21 23
21 25
21 6
21 19
21 27
17 20
17 28
17 14
17 30
17 23
17 25
17 18
17 26
17 27
20 16
20 31
20 22
20 1
20 5
20 25
20 26
20 27
16 28
16 14
16 1
16 5
16 23
16 18
16 19
31 22
31 11
31 28
31 6
31 18
31 26
31 19
4 22
4 11
4 28
4 14
4 30
4 5
4 23
4 25
22 30
22 25
22 18
22 19
22 27
11 14
11 5
11 23
11 6
11 26
11 27
28 30
28 23
28 6
28 26
28 27
14 30
14 25
14 6
14 18
14 19
1 30
1 5
1 23
1 25
1 6
1 18
30 5
30 19
30 27
5 26
5 27
23 18
23 26
23 19
25 6
25 26
25 19
6 18
6 27
18 27
26 19
