1440 6912
0 74
0 198
0 286
0 721
0 1008
0 1224
1 22
1 183
1 184
1 197
1 251
1 313
1 382
1 449
1 577
1 581
1 623
1 658
1 717
1 737
1 750
1 768
1 772
1 794
1 927
1 958
1 1015
1 1197
1 1254
1 1308
2 85
2 497
2 769
2 804
2 1115
2 1155
3 276
3 438
3 497
3 1135
3 1148
3 1232
4 32
4 110
4 160
4 164
4 189
4 206
4 349
4 359
4 381
4 406
4 412
4 515
4 526
4 587
4 632
4 670
4 816
4 915
4 998
4 1020
4 1057
4 1273
4 1342
4 1435
5 467
5 716
5 1033
5 1146
5 1150
5 1311
6 14
6 60
6 82
6 111
6 152
6 159
6 239
6 386
6 398
6 452
6 605
6 732
6 792
6 817
6 879
6 895
6 956
6 983
6 1073
6 1162
6 1293
6 1320
6 1372
6 1395
7 301
7 387
7 720
7 1106
7 1183
7 1368
8 550
8 615
8 675
8 831
8 1047
8 1256
9 786
9 1192
9 1286
9 1288
9 1311
9 1383
10 85
10 617
10 909
10 984
10 1105
10 1400
11 57
11 86
11 387
11 405
11 622
11 967
12 74
12 90
12 354
12 432
12 760
12 1224
13 338
13 508
13 758
13 985
13 1328
13 1394
14 72
14 156
14 495
14 980
14 1040
15 354
15 380
15 432
15 758
15 957
15 1220
16 174
16 238
16 301
16 1071
16 1368
16 1402
17 85
17 758
17 957
17 1046
17 1115
17 1118
18 26
18 37
18 125
18 387
18 622
18 1245
19 301
19 933
19 1071
19 1361
19 1368
19 1402
20 366
20 580
20 659
20 1106
20 1118
20 1237
21 274
21 716
21 977
21 1083
21 1105
21 1119
22 74
22 151
22 254
22 1032
22 1145
23 174
23 238
23 301
23 1027
23 1071
23 1361
24 338
24 367
24 841
24 980
24 985
24 1298
25 250
25 324
25 565
25 715
25 788
25 831
26 313
26 318
26 413
26 426
26 449
26 479
26 610
26 621
26 634
26 644
26 650
26 658
26 678
26 717
26 842
26 921
26 1041
26 1067
26 1068
26 1084
26 1184
26 1351
26 1429
27 328
27 925
27 1087
27 1160
27 1223
27 1229
28 35
28 122
28 129
28 197
28 251
28 260
28 263
28 296
28 337
28 382
28 391
28 503
28 530
28 826
28 906
28 993
28 1072
28 1122
28 1127
28 1228
28 1253
28 1254
28 1360
28 1410
29 380
29 440
29 441
29 500
29 537
29 1220
30 80
30 366
30 601
30 995
30 1046
30 1159
31 198
31 411
31 481
31 505
31 1049
31 1265
32 37
32 354
32 432
32 754
32 1245
33 41
33 192
33 374
33 478
33 624
33 1018
34 90
34 330
34 510
34 760
34 1298
34 1328
35 41
35 374
35 657
35 850
35 1018
36 73
36 99
36 112
36 119
36 166
36 213
36 220
36 282
36 485
36 531
36 562
36 646
36 736
36 827
36 835
36 845
36 883
36 923
36 962
36 1059
36 1207
36 1316
36 1378
36 1416
37 38
37 138
37 189
37 248
37 318
37 349
37 406
37 434
37 479
37 515
37 670
37 683
37 693
37 735
37 807
37 865
37 950
37 1041
37 1238
37 1273
37 1435
37 1437
38 51
38 537
38 679
38 754
38 1093
39 57
39 86
39 252
39 754
39 1093
39 1352
40 80
40 601
40 636
40 1046
40 1118
40 1159
41 134
41 168
41 173
41 185
41 199
41 314
41 434
41 451
41 530
41 683
41 735
41 826
41 870
41 950
41 973
41 1107
41 1132
41 1182
41 1246
41 1261
41 1374
41 1410
42 466
42 636
42 640
42 789
42 995
42 1047
43 222
43 297
43 320
43 1087
43 1152
43 1243
44 109
44 130
44 140
44 147
44 171
44 401
44 429
44 452
44 560
44 604
44 668
44 793
44 801
44 817
44 879
44 895
44 924
44 1009
44 1036
44 1185
44 1295
44 1313
44 1331
44 1348
45 461
45 550
45 615
45 1286
45 1311
45 1354
46 123
46 657
46 789
46 1018
46 1047
46 1169
47 146
47 153
47 200
47 204
47 227
47 421
47 436
47 661
47 699
47 709
47 746
47 834
47 857
47 867
47 982
47 1114
47 1141
47 1181
47 1204
47 1222
47 1260
47 1327
47 1345
47 1385
48 697
48 905
48 1024
48 1110
48 1135
48 1232
49 90
49 330
49 338
49 490
49 947
49 1298
50 301
50 351
50 592
50 911
50 1027
50 1029
51 160
51 185
51 189
51 318
51 349
51 378
51 406
51 479
51 515
51 587
51 621
51 683
51 693
51 756
51 865
51 950
51 998
51 1068
51 1132
51 1210
51 1305
51 1342
51 1437
52 355
52 490
52 510
52 595
52 938
52 1192
53 72
53 369
53 462
53 523
53 841
53 1194
54 91
54 265
54 326
54 333
54 515
54 529
54 587
54 807
54 865
54 871
54 882
54 912
54 922
54 953
54 998
54 1090
54 1134
54 1173
54 1189
54 1202
54 1218
54 1264
54 1419
54 1435
55 96
55 615
55 675
55 788
55 1047
55 1256
56 720
56 858
56 897
56 1029
56 1101
56 1106
57 83
57 110
57 118
57 164
57 257
57 273
57 316
57 348
57 486
57 513
57 548
57 631
57 673
57 730
57 874
57 898
57 915
57 1020
57 1039
57 1069
57 1140
57 1285
58 84
58 636
58 995
58 1046
58 1118
58 1159
59 117
59 156
59 462
59 495
59 523
59 546
60 435
60 909
60 1022
60 1040
60 1400
61 324
61 403
61 628
61 715
61 890
61 1186
62 645
62 760
62 887
62 947
62 1152
62 1243
63 216
63 243
63 295
63 384
63 394
63 415
63 483
63 555
63 594
63 607
63 667
63 672
63 738
63 808
63 813
63 945
63 1094
63 1100
63 1128
63 1250
63 1274
63 1362
63 1390
63 1425
64 411
64 481
64 505
64 643
64 1008
64 1265
65 366
65 617
65 758
65 957
65 1046
65 1115
66 405
66 592
66 788
66 911
66 967
66 1256
67 229
67 252
67 286
67 721
67 1083
67 1352
68 96
68 550
68 908
68 1286
68 1311
68 1354
69 367
69 758
69 957
69 1298
69 1328
69 1394
70 218
70 403
70 662
70 909
70 1186
70 1212
71 351
71 546
71 697
71 880
71 1029
71 1110
72 87
72 141
72 159
72 249
72 347
72 377
72 386
72 417
72 514
72 578
72 625
72 739
72 761
72 862
72 863
72 956
72 1056
72 1102
72 1198
72 1337
72 1399
72 1414
73 478
73 480
73 741
73 1018
73 1110
74 162
74 187
74 280
74 300
74 333
74 352
74 363
74 427
74 577
74 616
74 726
74 770
74 810
74 871
74 922
74 927
74 1042
74 1189
74 1275
74 1308
74 1408
75 101
75 107
75 112
75 589
75 593
75 618
75 665
75 708
75 776
75 815
75 835
75 853
75 968
75 1045
75 1059
75 1196
75 1213
75 1226
75 1230
75 1236
75 1255
75 1319
75 1357
75 1378
76 549
76 697
76 811
76 1024
76 1110
76 1135
77 301
77 684
77 1135
77 1232
77 1368
77 1405
78 96
78 411
78 505
78 550
78 659
78 685
79 234
79 351
79 366
79 565
79 1029
79 1046
80 121
80 205
80 287
80 329
80 336
80 347
80 377
80 418
80 454
80 606
80 802
80 862
80 868
80 930
80 1013
80 1098
80 1117
80 1136
80 1270
80 1337
80 1382
80 1401
81 84
81 500
81 550
81 615
81 1000
81 1159
82 156
82 833
82 841
82 866
82 980
83 294
83 595
83 911
83 938
83 1092
84 121
84 182
84 329
84 336
84 347
84 368
84 377
84 417
84 454
84 477
84 559
84 606
84 802
84 868
84 974
84 1013
84 1014
84 1048
84 1111
84 1198
84 1270
84 1401
85 127
85 197
85 251
85 290
85 305
85 342
85 425
85 457
85 460
85 540
85 583
85 767
85 768
85 888
85 906
85 1031
85 1050
85 1153
85 1217
85 1248
85 1254
86 105
86 110
86 206
86 257
86 266
86 273
86 316
86 395
86 484
86 571
86 602
86 631
86 673
86 730
86 874
86 915
86 929
86 960
86 1012
86 1039
86 1057
86 1205
87 338
87 841
87 985
87 1298
87 1394
88 183
88 248
88 364
88 378
88 413
88 449
88 479
88 542
88 609
88 610
88 623
88 644
88 650
88 693
88 717
88 773
88 1041
88 1067
88 1068
88 1084
88 1124
88 1184
88 1277
88 1336
89 222
89 811
89 1024
89 1087
89 1106
89 1237
90 196
90 280
90 333
90 408
90 555
90 556
90 607
90 629
90 871
90 912
90 937
90 964
90 997
90 1076
90 1164
90 1168
90 1323
90 1359
90 1390
90 1419
90 1425
91 354
91 380
91 508
91 758
91 859
92 220
92 282
92 385
92 519
92 521
92 547
92 613
92 652
92 682
92 725
92 819
92 839
92 877
92 889
92 976
92 1016
92 1052
92 1091
92 1120
92 1206
92 1207
92 1343
92 1416
92 1417
93 207
93 229
93 254
93 274
93 710
93 1145
94 254
94 554
94 656
94 1145
94 1244
94 1309
95 367
95 411
95 1051
95 1292
95 1394
95 1426
96 205
96 226
96 275
96 285
96 350
96 454
96 469
96 470
96 477
96 655
96 1014
96 1021
96 1030
96 1098
96 1166
96 1172
96 1175
96 1262
96 1356
96 1401
96 1415
97 222
97 804
97 948
97 1155
97 1160
97 1405
98 261
98 278
98 309
98 340
98 407
98 471
98 501
98 563
98 618
98 665
98 774
98 783
98 843
98 844
98 853
98 896
98 936
98 951
98 978
98 1187
98 1213
98 1252
98 1386
98 1433
99 403
99 552
99 741
99 785
99 809
100 274
100 286
100 721
100 869
100 1083
100 1352
101 234
101 250
101 552
101 640
101 1387
102 234
102 250
102 466
102 552
102 640
102 785
103 505
103 985
103 1051
103 1394
103 1418
103 1426
104 322
104 392
104 468
104 764
104 1223
104 1333
105 294
105 405
105 622
105 795
105 1183
106 379
106 716
106 1119
106 1146
106 1150
106 1311
107 306
107 319
107 656
107 785
107 812
108 174
108 238
108 933
108 1027
108 1368
108 1402
109 977
109 1022
109 1105
109 1361
109 1402
110 252
110 869
110 1093
111 440
111 866
111 908
111 1000
111 1354
112 357
112 403
112 552
112 809
113 338
113 367
113 508
113 957
113 985
113 1298
114 330
114 510
114 643
114 1049
114 1099
114 1157
115 120
115 641
115 659
115 685
115 851
115 913
116 357
116 478
116 697
116 741
116 1018
116 1110
117 134
117 172
117 173
117 199
117 211
117 212
117 373
117 446
117 603
117 711
117 778
117 838
117 847
117 848
117 932
117 939
117 1003
117 1055
117 1107
117 1278
117 1381
117 1391
117 1422
118 294
118 387
118 405
118 622
118 795
119 322
119 357
119 392
119 438
119 1148
120 169
120 212
120 214
120 372
120 446
120 557
120 576
120 590
120 744
120 746
120 755
120 834
120 867
120 926
120 939
120 971
120 981
120 1006
120 1055
120 1141
120 1211
120 1392
120 1404
121 299
121 319
121 320
121 928
122 374
122 481
122 549
122 1049
122 1232
123 130
123 170
123 215
123 279
123 311
123 323
123 439
123 459
123 492
123 509
123 564
123 579
123 668
123 680
123 748
123 766
123 886
123 941
123 1002
123 1005
123 1163
123 1331
123 1348
124 467
124 580
124 685
124 716
124 1099
124 1157
125 183
125 248
125 313
125 318
125 364
125 378
125 426
125 542
125 609
125 621
125 623
125 634
125 658
125 678
125 693
125 773
125 842
125 921
125 1124
125 1277
125 1336
125 1351
125 1429
126 379
126 462
126 869
126 1033
126 1174
126 1352
127 617
127 977
127 984
127 1212
127 1400
128 355
128 786
128 1146
128 1192
128 1311
128 1383
129 198
129 624
129 938
129 1008
129 1258
130 393
130 508
130 957
130 1022
131 339
131 379
131 630
131 786
131 1033
131 1086
132 291
132 339
132 715
132 831
132 854
132 1256
133 301
133 622
133 1106
133 1183
133 1237
133 1368
134 192
134 461
134 546
134 908
135 424
135 601
135 984
135 995
135 1105
135 1309
136 356
136 554
136 656
136 812
136 1145
136 1309
137 523
137 751
137 1174
137 1341
137 1421
137 1431
138 441
138 679
138 754
138 1093
138 1245
139 289
139 357
139 741
139 909
139 1358
139 1400
140 174
140 984
140 1022
140 1105
140 1402
141 523
141 681
141 841
141 1174
141 1194
142 357
142 741
142 1212
142 1358
142 1400
142 1412
143 169
143 177
143 235
143 246
143 388
143 648
143 664
143 729
143 757
143 878
143 882
143 953
143 971
143 990
143 1062
143 1165
143 1177
143 1199
143 1211
143 1218
143 1240
143 1264
143 1392
143 1413
144 721
144 859
144 919
144 1085
144 1088
144 1220
145 411
145 481
145 1008
145 1049
145 1051
145 1265
146 156
146 328
146 495
146 532
146 917
147 324
147 435
147 854
147 1263
147 1431
148 291
148 379
148 786
148 1086
148 1150
148 1383
149 380
149 420
149 721
149 919
149 1088
149 1220
150 369
150 532
150 917
150 1008
150 1194
150 1265
151 187
151 280
151 333
151 363
151 427
151 443
151 591
151 611
151 616
151 737
151 772
151 810
151 912
151 922
151 955
151 1179
151 1242
151 1275
151 1308
151 1314
151 1397
151 1408
151 1419
152 495
152 833
152 841
152 980
152 1040
153 222
153 925
153 1087
153 1223
153 1229
154 301
154 387
154 622
154 720
154 1027
154 1106
155 291
155 466
155 553
155 640
155 1086
155 1157
156 159
156 221
156 267
156 386
156 491
156 620
156 674
156 709
156 761
156 778
156 790
156 847
156 884
156 972
156 1003
156 1095
156 1114
156 1222
156 1280
156 1375
157 330
157 481
157 490
157 1049
157 1099
157 1157
158 192
158 374
158 624
158 657
158 850
158 1018
159 833
159 841
159 1040
160 441
160 679
160 1093
160 1245
161 286
161 380
161 420
161 721
161 859
161 1088
162 198
162 721
162 919
162 1224
162 1265
163 338
163 367
163 841
163 980
163 1328
163 1394
164 252
164 294
164 754
164 1352
165 198
165 374
165 595
165 624
165 938
165 1265
166 357
166 478
166 480
166 697
166 1018
167 198
167 411
167 505
167 643
167 1008
167 1049
168 374
168 478
168 624
168 657
168 850
169 580
169 641
169 659
169 913
170 306
170 319
170 1169
170 1358
170 1412
171 715
171 854
171 1022
171 1263
171 1431
172 218
172 397
172 641
172 880
172 1364
173 192
173 880
173 908
173 1354
174 208
174 343
174 517
174 561
174 572
174 582
174 599
174 642
174 747
174 801
174 876
174 903
174 1004
174 1009
174 1064
174 1126
174 1142
174 1295
174 1393
174 1396
175 405
175 751
175 832
175 967
175 1146
175 1286
176 330
176 490
176 553
176 643
176 1049
176 1099
177 207
177 851
177 875
177 1292
177 1426
178 379
178 467
178 1033
178 1119
178 1146
178 1311
179 355
179 630
179 786
179 1286
179 1288
179 1311
180 339
180 715
180 788
180 831
180 854
180 1086
181 467
181 553
181 580
181 659
181 1119
181 1157
182 601
182 636
182 841
182 980
182 1159
183 1032
183 1292
183 1418
184 338
184 1032
184 1263
184 1298
184 1341
185 192
185 869
185 1245
185 1352
186 299
186 320
186 424
186 554
186 1152
186 1243
187 198
187 286
187 721
187 1265
188 301
188 351
188 911
188 1027
188 1092
188 1101
189 441
189 537
189 1093
190 595
190 645
190 751
190 832
190 1137
190 1258
191 595
191 751
191 887
191 938
191 1137
191 1421
192 353
192 409
192 434
192 451
192 683
192 756
192 826
192 848
192 870
192 872
192 932
192 1122
192 1156
192 1238
192 1246
192 1261
192 1360
192 1410
192 1437
193 617
193 909
193 984
193 1105
193 1115
193 1212
194 229
194 467
194 977
194 1083
194 1105
194 1119
195 751
195 795
195 967
195 1146
195 1286
195 1421
196 887
196 947
196 1137
196 1152
196 1243
197 617
197 624
197 1061
198 224
198 253
198 296
198 307
198 427
198 488
198 499
198 575
198 591
198 782
198 852
198 935
198 943
198 955
198 1072
198 1127
198 1234
199 546
199 850
199 908
199 1354
200 328
200 495
200 833
200 917
200 1438
201 291
201 630
201 786
201 1033
201 1086
201 1150
202 553
202 580
202 685
202 716
202 1119
202 1157
203 466
203 636
203 675
203 995
203 1047
203 1387
204 238
204 804
204 925
204 1071
204 1409
205 440
205 500
205 550
205 1159
206 252
206 294
206 754
206 869
207 235
207 345
207 383
207 437
207 507
207 522
207 528
207 649
207 686
207 800
207 829
207 990
207 999
207 1025
207 1080
207 1201
207 1233
207 1240
207 1249
207 1289
207 1321
207 1403
208 276
208 769
208 917
208 1361
208 1438
209 289
209 369
209 497
209 769
209 1194
209 1358
210 289
210 369
210 497
210 681
210 769
210 1412
211 351
211 546
211 697
211 1101
211 1110
212 218
212 397
212 662
212 880
213 357
213 403
213 552
213 785
213 1186
214 461
214 630
214 641
214 786
214 1354
215 356
215 478
215 657
215 1145
215 1169
216 231
216 392
216 628
216 1152
216 1373
217 630
217 786
217 1146
217 1192
217 1288
217 1311
218 261
218 271
218 340
218 346
218 446
218 447
218 535
218 536
218 538
218 691
218 743
218 749
218 759
218 820
218 844
218 926
218 939
218 951
218 1121
218 1276
218 1302
219 355
219 786
219 1146
219 1286
219 1288
219 1383
220 322
220 392
220 741
220 1148
221 462
221 546
221 833
221 880
221 1174
222 225
222 236
222 295
222 334
222 360
222 394
222 423
222 444
222 524
222 689
222 763
222 830
222 856
222 899
222 944
222 1128
222 1181
222 1204
222 1327
222 1362
223 523
223 751
223 832
223 1174
223 1263
223 1431
224 681
224 917
224 1194
224 1265
224 1438
225 948
225 1087
225 1155
225 1405
225 1409
226 550
226 789
226 831
226 1047
226 1256
227 925
227 933
227 1071
227 1155
227 1409
228 231
228 324
228 403
228 715
228 809
228 890
229 258
229 345
229 385
229 389
229 442
229 473
229 522
229 528
229 558
229 652
229 819
229 1066
229 1091
229 1116
229 1239
229 1272
229 1324
229 1346
229 1366
229 1423
229 1428
230 369
230 420
230 630
230 1088
230 1194
230 1383
231 264
231 284
231 309
231 415
231 450
231 471
231 501
231 521
231 696
231 808
231 892
231 1019
231 1052
231 1065
231 1100
231 1131
231 1206
231 1251
231 1343
231 1424
231 1433
231 1439
232 490
232 510
232 553
232 643
232 1049
232 1157
233 238
233 1027
233 1071
233 1361
233 1368
233 1402
234 283
234 414
234 436
234 543
234 593
234 635
234 699
234 746
234 753
234 834
234 881
234 885
234 893
234 934
234 981
234 1006
234 1143
234 1170
234 1230
234 1255
234 1347
235 710
235 913
235 1418
235 1426
236 328
236 925
236 1160
236 1223
236 1333
237 550
237 615
237 675
237 788
237 789
237 831
238 309
238 383
238 471
238 501
238 774
238 828
238 846
238 857
238 876
238 892
238 982
238 1158
238 1191
238 1201
238 1233
238 1260
238 1289
238 1338
238 1363
239 675
239 789
239 812
239 1040
239 1244
240 291
240 339
240 466
240 553
240 1157
240 1387
241 462
241 523
241 751
241 832
241 1341
241 1431
242 397
242 580
242 641
242 659
242 851
242 913
243 299
243 320
243 424
243 1152
243 1309
244 462
244 832
244 1174
244 1341
244 1421
244 1431
245 356
245 424
245 656
245 1145
245 1244
245 1309
246 322
246 392
246 913
246 1223
246 1229
247 276
247 617
247 769
247 804
247 1115
247 1155
248 387
248 1183
248 1245
249 338
249 367
249 980
249 1298
249 1394
250 283
250 593
250 635
250 694
250 695
250 699
250 734
250 746
250 753
250 867
250 881
250 885
250 902
250 968
250 1006
250 1096
250 1141
250 1143
250 1188
250 1357
250 1367
251 374
251 1061
251 1115
252 422
252 434
252 465
252 558
252 597
252 654
252 683
252 735
252 756
252 823
252 1057
252 1066
252 1069
252 1132
252 1144
252 1225
252 1325
252 1423
252 1437
253 369
253 532
253 681
253 917
253 1265
254 345
254 509
254 528
254 577
254 579
254 638
254 686
254 748
254 752
254 772
254 791
254 824
254 886
254 988
254 1042
254 1116
254 1129
254 1281
254 1308
254 1384
254 1397
255 301
255 351
255 911
255 1029
255 1092
255 1368
256 289
256 367
256 495
256 833
256 1394
256 1412
257 592
257 595
257 938
257 1092
258 438
258 468
258 1083
258 1148
258 1259
259 330
259 338
259 510
259 760
259 947
259 1298
260 374
260 617
260 1032
260 1061
260 1115
261 339
261 662
261 858
261 1086
262 403
262 628
262 715
262 809
262 854
262 890
263 374
263 481
263 643
263 1135
263 1232
264 715
264 809
264 854
264 890
264 1186
265 380
265 432
265 508
265 758
265 1220
266 294
266 911
266 938
266 1092
266 1258
267 289
267 367
267 833
267 985
267 1358
268 324
268 339
268 715
268 788
268 1086
268 1256
269 322
269 468
269 1223
269 1229
269 1259
269 1373
270 841
270 980
270 985
270 1298
270 1328
270 1394
271 379
271 441
271 662
271 679
271 1150
272 424
272 554
272 710
272 811
272 875
272 905
273 387
273 440
273 500
273 1183
274 385
274 389
274 448
274 473
274 520
274 522
274 558
274 652
274 654
274 686
274 976
274 1007
274 1116
274 1120
274 1239
274 1249
274 1325
274 1346
274 1366
274 1384
274 1423
275 461
275 615
275 908
275 1286
275 1311
276 290
276 343
276 425
276 498
276 540
276 547
276 572
276 725
276 849
276 877
276 889
276 903
276 952
276 961
276 1031
276 1082
276 1167
276 1294
276 1307
276 1330
276 1349
277 393
277 435
277 508
277 758
277 1022
277 1169
278 552
278 785
278 811
278 858
278 905
279 356
279 393
279 657
279 1018
279 1145
280 354
280 432
280 947
281 339
281 466
281 640
281 1086
281 1099
281 1157
282 322
282 438
282 741
282 1373
283 324
283 715
283 831
283 1256
284 438
284 890
284 1085
284 1088
284 1148
285 461
285 550
285 908
285 1146
285 1311
286 327
286 388
286 427
286 558
286 654
286 719
286 726
286 728
286 882
286 955
286 1023
286 1060
286 1066
286 1134
286 1193
286 1218
286 1239
286 1242
286 1264
287 297
287 299
287 319
287 928
287 1159
288 369
288 420
288 630
288 786
288 1085
288 1194
289 311
289 323
289 439
289 531
289 534
289 674
289 703
289 845
289 883
289 884
289 923
289 941
289 952
289 961
289 1082
289 1147
289 1280
289 1283
289 1307
290 497
290 1115
290 1155
290 1409
291 303
291 407
291 431
291 464
291 518
291 570
291 663
291 743
291 818
291 820
291 844
291 951
291 979
291 1133
291 1176
291 1187
291 1310
291 1371
291 1434
292 630
292 681
292 786
292 1085
292 1088
292 1194
293 338
293 367
293 508
293 957
293 1328
293 1394
294 348
294 395
294 484
294 486
294 513
294 548
294 571
294 602
294 898
294 929
294 960
294 1012
294 1020
294 1057
294 1069
294 1140
294 1205
294 1285
295 299
295 320
295 1160
295 1243
296 374
296 938
296 1258
296 1265
297 329
297 383
297 384
297 394
297 506
297 524
297 559
297 594
297 738
297 829
297 945
297 946
297 1013
297 1111
297 1128
297 1158
297 1201
297 1250
297 1274
297 1338
297 1382
297 1403
298 592
298 788
298 795
298 967
298 1092
298 1256
299 329
299 506
299 524
299 573
299 738
299 930
299 1048
299 1094
299 1111
299 1128
299 1158
299 1201
299 1233
299 1250
299 1274
299 1289
299 1362
299 1403
299 1430
300 751
300 832
300 1224
300 1292
300 1418
301 375
301 475
301 599
301 637
301 688
301 690
301 712
301 846
301 876
301 914
301 986
301 1037
301 1227
301 1247
302 420
302 468
302 537
302 679
302 764
302 1088
303 339
303 466
303 553
303 640
303 1099
304 480
304 549
304 697
304 905
304 1024
304 1135
305 366
305 508
305 617
305 758
305 1046
306 311
306 323
306 329
306 400
306 408
306 534
306 629
306 815
306 930
306 1005
306 1013
306 1048
306 1076
306 1111
306 1168
306 1200
306 1236
306 1269
306 1283
306 1319
306 1377
306 1382
307 532
307 681
307 917
307 1008
307 1194
308 467
308 1033
308 1119
308 1146
308 1150
308 1286
309 628
309 897
309 933
310 480
310 549
310 905
310 1024
310 1110
310 1232
311 319
311 393
311 1358
312 392
312 628
312 890
312 1152
312 1243
312 1373
313 1032
313 1292
313 1426
314 656
314 812
314 850
314 1192
314 1288
315 468
315 481
315 764
315 1049
315 1361
315 1402
316 440
316 622
316 1000
316 1183
317 549
317 684
317 1027
317 1135
317 1368
317 1405
318 622
318 1183
319 400
319 408
319 439
319 453
319 559
319 629
319 708
319 930
319 941
319 964
319 1013
319 1045
319 1111
319 1236
319 1269
319 1271
319 1283
319 1299
319 1323
320 383
320 384
320 394
320 559
320 573
320 594
320 829
320 930
320 945
320 946
320 1013
320 1048
320 1094
320 1233
320 1289
320 1338
320 1362
320 1382
320 1430
321 330
321 411
321 505
321 510
321 684
321 948
322 376
322 415
322 450
322 512
322 667
322 672
322 682
322 729
322 733
322 861
322 916
322 1043
322 1062
322 1100
322 1131
322 1177
322 1209
322 1416
323 928
323 1169
323 1412
324 401
324 414
324 518
324 560
324 676
324 706
324 753
324 818
324 893
324 894
324 1036
324 1065
324 1188
324 1251
324 1310
324 1365
324 1371
324 1439
325 461
325 500
325 866
325 1000
325 1040
325 1354
326 354
326 380
326 508
326 957
326 1220
327 420
327 859
327 919
327 1088
327 1220
328 344
328 491
328 661
328 699
328 709
328 763
328 834
328 857
328 902
328 981
328 1006
328 1095
328 1097
328 1141
328 1181
328 1191
328 1204
328 1260
328 1345
328 1363
329 928
330 335
330 341
330 494
330 533
330 588
330 633
330 707
330 780
330 937
330 969
330 997
330 1078
330 1139
330 1219
330 1241
330 1326
330 1355
331 367
331 505
331 1051
331 1292
331 1394
331 1418
332 355
332 532
332 887
332 1137
332 1288
332 1438
333 432
333 760
334 720
334 811
334 1024
334 1106
334 1160
335 481
335 510
335 553
335 643
335 1099
336 440
336 500
336 550
336 615
337 595
337 624
337 938
337 1008
337 1265
338 514
338 539
338 581
338 794
338 937
338 963
338 997
338 1015
338 1044
338 1056
338 1108
338 1164
338 1178
338 1406
339 340
339 464
339 502
339 706
339 743
339 798
339 818
339 844
339 1075
339 1133
339 1151
339 1176
339 1180
339 1187
339 1371
339 1434
340 897
340 1086
340 1364
341 411
341 510
341 684
341 1051
341 1405
342 508
342 617
342 957
342 1046
342 1118
343 532
343 769
343 1402
343 1438
344 495
344 532
344 833
344 925
344 1438
345 356
345 710
345 1083
346 403
346 662
346 809
346 1212
346 1400
347 601
347 980
347 995
348 387
348 795
348 967
348 1183
349 441
349 679
349 754
350 615
350 675
350 789
350 831
350 1256
351 476
351 635
351 694
351 700
351 711
351 722
351 723
351 843
351 885
351 896
351 904
351 934
351 936
351 978
351 1096
351 1247
351 1381
351 1391
352 832
352 1224
352 1292
352 1421
352 1426
353 546
353 850
353 880
353 908
353 1354
354 388
354 406
354 430
354 515
354 611
354 807
354 871
354 922
354 998
354 1060
354 1090
354 1165
354 1202
354 1218
354 1264
354 1305
354 1398
354 1419
355 433
355 451
355 516
355 533
355 574
355 596
355 701
355 780
355 796
355 872
355 931
355 969
355 1010
355 1078
355 1156
355 1182
355 1261
355 1322
355 1374
356 442
356 509
356 522
356 579
356 616
356 638
356 686
356 737
356 752
356 772
356 927
356 1042
356 1104
356 1116
356 1129
356 1249
356 1281
356 1301
356 1308
357 512
357 531
357 562
357 584
357 589
357 613
357 682
357 736
357 845
357 962
357 1059
357 1103
357 1147
357 1196
357 1207
357 1296
357 1416
358 441
358 537
358 764
358 1085
358 1088
358 1259
359 480
359 697
359 809
359 1093
359 1186
360 720
360 905
360 1024
360 1087
360 1237
361 369
361 681
361 917
361 1008
361 1265
361 1438
362 393
362 478
362 657
362 789
362 1047
362 1169
363 721
363 919
363 1008
363 1265
364 684
364 948
364 1155
364 1409
365 481
365 490
365 510
365 553
365 1049
365 1099
366 368
366 460
366 606
366 647
366 694
366 802
366 864
366 881
366 885
366 974
366 1001
366 1089
366 1096
366 1136
366 1153
366 1248
366 1267
366 1317
366 1347
367 514
367 539
367 674
367 714
367 797
367 863
367 949
367 963
367 972
367 1102
367 1214
367 1280
367 1290
367 1300
368 601
368 636
368 1046
368 1159
369 578
369 625
369 852
369 901
369 935
369 943
369 961
369 975
369 1082
369 1123
369 1167
369 1266
369 1306
369 1330
369 1380
369 1399
370 720
370 811
370 1024
370 1087
370 1160
370 1237
371 405
371 592
371 831
371 967
371 1092
371 1256
372 397
372 461
372 630
372 1354
372 1383
373 697
373 880
373 1029
373 1101
373 1110
374 396
374 457
374 503
374 750
374 768
374 777
374 803
374 826
374 993
374 1072
374 1122
374 1216
374 1234
374 1254
375 549
375 948
375 1232
375 1368
375 1405
376 764
376 1223
376 1259
376 1333
376 1373
377 601
377 636
377 841
378 622
378 1183
378 1245
379 399
379 422
379 431
379 464
379 538
379 749
379 823
379 891
379 942
379 992
379 1113
379 1144
379 1151
379 1176
379 1225
379 1235
379 1276
379 1379
380 390
380 472
380 542
380 634
380 644
380 671
380 719
380 742
380 860
380 921
380 1023
380 1067
380 1171
380 1173
380 1193
380 1277
380 1398
381 403
381 697
381 1093
381 1110
381 1186
382 617
382 624
382 1032
382 1115
383 710
383 1071
384 554
384 1152
384 1309
385 438
385 764
385 1259
386 495
386 841
386 866
387 479
387 486
387 571
387 602
387 621
387 673
387 688
387 693
387 929
387 986
387 1039
387 1068
387 1190
387 1205
387 1285
387 1436
388 432
388 721
388 913
389 467
389 716
389 977
389 1105
390 440
390 500
390 537
390 679
390 859
391 481
391 549
391 624
391 643
391 1232
392 456
392 485
392 613
392 667
392 682
392 733
392 757
392 808
392 916
392 1043
392 1062
392 1100
392 1131
392 1149
392 1207
392 1303
392 1413
392 1432
393 429
393 492
393 509
393 534
393 638
393 680
393 766
393 793
393 886
393 941
393 988
393 1002
393 1005
393 1017
393 1035
393 1283
393 1299
393 1301
393 1348
394 1152
394 1160
395 440
395 500
395 622
395 1183
396 481
396 549
396 624
396 643
396 1135
397 436
397 446
397 576
397 590
397 603
397 648
397 660
397 699
397 702
397 744
397 746
397 755
397 900
397 902
397 971
397 981
397 1141
397 1199
397 1211
397 1302
398 656
398 675
398 789
398 866
398 1244
399 467
399 1119
399 1150
399 1286
399 1311
400 552
400 656
400 785
400 1244
401 435
401 715
401 1263
401 1341
402 553
402 716
402 1119
402 1157
402 1263
402 1341
403 412
403 447
403 589
403 632
403 691
403 696
403 816
403 835
403 918
403 1065
403 1109
403 1196
403 1282
403 1350
403 1439
404 537
404 662
404 679
404 1033
404 1150
404 1364
405 408
405 428
405 458
405 474
405 513
405 585
405 629
405 929
405 1039
405 1079
405 1168
405 1200
405 1271
405 1315
405 1323
405 1353
405 1369
405 1376
406 432
406 1093
407 662
407 897
407 1086
407 1364
408 795
408 947
409 656
409 850
409 1192
409 1244
409 1288
410 580
410 659
410 720
410 1046
410 1106
410 1118
411 494
411 499
411 575
411 714
411 727
411 797
411 994
411 996
411 1166
411 1175
411 1214
411 1355
411 1411
411 1415
411 1420
411 1427
412 480
412 697
412 754
412 1186
413 684
413 804
413 948
413 1155
414 565
414 715
414 788
414 1256
415 628
415 1243
415 1373
416 640
416 645
416 911
416 1092
416 1137
416 1387
417 636
417 980
417 995
417 1159
418 440
418 550
418 615
418 1000
418 1159
419 424
419 710
419 811
419 875
419 1024
419 1309
420 472
420 496
420 551
420 614
420 627
420 713
420 728
420 839
420 1019
420 1023
420 1052
420 1123
420 1161
420 1206
420 1284
420 1329
420 1343
420 1380
421 495
421 532
421 833
421 917
421 925
422 462
422 523
422 1033
422 1352
423 905
423 1024
423 1106
423 1160
423 1237
424 437
424 507
424 527
424 594
424 705
424 738
424 791
424 800
424 824
424 946
424 1025
424 1038
424 1104
424 1129
424 1195
424 1203
424 1274
424 1281
425 617
425 769
425 1155
425 1409
426 948
426 1155
426 1405
426 1409
427 919
427 1008
428 751
428 795
428 832
428 1146
428 1311
429 758
429 957
429 1022
429 1169
430 432
430 508
430 758
430 859
430 1220
431 630
431 1033
431 1086
431 1383
432 529
432 587
432 611
432 865
432 882
432 912
432 953
432 1060
432 1134
432 1165
432 1173
432 1189
432 1305
432 1398
432 1435
433 630
433 1192
433 1286
433 1311
433 1383
434 1245
434 1352
435 452
435 459
435 492
435 604
435 676
435 692
435 765
435 793
435 801
435 879
435 894
435 924
435 1004
435 1053
435 1064
435 1295
435 1313
435 1331
435 1348
435 1372
436 565
436 641
436 925
437 875
437 905
437 1024
437 1309
438 485
438 512
438 519
438 547
438 682
438 704
438 889
438 976
438 1007
438 1019
438 1052
438 1091
438 1161
438 1206
438 1207
438 1349
438 1366
438 1417
439 928
439 1169
439 1358
440 454
440 477
440 486
440 571
440 600
440 605
440 626
440 666
440 742
440 1014
440 1026
440 1162
440 1171
440 1285
440 1320
441 535
441 536
441 538
441 551
441 600
441 627
441 666
441 671
441 677
441 713
441 860
441 891
441 942
441 1171
441 1210
441 1273
441 1284
442 710
442 875
442 1083
442 1145
443 751
443 832
443 1224
443 1292
443 1426
444 684
444 804
444 948
444 1087
444 1409
445 636
445 640
445 675
445 789
445 995
445 1387
446 546
446 1364
447 909
447 1186
447 1364
447 1400
448 467
448 984
448 1083
448 1105
448 1119
449 1061
449 1292
449 1426
450 890
450 1152
450 1243
450 1373
451 656
451 812
451 1192
452 1040
452 1212
452 1400
453 552
453 785
453 812
453 928
453 1244
454 615
454 1000
455 497
455 769
455 917
455 1361
455 1402
455 1438
456 468
456 1223
456 1259
456 1333
456 1373
457 617
457 624
457 1032
457 1061
458 788
458 831
458 911
458 967
458 1092
459 508
459 957
459 1022
459 1169
460 508
460 957
460 1046
460 1115
461 557
461 576
461 605
461 660
461 702
461 732
461 848
461 855
461 870
461 932
461 973
461 1026
461 1107
461 1162
461 1172
461 1262
461 1320
462 465
462 545
462 597
462 625
462 762
462 778
462 838
462 847
462 920
462 975
462 1011
462 1225
462 1235
462 1291
462 1370
462 1399
462 1414
463 554
463 636
463 984
463 995
463 1105
463 1309
464 630
464 786
464 1150
465 523
465 869
465 1033
465 1150
466 511
466 568
466 570
466 593
466 639
466 687
466 695
466 745
466 968
466 970
466 1075
466 1125
466 1230
466 1255
466 1335
466 1344
466 1389
467 473
467 487
467 520
467 567
467 771
467 805
467 992
467 1034
467 1070
467 1077
467 1113
467 1138
467 1221
467 1257
467 1428
468 517
468 608
468 627
468 642
468 652
468 677
468 713
468 861
468 976
468 1043
468 1091
468 1120
468 1126
468 1154
468 1284
468 1303
468 1366
468 1393
469 615
469 908
469 1146
469 1286
469 1354
470 550
470 675
470 788
470 789
470 1256
471 628
471 858
471 1071
472 721
472 859
472 919
472 1085
473 977
473 984
473 1119
474 788
474 795
474 911
474 1092
474 1256
475 592
475 1027
475 1029
475 1092
475 1101
476 480
476 546
476 880
476 1101
476 1110
477 550
477 1000
477 1159
478 509
478 530
478 564
478 579
478 680
478 766
478 826
478 827
478 886
478 962
478 988
478 1035
478 1103
478 1122
478 1163
478 1301
478 1360
479 1183
480 526
480 562
480 566
480 711
480 816
480 827
480 837
480 965
480 1081
480 1103
480 1109
480 1112
480 1282
480 1296
480 1381
480 1391
480 1422
481 488
481 499
481 517
481 642
481 707
481 782
481 803
481 1142
481 1154
481 1228
481 1241
481 1304
481 1396
482 497
482 617
482 769
482 1115
482 1155
482 1409
483 645
483 760
483 947
483 1137
483 1152
484 592
484 595
484 911
484 938
485 741
485 1148
485 1373
486 1000
486 1183
487 553
487 580
487 685
487 1099
487 1119
488 505
488 1008
488 1049
488 1051
489 497
489 681
489 769
489 1194
489 1358
489 1412
490 494
490 556
490 588
490 596
490 633
490 707
490 718
490 780
490 937
490 994
490 1078
490 1164
490 1219
490 1279
490 1304
490 1355
490 1406
490 1420
491 532
491 833
491 917
491 925
492 758
492 957
492 1022
493 948
493 1027
493 1135
493 1232
493 1368
493 1405
494 684
494 948
494 1051
495 620
495 674
495 703
495 739
495 790
495 838
495 847
495 956
495 1095
495 1114
495 1278
495 1280
495 1300
495 1370
495 1375
496 630
496 681
496 1085
496 1194
496 1383
497 498
497 540
497 561
497 572
497 582
497 583
497 704
497 877
497 889
497 903
497 961
497 1016
497 1167
497 1294
497 1307
497 1417
498 532
498 1361
498 1402
498 1438
499 643
499 1008
499 1051
500 600
500 602
500 626
500 671
500 673
500 732
500 825
500 860
500 898
500 1014
500 1098
500 1162
500 1285
500 1293
500 1320
500 1401
501 858
501 890
501 933
502 786
502 1033
502 1086
502 1150
502 1383
503 595
503 1008
503 1258
503 1265
504 622
504 720
504 1027
504 1106
504 1183
504 1368
505 718
505 782
505 797
505 994
505 996
505 1021
505 1030
505 1058
505 1130
505 1214
505 1219
505 1290
505 1326
505 1355
505 1411
505 1415
506 554
506 1152
506 1243
506 1309
507 710
507 811
507 905
507 1309
508 529
508 539
508 668
508 793
508 940
508 949
508 954
508 1089
508 1153
508 1348
508 1398
509 657
510 533
510 556
510 596
510 718
510 969
510 994
510 997
510 1139
510 1164
510 1241
510 1279
510 1304
510 1326
510 1406
510 1420
511 592
511 640
511 645
511 911
511 1137
512 741
512 1148
512 1373
513 622
513 967
513 1183
514 841
514 985
514 1328
515 754
516 645
516 887
516 917
516 1288
516 1438
517 643
517 764
517 1361
518 715
518 831
518 1086
518 1256
519 628
519 890
519 1085
519 1088
520 716
520 977
520 984
520 1083
521 628
521 1085
521 1088
521 1148
522 875
522 1145
523 545
523 578
523 620
523 778
523 779
523 823
523 907
523 920
523 1003
523 1144
523 1235
523 1278
523 1291
523 1306
523 1370
523 1399
524 1152
524 1160
524 1243
525 795
525 831
525 911
525 967
525 1092
525 1256
526 754
526 809
526 1110
526 1186
527 554
527 601
527 636
527 984
527 1105
528 875
528 1083
528 1145
529 859
529 957
529 1220
530 624
530 850
530 1018
531 1212
531 1358
531 1400
532 561
532 569
532 582
532 669
532 709
532 724
532 796
532 849
532 903
532 931
532 935
532 943
532 1010
532 1114
533 595
533 1258
533 1288
534 928
534 1169
534 1358
535 537
535 662
535 1033
535 1150
536 679
536 1033
536 1150
536 1364
537 538
537 608
537 614
537 627
537 666
537 670
537 671
537 713
537 742
537 749
537 825
537 942
537 1210
537 1273
537 1276
537 1342
538 1033
538 1364
539 758
539 1298
539 1394
540 617
540 804
540 1155
541 656
541 675
541 789
541 812
541 866
541 1040
542 1220
542 1229
542 1333
543 565
543 715
543 788
543 831
543 854
544 804
544 948
544 1087
544 1160
544 1405
544 1409
545 751
545 1263
545 1341
545 1421
546 603
546 620
546 744
546 838
546 848
546 870
546 926
546 939
546 973
546 1003
546 1112
546 1302
546 1370
546 1381
546 1422
547 549
547 769
547 1135
548 592
548 938
548 1092
548 1258
549 566
549 704
549 784
549 877
549 889
549 914
549 965
549 993
549 1016
549 1037
549 1216
549 1227
549 1228
549 1340
549 1349
550 655
550 727
550 855
550 996
550 1021
550 1028
550 1058
550 1166
550 1172
550 1231
550 1401
551 679
551 764
551 1088
551 1259
552 584
552 618
552 695
552 708
552 783
552 815
552 836
552 853
552 968
552 1170
552 1196
552 1226
552 1230
552 1236
552 1377
552 1378
553 663
553 707
553 771
553 991
553 1034
553 1054
553 1070
553 1075
553 1077
553 1138
553 1180
553 1241
553 1257
554 594
554 705
554 752
554 800
554 814
554 824
554 966
554 999
554 1025
554 1080
554 1094
554 1104
554 1195
554 1274
554 1281
554 1287
555 645
555 760
555 887
555 1243
556 947
556 1298
556 1328
557 630
557 641
557 908
557 1383
558 721
558 869
559 928
559 1159
560 715
560 1022
560 1341
560 1431
561 769
561 1361
561 1438
562 657
562 1018
562 1110
563 897
563 1029
563 1101
563 1106
563 1237
564 657
564 675
564 1047
564 1169
565 694
565 695
565 734
565 834
565 867
565 893
565 902
565 934
565 968
565 981
565 1096
565 1141
565 1170
565 1188
565 1230
565 1255
565 1347
565 1357
565 1367
566 697
566 811
566 1024
566 1232
567 1099
567 1119
567 1157
567 1341
567 1431
568 645
568 887
568 911
568 1092
568 1387
569 681
569 1008
569 1194
569 1265
569 1438
570 1086
570 1099
570 1157
570 1387
571 622
571 1000
572 917
572 1402
572 1438
573 1087
573 1152
573 1160
573 1243
574 887
574 917
574 1137
574 1192
574 1438
575 643
575 1049
575 1051
575 1265
576 786
576 908
576 1383
577 1061
577 1145
577 1224
578 980
578 1174
578 1194
579 1018
579 1169
580 590
580 647
580 648
580 775
580 996
580 1001
580 1021
580 1034
580 1058
580 1074
580 1166
580 1175
580 1211
580 1317
580 1392
580 1415
581 1032
581 1328
581 1341
581 1431
582 769
582 917
582 1402
583 617
583 769
583 804
583 1409
584 741
584 785
584 809
584 1186
585 592
585 795
585 831
585 911
585 1256
586 617
586 909
586 977
586 984
586 1115
586 1400
587 754
587 1245
588 938
588 1192
588 1258
588 1288
589 741
589 785
589 809
590 685
590 851
590 913
591 721
591 919
591 1008
591 1224
592 639
592 690
592 700
592 781
592 840
592 874
592 904
592 1012
592 1140
592 1247
592 1318
592 1344
592 1376
592 1389
593 785
593 1387
594 1243
595 598
595 653
595 730
595 780
595 822
595 1012
595 1072
595 1078
595 1127
595 1139
595 1140
595 1215
595 1234
595 1279
596 938
596 1258
596 1288
597 1033
597 1150
597 1174
597 1352
598 832
598 887
598 1137
598 1258
598 1421
599 933
599 1027
599 1071
599 1402
600 679
600 859
600 1220
601 606
601 687
601 705
601 745
601 814
601 821
601 966
601 970
601 974
601 1038
601 1117
601 1125
601 1198
601 1270
601 1334
601 1337
602 1000
602 1183
603 641
603 662
603 1364
604 866
604 909
604 1040
604 1212
605 1000
605 1040
605 1354
606 636
606 1118
607 760
607 887
607 1137
607 1152
608 679
608 1085
608 1088
608 1259
609 859
609 1220
609 1223
609 1229
610 859
610 1220
610 1229
610 1333
611 760
611 947
611 1224
612 751
612 795
612 832
612 967
612 1286
612 1311
613 741
613 1148
613 1373
614 679
614 764
614 1085
614 1259
615 727
615 855
615 996
615 1014
615 1028
615 1030
615 1058
615 1098
615 1175
615 1231
615 1262
615 1356
615 1415
616 1032
616 1061
616 1145
617 750
617 940
617 1063
617 1089
617 1217
617 1248
617 1254
617 1294
618 811
618 897
618 905
619 656
619 675
619 866
619 1040
619 1047
619 1244
620 880
620 1174
621 1183
621 1245
622 631
622 673
622 693
622 712
622 898
622 986
622 1041
622 1068
622 1205
622 1285
622 1436
623 1061
623 1418
623 1426
624 750
624 768
624 777
624 803
624 906
624 1127
624 1216
624 1228
624 1234
624 1253
624 1360
624 1410
625 681
625 841
625 1174
626 866
626 908
626 1040
626 1354
627 764
627 1085
628 667
628 672
628 696
628 774
628 828
628 839
628 1019
628 1131
628 1161
628 1206
628 1251
628 1252
628 1365
628 1424
628 1439
629 760
629 967
630 660
630 701
630 755
630 900
630 901
630 1151
630 1322
630 1332
630 1380
630 1434
631 795
631 967
631 1183
632 697
632 754
632 809
632 1110
633 760
633 947
633 1298
633 1328
634 859
634 1229
634 1333
635 1029
635 1046
635 1118
636 687
636 745
636 802
636 862
636 868
636 966
636 1038
636 1136
636 1195
636 1203
636 1334
636 1337
637 684
637 948
637 1027
637 1135
637 1232
638 657
638 1018
638 1169
639 887
639 911
639 1137
639 1387
640 663
640 745
640 781
640 821
640 968
640 1125
640 1133
640 1170
640 1180
640 1255
640 1318
640 1334
640 1335
640 1357
640 1389
641 648
641 660
641 699
641 702
641 834
641 867
641 900
641 902
641 926
641 939
641 1006
641 1055
641 1199
641 1302
641 1392
641 1404
642 1049
642 1259
642 1402
643 707
643 782
643 993
643 1126
643 1130
643 1154
643 1208
643 1216
643 1253
643 1304
643 1393
643 1396
644 859
644 1223
644 1229
645 653
645 669
645 731
645 781
645 796
645 822
645 931
645 987
645 1010
645 1215
645 1344
645 1359
645 1388
645 1389
645 1390
645 1425
646 657
646 697
646 741
646 1018
646 1110
647 685
647 1046
647 1106
647 1237
648 685
648 913
649 851
649 875
649 913
649 1418
649 1426
650 1032
650 1061
650 1292
650 1418
651 697
651 754
651 809
651 1093
651 1110
651 1186
652 1148
652 1259
653 751
653 832
653 887
653 938
654 919
654 1083
654 1352
655 675
655 788
655 831
655 1047
656 708
656 792
656 815
656 824
656 872
656 983
656 1045
656 1129
656 1261
656 1281
656 1374
656 1377
656 1395
657 680
657 748
657 826
657 827
657 962
657 988
657 1002
657 1017
657 1103
657 1296
657 1360
657 1410
658 1061
658 1292
658 1418
659 727
659 771
659 775
659 805
659 864
659 910
659 971
659 991
659 996
659 1001
659 1021
659 1030
659 1034
659 1175
659 1199
659 1211
659 1267
660 786
660 908
661 804
661 933
661 1071
661 1409
662 744
662 798
662 820
662 844
662 891
662 918
662 939
662 942
662 1055
662 1121
662 1187
662 1268
662 1276
662 1302
662 1350
663 1086
663 1099
663 1387
664 710
664 851
664 875
664 1418
664 1426
665 785
665 811
665 858
665 1024
666 859
666 1000
666 1220
667 890
667 1243
668 758
668 1022
668 1169
669 887
669 1192
669 1288
669 1438
670 679
670 1093
670 1245
671 859
671 1000
672 890
672 1152
672 1373
673 1000
674 985
674 1412
675 680
675 687
675 745
675 821
675 983
675 1002
675 1017
675 1035
675 1073
675 1125
675 1163
676 715
676 1022
676 1263
676 1431
677 679
677 764
677 1085
677 1088
678 684
678 804
678 1155
678 1405
679 742
679 749
679 825
679 860
679 891
679 1171
679 1276
679 1284
679 1342
680 789
681 901
681 920
681 943
681 952
681 1082
681 1123
681 1167
681 1306
681 1307
681 1329
681 1380
681 1399
681 1414
682 741
683 869
684 689
684 698
684 718
684 773
684 842
684 899
684 914
684 944
684 994
684 1184
684 1219
684 1227
684 1297
684 1340
685 727
685 771
685 805
685 864
685 910
685 971
685 991
685 1030
685 1058
685 1074
685 1166
685 1199
685 1267
685 1317
685 1392
685 1415
686 875
686 1083
687 789
687 1387
688 1027
688 1106
688 1183
688 1237
689 948
689 1155
689 1160
689 1409
690 911
690 1029
690 1101
690 1368
691 809
691 909
691 1212
691 1364
692 866
692 1022
692 1040
692 1212
692 1400
694 1029
694 1118
695 785
695 1387
696 715
696 854
696 1186
697 784
697 827
697 837
697 962
697 1112
697 1282
697 1296
697 1381
697 1391
698 804
698 948
698 1087
698 1155
698 1160
700 911
700 1027
700 1101
700 1368
701 786
701 1146
701 1192
701 1286
702 786
702 1354
702 1383
703 833
703 985
703 1358
703 1394
704 769
704 1135
704 1148
705 977
705 995
705 1105
706 831
706 854
706 1086
706 1256
707 1157
708 812
708 928
709 833
709 1438
710 800
710 878
710 990
710 999
710 1116
710 1158
710 1249
710 1287
710 1289
710 1312
710 1321
710 1338
710 1384
710 1403
710 1430
711 880
711 1029
711 1110
712 720
712 1027
712 1183
712 1237
713 1088
713 1259
714 985
714 1051
714 1418
714 1426
715 924
715 979
715 1053
715 1143
715 1251
715 1367
715 1371
716 771
716 775
716 806
716 991
716 992
716 1034
716 1054
716 1077
716 1113
716 1221
716 1257
716 1324
716 1346
716 1379
716 1407
716 1428
717 1032
717 1418
717 1426
718 948
718 1051
719 721
719 1085
719 1088
719 1220
720 722
720 830
720 843
720 856
720 864
720 896
720 959
720 978
720 986
720 1001
720 1074
720 1190
720 1267
720 1317
720 1386
721 728
721 953
721 1134
721 1165
721 1202
721 1242
721 1264
721 1272
721 1325
721 1423
722 858
722 897
722 1029
722 1237
723 858
723 897
723 1101
723 1106
723 1237
724 887
724 917
724 1137
724 1192
724 1288
725 769
725 1135
725 1148
725 1232
726 919
726 1008
726 1224
726 1265
727 1051
728 859
728 1085
728 1220
729 913
729 1223
729 1333
729 1373
730 911
730 1092
730 1258
731 751
731 938
731 1137
731 1258
731 1421
732 866
732 908
732 1000
733 851
733 913
733 1229
733 1333
734 1029
734 1046
734 1101
734 1118
735 850
735 869
735 1245
736 909
736 1212
736 1358
736 1412
737 1061
737 1145
737 1224
738 1243
738 1309
739 833
739 841
739 866
739 1040
740 795
740 832
740 967
740 1146
740 1311
740 1421
741 827
741 835
741 883
741 923
741 1103
741 1147
741 1196
741 1296
741 1316
741 1378
742 1000
742 1220
743 858
743 897
743 1364
744 880
744 1364
745 1047
746 925
747 933
747 1027
747 1071
747 1361
747 1368
748 1018
748 1145
748 1169
749 1150
749 1364
750 1061
750 1115
751 762
751 770
751 799
751 810
751 1011
751 1079
751 1179
751 1215
751 1315
751 1408
752 812
752 1244
752 1309
753 788
753 831
753 854
754 807
754 865
754 915
754 960
754 1069
754 1109
754 1210
754 1273
754 1282
754 1305
754 1342
755 786
755 908
755 1354
756 850
756 869
756 1245
757 851
757 1223
757 1229
757 1373
758 940
758 949
758 963
758 1090
758 1108
758 1153
758 1173
758 1248
758 1331
758 1348
759 809
759 1186
759 1212
759 1364
759 1400
760 813
760 922
760 937
760 1076
760 1164
760 1189
760 1200
760 1269
760 1271
760 1323
760 1359
760 1406
760 1419
761 833
761 866
761 980
761 1040
762 1174
762 1263
762 1421
762 1431
763 925
763 1087
763 1229
763 1333
764 819
764 861
764 916
764 1007
764 1091
764 1120
764 1126
764 1142
764 1208
764 1303
764 1366
764 1396
764 1432
765 977
765 984
765 1022
765 1361
765 1402
766 789
766 1018
766 1047
767 909
767 977
767 984
767 1115
767 1212
768 1032
768 1115
769 849
769 952
769 1016
769 1031
769 1082
769 1330
769 1349
769 1417
770 1224
770 1418
770 1421
770 1426
771 1157
772 1032
772 1224
773 804
773 1405
773 1409
774 890
774 897
774 1071
775 1099
775 1119
775 1157
776 785
776 811
776 858
776 897
776 905
777 938
777 1008
777 1258
777 1265
778 833
778 880
779 832
779 1174
779 1263
779 1341
779 1421
780 938
780 1288
781 887
781 911
781 1387
782 1051
782 1265
783 785
783 811
783 897
783 1024
784 811
784 905
784 1110
784 1232
785 835
785 836
785 1045
785 1059
785 1170
785 1213
785 1255
785 1319
785 1357
785 1377
786 1123
786 1176
786 1266
786 1329
786 1380
786 1404
787 789
787 812
787 866
787 1040
787 1047
787 1244
788 818
788 840
788 979
788 1028
788 1143
788 1188
788 1310
788 1356
788 1371
788 1376
789 792
789 970
789 1017
789 1028
789 1125
789 1163
789 1334
789 1356
789 1395
790 841
790 866
790 980
790 1040
791 812
791 1145
791 1244
791 1309
792 1040
792 1047
792 1244
793 957
793 1169
794 1061
794 1263
794 1298
794 1431
795 840
795 964
795 1039
795 1076
795 1200
795 1205
795 1269
795 1315
795 1323
795 1353
795 1376
796 1137
796 1192
796 1438
797 1394
797 1418
797 1426
798 858
798 897
798 1086
798 1364
799 832
799 887
799 938
799 1137
799 1258
800 905
800 1024
801 977
801 984
801 1402
802 995
802 1046
803 1049
803 1135
803 1232
804 842
804 857
804 899
804 944
804 982
804 1031
804 1084
804 1097
804 1124
804 1191
804 1294
805 1099
805 1119
805 1157
806 1099
806 1119
806 1157
806 1263
806 1431
807 1093
807 1245
808 890
808 1243
808 1373
809 816
809 1059
809 1121
809 1251
809 1268
809 1282
809 1350
809 1365
809 1378
809 1439
810 832
810 1418
810 1426
811 830
811 837
811 856
811 873
811 965
811 999
811 1025
811 1080
811 1081
811 1226
812 824
812 872
812 983
812 1073
812 1104
812 1129
812 1156
812 1182
812 1236
812 1246
812 1319
812 1377
812 1395
813 887
813 947
813 1137
813 1243
814 977
814 984
814 995
814 1309
815 928
815 1244
816 1093
816 1110
817 866
817 1022
817 1212
817 1400
818 854
818 1256
819 1083
819 1148
819 1259
820 858
820 897
820 1086
821 995
821 1047
821 1387
822 832
822 938
822 1137
822 1421
823 1150
823 1174
823 1352
824 1145
825 859
825 1000
825 1220
828 858
828 890
828 897
828 933
829 875
829 933
829 1071
830 905
830 1160
830 1237
831 840
831 893
831 1310
831 1356
831 1367
831 1371
831 1376
832 987
832 1011
832 1275
832 1291
832 1314
832 1353
832 1369
833 838
833 884
833 956
833 972
833 1003
833 1222
833 1278
833 1300
833 1370
835 1186
836 858
836 897
836 905
836 1024
837 905
837 1135
837 1232
838 1174
839 890
839 1085
839 1148
840 911
840 967
841 862
841 863
841 868
841 920
841 975
841 1117
841 1198
841 1306
842 948
842 1409
843 858
843 1101
843 1106
844 897
845 909
845 1400
845 1412
846 933
846 1027
846 1361
846 1402
847 880
847 1174
848 850
848 1354
849 917
849 1361
849 1402
850 872
850 932
850 950
850 973
850 1107
850 1122
850 1132
850 1156
850 1182
850 1238
850 1360
850 1374
850 1437
851 882
851 990
851 1060
851 1062
851 1134
851 1149
851 1165
851 1177
851 1199
851 1202
851 1209
851 1211
851 1264
851 1312
851 1321
851 1392
852 917
852 1008
852 1194
852 1438
853 858
853 905
853 1024
854 893
854 894
854 924
854 979
854 1036
854 1053
854 1065
854 1143
854 1188
854 1310
854 1365
854 1367
854 1439
855 908
855 1146
855 1286
856 905
856 1087
856 1106
857 1071
857 1155
858 892
858 936
858 951
858 1187
858 1226
858 1252
858 1386
858 1424
859 1090
859 1171
859 1173
859 1193
859 1277
859 1351
859 1398
860 1000
860 1220
861 1229
861 1333
861 1373
862 995
862 1159
863 1298
863 1328
863 1394
864 1046
864 1106
865 1093
866 879
866 956
866 1026
866 1073
866 1162
866 1185
866 1372
866 1395
867 925
868 980
868 995
869 907
869 915
869 950
869 960
869 1020
869 1066
869 1069
869 1144
869 1225
869 1235
869 1238
869 1239
869 1272
869 1325
870 880
870 1354
871 947
871 1224
872 1288
873 905
873 1087
873 1106
873 1160
873 1237
874 911
874 938
874 1258
875 878
875 1025
875 1080
875 1116
875 1158
875 1201
875 1233
875 1240
875 1287
875 1312
875 1338
875 1384
875 1430
876 933
876 1361
876 1368
877 1135
877 1148
878 913
878 1292
878 1426
879 909
879 1400
880 926
880 932
880 973
880 1055
880 1107
880 1112
880 1278
880 1302
880 1370
880 1391
881 1029
881 1046
881 1101
882 919
883 909
883 1212
883 1358
884 985
884 1394
884 1412
885 1101
885 1118
886 1018
886 1145
887 987
887 1010
887 1215
887 1318
887 1335
887 1389
887 1425
888 909
888 977
888 1105
888 1115
888 1400
889 1232
890 892
890 1052
890 1065
890 1100
890 1161
890 1252
890 1343
890 1365
890 1433
891 1033
891 1364
892 897
892 1071
893 1256
894 1022
894 1341
894 1431
895 909
895 1022
895 1040
895 1212
896 897
896 1029
896 1106
897 978
897 1213
897 1226
897 1424
897 1433
898 1000
898 1183
899 1087
899 1155
899 1405
900 908
900 1354
900 1383
901 1085
901 1088
901 1383
902 925
903 917
903 1361
904 1027
904 1029
904 1092
904 1368
905 959
905 965
905 1080
905 1213
905 1287
906 1032
906 1061
906 1115
907 1033
907 1150
907 1174
907 1352
908 932
908 973
908 1026
908 1231
908 1293
908 1320
908 1404
909 1121
909 1147
909 1185
909 1217
909 1268
909 1316
909 1350
909 1372
910 1046
910 1106
910 1118
910 1237
911 1140
911 1335
911 1339
912 947
912 1224
913 953
913 971
913 1060
913 1134
913 1149
913 1202
913 1209
913 1218
913 1240
913 1312
913 1321
913 1413
914 948
914 1135
914 1368
915 1352
916 1223
916 1229
916 1259
917 931
917 1010
917 1095
917 1222
917 1388
918 1186
918 1212
918 1364
918 1400
919 953
919 955
919 1023
919 1060
919 1066
919 1165
919 1193
919 1202
919 1218
919 1239
919 1272
919 1325
919 1423
920 980
920 1194
921 1220
921 1223
921 1229
922 947
923 1212
923 1400
923 1412
924 1341
924 1431
925 981
925 982
925 1006
925 1095
925 1097
925 1114
925 1191
925 1222
925 1327
925 1363
925 1385
926 1364
927 1032
927 1145
927 1224
928 941
928 964
928 1005
928 1045
928 1048
928 1076
928 1168
928 1200
928 1271
928 1299
928 1319
928 1323
928 1377
928 1382
929 967
929 1183
930 1159
931 1137
931 1288
933 982
933 1097
933 1191
933 1201
933 1252
933 1260
933 1289
933 1338
933 1403
933 1424
933 1430
933 1433
934 1046
934 1101
934 1118
935 1194
935 1265
935 1438
936 1029
936 1106
936 1237
937 1328
938 969
938 987
938 1072
938 1139
940 1046
940 1115
940 1118
941 1412
942 1150
942 1364
943 1008
943 1438
944 1160
944 1405
944 1409
945 1087
945 1160
945 1243
946 1152
946 1243
946 1309
947 964
947 997
947 1168
947 1189
947 1200
947 1269
947 1271
947 1390
947 1406
947 1425
948 1037
948 1084
948 1124
948 1326
948 1340
948 1355
948 1420
949 985
949 1298
949 1328
950 1352
951 1086
951 1364
952 1194
952 1412
954 957
954 985
954 1298
954 1328
954 1394
955 1224
955 1265
956 980
957 963
957 1089
957 1090
957 1108
957 1173
957 1248
957 1331
957 1398
958 1061
958 1298
958 1328
958 1341
958 1431
959 1024
959 1087
959 1106
959 1160
960 1093
960 1352
961 1194
961 1412
962 1110
963 985
963 1328
964 967
965 1110
965 1135
966 977
966 1105
966 1309
967 1076
967 1079
967 1168
967 1205
967 1269
967 1271
967 1369
969 1192
969 1258
970 995
970 1047
970 1387
972 1358
972 1394
972 1412
974 995
974 1118
974 1159
975 980
975 1174
975 1194
976 1083
976 1259
977 1004
977 1009
977 1038
977 1063
977 1195
977 1203
977 1217
977 1295
977 1324
978 1101
978 1237
979 1086
979 1256
980 1056
980 1102
980 1117
980 1306
980 1337
980 1399
980 1414
982 1155
983 1040
983 1047
984 1009
984 1038
984 1050
984 1064
984 1195
984 1313
984 1324
984 1346
984 1428
985 1056
985 1102
985 1108
985 1214
985 1290
985 1300
985 1375
985 1411
985 1427
986 1237
986 1368
987 1258
987 1421
988 1145
988 1169
989 1032
989 1061
989 1263
989 1298
989 1328
989 1341
990 1292
990 1418
991 1099
991 1119
992 1146
992 1150
992 1286
993 1049
993 1135
994 1405
995 1117
995 1125
995 1136
995 1195
995 1198
995 1203
995 1270
997 1328
998 1093
998 1245
999 1024
999 1309
1000 1026
1000 1098
1000 1171
1000 1293
1000 1401
1001 1046
1001 1237
1002 1018
1002 1047
1003 1174
1004 1022
1004 1105
1004 1402
1005 1358
1005 1412
1007 1083
1007 1148
1007 1259
1008 1072
1008 1130
1008 1234
1008 1242
1009 1022
1009 1361
1010 1192
1011 1174
1011 1263
1011 1341
1012 1092
1012 1258
1014 1159
1015 1061
1015 1263
1015 1328
1015 1341
1016 1148
1016 1232
1017 1018
1017 1169
1018 1035
1018 1122
1018 1163
1018 1296
1018 1301
1018 1410
1019 1085
1019 1148
1020 1093
1020 1352
1021 1051
1022 1036
1022 1053
1022 1064
1022 1185
1022 1372
1023 1085
1023 1220
1024 1025
1024 1081
1024 1213
1024 1226
1024 1287
1026 1040
1027 1037
1027 1190
1027 1227
1027 1339
1027 1340
1027 1436
1028 1047
1028 1256
1029 1112
1029 1339
1029 1347
1029 1381
1029 1386
1029 1422
1030 1051
1031 1115
1031 1409
1032 1042
1032 1044
1032 1178
1032 1197
1032 1254
1032 1336
1032 1397
1032 1429
1033 1113
1033 1144
1033 1176
1033 1276
1033 1379
1033 1407
1033 1434
1034 1099
1035 1047
1035 1169
1036 1263
1036 1341
1037 1135
1037 1405
1038 1309
1039 1183
1040 1185
1040 1293
1040 1320
1041 1183
1041 1245
1042 1061
1042 1224
1043 1229
1043 1259
1043 1333
1044 1061
1044 1263
1044 1328
1044 1431
1045 1244
1046 1074
1046 1096
1046 1270
1047 1073
1047 1334
1047 1356
1047 1395
1048 1159
1049 1126
1049 1130
1049 1142
1049 1208
1049 1216
1049 1228
1049 1241
1049 1253
1049 1393
1050 1105
1050 1115
1050 1212
1050 1400
1051 1058
1051 1130
1051 1166
1051 1175
1051 1219
1051 1290
1051 1326
1051 1420
1051 1427
1052 1085
1053 1263
1053 1341
1054 1099
1054 1119
1054 1341
1054 1431
1055 1364
1056 1328
1056 1394
1057 1093
1057 1352
1059 1186
1061 1178
1061 1308
1061 1336
1061 1397
1061 1429
1062 1223
1062 1333
1063 1105
1063 1115
1063 1212
1063 1400
1064 1105
1064 1361
1065 1186
1066 1083
1067 1220
1067 1223
1067 1333
1068 1245
1069 1093
1070 1099
1070 1119
1070 1263
1070 1341
1071 1097
1071 1158
1071 1233
1071 1252
1071 1363
1071 1403
1071 1424
1071 1430
1071 1433
1073 1244
1074 1118
1074 1237
1075 1086
1075 1099
1075 1387
1077 1099
1077 1263
1077 1431
1078 1192
1078 1258
1079 1146
1079 1311
1079 1421
1080 1309
1081 1110
1081 1135
1081 1232
1082 1358
1083 1091
1083 1120
1083 1249
1083 1272
1083 1324
1083 1325
1083 1384
1083 1428
1084 1405
1084 1409
1085 1123
1085 1193
1085 1266
1085 1284
1086 1151
1086 1180
1086 1310
1087 1128
1087 1204
1087 1250
1087 1297
1087 1345
1087 1362
1087 1385
1088 1161
1088 1193
1088 1206
1088 1266
1088 1329
1088 1343
1088 1380
1089 1115
1089 1118
1090 1220
1092 1247
1092 1318
1092 1335
1092 1339
1092 1344
1092 1376
1092 1389
1093 1109
1093 1210
1093 1282
1093 1305
1093 1435
1094 1243
1094 1309
1095 1438
1096 1101
1097 1155
1098 1159
1099 1133
1099 1221
1099 1304
1100 1152
1101 1112
1101 1247
1101 1339
1101 1347
1101 1386
1101 1391
1101 1422
1102 1298
1102 1328
1103 1110
1104 1145
1104 1244
1105 1203
1105 1217
1105 1295
1105 1313
1105 1346
1105 1428
1106 1317
1106 1436
1107 1354
1108 1298
1108 1394
1109 1110
1109 1186
1110 1422
1111 1159
1113 1286
1113 1311
1114 1438
1115 1153
1115 1294
1117 1159
1118 1136
1118 1153
1118 1248
1118 1267
1118 1270
1118 1317
1118 1347
1119 1138
1119 1324
1119 1346
1119 1379
1119 1407
1120 1148
1121 1186
1121 1400
1123 1383
1124 1155
1124 1405
1126 1402
1127 1258
1127 1265
1128 1243
1129 1309
1130 1265
1131 1152
1131 1243
1132 1245
1132 1352
1133 1157
1133 1387
1135 1228
1135 1253
1135 1417
1136 1159
1137 1318
1137 1335
1137 1344
1137 1359
1137 1388
1137 1390
1138 1157
1138 1263
1138 1431
1139 1192
1139 1288
1140 1258
1142 1259
1142 1361
1143 1256
1144 1174
1145 1249
1145 1301
1145 1384
1145 1397
1146 1172
1146 1231
1146 1262
1146 1322
1146 1332
1146 1353
1146 1379
1147 1212
1147 1412
1148 1161
1148 1343
1148 1349
1148 1366
1148 1416
1149 1223
1149 1333
1149 1373
1150 1151
1150 1225
1150 1235
1150 1407
1150 1434
1151 1383
1152 1250
1152 1274
1152 1359
1152 1362
1152 1425
1154 1259
1154 1361
1154 1402
1155 1184
1155 1260
1155 1297
1155 1363
1156 1192
1156 1244
1157 1180
1157 1221
1157 1241
1157 1257
1157 1304
1159 1198
1159 1337
1159 1382
1160 1181
1160 1250
1160 1297
1160 1327
1160 1345
1160 1385
1162 1354
1163 1169
1164 1298
1167 1358
1167 1412
1169 1283
1169 1299
1169 1301
1169 1331
1170 1387
1172 1286
1172 1354
1174 1225
1174 1278
1174 1306
1174 1414
1176 1383
1177 1229
1177 1333
1177 1373
1178 1298
1178 1341
1178 1431
1179 1224
1179 1292
1179 1418
1179 1421
1180 1387
1181 1223
1181 1229
1182 1244
1182 1288
1183 1190
1184 1405
1184 1409
1185 1400
1186 1196
1186 1251
1186 1268
1186 1365
1186 1378
1187 1364
1188 1256
1189 1224
1190 1237
1190 1368
1191 1409
1192 1246
1192 1279
1192 1332
1192 1374
1192 1388
1194 1266
1194 1307
1194 1329
1194 1330
1194 1414
1197 1263
1197 1298
1197 1328
1197 1431
1203 1309
1204 1223
1204 1333
1207 1373
1208 1259
1208 1361
1208 1402
1209 1223
1209 1229
1209 1373
1210 1245
1212 1217
1212 1268
1212 1372
1214 1292
1214 1418
1215 1258
1215 1421
1216 1232
1219 1405
1220 1351
1221 1263
1221 1341
1222 1438
1223 1277
1223 1303
1223 1351
1223 1385
1224 1242
1224 1314
1224 1397
1224 1419
1227 1232
1227 1405
1229 1303
1229 1327
1229 1345
1229 1413
1229 1432
1230 1387
1231 1311
1231 1354
1232 1253
1232 1340
1232 1349
1232 1417
1234 1258
1235 1352
1236 1244
1237 1267
1237 1386
1237 1436
1238 1245
1238 1352
1239 1352
1240 1292
1240 1418
1242 1265
1243 1359
1243 1390
1244 1246
1244 1261
1244 1281
1244 1319
1244 1374
1245 1273
1245 1305
1245 1342
1245 1435
1246 1288
1247 1368
1256 1367
1257 1341
1257 1431
1258 1279
1259 1284
1259 1393
1259 1396
1259 1432
1260 1409
1261 1288
1262 1311
1262 1354
1263 1291
1266 1383
1268 1364
1272 1352
1275 1292
1275 1418
1275 1421
1277 1333
1279 1288
1280 1358
1280 1394
1283 1412
1286 1315
1286 1332
1286 1353
1286 1369
1286 1379
1286 1407
1287 1309
1288 1322
1288 1332
1288 1388
1290 1292
1290 1426
1291 1421
1291 1431
1292 1312
1292 1321
1292 1336
1292 1408
1292 1411
1292 1427
1293 1354
1294 1409
1295 1361
1297 1405
1297 1409
1299 1358
1299 1412
1300 1358
1300 1412
1303 1373
1307 1358
1311 1315
1311 1322
1311 1369
1311 1407
1312 1418
1313 1361
1313 1402
1314 1418
1314 1421
1314 1426
1315 1421
1316 1358
1316 1400
1316 1412
1318 1387
1321 1426
1322 1383
1326 1405
1327 1333
1328 1406
1329 1383
1330 1358
1330 1412
1332 1383
1333 1345
1333 1351
1333 1385
1333 1413
1333 1432
1334 1387
1336 1426
1339 1368
1340 1368
1344 1387
1350 1364
1350 1400
1352 1423
1352 1437
1353 1421
1354 1404
1355 1405
1357 1387
1358 1375
1361 1393
1363 1409
1368 1436
1369 1421
1373 1413
1373 1416
1373 1432
1375 1394
1375 1412
1383 1404
1383 1434
1388 1438
1394 1411
1394 1427
1396 1402
1405 1420
1408 1421
1408 1426
1411 1426
1418 1427
1418 1429
1426 1429
