1260 6048
0 13
0 800
0 869
0 929
0 1100
0 1226
1 69
1 462
1 586
1 599
1 1109
1 1170
2 63
2 351
2 858
2 894
2 1062
2 1065
3 276
3 432
3 487
3 613
3 1082
3 1098
4 199
4 239
4 246
4 336
4 426
4 435
4 454
4 468
4 478
4 563
4 630
4 705
4 743
4 809
4 812
4 970
4 979
4 1052
4 1054
4 1085
4 1099
4 1117
4 1205
4 1235
5 188
5 416
5 781
5 806
5 946
5 1043
6 34
6 284
6 298
6 367
6 381
6 388
6 470
6 498
6 505
6 593
6 604
6 682
6 695
6 712
6 762
6 861
6 914
6 998
6 1030
6 1059
6 1116
6 1131
6 1224
6 1257
7 21
7 54
7 421
7 771
7 986
7 1247
8 88
8 159
8 427
8 614
8 765
8 1045
9 95
9 462
9 599
9 854
9 1048
9 1146
10 45
10 107
10 116
10 165
10 215
10 220
10 223
10 277
10 316
10 440
10 511
10 545
10 580
10 651
10 670
10 724
10 774
10 805
10 873
10 934
10 1006
10 1032
10 1171
10 1246
11 414
11 509
11 858
11 897
11 1062
11 1143
12 13
12 449
12 539
12 1106
12 1152
12 1226
13 38
13 57
13 132
13 154
13 158
13 266
13 342
13 401
13 492
13 521
13 611
13 620
13 661
13 922
13 950
13 954
13 972
13 987
13 996
13 1000
13 1044
13 1215
14 264
14 702
14 736
14 778
14 1060
14 1213
15 106
15 201
15 245
15 311
15 422
15 465
15 535
15 560
15 583
15 641
15 703
15 737
15 738
15 895
15 903
15 1008
15 1011
15 1016
15 1083
15 1104
15 1148
15 1196
15 1219
15 1249
16 21
16 421
16 896
16 986
16 991
16 1247
17 97
17 519
17 567
17 602
17 874
17 898
18 69
18 472
18 598
18 826
18 847
18 1170
19 271
19 285
19 483
19 736
19 830
19 1078
20 28
20 40
20 56
20 107
20 116
20 170
20 215
20 305
20 344
20 440
20 475
20 511
20 545
20 651
20 670
20 805
20 831
20 873
20 927
20 934
20 945
20 960
20 1237
20 1246
21 85
21 108
21 176
21 230
21 253
21 419
21 493
21 499
21 551
21 559
21 578
21 629
21 758
21 794
21 865
21 891
21 957
21 1089
21 1197
21 1199
21 1216
21 1238
22 358
22 607
22 748
22 838
22 897
22 1051
23 157
23 785
23 898
23 915
23 1108
23 1152
24 29
24 145
24 198
24 274
24 322
24 331
24 458
24 515
24 533
24 643
24 681
24 790
24 845
24 872
24 978
24 1046
24 1069
24 1071
24 1073
24 1123
24 1128
24 1136
24 1166
24 1169
25 101
25 284
25 286
25 332
25 419
25 558
25 601
25 623
25 629
25 657
25 682
25 758
25 803
25 827
25 880
25 942
25 1029
25 1030
25 1041
25 1084
25 1131
25 1141
25 1199
25 1233
26 203
26 264
26 483
26 736
26 830
26 1078
27 76
27 166
27 208
27 217
27 318
27 336
27 480
27 572
27 673
27 687
27 722
27 731
27 779
27 812
27 860
27 902
27 917
27 935
27 1042
27 1063
27 1194
27 1205
27 1235
27 1256
28 351
28 399
28 425
28 539
28 1152
29 313
29 319
29 739
29 1007
29 1231
30 351
30 613
30 647
30 760
30 1065
30 1072
31 222
31 248
31 759
31 791
31 853
31 1003
32 317
32 358
32 377
32 487
32 674
32 740
33 427
33 536
33 614
33 765
33 1045
33 1189
34 317
34 487
34 685
34 692
34 958
35 68
35 234
35 663
35 759
35 825
35 911
36 71
36 133
36 148
36 258
36 289
36 309
36 325
36 360
36 361
36 405
36 518
36 547
36 549
36 566
36 589
36 618
36 668
36 815
36 859
36 882
36 976
36 1010
36 1018
36 1112
37 69
37 252
37 462
37 599
37 678
37 1109
38 449
38 915
38 1040
38 1152
38 1226
39 162
39 504
39 517
39 567
39 898
39 905
40 425
40 504
40 517
40 733
40 1232
41 356
41 385
41 418
41 441
41 461
41 574
41 587
41 608
41 622
41 632
41 697
41 721
41 728
41 757
41 895
41 937
41 999
41 1014
41 1034
41 1083
41 1104
41 1148
41 1187
41 1250
42 99
42 200
42 300
42 375
42 442
42 445
42 464
42 471
42 612
42 658
42 667
42 696
42 701
42 718
42 720
42 857
42 928
42 936
42 1107
42 1130
42 1139
42 1157
42 1212
42 1241
43 177
43 293
43 409
43 727
43 830
43 1060
44 466
44 534
44 540
44 858
44 871
44 894
45 351
45 425
45 539
45 915
45 1065
46 58
46 67
46 231
46 490
46 534
46 540
47 421
47 444
47 862
47 896
47 932
47 1179
48 268
48 377
48 595
48 769
48 879
48 926
49 769
49 802
49 879
49 991
49 1021
49 1247
50 122
50 162
50 649
50 781
50 806
50 946
51 88
51 159
51 536
51 765
51 1045
51 1189
52 279
52 285
52 520
52 680
52 1078
52 1210
53 122
53 781
53 806
53 946
53 1043
53 1086
54 93
54 102
54 176
54 216
54 230
54 298
54 367
54 493
54 594
54 600
54 686
54 726
54 762
54 794
54 842
54 850
54 865
54 891
54 963
54 1059
54 1088
54 1119
54 1216
55 444
55 472
55 598
55 826
55 847
55 1179
56 351
56 425
56 915
56 1065
56 1152
57 252
57 858
57 1143
57 1170
57 1226
58 150
58 175
58 202
58 204
58 267
58 303
58 322
58 333
58 402
58 588
58 643
58 648
58 681
58 742
58 772
58 787
58 818
58 843
58 893
58 1019
58 1128
58 1155
58 1158
59 504
59 517
59 649
59 785
59 898
59 905
60 234
60 248
60 459
60 759
60 769
60 879
61 62
61 466
61 534
61 858
61 871
61 1143
62 71
62 168
62 267
62 294
62 328
62 364
62 394
62 405
62 407
62 448
62 541
62 588
62 626
62 668
62 750
62 764
62 772
62 815
62 855
62 863
62 885
62 1158
62 1175
63 98
63 140
63 144
63 242
63 321
63 450
63 650
63 768
63 784
63 819
63 839
63 952
63 974
63 1050
63 1055
63 1074
63 1090
63 1095
63 1114
63 1172
63 1174
63 1177
63 1258
64 351
64 377
64 399
64 707
64 740
64 824
65 430
65 439
65 771
65 944
65 991
65 1048
66 162
66 249
66 677
66 730
66 905
66 1244
67 147
67 174
67 190
67 195
67 278
67 355
67 434
67 436
67 495
67 588
67 655
67 714
67 719
67 741
67 756
67 764
67 772
67 977
67 990
67 1061
67 1158
67 1165
67 1228
68 99
68 113
68 207
68 219
68 269
68 347
68 362
68 386
68 400
68 494
68 546
68 612
68 725
68 754
68 884
68 916
68 925
68 930
68 980
68 1091
68 1139
68 1206
68 1241
69 128
69 158
69 191
69 221
69 266
69 401
69 496
69 577
69 591
69 611
69 654
69 904
69 943
69 950
69 972
69 987
69 1044
69 1047
69 1222
69 1229
69 1236
70 252
70 481
70 598
70 826
70 847
70 1170
71 466
71 540
71 858
71 1143
72 122
72 188
72 664
72 699
72 834
72 931
73 707
73 824
73 939
73 958
73 1005
73 1191
74 544
74 698
74 733
74 1001
74 1220
74 1232
75 519
75 567
75 602
75 671
75 785
75 874
76 84
76 287
76 432
76 907
76 1009
77 431
77 550
77 677
77 733
77 1001
77 1232
78 312
78 430
78 439
78 469
78 1040
78 1106
79 140
79 167
79 221
79 225
79 310
79 320
79 350
79 437
79 496
79 514
79 564
79 591
79 694
79 708
79 746
79 783
79 839
79 888
79 952
79 1068
79 1074
79 1105
79 1120
79 1222
80 414
80 781
80 806
80 1062
80 1213
80 1217
81 231
81 739
81 771
81 921
81 985
81 1247
82 188
82 649
82 781
82 806
82 905
82 946
83 157
83 268
83 595
83 613
83 1072
83 1108
84 138
84 169
84 178
84 265
84 288
84 291
84 295
84 318
84 373
84 513
84 659
84 722
84 731
84 751
84 820
84 962
84 983
84 992
84 997
84 1020
84 1022
84 1111
84 1208
85 276
85 287
85 986
85 1040
85 1106
86 103
86 135
86 153
86 200
86 239
86 263
86 290
86 311
86 336
86 385
86 398
86 453
86 471
86 489
86 572
86 587
86 812
86 857
86 895
86 903
86 1024
86 1104
86 1157
86 1205
87 685
87 707
87 824
87 958
87 1005
87 1025
88 178
88 208
88 309
88 325
88 360
88 373
88 467
88 503
88 526
88 529
88 579
88 625
88 860
88 910
88 935
88 965
88 967
88 976
88 1020
88 1042
88 1111
88 1181
89 138
89 146
89 233
89 284
89 295
89 368
89 382
89 476
89 597
89 606
89 652
89 682
89 795
89 798
89 801
89 820
89 881
89 886
89 914
89 968
89 983
89 1124
89 1131
89 1233
90 179
90 351
90 377
90 399
90 707
90 926
91 800
91 802
91 854
91 929
91 1021
91 1048
92 358
92 377
92 487
92 740
92 1051
92 1098
93 384
93 415
93 421
93 862
93 1179
94 431
94 544
94 550
94 733
94 1232
94 1244
95 124
95 136
95 192
95 193
95 311
95 356
95 385
95 441
95 461
95 525
95 574
95 622
95 662
95 697
95 728
95 808
95 876
95 895
95 903
95 948
95 999
95 1034
95 1148
96 312
96 439
96 1040
96 1106
96 1184
96 1223
97 194
97 235
97 272
97 307
97 380
97 400
97 628
97 631
97 646
97 665
97 689
97 713
97 725
97 792
97 793
97 901
97 925
97 930
97 953
97 964
97 988
97 1026
97 1070
98 414
98 702
98 781
98 806
98 1213
99 234
99 248
99 759
99 769
100 114
100 179
100 664
100 707
100 869
100 1053
101 188
101 664
101 834
101 931
101 946
102 384
102 415
102 444
102 896
102 932
103 548
103 800
103 802
103 854
103 944
104 162
104 504
104 517
104 567
104 649
104 785
105 586
105 1005
105 1025
105 1109
105 1126
105 1210
106 384
106 416
106 716
106 932
106 1043
107 351
107 399
107 539
107 915
108 358
108 421
108 896
108 900
108 1051
109 276
109 287
109 509
109 607
109 761
109 781
110 182
110 284
110 339
110 381
110 382
110 388
110 412
110 482
110 505
110 590
110 686
110 695
110 712
110 726
110 762
110 837
110 914
110 998
110 1017
110 1029
110 1030
110 1059
110 1224
110 1233
111 384
111 416
111 716
111 732
111 862
111 1043
112 180
112 270
112 328
112 345
112 352
112 443
112 507
112 541
112 557
112 573
112 639
112 646
112 725
112 750
112 789
112 797
112 844
112 863
112 884
112 925
112 930
112 994
112 1153
112 1188
113 459
113 759
113 825
113 911
113 1243
114 243
114 256
114 286
114 332
114 348
114 376
114 516
114 558
114 616
114 642
114 676
114 735
114 790
114 803
114 822
114 835
114 892
114 938
114 978
114 1067
114 1123
114 1169
114 1186
115 519
115 671
115 785
115 874
115 898
115 1200
116 399
116 915
116 1065
116 1152
117 416
117 519
117 671
117 1043
117 1213
117 1217
118 271
118 567
118 645
118 736
118 780
118 898
119 159
119 613
119 614
119 1045
119 1049
119 1072
120 252
120 462
120 678
120 1109
120 1159
120 1170
121 264
121 271
121 409
121 778
121 1213
121 1217
122 251
122 324
122 328
122 332
122 463
122 541
122 558
122 717
122 735
122 799
122 803
122 817
122 863
122 956
122 984
122 1027
122 1141
122 1144
122 1167
122 1175
122 1188
123 466
123 481
123 504
123 517
123 847
123 871
124 203
124 430
124 1078
124 1146
124 1184
125 271
125 736
125 778
125 1060
125 1213
125 1217
126 222
126 238
126 248
126 791
126 853
126 911
127 663
127 780
127 846
127 1126
127 1210
127 1243
128 252
128 472
128 481
128 598
128 826
129 218
129 249
129 539
129 666
129 915
129 923
130 162
130 517
130 567
130 649
130 898
130 1218
131 162
131 504
131 649
131 785
131 898
131 1218
132 141
132 252
132 268
132 1170
132 1226
133 222
133 698
133 853
133 871
133 1103
134 317
134 358
134 487
134 740
134 926
134 1051
135 548
135 802
135 854
135 929
135 1048
136 159
136 596
136 923
136 1146
136 1189
137 141
137 252
137 595
137 690
137 1170
137 1226
138 491
138 510
138 586
138 678
139 188
139 761
139 806
139 946
139 1043
139 1086
140 826
140 853
140 883
140 1062
141 158
141 266
141 390
141 406
141 442
141 445
141 635
141 693
141 701
141 714
141 718
141 719
141 777
141 913
141 943
141 971
141 990
141 995
141 1031
141 1044
141 1061
141 1129
142 177
142 607
142 897
142 1043
142 1086
142 1225
143 249
143 444
143 548
143 730
143 800
143 1179
144 509
144 607
144 894
144 1062
144 1143
145 162
145 490
145 775
145 905
145 1007
146 491
146 510
146 586
146 907
146 1109
147 257
147 268
147 595
147 680
147 985
148 427
148 536
148 702
148 871
148 1217
149 159
149 598
149 614
149 739
149 826
149 1231
150 238
150 279
150 775
150 1003
150 1126
151 586
151 678
151 939
151 1005
151 1126
151 1210
152 218
152 539
152 596
152 730
152 915
152 923
153 548
153 800
153 854
153 1021
153 1048
154 548
154 690
154 800
154 869
154 1100
155 218
155 249
155 444
155 800
155 929
155 1179
156 264
156 285
156 293
156 736
156 830
156 1078
157 207
157 209
157 250
157 292
157 335
157 347
157 359
157 390
157 546
157 601
157 657
157 777
157 796
157 880
157 913
157 924
157 995
157 1037
157 1041
157 1092
157 1206
157 1227
158 252
158 268
158 690
159 193
159 225
159 396
159 410
159 437
159 474
159 523
159 529
159 564
159 571
159 574
159 694
159 747
159 937
159 967
159 975
159 999
159 1121
159 1250
160 323
160 544
160 550
160 677
160 733
160 1001
161 249
161 312
161 647
161 730
161 760
161 1223
162 244
162 281
162 343
162 605
162 638
162 643
162 660
162 681
162 704
162 717
162 787
162 804
162 817
162 833
162 1128
162 1137
162 1167
163 249
163 539
163 596
163 666
163 730
163 915
164 279
164 586
164 939
164 1025
164 1109
164 1210
165 425
165 504
165 733
165 1218
165 1232
166 674
166 1009
166 1051
166 1103
166 1220
167 444
167 481
167 826
167 847
167 1179
168 313
168 319
168 534
168 698
168 1220
169 276
169 287
169 371
169 907
169 1009
170 399
170 425
170 539
170 915
170 1065
171 179
171 483
171 645
171 707
171 830
171 846
172 271
172 409
172 702
172 736
172 1060
172 1217
173 249
173 415
173 548
173 730
173 929
173 1179
174 231
174 317
174 678
174 1098
174 1109
175 775
175 874
175 944
175 1048
175 1200
176 771
176 896
176 986
176 991
177 275
177 283
177 297
177 306
177 354
177 376
177 392
177 568
177 675
177 734
177 790
177 821
177 845
177 856
177 1118
177 1123
177 1133
177 1135
177 1166
177 1168
177 1186
177 1251
178 319
178 510
178 536
178 947
179 197
179 315
179 326
179 348
179 389
179 403
179 433
179 479
179 633
179 636
179 637
179 640
179 766
179 767
179 813
179 878
179 892
179 938
179 989
179 1012
179 1151
180 358
180 509
180 838
180 897
180 1051
181 690
181 800
181 929
181 1053
181 1100
181 1226
182 317
182 487
182 692
182 958
182 1191
183 371
183 427
183 462
183 536
183 599
183 1009
184 312
184 431
184 469
184 483
184 544
184 830
185 504
185 567
185 649
185 898
185 905
185 1218
186 276
186 287
186 449
186 900
186 986
186 1106
187 462
187 599
187 748
187 800
187 838
187 929
188 244
188 251
188 270
188 286
188 294
188 328
188 558
188 616
188 750
188 803
188 817
188 833
188 863
188 956
188 984
188 1027
188 1134
188 1144
188 1167
189 414
189 598
189 826
189 853
189 883
189 1062
190 317
190 487
190 678
190 985
190 1109
191 252
191 268
191 595
191 690
191 1226
192 285
192 439
192 1078
192 1146
192 1184
193 596
193 614
193 666
193 1146
194 519
194 645
194 846
194 869
194 1053
195 739
195 771
195 921
195 985
195 991
196 252
196 462
196 586
196 599
196 678
196 1170
197 685
197 707
197 1005
197 1025
197 1191
198 409
198 596
198 923
198 1060
198 1192
199 218
199 469
199 647
199 730
199 1223
200 771
200 802
200 879
200 1247
201 264
201 271
201 346
201 556
201 732
202 602
202 775
202 854
202 944
202 1200
203 247
203 301
203 372
203 461
203 500
203 513
203 525
203 542
203 552
203 565
203 608
203 691
203 751
203 836
203 949
203 992
203 993
203 1034
203 1035
203 1187
203 1208
203 1214
204 231
204 534
204 540
204 775
204 985
205 351
205 414
205 858
205 1062
205 1065
205 1143
206 358
206 371
206 674
206 1009
206 1103
206 1220
207 234
207 550
207 677
207 745
208 371
208 427
208 462
208 599
209 268
209 595
209 613
209 745
209 1082
210 384
210 415
210 421
210 896
210 932
210 1179
211 323
211 431
211 677
211 1001
211 1232
211 1244
212 483
212 727
212 778
212 830
212 1060
212 1225
213 430
213 439
213 854
213 944
213 991
213 1247
214 276
214 287
214 509
214 761
214 806
214 897
215 312
215 327
215 556
215 1223
216 771
216 896
216 900
216 986
216 1247
217 276
217 287
217 371
217 510
217 907
218 227
218 281
218 334
218 413
218 429
218 454
218 537
218 592
218 605
218 704
218 705
218 804
218 828
218 970
218 1058
218 1081
218 1097
218 1239
218 1242
218 1254
219 248
219 459
219 663
219 911
219 1243
220 327
220 425
220 469
220 556
220 1223
221 472
221 481
221 598
221 1170
222 240
222 289
222 300
222 310
222 428
222 484
222 555
222 667
222 720
222 952
222 959
222 974
222 1018
222 1074
222 1105
222 1107
222 1112
222 1113
222 1161
222 1221
222 1258
223 351
223 399
223 425
223 915
223 1152
224 414
224 702
224 761
224 781
224 1062
224 1217
225 739
225 826
225 1189
225 1231
226 271
226 567
226 736
226 780
226 785
226 846
227 666
227 730
227 915
227 923
227 1152
228 293
228 409
228 483
228 727
228 1060
228 1225
229 466
229 472
229 481
229 504
229 871
229 1218
230 358
230 421
230 986
230 1051
231 236
231 254
231 267
231 278
231 355
231 406
231 434
231 524
231 553
231 626
231 635
231 756
231 764
231 772
231 961
231 977
231 990
231 1061
231 1147
231 1165
232 519
232 567
232 602
232 671
232 898
232 1200
233 384
233 491
233 932
233 1040
233 1106
234 269
234 359
234 362
234 400
234 464
234 494
234 507
234 646
234 713
234 725
234 754
234 849
234 884
234 928
234 1036
234 1139
234 1164
234 1178
234 1206
234 1227
235 645
235 671
235 780
235 869
235 1053
236 487
236 678
236 985
236 1098
236 1109
237 384
237 415
237 421
237 444
237 862
237 896
238 262
238 395
238 402
238 417
238 428
238 484
238 530
238 531
238 535
238 576
238 617
238 672
238 703
238 737
238 742
238 752
238 755
238 782
238 1011
238 1019
238 1161
238 1255
239 371
239 647
239 1009
239 1021
240 248
240 791
240 883
240 911
240 1003
241 323
241 544
241 1001
241 1103
241 1220
241 1232
242 761
242 806
242 1062
242 1213
242 1217
243 248
243 834
243 911
243 958
243 1191
244 761
244 781
244 905
244 946
245 271
245 327
245 346
245 732
245 736
246 351
246 399
246 613
246 760
246 1082
247 285
247 510
247 544
247 907
247 1001
248 362
248 428
248 464
248 494
248 516
248 612
248 672
248 676
248 754
248 973
248 980
248 1036
248 1067
248 1178
248 1241
248 1255
248 1259
249 343
249 413
249 454
249 554
249 605
249 688
249 804
249 828
249 887
249 970
249 1054
249 1087
249 1097
249 1099
249 1239
249 1242
249 1254
250 539
250 567
250 898
250 915
250 1108
251 416
251 781
251 806
251 1086
252 340
252 342
252 496
252 575
252 577
252 611
252 654
252 783
252 888
252 972
252 1044
252 1215
252 1222
252 1229
253 699
253 931
253 939
253 986
253 1025
254 317
254 487
254 586
254 985
254 1109
255 276
255 432
255 449
255 900
255 986
255 1040
256 707
256 824
256 834
256 1053
256 1100
257 339
257 387
257 406
257 412
257 424
257 543
257 552
257 593
257 604
257 635
257 691
257 712
257 714
257 756
257 810
257 949
257 993
257 1013
257 1033
257 1061
257 1076
257 1224
257 1248
258 466
258 472
258 481
258 517
258 1218
259 293
259 431
259 469
259 483
259 1001
259 1223
260 317
260 358
260 674
260 740
260 926
260 1098
261 327
261 346
261 384
261 602
261 932
261 1200
262 327
262 346
262 596
262 666
262 1003
263 769
263 771
263 879
263 1021
263 1247
264 372
264 422
264 438
264 455
264 456
264 542
264 570
264 641
264 776
264 867
264 889
264 908
264 909
264 1101
264 1156
264 1214
264 1219
264 1240
264 1252
265 491
265 510
265 586
265 634
265 1109
266 595
266 690
266 1170
267 490
267 534
267 985
268 390
268 445
268 553
268 635
268 696
268 714
268 718
268 756
268 777
268 943
268 971
268 987
268 990
268 1031
268 1130
268 1190
268 1215
269 550
269 745
269 1108
269 1244
270 534
270 540
270 748
270 946
271 301
271 391
271 422
271 438
271 456
271 485
271 500
271 542
271 560
271 776
271 889
271 909
271 1101
271 1198
271 1214
271 1252
272 519
272 702
272 1043
272 1086
272 1213
273 519
273 671
273 702
273 1043
273 1086
273 1217
274 490
274 649
274 775
274 905
274 1192
275 663
275 727
275 825
275 869
275 1100
276 318
276 363
276 499
276 559
276 581
276 644
276 683
276 715
276 731
276 786
276 870
276 902
276 955
276 962
276 1004
276 1197
277 425
277 439
277 444
277 1179
277 1184
278 739
278 921
278 991
278 1247
279 304
279 378
279 395
279 402
279 530
279 585
279 619
279 648
279 691
279 706
279 723
279 823
279 949
279 993
279 1035
279 1039
279 1066
279 1077
279 1155
279 1162
279 1248
280 567
280 745
280 898
280 915
280 1108
280 1152
281 649
281 677
281 730
281 1244
282 416
282 519
282 671
282 702
282 1086
282 1213
283 663
283 727
283 1053
283 1100
283 1243
284 634
284 931
285 291
285 301
285 372
285 387
285 441
285 525
285 632
285 691
285 709
285 751
285 836
285 992
285 993
285 997
285 1034
285 1187
285 1214
285 1248
285 1252
286 664
286 699
286 946
287 318
287 363
287 404
287 508
287 578
287 581
287 710
287 722
287 773
287 786
287 840
287 957
287 1004
287 1176
287 1195
287 1197
287 1207
288 313
288 319
288 427
288 510
288 536
289 698
289 871
289 883
289 1220
290 371
290 647
290 760
290 802
290 1009
291 510
291 544
291 1001
291 1078
292 699
292 745
292 778
292 931
292 1060
293 296
293 301
293 326
293 372
293 408
293 433
293 479
293 500
293 542
293 637
293 653
293 734
293 788
293 856
293 918
293 941
293 1102
293 1133
293 1211
293 1252
294 540
294 748
294 838
294 946
295 491
295 678
295 907
295 1109
296 312
296 431
296 469
296 830
296 1001
297 416
297 509
297 897
297 1043
297 1225
298 313
298 319
298 692
298 896
299 327
299 556
299 862
299 874
299 932
299 1200
300 874
300 879
300 883
300 1200
301 736
301 830
302 351
302 399
302 414
302 894
302 1062
302 1143
303 490
303 602
303 854
303 874
303 944
304 663
304 780
304 825
304 846
304 1210
305 312
305 327
305 425
305 469
305 556
306 416
306 509
306 607
306 727
306 1043
307 519
307 567
307 785
307 874
307 1200
308 544
308 677
308 733
308 1001
308 1232
308 1244
309 427
309 466
309 702
309 1213
310 414
310 598
310 853
310 1062
311 716
311 1021
311 1146
312 454
312 545
312 705
312 774
312 807
312 816
312 941
312 945
312 970
312 1015
312 1054
312 1058
312 1093
312 1102
312 1110
312 1171
312 1211
313 367
313 373
313 448
313 501
313 503
313 505
313 515
313 526
313 590
313 659
313 726
313 829
313 855
313 872
313 885
313 981
313 1020
313 1046
313 1059
313 1185
314 430
314 944
314 991
314 1048
314 1184
314 1247
315 351
315 377
315 740
315 824
315 1065
316 323
316 425
316 504
316 517
316 1232
317 363
317 436
317 470
317 482
317 508
317 524
317 581
317 609
317 644
317 695
317 715
317 753
317 998
317 1138
317 1165
317 1207
318 510
318 1009
319 331
319 394
319 407
319 497
319 501
319 503
319 528
319 533
319 590
319 686
319 762
319 864
319 872
319 885
319 1020
319 1059
319 1111
319 1116
319 1185
320 598
320 614
320 739
320 1189
320 1231
321 414
321 702
321 761
321 806
321 1217
322 490
322 649
322 905
322 1007
323 338
323 353
323 393
323 397
323 446
323 538
323 543
323 651
323 670
323 810
323 906
323 919
323 927
323 960
323 1013
323 1023
323 1032
323 1076
323 1150
323 1209
324 416
324 761
324 781
324 946
324 1043
325 427
325 871
325 1213
325 1217
326 483
326 707
326 780
326 846
327 337
327 369
327 417
327 422
327 438
327 511
327 532
327 641
327 752
327 782
327 899
327 945
327 1142
327 1171
327 1198
327 1219
327 1234
328 534
328 748
329 449
329 539
329 690
329 915
329 1106
329 1226
330 716
330 732
330 765
330 791
330 1003
330 1049
331 739
331 921
331 947
331 1007
332 834
332 931
332 946
333 602
333 775
333 854
333 874
333 1048
334 415
334 444
334 548
334 730
334 800
335 539
335 745
335 785
335 898
335 915
336 760
336 1009
336 1021
337 384
337 556
337 602
337 874
337 932
338 431
338 544
338 698
338 1103
338 1232
339 377
339 680
339 692
339 926
340 690
340 894
340 1143
340 1170
340 1226
341 663
341 677
341 825
341 958
341 1191
341 1244
342 690
342 858
342 894
342 1170
343 550
343 649
343 730
343 1244
344 425
344 430
344 439
344 444
344 1179
345 462
345 748
345 800
345 929
345 1159
346 369
346 417
346 438
346 475
346 511
346 532
346 545
346 560
346 576
346 617
346 641
346 700
346 711
346 744
346 774
346 867
346 899
346 945
346 1094
346 1171
347 459
347 677
347 745
347 1244
348 707
348 834
348 869
348 1100
349 462
349 548
349 748
349 838
349 929
349 1159
350 415
350 472
350 826
350 847
350 1179
351 403
351 426
351 478
351 624
351 636
351 650
351 679
351 809
351 819
351 1172
351 1246
352 462
352 548
352 599
352 838
352 929
353 431
353 544
353 677
353 733
353 1244
354 663
354 825
354 869
354 1053
354 1225
355 487
355 586
355 1098
355 1109
356 462
356 854
356 944
356 1159
357 415
357 472
357 481
357 598
357 826
357 1179
358 493
358 527
358 557
358 594
358 603
358 639
358 687
358 779
358 789
358 850
358 917
358 933
358 1138
358 1238
358 1256
359 459
359 550
359 745
359 1244
360 536
360 702
360 871
360 1213
361 472
361 481
361 504
361 517
361 871
362 825
362 911
362 1243
363 487
363 613
363 1082
364 466
364 540
364 871
364 894
364 1143
365 548
365 802
365 854
365 929
365 944
365 1021
366 430
366 439
366 771
366 854
366 1048
366 1247
367 421
367 692
367 947
368 449
368 491
368 862
368 932
368 1040
369 602
369 862
369 874
369 932
370 430
370 771
370 854
370 991
370 1048
370 1184
371 404
371 480
371 572
371 579
371 625
371 673
371 687
371 722
371 731
371 779
371 812
371 933
371 935
371 962
371 979
371 1203
371 1235
372 483
372 736
373 427
373 510
373 947
374 548
374 800
374 802
374 944
374 1021
374 1048
375 602
375 853
375 874
375 879
375 883
376 834
376 1007
376 1192
376 1225
377 381
377 389
377 412
377 442
377 445
377 527
377 604
377 609
377 679
377 693
377 712
377 718
377 753
377 861
377 1130
377 1138
377 1151
378 645
378 663
378 780
378 1210
378 1243
379 647
379 760
379 921
379 1005
379 1025
379 1231
380 416
380 519
380 702
380 1043
380 1217
381 520
381 680
381 926
382 634
382 692
382 699
382 931
383 666
383 778
383 923
383 1007
383 1060
383 1192
384 411
384 476
384 583
384 711
384 744
384 801
384 842
384 881
384 899
384 966
384 1016
384 1119
384 1125
384 1142
384 1196
385 716
385 732
385 1021
386 459
386 759
386 769
386 879
386 911
387 680
387 1078
387 1126
387 1210
388 487
388 958
388 1098
388 1191
389 399
389 824
389 926
389 1065
390 745
390 1072
390 1082
391 409
391 702
391 736
391 778
391 1213
392 727
392 825
392 869
392 1053
392 1243
393 431
393 550
393 733
393 1001
393 1244
394 540
394 698
394 947
394 1103
395 490
395 775
395 1003
395 1210
396 598
396 826
396 921
396 1189
396 1231
397 504
397 520
397 680
397 1218
397 1232
398 548
398 929
398 944
398 1021
398 1048
399 468
399 478
399 563
399 580
399 624
399 636
399 650
399 684
399 819
399 851
399 1055
399 1090
399 1127
399 1151
400 671
400 748
400 838
401 690
401 894
401 1143
401 1170
402 490
402 791
402 1210
403 707
403 740
403 926
403 1065
404 432
404 510
404 907
404 1009
405 534
405 871
405 894
405 1143
406 520
406 595
406 985
407 534
407 947
407 1103
407 1220
408 409
408 727
408 778
408 830
408 1225
409 452
409 460
409 570
409 657
409 868
409 880
409 889
409 908
409 1041
409 1069
409 1073
409 1084
409 1092
409 1133
409 1135
409 1136
409 1251
410 427
410 536
410 614
410 765
410 1049
411 491
411 634
411 862
411 1040
411 1106
412 520
412 692
412 740
413 596
413 666
413 915
413 1152
414 768
414 784
414 819
414 839
414 940
414 974
414 982
414 1055
414 1074
414 1095
414 1105
414 1114
414 1127
414 1172
414 1201
415 429
415 440
415 514
415 600
415 708
415 724
415 746
415 805
415 831
415 912
415 1006
415 1087
415 1088
415 1237
415 1242
415 1254
416 465
416 569
416 675
416 738
416 792
416 799
416 821
416 841
416 901
416 988
416 1016
416 1125
416 1134
416 1144
417 596
417 791
417 923
418 596
418 614
418 666
418 1146
418 1189
419 931
419 986
419 1005
419 1025
420 677
420 685
420 825
420 958
420 1243
420 1244
421 486
421 502
421 505
421 551
421 590
421 600
421 686
421 842
421 850
421 865
421 891
421 963
421 1059
421 1116
421 1238
422 556
422 716
423 431
423 544
423 733
423 1103
423 1220
423 1232
424 504
424 517
424 520
424 733
424 1232
425 475
425 580
425 724
425 774
425 831
425 927
425 945
425 960
425 1006
425 1032
425 1171
425 1237
426 760
426 1065
426 1072
426 1082
427 474
427 480
427 503
427 528
427 579
427 659
427 749
427 965
427 967
427 1010
427 1042
427 1063
427 1111
427 1181
428 759
428 883
428 1003
429 730
429 800
429 929
429 1179
430 441
430 525
430 608
430 632
430 724
430 805
430 807
430 811
430 816
430 831
430 852
430 934
430 1006
430 1034
430 1110
430 1193
431 446
431 447
431 565
431 709
431 751
431 788
431 919
431 992
431 997
431 1023
431 1093
431 1208
431 1209
431 1211
432 499
432 508
432 559
432 578
432 644
432 683
432 710
432 715
432 722
432 731
432 773
432 840
432 870
432 902
432 955
432 957
432 962
432 1176
432 1195
432 1207
433 483
433 645
433 824
433 846
434 771
434 921
434 1231
434 1247
435 739
435 760
435 1005
435 1025
435 1231
436 586
436 985
436 1098
436 1109
437 614
437 739
437 826
437 921
438 716
438 732
439 440
439 441
439 461
439 525
439 608
439 724
439 805
439 807
439 1015
439 1028
439 1140
439 1145
439 1163
439 1187
439 1193
439 1237
440 444
440 1184
441 1078
442 595
442 769
442 926
443 509
443 607
443 674
443 838
443 1051
444 514
444 537
444 600
444 708
444 724
444 831
444 842
444 912
444 934
444 1068
444 1087
444 1119
444 1254
445 740
445 769
446 544
446 550
446 677
446 1232
447 698
447 733
447 1001
447 1103
447 1232
448 540
448 698
448 947
448 1220
449 476
449 499
449 522
449 578
449 801
449 807
449 816
449 881
449 954
449 957
449 966
449 996
449 1015
449 1075
449 1110
449 1145
449 1193
449 1197
450 607
450 858
450 897
450 1062
450 1143
451 664
451 759
451 834
451 911
451 958
451 1191
452 596
452 778
452 923
452 1007
452 1192
453 800
453 854
453 929
453 944
453 1021
454 647
454 1223
455 736
455 780
455 785
455 846
455 898
456 645
456 780
456 785
456 898
457 483
457 707
457 780
457 824
457 830
457 846
458 596
458 666
458 778
458 1060
458 1192
459 464
459 507
459 546
459 612
459 646
459 713
459 849
459 916
459 925
459 928
459 930
459 980
459 1036
459 1091
459 1164
459 1178
459 1227
459 1241
460 699
460 745
460 778
460 931
460 1108
461 1078
461 1184
462 480
462 573
462 622
462 625
462 662
462 757
462 860
462 994
462 1014
462 1042
462 1047
462 1229
463 649
463 761
463 781
463 905
463 946
464 879
464 911
465 716
465 862
465 932
465 1086
466 547
466 549
466 566
466 668
466 749
466 763
466 859
466 910
466 959
466 976
466 1010
466 1018
466 1112
466 1181
466 1202
466 1221
467 536
467 614
467 765
467 1049
467 1189
468 647
468 1065
468 1072
468 1082
469 475
469 511
469 545
469 788
469 811
469 816
469 866
469 941
469 970
469 1015
469 1054
469 1058
469 1099
469 1145
469 1171
469 1193
469 1239
470 692
470 958
470 1098
470 1191
471 769
471 802
471 991
471 1247
472 473
472 496
472 514
472 589
472 597
472 606
472 708
472 783
472 798
472 859
472 888
472 951
472 968
472 1068
472 1202
473 491
473 634
473 847
473 1045
473 1049
474 536
474 1045
474 1049
474 1189
475 556
475 1223
476 634
476 932
476 1106
477 678
477 939
477 1025
477 1109
477 1126
477 1210
478 613
478 647
478 1072
479 645
479 707
479 780
479 830
480 536
480 1159
481 514
481 549
481 591
481 597
481 746
481 795
481 882
481 888
481 912
481 951
481 968
481 1068
481 1124
481 1173
481 1222
482 685
482 692
482 1098
482 1191
483 500
483 734
483 866
483 878
483 918
483 941
483 1093
483 1133
483 1135
483 1211
483 1214
483 1251
483 1252
484 759
484 853
484 911
484 1003
485 645
485 736
485 785
485 846
485 898
486 674
486 896
486 900
486 986
486 1051
487 498
487 527
487 644
487 655
487 753
487 837
487 998
487 1004
487 1057
487 1165
487 1176
487 1207
488 509
488 607
488 727
488 1043
488 1086
488 1225
489 800
489 802
489 929
489 944
489 1048
490 530
490 626
490 648
490 660
490 741
490 764
490 787
490 814
490 832
490 843
490 893
490 1019
490 1128
490 1158
490 1160
490 1253
491 606
491 615
491 682
491 801
491 914
491 951
491 966
491 968
491 1022
491 1029
491 1030
491 1075
491 1124
491 1173
491 1233
491 1257
492 548
492 690
492 929
492 1053
492 1100
493 674
493 896
493 900
494 769
494 879
494 911
495 739
495 771
495 985
495 1231
495 1247
496 826
496 847
497 534
497 540
497 698
497 947
497 1220
498 685
498 692
498 1098
498 1191
499 986
499 1106
500 736
500 1078
501 921
501 1007
501 1192
501 1231
502 771
502 896
502 900
502 986
502 991
503 510
503 907
504 538
504 543
504 549
504 589
504 638
504 651
504 670
504 810
504 859
504 960
504 1033
505 896
505 947
506 647
506 739
506 760
506 939
506 1005
506 1231
507 519
507 671
507 748
508 613
508 1082
508 1098
509 568
509 584
509 603
509 639
509 675
509 683
509 710
509 784
509 789
509 841
509 955
509 982
509 1114
509 1174
509 1195
510 526
510 528
510 565
510 615
510 709
510 722
510 751
510 820
510 886
510 902
510 962
510 1208
511 1223
512 539
512 567
512 745
512 785
512 915
512 1108
513 544
513 907
513 1001
513 1078
514 826
515 921
515 947
515 1007
515 1231
516 685
516 759
516 834
516 1191
517 538
517 669
517 670
517 810
517 859
517 873
517 882
517 927
517 1013
517 1032
517 1076
517 1137
517 1202
517 1230
518 853
518 871
518 883
518 1103
518 1220
519 713
519 725
519 793
519 875
519 884
519 925
519 953
519 988
519 1026
519 1064
519 1091
519 1122
520 538
520 543
520 552
520 553
520 604
520 669
520 714
520 719
520 756
520 836
520 861
520 990
520 993
520 1013
520 1017
520 1035
520 1224
520 1248
521 539
521 915
521 1040
521 1106
521 1226
522 539
522 690
522 1040
522 1152
522 1226
523 613
523 614
523 765
523 1049
523 1082
524 586
524 678
524 985
524 1098
525 1146
526 536
526 907
526 947
527 674
527 926
527 1098
528 536
528 907
528 947
529 536
529 614
529 1045
529 1049
530 775
530 791
530 1126
531 716
531 732
531 765
531 791
531 1045
532 666
532 791
532 923
532 1003
533 921
533 947
533 1192
533 1231
534 547
534 588
534 618
534 668
534 741
534 750
534 764
534 829
534 855
534 1027
534 1175
534 1185
534 1188
535 716
535 791
535 1045
535 1049
536 625
536 659
536 749
536 860
536 910
536 935
536 976
536 1010
536 1020
536 1063
537 548
537 730
537 929
537 1179
538 680
538 733
539 554
539 580
539 592
539 610
539 796
539 996
539 1000
539 1037
539 1097
539 1246
540 541
540 547
540 618
540 626
540 741
540 772
540 815
540 829
540 863
540 885
540 1027
540 1158
540 1185
540 1188
541 748
541 946
542 830
542 1078
543 733
543 1218
544 709
544 788
544 866
544 906
544 941
544 992
544 1023
544 1102
544 1150
544 1208
544 1211
545 556
546 550
546 1108
546 1244
547 894
547 1143
548 573
548 620
548 661
548 770
548 994
548 1080
548 1153
548 1204
548 1242
548 1254
549 847
549 1218
550 605
550 688
550 704
550 804
550 848
550 916
550 969
550 1079
550 1081
550 1096
550 1115
550 1149
550 1150
550 1227
551 771
551 896
551 900
551 1247
552 1078
552 1126
552 1210
553 595
553 680
553 985
554 666
554 730
554 923
554 1152
555 602
555 769
555 853
555 874
555 879
556 560
556 576
556 617
556 700
556 711
556 744
556 752
556 774
556 782
556 867
556 1094
556 1142
556 1198
556 1219
556 1234
557 607
557 674
557 838
557 897
558 699
558 834
559 900
559 1040
559 1106
560 716
560 736
561 769
561 853
561 874
561 879
561 883
561 1200
562 598
562 614
562 739
562 826
562 921
562 1189
563 613
563 760
563 1065
563 1072
564 598
564 739
564 921
564 1189
565 907
565 1001
565 1078
566 698
566 853
566 883
566 1103
567 631
567 638
567 689
567 776
567 796
567 924
567 1037
567 1101
567 1156
567 1230
567 1240
568 727
568 897
568 1043
568 1086
569 607
569 727
569 897
569 1043
569 1225
570 736
570 1060
570 1213
570 1217
571 614
571 765
571 1045
571 1072
571 1082
572 647
572 760
572 1021
573 800
573 838
573 1159
574 614
574 666
574 923
575 586
575 599
575 1109
575 1159
575 1170
576 666
576 923
576 1003
577 586
577 599
577 678
577 1159
578 986
578 1040
579 599
579 1009
579 1159
580 1065
580 1152
581 613
581 1072
581 1098
582 716
582 732
582 862
582 932
582 1043
582 1086
583 716
583 862
583 1043
583 1086
584 674
584 748
584 838
584 897
584 1051
585 645
585 825
585 846
585 1210
585 1243
586 619
586 655
586 706
586 886
586 983
586 1022
586 1047
586 1066
586 1165
586 1229
587 716
587 732
587 802
587 1146
588 775
588 985
589 847
589 871
589 1218
590 692
590 896
591 826
591 847
591 1170
592 596
592 666
592 730
592 1152
593 680
593 692
593 740
593 926
594 896
594 900
594 986
594 1051
595 693
595 696
595 701
595 719
595 756
595 913
595 987
595 995
595 1044
595 1061
595 1129
595 1130
595 1190
595 1215
596 617
596 700
596 728
596 782
596 868
596 887
596 937
596 999
596 1069
596 1071
596 1097
596 1234
597 634
597 1045
597 1049
598 694
598 708
598 746
598 783
598 839
598 912
598 952
598 974
598 1068
598 1222
598 1258
599 622
599 697
599 721
599 797
599 860
599 876
599 935
599 994
599 1014
599 1063
599 1080
599 1153
599 1236
600 862
600 932
601 778
601 931
601 1060
601 1108
602 628
602 631
602 658
602 720
602 744
602 814
602 893
602 953
602 1094
602 1107
602 1113
602 1142
602 1253
603 607
603 674
603 748
603 838
604 692
604 926
605 649
605 677
606 765
606 847
606 1049
607 639
607 675
607 683
607 768
607 786
607 821
607 840
607 844
607 870
607 940
607 982
607 1114
607 1195
608 1078
608 1146
609 674
609 740
609 1051
609 1098
610 745
610 785
610 898
610 1108
610 1152
611 690
611 858
611 1143
612 769
612 911
613 644
613 656
613 747
613 777
613 809
613 851
613 975
613 995
613 1031
613 1129
613 1176
613 1180
614 656
614 694
614 728
614 808
614 937
614 965
614 1120
614 1154
614 1180
615 634
615 678
615 907
615 1109
616 699
616 834
616 931
616 946
617 666
617 791
618 858
618 871
618 1143
619 678
619 939
619 1025
619 1126
620 869
620 929
620 1053
620 1226
621 647
621 739
621 760
621 921
621 939
621 1025
622 944
622 1048
623 900
623 931
623 939
623 986
623 1025
624 647
624 760
624 1072
624 1082
625 1009
625 1159
626 775
626 985
627 759
627 791
627 853
627 883
627 911
627 1003
628 671
628 785
628 874
628 898
629 699
629 939
629 986
629 1005
630 760
630 921
630 939
630 1025
630 1231
631 671
631 785
631 1200
632 1078
632 1146
632 1184
633 707
633 939
633 958
633 1025
633 1191
634 652
634 795
634 798
634 820
634 881
634 886
634 951
634 966
634 983
634 1022
634 1029
634 1030
634 1075
634 1131
634 1173
634 1257
635 680
635 985
636 740
636 824
636 926
637 780
637 824
637 830
637 846
638 785
638 905
638 1218
639 748
639 1051
640 824
640 958
640 1005
640 1025
640 1191
641 716
641 736
642 664
642 685
642 759
642 911
642 1191
643 649
643 775
643 1007
644 1072
645 653
645 793
645 823
645 878
645 918
645 920
645 964
645 1056
645 1064
645 1101
645 1122
645 1156
645 1162
645 1240
646 671
646 838
647 743
647 809
647 851
647 1054
647 1058
647 1085
647 1117
647 1194
647 1205
647 1235
647 1239
648 791
648 1003
648 1126
649 660
649 688
649 817
649 818
649 828
649 833
649 956
649 1081
649 1128
649 1230
650 858
650 1062
650 1143
651 1218
651 1232
652 862
652 932
652 1040
652 1106
653 707
653 824
653 830
653 846
654 690
654 858
654 894
654 1226
655 678
655 985
655 1098
656 765
656 1045
656 1082
656 1189
657 745
657 778
657 931
658 769
658 853
658 883
658 1200
659 907
659 947
660 775
660 1007
660 1192
661 800
661 1053
661 1100
661 1226
662 944
662 1048
662 1146
662 1159
663 754
663 823
663 848
663 849
663 890
663 920
663 969
663 980
663 1036
663 1115
663 1132
663 1149
663 1162
663 1168
663 1183
664 676
664 735
664 790
664 803
664 813
664 835
664 845
664 938
664 973
664 989
664 1038
664 1067
664 1141
664 1166
664 1169
664 1182
664 1186
664 1259
665 671
665 780
665 846
665 869
665 1100
666 752
666 808
666 868
666 999
666 1069
666 1073
666 1136
666 1234
666 1250
667 769
667 853
667 874
667 1200
668 858
668 894
669 680
669 733
669 1218
669 1232
670 733
671 689
671 792
671 875
671 884
671 901
671 930
671 964
671 1064
671 1070
671 1091
671 1122
672 853
672 883
672 911
672 1003
673 674
673 698
673 1051
673 1103
674 753
674 779
674 789
674 844
674 850
674 865
674 1057
674 1203
674 1216
674 1238
674 1256
675 1086
675 1225
676 685
676 911
676 958
677 688
677 704
677 828
677 848
677 890
677 916
677 1079
677 1115
677 1164
677 1206
677 1227
678 723
678 820
678 886
678 1022
678 1039
678 1047
678 1066
678 1165
678 1236
679 707
679 824
679 926
679 1065
680 691
680 712
680 719
680 810
680 836
680 861
680 949
680 990
680 1017
680 1033
680 1035
680 1061
680 1076
681 775
681 905
681 1192
682 692
682 931
683 761
683 806
684 707
684 740
684 824
684 926
684 1065
685 695
685 766
685 767
685 822
685 837
685 848
685 890
685 969
685 973
685 998
685 1012
685 1096
685 1115
685 1245
685 1259
686 692
686 947
687 1051
687 1103
687 1220
688 730
688 905
689 874
689 898
689 1200
690 770
690 877
690 904
690 922
690 943
690 954
690 996
690 1000
690 1204
690 1215
691 1126
692 726
692 837
692 861
692 1017
692 1029
692 1116
692 1131
692 1233
692 1257
693 740
693 769
693 879
694 921
694 1231
695 958
695 1098
696 740
696 769
696 926
697 854
697 1048
697 1159
698 763
698 779
698 855
698 906
698 917
698 919
698 933
698 1023
698 1112
698 1185
698 1203
698 1221
698 1256
699 729
699 735
699 758
699 827
699 880
699 914
699 942
699 1030
699 1041
699 1089
699 1092
699 1131
699 1141
699 1233
699 1257
700 791
700 923
700 1003
701 740
701 879
701 926
702 749
702 792
702 889
702 901
702 908
702 909
702 976
702 1050
702 1177
702 1181
702 1201
703 716
703 765
703 1003
703 1049
704 730
704 905
705 730
705 760
705 1223
706 939
706 1005
706 1109
706 1126
707 767
707 813
707 835
707 918
707 1038
707 1151
707 1245
708 847
709 907
709 1078
710 761
710 781
710 897
711 874
711 932
711 1200
712 740
713 748
713 838
714 985
715 1072
715 1082
715 1098
716 755
716 867
716 895
716 948
716 1083
716 1125
716 1198
716 1249
717 761
717 806
717 905
717 946
718 879
718 926
719 985
720 853
720 879
720 1200
721 944
721 1048
721 1146
721 1159
723 1005
723 1025
723 1109
723 1126
725 748
726 896
726 947
727 734
727 821
727 841
727 978
727 1002
727 1123
727 1132
727 1166
727 1169
727 1182
727 1183
727 1186
727 1251
728 923
728 1189
729 900
729 931
729 939
729 986
729 1005
730 887
730 1054
730 1058
730 1081
730 1087
730 1099
731 907
732 737
732 738
732 755
732 867
732 903
732 948
732 1008
732 1011
732 1016
732 1104
732 1125
732 1148
732 1196
732 1198
732 1219
733 873
733 906
733 960
733 1023
733 1032
733 1033
733 1076
733 1209
734 778
734 1060
735 931
735 946
736 867
736 908
736 1156
736 1198
736 1219
736 1240
737 765
737 1003
737 1045
738 862
738 932
738 1043
739 743
739 864
739 872
739 961
739 977
739 981
739 1046
739 1052
739 1117
740 861
740 971
740 1017
740 1057
740 1130
740 1151
740 1224
741 775
741 985
742 775
742 791
742 1126
742 1210
743 939
743 1025
743 1231
744 862
744 874
745 796
745 827
745 880
745 916
745 924
745 995
745 1031
745 1084
745 1129
745 1164
745 1190
746 847
746 1179
747 1045
747 1049
747 1082
747 1189
748 789
748 844
748 930
748 994
748 1027
748 1080
748 1091
748 1153
748 1175
749 871
749 1213
750 838
750 946
751 1001
752 791
752 923
753 926
753 1051
754 759
754 1243
755 1003
755 1045
755 1049
757 854
757 1048
757 1146
757 1159
758 900
758 939
758 1025
759 822
759 849
759 928
759 973
759 980
759 1067
759 1139
759 1161
759 1178
759 1241
759 1255
760 812
760 851
760 970
760 979
760 1052
760 1058
760 1099
760 1194
760 1239
761 799
761 817
761 833
761 840
761 870
761 956
761 984
761 1050
761 1095
761 1134
761 1144
761 1201
762 896
762 947
763 853
763 871
763 883
763 1220
764 775
765 795
765 798
765 951
765 967
765 968
765 975
765 1011
765 1121
765 1173
765 1180
765 1249
766 824
766 939
766 958
766 1025
767 939
767 958
767 1005
768 858
768 894
768 897
769 857
769 928
769 936
769 971
769 1024
769 1107
769 1113
770 869
770 929
770 1100
770 1226
771 852
771 857
771 891
771 936
771 977
771 1024
771 1028
771 1147
771 1163
771 1212
772 775
773 900
773 986
773 1040
773 1106
774 1223
775 814
775 818
775 832
775 1155
775 1160
775 1253
776 780
776 846
776 898
777 1082
777 1108
778 827
778 856
778 908
778 909
778 1041
778 1069
778 1071
778 1133
778 1136
778 1251
779 1220
780 793
780 823
780 875
780 878
780 918
780 1026
780 1056
780 1064
780 1077
780 1240
781 786
781 817
781 870
781 955
781 984
781 1050
781 1095
781 1134
781 1167
781 1177
781 1195
782 923
782 1003
783 847
783 1170
784 894
784 897
784 1143
785 924
785 953
785 1037
785 1101
785 1137
785 1230
785 1240
786 806
786 897
787 905
787 1007
787 1192
788 830
788 1223
789 897
790 1007
790 1225
791 832
791 1008
791 1011
791 1155
791 1161
791 1234
791 1249
791 1255
792 1043
792 1213
793 869
793 1100
794 896
794 900
794 991
794 1247
795 847
795 1049
796 898
796 1152
797 800
797 838
797 929
797 1159
798 847
798 1045
799 806
799 946
799 1086
800 922
800 994
800 1080
800 1087
800 1204
800 1242
801 862
801 1106
802 812
802 895
802 903
802 936
802 948
802 979
802 1024
802 1083
802 1148
802 1194
802 1205
802 1212
802 1235
803 931
804 905
804 1244
805 1179
806 833
806 840
806 955
806 956
806 1144
806 1167
806 1177
806 1195
806 1201
807 1040
807 1223
808 923
808 1146
808 1189
809 1065
809 1082
810 1232
811 1040
811 1106
811 1184
811 1223
813 834
813 1053
813 1100
814 874
814 944
814 1048
815 858
815 871
815 894
816 1040
816 1184
818 905
818 1007
818 1192
819 858
819 894
820 1109
821 897
821 1086
822 834
822 911
822 958
823 825
823 1126
824 835
824 878
824 892
824 918
824 938
824 989
824 1012
824 1038
824 1245
825 848
825 920
825 969
825 980
825 1002
825 1036
825 1056
825 1077
825 1079
825 1096
825 1118
825 1178
825 1183
826 888
826 912
826 974
826 1074
826 1105
826 1120
826 1258
827 1060
827 1108
828 905
828 1244
829 947
829 1103
829 1220
830 856
830 866
830 878
830 1093
830 1102
830 1135
830 1214
830 1251
831 1184
832 1003
832 1126
832 1210
833 946
834 845
834 892
834 973
834 978
834 989
834 1038
834 1123
834 1141
834 1166
834 1182
834 1259
835 869
835 1100
836 1126
836 1210
837 958
837 1098
838 863
838 884
838 925
838 1027
838 1080
838 1091
838 1175
838 1188
839 853
839 883
840 897
841 897
841 1086
841 1225
842 932
842 1179
843 854
843 874
843 1048
843 1200
844 897
844 1051
845 1192
845 1225
846 875
846 920
846 964
846 1026
846 1077
846 1101
846 1122
846 1156
846 1162
847 859
847 882
847 912
847 1124
847 1173
847 1202
847 1222
848 1191
849 911
849 1243
850 900
850 986
851 1065
851 1082
852 854
852 944
852 1184
852 1247
853 959
853 1074
853 1112
853 1255
853 1258
854 876
854 1014
854 1140
854 1160
854 1163
854 1253
855 947
855 1103
856 1060
856 1225
857 991
857 1021
858 904
858 950
858 982
858 1055
858 1114
858 1127
858 1174
860 1009
862 881
862 899
862 1016
862 1075
862 1088
862 1094
862 1119
862 1142
864 947
864 1007
864 1192
864 1231
865 900
865 1051
866 1001
866 1223
868 1007
868 1060
868 1192
869 875
869 892
869 922
869 989
869 1002
869 1038
869 1122
869 1132
869 1168
869 1204
870 897
871 882
871 910
871 959
871 1181
871 1202
871 1221
872 921
872 1192
873 1218
873 1232
874 899
874 1107
874 1160
875 1053
876 944
876 1146
876 1159
877 915
877 1040
877 1106
877 1152
877 1226
879 971
879 1024
879 1113
879 1130
879 1139
879 1157
879 1212
879 1241
880 1060
881 1040
882 1218
883 952
883 974
883 1018
883 1105
883 1107
883 1113
883 1161
883 1221
883 1255
885 1103
885 1220
886 907
887 915
887 923
887 1152
888 1170
889 1060
889 1213
890 1191
890 1243
890 1244
891 900
891 991
892 1053
893 944
893 1048
893 1200
894 940
894 950
894 972
894 982
894 1090
894 1127
894 1172
894 1174
896 1088
896 1116
896 1119
896 1216
896 1238
897 940
897 955
897 1174
898 953
898 1137
898 1156
899 1200
900 942
900 957
900 963
900 1089
900 1197
900 1199
901 1086
901 1217
902 907
902 1009
903 1146
904 1143
904 1170
904 1226
905 956
905 1081
905 1137
905 1167
905 1230
906 1001
906 1103
907 983
907 992
907 997
907 1020
907 1022
907 1111
908 1217
909 1060
909 1217
910 1213
910 1217
911 928
911 1036
911 1139
911 1161
911 1259
913 1072
913 1082
913 1108
914 931
915 924
915 954
915 996
916 1108
917 1009
917 1051
917 1220
919 1001
919 1220
919 1232
920 1126
920 1210
921 981
921 1052
921 1085
921 1117
921 1120
921 1147
921 1228
922 929
922 1053
923 937
923 1071
923 1073
923 1097
923 1136
923 1250
924 1152
926 971
926 1017
926 1057
926 1138
926 1224
927 1218
927 1232
929 1087
929 1153
929 1254
931 1029
931 1084
931 1089
931 1092
931 1199
931 1257
932 966
932 1075
932 1088
932 1094
932 1125
932 1196
933 1009
933 1051
933 1103
934 1179
934 1184
935 1159
936 1021
936 1247
937 1146
938 1053
938 1100
939 1012
939 1039
939 1052
939 1085
939 1199
939 1245
940 1062
940 1143
941 1001
942 986
942 1005
942 1025
943 1170
943 1226
944 1014
944 1028
944 1160
944 1163
945 1223
946 1134
946 1141
946 1175
946 1188
947 981
947 1046
947 1111
947 1116
948 1021
948 1146
949 1078
949 1210
950 1170
950 1226
951 1049
952 1062
953 1200
954 1106
954 1152
957 1106
958 969
958 973
958 1067
958 1079
958 1115
958 1149
959 1103
959 1220
960 1218
961 985
961 991
961 1231
961 1247
962 1009
963 986
963 991
963 1247
964 1053
964 1100
965 1045
965 1049
965 1189
966 1040
967 1049
967 1189
968 1045
969 1244
972 1143
972 1226
975 1045
975 1072
975 1189
976 1217
977 991
977 1231
978 1007
978 1225
979 1009
979 1021
981 1007
981 1192
982 1062
983 1109
984 1043
984 1086
985 1147
985 1158
985 1228
986 1216
986 1238
987 1170
987 1226
988 1086
988 1213
988 1217
989 1100
991 1024
991 1140
991 1147
991 1157
991 1163
991 1212
991 1228
993 1210
995 1072
996 1040
997 1001
997 1078
998 1191
999 1189
1000 1040
1000 1106
1000 1152
1001 1093
1001 1102
1001 1150
1001 1209
1002 1100
1002 1225
1002 1243
1003 1008
1003 1019
1003 1155
1003 1234
1003 1249
1004 1072
1004 1082
1004 1098
1005 1012
1005 1039
1005 1052
1005 1066
1005 1085
1005 1089
1005 1117
1005 1199
1006 1179
1006 1184
1007 1069
1007 1071
1007 1073
1007 1166
1007 1182
1007 1186
1008 1045
1008 1049
1009 1042
1009 1063
1009 1194
1009 1203
1009 1205
1009 1256
1010 1213
1010 1217
1011 1049
1012 1191
1013 1218
1013 1232
1014 1146
1015 1106
1015 1184
1016 1086
1018 1103
1018 1220
1019 1126
1019 1210
1021 1083
1021 1104
1021 1148
1021 1157
1021 1194
1021 1212
1021 1235
1023 1220
1025 1066
1025 1089
1025 1117
1025 1245
1026 1053
1026 1100
1028 1048
1028 1184
1028 1247
1031 1072
1031 1108
1032 1218
1033 1218
1033 1232
1034 1184
1035 1078
1035 1126
1037 1108
1037 1152
1038 1053
1039 1109
1039 1210
1040 1145
1040 1197
1041 1108
1042 1159
1043 1070
1043 1144
1043 1196
1044 1226
1045 1124
1045 1154
1045 1173
1045 1249
1046 1192
1046 1231
1047 1159
1047 1170
1048 1140
1048 1253
1049 1121
1049 1124
1049 1154
1049 1180
1050 1062
1050 1213
1051 1057
1051 1138
1051 1203
1051 1216
1053 1064
1053 1118
1053 1132
1053 1183
1053 1204
1055 1065
1055 1143
1056 1126
1056 1210
1056 1243
1057 1098
1060 1071
1060 1073
1060 1084
1060 1092
1060 1135
1062 1090
1062 1105
1062 1127
1062 1174
1062 1177
1062 1201
1062 1258
1063 1159
1064 1100
1065 1090
1065 1127
1065 1151
1065 1172
1065 1246
1066 1210
1067 1191
1068 1179
1070 1086
1070 1213
1070 1217
1072 1121
1072 1154
1072 1176
1072 1180
1072 1190
1072 1207
1075 1106
1076 1218
1077 1126
1077 1243
1078 1208
1078 1248
1078 1252
1079 1191
1079 1243
1080 1159
1081 1244
1082 1121
1082 1129
1082 1154
1082 1190
1082 1207
1083 1146
1084 1108
1085 1231
1086 1125
1086 1134
1086 1196
1088 1179
1090 1143
1092 1108
1093 1223
1094 1200
1095 1213
1095 1217
1096 1191
1096 1243
1096 1244
1097 1152
1098 1138
1098 1176
1099 1223
1100 1118
1100 1122
1100 1168
1100 1183
1102 1223
1103 1185
1103 1209
1103 1221
1103 1256
1104 1146
1106 1110
1106 1193
1108 1129
1108 1164
1108 1190
1108 1206
1108 1227
1109 1229
1109 1236
1110 1184
1110 1223
1112 1220
1113 1200
1114 1143
1115 1243
1118 1225
1118 1243
1119 1179
1120 1189
1120 1231
1121 1189
1123 1192
1126 1162
1126 1248
1128 1192
1132 1225
1132 1243
1133 1225
1135 1225
1136 1192
1137 1218
1140 1184
1140 1247
1142 1200
1143 1172
1145 1184
1145 1223
1146 1187
1146 1250
1147 1231
1149 1191
1149 1243
1149 1244
1150 1232
1150 1244
1152 1246
1153 1159
1154 1189
1155 1210
1157 1247
1159 1229
1159 1236
1160 1200
1162 1243
1163 1184
1164 1244
1168 1225
1168 1243
1169 1192
1169 1225
1170 1215
1170 1236
1177 1217
1178 1243
1179 1237
1179 1242
1180 1189
1181 1217
1182 1192
1182 1225
1183 1225
1184 1187
1184 1237
1186 1192
1189 1250
1191 1245
1191 1259
1193 1223
1200 1253
1201 1213
1202 1218
1203 1220
1204 1226
1206 1244
1209 1220
1211 1223
1218 1230
1223 1239
1228 1231
1228 1247
