1080 5184
0 56
0 185
0 314
0 477
0 543
0 639
1 119
1 186
1 384
1 482
1 723
1 753
2 7
2 65
2 102
2 151
2 218
2 250
2 315
2 326
2 396
2 432
2 434
2 518
2 529
2 532
2 563
2 762
2 803
2 853
2 878
2 893
2 940
2 1008
2 1047
2 1050
3 87
3 231
3 334
3 482
3 753
3 815
4 21
4 221
4 318
4 406
4 495
4 604
5 119
5 179
5 384
5 445
5 534
5 764
6 327
6 393
6 633
6 723
6 860
6 948
7 93
7 685
7 706
7 746
7 953
8 84
8 140
8 294
8 426
8 962
8 1055
9 294
9 345
9 346
9 425
9 871
9 965
10 199
10 429
10 592
10 749
10 930
10 985
11 95
11 99
11 242
11 270
11 942
11 1007
12 351
12 543
12 592
12 749
12 752
12 980
13 295
13 311
13 902
13 904
13 1055
13 1067
14 34
14 89
14 104
14 206
14 248
14 261
14 269
14 291
14 300
14 329
14 448
14 465
14 470
14 500
14 554
14 586
14 606
14 611
14 693
14 845
14 936
14 970
14 1024
14 1046
15 41
15 85
15 523
15 527
15 788
15 794
16 134
16 466
16 507
16 600
16 686
16 720
17 283
17 332
17 386
17 450
17 550
17 858
18 21
18 35
18 221
18 551
18 728
18 985
19 140
19 345
19 426
19 486
19 962
19 1055
20 184
20 527
20 633
20 794
20 860
20 872
21 59
21 132
21 211
21 235
21 266
21 338
21 360
21 381
21 422
21 536
21 544
21 553
21 582
21 619
21 628
21 647
21 652
21 818
21 846
21 943
21 1033
21 1063
22 56
22 149
22 402
22 522
22 639
22 959
23 35
23 54
23 527
23 531
23 752
23 985
24 134
24 567
24 686
24 765
24 874
24 955
25 231
25 334
25 482
25 656
25 815
25 1061
26 41
26 149
26 225
26 247
26 747
26 869
27 85
27 247
27 314
27 539
27 675
27 888
28 64
28 244
28 295
28 425
28 965
28 1067
29 30
29 105
29 125
29 168
29 316
29 352
29 405
29 436
29 454
29 473
29 558
29 595
29 596
29 598
29 688
29 702
29 709
29 801
29 817
29 828
29 898
29 937
29 954
29 1068
30 425
30 483
30 677
30 706
30 965
31 54
31 186
31 723
31 743
31 752
31 1001
32 45
32 89
32 117
32 169
32 196
32 251
32 268
32 329
32 376
32 415
32 416
32 514
32 554
32 645
32 679
32 693
32 697
32 811
32 867
32 905
32 921
32 932
32 960
32 976
33 75
33 88
33 134
33 382
33 567
33 874
34 191
34 224
34 677
34 953
34 999
35 36
35 220
35 373
35 504
35 537
35 544
35 564
35 580
35 582
35 622
35 627
35 640
35 694
35 832
35 943
35 946
35 950
35 951
35 956
35 967
35 1041
35 1073
36 453
36 592
36 749
36 930
36 985
37 382
37 393
37 507
37 567
37 720
37 948
38 63
38 113
38 175
38 212
38 226
38 229
38 233
38 243
38 276
38 363
38 374
38 496
38 540
38 570
38 593
38 626
38 659
38 667
38 727
38 755
38 778
38 834
38 991
38 1004
39 146
39 528
39 649
39 746
39 858
39 996
40 179
40 318
40 334
40 406
40 502
40 764
41 113
41 116
41 142
41 226
41 348
41 377
41 404
41 464
41 587
41 601
41 621
41 624
41 659
41 797
41 822
41 859
41 866
41 900
41 934
41 991
41 1048
41 1070
42 66
42 87
42 119
42 177
42 815
42 939
43 294
43 345
43 346
43 453
43 871
43 930
44 84
44 209
44 486
44 833
44 1013
44 1035
45 153
45 283
45 858
45 999
45 1031
46 146
46 163
46 215
46 386
46 450
46 858
47 382
47 393
47 507
47 720
47 765
47 821
48 154
48 242
48 483
48 573
48 605
48 987
49 87
49 177
49 384
49 441
49 656
49 939
50 140
50 486
50 567
50 759
50 765
50 1054
51 102
51 151
51 237
51 259
51 309
51 331
51 353
51 378
51 383
51 411
51 508
51 526
51 535
51 548
51 585
51 589
51 618
51 717
51 762
51 779
51 826
51 878
51 915
51 949
52 84
52 140
52 178
52 833
52 933
52 1013
53 119
53 317
53 379
53 445
53 764
53 939
54 115
54 275
54 306
54 326
54 372
54 396
54 403
54 424
54 561
54 630
54 637
54 640
54 694
54 729
54 802
54 803
54 906
54 972
54 1047
54 1064
54 1073
54 1075
55 225
55 244
55 283
55 858
55 869
55 1049
56 70
56 147
56 159
56 214
56 217
56 245
56 400
56 455
56 481
56 610
56 612
56 684
56 816
56 820
56 837
56 868
56 928
56 992
56 993
56 1018
56 1040
56 1045
57 75
57 215
57 550
57 914
57 955
57 990
58 294
58 425
58 426
58 814
58 871
58 965
59 254
59 515
59 547
59 592
59 681
60 149
60 270
60 402
60 799
60 875
60 1007
61 345
61 413
61 425
61 426
61 814
61 871
62 75
62 156
62 616
62 874
62 931
62 969
63 467
63 528
63 539
63 579
63 1072
64 74
64 107
64 122
64 127
64 169
64 172
64 181
64 200
64 239
64 280
64 357
64 364
64 460
64 565
64 571
64 679
64 829
64 921
64 923
64 973
64 976
64 995
64 1051
65 494
65 649
65 706
65 746
65 953
66 111
66 131
66 175
66 217
66 276
66 293
66 321
66 438
66 462
66 505
66 570
66 610
66 626
66 707
66 789
66 842
66 848
66 912
66 917
66 984
66 993
66 994
66 1040
67 177
67 238
67 441
67 551
67 639
67 728
68 467
68 498
68 528
68 539
68 888
68 1072
69 140
69 382
69 486
69 567
69 705
69 759
70 459
70 639
70 649
70 685
70 987
71 221
71 254
71 547
71 592
71 668
71 681
72 84
72 140
72 345
72 426
72 902
72 962
73 209
73 311
73 860
73 904
73 907
73 933
74 146
74 225
74 858
74 869
74 1049
75 272
75 297
75 342
75 344
75 378
75 389
75 521
75 548
75 585
75 618
75 669
75 738
75 750
75 780
75 790
75 850
75 897
75 926
75 975
75 1017
75 1034
76 178
76 199
76 615
76 739
76 833
76 985
77 154
77 176
77 668
77 681
77 739
77 942
78 231
78 294
78 334
78 426
78 499
78 819
79 210
79 385
79 499
79 670
79 962
79 1055
80 88
80 522
80 592
80 686
80 749
80 959
81 84
81 178
81 486
81 933
81 1013
81 1035
82 393
82 567
82 720
82 765
82 948
82 1027
83 314
83 617
83 675
83 964
83 981
83 1007
84 92
84 114
84 333
84 430
84 510
84 520
84 625
84 631
84 696
84 704
84 766
84 800
84 876
84 880
84 918
84 963
84 1039
84 1044
84 1057
85 94
85 113
85 116
85 144
85 226
85 232
85 260
85 377
85 397
85 464
85 575
85 621
85 624
85 735
85 755
85 778
85 797
85 822
85 825
85 859
85 934
85 1021
86 210
86 334
86 345
86 426
86 499
86 502
87 212
87 222
87 229
87 276
87 277
87 293
87 303
87 471
87 512
87 516
87 533
87 570
87 678
87 683
87 757
87 842
87 848
87 857
87 912
87 917
87 1019
88 97
88 223
88 264
88 313
88 322
88 361
88 480
88 506
88 638
88 641
88 680
88 692
88 698
88 738
88 750
88 768
88 813
88 879
88 897
88 958
88 997
88 1015
89 146
89 153
89 283
89 1031
90 227
90 472
90 495
90 649
90 746
90 799
91 176
91 406
91 615
91 633
91 703
91 907
92 294
92 426
92 486
92 902
92 962
93 115
93 130
93 278
93 307
93 308
93 315
93 326
93 331
93 396
93 434
93 469
93 518
93 526
93 529
93 562
93 563
93 719
93 762
93 853
93 878
93 883
93 972
93 1050
94 190
94 247
94 527
94 788
94 794
95 97
95 100
95 114
95 251
95 264
95 265
95 285
95 325
95 361
95 583
95 645
95 766
95 792
95 795
95 796
95 813
95 867
95 876
95 881
95 905
95 929
95 1030
95 1044
96 209
96 332
96 385
96 450
96 489
96 933
97 99
97 134
97 190
97 523
98 227
98 472
98 604
98 685
98 746
98 799
99 207
99 208
99 264
99 265
99 322
99 337
99 355
99 415
99 510
99 583
99 645
99 692
99 696
99 697
99 766
99 792
99 795
99 796
99 808
99 867
99 1044
99 1066
100 370
100 663
100 914
100 990
100 1031
101 190
101 453
101 743
101 788
101 930
101 1001
102 385
102 494
102 616
102 670
103 318
103 482
103 703
103 814
103 871
103 1061
104 153
104 224
104 623
104 677
104 706
105 483
105 523
105 528
105 788
105 996
106 156
106 240
106 332
106 450
106 869
106 982
107 146
107 225
107 244
107 283
107 869
108 522
108 672
108 914
108 959
108 990
108 1032
109 346
109 406
109 482
109 703
109 871
109 1061
110 146
110 163
110 215
110 283
110 332
110 550
111 270
111 314
111 441
111 617
111 675
112 295
112 650
112 904
112 962
112 1055
112 1067
113 467
113 759
113 1054
114 370
114 486
114 644
114 990
115 494
115 522
115 752
115 959
116 190
116 523
116 531
116 794
117 244
117 445
117 534
117 1031
117 1049
118 295
118 317
118 534
118 821
118 948
118 1012
119 205
119 263
119 293
119 323
119 336
119 356
119 414
119 461
119 503
119 512
119 524
119 660
119 740
119 767
119 844
119 848
119 894
119 994
119 1026
119 1056
120 163
120 209
120 332
120 489
120 670
120 1013
121 190
121 483
121 523
121 573
121 996
121 1072
122 225
122 283
122 858
122 982
122 1049
123 210
123 489
123 670
123 819
123 902
123 1055
124 294
124 345
124 413
124 814
124 871
124 965
125 413
125 425
125 483
125 677
125 953
126 294
126 346
126 426
126 429
126 871
126 930
127 244
127 295
127 413
127 425
127 1012
128 184
128 209
128 227
128 872
128 875
128 933
129 165
129 184
129 459
129 605
129 902
129 962
130 494
130 649
130 685
130 706
130 953
131 177
131 314
131 617
131 675
131 1007
132 221
132 254
132 515
132 681
132 749
133 210
133 231
133 294
133 426
133 499
133 502
134 208
134 223
134 313
134 344
134 350
134 361
134 449
134 506
134 641
134 669
134 680
134 692
134 698
134 708
134 768
134 796
134 855
134 897
134 1030
134 1077
135 177
135 270
135 314
135 441
135 675
135 1007
136 295
136 650
136 902
136 904
136 962
136 1012
137 238
137 605
137 639
137 649
137 746
137 987
138 406
138 482
138 703
138 753
138 814
138 871
139 240
139 393
139 483
139 573
139 948
139 969
140 207
140 305
140 325
140 423
140 428
140 510
140 583
140 654
140 666
140 766
140 800
140 876
140 880
140 918
140 963
140 983
140 1039
140 1057
141 176
141 318
141 406
141 615
141 860
141 907
142 247
142 314
142 539
142 579
142 675
143 163
143 209
143 332
143 385
143 670
143 933
144 247
144 467
144 498
144 759
144 1054
145 551
145 653
145 672
145 728
145 964
145 1025
146 198
146 329
146 359
146 364
146 446
146 500
146 554
146 557
146 602
146 603
146 655
146 774
146 781
146 830
146 841
146 923
146 932
146 1078
147 335
147 402
147 639
147 747
147 959
148 176
148 406
148 703
148 739
148 860
148 907
149 192
149 214
149 252
149 290
149 397
149 575
149 601
149 724
149 736
149 771
149 784
149 797
149 806
149 820
149 822
149 837
149 839
149 887
149 889
149 896
149 941
150 467
150 498
150 528
150 539
150 579
150 996
151 385
151 489
151 494
151 931
152 156
152 210
152 240
152 549
152 743
152 819
153 198
153 206
153 291
153 302
153 324
153 395
153 465
153 470
153 487
153 546
153 554
153 584
153 606
153 611
153 646
153 845
153 932
153 938
153 970
153 1022
153 1024
154 168
154 285
154 301
154 303
154 337
154 533
154 594
154 596
154 662
154 758
154 792
154 795
154 798
154 801
154 808
154 857
154 881
154 909
154 944
154 989
154 1019
154 1068
155 311
155 445
155 534
155 650
155 653
155 672
156 162
156 189
156 197
156 259
156 330
156 387
156 405
156 436
156 442
156 479
156 548
156 566
156 595
156 618
156 716
156 721
156 779
156 780
156 891
156 954
156 1076
157 221
157 254
157 515
157 547
157 668
157 749
158 190
158 429
158 453
158 549
158 743
158 788
159 185
159 238
159 314
159 477
159 980
160 178
160 346
160 579
160 871
160 888
160 1035
161 283
161 528
161 685
161 746
161 858
161 996
162 240
162 393
162 483
162 573
162 821
163 189
163 268
163 319
163 371
163 376
163 421
163 442
163 478
163 514
163 557
163 566
163 581
163 607
163 608
163 721
163 774
163 810
163 811
163 885
163 988
164 224
164 623
164 668
164 681
164 833
164 1035
165 167
165 182
165 253
165 288
165 296
165 304
165 354
165 358
165 392
165 401
165 440
165 536
165 553
165 647
165 652
165 676
165 682
165 807
165 863
165 864
165 924
165 1060
165 1079
166 228
166 600
166 605
166 874
166 955
166 987
167 209
167 227
167 799
167 872
167 933
168 242
168 459
168 573
168 987
169 244
169 317
169 534
169 663
170 335
170 644
170 653
170 959
170 990
170 1032
171 295
171 579
171 650
171 888
171 904
171 1067
172 244
172 429
172 453
172 549
172 1001
173 653
173 728
173 916
173 981
173 1025
173 1032
174 178
174 579
174 814
174 833
174 871
174 888
175 441
175 467
175 656
175 815
176 249
176 339
176 347
176 373
176 504
176 511
176 525
176 560
176 574
176 627
176 710
176 758
176 783
176 908
176 909
176 950
176 966
176 978
176 989
176 1010
177 194
177 212
177 217
177 229
177 263
177 276
177 293
177 437
177 462
177 481
177 512
177 626
177 707
177 769
177 789
177 868
177 917
177 984
177 1040
178 255
178 271
178 273
178 274
178 333
178 341
178 373
178 423
178 511
178 580
178 591
178 627
178 642
178 654
178 695
178 812
178 899
178 950
178 963
179 323
179 363
179 431
179 451
179 490
179 496
179 503
179 519
179 540
179 555
179 578
179 665
179 740
179 751
179 782
179 834
179 882
179 910
179 1005
179 1006
179 1043
179 1071
180 413
180 425
180 527
180 531
180 964
180 981
181 295
181 413
181 425
181 1049
181 1067
182 184
182 527
182 633
182 794
182 907
183 385
183 402
183 472
183 489
183 604
183 747
184 253
184 286
184 288
184 304
184 390
184 392
184 407
184 422
184 463
184 536
184 620
184 647
184 676
184 714
184 863
184 886
184 1020
184 1033
184 1060
184 1079
185 237
185 262
185 336
185 403
185 409
185 424
185 455
185 508
185 535
185 612
185 613
185 637
185 687
185 713
185 717
185 767
185 844
185 851
185 911
185 998
185 1026
185 1064
186 201
186 358
186 391
186 392
186 414
186 422
186 443
186 458
186 461
186 517
186 536
186 553
186 561
186 700
186 718
186 775
186 802
186 827
186 894
186 906
186 1033
186 1074
187 653
187 672
187 728
187 916
187 964
187 981
188 238
188 314
188 477
188 543
188 639
188 980
189 225
189 240
189 450
189 982
190 208
190 260
190 322
190 348
190 352
190 361
190 366
190 447
190 497
190 558
190 598
190 664
190 796
190 813
190 817
190 866
190 919
190 934
191 237
191 243
191 248
191 274
191 298
191 341
191 470
191 487
191 496
191 508
191 540
191 555
191 591
191 646
191 665
191 667
191 717
191 812
191 826
191 957
191 970
191 998
191 1014
192 270
192 617
192 747
192 799
192 875
193 317
193 393
193 534
193 948
193 1012
193 1067
194 314
194 441
194 477
194 617
194 1007
195 311
195 650
195 860
195 907
195 933
195 1013
196 332
196 450
196 507
196 663
196 1027
197 210
197 240
197 499
197 743
197 1001
198 663
198 858
198 999
198 1031
199 220
199 249
199 275
199 360
199 372
199 381
199 408
199 492
199 504
199 511
199 537
199 544
199 580
199 582
199 609
199 640
199 950
199 956
199 967
199 977
199 1041
199 1073
200 244
200 453
200 549
200 743
200 930
201 327
201 351
201 743
201 752
201 1001
202 210
202 489
202 499
202 670
202 902
202 962
203 334
203 502
203 720
203 728
203 916
203 1027
204 429
204 453
204 523
204 549
204 788
204 1001
205 327
205 482
205 723
205 753
205 939
206 528
206 759
206 1054
206 1072
207 370
207 486
207 644
207 990
208 370
208 523
208 686
209 296
209 319
209 333
209 423
209 538
209 576
209 608
209 620
209 654
209 661
209 761
209 861
209 863
209 963
209 1057
209 1062
209 1079
210 218
210 219
210 289
210 307
210 330
210 427
210 432
210 513
210 529
210 568
210 636
210 849
210 853
210 883
210 891
210 1002
210 1016
211 221
211 318
211 472
211 604
211 703
212 441
212 498
212 656
213 472
213 604
213 649
213 685
213 799
213 875
214 238
214 335
214 747
214 959
215 218
215 303
215 307
215 359
215 371
215 471
215 518
215 532
215 533
215 632
215 671
215 823
215 841
215 853
215 857
215 883
215 885
215 944
215 975
215 1017
215 1034
216 242
216 515
216 615
216 681
216 739
216 942
217 238
217 728
217 916
218 494
218 550
218 819
219 240
219 743
219 819
219 969
219 1001
220 221
220 547
220 551
220 728
221 358
221 381
221 392
221 536
221 582
221 599
221 619
221 628
221 652
221 691
221 714
221 873
221 951
221 977
221 1023
221 1033
221 1063
222 334
222 482
222 502
222 656
222 753
223 254
223 335
223 592
223 959
224 243
224 274
224 298
224 324
224 341
224 353
224 363
224 470
224 496
224 508
224 535
224 555
224 613
224 642
224 646
224 695
224 717
224 725
224 834
224 957
224 1046
225 387
225 388
225 397
225 404
225 421
225 464
225 519
225 566
225 575
225 602
225 721
225 751
225 791
225 822
225 877
225 882
225 910
225 923
226 498
226 705
226 759
227 290
227 296
227 299
227 336
227 463
227 545
227 648
227 689
227 724
227 741
227 760
227 767
227 839
227 863
227 911
227 941
227 1026
227 1038
227 1056
227 1060
228 282
228 297
228 300
228 310
228 389
228 395
228 448
228 465
228 480
228 506
228 521
228 556
228 708
228 733
228 768
228 773
228 845
228 850
228 870
228 968
228 997
228 1022
228 1077
229 441
229 467
229 815
230 295
230 393
230 445
230 534
230 821
230 1012
231 277
231 431
231 433
231 476
231 488
231 490
231 509
231 513
231 516
231 578
231 683
231 731
231 732
231 854
231 1000
231 1002
231 1003
231 1016
231 1036
231 1071
232 247
232 523
232 531
232 788
232 794
233 467
233 539
233 888
233 996
233 1072
234 270
234 314
234 617
234 675
234 964
234 1025
235 318
235 472
235 495
235 547
235 703
236 295
236 311
236 579
236 888
236 904
236 1012
237 543
237 616
237 623
238 262
238 400
238 438
238 455
238 658
238 684
238 707
238 713
238 745
238 806
238 816
238 820
238 862
238 868
238 896
238 992
238 993
238 1045
239 244
239 429
239 743
239 930
239 1001
240 340
240 378
240 421
240 436
240 479
240 566
240 585
240 595
240 618
240 636
240 688
240 702
240 779
240 780
240 791
240 988
240 1052
241 346
241 406
241 703
241 753
241 814
241 1061
242 303
242 452
242 454
242 471
242 594
242 757
242 758
242 783
242 792
242 801
242 808
242 823
242 881
242 898
242 909
242 929
242 944
242 978
242 1019
242 1066
243 379
243 498
243 764
244 256
244 267
244 365
244 380
244 460
244 501
244 597
244 602
244 829
244 830
244 923
244 960
244 973
244 976
244 1059
245 477
245 543
245 639
245 675
245 980
246 445
246 534
246 821
246 948
246 1012
246 1067
247 260
247 348
247 397
247 404
247 575
247 587
247 601
247 659
247 735
247 755
247 778
247 825
247 866
247 900
247 991
247 1021
247 1048
247 1070
248 623
248 677
248 706
248 999
249 615
249 833
249 985
249 1035
250 494
250 677
250 685
250 746
250 953
251 370
251 644
251 663
251 914
252 385
252 489
252 495
252 604
252 747
253 605
253 962
253 987
253 1055
254 266
254 403
254 408
254 409
254 449
254 492
254 537
254 619
254 622
254 641
254 729
254 851
254 855
254 879
254 946
254 958
254 967
254 1064
254 1075
255 346
255 539
255 814
255 888
255 1035
256 413
256 425
256 1012
256 1049
256 1067
257 453
257 523
257 549
257 743
257 788
257 930
258 311
258 633
258 904
258 907
258 933
258 1013
259 616
259 874
259 955
259 969
260 523
260 527
260 531
261 759
261 996
261 999
261 1054
261 1072
262 477
262 639
262 675
262 980
263 441
263 656
263 815
263 939
264 523
264 686
264 788
265 644
265 663
265 990
265 1031
266 547
266 668
266 681
266 749
267 429
267 453
267 549
267 743
267 1049
268 450
268 663
268 720
268 1027
269 528
269 705
269 759
269 999
269 1072
270 285
270 337
270 368
270 437
270 462
270 505
270 572
270 741
270 760
270 776
270 789
270 792
270 808
270 831
270 839
270 929
270 941
270 979
271 539
271 579
271 814
271 871
271 1035
272 466
272 600
272 605
272 955
272 987
273 346
273 539
273 833
273 871
273 888
274 668
274 681
274 833
275 527
275 752
275 794
275 985
276 467
276 656
277 334
277 656
277 753
277 1061
278 385
278 494
278 616
278 670
278 931
279 311
279 650
279 962
279 1012
279 1055
279 1067
280 317
280 445
280 663
280 1031
280 1049
281 294
281 346
281 413
281 426
281 814
281 965
282 472
282 495
282 600
282 668
282 681
283 359
283 364
283 371
283 460
283 500
283 557
283 602
283 611
283 655
283 657
283 693
283 781
283 843
283 885
283 932
283 1078
284 413
284 425
284 531
284 794
284 981
284 1025
285 370
285 942
285 1007
286 459
286 872
286 962
286 987
286 1055
287 295
287 311
287 539
287 650
287 888
287 1067
288 459
288 902
288 987
288 1055
289 385
289 670
289 819
289 902
289 962
290 402
290 617
290 799
290 1007
291 705
291 996
291 1054
291 1072
292 317
292 445
292 650
292 672
292 904
292 1032
293 384
293 656
294 305
294 475
294 485
294 568
294 629
294 631
294 666
294 770
294 786
294 852
294 918
294 925
294 1002
294 1016
295 320
295 365
295 399
295 541
295 577
295 597
295 742
295 772
295 847
295 952
295 1028
295 1051
295 1065
296 872
296 875
296 1013
297 466
297 605
297 874
297 987
298 515
298 681
298 833
298 1035
299 472
299 495
299 649
299 685
299 875
300 466
300 705
300 759
300 999
301 515
301 615
301 668
301 739
301 942
302 705
302 759
302 996
302 999
302 1072
303 386
303 656
304 527
304 531
304 633
304 860
305 426
305 486
305 902
305 1055
306 327
306 549
306 723
306 743
306 752
307 494
307 499
307 550
308 494
308 677
308 685
308 706
308 746
309 382
309 567
309 753
309 931
309 1061
310 466
310 472
310 515
310 604
310 681
311 320
311 328
311 343
311 362
311 399
311 456
311 614
311 661
311 734
311 742
311 761
311 793
311 847
311 961
311 1062
311 1065
312 382
312 393
312 507
312 765
312 948
312 1027
313 466
313 507
313 600
313 1027
314 400
314 462
314 505
314 572
314 612
314 624
314 713
314 831
314 840
314 859
314 900
314 979
314 1021
315 649
315 677
315 706
315 746
316 523
316 573
316 788
316 996
316 1072
317 323
317 343
317 380
317 456
317 524
317 577
317 679
317 740
317 772
317 793
317 901
317 913
317 960
317 961
317 976
317 1006
317 1028
317 1043
318 339
318 419
318 420
318 490
318 578
318 651
318 690
318 691
318 712
318 731
318 748
318 818
318 908
318 945
318 1003
318 1005
318 1010
318 1023
319 450
319 489
319 670
319 933
320 904
320 962
320 1012
320 1055
321 441
321 477
321 617
321 675
321 1007
322 370
322 686
322 788
323 534
323 764
323 939
324 623
324 677
324 953
324 999
325 370
325 486
325 644
325 914
326 335
326 752
326 959
327 392
327 414
327 458
327 474
327 517
327 553
327 561
327 630
327 647
327 652
327 660
327 673
327 714
327 756
327 775
327 802
327 838
327 894
327 1033
327 1074
328 445
328 534
328 672
328 904
328 1032
329 858
329 999
329 1031
330 549
330 819
330 969
330 1001
331 489
331 494
331 670
331 931
332 349
332 359
332 371
332 376
332 387
332 416
332 421
332 442
332 478
332 514
332 566
332 576
332 607
332 726
332 774
332 791
332 841
333 486
333 833
333 933
334 410
334 417
334 476
334 488
334 509
334 513
334 568
334 578
334 634
334 678
334 731
334 786
334 824
334 1002
334 1005
334 1071
335 350
335 412
335 563
335 643
335 674
335 698
335 719
335 745
335 777
335 803
335 820
335 837
335 855
335 865
335 879
335 896
335 958
335 972
335 1047
336 384
336 799
336 980
337 370
337 617
337 942
338 406
338 495
338 547
338 604
338 703
339 615
339 633
339 703
339 860
340 499
340 549
340 743
340 819
340 969
341 515
341 668
341 1035
342 386
342 550
342 644
342 955
342 990
343 534
343 653
343 904
343 1032
344 382
344 567
344 686
344 955
345 375
345 433
345 439
345 475
345 493
345 513
345 629
345 631
345 666
345 704
345 754
345 786
345 852
345 892
345 918
345 1002
345 1016
346 375
346 419
346 493
346 629
346 690
346 699
346 712
346 748
346 754
346 770
346 835
346 852
346 892
346 899
346 925
347 615
347 653
347 672
347 677
347 706
348 531
348 788
348 794
349 450
349 663
349 720
349 1027
349 1031
350 592
350 686
350 749
350 959
351 372
351 396
351 403
351 409
351 561
351 563
351 609
351 630
351 637
351 694
351 718
351 719
351 832
351 838
351 851
351 906
351 940
351 956
351 972
351 1047
351 1073
351 1075
352 523
352 528
352 573
352 996
353 543
353 616
353 623
353 980
354 605
354 872
354 902
354 987
354 1055
355 370
355 644
355 663
355 914
355 1031
356 384
356 543
356 799
356 875
356 980
357 429
357 453
357 743
357 1001
357 1049
358 547
358 723
358 872
359 386
359 450
360 547
360 551
360 728
360 985
361 370
361 788
362 579
362 650
362 888
362 1012
362 1067
363 379
363 467
363 623
364 869
364 982
364 1049
365 413
365 965
365 1049
365 1067
366 429
366 549
366 788
366 930
366 1001
367 379
367 384
367 445
367 534
367 764
367 939
368 477
368 617
368 675
368 981
368 1025
369 425
369 527
369 794
369 964
369 965
369 981
370 415
370 510
370 692
370 696
370 697
370 808
370 813
370 876
370 881
370 905
370 929
370 1030
370 1066
371 386
371 858
372 527
372 531
372 985
373 739
373 833
373 985
374 498
374 528
374 539
374 888
374 996
375 413
375 426
375 871
375 965
376 720
376 1027
376 1031
377 477
377 539
377 579
377 675
378 616
378 955
378 969
379 388
379 417
379 431
379 451
379 503
379 519
379 524
379 540
379 555
379 569
379 578
379 667
379 725
379 731
379 740
379 877
379 910
379 1003
379 1005
379 1043
380 534
380 663
380 1031
380 1049
381 551
381 916
381 985
382 383
382 411
382 428
382 430
382 520
382 638
382 669
382 680
382 738
382 800
382 804
382 856
382 903
382 947
382 949
382 1037
382 1039
383 482
383 753
383 765
383 931
384 414
384 474
384 512
384 517
384 524
384 660
384 687
384 700
384 740
384 767
384 911
384 912
384 984
384 994
384 1006
384 1038
384 1043
385 427
385 478
385 526
385 576
385 581
385 608
385 736
385 771
385 785
385 849
385 878
385 889
385 971
385 974
385 1050
386 432
386 469
386 529
386 532
386 557
386 632
386 662
386 757
386 774
386 823
386 853
386 857
386 883
386 926
386 935
386 1017
386 1019
386 1034
387 450
387 969
387 982
388 764
388 869
388 981
388 1025
389 459
389 466
389 955
389 987
390 527
390 531
390 860
390 872
390 907
391 393
391 723
391 821
391 860
391 907
392 547
393 405
393 436
393 443
393 541
393 552
393 577
393 673
393 688
393 775
393 903
393 913
393 954
393 1028
393 1074
394 615
394 653
394 672
394 706
394 739
394 953
395 466
395 705
395 999
395 1054
396 522
396 959
397 747
397 982
398 551
398 653
398 728
398 964
398 981
398 1032
399 539
399 579
399 650
399 1012
400 543
400 675
400 980
401 799
401 872
401 875
401 933
401 1013
402 404
402 418
402 464
402 530
402 575
402 601
402 684
402 736
402 741
402 745
402 760
402 771
402 820
402 822
402 825
402 887
402 896
402 941
402 974
403 543
403 749
404 747
404 982
405 483
405 821
405 969
406 417
406 420
406 431
406 578
406 599
406 628
406 651
406 690
406 711
406 712
406 818
406 908
406 1003
406 1023
406 1071
407 459
407 605
407 872
407 902
407 1055
408 453
408 592
408 930
408 985
409 749
409 752
409 980
410 502
410 656
410 753
410 815
410 1061
411 616
411 753
411 765
411 1061
412 522
412 644
412 653
412 672
412 914
413 542
413 629
413 709
413 715
413 730
413 763
413 805
413 828
413 829
413 925
413 937
413 1042
413 1051
414 753
414 1061
415 914
415 990
415 1031
416 450
416 507
416 720
416 1031
417 502
417 703
417 764
418 617
418 747
418 799
418 875
418 1007
419 482
419 703
419 753
419 814
420 615
420 633
420 739
420 907
421 969
421 982
422 547
422 723
422 872
423 486
423 933
423 1035
424 543
424 592
424 749
424 752
425 444
425 473
425 484
425 493
425 597
425 629
425 715
425 828
425 836
425 925
425 995
425 1042
426 433
426 439
426 485
426 493
426 513
426 568
426 704
426 754
426 770
426 892
426 925
427 489
427 499
427 902
427 1055
428 486
428 705
428 765
428 1054
429 439
429 447
429 475
429 492
429 537
429 571
429 622
429 664
429 701
429 770
429 852
429 892
429 946
429 1041
429 1059
430 486
430 705
430 759
430 765
431 502
431 703
432 494
432 499
432 550
433 499
433 502
433 819
434 649
434 677
434 685
434 953
435 489
435 499
435 670
435 819
435 962
435 1055
436 483
436 948
437 441
437 477
437 617
437 675
438 441
438 639
438 728
438 916
439 814
439 871
439 930
440 459
440 872
440 902
440 962
440 987
441 481
441 505
441 512
441 570
441 610
441 769
441 842
441 848
441 868
441 912
441 993
441 994
442 869
442 969
442 982
443 633
443 723
443 907
443 948
444 483
444 573
444 706
444 953
444 965
445 503
445 541
445 577
445 590
445 740
445 772
445 793
445 913
445 921
445 960
445 961
445 973
445 976
445 1006
446 528
446 685
446 746
446 858
446 1072
447 453
447 523
447 743
447 1001
448 600
448 705
448 999
448 1054
449 522
449 592
449 686
449 959
450 557
450 576
450 581
450 608
450 721
450 726
450 791
450 810
450 811
450 841
450 885
450 988
451 869
451 964
451 982
451 1025
452 459
452 483
452 573
452 942
452 987
453 475
453 485
453 492
453 497
453 501
453 565
453 754
453 770
453 892
453 946
453 967
453 1041
454 459
454 573
454 605
454 942
455 477
455 543
455 675
456 534
456 650
456 672
456 1032
457 466
457 495
457 515
457 600
457 604
457 668
458 633
458 821
458 907
458 948
459 521
459 556
459 596
459 635
459 658
459 790
459 798
459 801
459 816
459 850
459 862
459 924
459 992
459 1018
460 858
460 869
460 982
461 723
461 753
461 939
461 1061
462 477
462 617
463 799
463 872
463 933
463 1013
464 747
464 869
465 600
465 705
465 759
466 480
466 506
466 556
466 586
466 635
466 708
466 787
466 790
466 845
466 870
466 890
466 938
466 968
466 1015
466 1024
467 496
467 555
467 587
467 588
467 593
467 621
467 659
467 665
467 667
467 725
467 769
467 778
467 842
467 917
468 539
468 579
468 650
468 904
468 1012
468 1067
469 494
469 499
469 550
469 819
470 706
470 953
471 550
471 815
471 942
472 530
472 545
472 599
472 628
472 722
472 733
472 736
472 771
472 784
472 787
472 818
472 889
472 890
472 968
472 1023
473 573
473 677
473 953
473 965
474 723
474 753
474 939
474 1061
475 814
475 871
476 551
476 720
476 916
476 1027
477 505
477 572
477 735
477 776
477 789
477 840
477 859
477 900
477 979
477 1021
477 1048
477 1069
478 489
478 933
478 1013
479 499
479 549
479 819
479 1001
480 507
480 686
480 720
481 639
481 728
481 916
482 517
482 589
482 660
482 678
482 683
482 690
482 700
482 712
482 894
482 915
482 947
482 949
482 1000
482 1037
483 558
483 596
483 598
483 702
483 715
483 716
483 798
483 801
483 805
483 898
483 919
483 937
483 1009
484 527
484 531
484 965
484 981
484 1025
485 814
485 871
485 930
486 520
486 583
486 625
486 631
486 654
486 666
486 696
486 704
486 983
486 1044
487 623
487 706
487 953
487 999
488 507
488 551
488 720
488 728
489 526
489 530
489 608
489 726
489 736
489 762
489 784
489 785
489 849
489 887
489 1008
489 1050
490 502
490 703
490 764
491 567
491 616
491 753
491 765
491 931
491 1061
492 749
492 985
493 814
493 965
494 526
494 532
494 562
494 719
494 803
494 883
494 893
494 940
494 972
494 1008
494 1047
495 530
495 628
495 648
495 689
495 691
495 722
495 736
495 773
495 870
495 887
495 889
495 890
495 895
495 968
495 974
495 1023
496 764
497 523
497 549
497 930
497 1001
498 540
498 555
498 570
498 587
498 588
498 621
498 626
498 665
498 725
498 727
498 755
498 769
498 834
498 842
498 917
498 991
498 1004
499 518
499 532
499 636
499 785
499 786
499 853
499 891
499 971
499 1002
499 1076
500 663
500 999
500 1031
501 743
501 930
501 1001
501 1049
502 516
502 568
502 634
502 678
502 683
502 732
502 786
502 824
502 854
502 1000
502 1003
502 1005
502 1016
502 1036
503 534
503 939
504 739
504 833
504 1035
505 1007
506 720
506 1027
507 509
507 514
507 552
507 607
507 634
507 708
507 732
507 737
507 768
507 804
507 810
507 811
507 824
507 854
507 997
508 543
508 931
509 728
509 916
509 1027
510 644
510 914
511 739
511 985
511 1035
512 815
513 819
514 663
514 720
515 591
515 619
515 642
515 695
515 733
515 758
515 773
515 846
515 873
515 890
515 909
515 968
515 978
515 989
515 1014
516 753
516 815
516 1061
517 753
517 939
518 550
518 819
519 869
519 964
519 981
520 567
520 759
520 1054
521 600
521 874
521 987
522 559
522 563
522 641
522 643
522 674
522 684
522 698
522 745
522 803
522 806
522 820
522 837
522 855
522 940
522 958
522 972
522 1011
523 598
523 664
523 692
523 701
523 813
523 866
523 1009
523 1030
523 1070
524 534
524 764
525 615
525 672
525 677
525 953
525 1032
526 616
527 682
527 730
527 763
527 832
527 864
527 866
527 934
527 956
527 1042
527 1070
527 1073
528 546
528 584
528 593
528 598
528 606
528 655
528 657
528 781
528 817
528 919
528 936
528 1004
528 1009
529 550
529 819
530 670
530 747
531 542
531 609
531 640
531 676
531 682
531 694
531 730
531 807
531 836
531 934
531 956
531 1020
531 1070
532 819
533 550
533 656
533 942
534 541
534 590
534 679
534 901
534 921
534 973
534 1028
534 1043
535 623
535 931
535 980
536 723
537 592
537 930
538 650
538 860
538 904
538 907
538 1013
539 614
539 699
539 727
539 742
539 859
539 899
539 952
539 1021
539 1048
539 1053
540 623
541 948
541 1067
542 794
542 964
542 965
542 981
543 613
543 713
543 729
543 767
543 826
543 844
543 851
543 911
543 957
543 1038
543 1056
543 1075
544 547
544 551
544 916
545 604
545 649
545 746
545 875
546 705
546 999
546 1054
546 1072
547 553
547 599
547 647
547 691
547 714
547 818
547 846
547 873
547 943
547 951
547 977
547 1023
548 931
548 955
548 969
549 561
549 565
549 571
549 636
549 664
549 718
549 802
549 838
549 891
549 906
549 1059
550 557
550 662
550 671
550 757
550 774
550 841
550 885
550 926
550 935
550 944
550 975
550 1019
551 610
551 634
551 707
551 732
551 809
551 824
551 868
551 884
551 922
551 951
551 993
551 1036
551 1040
551 1058
552 567
552 765
552 821
552 1027
553 872
554 663
554 858
556 605
556 874
556 955
558 788
558 996
558 1072
559 644
559 653
559 914
559 959
559 1032
560 653
560 672
560 677
560 739
560 953
561 743
562 649
562 677
562 746
562 953
563 752
564 615
564 739
564 833
564 985
564 1035
565 930
565 1001
565 1049
566 869
567 589
567 625
567 638
567 737
567 750
567 800
567 804
567 880
567 897
567 903
567 915
567 947
567 949
568 819
569 764
569 869
569 964
569 981
569 982
570 815
571 743
571 930
571 1049
572 964
572 1007
572 1025
573 595
573 688
573 709
573 715
573 716
573 798
573 805
573 817
573 828
573 919
573 954
573 1009
573 1068
574 653
574 677
574 706
574 739
574 1032
575 869
576 670
576 1013
577 948
577 1012
579 588
579 593
579 624
579 699
579 727
579 735
579 742
579 835
579 899
579 900
579 1004
579 1021
580 615
580 739
580 1035
581 670
581 933
581 1013
582 728
582 916
583 914
583 990
584 759
584 996
584 999
584 1054
585 874
585 931
585 969
586 600
586 759
586 999
586 1054
587 705
587 759
588 888
588 996
588 1072
589 616
589 753
589 765
590 650
590 653
590 904
590 1032
591 623
591 681
591 833
592 619
592 637
592 698
592 846
592 851
592 873
592 946
592 958
592 1041
592 1063
592 1064
592 1075
593 888
593 996
594 615
594 668
594 681
594 739
595 821
595 948
596 942
596 987
597 965
597 1012
597 1049
598 1072
599 604
599 703
600 635
600 733
600 768
600 773
600 787
600 790
600 850
600 890
600 938
600 997
600 1015
600 1022
600 1024
600 1077
601 869
601 982
602 982
602 1049
603 649
603 685
603 858
603 996
603 1072
604 648
604 689
604 691
604 733
604 771
604 773
604 784
604 787
604 818
604 870
604 887
604 895
604 974
605 658
605 790
605 798
605 801
605 816
605 850
605 886
605 898
605 924
605 928
605 1018
605 1045
605 1068
606 705
606 759
606 996
607 663
607 1027
607 1031
608 1013
609 752
609 794
609 985
610 639
610 916
611 663
611 858
611 1031
612 639
612 675
612 980
613 616
613 623
613 931
614 888
614 904
614 1012
614 1067
615 627
615 711
615 744
615 758
615 783
615 945
615 950
615 966
615 989
615 1029
616 618
616 717
616 762
616 780
616 947
616 949
616 957
616 998
616 1008
616 1037
616 1050
616 1052
617 724
617 741
617 792
617 795
617 840
617 881
617 929
617 941
617 979
617 1066
617 1069
618 874
619 668
620 799
620 872
620 875
620 1013
621 705
621 1054
622 749
622 930
622 985
623 642
623 665
623 667
623 695
623 725
623 812
623 826
623 834
623 970
623 998
623 1014
623 1046
624 675
624 888
625 705
625 765
625 1054
626 656
626 815
627 985
627 1035
628 703
629 814
630 723
630 743
630 1001
631 962
631 1055
632 874
632 914
632 955
632 990
633 661
633 673
633 682
633 711
633 761
633 807
633 827
633 861
633 908
633 986
633 1010
633 1020
633 1062
633 1074
634 720
634 916
635 874
635 955
635 987
636 969
636 1001
637 749
637 980
638 686
638 874
638 955
639 658
639 707
639 713
639 745
639 806
639 837
639 862
639 896
639 928
639 1018
639 1040
640 752
640 794
641 749
641 959
642 681
642 1035
643 644
643 672
643 990
643 1032
644 645
644 671
644 697
644 766
644 777
644 905
644 935
644 975
644 1011
644 1017
644 1034
644 1044
645 914
645 1031
646 677
646 706
646 999
647 723
648 685
648 746
648 875
649 655
649 657
649 658
649 689
649 781
649 843
649 893
649 895
649 992
649 1018
649 1045
650 661
650 793
650 847
650 861
650 901
650 920
650 952
650 986
650 1062
650 1065
651 753
651 814
651 871
651 1061
652 723
652 872
653 674
653 744
653 793
653 865
653 884
653 901
653 961
653 966
653 1011
653 1058
654 833
654 1013
655 746
655 1072
656 662
656 683
656 757
656 769
656 823
656 842
656 848
656 944
656 984
656 994
656 1000
657 685
657 858
657 1072
658 685
659 705
659 1054
660 723
660 1061
661 907
661 1013
662 815
662 942
663 693
663 697
663 810
663 867
663 921
663 932
663 960
663 973
664 743
664 930
665 764
666 902
666 962
667 764
668 695
668 733
668 758
668 783
668 787
668 812
668 846
668 870
668 968
668 978
668 1014
668 1063
669 686
669 765
669 874
670 726
670 762
670 771
670 784
670 878
670 887
670 889
670 971
670 974
670 1008
671 874
671 955
671 990
672 710
672 777
672 809
672 865
672 901
672 922
672 927
672 961
672 1011
672 1029
672 1058
673 723
673 821
673 907
674 914
674 990
674 1032
675 713
675 735
675 776
675 789
675 831
675 1048
675 1069
676 794
676 860
676 907
677 709
677 715
677 744
677 805
677 893
677 970
677 1029
678 815
678 1061
679 1031
679 1049
680 765
680 874
680 955
681 773
681 783
681 787
681 812
681 870
681 873
681 890
681 909
681 989
681 1063
682 872
682 907
683 1061
684 747
684 959
685 689
685 722
685 781
685 816
685 862
685 893
685 928
685 1045
685 1078
686 708
686 738
686 750
686 796
686 813
686 855
686 879
686 958
686 997
686 1015
686 1030
686 1077
687 799
687 875
687 939
687 980
688 821
688 969
689 799
690 753
690 871
691 703
692 788
693 858
693 999
694 794
694 985
695 833
696 914
696 990
697 990
698 749
699 833
699 871
699 1035
700 723
700 939
700 1061
701 743
701 788
701 930
701 1001
702 821
702 948
702 969
703 711
703 731
703 748
703 945
703 1005
703 1010
703 1071
704 902
704 1055
705 755
705 778
705 800
705 880
705 936
705 938
705 1024
706 709
706 710
706 715
706 828
706 893
706 937
706 966
706 1029
706 1046
707 916
708 1027
709 965
710 739
710 953
710 1032
711 739
711 860
712 814
712 1061
714 723
714 872
716 821
716 948
716 969
717 980
718 723
718 743
718 752
719 752
719 959
720 737
720 768
720 810
720 854
720 856
720 903
720 1015
720 1036
720 1077
721 869
721 969
722 746
722 799
722 875
723 756
723 827
723 838
723 906
724 747
724 875
724 1007
725 764
726 933
726 1013
727 996
727 1072
728 809
728 824
728 854
728 927
728 943
728 977
728 993
728 1036
728 1040
729 749
729 752
729 980
730 964
730 965
730 1025
731 764
732 916
732 1027
734 902
734 904
734 962
734 1012
734 1067
735 888
737 765
737 821
737 948
738 765
738 955
739 744
739 908
739 909
739 945
739 978
739 1010
739 1029
741 747
741 799
742 904
742 1067
743 891
743 1076
744 953
744 1032
745 747
746 816
746 843
746 862
746 895
746 928
746 992
746 1018
746 1078
747 760
747 784
747 797
747 806
747 825
747 837
747 839
747 889
747 974
748 753
748 871
748 1061
749 846
749 855
749 873
749 879
749 967
749 1041
749 1063
750 765
750 874
751 764
751 964
751 981
751 982
752 802
752 803
752 832
752 838
752 851
752 940
752 956
752 1064
753 947
753 1000
754 814
754 930
755 1054
756 821
756 860
756 907
756 948
757 942
759 778
759 845
759 880
759 938
759 991
759 1022
759 1039
760 875
760 1007
761 860
761 904
761 1013
763 794
763 965
763 981
763 1025
764 782
764 834
764 877
764 882
764 1003
764 1006
764 1071
765 856
765 880
765 897
765 915
765 1037
765 1039
766 990
767 875
769 815
770 814
772 821
772 948
772 1067
774 858
775 860
775 907
775 948
776 964
776 981
776 1007
777 914
777 959
777 1032
779 874
779 931
779 955
780 931
780 955
781 996
782 869
782 981
782 982
782 1025
783 942
785 819
785 902
785 962
786 819
788 796
788 817
788 919
788 934
788 1009
788 1030
788 1070
789 1007
790 874
791 869
791 969
793 1032
794 807
794 832
794 836
794 864
794 866
794 1020
794 1042
794 1073
795 942
795 1007
797 869
797 982
798 942
799 839
799 844
799 863
799 895
799 911
799 1056
799 1079
800 1054
802 1001
804 821
804 948
804 1027
805 953
805 965
806 959
807 860
807 872
808 1007
809 981
809 1025
809 1032
810 1031
811 1027
811 1031
812 1035
814 835
814 852
814 899
814 1053
815 823
815 857
815 912
815 917
815 944
815 984
815 994
815 1000
815 1019
817 1072
819 849
819 883
819 971
819 1016
819 1076
821 827
821 856
821 903
821 913
821 1028
821 1074
822 982
823 942
824 1027
825 869
825 982
826 931
826 980
827 860
827 948
828 953
829 965
829 1012
829 1067
830 858
830 869
830 982
830 1049
831 981
831 1007
831 1025
832 985
833 835
833 899
833 950
833 983
833 1014
833 1053
833 1057
835 888
835 1035
836 964
836 965
836 1025
838 1001
839 1007
840 981
840 1007
840 1025
841 858
843 858
843 996
843 1072
844 875
844 939
845 1054
847 902
847 962
847 1067
848 939
849 962
849 1055
850 955
852 930
854 916
856 948
856 1027
857 942
858 885
858 923
859 888
860 864
860 908
860 945
860 986
860 1062
860 1074
861 904
861 907
861 933
862 987
863 1013
864 872
864 907
865 914
865 959
865 990
867 914
867 990
868 916
869 882
869 988
871 892
871 925
871 1053
872 886
872 924
872 1020
872 1033
874 926
874 935
874 975
874 1034
874 1052
875 895
875 941
875 1026
875 1038
875 1060
875 1079
876 914
876 990
877 964
877 982
877 1025
878 931
879 959
881 1007
882 964
882 1025
884 916
884 964
884 1025
884 1032
886 902
886 962
886 987
888 900
888 952
888 1004
888 1048
888 1053
891 969
894 939
894 1061
896 959
897 955
898 942
898 987
901 904
902 918
902 920
902 971
902 1065
903 1027
904 920
904 952
904 961
904 986
905 990
905 1031
906 1001
907 945
907 1010
907 1020
910 981
910 982
910 1025
911 939
912 939
913 1012
913 1067
914 926
914 935
914 975
914 1017
914 1044
915 931
915 1061
916 922
916 927
916 943
916 951
916 977
916 1058
918 1055
919 996
920 1012
920 1055
920 1067
921 1049
922 964
922 981
922 1032
923 982
924 962
924 1055
926 990
927 964
927 1025
927 1032
928 987
929 942
930 967
930 1059
931 947
931 957
931 998
931 1008
931 1037
931 1050
931 1052
932 999
933 983
933 986
933 1057
933 1060
933 1062
933 1079
935 955
936 996
936 999
936 1054
937 953
937 965
938 999
939 984
939 1006
939 1026
939 1038
939 1043
939 1056
940 959
942 978
942 989
942 1066
942 1068
943 985
946 985
948 954
949 1061
951 985
952 1012
953 966
953 970
953 1046
954 969
955 1017
955 1052
957 980
959 1011
959 1047
960 1049
963 1013
963 1035
964 979
964 1042
964 1069
965 995
965 1051
966 1032
969 988
969 1052
969 1076
971 1055
973 1031
976 1031
977 985
979 981
980 998
980 1026
980 1038
980 1056
980 1064
980 1075
981 1058
982 988
983 1013
983 1035
986 1013
987 992
987 1045
987 1068
990 1011
990 1034
991 1054
995 1012
995 1049
995 1067
996 1078
997 1027
999 1022
999 1046
1001 1059
1001 1076
1004 1072
1007 1066
1007 1069
1009 1072
1012 1051
1012 1065
1013 1060
1014 1035
1015 1027
1022 1054
1024 1054
1025 1042
1025 1058
1025 1069
1027 1036
1027 1077
1028 1067
1029 1032
1035 1053
1035 1057
1037 1061
1039 1054
1049 1051
1049 1059
1055 1065
1072 1078
