2160 10368
0 496
0 569
0 570
0 2002
0 2012
0 2034
1 35
1 583
1 1370
1 1691
1 1962
1 2049
2 31
2 192
2 386
2 404
2 407
2 446
2 579
2 787
2 838
2 935
2 1105
2 1157
2 1224
2 1264
2 1274
2 1279
2 1551
2 1569
2 1772
2 1795
2 1806
2 1919
2 2093
2 2145
3 30
3 172
3 254
3 348
3 532
3 549
3 645
3 707
3 719
3 828
3 837
3 914
3 931
3 1109
3 1393
3 1398
3 1609
3 1716
3 1738
3 1875
3 1913
3 1931
3 2055
3 2090
4 162
4 239
4 472
4 596
4 665
4 916
5 218
5 476
5 1498
5 1613
5 1775
5 2026
6 361
6 1341
6 1592
6 1604
6 1734
6 1781
7 118
7 172
7 254
7 255
7 273
7 325
7 351
7 438
7 450
7 475
7 504
7 525
7 591
7 775
7 828
7 843
7 962
7 994
7 1069
7 1094
7 1109
7 1380
7 1605
7 2141
8 150
8 181
8 344
8 413
8 1619
8 1962
9 79
9 136
9 228
9 882
9 1000
9 1318
10 12
10 117
10 148
10 271
10 405
10 506
10 524
10 549
10 633
10 694
10 889
10 940
10 1145
10 1249
10 1570
10 1609
10 1697
10 1716
10 1885
10 1907
10 1925
10 1939
10 2028
10 2090
11 86
11 954
11 1200
11 1409
11 1682
11 1839
12 269
12 555
12 617
12 1636
12 2012
13 391
13 427
13 481
13 585
13 630
13 1452
14 218
14 476
14 762
14 797
14 1775
14 2026
15 596
15 640
15 916
15 1347
15 1963
15 2157
16 364
16 1353
16 1677
16 1794
16 1911
16 1957
17 554
17 691
17 735
17 1159
17 1389
17 1597
18 41
18 99
18 388
18 446
18 603
18 611
18 663
18 769
18 787
18 864
18 901
18 1032
18 1224
18 1361
18 1496
18 1551
18 1663
18 1758
18 1877
18 1891
18 1896
18 1998
18 2001
18 2094
19 79
19 441
19 945
19 974
19 1552
19 1633
20 454
20 1352
20 1726
20 1942
20 1945
20 1955
21 220
21 245
21 442
21 1255
21 1428
21 1866
22 81
22 840
22 1327
22 1414
22 1637
22 2058
23 269
23 467
23 964
23 1033
23 1460
23 2012
24 441
24 945
24 974
24 1318
24 1418
24 1708
25 328
25 472
25 665
25 883
25 1596
25 2088
26 90
26 133
26 808
26 1031
26 1347
26 1903
27 297
27 366
27 558
27 667
27 944
27 958
27 1037
27 1048
27 1160
27 1262
27 1311
27 1403
27 1425
27 1458
27 1482
27 1494
27 1549
27 1590
27 1595
27 1653
27 1749
27 1816
27 1946
27 2118
28 231
28 493
28 1410
28 1588
28 2062
28 2138
29 79
29 136
29 228
29 441
29 1000
29 1286
30 392
30 617
30 904
30 1554
30 1935
31 176
31 1102
31 1268
31 1714
31 1869
32 362
32 562
32 583
32 845
32 1428
32 1987
33 76
33 608
33 1172
33 1323
33 1491
33 1794
34 58
34 153
34 982
34 1186
34 1445
34 1534
35 68
35 465
35 491
35 497
35 547
35 552
35 750
35 771
35 870
35 875
35 1025
35 1041
35 1072
35 1093
35 1339
35 1535
35 1683
35 1800
35 1821
35 1836
35 1951
35 1991
35 2053
36 424
36 665
36 1550
36 1559
36 1645
36 1815
37 236
37 307
37 534
37 622
37 641
37 697
37 776
37 791
37 800
37 869
37 1011
37 1012
37 1051
37 1181
37 1212
37 1246
37 1368
37 1415
37 1621
37 1711
37 1985
37 2054
37 2069
37 2127
38 406
38 424
38 467
38 1270
38 1495
38 1644
39 331
39 576
39 629
39 1043
39 1341
39 1366
40 344
40 505
40 1139
40 1202
40 1437
40 1616
41 65
41 276
41 278
41 1508
41 1980
42 53
42 377
42 708
42 1071
42 1622
42 1955
43 302
43 432
43 1591
43 1650
43 1927
43 2092
44 201
44 361
44 1169
44 1293
44 1422
44 1604
45 108
45 485
45 758
45 829
45 1162
45 1999
46 331
46 576
46 933
46 1043
46 1341
46 1734
47 424
47 505
47 542
47 569
47 1197
47 1550
48 428
48 746
48 991
48 1197
48 1694
48 2002
49 346
49 375
49 426
49 444
49 550
49 599
49 605
49 677
49 734
49 792
49 820
49 992
49 997
49 1080
49 1097
49 1141
49 1207
49 1423
49 1639
49 1748
49 1909
49 2078
49 2081
49 2102
50 133
50 673
50 708
50 1005
50 1020
50 1518
51 71
51 243
51 1155
51 1353
51 1677
51 1809
52 329
52 501
52 873
52 1159
52 1607
52 1958
53 266
53 483
53 602
53 607
53 609
53 709
53 713
53 759
53 765
53 953
53 986
53 1089
53 1252
53 1285
53 1416
53 1481
53 1485
53 1540
53 1600
53 1777
53 1838
53 1861
53 2139
54 220
54 919
54 1088
54 1300
54 1327
54 1449
55 136
55 285
55 865
55 1809
55 2034
55 2065
56 295
56 372
56 400
56 410
56 416
56 486
56 607
56 635
56 638
56 690
56 778
56 955
56 1089
56 1189
56 1252
56 1348
56 1369
56 1511
56 1574
56 1600
56 1602
56 1826
56 2047
56 2050
57 364
57 505
57 723
57 1202
57 1911
57 2112
58 135
58 175
58 322
58 341
58 342
58 438
58 504
58 559
58 768
58 843
58 993
58 1263
58 1273
58 1334
58 1430
58 1503
58 1612
58 1724
58 2071
58 2084
58 2111
58 2124
58 2141
59 614
59 693
59 1319
59 1769
59 1796
59 2074
60 122
60 153
60 463
60 1050
60 1136
60 1604
61 583
61 701
61 1607
61 1626
61 1882
61 2049
62 130
62 164
62 281
62 316
62 439
62 477
62 631
62 884
62 985
62 996
62 1026
62 1122
62 1377
62 1386
62 1492
62 1555
62 1667
62 1690
62 1785
62 1834
62 1933
62 1948
62 1972
62 2063
63 76
63 762
63 1172
63 1409
63 1839
63 2026
64 245
64 518
64 562
64 662
64 840
64 2022
65 386
65 446
65 528
65 557
65 663
65 737
65 864
65 901
65 925
65 1032
65 1062
65 1075
65 1105
65 1164
65 1269
65 1477
65 1496
65 1551
65 1663
65 1896
65 1984
65 1998
65 2094
66 240
66 279
66 613
66 1169
66 1419
66 1833
67 268
67 554
67 691
67 1451
67 1626
67 2046
68 845
68 1370
68 1619
68 1962
68 2049
69 279
69 796
69 1002
69 1028
69 1300
69 1833
70 395
70 554
70 555
70 691
70 1702
70 1837
71 83
71 100
71 104
71 197
71 367
71 515
71 588
71 616
71 749
71 799
71 855
71 880
71 957
71 1213
71 1250
71 1349
71 1581
71 1594
71 1676
71 1678
71 1692
71 2027
71 2140
72 231
72 982
72 1116
72 1225
72 1588
72 1701
73 90
73 282
73 963
73 1020
73 1116
73 1225
74 417
74 492
74 1257
74 1471
74 1665
74 2115
75 796
75 915
75 1002
75 1715
75 1892
75 1999
76 254
76 379
76 384
76 389
76 531
76 653
76 828
76 876
76 962
76 1039
76 1098
76 1109
76 1208
76 1277
76 1393
76 1641
76 1699
76 1791
76 1884
76 1964
76 2013
76 2082
77 191
77 328
77 665
77 1435
77 1596
77 1815
78 454
78 682
78 1556
78 1912
78 1942
78 2062
79 217
79 222
79 383
79 460
79 589
79 652
79 788
79 937
79 1059
79 1234
79 1326
79 1355
79 1464
79 1474
79 1483
79 1648
79 1655
79 1666
79 1686
79 1846
79 1894
80 685
80 693
80 863
80 1510
80 1726
80 1955
81 117
81 148
81 461
81 506
81 694
81 790
81 854
81 926
81 951
81 1063
81 1144
81 1265
81 1328
81 1519
81 1585
81 1603
81 1656
81 1717
81 1804
81 1876
81 1878
81 1934
81 2150
82 427
82 562
82 974
82 1428
82 1552
82 1606
83 150
83 413
83 640
83 1191
83 1963
84 245
84 562
84 662
84 1637
84 2022
84 2068
85 505
85 703
85 954
85 1202
85 1466
85 1754
86 340
86 396
86 495
86 498
86 546
86 707
86 726
86 731
86 782
86 794
86 1047
86 1053
86 1143
86 1215
86 1424
86 1450
86 1680
86 1817
86 1875
86 1880
86 1931
86 2009
86 2055
87 98
87 302
87 784
87 1018
87 1379
87 2092
88 179
88 240
88 279
88 613
88 1419
88 1422
89 919
89 1028
89 1255
89 1327
89 1449
89 2058
90 202
90 330
90 597
90 625
90 648
90 705
90 764
90 989
90 1183
90 1193
90 1253
90 1275
90 1541
90 1578
90 1630
90 1789
90 1868
90 2015
90 2030
90 2038
90 2106
90 2132
91 427
91 562
91 630
91 974
91 1428
91 1708
92 505
92 542
92 1391
92 1558
92 1911
92 2112
93 249
93 586
93 752
93 922
93 955
93 1001
93 1142
93 1211
93 1223
93 1244
93 1288
93 1348
93 1367
93 1501
93 1547
93 1627
93 1687
93 1766
93 1788
93 1790
93 1826
93 1890
93 1966
93 2047
94 245
94 427
94 562
94 974
94 1606
94 1708
95 640
95 673
95 1005
95 1023
95 1352
95 1945
96 518
96 1008
96 1715
96 1775
96 1992
96 2068
97 472
97 485
97 665
97 805
97 991
97 1287
98 488
98 514
98 582
98 600
98 601
98 621
98 644
98 651
98 795
98 809
98 819
98 872
98 930
98 990
98 1167
98 1228
98 1640
98 1693
98 1729
98 1742
98 1860
98 1949
98 2067
99 276
99 789
99 1340
99 1508
99 1980
100 243
100 747
100 1677
100 1809
100 2065
101 467
101 928
101 1033
101 1139
101 1739
101 1961
102 833
102 1226
102 1358
102 1478
102 1552
102 1708
103 150
103 243
103 300
103 640
103 1191
103 1963
104 243
104 885
104 1323
104 1357
104 1491
105 166
105 323
105 327
105 357
105 461
105 469
105 622
105 753
105 791
105 861
105 926
105 1056
105 1063
105 1187
105 1246
105 1344
105 1717
105 1728
105 1802
105 1820
105 1835
105 1887
105 1985
105 2011
106 1129
106 1418
106 1588
106 1633
106 1794
106 1957
107 391
107 585
107 882
107 1286
107 1347
107 2157
108 249
108 298
108 532
108 586
108 632
108 707
108 782
108 856
108 862
108 890
108 1042
108 1117
108 1168
108 1206
108 1317
108 1501
108 1547
108 1723
108 1731
108 1823
108 1915
108 1931
108 2055
109 125
109 145
109 193
109 349
109 356
109 370
109 401
109 580
109 818
109 977
109 1044
109 1065
109 1174
109 1205
109 1229
109 1235
109 1345
109 1375
109 1434
109 1799
109 1873
109 1936
109 2072
109 2136
110 364
110 608
110 747
110 1353
110 1391
110 1957
111 122
111 153
111 463
111 888
111 1445
111 1604
112 168
112 446
112 488
112 787
112 847
112 895
112 989
112 1035
112 1105
112 1130
112 1167
112 1224
112 1228
112 1477
112 1509
112 1541
112 1630
112 1663
112 1740
112 1782
112 1789
112 1814
112 2044
112 2067
113 186
113 815
113 1005
113 1023
113 1352
113 1963
114 276
114 376
114 1508
114 1577
114 1597
114 1750
115 473
115 518
115 784
115 1014
115 1379
115 2022
116 496
116 570
116 865
116 1197
116 2002
116 2012
117 617
117 888
117 1050
117 1414
118 883
118 1162
118 1186
118 1596
118 1651
119 364
119 505
119 542
119 723
119 1558
119 1911
120 596
120 728
120 916
120 1261
120 1712
120 1776
121 1327
121 1366
121 1712
121 1734
121 1776
121 2058
122 139
122 148
122 247
122 274
122 458
122 664
122 694
122 848
122 951
122 965
122 1064
122 1101
122 1237
122 1249
122 1298
122 1404
122 1461
122 1545
122 1603
122 1885
122 1914
122 2077
123 186
123 821
123 1726
123 1942
123 1945
123 1955
124 442
124 745
124 1049
124 1370
124 1556
124 1866
125 746
125 1170
125 1694
125 2079
125 2115
126 833
126 1169
126 1226
126 1419
126 1558
126 2112
127 510
127 751
127 1226
127 1478
127 1552
127 1708
128 1435
128 1596
128 1607
128 1707
128 1859
128 1958
129 136
129 285
129 441
129 1000
129 1286
129 1318
130 181
130 492
130 715
130 1342
130 1616
131 816
131 963
131 964
131 1460
131 1809
131 2065
132 324
132 783
132 1592
132 1892
132 1999
132 2134
133 159
133 597
133 646
133 648
133 689
133 705
133 764
133 918
133 989
133 1035
133 1146
133 1183
133 1193
133 1275
133 1509
133 1542
133 1630
133 1652
133 1669
133 1842
133 2015
133 2106
134 473
134 898
134 988
134 1533
134 1709
134 1739
135 284
135 555
135 613
135 1636
135 1701
136 152
136 288
136 453
136 460
136 563
136 618
136 696
136 1059
136 1077
136 1082
136 1151
136 1177
136 1209
136 1231
136 1476
136 1488
136 1568
136 1628
136 1767
136 2003
137 302
137 825
137 1276
137 1591
137 1927
137 2092
138 441
138 833
138 1226
138 1318
138 1323
138 1664
139 153
139 361
139 463
139 1050
139 1445
140 454
140 821
140 1008
140 1257
140 1715
140 2115
141 181
141 186
141 344
141 928
141 1139
141 1352
142 331
142 333
142 783
142 919
142 1300
142 2134
143 177
143 240
143 613
143 627
143 1975
143 2037
144 783
144 915
144 1008
144 1102
144 1901
144 2059
145 329
145 1159
145 1170
145 1255
145 1449
146 614
146 685
146 693
146 1319
146 1796
146 2097
147 176
147 915
147 1008
147 1901
147 2059
147 2134
148 617
148 1050
148 2137
149 362
149 627
149 1162
149 1651
149 1987
149 2037
150 419
150 479
150 553
150 647
150 749
150 860
150 957
150 976
150 1096
150 1195
150 1385
150 1405
150 1433
150 1475
150 1553
150 1576
150 1725
150 1983
150 2027
150 2100
150 2153
151 220
151 1028
151 1088
151 1255
151 1300
151 2058
152 228
152 441
152 882
152 1286
152 1318
153 325
153 503
153 504
153 594
153 681
153 843
153 897
153 903
153 917
153 983
153 1036
153 1066
153 1127
153 1179
153 1384
153 1404
153 1432
153 2108
153 2129
153 2141
154 501
154 873
154 1159
154 1389
154 1607
154 1882
155 237
155 239
155 481
155 950
155 1592
155 1781
156 501
156 673
156 815
156 898
156 900
156 1533
157 510
157 723
157 833
157 1419
157 1422
157 1558
158 706
158 882
158 1286
158 1394
158 1510
158 2113
159 282
159 963
159 1020
159 1116
159 1632
160 258
160 276
160 364
160 746
160 1911
160 1968
161 329
161 873
161 900
161 1389
161 1607
161 1958
162 430
162 443
162 457
162 528
162 611
162 681
162 891
162 903
162 925
162 932
162 1032
162 1036
162 1066
162 1099
162 1118
162 1248
162 1440
162 1443
162 1758
162 1850
162 1916
162 1998
162 2061
163 212
163 362
163 751
163 1358
163 1451
163 1987
164 467
164 492
164 1033
164 1456
164 1466
165 685
165 1319
165 1463
165 1769
165 1796
165 2074
166 282
166 963
166 1460
166 1809
166 2065
167 176
167 442
167 1102
167 1439
167 1672
167 1773
168 233
168 382
168 1379
168 1620
168 1903
169 258
169 276
169 364
169 746
169 1391
169 1508
170 186
170 640
170 673
170 1005
170 1352
170 1963
171 476
171 797
171 1498
171 1613
171 1992
171 2026
172 448
172 904
172 1172
172 1534
173 758
173 1333
173 1554
173 1651
173 1714
173 1935
174 473
174 898
174 1014
174 1533
174 1709
174 1961
175 240
175 284
175 395
175 1636
175 1701
176 209
176 256
176 275
176 403
176 579
176 637
176 938
176 1274
176 1407
176 1438
176 1470
176 1525
176 1599
176 1629
176 1761
176 1783
176 1806
176 1893
176 1982
176 1986
176 2086
177 223
177 238
177 250
177 381
177 405
177 572
177 633
177 684
177 887
177 908
177 940
177 960
177 1013
177 1227
177 1431
177 1523
177 1570
177 1659
177 1762
177 1854
177 1872
177 2087
177 2110
178 1049
178 1351
178 1357
178 1418
178 1556
178 1633
179 235
179 306
179 421
179 623
179 639
179 752
179 909
179 1001
179 1176
179 1216
179 1314
179 1474
179 1538
179 1563
179 1573
179 1575
179 1655
179 1666
179 1686
179 1710
179 1766
179 1790
179 2020
180 454
180 682
180 821
180 1049
180 1556
180 2062
181 227
181 272
181 398
181 520
181 636
181 772
181 777
181 807
181 832
181 871
181 1096
181 1260
181 1385
181 1553
181 1615
181 1667
181 1834
181 1898
181 1918
181 1933
181 2017
182 747
182 1353
182 1391
182 1794
182 1911
182 1957
183 199
183 274
183 414
183 637
183 868
183 877
183 965
183 996
183 1070
183 1120
183 1122
183 1237
183 1441
183 1461
183 1599
183 1675
183 1761
183 1813
183 1841
183 1948
183 1986
183 2063
183 2064
183 2147
184 448
184 608
184 1172
184 1491
184 1664
184 1794
185 245
185 583
185 845
185 1074
185 1428
185 1987
186 398
186 404
186 520
186 832
186 953
186 1078
186 1112
186 1128
186 1157
186 1182
186 1279
186 1285
186 1296
186 1584
186 1681
186 1772
186 1861
186 1965
186 2121
186 2139
187 399
187 728
187 1129
187 1588
187 1707
187 1859
188 191
188 328
188 493
188 1327
188 2058
188 2138
189 231
189 945
189 1588
189 1633
189 1794
189 1957
190 228
190 285
190 427
190 630
190 833
190 1226
191 210
191 251
191 623
191 639
191 667
191 738
191 907
191 909
191 972
191 1004
191 1037
191 1100
191 1201
191 1297
191 1311
191 1512
191 1563
191 1727
191 1759
191 1865
191 1946
191 2041
192 361
192 1352
192 1604
192 1869
192 1945
193 1159
193 1251
193 1255
193 1389
193 1449
194 1132
194 1327
194 1341
194 1734
194 1776
194 2058
195 201
195 258
195 706
195 961
195 1121
195 1694
196 212
196 240
196 284
196 1268
196 1714
196 2046
197 1191
197 1323
197 1351
197 1357
197 1491
198 237
198 481
198 706
198 708
198 961
198 1622
199 276
199 492
199 1665
199 1968
199 2144
200 377
200 399
200 728
200 1071
200 1882
200 1958
201 264
201 270
201 332
201 697
201 739
201 754
201 844
201 857
201 869
201 906
201 1003
201 1212
201 1304
201 1308
201 1368
201 1618
201 1743
201 1744
201 1746
201 1768
201 1830
201 1977
202 476
202 1020
202 1333
202 1714
202 1775
203 762
203 797
203 1613
203 1775
203 1992
203 2026
204 1132
204 1186
204 1410
204 1534
204 1776
204 2062
205 231
205 608
205 945
205 1418
205 1588
205 1794
206 382
206 888
206 1050
206 1505
206 1779
206 1859
207 510
207 751
207 974
207 1226
207 1358
207 1552
208 758
208 1268
208 1333
208 1651
208 1935
208 2148
209 783
209 1008
209 1715
209 1901
209 2059
210 328
210 380
210 627
210 1471
210 2037
211 476
211 762
211 797
211 1498
211 1613
211 1775
212 259
212 286
212 368
212 440
212 645
212 687
212 721
212 732
212 853
212 931
212 939
212 1126
212 1137
212 1188
212 1218
212 1242
212 1309
212 1398
212 1565
212 1624
212 1913
212 2080
213 424
213 505
213 569
213 1202
213 1550
213 2002
214 269
214 302
214 570
214 1107
214 1382
214 1871
215 964
215 1414
215 1460
215 1510
215 2113
215 2137
216 510
216 723
216 1169
216 1226
216 1422
216 2112
217 228
217 285
217 441
217 882
217 1286
218 412
218 468
218 563
218 696
218 977
218 1133
218 1151
218 1306
218 1321
218 1322
218 1360
218 1488
218 1526
218 1543
218 1583
218 1617
218 1635
218 1797
218 1799
218 1819
218 2072
218 2136
219 417
219 569
219 954
219 1197
219 1471
219 1682
220 225
220 390
220 401
220 456
220 513
220 519
220 763
220 810
220 980
220 1113
220 1205
220 1229
220 1241
220 1320
220 1345
220 1608
220 1674
220 1764
220 1798
220 1843
220 1845
221 382
221 784
221 1031
221 1505
221 1620
221 1903
222 441
222 974
222 1418
222 1633
222 1708
223 321
223 662
223 1637
223 1763
223 2091
224 682
224 783
224 1591
224 1650
224 2062
224 2134
225 1159
225 1170
225 1251
225 1389
225 1449
226 331
226 333
226 715
226 825
226 1342
226 1927
227 344
227 542
227 928
227 1139
227 1202
228 288
228 301
228 453
228 471
228 533
228 604
228 652
228 727
228 1151
228 1177
228 1209
228 1221
228 1231
228 1321
228 1388
228 1476
228 1488
228 1526
228 1628
229 1088
229 1327
229 1341
229 1712
229 1734
229 1776
230 701
230 708
230 829
230 1287
230 1622
230 1626
231 277
231 482
231 567
231 654
231 710
231 834
231 947
231 958
231 1087
231 1124
231 1263
231 1294
231 1425
231 1458
231 1816
231 1831
231 1879
231 2071
231 2084
231 2124
232 816
232 885
232 963
232 1325
232 1357
232 1832
233 319
233 393
233 468
233 979
233 1060
233 1064
233 1101
233 1254
233 1322
233 1360
233 1661
233 1703
233 1740
233 1752
233 1814
233 1819
233 1881
233 1914
233 2044
233 2073
233 2077
233 2098
233 2142
234 335
234 538
234 603
234 611
234 734
234 737
234 792
234 859
234 925
234 943
234 992
234 1032
234 1141
234 1210
234 1381
234 1561
234 1721
234 1730
234 1774
234 1959
234 1998
234 2128
234 2146
234 2152
235 441
235 1318
235 1559
235 1645
235 1833
236 974
236 1358
236 1478
236 1552
236 2057
237 265
237 385
237 423
237 429
237 447
237 556
237 760
237 911
237 932
237 1007
237 1057
237 1248
237 1301
237 1412
237 1440
237 1662
237 1765
237 1874
237 1886
237 1924
237 2061
237 2076
238 321
238 657
238 841
238 1495
238 1832
239 430
239 443
239 603
239 643
239 681
239 737
239 891
239 925
239 952
239 983
239 1007
239 1032
239 1036
239 1118
239 1149
239 1165
239 1248
239 1440
239 1758
239 1896
239 1923
239 2129
240 259
240 306
240 345
240 530
240 770
240 887
240 993
240 1126
240 1176
240 1242
240 1430
240 1502
240 1503
240 1523
240 1537
240 1614
240 1818
240 1854
240 2020
241 555
241 815
241 1005
241 1338
241 1636
241 1937
242 629
242 933
242 1170
242 1251
242 1463
242 1796
243 367
243 588
243 626
243 688
243 855
243 880
243 957
243 976
243 1024
243 1148
243 1245
243 1303
243 1457
243 1539
243 1631
243 1676
243 1692
243 2027
243 2032
243 2140
244 561
244 585
244 1439
244 1491
244 1664
244 2089
245 253
245 310
245 359
245 390
245 565
245 702
245 744
245 824
245 881
245 1076
245 1156
245 1354
245 1608
245 1825
245 1843
245 2070
245 2119
245 2135
245 2156
246 691
246 722
246 1159
246 1389
246 1577
246 1597
247 382
247 888
247 1505
247 1707
247 1859
248 587
248 596
248 685
248 1524
248 1871
248 2074
249 915
249 1002
249 1008
249 1892
250 840
250 1637
250 1763
250 1975
250 2091
251 279
251 629
251 933
251 1833
251 2088
252 821
252 915
252 1008
252 1942
252 2079
252 2115
253 362
253 562
253 583
253 845
253 1074
254 904
254 1172
254 1186
255 682
255 1186
255 1712
255 1776
255 2062
256 783
256 915
256 1008
256 1102
256 2134
257 485
257 657
257 829
257 873
257 900
257 1832
258 264
258 332
258 370
258 434
258 580
258 857
258 998
258 1027
258 1065
258 1235
258 1362
258 1527
258 1670
258 1673
258 1757
258 1786
258 1928
258 1953
258 1970
258 2014
258 2035
259 613
259 1333
259 1451
259 1714
260 276
260 376
260 735
260 1577
260 1750
260 1968
261 723
261 833
261 1169
261 1226
261 1422
261 1558
262 278
262 364
262 629
262 933
262 1340
262 1391
263 493
263 919
263 1300
263 1672
263 1866
263 2138
264 706
264 746
264 961
264 1293
265 481
265 640
265 1550
265 1644
265 1963
266 454
266 821
266 1352
266 1726
266 1945
267 583
267 701
267 845
267 1607
267 1626
267 1958
268 363
268 440
268 487
268 584
268 670
268 699
268 720
268 773
268 811
268 1267
268 1299
268 1309
268 1400
268 1469
268 1536
268 1565
268 1624
268 1649
268 1688
268 1780
268 1864
268 1940
268 1996
269 323
269 420
269 425
269 436
269 524
269 592
269 786
269 812
269 861
269 1054
269 1236
269 1446
269 1530
269 1646
269 1697
269 1802
269 1887
269 1888
269 1925
269 1973
269 1979
270 463
270 1121
270 1419
270 1422
270 1604
271 337
271 617
271 904
271 1935
271 2148
272 505
272 542
272 928
272 1437
272 1616
273 1162
273 1435
273 1534
273 1596
273 1651
274 888
274 988
274 1014
274 2144
275 662
275 767
275 840
275 1102
275 2144
276 281
276 313
276 852
276 901
276 996
276 1062
276 1097
276 1122
276 1269
276 1593
276 1639
276 1748
276 1948
276 1953
276 2001
276 2035
276 2081
277 982
277 1129
277 1225
277 1632
277 1701
278 480
278 534
278 697
278 800
278 912
278 1003
278 1052
278 1062
278 1123
278 1181
278 1212
278 1269
278 1290
278 1496
278 1504
278 1711
278 1743
278 1828
278 1891
278 2001
278 2054
278 2069
279 530
279 639
279 752
279 788
279 909
279 1152
279 1201
279 1216
279 1326
279 1421
279 1538
279 1573
279 1627
279 1655
279 1686
279 1687
279 1710
279 1790
279 2020
279 2060
280 561
280 585
280 1000
280 1286
280 1347
280 2157
281 492
281 767
281 1968
281 2144
282 327
282 357
282 402
282 508
282 705
282 1019
282 1127
282 1183
282 1187
282 1256
282 1374
282 1384
282 1426
282 1432
282 1542
282 1867
282 1993
282 2033
282 2101
282 2108
282 2132
283 510
283 723
283 1169
283 1226
283 1419
283 1558
284 306
284 342
284 345
284 421
284 530
284 732
284 853
284 887
284 966
284 1126
284 1214
284 1227
284 1502
284 1503
284 1710
284 1818
284 1854
284 2005
284 2020
284 2060
284 2087
285 301
285 460
285 471
285 533
285 563
285 604
285 618
285 652
285 696
285 727
285 1059
285 1077
285 1082
285 1221
285 1321
285 1388
285 1526
285 1568
285 1767
285 2003
286 362
286 751
286 1074
286 1478
286 2046
287 377
287 496
287 1071
287 1276
287 1591
287 2034
288 427
288 833
288 1226
288 1606
289 295
289 372
289 410
289 449
289 635
289 778
289 785
289 899
289 1223
289 1243
289 1252
289 1346
289 1348
289 1369
289 1485
289 1600
289 1602
289 1679
289 1689
289 1737
289 1826
289 1838
289 1890
289 2050
290 376
290 863
290 1510
290 1619
290 1750
290 1962
291 510
291 751
291 833
291 1358
291 1552
291 1708
292 758
292 883
292 1186
292 1534
292 1596
292 1651
293 1439
293 1554
293 1558
293 1773
293 2112
293 2148
294 682
294 1132
294 1186
294 1534
294 1712
294 2062
295 324
295 1592
295 2079
295 2115
296 380
296 417
296 569
296 954
296 1682
296 2002
297 493
297 821
297 1769
297 1942
297 2097
298 758
298 829
298 1287
298 1651
298 1999
299 715
299 723
299 1155
299 1342
299 1558
299 1809
300 387
300 553
300 626
300 749
300 772
300 807
300 855
300 860
300 957
300 1096
300 1230
300 1336
300 1385
300 1405
300 1433
300 1475
300 1581
300 1725
300 2043
300 2114
300 2117
300 2153
300 2154
301 510
301 630
301 1226
301 1606
302 312
302 420
302 511
302 527
302 541
302 644
302 724
302 795
302 801
302 851
302 1083
302 1175
302 1220
302 1356
302 1530
302 1625
302 1646
302 1693
302 1695
302 1741
303 693
303 863
303 1726
303 1955
303 2074
303 2113
304 614
304 685
304 693
304 1319
304 1463
304 1769
305 745
305 1276
305 1370
305 1650
305 2022
305 2068
306 1169
306 1419
306 1833
307 751
307 974
307 1358
307 1390
307 1552
308 406
308 424
308 1033
308 1270
308 1495
308 1550
309 630
309 1121
309 1293
309 1463
309 1606
309 1796
310 840
310 1428
310 1637
310 2022
310 2068
311 399
311 674
311 1071
311 1261
311 1882
311 1958
312 1018
312 1379
312 1382
312 1546
312 1620
313 364
313 746
313 1508
313 1694
313 1911
314 344
314 542
314 928
314 1202
314 1437
314 1616
315 329
315 501
315 873
315 1389
315 1882
315 1958
316 380
316 417
316 492
316 1257
316 2115
317 395
317 555
317 673
317 815
317 1338
317 1444
318 496
318 554
318 691
318 1107
318 1871
318 2034
319 888
319 1050
319 1505
319 1707
319 1779
320 496
320 554
320 587
320 691
320 865
320 1107
321 381
321 572
321 633
321 680
321 684
321 887
321 908
321 940
321 941
321 1145
321 1489
321 1490
321 1502
321 1520
321 1523
321 1537
321 1566
321 1580
321 1659
321 1939
321 2005
321 2087
322 747
322 1645
322 1677
322 1701
322 1956
323 406
323 570
323 1033
323 1460
324 410
324 430
324 486
324 785
324 890
324 899
324 932
324 1007
324 1046
324 1117
324 1149
324 1206
324 1248
324 1283
324 1511
324 1529
324 1579
324 1657
324 1731
324 1803
324 1889
324 2061
325 982
325 1186
325 1445
325 1701
326 441
326 945
326 1318
326 1552
326 1633
326 1708
327 963
327 964
327 1155
327 1809
328 573
328 577
328 623
328 667
328 907
328 909
328 1037
328 1152
328 1201
328 1281
328 1295
328 1297
328 1314
328 1549
328 1567
328 1573
328 1653
328 1759
328 1829
328 1865
329 401
329 490
329 513
329 523
329 742
329 949
329 1229
329 1239
329 1312
329 1345
329 1506
329 1515
329 1544
329 1611
329 1684
329 1718
329 1811
329 1943
329 2045
329 2123
330 1020
330 1031
330 1347
330 1903
330 2157
331 339
331 514
331 601
331 692
331 755
331 766
331 809
331 893
331 973
331 1104
331 1140
331 1198
331 1232
331 1266
331 1406
331 1468
331 1564
331 1640
331 1722
331 2151
332 706
332 746
332 1121
332 1394
333 521
333 666
333 704
333 809
333 893
333 930
333 973
333 975
333 990
333 1140
333 1217
333 1266
333 1406
333 1564
333 1638
333 1640
333 1704
333 1722
333 1747
333 1904
333 1920
333 2151
334 473
334 518
334 784
334 988
334 1379
334 2068
335 608
335 1577
335 1597
335 1957
335 1988
336 364
336 505
336 542
336 723
336 1391
336 2112
337 348
337 368
337 384
337 475
337 568
337 628
337 707
337 719
337 731
337 782
337 828
337 837
337 889
337 914
337 962
337 1109
337 1398
337 1609
337 1823
337 1913
337 1931
337 2080
337 2090
338 377
338 865
338 1071
338 1591
338 1650
338 2034
339 629
339 933
339 1043
339 1366
339 1734
340 428
340 805
340 1302
340 1763
340 2091
341 1136
341 1186
341 1445
341 1534
341 1701
342 395
342 613
342 982
342 1636
343 428
343 991
343 1200
343 1302
343 1763
343 2091
344 520
344 535
344 636
344 772
344 777
344 779
344 871
344 884
344 1021
344 1377
344 1385
344 1576
344 1584
344 1667
344 1725
344 1834
344 2017
344 2043
344 2121
345 555
345 982
345 1636
345 1701
346 1132
346 1418
346 1633
346 1712
346 1750
347 627
347 767
347 805
347 991
347 2037
347 2144
348 1451
348 1702
348 1837
348 2046
349 614
349 629
349 933
349 1251
349 1796
350 432
350 1276
350 1382
350 1650
350 1927
350 2092
351 682
351 1132
351 1534
351 1776
351 2062
352 627
352 858
352 1074
352 1162
352 1651
352 1987
353 362
353 627
353 758
353 858
353 1074
353 1651
354 682
354 783
354 1276
354 1650
354 1901
354 2062
355 627
355 758
355 1074
355 1651
355 1987
355 2037
356 614
356 629
356 933
356 1170
356 1463
357 816
357 964
357 1809
357 2065
358 682
358 783
358 1410
358 1591
358 1650
358 1901
359 362
359 845
359 1074
359 1428
359 2049
360 964
360 1390
360 1460
360 1577
360 1597
360 2057
361 404
361 458
361 594
361 598
361 844
361 917
361 956
361 999
361 1279
361 1283
361 1298
361 1313
361 1404
361 1579
361 1618
361 1657
361 1744
361 1772
361 1889
361 1965
362 363
362 394
362 455
362 537
362 544
362 595
362 824
362 939
362 968
362 1092
362 1188
362 1247
362 1400
362 1447
362 1649
362 1996
362 2156
363 841
363 1074
363 1270
363 1626
364 409
364 480
364 517
364 655
364 678
364 836
364 905
364 1027
364 1052
364 1123
364 1190
364 1454
364 1522
364 1953
364 2096
365 376
365 1510
365 1691
365 1750
365 1962
365 2113
366 454
366 821
366 1319
366 2097
366 2138
367 747
367 1155
367 1353
367 2065
368 904
368 1451
368 1702
368 1837
369 400
369 416
369 449
369 486
369 607
369 638
369 690
369 785
369 899
369 955
369 1089
369 1189
369 1223
369 1243
369 1346
369 1485
369 1511
369 1574
369 1679
369 1689
369 1737
369 1838
369 1890
369 2047
370 746
370 1251
370 2079
370 2115
371 569
371 570
371 865
371 1197
371 2012
371 2034
372 473
372 1014
372 1619
372 1962
373 883
373 1435
373 1779
373 1859
373 1882
373 1958
374 706
374 863
374 961
374 1000
374 1286
374 2113
375 376
375 735
375 1508
375 1577
375 1968
376 408
376 426
376 444
376 574
376 599
376 734
376 792
376 1080
376 1203
376 1210
376 1305
376 1423
376 1639
376 1654
376 1748
376 1751
376 1774
376 1909
376 2078
377 478
377 484
377 743
377 765
377 920
377 987
377 1154
377 1194
377 1199
377 1315
377 1364
377 1387
377 1416
377 1540
377 1571
377 1598
377 1634
377 1926
377 1997
377 2019
378 945
378 1049
378 1351
378 1357
378 1633
378 1912
379 448
379 762
379 1409
379 1498
379 1839
380 387
380 479
380 560
380 573
380 631
380 647
380 972
380 981
380 985
380 1110
380 1297
380 1405
380 1433
380 1465
380 1567
380 1727
380 1785
380 1801
380 1930
380 2018
380 2154
381 662
381 840
381 867
381 2091
382 393
382 847
382 848
382 1058
382 1060
382 1101
382 1130
382 1322
382 1360
382 1617
382 1635
382 1703
382 1740
382 1870
382 1905
382 2024
382 2073
382 2077
382 2098
382 2142
383 510
383 1226
383 1318
383 1323
383 1491
384 904
384 1172
384 1186
384 1534
385 427
385 481
385 561
385 585
385 630
386 789
386 1031
386 1869
386 1903
387 413
387 1471
387 1709
387 1961
388 789
388 1031
388 1324
388 1869
388 1903
389 751
389 1049
389 1172
389 1358
389 1556
390 442
390 562
390 1255
390 1672
391 393
391 423
391 548
391 760
391 781
391 822
391 979
391 995
391 1058
391 1337
391 1408
391 1412
391 1429
391 1582
391 1752
391 1827
391 1849
391 1870
391 1969
391 2073
391 2076
391 2155
392 506
392 524
392 566
392 568
392 572
392 694
392 812
392 889
392 914
392 940
392 951
392 1054
392 1145
392 1566
392 1570
392 1603
392 1697
392 1716
392 1762
392 1885
392 2028
392 2090
392 2120
393 561
393 885
393 1357
394 751
394 1451
394 1478
394 1987
394 2046
395 524
395 566
395 578
395 679
395 812
395 886
395 1095
395 1180
395 1214
395 1430
395 1497
395 1503
395 1614
395 1643
395 1697
395 1824
395 1907
395 1925
395 2048
395 2158
396 762
396 1200
396 1498
396 1500
396 1533
397 522
397 723
397 1155
397 1342
397 2065
397 2112
398 1139
398 1352
398 1437
398 1616
399 482
399 484
399 499
399 575
399 582
399 654
399 710
399 717
399 819
399 910
399 987
399 1067
399 1316
399 1634
399 1729
399 1808
399 1831
399 1949
399 2006
399 2107
399 2116
400 988
400 1014
400 1619
400 1962
401 1251
401 1255
401 1389
402 657
402 816
402 885
402 1325
402 1357
403 442
403 1439
403 1773
403 1866
403 2059
404 463
404 1869
404 1945
405 617
405 1341
405 1366
405 1975
406 439
406 592
406 619
406 676
406 814
406 849
406 861
406 1185
406 1272
406 1386
406 1427
406 1473
406 1480
406 1492
406 1521
406 1562
406 1770
406 1802
406 1941
406 1972
406 2011
407 961
407 1324
407 1394
407 1763
407 2091
408 945
408 1132
408 1633
408 1712
408 1750
409 747
409 1391
409 1677
409 1794
409 1957
410 1257
410 1781
410 2079
411 1255
411 1319
411 1449
411 1763
411 2091
411 2097
412 797
412 1170
412 1251
412 1439
412 2089
413 419
413 479
413 626
413 647
413 772
413 807
413 855
413 976
413 1195
413 1230
413 1336
413 1553
413 1576
413 1581
413 1983
413 2027
413 2043
413 2100
413 2114
413 2117
413 2154
414 428
414 627
414 767
414 805
414 2037
415 472
415 805
415 829
415 991
415 1287
415 1815
416 796
416 1002
416 1139
416 1437
417 477
417 479
417 553
417 672
417 738
417 1110
417 1281
417 1297
417 1433
417 1465
417 1555
417 1567
417 1727
417 1785
417 1865
417 1930
417 2040
417 2100
417 2117
417 2154
418 867
418 1255
418 1319
418 1449
418 1769
418 2091
419 1409
419 1456
419 1466
419 1839
420 570
420 587
420 1871
420 2092
421 613
421 1419
421 1422
421 1833
422 454
422 821
422 915
422 1008
422 1257
422 2079
423 427
423 561
423 630
423 1452
424 494
424 612
424 676
424 718
424 804
424 817
424 839
424 866
424 1073
424 1079
424 1125
424 1292
424 1301
424 1330
424 1480
424 1662
424 1753
424 1886
424 1924
425 496
425 569
425 570
425 1197
425 2034
426 945
426 1132
426 1418
426 1712
427 736
427 906
427 1076
427 1082
427 1221
427 1308
427 1354
427 1396
427 1412
427 1628
427 1830
427 1910
427 1977
427 2003
427 2076
427 2135
428 495
428 726
428 774
428 780
428 927
428 1090
428 1120
428 1238
428 1335
428 1362
428 1441
428 1486
428 1673
428 1675
428 1680
428 1786
428 1810
428 1822
428 1928
428 1994
429 706
429 708
429 961
429 1452
429 1518
430 481
430 1452
430 1592
431 596
431 640
431 808
431 1023
431 1524
431 2157
432 511
432 527
432 620
432 651
432 692
432 717
432 724
432 740
432 755
432 819
432 1083
432 1175
432 1220
432 1406
432 1564
432 1695
432 1704
432 1747
432 1860
432 1949
432 2006
432 2066
433 505
433 542
433 703
433 954
433 1456
433 1754
434 706
434 1121
434 1293
434 1394
434 1694
435 476
435 1159
435 1319
435 1389
435 1769
435 1992
436 569
436 865
436 2002
436 2012
436 2034
437 784
437 988
437 1014
437 1379
437 2022
437 2068
438 982
438 1136
438 1186
438 1445
439 492
439 703
439 1033
439 1456
440 554
440 691
440 701
440 1451
441 460
441 604
441 658
441 788
441 937
441 1355
441 1421
441 1464
441 1538
441 1557
441 1655
441 1666
441 1846
441 2133
442 465
442 547
442 744
442 823
442 938
442 1072
442 1113
442 1160
442 1240
442 1262
442 1278
442 1436
442 1590
442 1595
442 1608
442 1951
442 1967
442 1981
442 1982
443 472
443 596
443 1524
443 1815
444 1510
444 1619
444 1962
444 2113
445 898
445 988
445 1014
445 1533
445 1739
445 1961
446 1869
446 1903
447 481
447 706
447 1394
447 1518
447 1622
448 475
448 695
448 700
448 719
448 876
448 962
448 1098
448 1106
448 1109
448 1163
448 1208
448 1277
448 1291
448 1378
448 1393
448 1641
448 1699
448 1897
448 1964
448 2021
448 2082
449 988
449 1014
449 1619
449 1691
450 682
450 1132
450 1410
450 1534
450 1712
451 863
451 882
451 961
451 1000
451 1394
451 1510
452 1444
452 1559
452 1719
452 1937
452 1956
452 1988
453 510
453 630
453 833
453 1606
454 512
454 756
454 803
454 953
454 959
454 1048
454 1173
454 1182
454 1285
454 1397
454 1472
454 1482
454 1507
454 1531
454 1749
454 1861
454 1978
455 701
455 1074
455 1270
455 1495
455 1626
456 867
456 1255
456 1769
456 2091
456 2097
457 481
457 950
457 1452
457 1592
457 1781
458 1050
458 1136
458 1445
458 1604
459 576
459 629
459 1340
459 1391
459 1911
459 1980
460 882
460 1000
461 964
461 1510
461 2113
461 2137
462 1159
462 1389
462 1769
462 1775
462 1992
462 2097
463 590
463 598
463 844
463 917
463 956
463 999
463 1046
463 1078
463 1157
463 1279
463 1298
463 1304
463 1343
463 1579
463 1618
463 1657
463 1795
463 1803
463 2075
464 796
464 1002
464 1409
464 1739
464 1839
464 1961
465 745
465 1556
465 1866
465 1912
466 518
466 562
466 840
466 1428
466 1637
466 2022
467 469
467 592
467 606
467 619
467 866
467 936
467 1125
467 1386
467 1473
467 1480
467 1521
467 1562
467 1690
467 1802
467 1887
467 1899
467 1941
467 1972
467 2004
467 2011
468 1505
468 1554
468 1613
468 2148
469 570
469 1033
469 1460
469 2012
470 476
470 518
470 915
470 1715
470 1775
470 2068
471 496
471 1809
471 2034
471 2065
472 494
472 577
472 643
472 718
472 774
472 907
472 927
472 1073
472 1091
472 1099
472 1100
472 1165
472 1330
472 1486
472 1517
472 1759
472 1822
472 1916
472 2041
473 564
473 571
473 635
473 690
473 877
473 965
473 1237
473 1243
473 1453
473 1461
473 1545
473 1574
473 1671
473 1679
473 1685
473 1840
473 1895
473 1929
473 1989
474 762
474 1200
474 1302
474 1500
474 1533
474 2026
475 904
475 1172
475 1186
476 536
476 551
476 646
476 918
476 949
476 1239
476 1275
476 1350
476 1506
476 1513
476 1543
476 1544
476 1583
476 1805
476 1952
476 2030
476 2106
477 1257
477 1471
477 1665
477 2079
478 587
478 674
478 1707
478 1779
478 1871
479 1709
479 1961
480 576
480 629
480 1391
480 1980
481 556
481 612
481 760
481 802
481 1149
481 1248
481 1301
481 1337
481 1412
481 1753
481 1910
481 1924
481 1960
481 1995
481 2056
481 2061
482 728
482 1588
482 1707
482 1779
483 685
483 863
483 1510
483 1955
483 2074
484 674
484 728
484 1607
484 1958
485 610
485 632
485 670
485 699
485 725
485 774
485 862
485 927
485 1029
485 1061
485 1376
485 1469
485 1698
485 1723
485 1755
485 1780
485 1810
485 1822
485 1844
485 2016
485 2023
486 1257
486 1781
486 2115
487 583
487 1626
487 1882
487 1958
487 2049
488 883
488 1018
488 1435
488 1903
489 1116
489 1347
489 1632
489 1702
489 1837
489 2157
490 1170
490 1251
490 1255
490 1389
490 1449
491 745
491 1276
491 1591
491 2022
491 2068
492 535
492 631
492 777
492 814
492 936
492 1070
492 1110
492 1122
492 1377
492 1386
492 1521
492 1555
492 1593
492 1667
492 1801
492 1918
492 2063
493 823
493 944
493 1037
493 1173
493 1258
493 1262
493 1403
493 1425
493 1458
493 1482
493 1507
493 1512
493 1590
493 1653
493 1749
493 1829
493 1879
493 1946
493 1967
493 2010
494 665
494 1550
494 1645
494 1956
495 867
495 991
495 1302
495 2091
496 618
496 786
496 920
496 1077
496 1135
496 1154
496 1219
496 1231
496 1364
496 1388
496 1411
496 1446
496 1476
496 1973
496 2051
496 2103
496 2122
497 1370
497 1556
497 1672
497 1866
497 1912
498 1302
498 1498
498 1500
498 1533
498 2026
499 674
499 728
499 1071
499 1607
499 1882
500 758
500 1162
500 1268
500 1714
500 1935
500 2148
501 507
501 734
501 793
501 992
501 1016
501 1029
501 1141
501 1203
501 1233
501 1372
501 1484
501 1611
501 1658
501 1755
501 1774
501 1811
501 1853
501 1909
501 2016
501 2023
502 674
502 708
502 1071
502 1622
502 1726
502 1955
503 982
503 1136
503 1186
503 1534
503 1701
504 1136
504 1186
504 1701
505 539
505 636
505 712
505 779
505 804
505 817
505 871
505 874
505 1184
505 1522
505 1615
505 1863
505 1900
505 2130
506 888
506 1050
506 2137
507 657
507 829
507 873
507 1287
507 1325
508 963
508 1325
508 1351
508 1357
508 1832
509 821
509 1049
509 1410
509 1556
509 1942
509 2062
510 658
510 798
510 878
510 1082
510 1119
510 1221
510 1234
510 1355
510 1464
510 1516
510 1528
510 1557
510 1628
510 2000
510 2003
511 615
511 1382
511 1702
511 1927
512 915
512 1257
512 1715
512 1942
512 2079
513 1159
513 1170
513 1251
513 1255
514 1043
514 1546
514 1682
514 1754
515 747
515 1155
515 1191
515 1353
515 1809
516 1088
516 1132
516 1366
516 1734
516 1776
516 2058
517 542
517 723
517 1202
517 1391
517 1558
518 536
518 540
518 551
518 552
518 564
518 634
518 702
518 750
518 827
518 902
518 1156
518 1339
518 1350
518 1401
518 1535
518 1706
518 1895
518 2119
519 919
519 1028
519 1088
519 1449
519 2058
520 928
520 1437
520 1945
521 783
521 919
521 1043
521 1300
521 1901
522 535
522 624
522 692
522 766
522 813
522 975
522 1310
522 1331
522 1371
522 1377
522 1383
522 1406
522 1564
522 1642
522 1667
522 1668
522 1704
522 1705
522 1834
522 1918
522 1921
522 1933
522 2025
523 554
523 691
523 1159
523 1577
523 1597
524 570
524 1636
525 1132
525 1186
525 1410
525 1712
525 2062
526 674
526 865
526 1071
526 1276
526 1591
526 2034
527 825
527 1276
527 1650
527 2092
528 789
528 950
528 1719
528 1988
529 596
529 728
529 1132
529 1261
529 1524
529 1712
530 1419
530 1422
530 1833
531 608
531 1172
531 1491
531 1664
531 1957
532 904
532 1200
532 1302
532 1892
533 865
533 1155
533 2034
533 2065
534 1121
534 1293
534 1980
534 2057
535 715
535 1616
535 1665
536 915
536 1715
536 1992
536 2022
537 562
537 583
537 1074
537 1428
537 2049
538 608
538 1577
538 1597
538 1719
538 1794
539 1197
539 1202
539 1550
539 1644
539 2002
540 562
540 662
540 1428
540 1637
540 2068
541 615
541 825
541 1382
541 1837
541 1927
542 669
542 712
542 779
542 804
542 839
542 871
542 984
542 1081
542 1184
542 1190
542 1260
542 1292
542 1900
542 1902
542 1908
543 883
543 1596
543 1607
543 1707
543 1779
543 1882
544 751
544 1074
544 1358
544 1451
544 2046
545 583
545 745
545 1370
545 1619
545 1962
545 2049
546 954
546 1200
546 1289
546 1754
546 1839
547 745
547 1049
547 1672
547 1912
548 585
548 808
548 882
548 1000
548 1347
549 617
549 904
549 1554
549 2148
550 1508
550 1577
550 1597
550 1750
550 1968
551 1008
551 1715
551 1775
551 2022
552 1276
552 1370
552 1591
552 2022
553 1471
553 1709
553 1961
554 742
554 886
554 978
554 1135
554 1137
554 1312
554 1455
554 1565
554 1601
554 1624
554 1684
554 1745
554 1824
554 1971
554 2029
554 2048
554 2051
555 566
555 978
555 993
555 1054
555 1180
555 1214
555 1363
555 1430
555 1497
555 1503
555 1601
555 1643
555 1697
555 1883
555 1925
555 2028
555 2036
555 2048
556 708
556 961
556 1394
556 1518
557 784
557 789
557 1116
557 1620
557 1632
558 1028
558 1300
558 1672
558 1866
558 2138
559 982
559 1129
559 1225
559 1588
559 1632
560 569
560 1471
560 1682
560 1754
560 2002
561 659
561 781
561 979
561 1038
561 1058
561 1254
561 1337
561 1408
561 1412
561 1514
561 1582
561 1827
561 1849
561 1874
561 1905
561 1910
561 2039
561 2142
561 2155
562 744
562 881
562 1113
562 1158
562 1278
562 1493
562 1764
562 1825
562 1843
562 1922
562 2119
562 2135
562 2156
563 657
563 1325
563 1613
564 784
564 1014
564 1620
564 2068
565 1255
565 1428
565 1449
565 1672
565 1866
566 570
566 617
566 2012
567 608
567 1418
567 1588
567 1633
567 1957
568 617
568 904
568 1554
568 2148
569 672
569 712
569 817
569 839
569 1335
569 1362
569 1446
569 1673
569 1757
569 1786
569 1908
569 1930
569 1973
569 1990
569 2018
570 592
570 849
570 851
570 1054
570 1236
570 1625
570 1847
570 1887
570 1888
570 1907
570 1925
570 1973
570 2011
570 2028
571 1014
571 1379
571 1620
571 2022
571 2068
572 617
572 1341
572 1366
573 858
573 1471
573 2037
573 2088
574 1132
574 1418
574 1633
574 1750
574 1776
575 728
575 916
575 1524
575 1712
575 1776
576 639
576 909
576 912
576 973
576 1044
576 1052
576 1123
576 1152
576 1174
576 1201
576 1217
576 1266
576 1314
576 1395
576 1434
576 1454
576 1563
576 1873
576 1920
576 2159
577 1435
577 1596
577 1815
577 2088
578 673
578 1005
578 1444
578 1636
578 1937
579 1102
579 1268
579 1324
579 1333
580 746
580 1170
580 1257
580 2079
581 674
581 728
581 1071
581 1261
581 1607
581 1958
582 728
582 825
582 1546
582 1927
583 720
583 790
583 824
583 881
583 892
583 1144
583 1265
583 1282
583 1487
583 1536
583 1683
583 1800
583 1821
583 1934
583 1940
584 691
584 701
584 722
584 1451
584 2046
585 659
585 760
585 822
585 995
585 1038
585 1254
585 1429
585 1514
585 1752
585 1870
585 1874
585 1905
585 1910
585 1969
585 2039
585 2073
585 2076
585 2142
586 796
586 1008
586 1715
586 1999
587 668
587 671
587 761
587 851
587 1135
587 1236
587 1387
587 1399
587 1411
587 1455
587 1467
587 1530
587 1571
587 1646
587 1745
587 1847
587 2019
587 2031
587 2083
587 2103
588 1323
588 1351
588 1357
588 1664
589 833
589 1226
589 1318
589 1491
589 1664
590 888
590 1050
590 1136
590 1445
590 1604
591 758
591 883
591 1162
591 1534
591 1596
592 964
592 1460
593 682
593 1276
593 1410
593 1650
593 1901
593 2134
594 888
594 1050
594 1445
594 1604
595 858
595 1074
595 1162
595 1651
595 2037
596 643
596 668
596 671
596 846
596 910
596 1067
596 1084
596 1316
596 1443
596 1467
596 1735
596 1807
596 1808
596 1906
596 1916
596 1923
596 2052
597 673
597 1005
597 1518
597 1622
598 1341
598 1366
598 1592
598 1781
599 1418
599 1633
599 1712
599 1776
600 1018
600 1379
600 1382
600 1620
600 2092
601 954
601 1018
601 1043
601 1754
602 685
602 693
602 863
602 1955
602 2113
603 789
603 950
603 1988
604 882
604 1000
604 1318
605 945
605 1633
605 1712
605 1750
605 1776
606 928
606 1033
606 1437
606 1709
606 1739
607 1169
607 1419
607 1726
608 655
608 698
608 700
608 834
608 905
608 1294
608 1381
608 1392
608 1641
608 1647
608 1950
608 1954
608 2082
608 2096
608 2109
608 2146
609 674
609 708
609 1071
609 1518
609 1955
610 665
610 805
610 829
610 991
610 1815
611 789
611 950
611 1719
612 640
612 1023
612 1452
612 1550
613 732
613 770
613 853
613 966
613 993
613 1176
613 1214
613 1227
613 1242
613 1430
613 1523
613 1537
613 1614
613 1710
613 2005
613 2060
613 2087
614 736
614 906
614 1025
614 1041
614 1044
614 1086
614 1174
614 1280
614 1395
614 1396
614 1442
614 1499
614 1746
614 1768
614 1836
614 1977
614 1991
614 2143
614 2159
615 628
615 645
615 661
615 740
615 801
615 886
615 978
615 1009
615 1204
615 1363
615 1398
615 1413
615 1643
615 1695
615 1738
615 1824
615 1852
615 1857
615 1913
615 2048
615 2066
615 2080
616 1191
616 1353
616 1677
616 1809
616 2065
617 633
617 812
617 914
617 951
617 1054
617 1249
617 1566
617 1603
617 1609
617 1762
617 1907
617 1925
617 1939
617 2120
618 865
618 1155
618 2065
619 841
619 1270
619 1550
619 1644
620 825
620 1276
620 1382
620 1591
620 2092
621 883
621 1031
621 1435
621 1546
621 1903
622 964
622 1390
622 1577
622 1597
623 629
623 933
623 1833
624 715
624 723
624 1155
624 1558
624 2065
625 815
625 1005
625 1020
625 1518
625 1622
626 640
626 1023
626 1191
627 738
627 780
627 887
627 972
627 1092
627 1227
627 1281
627 1297
627 1441
627 1447
627 1502
627 1537
627 1567
627 1675
627 1841
627 2087
628 904
628 1451
628 1837
628 2046
629 678
629 704
629 909
629 1123
629 1152
629 1174
629 1217
629 1266
629 1290
629 1395
629 1563
629 1573
629 1873
629 2151
630 760
630 906
630 1076
630 1337
630 1396
630 1493
630 1568
630 1628
630 1746
630 1768
630 1825
630 1830
630 1874
630 2003
630 2070
630 2135
631 1257
631 1471
631 2079
632 758
632 829
632 1651
632 1892
633 1341
633 1734
634 745
634 1276
634 1370
634 1591
634 2068
635 988
635 1619
635 1691
636 928
636 1202
636 1437
637 767
637 840
637 1102
637 1637
638 1419
638 1422
638 1726
638 1955
639 933
639 2088
640 749
640 826
640 846
640 855
640 1034
640 1057
640 1128
640 1222
640 1296
640 1662
640 1681
640 1753
640 1807
640 1924
640 2027
641 751
641 974
641 1478
641 1708
641 2057
642 662
642 840
642 1088
642 1414
642 2058
642 2137
643 665
643 950
643 1524
644 784
644 1379
644 1382
644 1546
645 904
645 1451
645 1837
646 1020
646 1268
646 1333
646 1775
647 1471
647 1739
647 1961
648 1268
648 1333
648 1775
648 1992
649 1121
649 1293
649 1340
649 1390
649 1980
649 2057
650 701
650 841
650 1074
650 1495
650 1626
650 1987
651 728
651 825
651 1018
651 1261
652 1000
652 1286
652 1318
653 1172
653 1289
653 1498
653 1839
653 2026
654 1129
654 1261
654 1707
654 1859
655 747
655 1677
655 1911
655 1957
656 682
656 821
656 1049
656 1912
656 1942
656 2062
657 675
657 696
657 727
657 793
657 941
657 960
657 1013
657 1196
657 1209
657 1321
657 1376
657 1488
657 1580
657 1659
657 1755
657 1993
657 2023
657 2033
657 2101
658 833
658 1318
658 1323
658 1491
659 808
659 882
659 1286
659 1347
660 783
660 1276
660 1410
660 1591
660 1901
660 2062
661 1116
661 1225
661 1347
661 1702
661 2157
662 702
662 730
662 854
662 1156
662 1158
662 1328
662 1489
662 1490
662 1519
662 1599
662 1804
662 1813
662 1872
662 1986
662 2064
662 2086
662 2110
663 784
663 1225
663 1620
663 1632
664 767
664 988
664 1014
664 1050
664 2144
665 891
665 907
665 927
665 1004
665 1079
665 1099
665 1295
665 1330
665 1420
665 1443
665 1486
665 1517
665 1810
665 1923
665 1994
665 2041
666 954
666 1018
666 1043
666 1546
666 1754
667 1088
667 1327
667 2138
668 693
668 916
668 1871
668 2074
669 723
669 1202
669 1391
669 1911
669 2112
670 701
670 708
670 829
670 1622
671 685
671 693
671 916
671 1107
672 954
672 1471
672 1754
672 2002
673 1112
673 1193
673 1233
673 1284
673 1296
673 1372
673 1479
673 1497
673 1586
673 1658
673 1681
673 1842
673 1868
673 1883
673 2036
673 2038
673 2158
674 713
674 743
674 761
674 920
674 987
674 1154
674 1219
674 1315
674 1387
674 1416
674 1540
674 1560
674 1926
674 1997
674 2083
674 2122
675 816
675 963
675 1325
675 1351
675 1357
676 841
676 1033
676 1270
676 1644
677 863
677 1510
677 1691
677 1750
677 1962
678 933
678 1340
678 1911
678 1980
679 815
679 1005
679 1338
679 1444
679 1636
680 840
680 867
680 1637
680 1975
680 2091
681 882
681 1136
681 1286
682 714
682 775
682 958
682 959
682 1258
682 1425
682 1458
682 1792
682 1848
682 1879
682 1974
682 1978
682 2118
683 945
683 1351
683 1357
683 1418
683 1556
683 1912
684 1270
684 1325
684 1495
684 1832
685 709
685 733
685 790
685 986
685 1138
685 1144
685 1282
685 1399
685 1499
685 1656
685 1862
685 1906
685 1934
685 2031
685 2052
685 2143
686 758
686 1268
686 1554
686 1651
686 1714
686 2148
687 691
687 701
687 722
687 1451
687 1626
688 1191
688 1338
688 1353
688 1677
688 1937
689 1020
689 1333
689 1714
689 1775
689 1992
690 988
690 1691
690 1962
691 969
691 978
691 1095
691 1137
691 1309
691 1312
691 1363
691 1411
691 1643
691 1745
691 1824
691 2045
691 2103
691 2123
692 1043
692 1342
692 1927
693 709
693 733
693 759
693 892
693 1144
693 1265
693 1280
693 1399
693 1467
693 1481
693 1585
693 1862
693 1934
693 1976
693 2052
693 2149
694 888
694 1414
695 751
695 1172
695 1358
695 1556
695 1912
696 797
696 1832
697 1121
697 1340
697 2057
698 945
698 1129
698 1418
698 1588
698 1957
699 701
699 1287
699 1518
699 1622
700 1172
700 1323
700 1664
700 1957
701 720
701 773
701 948
701 1061
701 1137
701 1247
701 1624
701 1649
701 1688
701 1698
701 1864
701 1940
701 1971
701 1996
702 1428
702 1637
702 2022
703 813
703 814
703 860
703 874
703 936
703 984
703 1081
703 1184
703 1195
703 1336
703 1383
703 1386
703 1475
703 1668
703 1690
703 1921
703 1972
703 1983
703 2095
703 2114
703 2125
704 933
704 1043
704 1341
704 1734
705 816
705 1116
705 1632
706 739
706 802
706 838
706 921
706 935
706 970
706 1006
706 1015
706 1264
706 1587
706 1765
706 1851
706 1856
706 1960
706 2093
707 1200
707 1892
708 764
708 765
708 1193
708 1315
708 1469
708 1540
708 1669
708 1688
708 1698
708 1765
708 1780
708 1868
708 1960
708 1995
708 2038
709 1510
709 1726
709 2113
710 728
710 1129
710 1779
710 1859
711 883
711 1435
711 1607
711 1707
711 1779
711 1958
712 1550
712 1644
712 2002
713 1071
713 1518
713 1622
713 1726
714 1186
714 1410
714 1534
714 1712
714 1776
715 716
715 755
715 766
715 777
715 813
715 850
715 884
715 1310
715 1331
715 1406
715 1642
715 1667
715 1668
715 1704
715 1747
715 1933
715 1938
715 2095
715 2125
716 1155
716 1342
716 1558
716 2065
716 2112
717 1018
717 1261
717 1546
717 1927
718 1550
718 1559
718 1815
718 1956
719 1172
719 1186
719 1534
720 845
720 1882
720 1958
721 751
721 1074
721 1451
721 1478
721 1987
722 742
722 886
722 969
722 1095
722 1135
722 1309
722 1363
722 1411
722 1455
722 1565
722 1601
722 1624
722 1643
722 1684
722 1971
722 2029
722 2045
722 2048
722 2051
722 2103
722 2123
723 729
723 798
723 1010
723 1022
723 1371
723 1402
723 1642
723 1696
723 1938
723 1947
723 2042
723 2130
724 1702
724 1837
724 1927
724 2092
725 758
725 1287
725 1651
725 1892
725 1999
726 867
726 991
726 1200
726 1763
727 797
727 1613
727 1832
728 743
728 819
728 830
728 910
728 947
728 1067
728 1124
728 1307
728 1598
728 1860
728 2006
728 2099
729 1439
729 1554
729 1558
729 2089
729 2148
730 1327
730 1414
730 1637
730 2058
730 2137
731 904
731 1200
731 1892
731 1999
732 1333
732 1714
732 2046
733 1463
733 1769
733 1796
733 2097
734 873
734 1719
735 776
735 791
735 859
735 1012
735 1097
735 1246
735 1312
735 1381
735 1561
735 1639
735 1654
735 1684
735 1728
735 1835
735 1954
735 2029
735 2045
735 2081
735 2109
735 2123
735 2146
736 1121
736 1293
736 1606
736 1796
737 789
737 950
737 1719
738 1471
738 2037
738 2088
739 746
739 1293
739 1394
739 1694
740 1382
740 1837
740 1927
740 2092
741 747
741 982
741 1559
741 1677
741 1701
741 1956
742 1389
742 1577
742 1597
743 1261
743 1882
743 1958
744 1255
744 1449
744 1866
745 750
745 771
745 870
745 875
745 879
745 894
745 1041
745 1055
745 1086
745 1339
745 1401
745 1436
745 1442
745 1487
745 1683
745 1800
745 1991
746 754
746 818
746 836
746 852
746 921
746 1335
746 1670
746 1673
746 1757
746 1760
746 1928
746 1970
746 1990
746 2014
747 768
747 799
747 905
747 1148
747 1245
747 1250
747 1273
747 1303
747 1334
747 1349
747 1359
747 1392
747 1457
747 1676
747 2140
748 883
748 1596
748 1607
748 1779
748 1859
748 1958
749 1023
749 1191
750 1591
750 1650
750 2068
751 876
751 1011
751 1153
751 1218
751 1277
751 1291
751 1417
751 1610
751 1621
751 1791
751 2000
751 2126
752 796
752 919
752 1300
753 863
753 964
753 1414
753 2113
753 2137
754 961
754 1121
754 1394
754 1694
755 825
755 1043
755 1342
756 915
756 1008
756 1257
756 1942
756 2115
757 885
757 1049
757 1351
757 1418
757 1633
757 1912
758 862
758 968
758 994
758 1030
758 1040
758 1069
758 1092
758 1111
758 1447
758 1548
758 1605
758 1917
759 1510
759 1955
759 2074
759 2113
760 1606
761 1071
761 1779
761 1859
761 1871
762 875
762 1039
762 1086
762 1106
762 1306
762 1378
762 1442
762 1543
762 1583
762 1699
762 1778
762 1817
762 1836
762 1880
762 1991
762 2009
762 2053
763 867
763 1255
763 1319
763 1763
763 2097
764 815
764 1005
764 1518
765 1071
765 1518
765 1726
766 825
766 1043
766 1927
767 780
767 868
767 942
767 965
767 996
767 1026
767 1070
767 1122
767 1238
767 1441
767 1461
767 1545
767 1593
767 1813
767 1986
767 1989
767 2086
767 2147
768 982
768 1559
768 1645
768 1677
769 784
769 789
769 1116
769 1225
769 1620
770 1268
770 1451
770 1714
770 2046
771 1049
771 1556
771 1672
771 1866
772 1619
772 1691
773 841
773 1074
773 1270
773 1987
774 805
774 1287
774 1815
775 1132
775 1186
775 1410
775 1776
776 964
776 1390
776 1460
776 1577
777 1342
777 1665
778 1169
778 1422
778 1726
778 1955
779 928
779 1139
779 1616
780 805
780 858
780 2144
781 1323
781 1439
781 1664
781 2089
782 904
782 1302
782 1892
783 890
783 893
783 1104
783 1117
783 1168
783 1232
783 1373
783 1438
783 1572
783 1700
783 1731
783 1848
783 1893
783 1904
784 795
784 847
784 864
784 902
784 1164
784 1192
784 1356
784 1453
784 1703
784 1740
784 1742
784 1814
784 1877
784 2044
785 1781
785 2079
785 2115
786 1197
786 2002
786 2012
786 2034
787 789
787 1324
787 1903
788 1559
788 1645
788 1833
789 925
789 1062
789 1075
789 1105
789 1164
789 1224
789 1269
789 1361
789 1477
789 1758
789 1877
789 1891
789 1984
789 2001
790 845
790 1414
790 2074
791 964
791 1577
791 2057
792 873
792 900
792 1988
793 829
793 900
793 1287
793 1832
794 898
794 1200
794 1498
794 1500
794 2026
795 1018
795 1382
795 1620
796 856
796 922
796 1001
796 1216
796 1288
796 1346
796 1348
796 1369
796 1501
796 1575
796 1627
796 1732
796 1788
796 1855
796 1890
796 1915
796 1966
796 2047
797 977
797 1060
797 1151
797 1209
797 1321
797 1322
797 1375
797 1583
797 1617
797 1661
797 1767
797 1793
797 1797
797 1819
797 1936
797 2024
797 2136
798 833
798 1169
798 1419
798 2112
799 1155
799 1191
799 1677
799 2065
800 1338
800 1340
800 1444
800 2057
801 825
801 1702
801 1927
801 2092
802 961
802 1452
802 1518
802 1622
803 821
803 1410
803 1556
803 1912
803 2062
804 1197
804 1644
804 2002
805 868
805 927
805 1090
805 1120
805 1143
805 1178
805 1215
805 1335
805 1362
805 1527
805 1680
805 1757
805 1841
805 1928
805 1990
805 1994
806 815
806 873
806 900
806 1005
806 1500
806 1533
807 1616
807 1619
807 1962
808 826
808 846
808 989
808 995
808 1035
808 1084
808 1146
808 1204
808 1413
808 1459
808 1541
808 1623
808 1789
808 1807
808 1849
808 1852
808 1857
808 1944
808 2039
808 2155
809 954
809 1018
809 1682
810 1255
810 1319
810 1763
810 1769
810 2091
811 845
811 1607
811 1626
811 1958
811 2049
812 1636
812 2012
813 841
813 1270
813 1466
814 1033
814 1466
814 1665
815 1016
815 1034
815 1128
815 1180
815 1193
815 1233
815 1284
815 1296
815 1479
815 1484
815 1669
815 1681
815 1842
815 2036
815 2038
815 2158
816 897
816 934
816 1019
816 1056
816 1127
816 1179
816 1187
816 1196
816 1374
816 1426
816 1432
816 1542
816 1578
816 1652
816 1820
816 2015
816 2033
816 2132
817 1197
817 1202
817 1644
818 1251
818 1257
818 1694
818 2115
819 1018
819 1927
820 863
820 1619
820 1750
820 1962
820 2113
821 1017
821 1173
821 1182
821 1482
821 1494
821 1531
821 1771
821 1777
821 1792
821 1861
821 1978
821 2010
821 2139
822 1439
822 1491
822 1664
822 1773
823 919
823 1028
823 1866
823 2138
824 1428
824 1987
824 2049
825 975
825 1150
825 1175
825 1220
825 1307
825 1462
825 1564
825 1695
825 1704
825 1729
825 1741
825 1949
825 2006
825 2066
826 916
826 1524
826 1963
826 2157
827 915
827 1008
827 1775
827 1992
827 2022
828 1172
828 1534
829 927
829 1029
829 1042
829 1061
829 1134
829 1267
829 1486
829 1548
829 1688
829 1780
829 1822
829 1844
829 1994
829 2023
830 1129
830 1261
830 1588
830 1779
830 1859
831 867
831 1255
831 1449
831 1763
831 1769
831 2097
832 928
832 1139
832 1616
832 1945
833 878
833 1010
833 1119
833 1221
833 1234
833 1417
833 1464
833 1568
833 1610
833 1846
833 2000
833 2003
834 1129
834 1418
834 1633
834 1794
835 885
835 945
835 1049
835 1351
835 1418
835 1556
836 1391
836 1508
836 1694
836 1968
837 1200
837 1302
837 1892
837 1999
838 867
838 1394
838 1869
838 2091
839 1202
839 1644
839 2002
840 842
840 854
840 908
840 942
840 1156
840 1158
840 1489
840 1761
840 1804
840 1872
840 1876
840 1986
840 2064
840 2119
841 866
841 960
841 1125
841 1247
841 1310
841 1383
841 1400
841 1427
841 1431
841 1480
841 1520
841 1580
841 1649
841 1659
841 1705
841 2095
841 2125
842 1088
842 1327
842 1414
842 1637
842 2137
843 982
843 1136
843 1534
844 1121
844 1169
844 1422
845 870
845 879
845 892
845 948
845 1144
845 1487
845 1536
845 1585
845 1656
845 1683
845 1821
845 1862
845 1864
845 1922
845 2156
846 1347
846 1524
846 1963
847 1379
847 1505
847 1903
848 1050
848 1505
848 1707
848 1779
849 964
849 1033
849 1460
849 2012
850 1270
850 1342
850 1456
850 1466
850 1495
851 1107
851 1382
851 2012
852 1391
852 1694
852 1911
852 1968
853 1268
853 1451
853 1714
854 1327
854 2058
854 2137
855 1963
856 1002
856 1008
856 1715
856 1892
857 961
857 1293
857 1394
857 1694
858 868
858 887
858 968
858 972
858 1030
858 1092
858 1120
858 1227
858 1238
858 1281
858 1297
858 1441
858 1523
858 1537
858 1727
858 1841
858 1854
858 1865
858 2005
859 1577
859 1719
859 1794
859 1957
860 1289
860 1409
860 1466
861 964
861 1033
861 2012
862 1162
862 1287
862 1892
863 986
863 1006
863 1015
863 1063
863 1080
863 1305
863 1344
863 1481
863 1717
863 1851
863 1878
863 2078
863 2104
863 2150
864 1116
864 1225
864 1379
865 969
865 1154
865 1177
865 1219
865 1231
865 1364
865 1388
865 1446
865 1455
865 1745
865 1888
865 1926
865 1973
865 2051
865 2103
866 1033
866 1270
866 1550
867 908
867 935
867 970
867 1090
867 1143
867 1178
867 1241
867 1264
867 1490
867 1532
867 1569
867 1674
867 1680
867 1872
867 2110
868 991
868 2037
869 1293
869 1340
869 1980
869 2057
870 1691
870 1962
870 2049
871 1139
871 1437
872 883
872 1018
872 1031
872 1596
872 1903
873 924
873 992
873 1016
873 1029
873 1134
873 1203
873 1207
873 1210
873 1233
873 1284
873 1372
873 1376
873 1586
873 1718
873 1755
874 954
874 1202
874 1456
874 1682
875 1463
875 1498
875 1796
876 1049
876 1358
876 1912
877 888
877 1014
877 1050
877 2144
878 1169
878 1422
878 1558
878 2112
879 1370
879 1619
879 1691
879 2049
880 1353
880 1444
880 1677
880 1937
881 1074
881 1987
881 2049
882 903
882 983
882 1006
882 1015
882 1059
882 1118
882 1408
882 1587
882 1849
882 1850
882 2039
882 2104
882 2129
883 895
883 907
883 946
883 994
883 1004
883 1069
883 1100
883 1108
883 1166
883 1167
883 1295
883 1759
883 1782
884 1342
884 1616
884 1665
885 1024
885 1058
885 1115
885 1147
885 1196
885 1213
885 1254
885 1259
885 1426
885 1539
885 1678
885 1692
885 1733
885 1752
885 1870
885 1993
885 2101
885 2142
886 1636
886 1702
888 917
888 951
888 965
888 1101
888 1249
888 1298
888 1404
888 1545
888 1914
888 1989
888 2098
888 2120
888 2147
889 904
889 1554
889 1935
890 1592
890 1901
890 1999
891 916
891 1524
891 1815
892 1414
892 2074
892 2137
893 919
893 1028
893 1901
894 1370
894 1463
894 1498
894 1796
894 2026
895 1018
895 1031
895 1435
895 1546
896 898
896 1200
896 1302
896 1498
896 1533
896 2026
897 963
897 1445
897 1500
897 1533
898 934
898 1016
898 1085
898 1127
898 1179
898 1284
898 1372
898 1384
898 1432
898 1484
898 1586
898 1685
898 1778
898 1817
898 1840
898 1867
898 1880
898 2009
899 1257
899 1592
899 2115
900 924
900 1134
900 1141
900 1207
900 1210
900 1284
900 1376
900 1484
900 1586
900 1611
900 1658
900 1718
900 1774
900 1811
900 1853
900 1909
900 2016
900 2023
901 1340
901 1968
901 1980
902 988
902 1014
902 1620
902 2022
903 950
903 1000
903 1445
904 931
904 962
904 1393
904 1716
904 1738
904 1823
904 1875
904 2055
904 2080
905 1353
905 1794
905 1911
906 1293
906 1796
907 1435
908 1637
908 1763
910 1132
910 1524
910 1776
911 961
911 1394
911 1452
911 1518
911 1622
912 933
912 1340
912 1391
912 1911
913 1439
913 1558
913 1935
913 2089
913 2112
913 2148
914 1935
914 2148
915 1017
915 1350
915 1438
915 1501
915 1531
915 1547
915 1788
915 1805
915 1893
915 1915
915 1932
915 2008
916 1067
916 1084
916 1099
916 1165
916 1222
916 1399
916 1807
916 1808
916 1906
916 1916
916 1923
916 1944
916 2031
916 2099
916 2116
916 2149
917 1050
917 1136
918 1020
918 1268
918 1714
918 1992
919 1160
919 1198
919 1216
919 1232
919 1262
919 1320
919 1403
919 1575
919 1595
919 1627
919 1638
919 1687
919 1766
919 1845
919 1858
920 1591
920 1650
920 2034
921 961
921 1121
921 1293
921 1694
922 1289
922 1739
922 1839
922 1961
923 1018
923 1031
923 1435
923 1546
923 1596
923 1903
924 1159
924 1389
924 1882
924 1958
925 1988
926 1414
926 1460
926 1510
926 2113
928 955
928 1021
928 1223
928 1272
928 1346
928 1348
928 1369
928 1473
928 1615
928 1770
928 1898
928 1941
928 2047
928 2121
929 1200
929 1289
929 1302
929 1682
929 1754
929 1839
930 954
930 1043
930 1546
930 1682
931 1702
931 1837
931 2046
932 950
932 1452
932 1781
933 973
933 1044
933 1052
933 1201
933 1290
933 1314
933 1434
933 1454
933 1573
933 1920
933 2151
933 2159
934 963
934 1136
934 1445
934 1500
935 1324
935 1394
935 1763
936 1033
936 1456
936 1665
937 945
937 1418
937 1552
937 1708
938 1102
938 1773
938 1866
938 2089
939 1074
939 1358
939 1451
939 1478
940 1366
940 1734
941 1270
941 1325
941 1495
941 1975
942 1102
942 1637
942 2059
942 2144
943 1444
943 1645
943 1937
943 1956
943 1988
944 1129
944 1410
944 1588
944 2062
945 997
945 1087
945 1115
945 1147
945 1294
945 1423
945 1483
945 1647
945 1648
945 1733
945 1751
946 1162
946 1186
946 1435
946 1534
946 1651
947 1129
947 1261
947 1707
947 1779
948 1626
948 1882
948 1958
948 2049
949 1389
949 1769
949 1775
949 2097
950 952
950 983
950 1007
950 1066
950 1099
950 1149
950 1165
950 1443
950 1850
950 1896
950 1916
950 1923
950 1998
950 2061
950 2129
951 2137
952 1000
952 1136
952 1286
952 1445
953 1726
953 1942
953 1945
954 981
954 1047
954 1053
954 1081
954 1161
954 1365
954 1465
954 1468
954 1640
954 1900
954 1902
954 2018
955 1002
955 1139
956 1324
956 1352
956 1869
956 1945
957 1023
957 1963
958 1410
958 1588
958 2138
959 1049
959 1410
959 1556
959 1942
960 1325
960 1495
960 1975
961 970
961 1015
961 1264
961 1532
961 1569
961 1587
961 1756
961 1970
961 1995
961 2093
961 2104
962 1534
963 1056
963 1179
963 1183
963 1196
963 1256
963 1384
963 1578
963 1652
963 1820
963 1867
963 1993
963 2015
963 2101
963 2108
964 1012
964 1019
964 1056
964 1063
964 1256
964 1728
964 1878
964 1887
964 2011
964 2150
965 988
966 1268
966 1333
966 1451
966 2046
967 1102
967 1268
967 1324
967 1333
967 1869
967 2059
968 1651
968 1987
968 2037
969 1107
969 1871
969 2034
970 1324
970 1763
970 1869
971 1162
971 1333
971 1651
971 1714
971 1935
971 2148
972 1471
972 2088
973 1366
973 1734
974 1051
974 1076
974 1119
974 1153
974 1417
974 1483
974 1516
974 1610
974 1648
974 1825
974 2000
974 2070
974 2126
974 2133
975 1043
975 1342
975 1927
976 1023
976 1191
976 1963
977 1170
977 1439
977 1773
978 1636
978 1702
979 1351
979 1357
979 1505
980 1449
980 1763
980 1769
980 2091
980 2097
981 1197
981 1471
981 1682
981 2002
982 993
982 1094
982 1214
982 1263
982 1273
982 1359
982 1503
982 1614
982 1713
982 1724
982 2124
982 2131
983 1286
983 1445
984 1202
984 1456
984 1682
984 1754
985 1257
985 1471
985 1665
985 2115
986 1726
986 2074
986 2113
987 1261
987 1607
987 1882
988 1085
988 1237
988 1243
988 1453
988 1602
988 1671
988 1685
988 1706
988 1895
988 1989
988 2007
988 2147
989 1903
989 2157
990 1018
990 1043
990 1682
990 1754
991 1143
991 1178
991 1215
991 1238
991 1441
991 1486
991 1527
991 1673
991 1675
991 1757
991 1786
991 1810
991 1822
991 1841
991 1990
992 1750
992 1988
993 1636
994 1435
994 1534
994 1651
995 1000
995 1286
995 2157
996 1665
996 1968
997 1132
997 1418
997 1750
997 1776
998 1170
998 1251
998 1694
998 2079
998 2115
999 1121
999 1169
999 1293
999 1419
1000 1006
1000 1036
1000 1066
1000 1118
1000 1408
1000 1587
1000 1756
1000 1851
1000 2039
1000 2129
1000 2155
1001 1028
1001 1300
1001 1833
1002 1142
1002 1211
1002 1216
1002 1223
1002 1244
1002 1346
1002 1367
1002 1369
1002 1547
1002 1575
1002 1687
1002 1732
1002 1766
1002 1790
1002 1826
1002 1855
1002 1915
1003 1293
1003 1340
1003 1390
1003 2057
1004 1596
1004 1815
1004 2088
1005 1016
1005 1034
1005 1112
1005 1128
1005 1180
1005 1372
1005 1484
1005 1497
1005 1586
1005 1658
1005 1669
1005 1868
1005 1883
1006 1394
1006 2113
1007 1452
1007 1592
1008 1350
1008 1367
1008 1397
1008 1470
1008 1700
1008 1771
1008 1788
1008 1805
1008 1915
1008 1952
1009 1225
1009 1347
1009 1632
1009 1837
1009 2157
1010 1226
1010 1419
1010 1422
1010 2112
1011 1390
1011 1478
1011 1552
1011 1708
1012 1460
1012 1597
1012 2057
1013 1270
1013 1495
1013 1832
1013 1975
1014 1085
1014 1461
1014 1545
1014 1574
1014 1602
1014 1679
1014 1706
1014 1840
1014 1929
1014 2007
1014 2147
1015 1286
1015 1510
1016 1533
1017 1257
1017 1715
1017 1942
1017 2115
1018 1192
1018 1307
1018 1356
1018 1468
1018 1722
1018 1729
1018 1782
1018 2006
1018 2067
1019 1155
1019 1460
1019 1809
1020 1035
1020 1146
1020 1253
1020 1509
1020 1541
1020 1542
1020 1578
1020 1652
1020 1669
1020 1789
1020 1842
1020 1868
1020 2030
1020 2038
1020 2132
1021 1139
1021 1352
1021 1616
1021 1945
1022 1554
1022 1773
1022 2089
1022 2112
1022 2148
1023 1057
1023 1084
1023 1112
1023 1128
1023 1222
1023 1296
1023 1301
1023 1479
1023 1581
1023 1735
1023 1807
1023 1886
1023 1924
1023 1944
1023 2027
1023 2056
1024 1191
1024 1323
1024 1357
1024 1664
1025 1370
1025 1463
1025 1498
1025 2026
1026 1508
1026 1665
1026 1968
1026 2144
1027 1508
1027 1694
1027 1911
1027 1968
1028 1104
1028 1140
1028 1160
1028 1216
1028 1232
1028 1320
1028 1403
1028 1590
1028 1627
1028 1638
1028 1660
1028 1766
1028 1790
1028 1798
1028 1904
1028 1967
1029 1325
1029 1832
1030 1074
1030 1162
1030 1987
1030 2037
1031 1035
1031 1105
1031 1130
1031 1146
1031 1167
1031 1224
1031 1551
1031 1630
1031 1663
1031 1703
1031 1740
1031 1789
1031 1814
1031 1881
1031 2067
1032 1719
1033 1125
1033 1185
1033 1272
1033 1427
1033 1492
1033 1690
1033 1770
1033 1887
1033 1899
1033 2004
1034 1352
1034 1945
1034 1963
1035 1347
1036 1286
1036 1445
1037 1088
1037 2058
1038 1323
1038 1439
1038 1664
1038 1773
1039 1172
1039 1289
1039 1409
1039 1498
1040 1162
1040 1333
1040 1554
1040 1714
1040 2148
1041 1498
1041 1796
1041 2026
1042 1162
1042 1287
1042 1651
1042 1892
1043 1104
1043 1198
1043 1217
1043 1232
1043 1468
1043 1638
1043 1704
1043 1747
1043 1904
1043 1920
1044 1251
1044 1463
1045 1074
1045 1358
1045 1451
1045 1478
1045 1987
1045 2046
1046 1341
1046 1366
1046 1604
1046 1781
1047 1289
1047 1302
1047 1682
1047 1839
1048 1769
1048 1942
1048 2097
1048 2138
1049 1055
1049 1072
1049 1115
1049 1291
1049 1472
1049 1733
1049 1791
1049 1951
1049 1964
1049 1978
1049 2021
1050 1064
1050 1237
1050 1461
1050 1603
1050 1885
1050 1989
1050 2077
1050 2098
1050 2120
1050 2147
1051 1358
1051 1390
1051 1478
1051 1708
1052 1911
1052 1980
1053 1289
1053 1302
1053 1409
1053 1754
1054 1636
1055 1370
1055 1672
1055 1866
1055 1912
1056 1155
1056 2065
1057 1452
1057 1550
1057 1644
1058 1351
1058 1505
1059 1286
1059 1318
1060 1554
1060 1613
1060 2148
1061 1518
1061 1622
1061 1626
1062 1340
1062 1508
1063 1414
1063 1510
1064 1505
1064 1707
1064 1859
1065 1251
1065 1257
1065 1694
1065 2079
1066 1136
1066 1286
1067 1132
1067 1712
1068 1435
1068 1596
1068 1607
1068 1779
1068 1859
1068 1882
1069 1162
1069 1186
1069 1435
1070 1508
1070 1665
1070 1968
1071 1194
1071 1199
1071 1219
1071 1364
1071 1560
1071 1571
1071 1598
1071 1634
1071 2019
1071 2083
1071 2122
1072 1370
1072 1866
1072 1912
1073 1644
1073 1645
1073 1815
1073 1956
1074 1218
1074 1299
1074 1447
1074 1649
1074 1922
1075 1116
1075 1225
1075 1379
1075 1620
1076 1428
1076 1552
1077 1155
1077 1809
1077 2034
1078 1324
1078 1604
1078 1869
1078 1945
1079 1559
1079 1644
1079 1815
1079 1956
1080 1510
1080 1619
1080 1691
1081 1202
1081 1466
1081 1682
1082 1226
1082 1606
1083 1276
1083 1382
1083 1591
1083 1927
1084 1963
1084 2157
1085 1500
1085 1709
1085 1961
1086 1370
1086 1463
1086 1498
1087 1129
1087 1418
1087 1794
1087 1957
1088 1131
1088 1320
1088 1328
1088 1332
1088 1512
1088 1519
1088 1549
1088 1660
1088 1720
1088 1804
1088 1812
1088 1829
1088 1858
1088 1876
1088 1946
1089 1169
1089 1422
1089 1955
1090 1200
1090 1302
1090 1763
1091 1550
1091 1559
1091 1644
1091 1645
1091 1815
1092 1162
1092 1987
1093 1370
1093 1591
1093 1650
1093 2022
1093 2068
1094 1136
1094 1445
1094 1534
1094 1701
1095 1636
1095 1702
1095 1837
1096 1616
1096 1619
1096 1691
1097 1508
1097 1577
1097 1750
1098 1289
1098 1409
1098 1498
1098 2026
1099 1524
1100 1435
1100 1815
1100 2088
1101 1707
1101 1779
1102 1240
1102 1407
1102 1470
1102 1599
1102 1629
1102 1700
1102 1813
1102 1893
1102 1919
1102 1932
1102 1981
1102 2064
1102 2085
1102 2145
1103 1577
1103 1597
1103 1719
1103 1794
1103 1957
1103 1988
1104 1300
1104 1901
1105 1324
1106 1172
1106 1289
1106 1409
1106 2026
1107 1194
1107 1236
1107 1387
1107 1411
1107 1455
1107 1467
1107 1530
1107 1560
1107 1625
1107 1906
1107 1979
1107 1997
1107 2019
1107 2031
1107 2051
1107 2052
1107 2083
1107 2149
1108 1596
1108 1707
1108 1859
1108 1882
1108 1958
1109 1186
1110 1257
1110 1665
1110 2079
1111 1162
1111 1186
1111 1435
1111 1534
1111 1596
1112 1945
1112 1963
1113 1428
1113 1449
1113 1866
1114 1554
1114 1558
1114 1773
1114 1935
1114 2089
1114 2112
1115 1357
1115 1556
1115 1633
1116 1204
1116 1263
1116 1413
1116 1542
1116 1578
1116 1612
1116 1623
1116 1852
1116 1877
1116 2015
1116 2071
1116 2094
1116 2124
1116 2131
1117 1781
1117 1892
1117 1901
1118 1136
1118 1445
1119 1358
1119 1478
1119 1552
1120 2037
1120 2144
1121 1313
1121 1368
1121 1396
1121 1743
1121 1744
1121 1768
1121 1830
1121 1970
1121 1977
1121 2069
1121 2075
1122 1508
1123 1340
1123 1911
1124 1261
1124 1588
1124 1707
1124 1859
1125 1495
1125 1644
1126 1268
1126 1333
1126 1451
1127 1445
1127 1533
1128 1945
1129 1258
1129 1294
1129 1425
1129 1612
1129 1647
1129 1816
1129 1879
1129 2071
1129 2107
1129 2118
1129 2124
1129 2131
1130 1379
1130 1505
1130 1620
1131 1132
1131 1327
1131 1366
1131 1712
1131 1734
1132 1423
1132 1589
1132 1720
1132 1808
1132 1812
1132 2099
1132 2116
1133 1170
1133 1251
1133 1613
1133 1773
1133 2089
1134 1287
1134 1325
1134 1832
1135 1871
1135 2034
1136 1179
1136 1298
1136 1374
1136 1404
1136 1432
1136 1850
1136 1867
1136 2108
1136 2129
1137 1626
1137 2046
1138 1510
1138 1726
1138 1955
1138 2074
1138 2113
1139 1185
1139 1260
1139 1272
1139 1346
1139 1348
1139 1562
1139 1584
1139 1615
1139 1826
1139 1890
1139 1899
1139 1941
1139 2017
1140 1300
1140 1901
1140 2134
1141 1719
1141 1750
1142 1409
1142 1709
1142 1839
1142 1961
1143 1302
1143 1763
1144 2137
1145 1341
1145 1366
1145 1975
1146 1903
1146 2157
1147 1351
1147 1556
1147 1633
1147 1912
1148 1191
1148 1444
1148 1677
1148 1937
1149 1452
1149 1781
1150 1382
1150 1702
1150 1837
1150 1927
1150 2092
1151 1325
1151 1832
1152 1833
1152 2088
1153 1390
1153 1478
1153 1552
1153 2057
1154 1276
1154 1591
1155 1177
1155 1187
1155 1256
1155 1303
1155 1388
1155 1476
1155 1631
1155 1642
1155 1820
1155 2025
1156 1428
1156 2068
1157 1352
1157 1604
1157 1869
1158 1428
1158 2022
1158 2068
1159 1205
1159 1229
1159 1506
1159 1513
1159 1515
1159 1544
1159 1611
1159 1684
1159 1718
1159 1853
1159 2029
1159 2123
1160 1672
1160 2138
1161 1200
1161 1302
1161 1409
1161 1754
1161 1839
1162 1447
1162 1448
1162 1548
1162 1723
1162 1736
1162 1844
1162 1917
1163 1172
1163 1323
1163 1491
1163 1794
1163 1957
1164 1225
1164 1379
1164 1632
1165 1524
1165 1815
1166 1435
1166 1607
1166 1707
1166 1859
1166 1882
1167 1546
1167 1596
1168 1592
1168 1781
1168 1892
1168 2134
1169 1176
1169 1252
1169 1304
1169 1710
1169 1737
1169 1744
1169 1838
1169 2020
1169 2060
1169 2075
1170 1174
1170 1205
1170 1235
1170 1345
1170 1375
1170 1395
1170 1434
1170 1760
1170 1793
1170 2014
1170 2072
1170 2159
1171 1435
1171 1596
1171 1707
1171 1779
1171 1882
1171 1958
1172 1291
1172 1378
1172 1791
1172 1884
1172 1897
1172 2013
1172 2021
1173 1769
1173 2097
1173 2138
1174 1796
1175 1382
1175 1702
1175 1837
1176 1422
1176 1833
1177 1809
1177 2034
1178 1200
1178 1302
1178 2091
1179 1533
1180 1444
1180 1937
1181 1338
1181 1340
1181 1390
1181 1937
1182 1352
1182 1726
1182 1955
1183 1225
1183 1632
1184 1466
1184 1682
1184 1754
1185 1437
1185 1739
1185 1961
1186 1393
1186 1605
1187 1460
1187 2065
1188 1358
1188 1478
1188 1987
1188 2046
1189 1592
1189 1781
1189 2079
1189 2115
1190 1202
1190 1558
1190 1911
1190 2112
1191 1213
1191 1245
1191 1250
1191 1303
1191 1349
1191 1457
1191 1539
1191 1581
1191 1594
1191 1631
1191 1678
1191 2032
1192 1379
1192 1382
1192 1546
1192 2092
1193 1622
1194 1707
1194 1779
1194 1871
1195 1289
1195 1466
1195 1839
1196 1351
1196 1832
1197 1292
1197 1335
1197 1446
1197 1465
1197 1527
1197 1757
1197 1786
1197 1888
1197 1908
1197 1928
1197 1930
1197 2018
1197 2040
1198 1300
1198 1901
1198 2134
1199 1518
1199 1622
1199 1726
1199 1955
1200 1215
1200 1365
1200 1424
1200 1680
1200 1778
1200 1823
1200 1880
1200 2055
1201 1833
1202 1260
1202 1292
1202 1522
1202 1615
1202 1863
1202 1902
1202 1908
1202 2130
1203 1719
1203 1750
1203 1988
1204 1632
1204 1837
1204 2157
1205 1255
1205 1389
1206 1592
1206 1892
1206 1901
1206 2134
1207 1719
1207 1750
1207 1988
1208 1491
1208 1664
1208 1794
1208 1957
1209 1325
1209 1613
1210 1719
1210 1750
1211 1289
1211 1709
1211 1739
1211 1839
1212 1293
1212 1390
1212 1980
1213 1357
1213 1491
1213 1664
1214 1701
1215 1763
1215 2091
1217 1366
1217 1734
1218 1358
1218 1987
1218 2046
1219 1591
1219 1650
1220 1382
1220 1591
1220 1650
1221 1606
1222 1347
1222 1524
1222 2157
1223 1437
1224 1869
1225 1361
1225 1459
1225 1542
1225 1612
1225 1623
1225 1652
1225 1852
1225 1857
1225 2015
1225 2084
1225 2124
1225 2132
1226 1355
1226 1417
1226 1516
1226 1528
1226 1557
1226 1568
1226 1610
1226 1628
1226 1846
1227 1975
1228 1435
1228 1546
1228 1596
1228 1903
1229 1251
1229 1449
1230 1289
1230 1409
1230 1456
1230 1466
1231 1809
1231 2065
1232 2134
1233 1500
1233 1533
1234 1318
1234 1323
1234 1664
1235 1257
1235 1694
1235 2115
1236 1382
1236 2092
1237 2144
1238 2037
1238 2144
1239 1319
1239 1389
1239 1992
1239 2097
1240 1439
1240 1866
1240 2059
1240 2089
1241 1319
1241 1449
1241 2091
1241 2097
1242 1268
1242 1333
1242 2046
1243 1619
1243 1962
1244 1289
1244 1409
1244 1739
1244 1961
1245 1353
1245 1809
1245 2065
1246 1390
1246 1460
1246 1597
1247 1270
1247 1626
1247 1987
1248 1781
1249 1414
1249 2137
1250 1353
1250 1444
1250 1937
1251 1395
1251 1760
1251 1793
1251 1799
1251 1873
1251 1936
1251 2014
1251 2136
1251 2159
1252 1419
1252 1955
1253 1268
1253 1714
1253 1775
1253 1992
1254 1357
1254 1505
1255 1278
1255 1320
1255 1660
1255 1764
1255 1845
1255 1858
1256 1460
1256 2065
1257 1511
1257 1689
1257 1760
1257 1771
1257 2014
1257 2050
1258 1410
1258 1588
1258 2138
1259 1357
1259 1418
1259 1556
1259 1633
1259 1912
1260 1437
1260 1616
1261 1307
1261 1316
1261 1598
1261 1634
1261 1729
1261 1808
1261 1831
1261 1860
1261 1949
1261 2099
1261 2107
1261 2116
1262 1300
1262 1672
1263 1588
1263 1632
1264 1324
1264 2091
1265 2049
1265 2074
1265 2137
1266 1341
1266 1734
1267 1287
1267 1518
1267 1622
1267 1626
1268 1275
1268 1448
1268 1525
1268 1736
1268 1806
1268 1917
1268 1919
1268 2030
1269 1968
1269 1980
1270 1299
1270 1431
1270 1580
1270 1659
1270 1668
1270 1705
1270 1921
1270 1996
1270 2004
1270 2125
1271 1338
1271 1340
1271 1390
1271 1937
1271 1980
1271 2057
1272 1709
1272 1739
1273 1353
1273 1559
1273 1956
1274 1324
1274 1333
1274 1714
1274 2059
1275 1714
1275 1775
1276 1339
1276 1364
1276 1373
1276 1535
1276 1741
1276 1848
1276 1926
1276 1974
1276 2122
1277 1478
1277 1556
1277 1912
1278 1428
1278 1449
1278 1672
1279 1324
1279 1352
1280 1463
1280 1769
1280 2074
1280 2097
1281 1471
1281 2088
1282 1414
1282 2049
1282 2074
1282 2137
1283 1366
1283 1604
1283 1734
1283 1781
1284 1500
1285 1352
1285 1942
1285 1955
1286 1756
1286 1849
1286 1850
1286 1851
1286 2104
1286 2155
1287 1376
1287 1469
1287 1486
1287 1548
1287 1688
1287 1698
1287 1723
1287 1755
1287 1810
1287 1994
1287 2016
1288 1289
1288 1409
1288 1709
1288 1961
1289 1365
1289 1378
1289 1424
1289 1699
1289 1732
1289 1855
1289 1983
1289 2114
1289 2153
1290 1391
1290 1911
1290 1980
1291 1478
1291 1556
1292 1550
1292 2002
1293 1304
1293 1308
1293 1313
1293 1396
1293 1618
1293 1746
1293 1970
1293 2069
1293 2075
1294 1633
1294 1957
1295 1435
1295 1815
1295 2088
1296 1352
1298 1445
1299 1495
1299 1626
1299 1987
1300 1575
1300 1590
1300 1595
1300 1660
1300 1687
1300 1790
1300 1798
1300 1845
1300 1858
1300 1904
1300 1967
1301 1550
1301 1963
1302 1365
1302 1450
1302 1778
1302 1817
1302 1823
1302 1875
1302 1931
1302 2009
1303 1677
1303 1809
1304 1419
1304 1604
1305 1619
1305 1691
1305 1750
1305 2113
1306 1498
1306 1613
1306 1775
1306 1992
1307 1546
1307 1927
1308 1463
1308 1606
1308 1796
1309 1626
1309 2046
1310 1456
1310 1466
1310 1495
1311 1327
1311 2058
1311 2088
1311 2138
1312 1389
1312 1577
1313 1419
1313 1422
1313 1604
1314 1833
1314 2088
1315 1518
1315 1726
1315 1955
1316 1524
1316 1712
1316 1776
1317 1592
1317 1781
1317 1901
1317 1999
1317 2134
1318 1326
1318 1421
1318 1474
1318 1483
1318 1538
1318 1557
1318 1648
1318 1686
1318 1894
1318 2133
1319 1482
1319 1494
1319 1499
1319 1507
1319 1513
1319 1515
1319 1544
1319 1674
1319 1749
1319 1943
1319 1976
1319 2010
1320 1327
1321 1325
1322 1554
1322 1935
1323 1355
1323 1429
1323 1514
1323 1539
1323 1641
1323 1678
1323 1827
1323 1846
1323 1969
1323 2013
1323 2082
1324 1477
1324 1525
1324 1532
1324 1551
1324 1629
1324 1663
1324 1772
1324 1795
1324 1856
1324 1919
1324 1965
1325 1376
1325 1426
1325 1431
1325 1520
1325 1526
1325 1659
1325 1767
1325 2016
1325 2023
1325 2101
1326 1559
1326 1833
1326 1956
1327 1328
1327 1589
1327 1653
1327 1660
1327 1798
1327 1804
1327 1812
1327 1829
1327 1845
1327 1946
1328 1637
1328 2137
1329 1338
1329 1444
1329 1559
1329 1645
1329 1719
1329 1988
1330 1559
1330 1644
1330 1645
1331 1558
1331 1809
1331 2065
1331 2112
1332 1341
1332 1366
1332 1712
1332 1776
1332 2058
1333 1448
1333 1629
1333 1806
1333 1818
1333 1917
1333 2030
1333 2106
1333 2145
1334 1353
1334 1559
1334 1645
1334 1701
1335 1694
1336 1409
1336 1466
1336 1839
1337 1452
1337 1606
1338 1349
1338 1415
1338 1457
1338 1497
1338 1504
1338 1594
1338 1676
1338 1721
1338 1730
1338 1883
1338 2054
1338 2105
1338 2128
1338 2140
1338 2152
1338 2158
1339 1650
1339 2022
1340 1368
1340 1415
1340 1454
1340 1496
1340 1828
1340 1984
1340 2001
1340 2069
1340 2127
1341 1566
1341 1570
1341 1579
1341 1589
1341 1720
1341 1803
1341 1812
1341 1889
1341 1920
1341 2151
1342 1371
1342 1377
1342 1383
1342 1564
1342 1705
1342 1747
1342 1834
1342 1918
1342 1921
1342 1938
1342 2025
1342 2095
1342 2125
1343 1366
1343 1592
1343 1604
1343 1734
1343 1781
1344 1414
1344 1460
1344 1510
1344 2137
1345 1389
1345 1449
1347 1408
1347 1413
1347 1459
1347 1509
1347 1541
1347 1630
1347 1735
1347 1807
1347 1852
1347 1944
1347 2155
1349 1677
1349 1937
1350 1992
1350 2068
1351 1426
1351 1539
1351 1678
1351 1692
1351 1752
1351 1905
1351 2032
1351 2033
1351 2073
1351 2101
1351 2142
1352 1479
1352 1777
1352 1795
1352 1898
1352 1965
1352 2017
1352 2121
1352 2139
1353 1359
1353 1457
1353 1594
1353 1631
1353 1713
1353 1724
1353 1950
1353 2096
1353 2111
1353 2140
1354 1428
1354 1552
1354 1606
1354 1708
1355 1664
1356 1546
1356 1620
1356 2092
1357 1733
1357 1870
1357 1905
1357 1993
1357 2032
1357 2033
1357 2073
1358 1516
1358 1610
1358 1621
1358 1784
1358 1884
1358 1964
1358 2021
1358 2126
1359 1645
1359 1701
1359 1956
1360 1613
1360 1935
1360 2148
1361 1379
1361 1620
1361 1632
1362 1694
1362 2002
1363 1636
1363 1837
1364 1650
1365 1409
1365 1682
1366 1589
1366 1657
1366 1762
1366 1812
1366 1889
1366 1920
1366 1939
1366 2151
1367 1715
1367 1892
1367 1999
1368 1390
1368 1980
1369 1437
1370 1401
1370 1436
1370 1442
1370 1487
1370 1535
1370 1821
1370 1836
1370 1951
1370 2053
1371 1558
1371 1809
1371 2065
1372 1500
1373 1410
1373 1650
1373 2062
1373 2134
1374 1445
1374 1500
1374 1533
1375 1613
1375 1773
1375 2089
1377 1616
1378 1498
1378 1839
1379 1693
1379 1703
1379 1706
1379 1814
1379 1877
1379 1881
1379 1895
1379 2094
1380 1410
1380 1534
1380 1712
1380 1776
1380 2062
1381 1577
1381 1794
1381 1988
1382 1462
1382 1646
1382 1741
1382 1742
1382 1847
1382 1979
1382 2066
1383 1456
1383 1495
1384 1445
1384 1500
1385 1691
1385 1962
1386 1466
1387 1707
1387 1859
1388 1809
1389 1513
1389 1811
1389 1853
1389 1943
1389 2029
1389 2045
1390 1415
1390 1504
1390 1711
1390 1728
1390 1743
1390 1784
1390 1828
1390 1835
1390 2069
1390 2126
1391 1392
1391 1454
1391 1522
1391 1670
1391 1950
1391 1953
1391 2035
1391 2096
1391 2130
1392 1677
1392 1794
1392 1911
1393 1534
1394 1532
1394 1569
1394 1756
1394 1765
1394 1851
1394 1856
1394 1960
1394 1970
1394 1995
1394 2104
1395 1463
1396 1463
1397 1715
1397 1942
1397 2079
1397 2115
1398 1837
1398 2046
1399 1524
1399 1871
1400 1495
1400 1626
1400 1987
1401 1591
1401 1650
1401 2022
1402 1558
1402 1773
1402 1935
1402 2089
1402 2148
1403 1672
1403 1866
1404 1604
1405 1471
1405 1709
1405 1739
1406 1927
1407 1439
1407 1672
1407 1866
1407 2089
1408 2157
1409 1424
1409 1450
1409 1475
1409 1732
1409 1897
1409 1966
1409 1983
1410 1425
1410 1472
1410 1787
1410 1792
1410 1816
1410 1848
1410 1978
1411 2034
1412 1606
1413 1632
1413 1702
1414 1519
1414 1585
1414 1603
1414 1804
1414 1862
1414 1885
1414 1934
1414 2120
1414 2150
1415 1444
1415 1980
1416 1518
1416 1622
1416 1955
1417 1478
1417 1552
1418 1483
1418 1733
1418 1751
1418 1894
1418 2133
1419 1485
1419 1528
1419 1600
1419 1618
1419 1710
1419 1737
1419 1744
1420 1550
1420 1644
1420 1645
1420 1815
1420 1956
1421 1645
1421 1833
1421 1956
1422 1485
1422 1528
1422 1600
1422 1618
1422 1838
1422 2020
1422 2060
1422 2075
1423 1633
1423 1776
1424 1682
1424 1754
1426 1832
1427 1495
1427 1550
1427 1644
1428 1493
1428 1608
1428 1764
1428 1922
1428 2070
1429 1439
1429 1491
1429 2089
1430 1701
1431 1832
1431 1975
1432 1500
1433 1739
1433 1961
1434 1463
1434 1796
1435 1605
1435 2041
1435 2067
1436 1556
1436 1672
1436 1912
1437 1473
1437 1562
1437 1584
1437 1770
1437 1826
1437 1890
1437 1898
1437 1899
1437 2017
1437 2047
1437 2121
1438 1715
1438 2059
1438 2134
1439 1696
1439 1793
1439 1799
1439 1827
1439 1936
1439 1947
1439 1982
1439 2042
1439 2072
1439 2085
1440 1452
1440 1592
1440 1781
1442 1796
1442 2026
1443 1524
1443 1815
1444 1457
1444 1504
1444 1594
1444 1676
1444 1711
1444 1730
1444 1828
1444 1883
1444 1959
1444 2036
1444 2127
1444 2152
1445 1850
1445 1867
1445 2141
1446 2012
1447 2037
1448 1554
1448 1651
1448 2148
1449 1608
1449 1660
1449 1674
1449 1798
1449 1843
1449 1858
1450 1682
1450 1754
1450 1839
1451 1565
1451 1738
1451 1818
1451 1913
1451 1971
1452 1662
1452 1753
1452 1765
1452 1874
1452 1886
1452 1910
1452 1960
1452 1995
1452 2056
1452 2076
1453 1620
1453 2022
1453 2068
1454 1980
1455 2034
1456 1475
1456 1492
1456 1521
1456 1668
1456 1705
1456 1863
1456 1900
1456 1902
1456 1972
1456 1983
1456 2114
1456 2125
1456 2153
1458 1588
1458 2062
1459 1632
1459 1702
1459 1837
1460 1717
1460 1802
1460 1820
1460 1835
1460 1878
1460 1985
1460 2150
1462 1591
1462 1650
1462 1927
1462 2092
1463 1499
1463 1746
1463 1830
1463 1873
1463 1976
1463 1977
1463 1991
1463 2053
1464 1491
1464 1664
1465 1754
1465 2002
1466 1492
1466 1521
1466 1690
1466 1705
1466 1863
1466 1900
1466 1902
1466 1921
1466 2095
1466 2153
1467 1524
1467 2074
1468 1546
1468 1682
1469 1622
1469 1626
1470 1715
1470 1901
1470 2134
1471 1555
1471 1801
1471 1865
1471 2018
1471 2040
1471 2100
1471 2117
1472 1912
1472 1942
1472 2062
1473 1739
1473 1961
1474 1645
1474 1833
1474 1956
1475 1839
1476 2034
1476 2065
1477 1869
1477 1903
1478 1516
1478 1784
1478 1791
1478 1884
1478 1964
1478 2000
1478 2021
1479 1945
1479 1963
1480 1495
1480 1550
1481 1510
1481 1726
1481 2074
1482 1769
1483 1552
1484 1500
1485 1955
1487 1691
1487 1962
1488 1613
1488 1832
1489 1763
1489 1975
1489 2091
1490 1637
1490 1763
1490 1975
1491 1514
1491 1539
1491 1557
1491 1582
1491 1641
1491 1692
1491 1827
1491 1846
1491 2032
1492 1665
1493 1552
1493 1606
1493 1708
1494 1769
1494 1942
1494 2138
1495 1520
1495 1649
1495 1668
1495 1921
1495 1996
1495 2004
1495 2095
1496 1508
1496 1968
1497 1937
1498 1583
1498 1778
1498 1797
1498 1836
1498 1897
1498 2009
1499 2074
1499 2097
1500 1658
1500 1671
1500 1685
1500 1778
1500 1817
1500 1840
1500 1929
1500 2007
1500 2108
1501 1715
1501 1892
1502 1975
1502 2037
1504 1980
1504 2057
1505 1617
1505 1635
1505 1661
1505 1752
1505 1814
1505 1819
1505 1870
1505 1881
1505 1905
1505 1914
1505 2024
1505 2044
1506 1769
1506 1992
1506 2097
1507 1769
1507 1942
1507 2138
1508 1593
1508 1639
1508 1654
1508 1670
1508 1891
1508 1948
1508 1984
1508 2035
1508 2063
1509 1903
1509 2157
1510 1587
1510 1756
1510 1851
1510 1878
1510 2102
1511 1592
1511 2079
1512 2058
1512 2088
1512 2138
1513 1775
1513 2097
1514 1773
1514 2089
1515 1775
1515 1992
1515 2097
1516 1708
1517 1550
1517 1559
1517 1644
1517 1956
1518 1688
1518 1698
1518 1780
1518 1842
1518 1960
1518 2038
1519 1637
1519 2058
1520 1832
1520 1975
1521 1665
1522 1558
1522 2112
1523 2037
1524 1735
1524 1944
1524 2031
1524 2052
1524 2099
1524 2116
1524 2149
1525 1714
1525 1869
1525 2059
1526 1613
1526 1832
1527 1694
1527 2002
1528 1558
1528 2112
1529 1781
1529 1892
1529 1901
1529 1999
1529 2134
1530 2012
1530 2092
1531 1715
1531 2079
1531 2115
1532 1869
1532 2091
1533 1586
1533 1658
1533 1671
1533 1867
1533 1880
1533 1929
1533 2007
1533 2009
1533 2108
1534 2141
1535 1650
1535 2068
1536 1607
1536 1626
1536 1882
1537 1975
1538 1559
1538 1956
1540 1622
1540 1726
1541 1903
1543 1613
1543 1992
1543 2026
1544 1769
1544 1775
1545 2144
1546 1640
1546 1693
1546 1722
1546 1742
1546 1782
1546 1860
1546 1949
1546 2006
1547 1715
1547 1999
1548 1892
1548 1999
1549 2058
1549 2088
1549 2138
1550 1662
1550 1908
1550 2004
1550 2056
1551 1903
1552 1621
1552 1784
1552 1825
1552 1894
1552 2133
1552 2135
1553 1616
1553 1691
1553 1962
1554 1609
1554 1617
1554 1635
1554 1661
1554 1696
1554 1736
1554 1917
1554 2042
1554 2090
1555 2079
1555 2115
1556 1792
1556 1884
1556 1951
1556 1964
1557 1664
1558 1696
1558 2025
1558 2130
1559 1666
1559 1686
1559 1713
1559 1721
1559 1959
1559 2111
1559 2128
1559 2152
1560 1707
1560 1859
1560 1871
1561 1597
1561 1794
1561 1957
1561 1988
1562 1709
1562 1739
1563 1833
1563 2088
1565 1626
1566 1734
1566 1975
1567 2037
1567 2088
1568 1606
1569 1763
1569 1869
1570 1734
1570 1975
1571 1707
1571 1859
1571 1871
1572 1592
1572 1781
1572 1892
1572 1901
1572 1999
1573 2088
1574 1619
1574 1691
1575 1833
1576 1616
1576 1619
1576 1691
1577 1748
1577 1835
1577 1985
1577 2029
1577 2109
1577 2123
1578 1632
1579 1734
1579 1781
1580 1832
1580 1975
1581 1963
1582 1664
1582 1773
1582 2089
1583 1992
1584 1616
1584 1945
1585 2049
1585 2074
1587 2113
1588 1612
1588 1647
1588 1831
1588 2084
1588 2107
1588 2118
1588 2131
1589 1712
1589 2058
1590 1866
1591 1787
1591 1848
1591 1974
1592 1657
1592 1689
1592 1803
1592 1889
1592 2050
1592 2061
1593 1665
1593 2144
1594 1677
1595 1866
1595 2138
1596 1605
1596 1759
1596 1782
1596 2041
1596 2067
1597 1639
1597 1654
1597 1684
1597 1728
1597 1748
1597 1954
1597 1985
1597 2045
1597 2081
1597 2146
1598 1607
1598 1882
1599 1637
1599 2144
1600 1726
1601 1636
1601 1702
1601 1837
1602 1691
1602 1962
1604 1744
1604 1772
1604 1795
1604 1803
1604 1889
1604 1965
1604 2075
1605 1651
1606 1746
1606 1768
1606 1825
1606 1874
1606 1910
1606 1977
1606 2070
1606 2076
1607 1634
1607 1718
1607 1811
1607 1853
1607 1864
1607 1940
1608 1672
1609 1935
1610 1708
1611 1882
1611 1958
1612 1701
1613 1635
1613 1661
1613 1767
1613 1793
1613 1799
1613 1936
1613 2024
1613 2072
1614 1636
1614 1701
1615 1616
1616 1725
1616 1898
1616 1918
1616 1933
1616 2043
1616 2121
1617 2148
1619 1683
1619 1725
1619 1800
1619 1821
1619 2102
1620 1693
1620 1706
1620 1740
1620 1742
1620 1881
1620 1895
1620 2044
1620 2094
1621 1708
1621 2057
1622 1669
1622 1765
1622 1842
1622 1868
1622 1995
1623 1702
1623 1837
1623 2157
1624 2046
1625 1871
1625 2012
1625 2092
1626 1698
1626 1780
1626 1971
1627 1833
1629 1714
1629 1869
1630 2157
1631 1677
1631 2065
1632 1652
1632 1857
1632 1877
1632 2071
1632 2084
1632 2094
1632 2131
1632 2132
1633 1647
1633 1648
1633 1894
1633 2133
1634 1958
1635 1935
1636 1824
1636 1883
1636 1907
1636 2028
1636 2036
1636 2158
1637 1761
1637 1813
1637 1876
1637 2086
1637 2110
1637 2119
1638 1901
1638 2134
1640 1754
1641 1957
1642 1809
1642 2112
1643 1702
1644 1753
1644 1886
1644 1908
1644 1924
1644 2004
1644 2056
1645 1655
1645 1686
1645 1713
1645 1721
1645 1724
1645 1730
1645 1959
1645 2105
1646 1871
1646 2012
1647 1794
1648 1708
1650 1741
1650 1787
1650 1926
1650 2122
1651 1723
1651 1736
1651 1844
1653 2058
1653 2088
1654 1750
1654 1968
1655 1956
1656 2049
1656 2074
1656 2137
1657 1734
1661 1935
1662 1963
1663 1869
1664 1678
1664 1692
1664 1969
1664 2013
1664 2032
1664 2082
1665 1690
1665 1785
1665 1801
1665 1834
1665 1918
1665 1933
1665 1948
1665 1972
1666 1833
1666 1956
1670 1911
1670 1968
1671 1709
1671 1961
1672 1764
1672 1783
1672 1843
1672 1951
1672 1967
1672 1981
1672 1982
1672 2085
1673 2002
1674 1763
1674 1769
1675 2037
1675 2144
1676 1677
1677 1713
1677 1724
1677 1950
1677 2096
1677 2111
1679 1691
1679 1962
1680 2091
1681 1945
1681 1963
1682 1722
1682 1863
1682 1900
1682 1930
1682 2040
1683 1962
1685 1739
1685 1961
1687 1833
1689 1781
1689 2079
1691 1800
1691 1821
1691 2043
1691 2078
1691 2102
1693 2092
1694 1760
1694 1786
1694 1953
1694 1990
1694 2035
1695 1837
1695 2092
1696 1773
1696 1935
1697 2012
1699 1839
1699 2026
1700 1715
1700 2059
1700 2134
1701 1713
1701 2071
1701 2084
1701 2111
1701 2131
1701 2141
1702 1738
1702 1857
1702 1913
1702 2066
1702 2080
1703 1903
1706 2068
1707 2083
1707 2098
1707 2107
1708 1784
1708 1894
1708 2000
1708 2070
1708 2126
1708 2135
1709 1732
1709 1770
1709 1840
1709 1855
1709 1899
1709 1941
1709 1966
1709 2007
1709 2100
1709 2154
1711 1937
1711 1980
1712 1720
1712 1751
1712 2116
1714 1736
1714 1818
1714 1919
1714 2106
1714 2145
1715 1771
1715 1893
1715 1932
1715 1952
1715 2008
1716 1935
1716 2148
1717 2113
1717 2137
1718 1882
1719 1730
1719 1758
1719 1896
1719 1909
1719 1954
1719 1959
1719 2105
1719 2109
1719 2128
1719 2146
1720 1734
1720 2058
1721 1937
1721 1988
1722 1754
1723 1999
1724 1956
1725 1962
1726 1737
1726 1838
1726 2139
1727 2037
1727 2088
1728 2057
1729 1927
1730 1956
1731 1781
1731 1999
1731 2134
1732 1739
1733 1912
1734 1762
1734 1803
1734 1939
1735 1963
1735 2157
1736 1935
1737 1955
1738 2046
1739 1840
1739 1929
1739 1966
1739 2007
1739 2100
1739 2117
1739 2154
1741 1927
1742 2092
1743 1980
1743 2057
1745 1871
1745 2034
1747 1927
1748 1968
1749 1942
1749 2097
1750 1751
1750 1774
1750 2081
1750 2102
1751 1776
1753 1963
1754 1863
1754 1902
1754 1930
1754 2018
1754 2040
1755 1832
1756 2113
1758 1988
1759 1815
1760 2079
1761 2059
1761 2144
1762 1975
1763 1856
1763 1872
1763 2093
1764 1866
1766 1833
1767 1832
1768 1796
1769 1943
1769 2143
1770 1961
1771 1942
1771 2079
1772 1945
1773 1783
1773 1793
1773 1799
1773 1827
1773 1947
1773 1969
1773 1981
1773 2085
1773 2136
1774 1988
1775 1797
1775 1805
1775 1943
1775 2008
1776 1808
1776 1812
1776 2099
1777 1942
1777 1945
1777 1955
1779 1831
1779 1914
1779 1997
1779 2019
1779 2077
1779 2083
1779 2107
1781 2050
1782 1903
1783 1866
1783 2059
1783 2089
1784 2057
1785 2079
1785 2115
1787 1901
1787 2062
1787 2134
1788 1892
1788 1999
1789 2157
1791 1912
1792 1912
1792 1942
1794 1954
1794 2013
1794 2082
1794 2096
1795 1945
1796 1830
1796 1836
1796 1873
1796 1976
1796 2053
1796 2143
1796 2159
1797 1992
1797 2026
1798 2058
1800 2049
1801 2079
1801 2115
1802 2012
1805 2022
1805 2068
1806 1869
1806 2059
1809 1820
1809 1938
1809 2025
1810 1815
1811 1882
1813 2059
1815 1822
1815 1916
1815 1923
1815 1994
1816 2062
1816 2138
1817 2026
1818 2046
1819 1935
1819 2148
1823 1999
1824 1837
1828 1937
1828 2057
1829 2088
1829 2138
1831 1859
1832 1993
1832 2016
1832 2033
1833 2060
1835 2057
1837 1852
1837 2048
1839 1855
1839 1897
1839 1966
1839 2114
1839 2153
1841 2144
1843 1866
1844 1892
1844 1999
1845 2058
1847 1871
1847 2012
1847 2092
1848 2134
1849 2157
1853 1958
1854 1975
1854 2037
1855 1961
1856 1869
1856 2091
1857 2157
1858 2058
1859 1914
1859 1997
1859 2019
1859 2077
1859 2098
1860 1927
1861 1945
1861 1955
1862 2049
1862 2137
1864 1882
1864 2049
1865 2037
1866 2085
1869 1965
1869 2093
1869 2145
1871 1906
1871 1979
1871 1997
1871 2051
1871 2052
1871 2103
1871 2149
1872 1975
1875 1892
1875 1999
1876 2058
1876 2137
1878 2137
1879 2062
1879 2138
1880 2026
1881 1903
1884 1912
1885 2137
1886 1963
1888 2002
1888 2034
1891 1968
1891 1980
1893 1901
1895 2022
1896 1988
1897 2026
1898 1945
1899 1961
1901 1932
1901 1974
1903 2044
1904 2134
1906 2074
1907 2012
1909 1988
1911 1950
1911 2035
1911 2130
1912 1978
1912 2021
1915 1999
1917 1935
1919 2059
1922 1987
1922 2049
1926 2034
1928 2002
1929 1961
1931 1999
1932 2059
1932 2134
1934 2049
1935 1947
1935 2024
1935 2042
1936 2089
1937 1959
1937 2036
1937 2054
1937 2105
1937 2127
1937 2128
1937 2140
1937 2158
1938 2065
1938 2112
1939 1975
1940 1958
1940 2049
1941 1961
1942 2010
1942 2139
1943 1992
1944 1963
1945 2017
1946 2088
1947 2112
1947 2148
1948 2144
1950 1957
1952 1992
1952 2022
1952 2068
1953 1968
1954 1988
1956 2105
1956 2111
1956 2128
1956 2152
1957 2013
1957 2109
1957 2146
1961 2117
1962 2043
1962 2078
1963 2056
1967 2138
1968 1984
1968 2001
1968 2063
1968 2081
1969 2089
1971 2046
1973 2002
1974 2062
1974 2134
1975 2005
1975 2110
1976 2074
1976 2097
1979 2012
1979 2092
1980 1984
1980 2054
1980 2127
1981 2059
1981 2089
1982 2059
1982 2089
1985 2057
1986 2059
1987 1996
1987 2156
1988 1998
1988 2105
1988 2109
1988 2152
1989 2144
1990 2002
1991 2026
1992 2008
1992 2030
1992 2106
1999 2055
2002 2040
2005 2037
2008 2022
2008 2068
2010 2097
2010 2138
2011 2012
2012 2028
2014 2115
2024 2148
2025 2112
2026 2053
2031 2074
2034 2122
2037 2087
2039 2157
2041 2088
2042 2089
2042 2112
2046 2080
2049 2156
2050 2115
2054 2057
2057 2126
2057 2127
2059 2064
2059 2085
2059 2086
2059 2145
2062 2118
2063 2144
2064 2144
2066 2092
2068 2119
2072 2089
2074 2143
2074 2149
2078 2113
2086 2144
2089 2136
2090 2148
2091 2093
2091 2110
2097 2143
2102 2113
2104 2113
2113 2150
2118 2138
2120 2137
