1080 5184
0 25
0 77
0 359
0 521
0 537
0 638
1 102
1 138
1 215
1 291
1 601
1 1023
2 229
2 238
2 890
2 898
2 973
2 1025
3 88
3 98
3 126
3 155
3 231
3 233
3 319
3 336
3 372
3 409
3 484
3 487
3 536
3 561
3 621
3 628
3 647
3 706
3 838
3 888
3 924
3 969
3 974
3 990
4 117
4 286
4 485
4 680
4 775
4 846
5 82
5 127
5 179
5 252
5 264
5 290
5 339
5 443
5 465
5 545
5 546
5 567
5 666
5 688
5 774
5 815
5 862
5 867
5 902
5 909
5 910
5 948
5 963
5 1011
6 25
6 223
6 350
6 638
6 827
6 875
7 67
7 613
7 725
7 731
7 898
7 942
8 140
8 220
8 493
8 683
8 893
8 1050
9 52
9 58
9 89
9 96
9 153
9 162
9 180
9 209
9 228
9 256
9 258
9 287
9 383
9 398
9 441
9 501
9 518
9 676
9 720
9 777
9 799
9 962
9 1059
9 1063
10 104
10 320
10 488
10 515
10 780
10 1046
11 45
11 177
11 451
11 511
11 608
11 892
12 40
12 106
12 689
12 748
12 773
12 930
13 218
13 343
13 385
13 592
13 906
13 1005
14 341
14 514
14 555
14 603
14 875
14 883
15 69
15 133
15 405
15 472
15 717
15 893
16 55
16 194
16 488
16 491
16 725
16 731
17 52
17 68
17 125
17 149
17 167
17 204
17 269
17 282
17 296
17 353
17 379
17 383
17 397
17 414
17 420
17 434
17 441
17 544
17 670
17 685
17 711
17 842
17 856
17 962
18 169
18 440
18 467
18 586
18 718
18 1032
19 130
19 229
19 238
19 281
19 718
19 947
20 514
20 695
20 771
20 875
20 955
20 1030
21 229
21 238
21 613
21 890
21 898
21 1036
22 341
22 348
22 359
22 598
22 787
22 926
23 38
23 49
23 85
23 137
23 300
23 400
23 476
23 479
23 539
23 584
23 609
23 636
23 744
23 758
23 793
23 866
23 889
23 896
23 908
23 931
23 1024
23 1051
23 1058
23 1076
24 102
24 220
24 405
24 512
24 615
24 893
25 66
25 128
25 174
25 262
25 273
25 301
25 357
25 415
25 503
25 517
25 563
25 582
25 661
25 668
25 751
25 776
25 778
25 822
25 857
25 1049
25 1054
25 1065
26 43
26 54
26 143
26 211
26 268
26 309
26 322
26 325
26 327
26 352
26 371
26 387
26 401
26 504
26 531
26 547
26 554
26 557
26 667
26 715
26 721
26 743
26 993
26 1057
27 80
27 133
27 140
27 512
27 717
27 947
28 69
28 405
28 472
28 683
28 717
28 972
29 33
29 60
29 72
29 146
29 228
29 242
29 256
29 321
29 392
29 486
29 501
29 564
29 580
29 632
29 640
29 649
29 682
29 720
29 812
29 885
29 886
29 900
29 937
29 999
30 31
30 42
30 148
30 309
30 325
30 347
30 358
30 376
30 432
30 433
30 439
30 466
30 504
30 528
30 573
30 704
30 712
30 715
30 730
30 741
30 860
30 985
30 1033
30 1077
31 315
31 408
31 783
31 788
31 942
32 51
32 521
32 566
32 783
32 790
32 918
33 45
33 354
33 451
33 511
33 892
34 81
34 219
34 455
34 600
34 692
34 695
35 320
35 515
35 613
35 689
35 748
35 898
36 140
36 405
36 512
36 687
36 893
36 1050
37 133
37 405
37 472
37 660
37 893
37 972
38 97
38 251
38 308
38 870
38 955
39 112
39 117
39 286
39 485
39 662
39 846
40 49
40 114
40 115
40 120
40 124
40 184
40 199
40 331
40 499
40 584
40 627
40 636
40 671
40 694
40 697
40 705
40 782
40 798
40 879
40 880
40 1010
40 1060
40 1076
41 102
41 138
41 210
41 215
41 601
41 615
42 613
42 725
42 942
42 973
42 1027
43 411
43 906
43 907
43 971
43 1020
44 118
44 169
44 440
44 467
44 625
44 718
45 155
45 174
45 186
45 233
45 242
45 297
45 329
45 357
45 563
45 572
45 661
45 713
45 740
45 805
45 847
45 900
45 933
45 952
45 974
45 990
45 991
45 999
46 112
46 286
46 467
46 625
46 859
46 871
47 493
47 595
47 653
47 687
47 1025
47 1036
48 133
48 424
48 591
48 717
48 780
48 1046
49 456
49 898
49 973
49 1030
50 207
50 320
50 613
50 727
50 748
50 973
51 101
51 111
51 148
51 155
51 259
51 285
51 336
51 356
51 358
51 526
51 528
51 539
51 609
51 704
51 713
51 785
51 793
51 889
51 936
51 974
51 988
51 990
51 997
52 265
52 614
52 959
52 981
53 294
53 483
53 555
53 568
53 592
53 1005
54 56
54 218
54 343
54 385
54 1005
55 71
55 74
55 161
55 305
55 371
55 375
55 444
55 446
55 452
55 482
55 510
55 554
55 557
55 622
55 677
55 736
55 821
55 825
55 836
55 919
55 935
55 1057
55 1073
56 185
56 225
56 277
56 352
56 360
56 399
56 407
56 506
56 520
56 547
56 553
56 599
56 672
56 678
56 700
56 754
56 819
56 833
56 861
56 993
56 1003
56 1007
56 1048
57 182
57 359
57 457
57 537
57 733
57 1034
58 210
58 215
58 266
58 507
58 631
59 219
59 343
59 493
59 571
59 1040
59 1050
60 177
60 251
60 424
60 652
60 1044
61 172
61 359
61 598
61 859
61 871
61 1004
62 160
62 228
62 272
62 501
62 551
62 612
62 617
62 651
62 702
62 710
62 720
62 740
62 761
62 768
62 803
62 805
62 814
62 828
62 886
62 933
62 961
62 991
62 1012
62 1059
63 159
63 521
63 566
63 695
63 771
63 918
64 207
64 574
64 620
64 689
64 827
64 1020
65 69
65 133
65 472
65 683
65 893
65 972
66 77
66 359
66 598
66 638
66 918
67 111
67 139
67 189
67 268
67 309
67 323
67 325
67 347
67 351
67 358
67 387
67 432
67 433
67 466
67 526
67 528
67 573
67 602
67 633
67 675
67 860
67 985
67 1077
68 610
68 614
68 620
68 846
68 907
69 110
69 225
69 241
69 250
69 293
69 310
69 318
69 333
69 535
69 540
69 700
69 747
69 769
69 819
69 833
69 863
69 864
69 911
69 1013
69 1028
69 1052
70 97
70 251
70 870
70 904
70 955
70 1030
71 194
71 488
71 725
71 895
71 1027
72 97
72 177
72 591
72 652
72 1044
73 159
73 244
73 350
73 790
73 871
73 875
74 210
74 215
74 354
74 488
74 608
75 106
75 205
75 230
75 495
75 787
75 951
76 112
76 117
76 485
76 610
76 662
76 680
77 101
77 142
77 171
77 273
77 275
77 301
77 356
77 374
77 389
77 475
77 575
77 641
77 818
77 897
77 936
77 960
77 988
77 1064
77 1066
77 1067
77 1069
77 1071
78 151
78 154
78 610
78 839
78 846
78 1014
79 81
79 455
79 600
79 695
79 992
79 1040
80 82
80 93
80 157
80 259
80 264
80 274
80 416
80 522
80 529
80 570
80 609
80 686
80 739
80 779
80 793
80 858
80 889
80 902
80 908
80 921
80 963
80 1017
80 1019
81 153
81 162
81 164
81 195
81 261
81 314
81 335
81 355
81 381
81 390
81 431
81 480
81 513
81 596
81 728
81 735
81 777
81 824
81 950
81 1021
81 1053
81 1063
82 130
82 229
82 718
82 947
83 96
83 132
83 135
83 170
83 209
83 289
83 391
83 438
83 464
83 470
83 502
83 637
83 676
83 691
83 767
83 770
83 799
83 852
83 878
83 940
83 957
83 1018
83 1029
83 1039
84 467
84 625
84 773
84 890
84 951
84 1036
85 455
85 514
85 695
85 875
85 955
86 456
86 463
86 495
86 616
86 787
86 930
87 118
87 169
87 307
87 424
87 953
87 1044
88 308
88 579
88 616
88 781
88 904
89 614
89 674
89 959
89 981
89 986
90 189
90 217
90 239
90 241
90 290
90 293
90 310
90 318
90 323
90 376
90 413
90 433
90 439
90 443
90 530
90 546
90 558
90 688
90 738
90 837
90 860
90 928
90 938
90 1022
91 223
91 266
91 507
91 725
91 827
91 1027
92 159
92 201
92 312
92 493
92 790
92 1050
93 133
93 140
93 220
93 947
93 972
94 122
94 591
94 717
94 780
94 972
94 1044
95 595
95 653
95 687
95 890
95 1025
95 1050
96 215
96 266
96 631
96 1023
97 144
97 216
97 227
97 279
97 300
97 392
97 403
97 430
97 469
97 550
97 564
97 746
97 747
97 758
97 769
97 864
97 885
97 911
97 914
97 1058
97 1072
98 219
98 579
98 600
98 625
98 1032
99 106
99 205
99 230
99 495
99 773
99 926
100 112
100 485
100 662
100 680
100 775
100 846
101 159
101 521
101 566
101 788
102 145
102 168
102 222
102 236
102 237
102 292
102 303
102 330
102 395
102 519
102 523
102 534
102 541
102 597
102 650
102 800
102 830
102 854
102 872
102 944
102 995
103 218
103 219
103 343
103 687
103 1040
103 1050
104 326
104 342
104 375
104 401
104 444
104 446
104 452
104 557
104 622
104 624
104 667
104 690
104 736
104 742
104 802
104 821
104 825
104 836
104 840
104 919
104 978
104 1009
104 1057
105 385
105 411
105 542
105 906
105 907
105 1020
106 109
106 115
106 150
106 156
106 316
106 317
106 393
106 465
106 489
106 498
106 545
106 639
106 759
106 798
106 877
106 909
106 939
106 949
106 979
106 1011
106 1060
107 205
107 254
107 568
107 614
107 674
107 883
108 172
108 455
108 692
108 695
108 992
108 1004
109 625
109 773
109 890
109 1032
109 1036
110 251
110 610
110 652
110 660
110 846
111 191
111 315
111 788
111 942
112 125
112 129
112 167
112 369
112 379
112 423
112 461
112 470
112 496
112 502
112 532
112 577
112 642
112 691
112 711
112 792
112 850
112 891
112 922
112 1029
113 418
113 481
113 515
113 626
113 653
113 727
114 207
114 456
114 748
114 773
114 951
115 207
115 748
115 930
115 951
116 151
116 565
116 890
116 1034
116 1036
116 1070
117 295
117 314
117 335
117 337
117 365
117 367
117 369
117 386
117 480
117 500
117 533
117 552
117 596
117 646
117 648
117 745
117 753
117 850
117 873
117 882
117 1062
118 158
118 187
118 197
118 248
118 276
118 334
118 410
118 458
118 492
118 612
118 635
118 703
118 709
118 716
118 761
118 768
118 795
118 810
118 816
118 855
118 865
118 1012
119 140
119 220
119 291
119 405
119 615
119 683
120 456
120 463
120 495
120 781
120 787
121 140
121 291
121 405
121 512
121 615
121 893
122 246
122 257
122 272
122 297
122 305
122 311
122 326
122 384
122 454
122 471
122 477
122 572
122 619
122 665
122 677
122 742
122 803
122 825
122 836
122 933
122 967
122 970
122 991
123 219
123 455
123 600
123 692
123 771
123 992
124 456
124 495
124 616
124 781
124 926
125 286
125 354
125 674
125 892
126 133
126 172
126 757
126 972
126 1004
127 238
127 294
127 483
127 773
127 951
128 601
128 638
128 787
128 926
128 954
129 244
129 286
129 625
129 871
129 1032
130 141
130 176
130 179
130 248
130 264
130 277
130 410
130 438
130 644
130 767
130 810
130 816
130 858
130 874
130 941
130 963
130 996
130 1003
130 1007
130 1018
130 1039
130 1048
131 159
131 244
131 514
131 790
131 859
131 875
132 507
132 574
132 725
132 731
132 827
133 231
133 243
133 338
133 384
133 454
133 477
133 494
133 536
133 540
133 576
133 706
133 739
133 851
133 921
133 967
133 1028
133 1047
134 467
134 773
134 890
134 951
134 1025
134 1032
135 210
135 215
135 507
135 631
135 959
136 147
136 194
136 456
136 733
136 895
136 930
137 251
137 308
137 652
137 904
137 955
138 146
138 299
138 363
138 486
138 496
138 502
138 534
138 580
138 691
138 729
138 751
138 763
138 776
138 778
138 800
138 812
138 834
138 878
138 980
138 1029
138 1045
138 1049
139 191
139 408
139 783
139 788
139 942
140 217
140 330
140 413
140 421
140 519
140 530
140 541
140 570
140 576
140 594
140 650
140 714
140 738
140 739
140 765
140 927
140 964
140 966
141 169
141 586
141 625
141 718
141 1032
142 411
142 483
142 521
142 542
142 987
143 411
143 542
143 620
143 906
143 907
144 205
144 254
144 620
144 652
144 907
145 291
145 565
145 604
145 626
145 1014
146 177
146 954
146 1034
146 1070
147 168
147 189
147 249
147 298
147 323
147 347
147 376
147 394
147 395
147 627
147 694
147 697
147 730
147 830
147 860
147 880
147 903
147 923
147 934
147 975
147 995
147 1037
147 1078
148 191
148 315
148 783
148 942
149 205
149 254
149 555
149 568
149 614
150 229
150 238
150 294
150 483
150 951
151 190
151 200
151 222
151 237
151 292
151 303
151 304
151 306
151 349
151 373
151 425
151 527
151 684
151 734
151 811
151 901
151 920
151 1002
151 1008
151 1038
151 1041
151 1055
152 286
152 608
152 614
152 674
152 680
152 892
153 483
153 692
153 959
153 987
154 165
154 190
154 213
154 226
154 276
154 436
154 458
154 492
154 611
154 635
154 643
154 657
154 684
154 703
154 709
154 716
154 813
154 826
154 855
154 899
154 1016
154 1026
154 1055
155 451
155 579
155 783
156 230
156 254
156 773
156 787
156 926
157 574
157 827
157 947
157 981
157 986
158 169
158 343
158 571
158 839
158 917
159 166
159 448
159 462
159 474
159 475
159 516
159 524
159 569
159 641
159 693
159 752
159 818
159 869
159 894
159 936
159 988
159 997
159 1064
159 1069
160 307
160 341
160 343
160 348
160 571
161 210
161 354
161 488
161 892
161 1023
162 294
162 959
162 987
162 992
163 230
163 254
163 495
163 773
163 787
163 951
164 172
164 455
164 656
164 695
164 992
165 169
165 205
165 230
165 586
165 839
166 455
166 521
166 695
166 790
166 918
167 354
167 608
167 614
167 680
168 555
168 568
168 615
168 733
169 176
169 226
169 248
169 271
169 276
169 340
169 344
169 611
169 635
169 651
169 709
169 768
169 810
169 814
169 855
169 865
169 1012
169 1016
170 223
170 507
170 574
170 725
170 1027
171 294
171 411
171 918
171 971
171 987
172 195
172 231
172 247
172 386
172 390
172 417
172 494
172 536
172 593
172 630
172 645
172 646
172 723
172 737
172 753
172 796
172 824
172 838
172 873
172 994
173 177
173 354
173 451
173 511
173 608
173 881
174 201
174 224
174 388
174 451
175 265
175 411
175 424
175 542
175 591
175 981
176 440
176 467
176 586
176 625
177 216
177 227
177 256
177 258
177 329
177 468
177 486
177 640
177 649
177 655
177 702
177 720
177 763
177 885
177 886
177 900
177 999
177 1045
177 1059
178 625
178 773
178 951
178 1025
178 1032
178 1036
179 229
179 281
179 440
179 947
180 294
180 631
180 692
180 987
180 992
181 294
181 411
181 521
181 542
181 918
181 987
182 199
182 323
182 331
182 347
182 364
182 376
182 394
182 395
182 412
182 433
182 439
182 597
182 633
182 697
182 830
182 854
182 876
182 880
182 923
182 934
182 989
182 1037
182 1078
183 308
183 662
183 692
183 775
183 904
183 992
184 207
184 689
184 773
184 930
184 951
185 191
185 408
185 440
185 718
185 1005
186 451
186 579
186 757
186 783
186 788
187 230
187 254
187 586
187 839
187 917
188 307
188 451
188 780
188 881
188 953
188 1046
189 733
189 912
189 942
190 565
190 610
190 846
190 917
191 198
191 240
191 311
191 426
191 450
191 466
191 471
191 528
191 553
191 619
191 701
191 704
191 941
191 958
191 970
191 996
191 1003
191 1042
191 1048
191 1075
192 223
192 689
192 748
192 827
192 907
192 1020
193 348
193 514
193 555
193 568
193 603
193 875
194 199
194 202
194 241
194 250
194 310
194 318
194 331
194 386
194 417
194 444
194 627
194 697
194 745
194 753
194 802
194 821
194 837
194 873
194 913
194 978
194 1037
195 692
195 695
195 771
195 1004
196 515
196 595
196 604
196 626
196 653
196 727
197 218
197 343
197 586
197 839
197 917
198 315
198 418
198 481
198 595
198 604
199 491
199 733
199 930
200 457
200 565
200 1025
200 1034
200 1036
201 213
201 262
201 268
201 325
201 387
201 415
201 432
201 436
201 447
201 560
201 569
201 643
201 657
201 661
201 693
201 715
201 752
201 847
201 945
201 946
201 952
201 1033
202 472
202 491
202 660
202 868
202 912
203 343
203 493
203 571
203 600
203 687
203 1040
204 205
204 230
204 555
204 568
204 674
205 260
205 279
205 328
205 344
205 361
205 393
205 434
205 458
205 469
205 544
205 639
205 703
205 756
205 829
205 855
205 865
205 914
206 223
206 265
206 281
206 574
206 947
206 986
207 267
207 278
207 284
207 313
207 317
207 396
207 406
207 453
207 490
207 505
207 634
207 798
207 841
207 844
207 853
207 877
207 887
207 998
207 1079
208 320
208 481
208 595
208 604
208 626
208 727
209 215
209 507
209 959
209 1023
210 299
210 342
210 398
210 452
210 478
210 523
210 623
210 624
210 676
210 797
210 799
210 800
210 809
210 834
210 852
210 872
210 919
210 932
210 1074
211 542
211 620
211 906
211 971
211 1020
212 493
212 595
212 653
212 890
212 1036
212 1050
213 312
213 600
213 917
213 1040
214 215
214 308
214 604
214 626
214 904
214 1023
215 299
215 342
215 377
215 478
215 523
215 534
215 605
215 623
215 719
215 736
215 797
215 799
215 840
215 848
215 919
215 935
216 251
216 511
216 591
216 1044
217 220
217 457
217 868
217 1034
218 271
218 322
218 352
218 366
218 368
218 449
218 551
218 617
218 635
218 678
218 696
218 709
218 710
218 716
218 786
218 808
218 828
218 905
218 993
218 1016
219 366
219 409
219 436
219 449
219 513
219 556
219 560
219 621
219 628
219 643
219 654
219 657
219 724
219 735
219 801
219 826
219 905
219 1015
219 1021
220 232
220 239
220 283
220 338
220 519
220 530
220 570
220 576
220 585
220 594
220 650
220 794
220 845
220 921
220 927
220 944
220 966
220 1019
220 1022
221 308
221 463
221 579
221 616
221 757
221 870
222 291
222 418
222 565
222 626
223 289
223 313
223 324
223 391
223 396
223 464
223 517
223 522
223 529
223 538
223 779
223 784
223 822
223 831
223 841
223 857
223 982
223 998
223 1017
224 273
224 275
224 280
224 301
224 357
224 363
224 415
224 582
224 663
224 664
224 668
224 751
224 784
224 804
224 822
224 847
224 857
224 952
224 980
224 982
224 1049
224 1054
224 1071
225 354
225 472
225 592
225 608
226 230
226 254
226 586
226 917
227 424
227 511
227 652
227 1044
228 307
228 511
228 959
229 252
229 316
229 416
229 443
229 465
229 545
229 546
229 558
229 567
229 681
229 774
229 858
229 862
229 867
229 902
229 938
229 943
229 965
230 260
230 276
230 279
230 296
230 353
230 361
230 403
230 469
230 544
230 550
230 703
230 829
230 832
230 865
230 939
230 1035
231 656
231 717
231 757
232 405
232 493
232 512
232 893
232 1050
233 757
233 783
233 788
233 881
234 514
234 566
234 790
234 859
234 871
234 875
235 579
235 616
235 757
235 781
235 870
235 904
236 418
236 565
236 615
236 626
236 1014
237 418
237 565
237 604
237 615
238 264
238 290
238 316
238 339
238 416
238 558
238 666
238 681
238 688
238 815
238 858
238 909
238 910
238 938
238 943
238 948
238 963
238 965
238 1011
239 457
239 512
239 912
239 1034
240 408
240 418
240 595
240 626
240 653
241 472
241 868
241 895
242 354
242 511
242 608
242 881
243 579
243 656
243 757
243 972
243 1004
244 247
244 263
244 370
244 406
244 423
244 453
244 474
244 490
244 497
244 532
244 593
244 618
244 642
244 645
244 673
244 723
244 726
244 732
244 853
244 894
244 1031
245 265
245 411
245 542
245 565
245 986
245 1014
246 315
246 405
246 408
246 683
246 780
247 359
247 598
247 656
247 859
248 440
248 625
248 1032
249 359
249 598
249 733
249 1034
249 1070
250 660
250 868
250 895
250 912
251 279
251 300
251 321
251 473
251 535
251 550
251 564
251 578
251 655
251 746
251 756
251 769
251 829
251 864
251 885
251 914
251 1035
251 1051
252 613
252 890
252 973
252 1036
253 320
253 418
253 515
253 595
253 604
253 653
254 276
254 296
254 328
254 344
254 353
254 393
254 403
254 434
254 458
254 550
254 639
254 756
254 832
254 855
254 914
254 939
254 1035
255 565
255 1014
255 1025
255 1034
255 1036
255 1070
256 307
256 953
256 959
257 424
257 591
257 717
257 972
257 1046
258 307
258 511
258 631
258 953
259 281
259 788
259 955
259 1030
260 773
260 787
260 926
260 951
261 455
261 656
261 692
261 695
261 1004
262 388
262 451
262 638
262 881
263 359
263 537
263 656
263 859
263 1004
264 440
264 947
265 269
265 270
265 274
265 287
265 304
265 332
265 362
265 378
265 383
265 445
265 522
265 527
265 529
265 708
265 749
265 779
265 916
265 962
265 1038
265 1041
266 324
266 377
266 391
266 398
266 438
266 459
266 461
266 464
266 470
266 496
266 502
266 644
266 729
266 770
266 799
266 835
266 852
266 874
266 878
266 957
266 1018
267 320
267 613
267 689
267 727
267 898
268 312
268 906
268 942
269 614
269 631
269 959
269 986
270 281
270 574
270 827
270 947
270 981
271 571
271 586
271 839
271 917
272 451
272 881
272 953
272 1046
273 537
273 598
273 918
274 281
274 574
274 827
274 986
275 521
275 537
275 598
275 638
276 839
277 315
277 408
277 440
277 592
278 725
278 731
278 748
278 859
278 871
279 620
279 1020
280 312
280 388
280 451
280 638
280 881
281 338
281 421
281 529
281 538
281 539
281 570
281 576
281 739
281 744
281 785
281 858
281 889
281 902
281 908
281 921
281 948
281 963
281 1017
282 485
282 610
282 614
282 907
282 1020
283 512
283 683
283 687
283 893
283 1050
284 515
284 613
284 727
284 748
284 898
285 451
285 579
285 757
285 788
285 881
286 369
286 470
286 496
286 532
286 577
286 637
286 648
286 670
286 685
286 691
286 711
286 726
286 729
286 772
286 789
286 878
286 891
286 1031
287 614
287 631
287 674
287 986
288 457
288 565
288 890
288 1014
288 1036
288 1070
289 507
289 731
289 827
289 1027
290 616
290 781
290 868
291 292
291 298
291 299
291 330
291 395
291 523
291 585
291 597
291 605
291 650
291 800
291 817
291 834
291 901
291 920
291 934
291 944
291 989
291 995
292 418
292 604
292 1014
293 491
293 660
293 895
293 912
294 316
294 389
294 407
294 427
294 465
294 518
294 575
294 599
294 659
294 672
294 754
294 777
294 862
294 909
294 950
294 1053
294 1066
295 463
295 481
295 616
295 653
295 662
296 568
296 674
296 883
297 307
297 451
297 780
297 953
298 555
298 615
298 733
298 883
299 615
299 954
300 308
300 904
300 1030
301 359
301 521
301 598
302 341
302 348
302 514
302 568
302 875
302 883
303 604
303 615
303 626
303 1014
304 411
304 565
304 971
304 986
305 320
305 488
305 515
305 780
306 457
306 1014
306 1025
306 1036
306 1070
307 334
307 340
307 572
307 612
307 632
307 696
307 702
307 710
307 720
307 768
307 803
307 805
307 808
307 814
307 828
307 991
307 1068
308 314
308 319
308 335
308 367
308 372
308 381
308 478
308 480
308 484
308 578
308 719
308 758
308 764
308 797
308 932
308 1072
308 1074
309 312
309 385
309 388
310 491
310 660
310 868
311 405
311 408
311 893
311 1046
312 357
312 415
312 432
312 504
312 516
312 560
312 563
312 569
312 602
312 607
312 643
312 654
312 661
312 715
312 813
312 826
312 847
312 869
312 946
313 620
313 748
313 827
313 1020
314 662
314 870
314 992
315 358
315 419
315 466
315 471
315 508
315 526
315 553
315 665
315 701
315 707
315 884
315 941
315 958
315 970
315 1003
315 1006
315 1007
315 1042
316 773
316 987
317 456
317 689
317 930
317 951
318 472
318 491
318 912
319 616
319 757
319 781
319 870
320 346
320 371
320 435
320 437
320 446
320 505
320 510
320 554
320 587
320 667
320 690
320 742
320 825
320 836
320 844
320 1000
320 1057
321 511
321 591
321 652
321 1044
322 571
322 592
322 906
322 1005
323 868
323 942
324 507
324 574
324 725
324 731
325 388
325 906
326 488
326 515
326 727
326 780
327 385
327 542
327 907
327 971
327 1020
328 495
328 773
328 926
328 951
329 354
329 511
329 881
329 892
330 512
330 683
330 893
331 456
331 733
331 895
332 614
332 631
332 674
332 959
332 981
333 405
333 660
333 717
333 893
333 972
334 424
334 586
334 591
334 953
335 775
335 904
335 992
336 451
336 757
336 783
336 881
337 491
337 656
337 662
337 895
337 1004
338 512
338 947
338 972
339 463
339 781
339 868
339 912
340 586
340 591
340 953
340 1044
341 404
341 429
341 438
341 460
341 525
341 551
341 581
341 696
341 710
341 755
341 808
341 835
341 874
341 925
341 929
341 940
341 961
341 1001
341 1018
341 1039
342 354
342 488
342 892
343 352
343 366
343 399
343 492
343 531
343 547
343 551
343 611
343 635
343 786
343 808
343 828
343 961
343 1015
343 1016
343 1068
344 586
344 839
344 917
345 456
345 613
345 898
345 930
345 955
345 1030
346 418
346 481
346 515
346 595
346 626
347 868
347 912
348 404
348 429
348 551
348 589
348 617
348 644
348 696
348 762
348 767
348 770
348 820
348 828
348 835
348 929
348 956
348 977
348 1001
348 1018
348 1039
348 1068
349 457
349 890
349 1014
349 1034
349 1036
350 400
350 404
350 448
350 460
350 462
350 517
350 589
350 618
350 664
350 673
350 750
350 822
350 894
350 896
350 925
350 929
350 931
350 956
350 982
350 1024
350 1054
350 1061
351 613
351 731
351 942
351 973
351 1027
352 592
352 906
353 555
353 614
353 883
354 452
354 506
354 577
354 629
354 649
354 670
354 685
354 700
354 736
354 792
354 833
354 840
354 999
354 1052
355 455
355 600
355 692
355 771
355 1040
356 566
356 788
356 790
356 918
357 388
357 881
358 408
358 788
359 394
359 412
359 581
359 663
359 668
359 723
359 732
359 755
359 762
359 796
359 923
359 975
359 977
359 1001
359 1071
360 483
360 555
360 592
360 883
360 987
361 555
361 614
361 674
361 883
362 424
362 542
362 591
362 971
362 986
363 495
363 638
363 787
363 954
364 537
364 598
364 733
364 1034
364 1070
365 463
365 595
365 653
365 775
365 781
366 493
366 600
366 687
367 692
367 775
367 870
367 992
368 571
368 600
368 687
368 1040
368 1050
369 485
369 610
369 775
370 689
370 725
370 731
370 748
370 859
371 488
371 515
371 906
372 463
372 616
372 757
372 904
373 485
373 565
373 610
373 839
373 917
374 521
374 566
374 695
374 771
374 790
375 515
375 727
375 780
375 1046
376 912
376 942
377 507
377 631
377 959
377 1023
378 411
378 591
378 971
378 986
378 1044
379 608
379 674
379 680
379 892
380 456
380 689
380 748
380 773
380 930
380 951
381 662
381 692
381 775
381 870
382 515
382 613
382 689
382 727
382 748
382 973
383 674
383 959
383 986
384 424
384 591
384 780
384 972
385 387
385 399
385 432
385 446
385 482
385 531
385 549
385 554
385 557
385 602
385 667
385 678
385 690
385 715
385 721
385 743
385 976
385 993
385 1033
386 491
386 656
386 662
387 388
387 942
388 436
388 447
388 504
388 516
388 563
388 602
388 607
388 654
388 657
388 693
388 752
388 813
388 826
388 869
388 945
388 952
388 1033
389 521
389 542
389 971
389 987
390 455
390 656
390 692
390 771
391 574
391 731
391 1027
392 424
392 511
392 591
392 652
393 787
393 926
393 951
394 537
394 1034
394 1070
395 555
395 568
396 620
396 689
396 827
396 907
397 485
397 614
397 620
397 846
397 1020
398 507
398 959
398 1023
399 571
399 592
399 906
400 455
400 514
400 771
400 955
401 488
401 515
401 727
401 906
402 456
402 463
402 495
402 781
402 926
402 930
403 620
403 652
403 1020
404 514
404 555
404 883
405 426
405 471
405 540
405 541
405 594
405 650
405 714
405 845
405 944
405 966
405 970
405 1006
405 1047
406 731
406 748
406 859
406 1027
407 483
407 568
407 592
407 883
408 419
408 426
408 450
408 508
408 526
408 528
408 619
408 665
408 704
408 707
408 884
408 996
408 1006
408 1007
408 1048
408 1075
409 467
409 600
409 757
409 1032
410 467
410 586
410 625
410 718
411 425
411 445
411 575
411 583
411 658
411 669
411 721
411 743
411 749
411 916
411 976
411 1002
411 1041
411 1066
412 457
412 598
412 733
412 1070
413 512
413 912
413 1034
413 1070
414 631
414 674
414 959
414 981
414 986
415 451
415 881
416 440
416 718
416 947
417 491
417 662
417 775
417 1004
418 450
418 478
418 508
418 587
418 590
418 707
418 719
418 797
418 809
418 817
418 848
418 901
418 1000
418 1042
418 1074
419 440
419 592
419 718
419 1005
420 485
420 674
420 846
420 907
420 1020
421 512
421 717
421 947
421 972
422 463
422 595
422 616
422 653
422 662
422 775
423 467
423 625
423 680
423 871
424 445
424 454
424 509
424 564
424 583
424 651
424 655
424 722
424 749
424 761
424 768
424 814
424 885
424 967
425 542
425 565
425 981
425 986
426 683
426 780
426 1046
427 483
427 521
427 542
427 918
427 971
428 472
428 660
428 683
428 717
428 893
428 972
429 495
429 537
429 598
429 926
430 472
430 610
430 652
430 660
430 846
431 662
431 775
431 870
431 904
431 992
432 906
433 733
433 912
434 555
434 674
434 883
435 689
435 727
435 748
435 898
435 973
436 600
436 917
437 481
437 515
437 604
437 626
437 653
438 603
438 718
439 733
439 868
439 942
440 553
440 767
440 770
440 795
440 816
440 835
440 858
440 874
440 902
440 940
440 948
440 996
440 1003
440 1018
441 614
441 631
441 981
441 986
442 481
442 493
442 595
442 687
442 890
442 1025
443 463
443 781
443 868
444 731
444 895
444 1027
445 971
445 981
445 1044
446 515
446 906
447 493
447 566
447 687
447 790
448 514
448 790
448 859
448 871
449 493
449 571
449 687
449 1040
450 481
450 604
450 653
451 563
451 649
451 740
451 803
451 847
451 924
451 937
451 974
451 991
451 999
452 608
452 1023
453 689
453 725
453 859
453 1027
454 717
454 780
454 1044
455 476
455 556
455 559
455 641
455 735
455 750
455 818
455 823
455 824
455 960
455 1024
455 1061
455 1069
456 479
456 499
456 562
456 584
456 627
456 782
456 798
456 866
456 876
456 877
456 880
456 1037
456 1060
457 486
457 530
457 640
457 682
457 734
457 738
457 763
457 765
457 794
457 812
457 843
457 903
457 923
457 975
457 1045
457 1078
458 586
458 839
459 507
459 574
459 731
459 827
459 1027
460 568
460 603
460 875
460 883
461 507
461 601
461 680
461 954
462 566
462 859
462 871
462 875
463 484
463 500
463 552
463 558
463 647
463 671
463 688
463 699
463 705
463 764
463 782
463 867
463 938
463 969
464 725
464 731
464 827
465 483
465 773
466 783
466 788
467 487
467 489
467 498
467 532
467 621
467 628
467 726
467 759
467 766
467 801
467 810
467 816
467 922
467 949
467 1031
468 511
468 601
468 954
468 1034
468 1070
469 652
469 907
469 1020
470 601
470 954
471 780
471 893
472 473
472 506
472 535
472 629
472 700
472 746
472 747
472 837
472 861
472 863
472 864
472 928
472 1013
472 1047
473 485
473 610
473 652
473 660
474 514
474 566
474 871
474 875
475 783
475 788
475 790
475 918
476 514
476 771
476 875
476 1030
477 591
477 717
477 1044
477 1046
478 604
478 904
479 613
479 930
479 973
479 1030
480 662
480 692
480 904
481 500
481 508
481 552
481 590
481 699
481 760
481 806
481 807
481 849
481 884
481 915
481 983
481 1000
481 1042
481 1062
481 1075
482 488
482 515
482 727
482 906
483 518
483 520
483 545
483 575
483 588
483 599
483 669
483 777
483 897
483 965
483 1011
483 1043
483 1053
483 1063
483 1066
484 579
484 781
484 870
485 535
485 543
485 606
485 684
485 746
485 747
485 769
485 772
485 811
485 856
485 899
485 911
485 1026
485 1055
486 601
486 1034
487 579
487 600
487 625
487 1040
488 510
488 554
488 624
488 667
488 677
488 690
488 742
488 802
488 840
488 935
488 978
488 1009
488 1073
489 625
489 773
489 890
489 1025
490 689
490 725
490 731
490 871
491 622
491 627
491 646
491 694
491 737
491 745
491 802
491 821
491 876
491 880
491 928
491 1009
491 1013
491 1037
491 1073
492 571
492 586
492 917
493 516
493 569
493 594
493 607
493 693
493 714
493 786
493 807
493 845
493 849
493 905
493 915
493 964
494 579
494 717
494 757
494 1004
495 581
495 582
495 639
495 705
495 755
495 762
495 776
495 778
495 804
495 820
495 939
495 1001
495 1010
495 1049
496 507
496 601
497 689
497 731
497 748
497 871
497 1027
498 625
498 951
498 1025
498 1036
499 613
499 955
499 973
499 1030
500 595
500 616
500 775
501 511
501 631
501 953
502 680
502 954
503 521
503 537
503 598
503 638
503 918
504 906
504 942
505 515
505 613
505 689
505 973
506 592
506 660
506 892
507 637
507 644
507 676
507 691
507 729
507 767
507 835
507 874
507 940
507 1029
507 1039
508 595
508 626
509 717
509 780
509 972
509 1044
509 1046
510 727
510 780
510 1046
511 564
511 580
511 632
511 655
511 682
511 702
511 763
511 812
511 937
511 1045
511 1059
512 541
512 585
512 714
512 738
512 739
512 765
512 794
512 845
512 921
512 944
512 964
512 1019
512 1022
513 600
513 695
513 771
513 992
514 517
514 589
514 664
514 673
514 750
514 784
514 822
514 857
514 894
514 925
514 931
514 1065
515 557
515 590
515 634
515 667
515 677
515 836
515 844
516 687
516 790
517 574
517 638
518 692
518 959
518 992
519 615
519 683
519 893
520 555
520 568
520 987
520 1005
521 524
521 575
521 663
521 668
521 669
521 818
521 823
521 988
521 997
521 1067
521 1069
522 827
522 947
522 986
523 601
523 954
524 566
524 783
524 788
524 918
525 537
525 598
525 603
525 787
525 926
526 783
526 942
527 542
527 565
527 971
527 981
528 783
529 827
529 981
530 912
530 1070
531 571
531 592
531 1005
532 859
532 1032
533 595
533 616
533 653
533 662
533 781
534 615
534 954
534 1023
535 652
535 846
536 579
536 656
536 972
537 593
537 645
537 668
537 723
537 755
537 796
537 820
537 903
537 975
537 977
537 1001
537 1056
537 1071
537 1078
538 827
538 947
538 981
538 986
539 788
539 947
539 1030
540 660
540 683
540 972
541 615
541 683
542 549
542 658
542 679
542 708
542 722
542 743
542 749
542 897
542 1038
542 1041
542 1066
543 614
543 620
543 674
543 846
543 907
544 568
544 614
544 883
545 951
545 987
546 616
546 781
546 912
547 571
547 906
547 1005
548 600
548 692
548 695
548 771
548 992
548 1040
549 620
549 906
549 907
549 971
550 620
550 907
551 953
552 595
552 662
552 781
553 592
553 718
554 727
555 597
555 599
555 659
555 754
555 830
555 832
555 925
555 929
555 956
555 989
556 692
556 695
556 992
556 1040
557 727
558 616
558 868
559 656
559 692
559 771
559 992
559 1004
560 839
560 917
560 1040
561 600
561 625
561 757
561 1032
561 1040
562 616
562 781
562 787
562 926
562 930
563 638
564 1044
565 679
565 684
565 734
565 817
565 843
565 899
565 916
565 920
565 968
565 1026
566 569
566 607
566 618
566 641
566 673
566 693
566 823
566 869
566 894
566 936
566 946
566 960
566 1067
566 1069
567 613
567 890
567 898
567 1025
568 589
568 672
568 754
568 832
568 854
568 925
568 929
568 934
568 989
568 995
568 1043
569 687
570 717
570 972
571 611
571 617
571 678
571 696
571 709
571 710
571 716
571 905
571 961
571 993
571 1015
571 1068
572 881
572 953
572 1046
573 731
573 898
573 973
573 1027
574 664
574 779
574 831
574 841
574 857
574 957
574 982
574 984
574 998
574 1017
574 1054
574 1065
574 1079
575 971
576 717
576 947
577 608
577 614
577 674
578 652
578 870
578 955
578 1030
579 621
579 706
579 713
579 724
579 764
579 766
579 801
579 838
579 924
579 969
579 990
579 994
580 601
580 1034
580 1070
581 598
581 603
581 787
582 601
582 787
582 954
583 591
583 971
583 981
583 986
584 613
584 898
584 955
585 615
585 683
585 893
586 611
586 612
586 651
586 703
586 716
586 761
586 795
586 814
586 816
586 1016
587 595
587 626
587 653
587 727
588 631
588 692
588 959
588 987
588 992
589 603
589 883
590 595
590 604
590 727
591 612
591 651
591 655
591 658
591 708
591 768
591 851
591 885
591 1012
592 629
592 659
592 754
592 819
592 863
592 941
592 993
592 996
592 1043
592 1048
592 1052
593 598
593 656
593 871
594 687
594 893
595 701
595 707
595 760
595 849
595 983
595 1075
596 692
596 775
596 870
596 904
597 733
597 883
598 645
598 663
598 732
598 762
598 820
598 903
598 923
598 1056
598 1078
599 883
599 1005
600 643
600 654
600 766
600 786
600 801
600 813
600 905
600 945
600 1015
601 605
601 637
601 640
601 682
601 776
601 804
601 834
601 872
601 878
601 980
601 1029
601 1045
601 1049
602 906
602 942
603 617
603 644
603 710
603 755
603 762
603 767
603 770
603 808
603 820
603 828
603 874
603 925
603 940
603 956
603 961
603 977
603 1068
604 623
604 701
604 707
604 719
604 809
604 817
604 884
604 920
604 932
604 1000
604 1075
605 615
605 954
605 1023
606 610
606 614
606 620
606 674
606 1020
607 790
607 1050
608 624
608 629
608 685
608 711
608 819
608 833
608 840
608 861
608 863
608 900
608 919
608 935
608 937
608 999
609 788
609 947
609 955
610 648
610 747
610 769
610 772
610 791
610 842
610 850
610 856
610 864
610 891
610 899
610 968
610 1055
611 839
612 1044
613 636
613 666
613 712
613 910
613 943
613 985
613 1076
613 1077
614 670
614 711
614 791
614 792
614 832
615 817
615 830
615 834
615 854
615 872
615 901
615 920
615 934
615 989
616 681
616 688
616 705
616 760
616 782
616 867
616 969
616 1010
616 1062
617 953
618 790
618 859
618 875
619 683
619 780
619 893
620 721
620 743
620 756
620 829
620 831
620 842
620 856
620 976
620 984
620 998
621 1032
621 1040
622 725
622 731
622 895
623 626
623 870
623 904
624 892
624 1023
625 628
625 642
625 724
625 726
625 789
625 795
625 801
625 979
626 701
626 797
626 848
626 884
626 901
626 920
626 932
626 1042
626 1074
626 1075
627 733
628 757
628 1040
629 660
629 1005
630 656
630 692
630 695
630 771
630 992
631 632
631 676
631 702
631 720
631 777
631 852
631 886
631 950
631 962
631 1053
631 1063
632 953
632 959
633 733
633 868
633 912
633 942
634 689
634 727
634 898
634 973
635 839
636 898
636 930
636 1030
637 680
637 954
638 661
638 663
638 664
638 776
638 778
638 784
638 804
638 847
638 952
638 980
638 982
638 1065
638 1071
639 773
639 787
640 954
640 1070
641 771
641 918
642 680
642 859
642 1032
643 839
644 718
645 859
645 1004
646 775
646 895
646 1004
647 757
647 781
647 870
647 904
648 662
648 680
648 846
649 881
649 892
650 893
651 953
652 655
652 747
652 756
652 758
652 829
652 911
652 1035
652 1051
652 1058
652 1072
653 699
653 701
653 707
653 806
653 807
653 884
653 915
653 1000
653 1042
653 1062
654 839
654 917
656 706
656 728
656 732
656 737
656 745
656 796
656 873
656 888
656 913
656 994
656 1056
657 839
657 1040
658 981
658 986
658 1044
659 883
659 987
659 1005
660 746
660 769
660 819
660 833
660 837
660 861
660 911
660 928
660 1028
660 1047
660 1052
661 881
662 699
662 737
662 753
662 760
662 772
662 882
662 891
662 913
663 918
664 827
665 683
665 893
665 1046
666 898
666 1025
666 1036
668 918
669 918
669 971
669 987
670 680
670 892
671 781
671 787
671 926
671 930
672 883
672 987
672 1005
673 790
673 871
674 685
674 791
674 792
674 832
674 842
674 856
674 962
675 725
675 898
675 942
675 973
675 1027
676 1023
677 727
677 1046
678 906
678 1005
679 971
679 981
679 986
679 1014
680 685
680 726
680 729
680 772
680 789
680 792
680 850
680 878
680 922
680 1029
680 1031
681 781
681 868
681 912
682 954
682 1034
683 714
683 845
683 944
683 958
683 964
683 966
683 970
683 1028
683 1047
684 839
684 846
686 783
686 788
686 947
686 955
686 1030
687 752
687 806
687 845
687 869
687 915
687 946
687 964
687 966
687 983
687 1015
688 912
689 698
689 798
689 831
689 841
689 887
689 984
689 1060
690 727
690 906
691 954
692 777
692 882
692 950
692 1021
693 1050
694 733
694 895
694 930
695 728
695 750
695 896
695 931
695 960
695 1021
695 1024
695 1064
695 1069
696 953
697 895
697 930
698 725
698 748
698 859
698 871
698 1027
699 775
699 781
700 892
700 1005
702 959
703 917
704 788
704 942
705 926
705 930
706 717
706 1004
708 971
708 981
708 1044
709 917
711 892
712 731
712 898
712 942
712 1027
713 757
713 783
713 881
714 1050
715 942
716 839
717 838
717 888
717 921
717 994
717 1019
717 1028
717 1047
718 770
718 795
718 810
718 835
718 902
718 940
718 941
718 948
718 963
718 1007
718 1039
718 1048
719 870
719 1023
721 907
721 971
722 971
722 981
722 986
722 1044
723 871
723 1004
724 757
724 1032
724 1040
725 741
725 821
725 853
725 957
725 978
725 985
725 1009
725 1077
726 859
727 742
727 825
727 1000
727 1057
728 771
728 992
728 1004
729 954
730 733
730 868
730 912
730 942
731 741
731 802
731 887
731 978
731 985
731 1073
732 871
732 1004
733 854
733 860
733 876
733 903
733 975
733 989
733 995
734 890
734 1025
734 1070
735 771
735 992
735 1040
736 892
736 1023
737 775
737 895
738 868
738 1070
739 972
740 780
740 953
740 1046
741 898
741 942
741 973
742 1046
743 1020
744 783
744 788
744 947
744 955
745 775
745 1004
746 846
748 831
748 844
748 853
748 877
748 984
748 998
748 1060
748 1079
749 986
749 1044
750 955
750 1030
751 787
751 926
751 954
752 790
752 1050
753 895
753 1004
754 987
755 926
756 1020
757 764
757 766
757 801
757 888
757 974
757 994
758 870
758 1030
759 773
759 1025
759 1032
759 1036
760 775
760 781
761 953
761 1044
762 926
763 954
763 1034
764 781
764 904
765 868
765 912
765 1034
766 1032
766 1040
771 818
771 823
771 824
771 896
771 931
771 1021
771 1061
771 1064
772 775
773 798
773 862
773 877
773 965
773 1011
774 898
774 973
774 1025
774 1036
775 850
775 873
775 891
775 913
775 1062
776 787
778 926
778 954
779 947
779 981
780 803
780 805
780 825
780 851
780 933
780 958
780 1006
781 938
781 1010
781 1062
782 787
782 926
783 785
783 793
783 889
783 908
783 924
783 936
783 988
783 1067
784 827
784 875
785 947
785 955
785 1030
786 1040
786 1050
787 820
787 977
787 980
787 1001
787 1010
788 908
788 924
788 974
788 990
788 997
788 1067
789 859
789 871
789 1032
790 818
790 823
790 946
790 960
790 988
790 997
790 1064
790 1067
791 846
791 907
791 1020
792 892
793 947
793 1030
794 868
794 912
794 1070
795 1032
796 859
796 871
797 870
799 959
800 954
800 1023
802 1027
803 881
804 926
804 954
805 881
805 1046
806 1025
806 1036
806 1050
807 890
807 1025
807 1050
808 953
809 870
809 904
809 1023
810 1032
811 839
811 846
811 917
811 1014
812 954
812 1070
813 839
813 1040
814 1044
815 890
815 898
815 973
815 1036
816 1032
817 1014
819 892
821 1027
822 827
823 918
824 992
824 1004
826 917
826 1040
827 957
827 984
827 1054
827 1065
827 1079
829 907
830 883
831 1020
833 1005
834 1023
836 1046
837 895
837 912
838 972
838 1004
839 865
839 899
839 945
839 968
840 1023
841 907
841 1020
842 846
842 1020
843 890
843 1014
843 1025
843 1034
844 898
844 973
846 850
846 864
846 891
846 911
846 968
846 1026
848 870
848 904
848 1023
849 1025
849 1036
849 1050
851 972
851 1044
851 1046
852 959
852 1023
853 871
853 1027
854 883
855 917
856 907
857 875
859 887
859 894
859 922
859 1056
860 868
861 892
861 1005
862 951
862 987
863 892
863 1005
865 917
866 898
866 930
866 955
866 973
867 868
867 912
868 927
868 928
868 1013
868 1022
869 1050
870 882
870 932
870 969
870 1051
870 1058
871 887
871 922
871 1031
871 1056
872 954
872 1023
873 895
875 896
875 929
875 956
875 982
875 1024
875 1054
875 1061
875 1065
876 895
876 930
877 930
879 898
879 930
879 955
879 973
879 1030
880 895
881 900
881 924
881 933
881 937
881 952
881 990
882 904
882 992
883 934
883 956
883 995
883 1043
886 953
886 959
887 1027
888 972
888 1004
889 955
890 910
890 915
890 949
890 979
890 983
890 1008
892 900
892 919
892 935
892 937
892 1052
893 958
893 964
893 1006
893 1028
895 913
895 928
895 978
895 1009
895 1013
895 1073
896 955
897 918
897 971
897 987
898 1077
899 1014
901 1014
903 1034
904 969
904 1051
904 1058
904 1072
904 1074
905 1050
906 976
906 1033
906 1057
907 914
907 984
907 998
907 1035
907 1079
908 1030
909 951
909 987
910 973
910 1025
912 927
912 938
912 1013
913 1004
914 1020
915 1036
916 971
916 981
916 1014
917 945
917 968
917 1016
917 1026
917 1055
918 936
918 960
918 997
918 1064
918 1066
918 1071
922 1032
923 1034
926 939
926 977
926 980
926 1049
927 1034
927 1070
930 1010
930 1037
930 1076
931 1030
932 1023
933 953
935 1023
939 951
941 1005
942 1033
943 973
943 1025
943 1036
945 1040
946 1050
947 948
947 1019
949 951
949 1032
949 1036
950 959
950 987
951 965
951 979
951 1060
953 961
953 1012
953 1059
953 1068
955 1058
955 1061
955 1072
955 1076
957 1027
958 1046
959 1053
959 1059
962 981
965 987
966 1050
967 972
967 1044
967 1046
968 1014
970 1046
971 976
971 1002
971 1038
972 994
972 1019
973 985
973 1076
975 1070
976 1020
979 1025
979 1032
981 1002
981 1017
981 1041
983 1036
983 1050
986 1002
986 1017
986 1038
987 1011
987 1043
987 1063
991 1046
992 1053
992 1063
996 1005
1002 1014
1003 1005
1004 1056
1005 1007
1005 1043
1005 1052
1006 1046
1008 1014
1008 1025
1008 1034
1008 1070
1009 1027
1012 1044
1014 1026
1014 1038
1014 1041
1014 1055
1015 1050
1020 1035
1020 1079
1021 1040
1022 1034
1022 1070
1023 1074
1024 1030
1027 1073
1027 1077
1030 1051
1030 1061
1030 1072
1031 1032
1045 1070
1070 1078
