1024 10720
0 27
0 34
0 74
0 121
0 128
0 143
0 267
0 286
0 379
0 389
0 433
0 565
0 618
0 619
0 641
0 648
0 735
0 835
0 874
0 905
0 979
1 18
1 58
1 84
1 126
1 220
1 305
1 336
1 464
1 517
1 544
1 582
1 723
1 737
1 812
1 834
1 871
1 875
1 904
1 916
1 976
1 1014
2 12
2 166
2 239
2 409
2 429
2 474
2 486
2 490
2 492
2 548
2 624
2 651
2 733
2 782
2 791
2 799
2 883
2 901
2 975
2 988
2 996
3 43
3 167
3 221
3 341
3 461
3 501
3 505
3 528
3 564
3 581
3 582
3 607
3 639
3 666
3 704
3 752
3 819
3 844
3 911
3 940
3 985
4 31
4 32
4 48
4 78
4 83
4 109
4 171
4 172
4 276
4 320
4 563
4 584
4 706
4 798
4 826
4 888
4 917
4 922
4 938
4 961
4 998
5 84
5 96
5 144
5 336
5 385
5 403
5 407
5 464
5 482
5 517
5 520
5 550
5 568
5 597
5 640
5 853
5 877
5 899
5 916
5 931
5 982
6 118
6 130
6 139
6 153
6 181
6 308
6 312
6 347
6 365
6 580
6 609
6 654
6 717
6 726
6 742
6 783
6 818
6 820
6 846
6 876
6 1009
7 10
7 12
7 24
7 143
7 160
7 208
7 221
7 262
7 276
7 309
7 533
7 557
7 599
7 605
7 660
7 732
7 757
7 779
7 976
7 986
7 987
8 24
8 31
8 83
8 114
8 189
8 205
8 260
8 295
8 339
8 346
8 352
8 477
8 484
8 558
8 674
8 676
8 823
8 861
8 888
8 922
9 33
9 90
9 115
9 277
9 297
9 323
9 382
9 390
9 442
9 449
9 554
9 615
9 689
9 785
9 806
9 829
9 860
9 870
9 942
9 972
9 986
10 24
10 27
10 220
10 221
10 251
10 276
10 335
10 374
10 468
10 486
10 533
10 557
10 660
10 727
10 749
10 757
10 785
10 808
10 815
10 987
11 122
11 271
11 340
11 355
11 388
11 422
11 435
11 443
11 546
11 570
11 591
11 608
11 658
11 685
11 690
11 753
11 754
11 769
11 848
11 958
11 995
12 68
12 146
12 160
12 208
12 239
12 251
12 409
12 474
12 486
12 530
12 599
12 619
12 732
12 758
12 779
12 883
12 972
12 975
12 987
13 44
13 103
13 195
13 201
13 271
13 292
13 340
13 355
13 417
13 419
13 422
13 453
13 473
13 546
13 556
13 655
13 678
13 691
13 814
13 816
13 880
14 22
14 127
14 136
14 353
14 418
14 467
14 519
14 532
14 591
14 597
14 665
14 703
14 714
14 737
14 741
14 841
14 858
14 859
14 957
14 998
14 1000
15 65
15 122
15 139
15 291
15 344
15 367
15 466
15 495
15 573
15 589
15 599
15 602
15 626
15 749
15 773
15 884
15 927
15 947
15 960
15 989
16 53
16 80
16 97
16 133
16 206
16 217
16 491
16 497
16 528
16 537
16 607
16 614
16 640
16 661
16 715
16 827
16 837
16 911
16 948
16 974
16 1011
17 91
17 136
17 230
17 291
17 296
17 349
17 431
17 433
17 437
17 619
17 667
17 690
17 719
17 746
17 797
17 841
17 856
17 869
17 890
17 939
17 989
18 34
18 84
18 88
18 92
18 178
18 244
18 341
18 582
18 628
18 646
18 723
18 757
18 819
18 834
18 840
18 871
18 904
18 967
18 985
18 1017
19 147
19 198
19 212
19 233
19 342
19 448
19 481
19 490
19 575
19 587
19 610
19 614
19 637
19 699
19 756
19 760
19 780
19 924
19 928
19 982
19 1005
20 46
20 56
20 170
20 179
20 388
20 391
20 441
20 575
20 580
20 647
20 673
20 734
20 764
20 775
20 792
20 795
20 821
20 868
20 872
20 880
20 992
21 152
21 211
21 227
21 261
21 313
21 362
21 387
21 429
21 475
21 479
21 521
21 548
21 581
21 600
21 624
21 830
21 842
21 864
21 904
21 975
21 994
22 75
22 136
22 169
22 322
22 418
22 423
22 465
22 507
22 532
22 560
22 591
22 626
22 642
22 668
22 727
22 732
22 741
22 829
22 894
22 1000
23 79
23 179
23 216
23 241
23 245
23 275
23 391
23 403
23 458
23 535
23 536
23 551
23 577
23 664
23 700
23 736
23 792
23 831
23 950
23 953
23 1021
24 31
24 83
24 171
24 189
24 221
24 260
24 276
24 287
24 339
24 393
24 460
24 477
24 489
24 523
24 557
24 660
24 757
24 784
25 132
25 234
25 237
25 278
25 301
25 371
25 417
25 586
25 598
25 610
25 651
25 657
25 662
25 676
25 704
25 771
25 826
25 830
25 980
25 1004
25 1016
26 107
26 112
26 168
26 186
26 206
26 296
26 299
26 425
26 431
26 437
26 498
26 511
26 545
26 602
26 721
26 750
26 776
26 797
26 853
26 878
26 927
27 128
27 143
27 220
27 286
27 309
27 366
27 374
27 379
27 380
27 389
27 468
27 541
27 544
27 597
27 648
27 785
27 808
27 911
27 987
28 65
28 81
28 112
28 122
28 136
28 271
28 290
28 360
28 367
28 561
28 602
28 655
28 658
28 773
28 869
28 898
28 919
28 939
28 958
28 962
28 1019
29 33
29 68
29 105
29 147
29 180
29 369
29 371
29 472
29 663
29 671
29 696
29 711
29 741
29 752
29 782
29 799
29 851
29 901
29 935
29 975
29 984
30 120
30 139
30 192
30 249
30 293
30 306
30 312
30 347
30 354
30 547
30 556
30 609
30 616
30 726
30 847
30 884
30 934
30 951
30 952
30 1016
31 32
31 48
31 78
31 83
31 117
31 189
31 260
31 339
31 434
31 477
31 563
31 584
31 765
31 813
31 826
31 859
31 917
31 1010
32 48
32 135
32 223
32 329
32 382
32 405
32 456
32 535
32 563
32 584
32 750
32 793
32 809
32 826
32 889
32 917
32 944
32 1007
32 1012
33 68
33 208
33 371
33 390
33 483
33 486
33 671
33 680
33 689
33 752
33 785
33 799
33 866
33 890
33 935
33 942
33 972
33 979
33 986
34 39
34 74
34 92
34 263
34 307
34 341
34 566
34 619
34 628
34 634
34 641
34 735
34 840
34 905
34 913
34 967
34 979
34 994
34 1017
35 98
35 151
35 263
35 317
35 383
35 394
35 412
35 428
35 487
35 645
35 676
35 724
35 806
35 807
35 838
35 852
35 943
35 950
35 954
35 959
35 963
36 146
36 168
36 225
36 266
36 281
36 308
36 382
36 451
36 515
36 617
36 625
36 738
36 739
36 770
36 772
36 788
36 817
36 861
36 866
36 962
36 984
37 86
37 102
37 141
37 232
37 334
37 405
37 425
37 431
37 439
37 498
37 511
37 546
37 561
37 579
37 603
37 623
37 661
37 788
37 855
37 909
37 936
38 149
38 212
38 229
38 240
38 368
38 462
38 472
38 589
38 618
38 637
38 683
38 697
38 714
38 760
38 761
38 778
38 822
38 825
38 882
38 897
38 924
39 98
39 213
39 263
39 307
39 404
39 415
39 445
39 484
39 504
39 542
39 566
39 632
39 634
39 693
39 758
39 790
39 849
39 866
39 913
39 994
40 179
40 329
40 333
40 338
40 421
40 430
40 436
40 457
40 504
40 585
40 632
40 664
40 669
40 673
40 692
40 693
40 867
40 900
40 913
40 981
40 1022
41 133
41 176
41 217
41 233
41 280
41 311
41 324
41 351
41 380
41 462
41 480
41 485
41 524
41 537
41 604
41 652
41 666
41 778
41 833
41 857
41 974
42 44
42 47
42 49
42 55
42 66
42 216
42 246
42 268
42 274
42 302
42 397
42 447
42 503
42 600
42 707
42 769
42 793
42 946
42 993
42 1003
42 1018
43 102
43 120
43 131
43 178
43 221
43 341
43 375
43 459
43 461
43 493
43 523
43 582
43 611
43 646
43 657
43 677
43 728
43 844
43 921
43 940
44 55
44 66
44 103
44 161
44 195
44 268
44 302
44 419
44 422
44 516
44 600
44 612
44 678
44 691
44 718
44 752
44 830
44 988
44 993
45 110
45 143
45 145
45 232
45 272
45 330
45 366
45 378
45 395
45 482
45 491
45 541
45 593
45 661
45 666
45 737
45 747
45 808
45 864
45 878
45 965
46 56
46 170
46 252
46 338
46 356
46 448
46 458
46 580
46 669
46 681
46 764
46 774
46 792
46 814
46 821
46 848
46 850
46 868
46 872
46 1021
47 49
47 113
47 129
47 201
47 274
47 294
47 331
47 334
47 471
47 503
47 549
47 555
47 567
47 707
47 769
47 793
47 841
47 905
47 929
47 1018
48 50
48 132
48 151
48 237
48 463
48 563
48 584
48 590
48 625
48 662
48 674
48 677
48 743
48 783
48 826
48 832
48 917
48 994
49 86
49 274
49 330
49 503
49 545
49 584
49 592
49 633
49 664
49 699
49 707
49 769
49 793
49 809
49 837
49 849
49 867
49 918
49 1007
50 132
50 151
50 178
50 224
50 289
50 315
50 613
50 657
50 659
50 662
50 674
50 677
50 682
50 721
50 743
50 844
50 936
50 969
50 983
50 1004
51 85
51 103
51 109
51 117
51 162
51 355
51 372
51 378
51 406
51 430
51 455
51 470
51 476
51 503
51 658
51 698
51 753
51 754
51 836
51 849
51 970
52 87
52 145
52 147
52 187
52 207
52 222
52 227
52 265
52 280
52 324
52 350
52 402
52 423
52 444
52 488
52 492
52 539
52 679
52 918
52 963
52 996
53 133
53 217
53 376
53 491
53 497
53 499
53 501
53 505
53 534
53 537
53 568
53 643
53 699
53 878
53 895
53 909
53 911
53 948
53 968
53 974
54 108
54 148
54 164
54 166
54 170
54 196
54 200
54 227
54 325
54 381
54 383
54 457
54 577
54 588
54 615
54 640
54 650
54 695
54 824
54 864
54 895
55 66
55 67
55 150
55 156
55 224
55 268
55 298
55 302
55 396
55 408
55 409
55 600
55 620
55 635
55 652
55 745
55 792
55 886
55 993
56 67
56 134
56 155
56 157
56 170
56 315
56 356
56 397
56 536
56 551
56 580
56 636
56 745
56 764
56 792
56 831
56 872
56 992
56 993
57 81
57 92
57 131
57 153
57 203
57 236
57 247
57 253
57 363
57 378
57 394
57 466
57 613
57 653
57 668
57 694
57 807
57 811
57 839
57 872
57 977
58 61
58 95
58 107
58 126
58 144
58 156
58 157
58 200
58 297
58 352
58 373
58 409
58 517
58 544
58 737
58 764
58 877
58 916
58 969
58 1014
59 96
59 100
59 101
59 183
59 241
59 242
59 260
59 325
59 337
59 350
59 421
59 436
59 535
59 588
59 631
59 633
59 693
59 798
59 887
59 900
59 1001
60 162
60 173
60 231
60 238
60 288
60 322
60 334
60 338
60 348
60 402
60 441
60 596
60 601
60 630
60 648
60 685
60 796
60 801
60 848
60 862
60 880
61 144
61 156
61 157
61 176
61 194
61 200
61 208
61 251
61 318
61 409
61 548
61 635
61 729
61 755
61 764
61 883
61 886
61 901
61 993
61 999
62 77
62 97
62 286
62 288
62 309
62 348
62 450
62 627
62 629
62 641
62 648
62 789
62 796
62 804
62 808
62 835
62 885
62 893
62 904
62 906
62 968
63 116
63 125
63 154
63 167
63 174
63 228
63 319
63 343
63 359
63 369
63 485
63 538
63 612
63 748
63 771
63 840
63 882
63 892
63 937
63 990
63 1003
64 79
64 89
64 155
64 162
64 268
64 274
64 292
64 316
64 321
64 370
64 447
64 471
64 538
64 567
64 570
64 644
64 707
64 720
64 903
64 925
64 1018
65 204
65 215
65 240
65 367
65 466
65 569
65 599
65 602
65 626
65 749
65 847
65 869
65 876
65 919
65 939
65 947
65 958
65 989
66 165
66 195
66 261
66 268
66 302
66 319
66 340
66 452
66 453
66 470
66 512
66 516
66 600
66 639
66 651
66 671
66 993
66 997
67 150
67 153
67 155
67 156
67 200
67 224
67 298
67 356
67 397
67 416
67 536
67 551
67 635
67 687
67 792
67 821
67 831
67 868
67 992
68 146
68 251
68 262
68 277
68 371
68 374
68 384
68 398
68 530
68 619
68 671
68 680
68 752
68 758
68 799
68 870
68 935
68 972
69 87
69 100
69 127
69 222
69 229
69 259
69 267
69 283
69 349
69 389
69 419
69 512
69 513
69 641
69 670
69 712
69 713
69 728
69 845
69 852
69 874
70 94
70 104
70 142
70 214
70 253
70 270
70 304
70 310
70 400
70 401
70 462
70 485
70 523
70 682
70 740
70 770
70 805
70 832
70 891
70 964
70 978
71 112
71 114
71 168
71 182
71 209
71 264
71 392
71 425
71 437
71 451
71 730
71 731
71 738
71 767
71 773
71 839
71 931
71 958
71 962
71 969
71 1013
72 97
72 128
72 137
72 177
72 181
72 223
72 376
72 398
72 410
72 502
72 550
72 553
72 583
72 621
72 629
72 720
72 725
72 744
72 810
72 879
72 942
73 94
73 152
73 198
73 212
73 247
73 280
73 342
73 407
73 574
73 647
73 715
73 762
73 774
73 875
73 881
73 895
73 899
73 902
73 910
73 916
73 982
74 233
74 274
74 331
74 467
74 469
74 619
74 623
74 641
74 667
74 675
74 714
74 735
74 862
74 897
74 905
74 915
74 929
74 971
74 979
75 93
75 160
75 169
75 180
75 202
75 322
75 335
75 353
75 423
75 449
75 465
75 466
75 560
75 642
75 690
75 703
75 894
75 896
75 898
75 1000
76 82
76 116
76 163
76 219
76 248
76 258
76 300
76 301
76 343
76 393
76 415
76 478
76 672
76 684
76 700
76 748
76 825
76 932
76 937
76 967
76 1022
77 88
77 97
77 106
77 126
77 302
77 327
77 336
77 341
77 479
77 521
77 564
77 624
77 648
77 656
77 789
77 871
77 904
77 906
77 949
77 968
78 83
78 117
78 171
78 237
78 276
78 386
78 434
78 743
78 765
78 798
78 809
78 813
78 859
78 888
78 912
78 922
78 938
78 1010
78 1012
79 155
79 216
79 268
79 275
79 279
79 292
79 294
79 321
79 391
79 397
79 471
79 538
79 707
79 786
79 792
79 831
79 959
79 1001
79 1021
80 97
80 193
80 206
80 269
80 286
80 288
80 376
80 479
80 528
80 553
80 559
80 571
80 661
80 744
80 827
80 871
80 925
80 968
80 974
80 991
81 112
81 122
81 173
81 203
81 281
81 290
81 360
81 378
81 450
81 456
81 466
81 514
81 668
81 694
81 767
81 839
81 962
81 1013
81 1019
82 116
82 125
82 163
82 174
82 182
82 219
82 258
82 360
82 368
82 386
82 446
82 481
82 489
82 563
82 722
82 825
82 923
82 937
82 967
82 971
83 109
83 172
83 189
83 237
83 260
83 320
83 339
83 386
83 477
83 706
83 743
83 809
83 912
83 961
83 998
83 1012
84 126
84 144
84 326
84 336
84 385
84 407
84 468
84 482
84 576
84 582
84 597
84 605
84 723
84 834
84 871
84 877
84 902
84 904
85 162
85 348
85 355
85 423
85 447
85 455
85 471
85 476
85 503
85 570
85 571
85 578
85 658
85 673
85 681
85 685
85 705
85 763
85 801
85 810
86 182
86 290
86 381
86 405
86 425
86 431
86 545
86 579
86 584
86 592
86 633
86 661
86 664
86 750
86 790
86 809
86 909
86 943
86 1023
87 100
87 124
87 191
87 207
87 222
87 227
87 242
87 350
87 419
87 477
87 492
87 496
87 512
87 728
87 845
87 874
87 900
87 938
87 963
88 106
88 126
88 163
88 178
88 244
88 307
88 336
88 341
88 479
88 508
88 582
88 646
88 735
88 757
88 811
88 819
88 892
88 949
88 985
89 91
89 104
89 129
89 214
89 274
89 289
89 292
89 316
89 447
89 555
89 567
89 598
89 612
89 620
89 644
89 755
89 908
89 935
89 997
89 1002
90 110
90 325
90 364
90 432
90 442
90 500
90 502
90 529
90 543
90 554
90 563
90 615
90 777
90 802
90 806
90 860
90 870
90 912
90 941
90 959
91 136
91 163
91 279
91 296
91 328
91 494
91 555
91 612
91 619
91 620
91 631
91 690
91 712
91 755
91 840
91 856
91 890
91 908
91 997
92 175
92 236
92 247
92 253
92 282
92 341
92 363
92 508
92 539
92 628
92 783
92 803
92 807
92 811
92 840
92 952
92 967
92 1017
93 180
93 185
93 283
93 328
93 353
93 375
93 418
93 506
93 527
93 560
93 690
93 703
93 739
93 741
93 799
93 845
93 851
93 882
93 898
93 932
94 142
94 152
94 203
94 247
94 253
94 270
94 280
94 310
94 401
94 412
94 462
94 508
94 510
94 562
94 653
94 881
94 910
94 982
94 1017
95 107
95 115
95 135
95 202
95 210
95 297
95 305
95 352
95 373
95 390
95 454
95 507
95 576
95 709
95 716
95 768
95 772
95 870
95 877
95 969
96 108
96 241
96 275
96 325
96 399
96 403
96 520
96 536
96 550
96 631
96 669
96 688
96 734
96 853
96 887
96 900
96 916
96 931
96 1001
97 206
97 376
97 410
97 528
97 583
97 648
97 661
97 720
97 789
97 810
97 827
97 879
97 904
97 906
97 968
97 974
98 264
98 345
98 360
98 383
98 405
98 412
98 445
98 484
98 545
98 632
98 645
98 695
98 758
98 790
98 806
98 807
98 866
98 873
98 943
99 184
99 210
99 226
99 255
99 260
99 297
99 299
99 326
99 454
99 455
99 698
99 709
99 719
99 751
99 768
99 769
99 812
99 863
99 938
99 956
100 101
100 124
100 166
100 250
100 260
100 265
100 337
100 350
100 419
100 436
100 488
100 512
100 728
100 798
100 842
100 845
100 852
100 874
101 119
101 120
101 159
101 183
101 191
101 192
101 226
101 260
101 337
101 350
101 406
101 436
101 457
101 496
101 519
101 622
101 654
101 798
101 800
102 131
102 314
102 439
102 493
102 498
102 603
102 646
102 657
102 659
102 677
102 717
102 788
102 794
102 810
102 855
102 921
102 925
102 936
102 981
103 109
103 117
103 149
103 165
103 195
103 301
103 419
103 422
103 430
103 470
103 481
103 678
103 691
103 753
103 833
103 849
103 948
103 1008
104 129
104 214
104 282
104 289
104 304
104 321
104 400
104 414
104 438
104 598
104 770
104 832
104 935
104 951
104 964
104 978
104 1002
104 1003
105 135
105 180
105 262
105 323
105 369
105 415
105 472
105 483
105 506
105 692
105 711
105 733
105 738
105 739
105 741
105 758
105 782
105 785
105 817
105 984
106 126
106 336
106 341
106 419
106 444
106 452
106 479
106 525
106 562
106 607
106 643
106 700
106 706
106 723
106 803
106 807
106 834
106 859
106 949
107 112
107 134
107 168
107 214
107 297
107 298
107 352
107 373
107 427
107 431
107 677
107 721
107 731
107 776
107 853
107 877
107 969
107 1004
108 275
108 305
108 326
108 383
108 399
108 424
108 442
108 457
108 536
108 577
108 588
108 615
108 650
108 669
108 688
108 734
108 776
108 931
108 953
109 117
109 142
109 172
109 238
109 285
109 320
109 430
109 434
109 470
109 531
109 559
109 706
109 753
109 789
109 849
109 961
109 998
110 232
110 272
110 308
110 325
110 364
110 366
110 378
110 394
110 395
110 500
110 502
110 543
110 606
110 621
110 686
110 889
110 941
110 965
110 1015
111 123
111 130
111 158
111 172
111 314
111 416
111 484
111 509
111 601
111 695
111 726
111 742
111 804
111 820
111 872
111 933
111 934
111 961
111 1010
111 1023
112 114
112 122
112 168
112 209
112 290
112 360
112 431
112 451
112 721
112 730
112 738
112 767
112 776
112 853
112 962
112 1019
113 285
113 334
113 358
113 388
113 395
113 498
113 549
113 567
113 579
113 623
113 655
113 796
113 801
113 814
113 841
113 862
113 905
113 914
113 929
113 995
114 209
114 230
114 266
114 299
114 346
114 451
114 464
114 674
114 676
114 698
114 730
114 738
114 767
114 787
114 823
114 861
114 888
114 902
115 144
115 205
115 210
115 277
115 297
115 305
115 323
115 377
115 382
115 449
115 454
115 576
115 709
115 716
115 721
115 731
115 768
115 829
115 1014
116 154
116 161
116 163
116 167
116 219
116 246
116 258
116 321
116 351
116 359
116 369
116 771
116 882
116 891
116 937
116 967
116 990
116 997
117 197
117 231
117 270
117 320
117 430
117 434
117 470
117 753
117 765
117 813
117 849
117 859
117 906
117 914
117 991
117 1010
118 123
118 130
118 153
118 184
118 314
118 333
118 356
118 391
118 493
118 571
118 580
118 594
118 609
118 717
118 720
118 757
118 800
118 820
118 936
118 940
119 120
119 128
119 159
119 191
119 194
119 353
119 406
119 482
119 519
119 532
119 544
119 622
119 642
119 649
119 652
119 675
119 822
119 854
119 893
119 957
120 139
120 159
120 178
120 191
120 312
120 354
120 375
120 406
120 459
120 519
120 523
120 611
120 622
120 728
120 847
120 951
120 952
121 225
121 229
121 252
121 267
121 433
121 559
121 565
121 603
121 618
121 637
121 665
121 672
121 675
121 683
121 713
121 722
121 775
121 835
121 874
121 906
122 290
122 291
122 344
122 355
122 360
122 546
122 591
122 690
122 773
122 927
122 947
122 958
122 962
122 989
122 995
122 1019
123 221
123 226
123 244
123 314
123 332
123 333
123 416
123 493
123 509
123 571
123 594
123 717
123 720
123 726
123 742
123 872
123 936
123 992
123 1021
124 166
124 191
124 242
124 250
124 265
124 267
124 350
124 375
124 452
124 477
124 488
124 496
124 513
124 691
124 842
124 852
124 900
124 930
124 938
125 174
125 182
125 199
125 219
125 343
125 359
125 360
125 368
125 386
125 460
125 481
125 563
125 672
125 748
125 761
125 828
125 840
125 892
125 915
126 326
126 336
126 341
126 385
126 468
126 479
126 517
126 544
126 576
126 605
126 737
126 902
126 916
126 949
126 1014
127 190
127 222
127 259
127 267
127 283
127 293
127 344
127 353
127 420
127 467
127 608
127 712
127 816
127 841
127 852
127 858
127 859
127 939
127 998
128 143
128 177
128 194
128 223
128 286
128 379
128 389
128 502
128 621
128 629
128 642
128 648
128 649
128 652
128 744
128 893
128 957
129 161
129 201
129 214
129 289
129 294
129 316
129 319
129 331
129 408
129 471
129 494
129 555
129 598
129 856
129 935
129 999
129 1002
129 1018
130 153
130 158
130 445
130 509
130 558
130 580
130 609
130 627
130 630
130 695
130 717
130 813
130 820
130 934
130 961
130 1010
130 1023
131 141
131 153
131 257
131 394
131 395
131 456
131 493
131 613
131 646
131 653
131 657
131 677
131 710
131 777
131 872
131 921
131 977
131 983
132 151
132 234
132 261
132 301
132 518
132 556
132 586
132 610
132 662
132 674
132 677
132 704
132 708
132 743
132 771
132 935
132 980
132 988
133 376
133 380
133 480
133 499
133 501
133 524
133 607
133 614
133 640
133 666
133 715
133 833
133 837
133 878
133 909
133 968
133 974
133 1011
134 157
134 177
134 214
134 224
134 284
134 293
134 298
134 315
134 364
134 372
134 427
134 622
134 636
134 677
134 731
134 745
134 831
134 993
134 1004
135 202
135 210
135 223
135 323
135 382
135 390
135 456
135 483
135 506
135 507
135 738
135 758
135 772
135 809
135 817
135 870
135 889
135 944
136 271
136 296
136 418
136 532
136 561
136 591
136 619
136 655
136 658
136 690
136 741
136 773
136 856
136 890
136 898
136 1000
137 181
137 193
137 241
137 392
137 398
137 407
137 424
137 517
137 520
137 550
137 553
137 554
137 583
137 610
137 688
137 725
137 759
137 776
137 942
137 1006
138 140
138 194
138 207
138 231
138 285
138 322
138 324
138 330
138 352
138 377
138 384
138 396
138 488
138 524
138 537
138 604
138 679
138 705
138 897
138 942
138 1005
139 312
139 347
139 354
139 367
139 495
139 573
139 589
139 654
139 742
139 818
139 847
139 876
139 884
139 951
139 952
139 960
140 145
140 164
140 206
140 207
140 322
140 330
140 366
140 387
140 404
140 430
140 488
140 534
140 592
140 593
140 604
140 614
140 705
140 793
140 909
140 918
141 232
141 257
141 334
141 358
141 395
141 456
141 500
141 511
141 541
141 546
141 561
141 593
141 623
141 686
141 694
141 710
141 777
141 836
141 983
142 154
142 197
142 238
142 253
142 254
142 270
142 285
142 303
142 310
142 401
142 434
142 462
142 480
142 531
142 559
142 789
142 948
142 1020
143 262
143 286
143 309
143 379
143 389
143 482
143 491
143 533
143 593
143 605
143 648
143 666
143 737
143 808
143 976
143 986
144 156
144 157
144 200
144 205
144 210
144 336
144 377
144 407
144 409
144 482
144 597
144 721
144 731
144 764
144 877
144 1014
145 265
145 324
145 330
145 402
145 404
145 423
145 430
145 534
145 541
145 592
145 614
145 661
145 679
145 747
145 793
145 864
145 878
145 918
146 213
146 251
146 345
146 382
146 451
146 483
146 530
146 558
146 619
146 739
146 758
146 772
146 866
146 913
146 933
146 943
146 972
146 984
147 187
147 212
147 280
147 444
147 488
147 490
147 539
147 610
147 614
147 663
147 696
147 699
147 711
147 756
147 851
147 901
147 975
147 996
148 166
148 170
148 177
148 200
148 227
148 242
148 272
148 279
148 325
148 403
148 432
148 436
148 526
148 686
148 688
148 824
148 860
148 887
148 920
148 941
149 165
149 174
149 212
149 219
149 264
149 290
149 301
149 368
149 481
149 683
149 760
149 778
149 833
149 897
149 912
149 917
149 928
149 948
149 1008
150 156
150 157
150 170
150 224
150 298
150 454
150 473
150 608
150 635
150 636
150 687
150 792
150 823
150 877
150 883
150 886
150 956
150 966
150 1014
151 189
151 263
151 266
151 278
151 295
151 394
151 487
151 662
151 674
151 676
151 677
151 730
151 743
151 838
151 922
151 954
151 966
152 154
152 211
152 247
152 252
152 280
152 362
152 387
152 440
152 552
152 624
152 696
152 733
152 795
152 864
152 881
152 910
152 982
152 994
153 200
153 394
153 416
153 580
153 609
153 613
153 653
153 687
153 717
153 820
153 821
153 831
153 868
153 872
153 977
154 167
154 197
154 252
154 254
154 303
154 369
154 440
154 480
154 552
154 696
154 733
154 771
154 795
154 882
154 948
154 990
154 1020
155 201
155 216
155 268
155 317
155 321
155 356
155 397
155 471
155 536
155 538
155 551
155 631
155 644
155 707
155 802
155 920
155 992
156 157
156 200
156 224
156 255
156 295
156 298
156 346
156 409
156 435
156 635
156 636
156 716
156 764
156 792
156 816
157 200
157 315
157 409
157 454
157 473
157 608
157 636
157 745
157 764
157 823
157 831
157 956
157 966
157 993
158 173
158 249
158 284
158 306
158 312
158 417
158 420
158 518
158 547
158 638
158 654
158 695
158 781
158 885
158 934
158 961
158 1010
158 1020
158 1023
159 191
159 282
159 347
159 354
159 357
159 406
159 459
159 519
159 547
159 622
159 646
159 784
159 805
159 844
159 845
159 876
159 884
159 930
160 193
160 202
160 208
160 335
160 449
160 466
160 478
160 527
160 599
160 727
160 732
160 762
160 779
160 780
160 879
160 896
160 987
160 1000
161 246
161 316
161 319
161 321
161 351
161 359
161 408
161 494
161 516
161 612
161 718
161 752
161 830
161 856
161 891
161 988
161 997
161 999
162 322
162 338
162 355
162 370
162 402
162 441
162 455
162 476
162 503
162 570
162 658
162 685
162 720
162 796
162 903
162 925
162 1018
163 219
163 258
163 279
163 307
163 328
163 494
163 508
163 582
163 631
163 712
163 735
163 811
163 840
163 892
163 937
163 967
164 196
164 206
164 366
164 381
164 387
164 429
164 463
164 521
164 552
164 566
164 593
164 640
164 695
164 747
164 864
164 895
164 909
164 910
164 918
165 301
165 320
165 340
165 404
165 434
165 452
165 453
165 470
165 476
165 481
165 512
165 516
165 678
165 754
165 833
165 867
165 948
165 1008
166 170
166 200
166 227
166 250
166 265
166 325
166 429
166 488
166 492
166 624
166 651
166 824
166 842
166 852
166 901
166 988
167 300
167 369
167 639
167 662
167 666
167 704
167 752
167 756
167 759
167 771
167 819
167 882
167 911
167 945
167 980
167 990
167 1008
168 182
168 264
168 266
168 281
168 431
168 515
168 721
168 773
168 776
168 817
168 839
168 853
168 861
168 958
168 962
168 1013
169 176
169 215
169 218
169 322
169 379
169 396
169 423
169 433
169 465
169 519
169 573
169 578
169 629
169 642
169 649
169 670
169 854
169 894
169 903
170 200
170 227
170 325
170 580
170 636
170 687
170 764
170 792
170 824
170 872
170 877
170 883
170 886
170 1014
171 244
171 276
171 287
171 339
171 393
171 411
171 460
171 489
171 523
171 533
171 702
171 784
171 798
171 888
171 922
171 938
171 940
171 987
172 249
172 320
172 381
172 484
172 509
172 601
172 706
172 781
172 804
172 813
172 820
172 873
172 933
172 961
172 998
172 1010
173 249
173 281
173 288
173 306
173 450
173 456
173 514
173 596
173 601
173 630
173 638
173 648
173 654
173 767
173 801
173 885
173 1013
173 1020
174 219
174 264
174 290
174 343
174 359
174 446
174 489
174 722
174 748
174 825
174 840
174 892
174 912
174 917
174 923
174 928
174 971
175 211
175 282
175 413
175 508
175 522
175 539
175 566
175 590
175 606
175 609
175 617
175 725
175 742
175 743
175 770
175 783
175 803
175 826
175 952
175 1009
176 194
176 217
176 218
176 233
176 324
176 379
176 396
176 519
176 604
176 629
176 635
176 652
176 755
176 778
176 854
176 883
176 993
176 999
177 223
177 224
177 272
177 284
177 293
177 364
177 372
177 432
177 502
177 526
177 621
177 622
177 629
177 686
177 744
177 860
177 887
178 244
178 375
178 459
178 523
178 611
178 613
178 646
178 659
178 728
178 757
178 819
178 844
178 936
178 983
178 985
178 1004
179 241
179 333
179 338
179 388
179 403
179 441
179 458
179 551
179 577
179 669
179 673
179 693
179 734
179 821
179 880
179 953
179 981
180 353
180 369
180 418
180 472
180 478
180 540
180 560
180 690
180 703
180 712
180 728
180 741
180 782
180 898
180 926
180 930
180 984
181 199
181 308
181 365
181 398
181 413
181 426
181 550
181 553
181 587
181 725
181 726
181 762
181 783
181 846
181 942
181 950
181 971
181 1009
182 264
182 290
182 360
182 368
182 381
182 386
182 481
182 563
182 750
182 773
182 790
182 839
182 943
182 958
182 1013
182 1023
183 192
183 196
183 226
183 235
183 242
183 399
183 421
183 457
183 496
183 535
183 585
183 588
183 633
183 654
183 693
183 800
183 806
183 824
183 953
184 191
184 226
184 260
184 306
184 314
184 332
184 337
184 356
184 391
184 585
184 588
184 698
184 709
184 757
184 800
184 818
184 863
184 938
184 940
185 204
185 254
185 310
185 359
185 369
185 418
185 440
185 472
185 506
185 683
185 704
185 739
185 799
185 851
185 857
185 882
185 924
185 937
185 945
185 960
186 230
186 296
186 299
186 385
186 425
186 443
186 503
186 602
186 709
186 716
186 719
186 730
186 751
186 797
186 861
186 863
186 875
186 927
186 956
186 970
187 217
187 228
187 253
187 280
187 310
187 311
187 342
187 362
187 444
187 488
187 510
187 524
187 539
187 552
187 697
187 881
187 891
187 899
187 996
188 225
188 365
188 451
188 493
188 511
188 522
188 572
188 579
188 603
188 606
188 618
188 659
188 701
188 713
188 788
188 789
188 795
188 817
188 832
188 850
188 991
189 260
189 266
189 278
189 295
189 339
189 346
189 373
189 377
189 445
189 477
189 730
189 888
189 922
189 933
189 966
190 250
190 259
190 293
190 328
190 344
190 420
190 513
190 532
190 549
190 608
190 667
190 703
190 706
190 765
190 816
190 858
190 874
190 926
190 939
190 963
191 242
191 306
191 332
191 337
191 406
191 477
191 496
191 519
191 585
191 588
191 622
191 818
191 900
191 938
192 226
192 303
192 306
192 450
192 457
192 496
192 547
192 596
192 609
192 654
192 726
192 781
192 800
192 818
192 847
192 884
192 907
192 934
193 269
193 424
193 478
193 520
193 527
193 553
193 554
193 571
193 583
193 610
193 727
193 744
193 759
193 762
193 780
193 879
193 925
193 968
194 396
194 524
194 537
194 635
194 642
194 649
194 652
194 679
194 755
194 883
194 893
194 897
194 957
194 993
194 999
194 1005
195 261
195 319
195 327
195 419
195 422
195 475
195 516
195 635
195 639
195 651
195 671
195 678
195 691
195 707
195 745
195 946
195 997
196 235
196 381
196 399
196 492
196 585
196 640
196 650
196 687
196 695
196 764
196 806
196 824
196 842
196 864
196 887
196 895
196 941
196 953
197 231
197 247
197 254
197 270
197 303
197 320
197 480
197 510
197 531
197 697
197 740
197 857
197 906
197 914
197 948
197 964
197 991
197 1020
198 212
198 233
198 481
198 534
198 574
198 586
198 637
198 647
198 663
198 759
198 760
198 762
198 774
198 837
198 899
198 924
198 928
198 996
198 1005
199 219
199 413
199 426
199 460
199 469
199 587
199 665
199 672
199 761
199 762
199 778
199 822
199 828
199 905
199 915
199 923
199 950
199 971
199 1005
200 227
200 325
200 409
200 416
200 687
200 764
200 821
200 824
200 831
200 868
201 216
201 292
201 294
201 317
201 331
201 340
201 417
201 471
201 546
201 555
201 556
201 631
201 644
201 655
201 802
201 920
201 1018
202 210
202 220
202 313
202 335
202 390
202 449
202 466
202 507
202 515
202 564
202 605
202 767
202 772
202 829
202 870
202 896
202 1000
203 236
203 378
203 412
203 416
203 466
203 508
203 510
203 562
203 580
203 653
203 668
203 694
203 839
203 921
203 954
203 983
203 1015
203 1017
204 215
204 240
204 303
204 310
204 369
204 465
204 569
204 573
204 589
204 595
204 638
204 683
204 847
204 857
204 876
204 924
204 947
204 960
205 210
205 238
205 295
205 352
205 373
205 377
205 398
205 484
205 558
205 604
205 679
205 689
205 721
205 731
205 823
205 914
205 922
205 1014
206 366
206 387
206 437
206 498
206 511
206 528
206 545
206 593
206 661
206 750
206 827
206 878
206 909
206 918
206 974
207 222
207 227
207 265
207 311
207 322
207 330
207 350
207 488
207 490
207 492
207 604
207 663
207 705
207 766
207 803
207 881
207 963
208 251
208 318
208 483
208 486
208 548
208 599
208 680
208 729
208 732
208 779
208 866
208 886
208 890
208 901
208 979
208 987
209 281
209 449
209 451
209 468
209 507
209 515
209 581
209 596
209 656
209 710
209 730
209 738
209 767
209 839
209 885
209 944
209 976
209 1019
210 255
210 297
210 326
210 377
210 390
210 507
210 721
210 731
210 751
210 772
210 812
210 870
210 956
210 1014
211 213
211 362
211 387
211 463
211 522
211 566
211 624
211 628
211 632
211 735
211 743
211 770
211 826
211 838
211 864
211 973
211 994
211 1009
212 368
212 490
212 574
212 610
212 614
212 647
212 683
212 699
212 756
212 760
212 762
212 774
212 778
212 897
212 899
213 345
213 404
213 415
213 463
213 483
213 504
213 542
213 558
213 628
213 632
213 693
213 735
213 838
213 849
213 913
213 933
213 943
213 973
214 289
214 298
214 427
214 485
214 523
214 598
214 677
214 682
214 731
214 740
214 805
214 891
214 935
214 1002
214 1004
215 240
215 433
215 495
215 569
215 573
215 578
215 649
215 670
215 847
215 876
215 894
215 903
215 907
215 947
215 955
215 960
215 1020
216 246
216 275
216 317
216 391
216 397
216 447
216 631
216 644
216 792
216 802
216 831
216 920
216 946
216 1003
216 1018
216 1021
217 228
217 233
217 310
217 324
217 491
217 497
217 524
217 537
217 604
217 652
217 697
217 778
217 881
217 891
217 911
217 948
218 349
218 370
218 379
218 396
218 402
218 495
218 519
218 560
218 565
218 569
218 595
218 629
218 642
218 649
218 705
218 763
218 854
218 955
218 1000
219 258
219 264
219 290
219 460
219 672
219 761
219 828
219 912
219 915
219 917
219 928
219 937
219 967
220 305
220 313
220 336
220 374
220 464
220 468
220 515
220 564
220 605
220 767
220 785
220 808
220 812
220 829
220 875
220 976
220 987
221 226
221 244
221 276
221 332
221 341
221 461
221 557
221 582
221 660
221 717
221 757
221 844
221 940
221 992
221 1021
222 227
222 245
222 250
222 259
222 267
222 283
222 350
222 426
222 487
222 492
222 645
222 712
222 786
222 802
222 852
222 963
223 272
223 365
223 382
223 456
223 500
223 502
223 617
223 621
223 629
223 744
223 809
223 843
223 889
223 944
223 954
223 977
224 284
224 289
224 293
224 298
224 315
224 364
224 372
224 622
224 635
224 657
224 682
224 721
224 792
224 969
225 229
225 252
225 308
225 493
225 511
225 559
225 572
225 579
225 603
225 617
225 625
225 659
225 701
225 738
225 770
225 775
225 788
225 906
226 244
226 260
226 332
226 457
226 496
226 654
226 698
226 709
226 717
226 800
226 863
226 938
226 992
226 1021
227 261
227 325
227 350
227 492
227 521
227 548
227 824
227 830
227 842
227 963
227 975
228 289
228 310
228 319
228 351
228 401
228 427
228 485
228 524
228 538
228 611
228 612
228 697
228 784
228 881
228 891
228 937
228 964
228 1003
229 252
229 349
229 389
229 513
229 559
229 603
229 618
229 641
229 670
229 713
229 714
229 761
229 775
229 822
229 825
229 906
229 924
230 266
230 299
230 431
230 437
230 443
230 464
230 503
230 698
230 709
230 716
230 719
230 746
230 751
230 787
230 869
230 902
230 956
230 989
231 238
231 270
231 285
231 320
231 324
231 334
231 348
231 352
231 377
231 384
231 848
231 862
231 880
231 906
231 914
231 942
231 991
232 272
232 334
232 358
232 366
232 378
232 395
232 511
232 514
232 529
232 546
232 561
232 613
232 623
232 865
232 921
232 944
232 965
233 324
233 481
233 604
233 637
233 652
233 675
233 714
233 778
233 897
233 915
233 924
233 928
233 929
233 971
233 1005
234 258
234 300
234 301
234 368
234 470
234 480
234 497
234 527
234 540
234 542
234 586
234 610
234 678
234 692
234 704
234 748
234 771
234 928
234 1008
235 277
235 345
235 361
235 363
235 383
235 390
235 399
235 424
235 428
235 432
235 487
235 543
235 562
235 585
235 615
235 790
235 806
235 824
235 953
236 247
236 253
236 363
236 416
236 580
236 626
236 653
236 807
236 811
236 836
236 896
236 921
236 954
236 965
236 983
236 1013
236 1015
236 1019
237 278
237 386
237 463
237 590
237 625
237 657
237 676
237 743
237 783
237 809
237 826
237 832
237 912
237 980
237 994
237 1004
237 1012
238 285
238 334
238 348
238 373
238 398
238 434
238 531
238 559
238 604
238 679
238 689
238 789
238 848
238 862
238 880
238 914
239 318
239 409
239 411
239 439
239 446
239 448
239 460
239 474
239 486
239 501
239 572
239 594
239 647
239 660
239 729
239 827
239 883
239 975
239 981
240 462
240 472
240 495
240 569
240 589
240 637
240 697
240 847
240 876
240 882
240 894
240 907
240 947
240 955
240 960
240 1020
241 325
241 392
241 403
241 407
241 458
241 517
241 551
241 577
241 631
241 688
241 776
241 887
241 900
241 953
241 1001
241 1006
242 279
242 403
242 421
242 436
242 477
242 496
242 535
242 588
242 633
242 688
242 693
242 900
242 920
242 938
242 941
243 298
243 315
243 337
243 354
243 372
243 406
243 420
243 459
243 476
243 496
243 502
243 526
243 616
243 622
243 694
243 753
243 787
243 854
243 863
243 957
243 965
244 332
244 339
244 411
244 533
244 646
244 702
244 717
244 757
244 819
244 940
244 985
244 987
244 992
244 1021
245 250
245 426
245 487
245 535
245 536
245 574
245 645
245 664
245 700
245 724
245 725
245 736
245 780
245 786
245 802
245 846
245 915
245 923
245 950
246 256
246 304
246 321
246 351
246 357
246 359
246 397
246 447
246 538
246 891
246 946
246 952
246 978
246 997
246 1002
246 1003
246 1018
247 253
247 280
247 363
247 510
247 531
247 697
247 740
247 807
247 811
247 857
247 881
247 910
247 964
247 982
248 273
248 276
248 287
248 339
248 393
248 446
248 611
248 630
248 660
248 672
248 684
248 700
248 702
248 748
248 777
248 804
248 805
248 825
248 828
248 865
249 293
249 306
249 347
249 381
249 509
249 556
249 616
249 638
249 654
249 781
249 813
249 820
249 873
249 885
249 934
249 1016
249 1020
250 265
250 328
250 426
250 487
250 488
250 513
250 645
250 786
250 802
250 842
250 852
250 858
250 874
250 926
250 963
251 318
251 335
251 486
251 530
251 533
251 548
251 619
251 727
251 729
251 749
251 758
251 815
251 886
251 901
251 972
252 356
252 440
252 448
252 552
252 559
252 603
252 696
252 733
252 774
252 775
252 795
252 821
252 850
252 906
252 1021
253 270
253 310
253 311
253 342
253 362
253 363
253 401
253 462
253 510
253 552
253 807
253 811
253 899
254 303
254 359
254 362
254 440
254 472
254 480
254 704
254 711
254 775
254 791
254 850
254 910
254 937
254 945
254 948
254 990
254 1020
255 295
255 297
255 299
255 326
255 346
255 435
255 454
255 455
255 636
255 716
255 719
255 751
255 768
255 769
255 812
255 816
255 956
256 302
256 304
256 357
256 400
256 401
256 414
256 438
256 439
256 475
256 522
256 538
256 625
256 634
256 701
256 740
256 838
256 952
256 978
256 1002
257 273
257 317
257 386
257 393
257 395
257 411
257 456
257 529
257 543
257 557
257 601
257 627
257 710
257 777
257 786
257 860
257 865
257 917
257 983
258 273
258 287
258 343
258 525
258 527
258 540
258 542
258 692
258 722
258 736
258 748
258 761
258 937
258 967
258 1008
259 267
259 283
259 284
259 291
259 435
259 473
259 532
259 549
259 616
259 667
259 703
259 706
259 712
259 765
259 852
259 858
259 919
260 337
260 339
260 350
260 436
260 477
260 698
260 709
260 798
260 863
260 938
261 319
261 518
261 521
261 548
261 556
261 639
261 651
261 671
261 708
261 830
261 842
261 935
261 975
261 980
261 988
261 997
262 277
262 309
262 374
262 384
262 398
262 415
262 533
262 605
262 680
262 692
262 711
262 733
262 739
262 785
262 870
262 976
262 986
263 307
263 327
263 394
263 438
263 487
263 566
263 572
263 600
263 634
263 676
263 838
263 855
263 913
263 954
263 973
263 978
263 994
264 290
264 345
264 360
264 405
264 545
264 695
264 773
264 839
264 873
264 912
264 917
264 928
264 958
264 1013
265 311
265 324
265 402
265 423
265 488
265 490
265 663
265 679
265 766
265 803
265 842
265 852
265 881
265 918
266 278
266 281
266 295
266 299
266 464
266 515
266 698
266 730
266 787
266 817
266 861
266 902
266 922
266 962
266 966
267 283
267 350
267 375
267 433
267 452
267 513
267 565
267 618
267 691
267 712
267 835
267 852
267 874
267 930
268 302
268 321
268 331
268 443
268 455
268 471
268 538
268 567
268 592
268 600
268 707
268 946
268 993
268 1007
269 335
269 361
269 442
269 540
269 550
269 553
269 571
269 574
269 583
269 586
269 587
269 732
269 744
269 756
269 879
269 925
269 932
269 968
269 1006
270 310
270 320
270 401
270 440
270 462
270 497
270 531
270 638
270 833
270 906
270 907
270 914
270 990
270 991
271 355
271 443
271 453
271 473
271 561
271 570
271 655
271 658
271 685
271 753
271 754
271 769
271 773
271 814
271 816
271 880
271 898
272 365
272 366
272 378
272 395
272 432
272 500
272 526
272 617
272 686
272 843
272 860
272 887
272 954
272 965
272 977
273 276
273 287
273 339
273 343
273 393
273 411
273 446
273 525
273 529
273 557
273 601
273 611
273 627
273 722
273 736
273 761
273 805
273 828
274 292
274 316
274 331
274 447
274 467
274 469
274 503
274 567
274 623
274 644
274 667
274 707
274 769
274 793
274 862
275 329
275 391
275 399
275 426
275 525
275 536
275 551
275 633
275 669
275 684
275 688
275 724
275 734
275 792
275 831
275 1021
276 339
276 446
276 557
276 611
276 660
276 757
276 798
276 805
276 828
276 888
276 922
276 938
277 297
277 323
277 361
277 374
277 382
277 383
277 384
277 390
277 398
277 424
277 432
277 449
277 543
277 680
277 829
277 870
278 295
278 428
278 634
278 645
278 657
278 674
278 676
278 730
278 826
278 922
278 966
278 973
278 977
278 980
278 1004
278 1015
279 292
279 294
279 328
279 397
279 403
279 436
279 494
279 631
279 688
279 712
279 786
279 840
279 920
279 941
279 959
279 1001
280 311
280 351
280 444
280 462
280 485
280 488
280 537
280 539
280 857
280 881
280 910
280 982
280 996
281 449
281 450
281 456
281 468
281 507
281 514
281 515
281 581
281 656
281 767
281 817
281 861
281 962
281 976
281 1013
282 321
282 347
282 357
282 400
282 414
282 438
282 459
282 508
282 539
282 547
282 783
282 803
282 876
282 884
282 951
282 952
282 1003
283 328
283 375
283 527
283 712
283 741
283 845
283 852
283 856
283 892
283 908
283 920
283 926
283 932
283 967
283 1001
284 291
284 293
284 312
284 364
284 372
284 417
284 420
284 435
284 473
284 518
284 547
284 616
284 622
284 781
284 858
284 919
285 324
285 352
285 377
285 384
285 388
285 434
285 531
285 559
285 623
285 789
285 796
285 801
285 814
285 914
285 942
286 288
286 348
286 376
286 379
286 389
286 450
286 479
286 559
286 627
286 648
286 796
286 804
286 871
286 885
286 991
287 343
287 393
287 460
287 489
287 523
287 525
287 630
287 660
287 702
287 722
287 736
287 761
287 777
287 784
287 804
287 865
288 309
288 376
288 479
288 559
288 596
288 601
288 629
288 630
288 641
288 648
288 801
288 808
288 835
288 871
288 893
288 991
289 315
289 351
289 401
289 427
289 598
289 611
289 657
289 682
289 721
289 784
289 935
289 964
289 969
289 1002
290 360
290 381
290 750
290 790
290 912
290 917
290 928
290 943
290 962
290 1019
290 1023
291 344
291 349
291 433
291 435
291 473
291 616
291 667
291 773
291 797
291 841
291 858
291 919
291 927
291 939
291 947
291 989
292 294
292 316
292 340
292 397
292 417
292 447
292 546
292 556
292 567
292 644
292 655
292 786
292 959
292 1001
293 344
293 347
293 364
293 372
293 420
293 556
293 608
293 616
293 622
293 816
293 934
293 939
293 1016
294 331
294 397
294 422
294 453
294 471
294 518
294 555
294 561
294 644
294 786
294 959
294 995
294 1001
294 1016
294 1018
295 346
295 352
295 435
295 484
295 558
295 636
295 716
295 730
295 816
295 823
295 922
295 966
296 299
296 344
296 425
296 467
296 549
296 565
296 602
296 619
296 670
296 690
296 746
296 797
296 856
296 890
296 919
296 927
297 323
297 326
297 352
297 373
297 382
297 449
297 751
297 812
297 829
297 877
297 956
297 969
298 315
298 406
298 420
298 427
298 502
298 526
298 616
298 635
298 677
298 731
298 792
298 1004
299 425
299 454
299 455
299 464
299 602
299 698
299 719
299 768
299 769
299 787
299 797
299 902
299 927
300 301
300 343
300 368
300 415
300 470
300 478
300 480
300 497
300 662
300 678
300 756
300 759
300 928
300 932
300 945
300 980
300 1008
300 1022
301 343
301 415
301 478
301 481
301 586
301 610
301 704
301 771
301 833
301 932
301 948
301 1008
301 1022
302 327
302 400
302 439
302 475
302 521
302 564
302 600
302 624
302 634
302 656
302 701
302 838
302 871
302 993
303 450
303 465
303 480
303 569
303 573
303 589
303 595
303 596
303 638
303 781
303 818
303 907
303 934
303 948
303 1020
304 316
304 357
304 371
304 400
304 414
304 427
304 538
304 555
304 682
304 708
304 770
304 832
304 952
304 964
304 978
304 1002
305 326
305 336
305 424
305 442
305 454
305 464
305 576
305 709
305 716
305 768
305 776
305 812
305 875
305 931
305 953
305 976
306 332
306 337
306 547
306 585
306 588
306 609
306 638
306 654
306 726
306 818
306 847
306 884
306 885
306 1020
307 389
307 469
307 508
307 530
307 566
307 582
307 628
307 634
307 735
307 811
307 835
307 890
307 892
307 913
307 929
307 994
308 365
308 394
308 606
308 617
308 621
308 625
308 686
308 726
308 738
308 770
308 783
308 788
308 846
308 889
308 1009
308 1015
309 366
309 380
309 533
309 541
309 544
309 597
309 605
309 629
309 641
309 808
309 835
309 893
309 911
309 976
309 986
310 369
310 401
310 462
310 524
310 683
310 697
310 857
310 881
310 891
310 924
310 960
311 342
311 351
311 362
311 462
311 485
311 490
311 510
311 537
311 552
311 663
311 766
311 803
311 857
311 881
311 899
312 347
312 354
312 417
312 420
312 518
312 547
312 654
312 742
312 781
312 818
312 847
312 876
312 951
312 952
313 429
313 461
313 475
313 479
313 499
313 515
313 564
313 581
313 600
313 605
313 643
313 656
313 767
313 819
313 827
313 829
313 904
313 1011
314 356
314 391
314 416
314 509
314 659
314 717
314 726
314 742
314 757
314 794
314 800
314 810
314 872
314 925
314 940
314 981
315 406
315 420
315 502
315 526
315 616
315 636
315 657
315 682
315 721
315 745
315 831
315 969
315 993
316 319
316 371
316 408
316 414
316 427
316 447
316 494
316 555
316 567
316 644
316 682
316 708
316 856
316 999
317 386
317 428
317 543
317 631
317 644
317 724
317 786
317 802
317 852
317 860
317 865
317 917
317 920
317 950
317 959
317 963
318 446
318 460
318 474
318 501
318 548
318 557
318 575
318 594
318 701
318 702
318 729
318 774
318 827
318 855
318 886
318 901
318 981
319 408
319 485
319 494
319 538
319 612
319 639
319 651
319 671
319 856
319 937
319 997
319 999
319 1003
320 404
320 434
320 476
320 678
320 706
320 754
320 867
320 906
320 914
320 961
320 991
320 998
321 351
321 359
321 400
321 414
321 438
321 471
321 538
321 707
321 891
321 951
321 997
321 1003
322 330
322 338
322 402
322 423
322 441
322 465
322 488
322 604
322 642
322 685
322 705
322 796
322 894
323 382
323 449
323 483
323 506
323 514
323 584
323 621
323 710
323 738
323 758
323 772
323 817
323 829
323 843
323 1012
324 352
324 377
324 384
324 402
324 423
324 604
324 652
324 679
324 778
324 918
324 942
325 364
325 500
325 502
325 543
325 631
325 824
325 887
325 900
325 941
325 1001
326 385
326 424
326 442
326 468
326 576
326 605
326 751
326 776
326 812
326 902
326 931
326 953
326 956
327 438
327 475
327 516
327 521
327 564
327 572
327 600
327 624
327 635
327 656
327 707
327 745
327 855
327 871
327 946
327 973
327 978
328 375
328 494
328 513
328 527
328 631
328 712
328 741
328 840
328 845
328 858
328 874
328 926
328 932
328 963
329 405
329 426
329 436
329 457
329 504
329 525
329 535
329 551
329 585
329 633
329 664
329 684
329 724
329 750
329 793
329 900
329 1007
329 1012
330 488
330 541
330 604
330 661
330 699
330 705
330 747
330 837
330 849
330 864
330 867
330 878
330 918
330 1007
331 443
331 455
331 467
331 469
331 471
331 555
331 567
331 592
331 623
331 667
331 862
331 946
331 1007
331 1018
332 337
332 477
332 585
332 588
332 717
332 751
332 768
332 787
332 798
332 800
332 818
332 970
332 992
332 1021
333 338
333 474
333 489
333 493
333 499
333 528
333 571
333 594
333 669
333 673
333 693
333 720
333 729
333 794
333 828
333 936
333 981
334 348
334 511
334 546
334 549
334 561
334 567
334 623
334 841
334 848
334 862
334 880
334 905
334 929
335 449
335 466
335 486
335 533
335 540
335 574
335 583
335 587
335 727
335 732
335 749
335 815
335 896
335 932
335 1000
336 341
336 407
336 464
336 479
336 482
336 597
336 812
336 875
336 877
336 949
336 976
337 350
337 354
337 372
337 436
337 459
337 496
337 585
337 588
337 798
337 818
337 854
337 957
338 402
338 441
338 458
338 669
338 673
338 681
338 685
338 693
338 796
338 814
338 848
338 868
338 981
339 411
339 446
339 477
339 533
339 611
339 702
339 805
339 828
339 940
339 987
340 388
340 417
340 422
340 435
340 452
340 453
340 470
340 512
340 516
340 546
340 556
340 608
340 655
340 658
340 848
341 461
341 479
341 582
341 628
341 840
341 844
341 940
341 949
341 967
341 1017
342 362
342 407
342 448
342 510
342 552
342 575
342 587
342 715
342 760
342 780
342 875
342 895
342 899
342 902
342 916
342 982
343 359
343 415
343 478
343 525
343 722
343 736
343 748
343 761
343 840
343 892
343 932
343 1022
344 420
344 467
344 549
344 565
344 608
344 670
344 746
344 773
344 816
344 919
344 927
344 939
344 947
344 989
345 360
345 363
345 405
345 428
345 483
345 487
345 545
345 558
345 562
345 615
345 695
345 790
345 873
345 913
345 933
345 943
346 373
346 377
346 435
346 445
346 636
346 674
346 676
346 716
346 816
346 823
346 861
346 888
346 933
346 966
347 357
347 459
347 547
347 556
347 616
347 654
347 742
347 818
347 876
347 884
347 934
347 1016
348 423
348 450
348 570
348 627
348 673
348 681
348 705
348 796
348 801
348 804
348 848
348 862
348 880
348 885
349 370
349 389
349 433
349 495
349 513
349 565
349 569
349 641
349 642
349 667
349 670
349 713
349 763
349 797
349 841
349 939
350 375
350 436
350 452
350 492
350 513
350 691
350 798
350 930
350 963
351 359
351 401
351 427
351 462
351 485
351 537
351 611
351 784
351 857
351 891
351 964
351 997
352 373
352 377
352 384
352 484
352 558
352 823
352 877
352 922
352 942
352 969
353 467
353 482
353 532
353 544
353 560
353 675
353 690
353 703
353 822
353 841
353 854
353 858
353 859
353 898
353 998
354 372
354 459
354 496
354 646
354 784
354 805
354 844
354 845
354 847
354 854
354 930
354 951
354 952
354 957
355 453
355 455
355 473
355 476
355 503
355 546
355 591
355 658
355 690
355 814
355 816
355 880
355 958
355 995
356 391
356 397
356 448
356 536
356 551
356 757
356 774
356 800
356 821
356 850
356 940
356 992
356 1021
357 444
357 459
357 538
357 547
357 590
357 766
357 811
357 876
357 884
357 951
357 952
357 978
357 1002
357 1009
357 1017
358 395
358 498
358 500
358 514
358 529
358 541
358 579
358 593
358 613
358 655
358 686
358 694
358 836
358 862
358 865
358 921
358 944
358 995
359 440
359 472
359 704
359 748
359 840
359 891
359 892
359 937
359 945
359 997
360 368
360 386
360 405
360 481
360 545
360 563
360 695
360 873
360 962
360 1019
361 383
361 390
361 392
361 399
361 424
361 432
361 442
361 543
361 550
361 554
361 576
361 577
361 586
361 756
361 812
361 853
361 879
361 1006
362 387
362 510
362 552
362 624
362 711
362 775
362 791
362 850
362 864
362 899
362 910
362 990
362 994
363 412
363 428
363 487
363 505
363 562
363 615
363 684
363 723
363 736
363 790
363 807
363 811
363 949
363 1011
364 372
364 379
364 410
364 500
364 502
364 526
364 543
364 553
364 622
364 843
364 889
364 893
364 941
365 451
365 500
365 522
365 603
365 606
365 617
365 726
365 783
365 817
365 832
365 843
365 846
365 954
365 977
365 1009
366 378
366 380
366 387
366 395
366 541
366 544
366 593
366 597
366 909
366 911
366 918
366 965
367 495
367 573
367 589
367 602
367 668
367 779
367 815
367 869
367 884
367 896
367 919
367 927
367 939
367 947
367 958
367 960
368 386
368 470
368 480
368 481
368 497
368 563
368 678
368 683
368 760
368 778
368 897
368 928
369 472
369 683
369 741
369 771
369 782
369 857
369 882
369 924
369 960
369 984
369 990
370 408
370 495
370 565
370 569
370 570
370 578
370 595
370 599
370 642
370 720
370 755
370 763
370 815
370 894
370 903
370 925
370 1018
371 414
371 417
371 427
371 555
371 598
371 651
371 662
371 671
371 682
371 708
371 752
371 799
371 830
371 935
371 1016
372 378
372 406
372 459
372 496
372 622
372 698
372 754
372 836
372 854
372 957
372 970
373 377
373 398
373 445
373 604
373 679
373 689
373 877
373 888
373 914
373 933
373 966
373 969
374 384
374 398
374 468
374 506
374 542
374 680
374 696
374 785
374 791
374 808
374 870
374 984
374 986
374 987
374 1022
375 452
375 459
375 513
375 523
375 527
375 611
375 691
375 728
375 741
375 845
375 930
375 932
376 410
376 479
376 499
376 501
376 559
376 583
376 720
376 810
376 871
376 878
376 879
376 909
376 968
376 991
377 384
377 445
377 721
377 731
377 888
377 933
377 942
377 966
377 1014
378 395
378 406
378 466
378 668
378 694
378 698
378 754
378 836
378 839
378 965
378 970
379 389
379 396
379 410
379 519
379 526
379 553
379 629
379 648
379 843
379 854
379 889
379 893
380 461
380 480
380 491
380 524
380 541
380 544
380 597
380 666
380 671
380 718
380 771
380 833
380 911
380 945
380 974
380 985
381 509
381 640
381 695
381 750
381 781
381 790
381 813
381 820
381 864
381 873
381 895
381 943
381 1023
382 449
382 451
382 456
382 739
382 772
382 809
382 829
382 866
382 889
382 944
382 984
383 390
383 412
383 424
383 432
383 457
383 543
383 577
383 588
383 615
383 645
383 650
383 806
383 807
383 943
384 398
384 410
384 413
384 520
384 680
384 689
384 744
384 846
384 870
384 942
384 1006
385 464
385 468
385 517
385 568
385 576
385 605
385 640
385 719
385 730
385 861
385 863
385 875
385 899
385 902
385 970
385 982
386 481
386 543
386 563
386 743
386 786
386 809
386 860
386 865
386 912
386 917
386 1012
387 568
387 593
387 624
387 650
387 715
387 747
387 824
387 864
387 873
387 909
387 918
387 994
387 1023
388 422
388 435
388 441
388 608
388 623
388 658
388 673
388 734
388 796
388 801
388 814
388 821
388 848
388 880
388 914
389 469
389 513
389 530
389 628
389 641
389 648
389 670
389 713
389 835
389 890
389 929
390 424
390 432
390 507
390 543
390 689
390 772
390 785
390 870
390 942
390 972
390 986
391 575
391 647
391 757
391 775
391 792
391 795
391 800
391 831
391 868
391 940
391 992
391 1021
392 399
392 407
392 425
392 437
392 517
392 554
392 576
392 577
392 688
392 731
392 776
392 812
392 853
392 931
392 962
392 969
392 1006
393 411
393 460
393 489
393 523
393 529
393 557
393 601
393 627
393 672
393 684
393 700
393 748
393 784
393 825
394 487
394 606
394 613
394 621
394 653
394 676
394 686
394 838
394 872
394 889
394 954
394 977
394 1015
395 456
395 498
395 579
395 655
395 710
395 777
395 862
395 965
395 983
395 995
396 408
396 409
396 519
396 524
396 537
396 620
396 629
396 652
396 679
396 745
396 854
396 886
396 897
396 1005
397 447
397 536
397 551
397 786
397 946
397 959
397 992
397 1001
397 1003
397 1018
398 550
398 553
398 604
398 679
398 680
398 689
398 725
398 870
398 914
398 942
399 536
399 554
399 576
399 577
399 585
399 669
399 688
399 734
399 806
399 812
399 824
399 853
399 953
400 414
400 438
400 439
400 475
400 634
400 701
400 770
400 832
400 838
400 951
400 964
400 978
400 1003
401 414
401 427
401 438
401 462
401 522
401 611
401 625
401 740
401 784
401 964
401 1002
402 423
402 441
402 560
402 595
402 649
402 679
402 685
402 705
402 796
402 918
402 955
402 1000
403 436
403 458
403 520
403 550
403 551
403 577
403 688
403 853
403 916
403 920
403 931
403 941
403 953
404 415
404 430
404 434
404 476
404 504
404 534
404 542
404 592
404 614
404 678
404 693
404 754
404 793
404 849
404 867
405 425
405 431
405 535
405 545
405 579
405 661
405 695
405 750
405 793
405 873
405 909
405 1007
405 1012
406 420
406 502
406 519
406 526
406 616
406 622
406 698
406 754
406 836
406 970
407 482
407 517
407 597
407 688
407 715
407 776
407 875
407 877
407 895
407 902
407 916
407 1006
408 409
408 494
408 578
408 595
408 599
408 620
408 652
408 745
408 755
408 815
408 856
408 886
408 894
408 999
409 474
409 486
409 620
409 652
409 745
409 764
409 883
409 886
409 975
410 413
410 520
410 526
410 553
410 583
410 689
410 720
410 744
410 810
410 843
410 846
410 879
410 889
410 893
410 1006
411 439
411 448
411 529
411 533
411 557
411 572
411 601
411 627
411 647
411 660
411 702
411 729
411 940
411 987
412 505
412 508
412 510
412 562
412 645
412 653
412 684
412 723
412 736
412 806
412 807
412 943
412 949
412 1011
412 1017
413 426
413 520
413 587
413 590
413 606
413 609
413 617
413 689
413 725
413 742
413 744
413 762
413 846
413 950
413 971
413 1006
414 427
414 438
414 522
414 555
414 625
414 682
414 708
414 740
414 951
414 1002
414 1003
415 478
415 504
415 542
415 692
415 693
415 711
415 733
415 739
415 785
415 849
415 932
415 1022
416 509
416 580
416 687
416 726
416 742
416 821
416 831
416 868
416 872
416 921
416 954
416 983
416 1015
417 420
417 518
417 546
417 547
417 556
417 598
417 651
417 655
417 662
417 781
417 830
417 1016
418 478
418 506
418 532
418 540
418 591
418 712
418 728
418 739
418 741
418 799
418 851
418 882
418 926
418 930
418 1000
419 422
419 444
419 452
419 512
419 678
419 691
419 706
419 723
419 728
419 803
419 845
419 859
419 874
420 502
420 518
420 526
420 547
420 608
420 616
420 781
420 816
420 939
421 430
421 441
421 458
421 504
421 535
421 588
421 594
421 632
421 633
421 681
421 692
421 693
421 734
421 794
421 867
421 913
421 1022
422 435
422 453
422 518
422 561
422 608
422 644
422 658
422 678
422 691
422 848
422 995
422 1016
423 465
423 570
423 642
423 673
423 679
423 681
423 705
423 801
423 894
423 918
424 432
424 442
424 520
424 543
424 554
424 583
424 610
424 759
424 776
424 931
424 953
425 431
425 437
425 579
425 602
425 661
425 731
425 797
425 909
425 927
425 931
425 962
425 969
426 487
426 525
426 551
426 587
426 633
426 645
426 684
426 724
426 762
426 786
426 802
426 950
426 971
427 555
427 611
427 677
427 682
427 708
427 731
427 784
427 964
427 1004
428 487
428 562
428 615
428 634
428 645
428 674
428 724
428 790
428 852
428 950
428 959
428 963
428 973
428 977
428 1015
429 463
429 475
429 479
429 492
429 521
429 552
429 566
429 581
429 600
429 624
429 651
429 747
429 901
429 904
429 910
429 988
430 470
430 534
430 592
430 614
430 632
430 692
430 753
430 793
430 849
430 867
430 913
430 1022
431 437
431 579
431 661
431 719
431 721
431 746
431 776
431 853
431 869
431 909
431 989
432 526
432 529
432 543
432 563
432 686
432 777
432 802
432 860
432 887
432 912
432 959
433 565
433 573
433 578
433 618
433 649
433 667
433 670
433 797
433 835
433 841
433 874
433 903
433 939
434 476
434 531
434 559
434 678
434 754
434 765
434 789
434 813
434 859
434 867
434 1010
435 473
435 608
435 616
435 636
435 658
435 716
435 816
435 848
435 858
435 919
436 457
436 504
436 585
436 664
436 688
436 798
436 900
436 920
436 941
437 498
437 511
437 545
437 719
437 731
437 746
437 750
437 869
437 878
437 931
437 962
437 969
437 989
438 522
438 572
438 600
438 625
438 740
438 855
438 951
438 973
438 978
438 1002
438 1003
439 448
439 475
439 498
439 572
439 603
439 634
439 647
439 660
439 701
439 729
439 788
439 838
439 855
439 936
440 472
440 497
440 531
440 552
440 638
440 696
440 704
440 733
440 795
440 833
440 907
440 937
440 945
440 990
441 458
441 504
441 594
441 673
441 681
441 685
441 734
441 794
441 796
441 821
441 880
442 550
442 554
442 586
442 615
442 756
442 776
442 806
442 860
442 870
442 879
442 931
442 953
442 1006
443 455
443 503
443 567
443 570
443 592
443 685
443 709
443 716
443 751
443 753
443 754
443 769
443 946
443 956
443 1007
444 452
444 488
444 539
444 590
444 706
444 723
444 766
444 803
444 811
444 859
444 951
444 996
444 1009
444 1017
445 484
445 509
445 558
445 627
445 630
445 632
445 758
445 790
445 813
445 866
445 888
445 933
445 961
445 966
446 460
446 489
446 501
446 594
446 611
446 722
446 805
446 825
446 827
446 828
446 923
446 971
446 981
447 471
447 567
447 571
447 578
447 644
447 685
447 763
447 810
447 946
447 1003
447 1018
448 572
448 575
448 587
448 647
448 660
448 729
448 760
448 774
448 780
448 821
448 850
448 982
448 1021
449 466
449 468
449 507
449 581
449 656
449 829
449 896
449 976
449 1000
450 456
450 514
450 596
450 627
450 767
450 781
450 796
450 804
450 818
450 885
450 907
450 934
450 1013
451 522
451 603
451 606
451 730
451 738
451 739
451 767
451 772
451 817
451 832
451 866
451 984
452 453
452 470
452 512
452 513
452 516
452 691
452 706
452 723
452 803
452 859
452 930
453 470
453 473
453 512
453 516
453 518
453 561
453 644
453 814
453 816
453 880
453 995
453 1016
454 455
454 473
454 576
454 608
454 709
454 716
454 719
454 768
454 769
454 823
454 956
454 966
455 476
455 503
455 567
455 592
455 658
455 719
455 768
455 769
455 946
455 1007
456 514
456 710
456 767
456 777
456 809
456 889
456 944
456 983
456 1013
457 496
457 504
457 577
457 585
457 588
457 615
457 650
457 654
457 664
457 800
457 900
458 504
458 551
458 577
458 594
458 669
458 681
458 734
458 794
458 814
458 848
458 868
458 953
459 496
459 523
459 547
459 611
459 728
459 854
459 876
459 884
459 957
460 489
460 501
460 523
460 594
460 672
460 761
460 784
460 827
460 828
460 915
460 981
461 491
461 499
461 582
461 643
461 656
461 671
461 718
461 771
461 819
461 827
461 844
461 940
461 945
461 985
461 1011
462 472
462 485
462 537
462 589
462 637
462 697
462 857
462 882
463 521
463 552
463 566
463 590
463 625
463 628
463 632
463 735
463 747
463 783
463 832
463 838
463 910
463 973
463 994
464 517
464 568
464 640
464 698
464 787
464 812
464 875
464 899
464 902
464 976
464 982
465 569
465 573
465 589
465 595
465 620
465 638
465 642
465 749
465 763
465 779
465 894
465 903
465 955
465 999
466 599
466 602
466 626
466 668
466 694
466 749
466 839
466 896
466 989
466 1000
467 469
467 549
467 565
467 623
467 667
467 670
467 746
467 841
467 858
467 859
467 862
467 919
467 998
468 507
468 576
468 581
468 605
468 656
468 785
468 808
468 902
468 976
468 987
469 530
469 623
469 628
469 665
469 667
469 778
469 822
469 835
469 862
469 890
469 905
469 923
469 929
469 1005
470 480
470 497
470 512
470 516
470 678
470 753
470 849
470 928
471 538
471 555
471 571
471 578
471 685
471 707
471 763
471 810
471 1018
472 589
472 637
472 697
472 704
472 741
472 782
472 882
472 937
472 945
472 984
473 608
473 616
473 814
473 816
473 823
473 858
473 880
473 919
473 956
473 966
474 486
474 489
474 499
474 528
474 557
474 575
474 701
474 702
474 729
474 774
474 794
474 828
474 855
474 883
474 975
475 479
475 516
475 581
475 600
475 634
475 635
475 701
475 707
475 745
475 838
475 904
475 946
476 503
476 622
476 658
476 678
476 694
476 753
476 754
476 787
476 863
476 867
476 965
477 496
477 751
477 768
477 787
477 798
477 800
477 900
477 938
477 970
478 527
478 540
478 712
478 727
478 728
478 762
478 780
478 879
478 926
478 930
478 932
478 1022
479 559
479 581
479 600
479 871
479 904
479 949
479 991
480 497
480 524
480 666
480 678
480 833
480 928
480 948
480 974
480 1020
481 563
481 637
481 833
481 924
481 928
481 948
481 1005
481 1008
482 491
482 532
482 544
482 593
482 597
482 666
482 675
482 737
482 808
482 822
482 854
482 877
483 486
483 506
483 558
483 680
483 738
483 758
483 817
483 866
483 890
483 913
483 933
483 943
483 979
484 558
484 601
484 632
484 758
484 790
484 804
484 820
484 823
484 866
484 922
484 933
484 1010
485 523
485 537
485 538
485 612
485 682
485 740
485 805
485 857
485 891
485 937
485 1003
486 533
486 680
486 727
486 749
486 815
486 866
486 883
486 890
486 975
486 979
487 562
487 615
487 645
487 676
487 786
487 790
487 802
487 838
487 954
488 539
488 604
488 705
488 842
488 852
488 996
489 499
489 523
489 528
489 722
489 729
489 784
489 794
489 825
489 828
489 923
489 971
490 548
490 610
490 614
490 663
490 699
490 733
490 756
490 766
490 782
490 791
490 799
490 803
490 881
490 996
491 497
491 537
491 593
491 666
491 671
491 718
491 737
491 771
491 808
491 911
491 945
491 948
491 985
492 624
492 650
492 651
492 687
492 764
492 842
492 887
492 901
492 941
492 963
492 988
493 511
493 571
493 572
493 579
493 594
493 646
493 657
493 659
493 677
493 701
493 720
493 921
493 936
494 530
494 591
494 631
494 712
494 746
494 797
494 840
494 856
494 898
494 908
494 979
494 999
495 565
495 569
495 573
495 589
495 642
495 763
495 884
495 894
495 907
495 955
495 960
495 1020
496 654
496 800
496 854
496 900
496 938
496 957
497 531
497 537
497 638
497 678
497 833
497 907
497 911
497 928
497 948
497 990
498 511
498 545
498 579
498 603
498 655
498 750
498 788
498 855
498 862
498 878
498 936
498 995
499 501
499 528
499 643
499 656
499 729
499 794
499 819
499 827
499 828
499 878
499 909
499 968
499 1011
500 502
500 541
500 543
500 593
500 617
500 686
500 694
500 836
500 843
500 941
500 954
500 977
501 505
501 528
501 564
501 581
501 594
501 607
501 827
501 878
501 909
501 968
501 981
501 985
502 526
502 543
502 616
502 621
502 629
502 744
502 941
503 658
503 707
503 709
503 716
503 751
503 769
503 793
503 956
504 542
504 585
504 594
504 664
504 681
504 693
504 734
504 794
504 849
504 900
505 528
505 534
505 564
505 568
505 581
505 607
505 643
505 684
505 699
505 723
505 736
505 895
505 949
505 974
505 985
505 1011
506 542
506 696
506 738
506 739
506 758
506 791
506 799
506 817
506 851
506 882
506 984
506 986
506 1022
507 560
507 581
507 626
507 656
507 668
507 727
507 732
507 772
507 829
507 870
507 976
508 510
508 539
508 562
508 582
508 653
508 735
508 783
508 803
508 811
508 892
508 952
508 1017
509 558
509 627
509 630
509 726
509 742
509 781
509 813
509 820
509 872
509 873
509 961
510 531
510 552
510 562
510 653
510 697
510 740
510 857
510 899
510 964
510 1017
511 545
511 546
511 561
511 572
511 579
511 623
511 659
511 701
511 750
511 878
512 516
512 539
512 691
512 728
512 765
512 766
512 834
512 845
512 874
512 949
512 998
513 641
513 670
513 691
513 713
513 858
513 874
513 926
513 930
513 963
514 529
514 584
514 613
514 621
514 710
514 767
514 772
514 843
514 865
514 921
514 944
514 1012
514 1013
515 564
515 596
515 605
515 710
515 767
515 817
515 829
515 839
515 861
515 885
515 944
515 962
515 1019
516 612
516 635
516 707
516 718
516 745
516 752
516 830
516 946
516 988
517 544
517 568
517 640
517 688
517 737
517 776
517 899
517 916
517 982
517 1006
517 1014
518 547
518 556
518 561
518 644
518 708
518 781
518 935
518 980
518 988
518 995
518 1016
519 597
519 622
519 629
519 665
519 703
519 714
519 737
519 854
519 957
520 550
520 554
520 583
520 610
520 689
520 744
520 759
520 846
520 853
520 916
520 931
520 1006
521 548
521 552
521 564
521 566
521 624
521 656
521 747
521 830
521 842
521 871
521 910
521 975
522 566
522 603
522 606
522 625
522 740
522 743
522 770
522 817
522 826
522 832
522 1002
522 1009
523 611
523 682
523 728
523 740
523 784
523 805
523 891
524 537
524 666
524 679
524 697
524 833
524 881
524 891
524 897
524 974
524 1005
525 551
525 562
525 607
525 633
525 643
525 684
525 700
525 722
525 724
525 736
525 761
525 807
525 834
526 553
526 616
526 686
526 843
526 860
526 887
526 889
526 893
527 540
527 542
527 692
527 727
527 741
527 748
527 762
527 780
527 845
527 879
527 932
527 1008
528 564
528 581
528 607
528 661
528 729
528 794
528 827
528 828
528 974
528 985
529 557
529 563
529 601
529 613
529 627
529 777
529 802
529 865
529 912
529 921
529 944
529 959
530 591
530 619
530 628
530 746
530 758
530 797
530 835
530 890
530 898
530 908
530 929
530 972
530 979
531 559
531 638
531 697
531 740
531 789
531 833
531 857
531 907
531 964
531 990
532 544
532 549
532 591
532 667
532 675
532 703
532 706
532 741
532 765
532 822
532 854
532 1000
533 605
533 702
533 727
533 749
533 815
533 940
533 976
533 986
533 987
534 568
534 586
534 592
534 614
534 643
534 663
534 699
534 759
534 760
534 793
534 837
534 895
534 974
534 996
535 536
535 588
535 633
535 664
535 693
535 700
535 736
535 750
535 793
535 950
535 1007
535 1012
536 551
536 664
536 669
536 688
536 700
536 734
536 736
536 950
536 992
537 679
537 857
537 897
537 911
537 948
537 1005
538 612
538 707
538 937
538 952
538 978
538 1002
538 1003
539 691
539 765
539 766
539 783
539 803
539 834
539 949
539 952
539 996
539 998
540 542
540 574
540 583
540 587
540 692
540 712
540 728
540 732
540 748
540 926
540 930
540 932
540 1008
541 544
541 593
541 597
541 661
541 686
541 694
541 747
541 836
541 864
541 878
541 911
542 692
542 693
542 696
542 748
542 791
542 849
542 984
542 986
542 1008
542 1022
543 786
543 860
543 865
543 917
543 941
544 597
544 675
544 737
544 822
544 854
544 911
544 916
544 1014
545 584
545 592
545 633
545 664
545 695
545 750
545 809
545 873
545 878
546 556
546 561
546 591
546 623
546 655
546 690
546 958
546 995
547 609
547 726
547 781
547 847
547 876
547 884
548 729
548 733
548 782
548 791
548 799
548 830
548 842
548 886
548 901
548 975
548 996
549 565
549 567
549 667
549 670
549 703
549 706
549 746
549 765
549 841
549 905
549 919
549 929
550 553
550 586
550 725
550 756
550 853
550 879
550 916
550 931
550 942
550 1006
551 577
551 633
551 684
551 724
551 953
551 992
552 566
552 696
552 733
552 747
552 795
552 899
552 910
553 571
553 725
553 744
553 843
553 889
553 893
553 925
553 942
553 968
554 576
554 577
554 583
554 610
554 615
554 759
554 806
554 812
554 853
554 860
554 870
555 612
555 620
555 682
555 708
555 755
555 908
555 997
555 1018
556 616
556 655
556 708
556 934
556 935
556 980
556 988
556 1016
557 575
557 601
557 627
557 660
557 701
557 702
557 757
557 774
557 855
558 627
558 630
558 813
558 823
558 913
558 922
558 933
558 943
558 961
559 603
559 775
559 789
559 871
559 906
559 991
560 595
560 626
560 649
560 668
560 690
560 703
560 705
560 727
560 732
560 829
560 898
560 955
560 1000
561 623
561 644
561 655
561 658
561 773
561 898
561 995
561 1016
562 607
562 615
562 643
562 653
562 700
562 790
562 807
562 834
562 1017
563 584
563 777
563 802
563 826
563 912
563 917
563 959
564 581
564 605
564 607
564 624
564 656
564 767
564 829
564 871
564 985
565 569
565 618
565 642
565 670
565 746
565 763
565 835
565 874
565 919
566 634
566 743
566 747
566 770
566 826
566 910
566 913
566 994
566 1009
567 592
567 644
567 841
567 905
567 929
567 946
567 1007
568 640
568 643
568 650
568 699
568 715
568 747
568 824
568 873
568 895
568 899
568 974
568 982
568 1023
569 573
569 589
569 595
569 638
569 642
569 763
569 847
569 876
569 947
570 673
570 681
570 685
570 705
570 720
570 753
570 754
570 769
570 801
570 903
570 925
570 1018
571 578
571 594
571 685
571 720
571 744
571 763
571 810
571 925
571 936
571 968
572 579
572 600
572 647
572 659
572 660
572 701
572 729
572 855
572 973
572 978
573 578
573 589
573 595
573 638
573 649
573 670
573 884
573 903
573 960
574 583
574 587
574 647
574 724
574 725
574 732
574 762
574 774
574 780
574 846
574 899
574 915
574 923
574 932
575 587
575 647
575 701
575 702
575 760
575 774
575 775
575 780
575 795
575 855
575 868
575 982
575 992
576 577
576 605
576 709
576 716
576 768
576 812
576 853
576 902
577 588
577 615
577 650
577 812
577 853
577 953
578 595
578 599
578 649
578 670
578 685
578 755
578 763
578 810
578 815
578 894
578 903
579 655
579 659
579 661
579 701
579 862
579 909
579 995
580 609
580 717
580 764
580 792
580 820
580 872
580 921
580 954
580 983
580 1015
581 600
581 607
581 656
581 904
581 976
581 985
582 723
582 735
582 811
582 834
582 844
582 871
582 892
582 904
582 940
583 587
583 610
583 720
583 732
583 759
583 810
583 879
583 932
584 592
584 621
584 633
584 664
584 710
584 772
584 809
584 826
584 843
584 917
584 1012
585 588
585 664
585 806
585 818
585 824
585 900
585 953
586 610
586 663
586 704
586 756
586 759
586 760
586 771
586 837
586 879
586 996
586 1006
587 732
587 760
587 762
587 780
587 932
587 950
587 971
587 982
588 615
588 633
588 650
588 693
588 818
589 595
589 637
589 638
589 697
589 882
589 884
589 960
590 606
590 609
590 617
590 625
590 725
590 742
590 766
590 783
590 811
590 832
590 951
590 994
590 1009
590 1017
591 690
591 741
591 746
591 797
591 898
591 908
591 958
591 979
591 995
591 1000
592 614
592 633
592 664
592 793
592 809
592 946
592 1007
593 666
593 686
593 694
593 737
593 808
593 836
593 909
593 918
594 681
594 720
594 734
594 794
594 827
594 936
594 981
595 599
595 638
595 649
595 705
595 755
595 815
595 894
595 955
595 1000
596 601
596 630
596 648
596 710
596 781
596 801
596 818
596 839
596 885
596 907
596 934
596 944
596 1019
597 665
597 703
597 714
597 737
597 877
597 911
597 957
598 639
598 651
598 662
598 680
598 708
598 718
598 782
598 830
598 851
598 935
598 972
598 1002
598 1016
599 602
599 626
599 732
599 749
599 755
599 779
599 815
599 894
599 987
599 989
600 855
600 904
600 973
600 978
600 993
601 627
601 630
601 648
601 801
601 804
601 820
601 933
601 1010
602 626
602 749
602 797
602 869
602 919
602 927
602 939
602 958
602 989
603 606
603 775
603 788
603 817
603 832
603 855
603 906
603 936
604 652
604 679
604 689
604 705
604 778
604 914
605 767
605 829
605 902
605 976
605 986
606 609
606 617
606 621
606 686
606 725
606 742
606 817
606 832
606 889
606 1015
607 614
607 640
607 643
607 700
607 715
607 807
607 834
607 837
607 985
607 1011
608 658
608 816
608 823
608 848
608 939
608 956
608 966
609 617
609 717
609 725
609 726
609 742
609 820
609 847
609 884
610 614
610 699
610 704
610 756
610 759
610 771
611 728
611 784
611 805
611 828
611 964
612 620
612 718
612 752
612 755
612 830
612 908
612 937
612 988
612 997
612 1003
613 653
613 659
613 844
613 865
613 872
613 921
613 936
613 944
613 977
613 983
613 1004
614 640
614 699
614 715
614 756
614 793
614 837
614 1011
615 650
615 790
615 806
615 860
615 870
616 858
616 919
616 934
616 1016
617 625
617 725
617 738
617 742
617 770
617 788
617 843
617 954
617 977
618 713
618 714
618 761
618 788
618 789
618 795
618 822
618 825
618 835
618 850
618 874
618 924
618 991
619 641
619 690
619 735
619 758
619 856
619 890
619 905
619 972
619 979
620 652
620 745
620 749
620 755
620 763
620 779
620 886
620 903
620 908
620 955
620 997
620 999
621 629
621 686
621 710
621 744
621 772
621 843
621 889
621 1012
621 1015
622 694
622 753
622 787
622 863
622 965
623 667
623 796
623 801
623 814
623 862
623 914
624 651
624 656
624 864
624 871
624 901
624 988
624 994
625 738
625 740
625 770
625 783
625 788
625 832
625 994
625 1002
626 653
626 668
626 727
626 732
626 749
626 829
626 836
626 896
626 965
626 989
626 1013
626 1019
627 630
627 796
627 804
627 813
627 885
627 961
628 632
628 735
628 835
628 838
628 840
628 890
628 929
628 967
628 973
628 1017
629 641
629 744
629 808
629 835
629 854
629 893
630 648
630 660
630 702
630 777
630 801
630 804
630 813
630 865
630 961
631 644
631 712
631 802
631 840
631 887
631 900
631 920
631 1001
632 692
632 735
632 758
632 790
632 838
632 866
632 867
632 913
632 973
632 1022
633 664
633 684
633 693
633 724
633 809
634 645
634 674
634 701
634 838
634 913
634 973
634 977
634 994
634 1015
635 707
635 745
635 755
635 792
635 883
635 946
635 993
635 999
636 687
636 716
636 745
636 816
636 831
636 877
636 883
636 886
636 993
636 1014
637 665
637 672
637 675
637 683
637 697
637 713
637 722
637 882
637 924
637 928
637 1005
638 654
638 833
638 885
638 907
638 990
638 1020
639 651
639 666
639 671
639 680
639 704
639 708
639 718
639 752
639 782
639 819
639 851
639 911
639 972
639 997
640 695
640 715
640 837
640 864
640 895
640 899
640 982
640 1011
641 670
641 713
641 735
641 808
641 835
641 893
641 905
641 979
642 649
642 652
642 763
642 893
642 894
642 957
643 656
643 699
643 700
643 807
643 819
643 827
643 834
643 895
643 974
643 1011
644 802
644 920
644 995
644 1016
645 674
645 786
645 802
645 806
645 807
645 943
645 973
645 977
645 1015
646 657
646 677
646 757
646 784
646 805
646 819
646 844
646 845
646 921
646 930
646 985
647 660
647 729
647 762
647 774
647 775
647 795
647 868
647 899
647 992
648 789
648 801
648 904
648 906
648 968
649 652
649 670
649 705
649 893
649 903
649 955
649 957
649 1000
650 687
650 715
650 747
650 764
650 824
650 842
650 873
650 887
650 941
650 1023
651 662
651 671
651 830
651 901
651 988
651 997
651 1016
652 745
652 778
652 886
652 893
652 957
653 836
653 872
653 896
653 965
653 977
653 1013
653 1017
653 1019
654 742
654 800
654 818
654 876
654 885
654 1020
655 658
655 773
655 862
655 898
655 995
656 819
656 827
656 871
656 976
656 1011
657 676
657 677
657 682
657 721
657 826
657 921
657 969
657 980
657 1004
658 773
658 848
658 898
659 701
659 717
659 794
659 810
659 844
659 925
659 936
659 981
659 983
659 1004
660 702
660 729
660 757
660 777
660 804
660 865
661 747
661 827
661 864
661 878
661 909
661 974
662 674
662 677
662 743
662 756
662 759
662 830
662 945
662 980
662 1008
662 1016
663 696
663 711
663 759
663 760
663 766
663 803
663 837
663 851
663 881
663 901
663 975
663 996
664 700
664 736
664 809
664 900
664 950
665 672
665 675
665 683
665 703
665 713
665 714
665 722
665 737
665 778
665 822
665 905
665 923
665 957
665 1005
666 704
666 737
666 752
666 808
666 819
666 833
666 911
666 974
667 703
667 706
667 765
667 797
667 841
667 862
667 939
668 694
668 727
668 732
668 779
668 815
668 829
668 839
668 869
668 896
668 927
668 947
669 673
669 681
669 688
669 693
669 734
669 814
669 848
669 868
669 981
670 713
670 746
670 903
670 919
671 718
671 752
671 771
671 799
671 935
671 945
671 985
671 997
672 675
672 683
672 684
672 700
672 713
672 722
672 748
672 761
672 825
672 828
672 915
673 681
673 693
673 705
673 734
673 801
673 821
673 880
673 981
674 676
674 677
674 743
674 823
674 861
674 888
674 973
674 977
674 1015
675 683
675 713
675 714
675 722
675 822
675 854
675 897
675 915
675 929
675 971
676 823
676 826
676 838
676 861
676 888
676 954
676 980
676 1004
677 731
677 743
677 921
677 1004
678 691
678 754
678 867
678 928
679 689
679 897
679 914
679 918
679 1005
680 708
680 718
680 782
680 851
680 866
680 870
680 890
680 972
680 979
681 705
681 734
681 794
681 801
681 814
681 848
681 868
682 708
682 721
682 740
682 805
682 891
682 969
683 713
683 722
683 760
683 778
683 857
683 897
683 924
683 960
684 700
684 723
684 724
684 736
684 748
684 825
684 949
684 1011
685 753
685 754
685 763
685 769
685 796
685 810
686 694
686 836
686 860
686 887
686 889
686 1015
687 764
687 821
687 831
687 842
687 868
687 877
687 883
687 886
687 887
687 941
687 1014
688 734
688 776
688 920
688 941
688 1006
689 744
689 785
689 846
689 914
689 942
689 972
689 986
689 1006
690 703
690 856
690 890
690 898
690 958
690 995
691 765
691 766
691 834
691 930
691 949
691 998
692 711
692 733
692 739
692 748
692 785
692 867
692 913
692 1008
692 1022
693 849
693 981
694 753
694 787
694 836
694 839
694 863
694 965
695 864
695 873
695 895
695 934
695 961
695 1010
695 1023
696 711
696 733
696 791
696 795
696 851
696 901
696 975
696 984
696 986
696 1022
697 740
697 857
697 881
697 882
697 891
697 964
698 709
698 754
698 787
698 836
698 863
698 902
698 938
698 970
699 756
699 837
699 849
699 867
699 895
699 918
699 974
699 1007
700 736
700 748
700 807
700 825
700 834
700 950
701 702
701 774
701 838
701 855
702 774
702 777
702 804
702 855
702 865
702 940
702 987
703 706
703 714
703 737
703 765
703 898
703 957
704 752
704 771
704 819
704 911
704 937
704 945
705 801
705 955
705 1000
706 723
706 765
706 803
706 859
706 961
706 998
707 745
707 769
707 793
707 946
708 718
708 782
708 851
708 935
708 972
708 980
708 988
709 716
709 751
709 768
709 863
709 938
709 956
710 772
710 777
710 839
710 843
710 885
710 944
710 983
710 1012
710 1019
711 733
711 739
711 775
711 785
711 791
711 850
711 851
711 901
711 910
711 975
711 990
712 728
712 840
712 852
712 926
712 930
713 722
713 788
713 789
713 795
713 850
713 991
714 737
714 761
714 822
714 825
714 897
714 915
714 924
714 929
714 957
714 971
715 747
715 824
715 837
715 873
715 875
715 895
715 902
715 916
715 1011
715 1023
716 751
716 768
716 816
716 956
717 794
717 810
717 820
717 925
717 981
717 992
717 1021
718 752
718 771
718 782
718 830
718 851
718 945
718 972
718 985
718 988
719 730
719 746
719 768
719 769
719 861
719 863
719 869
719 875
719 970
719 989
720 810
720 879
720 903
720 925
720 936
720 1018
721 731
721 776
721 853
721 969
721 1014
722 736
722 761
722 825
722 923
722 971
723 736
723 803
723 834
723 859
723 871
723 904
723 949
723 1011
724 725
724 780
724 846
724 852
724 915
724 923
724 950
724 959
724 963
725 742
725 780
725 846
725 915
725 923
725 942
726 742
726 783
726 846
726 847
726 872
726 884
726 1009
727 732
727 749
727 762
727 780
727 815
727 829
727 879
728 845
728 874
728 926
728 930
729 794
729 828
729 886
729 901
730 738
730 767
730 861
730 863
730 875
730 922
730 966
730 970
731 931
731 962
731 969
731 1004
731 1014
732 779
732 829
732 932
732 987
733 739
733 782
733 785
733 791
733 795
733 799
733 996
734 794
734 821
734 880
735 811
735 838
735 892
735 905
735 973
735 979
736 761
736 949
736 950
736 1011
737 808
737 916
737 957
737 1014
738 758
738 767
738 770
738 788
738 817
739 772
739 785
739 799
739 851
739 866
739 882
739 984
740 805
740 857
740 891
740 964
740 1002
741 782
741 845
741 932
741 984
741 1000
742 818
742 872
742 876
743 770
743 809
743 826
743 912
743 1009
743 1012
744 846
744 925
744 968
744 1006
745 831
745 886
745 946
745 993
746 797
746 869
746 898
746 908
746 919
746 979
746 989
747 824
747 864
747 873
747 878
747 910
747 1023
748 825
748 840
748 892
748 1008
749 763
749 779
749 815
749 903
749 955
749 989
749 999
750 790
750 793
750 878
750 943
750 1007
750 1012
750 1023
751 768
751 787
751 798
751 800
751 812
751 956
751 970
752 799
752 819
752 830
752 911
752 935
752 988
753 754
753 769
753 787
753 849
753 863
753 965
754 769
754 836
754 867
754 970
755 815
755 883
755 894
755 908
755 993
755 997
755 999
756 759
756 879
756 945
756 980
756 1006
756 1008
757 800
757 819
757 940
757 985
758 790
758 817
758 866
758 972
759 760
759 837
759 945
759 980
759 996
759 1008
760 778
760 780
760 837
760 897
760 982
760 996
761 822
761 825
761 828
761 915
761 924
762 774
762 780
762 879
762 899
762 950
762 971
763 779
763 810
763 903
763 955
763 999
764 792
764 842
764 872
764 887
764 941
765 766
765 813
765 834
765 859
765 949
765 998
765 1010
766 803
766 811
766 834
766 881
766 949
766 951
766 998
766 1009
766 1017
767 829
767 1013
768 769
768 787
768 798
768 800
768 970
769 793
770 788
770 826
770 832
770 964
770 978
770 1009
771 882
771 945
771 985
771 990
772 843
772 866
772 870
772 984
772 1012
773 839
773 898
773 927
773 947
773 958
773 989
773 1013
774 821
774 850
774 855
774 899
774 1021
775 791
775 795
775 850
775 868
775 906
775 910
775 990
775 992
776 853
776 931
776 953
776 1006
777 802
777 804
777 865
777 912
777 959
777 983
778 822
778 897
778 905
778 923
778 1005
779 815
779 869
779 896
779 903
779 927
779 947
779 955
779 987
779 999
780 846
780 879
780 915
780 923
780 982
781 813
781 818
781 820
781 873
781 907
781 934
782 791
782 799
782 851
782 972
782 984
782 996
783 803
783 832
783 846
783 952
783 994
783 1009
784 805
784 844
784 845
784 930
784 964
785 808
785 942
785 972
785 986
785 987
786 802
786 860
786 865
786 917
786 959
786 1001
787 798
787 800
787 863
787 902
787 965
787 970
788 789
788 795
788 850
788 855
788 936
788 991
789 795
789 850
789 904
789 906
789 968
789 991
790 866
790 943
790 1023
791 799
791 850
791 910
791 984
791 986
791 990
791 996
791 1022
792 831
792 872
792 1021
793 1007
793 1012
794 810
794 828
794 925
794 981
795 850
795 868
795 991
795 992
796 801
796 804
796 814
796 885
796 914
797 841
797 898
797 908
797 927
797 939
797 979
798 800
798 888
798 922
798 938
798 970
799 851
799 882
799 935
799 996
800 940
800 970
801 814
801 914
802 912
802 920
802 959
803 859
803 881
803 952
804 820
804 865
804 885
804 933
804 1010
805 828
805 844
805 845
805 891
805 930
806 807
806 824
806 860
806 870
806 943
806 953
807 811
807 834
807 943
808 835
808 893
808 987
809 889
809 912
809 944
809 1012
810 879
810 925
810 981
811 892
811 951
811 1009
811 1017
812 853
812 875
812 956
812 976
813 820
813 859
813 873
813 961
813 1010
814 816
814 848
814 868
814 880
814 914
815 869
815 894
815 896
815 927
815 947
816 880
816 939
817 832
817 861
817 962
818 876
818 907
818 934
819 827
819 911
819 985
819 1011
820 873
820 933
820 1010
821 831
821 850
821 868
821 880
821 1021
822 825
822 854
822 905
822 923
822 924
822 1005
823 861
823 888
823 922
823 956
823 966
824 873
824 953
824 1023
825 923
825 924
825 971
826 917
826 980
826 1004
826 1009
827 974
827 981
827 1011
828 915
830 842
830 975
830 988
830 1016
831 868
831 993
831 1021
832 964
832 978
832 994
833 907
833 948
833 974
833 990
833 1008
834 871
834 904
834 949
834 998
835 874
835 890
835 893
835 929
836 896
836 965
836 970
836 1013
836 1019
837 849
837 867
837 918
837 996
837 1007
837 1011
838 954
838 973
839 885
839 944
839 958
839 1013
839 1019
840 892
840 967
840 1017
841 858
841 859
841 905
841 929
841 939
841 998
842 852
842 887
842 941
842 975
843 889
843 893
843 954
843 977
843 1012
844 845
844 930
844 936
844 940
844 983
844 1004
845 874
845 930
845 932
846 915
846 923
846 1006
846 1009
847 876
847 884
847 947
847 951
847 952
848 862
848 868
848 880
849 867
849 918
849 1007
850 910
850 990
850 991
850 1021
851 882
851 901
851 972
851 975
852 950
852 959
852 963
853 916
853 931
854 957
855 936
855 973
855 978
856 890
856 892
856 908
856 920
856 926
856 967
856 999
856 1001
857 924
857 960
857 964
858 859
858 874
858 919
858 926
858 963
858 998
859 998
859 1010
860 865
860 870
860 887
860 917
861 863
861 875
861 888
861 962
861 970
862 880
862 995
863 875
863 938
863 965
863 970
864 878
864 895
864 994
865 917
865 921
865 944
866 890
866 979
866 984
867 913
867 918
867 1007
867 1022
868 992
869 896
869 919
869 927
869 939
869 947
869 958
869 989
871 904
871 991
872 977
873 1023
874 926
874 963
875 895
875 902
875 916
875 970
875 976
876 884
876 947
877 883
877 886
877 969
877 1014
878 909
878 968
879 1006
881 891
881 910
881 982
882 990
883 886
883 975
883 993
883 999
883 1014
884 960
885 944
885 1019
885 1020
886 901
886 1014
887 900
887 941
887 1001
888 922
888 933
888 938
888 966
889 893
889 944
889 1015
890 929
890 979
891 997
892 908
892 920
892 926
892 967
892 1001
893 957
894 907
894 955
894 960
894 1020
895 902
895 916
895 974
896 927
896 947
896 965
896 1000
896 1013
896 1019
897 915
897 929
897 971
897 1005
898 908
898 979
899 982
900 938
900 1001
901 975
901 988
902 916
903 925
903 955
903 999
903 1018
904 906
904 968
905 923
905 929
905 979
905 1005
906 914
906 968
906 991
907 934
907 955
907 960
907 990
907 1020
908 920
908 926
908 967
908 979
908 997
908 1001
909 918
909 968
910 982
910 990
911 948
912 917
912 928
912 959
912 1012
913 933
913 943
913 994
913 1022
914 991
915 923
915 929
915 971
916 931
916 1014
917 928
918 1007
919 939
919 958
920 926
920 941
920 967
920 1001
921 944
921 954
921 983
921 1015
922 938
922 966
923 971
923 1005
924 928
924 960
924 1005
925 968
925 981
925 1018
926 930
926 963
926 967
926 1001
927 947
927 989
928 1005
929 971
931 953
931 962
931 969
932 1022
933 943
933 966
933 1010
934 961
934 1010
934 1016
934 1023
935 980
935 988
935 1002
936 983
936 1004
937 945
937 967
937 1003
939 958
940 987
942 972
942 986
943 1023
944 1019
945 980
945 985
945 1008
946 1003
946 1007
946 1018
947 989
948 1008
948 1020
949 998
949 1011
950 959
950 963
950 971
951 952
951 1003
951 1009
951 1017
952 978
952 1002
954 977
954 983
954 1015
955 960
955 999
955 1000
955 1020
956 966
958 995
958 1013
959 963
959 1001
960 1020
961 998
961 1010
961 1023
962 969
962 1019
964 978
965 1013
965 1019
967 1001
967 1017
972 986
973 977
973 978
973 1015
976 986
977 1015
978 1002
980 988
980 1004
980 1008
983 1004
983 1015
984 986
984 1022
986 1022
992 1021
993 999
995 1016
1003 1018
1007 1012
1009 1017
1010 1023
1013 1019
