384 3964
0 6
0 7
0 28
0 47
0 58
0 63
0 67
0 94
0 111
0 117
0 119
0 135
0 156
0 175
0 179
0 200
0 248
0 262
0 323
0 340
0 374
1 18
1 45
1 52
1 68
1 69
1 155
1 164
1 181
1 201
1 216
1 221
1 234
1 273
1 287
1 308
1 310
1 313
1 315
1 338
1 353
1 374
2 21
2 29
2 35
2 42
2 77
2 107
2 121
2 138
2 160
2 173
2 217
2 227
2 245
2 256
2 279
2 289
2 303
2 345
2 350
3 25
3 48
3 52
3 63
3 68
3 81
3 103
3 104
3 148
3 163
3 182
3 201
3 202
3 216
3 224
3 231
3 241
3 301
3 313
3 380
4 27
4 36
4 66
4 127
4 132
4 145
4 166
4 172
4 189
4 197
4 224
4 235
4 255
4 257
4 306
4 315
4 319
4 337
4 348
4 364
4 377
5 38
5 60
5 67
5 84
5 122
5 145
5 185
5 187
5 201
5 219
5 230
5 234
5 250
5 265
5 270
5 273
5 294
5 308
5 358
5 361
6 20
6 28
6 41
6 55
6 58
6 61
6 67
6 87
6 95
6 104
6 113
6 119
6 156
6 238
6 262
6 268
6 323
6 334
6 366
6 374
7 14
7 46
7 57
7 63
7 67
7 72
7 87
7 94
7 104
7 117
7 175
7 181
7 248
7 262
7 292
7 299
7 313
7 314
7 380
7 382
8 12
8 33
8 34
8 49
8 54
8 70
8 88
8 114
8 139
8 143
8 176
8 211
8 212
8 263
8 270
8 283
8 311
8 324
8 335
8 381
9 32
9 45
9 52
9 94
9 105
9 140
9 182
9 209
9 231
9 241
9 249
9 287
9 288
9 301
9 310
9 346
9 363
9 366
9 372
9 380
10 26
10 29
10 30
10 35
10 70
10 77
10 80
10 146
10 168
10 191
10 213
10 239
10 247
10 276
10 289
10 296
10 312
10 316
10 345
10 360
10 365
11 22
11 28
11 37
11 72
11 76
11 103
11 115
11 125
11 153
11 165
11 184
11 186
11 192
11 203
11 243
11 267
11 271
11 280
11 346
11 369
11 375
12 46
12 54
12 70
12 114
12 116
12 130
12 134
12 154
12 183
12 211
12 239
12 263
12 269
12 270
12 272
12 289
12 324
12 335
12 365
12 378
13 36
13 53
13 91
13 97
13 108
13 113
13 125
13 135
13 141
13 177
13 189
13 197
13 203
13 211
13 227
13 229
13 275
13 284
13 344
13 356
13 377
14 25
14 48
14 57
14 87
14 120
14 151
14 156
14 157
14 159
14 170
14 221
14 266
14 286
14 292
14 304
14 313
14 314
14 347
14 362
14 380
15 43
15 81
15 90
15 98
15 123
15 207
15 237
15 259
15 274
15 292
15 300
15 309
15 312
15 317
15 332
15 333
15 336
15 341
15 350
15 355
15 367
16 74
16 88
16 115
16 140
16 161
16 197
16 215
16 226
16 230
16 255
16 260
16 285
16 306
16 318
16 321
16 325
16 354
16 364
16 368
16 375
16 376
17 70
17 73
17 74
17 109
17 116
17 143
17 154
17 159
17 166
17 176
17 177
17 178
17 183
17 223
17 258
17 283
17 290
17 320
17 378
17 382
18 19
18 45
18 56
18 69
18 105
18 132
18 149
18 165
18 190
18 201
18 214
18 221
18 233
18 246
18 301
18 310
18 322
18 338
18 372
19 32
19 78
19 105
19 110
19 162
19 171
19 190
19 198
19 199
19 214
19 246
19 259
19 278
19 301
19 305
19 338
19 352
19 363
19 379
20 87
20 94
20 95
20 96
20 99
20 103
20 104
20 105
20 117
20 132
20 161
20 209
20 231
20 249
20 268
20 291
20 322
20 323
20 366
21 29
21 30
21 42
21 91
21 102
21 121
21 138
21 144
21 150
21 160
21 196
21 204
21 227
21 245
21 256
21 300
21 303
21 351
21 352
22 37
22 63
22 71
22 72
22 87
22 95
22 116
22 125
22 141
22 175
22 223
22 257
22 258
22 264
22 267
22 280
22 299
22 361
22 369
22 374
23 76
23 106
23 130
23 193
23 194
23 215
23 245
23 247
23 255
23 277
23 283
23 285
23 296
23 318
23 321
23 326
23 329
23 330
23 331
23 357
23 362
24 31
24 39
24 44
24 48
24 64
24 69
24 93
24 119
24 129
24 156
24 181
24 192
24 204
24 262
24 278
24 314
24 323
24 331
24 347
24 361
24 369
25 48
25 51
25 52
25 63
25 81
25 104
25 156
25 157
25 163
25 170
25 221
25 253
25 307
25 314
25 320
25 347
25 362
25 373
25 383
26 95
26 100
26 118
26 122
26 123
26 169
26 174
26 191
26 207
26 213
26 218
26 247
26 248
26 266
26 289
26 307
26 309
26 312
26 342
26 360
27 60
27 82
27 136
27 145
27 159
27 172
27 210
27 218
27 226
27 230
27 255
27 273
27 294
27 302
27 348
27 352
27 364
27 371
27 377
27 383
28 58
28 64
28 67
28 103
28 119
28 156
28 165
28 167
28 168
28 184
28 192
28 217
28 227
28 266
28 271
28 346
28 373
28 374
29 30
29 35
29 42
29 77
29 138
29 146
29 160
29 168
29 196
29 227
29 239
29 245
29 256
29 300
29 303
29 351
30 31
30 35
30 47
30 55
30 77
30 138
30 146
30 152
30 168
30 171
30 196
30 239
30 256
30 279
30 293
30 300
30 351
31 32
31 39
31 47
31 55
31 78
31 93
31 101
31 102
31 152
31 156
31 171
31 204
31 210
31 246
31 251
31 278
31 279
31 293
31 369
32 45
32 78
32 101
32 102
32 110
32 198
32 199
32 210
32 231
32 246
32 251
32 259
32 288
32 305
32 310
32 363
32 372
33 34
33 38
33 40
33 49
33 54
33 74
33 114
33 139
33 143
33 154
33 158
33 178
33 194
33 212
33 240
33 284
33 290
33 365
33 381
34 49
34 53
34 73
34 85
34 86
34 110
34 114
34 139
34 143
34 166
34 172
34 220
34 250
34 254
34 264
34 295
34 297
34 325
34 381
35 41
35 59
35 65
35 77
35 121
35 138
35 146
35 168
35 173
35 179
35 239
35 251
35 278
35 279
35 303
35 350
36 42
36 61
36 91
36 92
36 97
36 111
36 125
36 127
36 166
36 167
36 186
36 189
36 211
36 235
36 257
36 275
36 284
36 306
36 356
37 56
37 58
37 64
37 72
37 92
37 108
37 125
37 153
37 184
37 225
37 241
37 249
37 267
37 280
37 281
37 329
37 354
37 369
37 376
38 40
38 51
38 60
38 84
38 122
38 154
38 158
38 208
38 212
38 250
38 270
38 273
38 284
38 286
38 325
38 335
38 348
38 349
38 365
39 59
39 71
39 89
39 93
39 152
39 153
39 156
39 184
39 188
39 204
39 206
39 243
39 267
39 275
39 278
39 299
39 369
39 376
39 381
40 75
40 86
40 120
40 142
40 154
40 158
40 172
40 185
40 212
40 218
40 253
40 260
40 270
40 284
40 294
40 308
40 335
40 365
40 370
41 47
41 55
41 59
41 61
41 65
41 113
41 138
41 179
41 191
41 193
41 238
41 251
41 262
41 272
41 276
41 278
41 282
41 321
41 334
42 58
42 61
42 92
42 107
42 111
42 146
42 151
42 160
42 167
42 186
42 192
42 227
42 229
42 245
42 303
42 307
42 356
43 69
43 90
43 133
43 141
43 157
43 174
43 207
43 222
43 235
43 265
43 295
43 298
43 300
43 305
43 317
43 333
43 350
43 353
43 355
43 357
44 48
44 68
44 69
44 110
44 119
44 126
44 129
44 157
44 190
44 214
44 221
44 222
44 234
44 252
44 288
44 314
44 326
44 331
44 355
44 372
45 69
45 136
45 147
45 180
45 190
45 201
45 204
45 221
45 231
45 236
45 259
45 288
45 310
45 338
45 363
45 372
46 67
46 72
46 104
46 109
46 114
46 116
46 124
46 181
46 183
46 223
46 264
46 299
46 304
46 324
46 365
46 378
46 382
46 383
47 55
47 111
47 135
47 152
47 171
47 179
47 191
47 193
47 200
47 272
47 276
47 279
47 282
47 293
47 321
47 323
47 340
48 52
48 63
48 69
48 81
48 104
48 119
48 120
48 129
48 151
48 159
48 163
48 266
48 286
48 304
48 314
48 331
49 62
49 65
49 75
49 114
49 115
49 139
49 143
49 188
49 206
49 208
49 225
49 272
49 293
49 302
49 316
49 358
49 369
49 381
50 85
50 111
50 113
50 126
50 127
50 128
50 133
50 139
50 160
50 170
50 177
50 220
50 242
50 277
50 297
50 305
50 326
50 329
50 331
50 359
50 375
51 78
51 98
51 120
51 169
51 176
51 208
51 240
51 253
51 286
51 307
51 314
51 320
51 325
51 335
51 348
51 349
51 373
51 379
51 383
52 63
52 81
52 104
52 105
52 155
52 163
52 182
52 216
52 234
52 249
52 287
52 313
52 315
52 346
52 380
53 85
53 88
53 109
53 110
53 127
53 141
53 166
53 177
53 194
53 197
53 240
53 254
53 295
53 297
53 311
53 344
53 356
53 377
53 378
54 62
54 70
54 74
54 114
54 178
54 188
54 194
54 211
54 212
54 220
54 240
54 254
54 263
54 270
54 290
54 324
54 335
55 61
55 83
55 106
55 113
55 152
55 171
55 179
55 238
55 247
55 262
55 269
55 279
55 293
55 316
55 334
55 368
56 58
56 64
56 132
56 148
56 149
56 153
56 155
56 165
56 219
56 224
56 233
56 241
56 249
56 271
56 281
56 287
56 302
56 322
56 372
57 66
57 81
57 87
57 137
57 163
57 195
57 199
57 207
57 236
57 237
57 242
57 261
57 292
57 313
57 314
57 327
57 367
57 380
58 64
58 67
58 107
58 119
58 146
58 151
58 153
58 156
58 192
58 229
58 241
58 249
58 281
58 307
58 374
59 65
59 89
59 108
59 125
59 138
59 146
59 152
59 179
59 186
59 188
59 217
59 243
59 251
59 267
59 278
59 293
59 376
59 381
60 82
60 84
60 118
60 122
60 151
60 175
60 185
60 218
60 226
60 250
60 268
60 270
60 273
60 294
60 302
60 312
60 373
61 79
61 92
61 111
61 113
61 129
61 135
61 167
61 186
61 238
61 245
61 262
61 297
61 334
61 356
61 359
61 362
62 65
62 82
62 115
62 142
62 188
62 206
62 212
62 219
62 220
62 225
62 254
62 269
62 276
62 290
62 293
62 324
62 349
62 369
62 381
63 71
63 81
63 87
63 94
63 104
63 116
63 117
63 163
63 175
63 223
63 248
63 262
63 361
63 374
64 153
64 167
64 168
64 181
64 192
64 217
64 227
64 241
64 249
64 262
64 266
64 281
64 323
64 347
64 361
64 373
65 92
65 107
65 115
65 138
65 152
65 168
65 179
65 203
65 206
65 225
65 251
65 275
65 278
65 280
65 293
65 369
66 81
66 90
66 131
66 132
66 137
66 169
66 195
66 197
66 224
66 237
66 242
66 261
66 274
66 315
66 319
66 327
66 328
66 337
67 72
67 104
67 119
67 156
67 181
67 187
67 201
67 234
67 265
67 294
67 299
67 361
67 374
67 382
68 148
68 157
68 164
68 181
68 182
68 190
68 201
68 202
68 214
68 224
68 234
68 273
68 288
68 308
68 353
68 372
68 374
68 380
69 119
69 129
69 133
69 157
69 201
69 221
69 295
69 298
69 305
69 310
69 314
69 331
69 338
69 357
70 80
70 109
70 143
70 154
70 211
70 223
70 263
70 270
70 276
70 290
70 296
70 316
70 335
70 345
70 365
70 382
71 72
71 73
71 87
71 89
71 116
71 124
71 153
71 184
71 206
71 223
71 235
71 248
71 268
71 275
71 299
71 344
71 361
71 374
72 73
72 104
72 124
72 125
72 181
72 235
72 248
72 267
72 268
72 280
72 299
72 344
72 369
72 382
73 86
73 116
73 124
73 159
73 172
73 220
73 235
73 248
73 250
73 258
73 264
73 268
73 320
73 325
73 344
73 378
73 382
74 88
74 114
74 166
74 176
74 177
74 178
74 183
74 194
74 240
74 283
74 285
74 290
74 318
74 354
74 364
74 375
75 97
75 120
75 142
75 150
75 172
75 188
75 208
75 250
75 253
75 260
75 270
75 272
75 302
75 316
75 343
75 349
75 358
75 360
75 370
76 85
76 115
76 137
76 153
76 186
76 194
76 203
76 215
76 243
76 252
76 255
76 283
76 329
76 330
76 339
76 354
76 357
76 359
76 375
77 79
77 121
77 146
77 167
77 168
77 173
77 229
77 239
77 256
77 277
77 279
77 303
77 350
77 351
78 98
78 101
78 102
78 110
78 120
78 169
78 176
78 198
78 199
78 210
78 240
78 246
78 251
78 259
78 305
78 379
79 83
79 121
79 129
79 135
79 160
79 167
79 191
79 229
79 245
79 256
79 277
79 282
79 285
79 297
79 330
79 351
79 359
79 362
79 368
80 129
80 130
80 133
80 134
80 170
80 173
80 232
80 252
80 276
80 296
80 300
80 316
80 318
80 328
80 330
80 333
80 345
80 360
80 365
81 104
81 137
81 163
81 237
81 242
81 259
81 261
81 292
81 309
81 327
81 332
81 341
82 142
82 165
82 182
82 202
82 216
82 218
82 219
82 226
82 269
82 273
82 276
82 281
82 294
82 302
82 315
82 349
82 358
82 381
83 106
83 118
83 123
83 160
83 179
83 191
83 193
83 232
83 239
83 247
83 269
83 282
83 285
83 316
83 330
83 343
83 345
83 368
84 86
84 91
84 122
84 124
84 139
84 142
84 205
84 208
84 213
84 232
84 250
84 254
84 258
84 260
84 270
84 273
84 348
84 370
85 110
85 111
85 113
85 137
85 160
85 166
85 170
85 252
85 254
85 277
85 295
85 297
85 331
85 339
85 354
85 357
85 359
86 91
86 142
86 172
86 185
86 205
86 208
86 213
86 218
86 220
86 232
86 250
86 264
86 294
86 308
86 325
86 335
86 370
87 95
87 104
87 116
87 223
87 268
87 292
87 313
87 314
87 323
87 361
87 366
87 374
87 380
88 109
88 127
88 143
88 176
88 194
88 212
88 240
88 283
88 285
88 311
88 318
88 324
88 354
88 364
88 375
88 378
89 108
89 125
89 146
89 150
89 153
89 158
89 184
89 186
89 189
89 205
89 206
89 217
89 263
89 275
89 280
89 293
89 299
89 356
90 131
90 134
90 169
90 195
90 196
90 207
90 213
90 237
90 244
90 274
90 296
90 300
90 328
90 333
90 343
90 350
90 355
91 97
91 102
91 121
91 125
91 142
91 144
91 150
91 204
91 205
91 208
91 211
91 213
91 232
91 275
91 284
91 352
92 107
92 108
92 111
92 152
92 167
92 168
92 184
92 186
92 203
92 225
92 275
92 280
92 329
92 354
92 356
92 376
93 97
93 112
93 144
93 147
93 156
93 162
93 199
93 204
93 205
93 210
93 278
93 288
93 303
93 332
93 338
93 351
93 369
93 371
94 96
94 117
94 132
94 140
94 161
94 175
94 209
94 241
94 248
94 262
94 291
94 301
94 322
94 346
94 366
95 104
95 122
95 123
95 141
95 175
95 218
95 248
95 257
95 258
95 264
95 266
95 268
95 299
95 307
95 323
95 366
96 131
96 132
96 155
96 161
96 202
96 209
96 214
96 228
96 233
96 261
96 271
96 281
96 291
96 306
96 310
96 319
96 322
96 377
97 125
97 147
97 150
97 162
97 205
97 210
97 211
97 250
97 275
97 284
97 303
97 343
97 349
97 351
97 360
97 370
98 100
98 120
98 123
98 169
98 176
98 240
98 244
98 261
98 274
98 312
98 317
98 327
98 333
98 336
98 337
98 341
98 367
98 379
99 103
99 105
99 106
99 117
99 140
99 149
99 161
99 209
99 215
99 225
99 228
99 231
99 233
99 243
99 249
99 282
99 319
99 364
99 366
100 101
100 118
100 169
100 174
100 178
100 198
100 207
100 244
100 253
100 261
100 274
100 286
100 309
100 311
100 327
100 333
100 337
100 341
100 342
101 102
101 126
101 178
101 198
101 210
101 236
101 246
101 251
101 253
101 274
101 286
101 295
101 311
101 332
101 363
101 379
102 112
102 121
102 144
102 145
102 150
102 162
102 180
102 204
102 210
102 226
102 246
102 251
102 304
102 320
102 352
103 105
103 117
103 148
103 161
103 165
103 184
103 192
103 216
103 231
103 241
103 249
103 271
103 301
103 313
103 346
104 163
104 181
104 268
104 299
104 323
104 366
104 382
105 117
105 161
105 182
105 190
105 214
105 231
105 246
105 249
105 287
105 301
105 338
105 346
105 380
106 179
106 193
106 209
106 215
106 225
106 243
106 245
106 247
106 269
106 277
106 282
106 316
106 318
106 321
106 364
106 368
107 138
107 146
107 151
107 152
107 168
107 192
107 203
107 217
107 229
107 256
107 275
107 279
107 280
107 289
107 307
107 345
108 113
108 125
108 135
108 146
108 184
108 186
108 189
108 203
108 217
108 225
108 227
108 229
108 293
108 329
108 354
108 376
109 124
109 127
109 143
109 154
109 183
109 194
109 223
109 240
109 264
109 290
109 304
109 311
109 378
109 382
109 383
110 126
110 166
110 198
110 199
110 221
110 222
110 252
110 254
110 259
110 295
110 297
110 305
110 326
110 355
111 113
111 135
111 160
111 167
111 170
111 179
111 186
111 200
111 277
111 323
111 331
111 340
111 356
112 136
112 144
112 145
112 158
112 162
112 180
112 187
112 199
112 200
112 211
112 226
112 288
112 304
112 320
112 332
112 334
112 338
112 353
112 371
113 135
113 160
113 170
113 189
113 203
113 227
113 229
113 238
113 262
113 277
113 331
113 334
114 116
114 139
114 143
114 178
114 183
114 194
114 240
114 290
114 324
114 365
114 378
114 381
115 140
115 153
115 161
115 186
115 203
115 206
115 225
115 243
115 255
115 293
115 321
115 368
115 369
115 375
115 376
116 159
116 183
116 223
116 258
116 320
116 324
116 361
116 365
116 374
116 378
116 382
117 140
117 149
117 161
117 175
117 228
117 231
117 233
117 248
117 249
117 262
117 319
117 366
118 123
118 151
118 169
118 174
118 175
118 185
118 193
118 207
118 232
118 239
118 268
118 309
118 312
118 342
118 343
118 345
118 373
119 129
119 144
119 147
119 156
119 171
119 206
119 251
119 267
119 314
119 331
119 347
119 374
120 142
120 151
120 159
120 169
120 172
120 176
120 240
120 253
120 260
120 266
120 270
120 286
120 304
120 379
121 144
121 150
121 167
121 173
121 204
121 229
121 256
121 277
121 279
121 303
121 350
121 351
121 352
122 123
122 145
122 185
122 218
122 219
122 230
122 248
122 250
122 266
122 270
122 273
122 307
122 308
122 358
123 193
123 218
123 232
123 239
123 248
123 266
123 274
123 307
123 312
123 317
123 336
123 343
123 345
123 367
124 139
124 183
124 223
124 235
124 248
124 254
124 258
124 260
124 264
124 268
124 304
124 344
124 348
124 370
124 383
125 146
125 186
125 211
125 217
125 267
125 275
125 280
125 284
125 293
125 369
126 127
126 139
126 177
126 220
126 221
126 222
126 236
126 246
126 252
126 295
126 305
126 326
126 332
126 355
126 359
126 363
126 379
127 139
127 166
127 177
127 189
127 194
127 220
127 235
127 240
127 257
127 305
127 306
127 311
127 359
127 378
128 131
128 133
128 137
128 149
128 163
128 195
128 242
128 291
128 292
128 297
128 317
128 326
128 329
128 334
128 337
128 339
128 340
128 341
128 342
128 375
129 133
129 134
129 135
129 170
129 245
129 252
129 297
129 314
129 318
129 330
129 331
129 359
129 362
130 134
130 154
130 173
130 232
130 239
130 269
130 272
130 285
130 289
130 296
130 300
130 326
130 328
130 331
130 333
130 357
130 360
130 362
131 155
131 163
131 169
131 195
131 202
131 233
131 237
131 261
131 274
131 292
131 306
131 328
131 337
131 339
131 341
131 377
132 149
132 161
132 165
132 197
132 209
132 224
132 233
132 291
132 315
132 319
132 322
132 337
132 372
133 134
133 157
133 170
133 242
133 252
133 295
133 297
133 298
133 305
133 318
133 326
133 329
133 330
133 357
133 375
134 154
134 170
134 196
134 213
134 239
134 244
134 252
134 269
134 272
134 289
134 296
134 318
134 330
134 343
134 350
135 179
135 189
135 200
135 203
135 227
135 229
135 245
135 297
135 323
135 340
135 359
135 362
136 147
136 158
136 159
136 180
136 187
136 190
136 200
136 204
136 210
136 211
136 230
136 236
136 259
136 334
136 352
136 353
136 371
136 383
137 149
137 237
137 242
137 252
137 261
137 291
137 317
137 327
137 334
137 339
137 340
137 342
137 354
137 357
137 359
138 179
138 196
138 217
138 251
138 256
138 278
138 279
138 289
138 300
138 345
138 351
139 143
139 177
139 220
139 254
139 258
139 260
139 305
139 348
139 359
139 370
139 381
140 149
140 161
140 209
140 228
140 233
140 241
140 255
140 301
140 319
140 321
140 346
140 366
140 368
140 376
141 174
141 175
141 177
141 197
141 222
141 235
141 257
141 258
141 264
141 265
141 299
141 317
141 344
141 353
141 356
141 377
142 172
142 205
142 208
142 213
142 219
142 232
142 253
142 260
142 269
142 270
142 276
142 349
142 381
143 154
143 176
143 212
143 223
143 283
143 290
143 311
143 324
143 381
143 382
144 147
144 150
144 171
144 199
144 204
144 206
144 251
144 267
144 288
144 332
144 338
144 347
144 352
144 371
145 162
145 172
145 180
145 185
145 219
145 226
145 230
145 255
145 304
145 308
145 320
145 348
145 358
145 364
145 377
146 151
146 168
146 186
146 192
146 217
146 229
146 239
146 293
146 307
147 162
147 171
147 180
147 190
147 204
147 205
147 206
147 210
147 236
147 251
147 259
147 267
147 303
147 347
147 351
148 155
148 182
148 201
148 202
148 216
148 219
148 224
148 231
148 241
148 271
148 287
148 301
148 302
148 313
148 380
149 165
149 228
149 233
149 291
149 317
149 319
149 322
149 334
149 340
149 342
149 366
149 372
150 158
150 189
150 204
150 205
150 250
150 263
150 280
150 343
150 349
150 352
150 356
150 360
150 370
151 159
151 175
151 185
151 192
151 229
151 266
151 268
151 286
151 304
151 307
151 312
151 373
152 168
152 171
152 188
152 203
152 243
152 267
152 275
152 279
152 280
152 293
152 376
152 381
153 184
153 186
153 203
153 206
153 241
153 243
153 249
153 275
153 281
153 299
153 375
154 158
154 212
154 223
154 239
154 269
154 272
154 284
154 289
154 290
154 365
154 382
155 202
155 216
155 219
155 224
155 233
155 234
155 261
155 271
155 287
155 302
155 306
155 313
155 315
155 377
156 157
156 170
156 204
156 221
156 278
156 347
156 362
156 369
156 374
157 170
157 190
157 214
157 221
157 234
157 288
157 295
157 298
157 305
157 347
157 357
157 362
157 372
158 187
158 189
158 200
158 205
158 211
158 212
158 263
158 280
158 284
158 334
158 353
158 356
158 365
159 210
159 230
159 258
159 266
159 286
159 304
159 320
159 352
159 371
159 378
159 382
159 383
160 170
160 191
160 227
160 245
160 277
160 282
160 285
160 303
160 330
160 331
160 368
161 209
161 231
161 249
161 255
161 291
161 321
161 322
161 368
161 376
162 171
162 180
162 198
162 205
162 210
162 226
162 278
162 303
162 304
162 320
162 351
162 352
162 363
162 379
163 195
163 199
163 207
163 236
163 292
163 327
163 337
163 339
163 341
163 367
164 180
164 181
164 187
164 238
164 257
164 263
164 265
164 273
164 284
164 298
164 308
164 336
164 340
164 342
164 344
164 353
164 355
164 371
164 374
165 182
165 184
165 192
165 202
165 216
165 233
165 271
165 281
165 315
165 322
165 346
165 358
165 372
166 176
166 177
166 178
166 183
166 189
166 235
166 254
166 257
166 283
166 295
166 297
166 306
167 168
167 186
167 217
167 227
167 229
167 256
167 266
167 277
167 351
167 356
167 373
168 203
168 217
168 227
168 239
168 266
168 275
168 280
168 373
169 174
169 176
169 195
169 207
169 237
169 240
169 274
169 309
169 328
169 342
169 379
170 221
170 252
170 277
170 318
170 330
170 331
170 347
170 362
171 198
171 206
171 251
171 267
171 278
171 279
171 293
171 347
171 352
171 363
171 379
172 220
172 250
172 253
172 255
172 260
172 264
172 270
172 325
172 348
172 364
172 377
173 196
173 222
173 232
173 244
173 279
173 298
173 300
173 303
173 309
173 328
173 333
173 350
173 360
173 367
174 200
174 207
174 222
174 228
174 235
174 238
174 242
174 265
174 309
174 317
174 322
174 336
174 339
174 342
174 353
175 185
175 248
175 257
175 258
175 262
175 264
175 268
175 299
175 312
175 373
176 177
176 178
176 183
176 212
176 240
176 283
176 311
176 324
176 379
177 178
177 183
177 197
177 220
177 283
177 305
177 344
177 356
177 359
177 377
178 183
178 194
178 198
178 240
178 253
178 274
178 283
178 286
178 290
178 311
179 200
179 247
179 251
179 269
179 278
179 316
179 323
179 340
179 368
180 190
180 204
180 226
180 236
180 238
180 259
180 263
180 265
180 284
180 304
180 320
180 340
180 371
181 192
181 262
181 273
181 299
181 308
181 323
181 347
181 353
181 361
181 374
181 382
182 201
182 202
182 216
182 224
182 249
182 281
182 287
182 315
182 346
182 358
182 380
183 223
183 264
183 283
183 304
183 324
183 365
183 378
183 383
184 192
184 206
184 225
184 271
184 275
184 299
184 329
184 346
184 354
184 376
185 218
185 219
185 230
185 268
185 294
185 308
185 312
185 335
185 358
185 370
185 373
186 203
186 217
186 243
186 293
186 356
186 375
187 200
187 201
187 211
187 234
187 257
187 265
187 294
187 298
187 334
187 336
187 342
187 344
187 353
187 355
187 361
188 208
188 212
188 220
188 243
188 254
188 267
188 272
188 290
188 302
188 316
188 324
188 358
188 376
188 381
189 203
189 205
189 227
189 229
189 235
189 257
189 263
189 280
189 306
189 356
190 204
190 214
190 234
190 236
190 246
190 259
190 288
190 301
190 338
190 372
191 193
191 213
191 247
191 272
191 276
191 282
191 285
191 289
191 312
191 321
191 330
191 360
191 368
192 229
192 262
192 271
192 307
192 323
192 346
192 347
192 361
193 232
193 239
193 245
193 247
193 272
193 276
193 277
193 282
193 318
193 321
193 343
193 345
194 215
194 240
194 255
194 283
194 290
194 311
194 329
194 330
194 378
195 199
195 207
195 236
195 237
195 274
195 292
195 327
195 328
195 337
195 339
195 341
195 367
196 213
196 222
196 244
196 256
196 296
196 298
196 300
196 309
196 328
196 343
196 350
196 351
196 367
197 215
197 224
197 226
197 230
197 260
197 306
197 315
197 319
197 325
197 337
197 344
197 356
197 377
198 199
198 253
198 259
198 274
198 278
198 286
198 305
198 311
198 352
198 363
198 379
199 207
199 236
199 259
199 288
199 305
199 327
199 332
199 338
199 367
199 371
200 211
200 228
200 238
200 242
200 322
200 323
200 334
200 336
200 339
200 340
200 353
201 202
201 221
201 224
201 234
201 265
201 294
201 310
201 338
201 361
201 380
202 216
202 224
202 233
202 261
202 281
202 306
202 315
202 358
202 377
202 380
203 227
203 229
203 243
203 275
203 280
203 375
204 236
204 259
204 278
204 352
204 369
205 208
205 210
205 213
205 232
205 263
205 280
205 303
205 351
205 356
206 225
206 251
206 267
206 275
206 293
206 299
206 347
206 369
207 236
207 300
207 309
207 327
207 333
207 342
207 350
207 355
207 367
208 213
208 232
208 272
208 286
208 302
208 316
208 325
208 335
208 348
208 349
208 358
209 215
209 225
209 241
209 243
209 282
209 291
209 301
209 322
209 346
209 364
209 366
210 230
210 246
210 251
210 303
210 351
210 352
210 371
210 383
211 263
211 270
211 275
211 284
211 334
211 335
211 353
212 220
212 254
212 283
212 284
212 290
212 311
212 324
212 365
213 232
213 244
213 247
213 289
213 296
213 312
213 343
213 350
213 360
214 228
214 234
214 246
214 271
214 281
214 288
214 291
214 301
214 310
214 319
214 338
214 372
215 225
215 226
215 230
215 243
215 255
215 260
215 282
215 283
215 306
215 325
215 329
215 330
215 364
216 231
216 234
216 241
216 281
216 287
216 301
216 313
216 315
216 358
217 227
217 256
217 266
217 279
217 289
217 293
217 345
217 373
218 226
218 248
218 266
218 273
218 294
218 302
218 307
218 308
218 335
218 370
219 224
219 230
219 269
219 271
219 276
219 287
219 302
219 308
219 349
219 358
219 381
220 250
220 254
220 264
220 290
220 305
220 324
220 325
220 359
221 222
221 252
221 310
221 326
221 338
221 347
221 355
221 362
222 235
222 244
222 252
222 265
222 298
222 309
222 317
222 326
222 328
222 353
222 355
222 367
223 264
223 290
223 304
223 361
223 374
223 382
223 383
224 271
224 287
224 302
224 315
224 319
224 337
224 380
225 243
225 282
225 293
225 329
225 354
225 364
225 369
225 376
226 230
226 260
226 273
226 294
226 302
226 304
226 306
226 320
226 325
227 229
227 245
227 266
227 303
227 373
228 233
228 238
228 242
228 271
228 281
228 291
228 310
228 319
228 322
228 336
228 339
228 366
229 256
229 277
229 307
229 351
230 260
230 306
230 308
230 325
230 352
230 358
230 371
230 383
231 241
231 249
231 288
231 301
231 310
231 313
231 363
231 372
232 239
232 300
232 328
232 333
232 343
232 345
232 360
233 261
233 306
233 319
233 322
233 366
233 372
233 377
234 265
234 287
234 288
234 294
234 313
234 315
234 361
234 372
235 248
235 257
235 265
235 268
235 306
235 317
235 344
235 353
236 246
236 259
236 295
236 327
236 332
236 363
236 367
236 379
237 242
237 259
237 261
237 274
237 292
237 309
237 327
237 328
237 332
237 341
238 242
238 262
238 263
238 265
238 284
238 322
238 334
238 336
238 339
238 340
238 371
239 269
239 272
239 289
239 343
239 345
240 290
240 311
240 378
240 379
241 249
241 281
241 301
241 313
241 346
241 366
242 261
242 297
242 322
242 326
242 327
242 329
242 336
242 339
242 375
243 267
243 282
243 364
243 375
243 376
243 381
244 261
244 296
244 298
244 309
244 327
244 328
244 333
244 337
244 341
244 343
244 350
244 367
245 247
245 277
245 297
245 303
245 318
245 321
245 359
245 362
246 251
246 295
246 301
246 332
246 338
246 363
246 379
247 269
247 277
247 289
247 312
247 316
247 318
247 321
247 360
247 368
248 262
248 266
248 268
248 307
248 344
249 281
249 287
249 346
249 380
250 264
250 270
250 273
250 325
250 343
250 349
250 360
250 370
251 267
251 278
251 347
252 318
252 326
252 330
252 339
252 354
252 355
252 357
252 359
253 260
253 270
253 274
253 286
253 307
253 311
253 314
253 320
253 373
253 383
254 258
254 260
254 290
254 295
254 297
254 324
254 348
254 370
255 283
255 321
255 329
255 330
255 348
255 364
255 368
255 376
255 377
256 277
256 279
256 289
256 300
256 345
256 351
257 258
257 264
257 298
257 299
257 306
257 336
257 342
257 344
257 355
258 260
258 264
258 299
258 320
258 348
258 370
258 378
258 382
259 292
259 305
259 309
259 332
259 341
260 270
260 306
260 325
260 348
260 370
261 306
261 327
261 333
261 337
261 341
261 377
262 323
262 334
262 347
262 361
263 265
263 270
263 280
263 284
263 335
263 340
263 356
263 371
264 299
264 304
264 325
264 383
265 284
265 294
265 317
265 340
265 353
265 361
265 371
266 286
266 304
266 307
266 373
267 280
267 347
267 369
267 376
267 381
268 312
268 323
268 344
268 366
268 373
269 272
269 276
269 289
269 316
269 349
269 368
269 381
270 273
270 335
271 281
271 287
271 291
271 302
271 310
271 319
271 346
272 276
272 282
272 289
272 302
272 316
272 321
272 358
273 294
273 302
273 308
273 353
273 374
274 286
274 311
274 312
274 317
274 328
274 336
274 367
275 280
275 284
275 299
276 282
276 296
276 316
276 321
276 345
276 349
276 365
276 381
277 318
277 321
277 331
277 351
278 352
278 363
278 369
278 379
279 289
279 293
279 303
279 345
279 350
280 356
280 369
281 291
281 310
281 315
281 319
281 358
282 285
282 321
282 330
282 364
282 368
283 311
283 324
283 329
283 330
284 340
284 365
284 371
285 296
285 318
285 326
285 330
285 331
285 354
285 357
285 362
285 364
285 368
285 375
286 304
286 311
286 325
286 335
286 348
286 349
287 302
287 313
287 315
287 346
287 380
288 310
288 332
288 338
288 363
288 371
288 372
289 312
289 345
289 360
290 324
290 382
291 310
291 317
291 319
291 322
291 334
291 340
291 342
292 309
292 313
292 314
292 332
292 337
292 339
292 341
292 380
293 369
294 302
294 308
294 335
294 361
294 370
295 297
295 298
295 305
295 332
295 357
295 363
295 379
296 316
296 326
296 331
296 343
296 345
296 350
296 357
296 362
296 365
297 326
297 329
297 359
297 362
297 375
298 305
298 309
298 328
298 336
298 342
298 344
298 355
298 357
298 367
299 382
300 328
300 333
300 350
300 351
300 355
300 360
301 313
301 338
301 346
301 366
302 316
302 358
303 350
303 351
304 320
304 383
305 357
305 359
306 325
306 377
307 314
307 320
307 373
307 383
308 335
308 353
308 358
308 370
308 374
309 328
309 332
309 341
309 342
309 367
310 319
310 338
310 363
310 372
311 324
311 378
312 317
312 336
312 360
312 367
312 373
313 314
313 315
313 380
314 320
314 331
314 373
314 380
314 383
315 319
315 337
315 358
316 345
316 358
316 365
316 368
317 334
317 336
317 340
317 342
317 353
317 367
318 321
318 330
318 354
318 364
318 375
319 337
319 366
320 373
320 378
320 382
320 383
321 368
321 376
322 336
322 339
322 372
323 340
323 347
323 361
323 366
324 365
324 378
325 335
325 348
325 349
326 329
326 331
326 355
326 357
326 362
326 375
327 333
327 337
327 341
327 367
328 333
328 360
328 367
329 330
329 354
329 375
329 376
330 368
331 357
331 362
332 338
332 341
332 363
332 371
332 379
333 337
333 341
333 350
333 355
333 360
334 340
334 342
334 353
335 348
335 349
335 370
336 339
336 342
336 344
336 355
336 367
337 339
337 341
338 371
339 341
339 354
339 357
339 359
340 342
340 371
342 344
342 355
343 345
343 349
343 350
343 360
343 370
344 355
344 356
344 377
345 365
346 366
346 380
347 361
347 362
348 349
348 364
348 370
348 377
349 360
349 370
349 381
350 355
352 363
352 371
352 379
352 383
353 374
354 357
354 359
354 364
354 375
354 376
356 377
357 359
357 362
359 362
360 370
361 374
363 372
363 379
364 375
364 377
365 378
368 376
371 383
373 383
376 381
378 382
