576 6028
0 7
0 21
0 30
0 51
0 68
0 93
0 145
0 147
0 188
0 223
0 242
0 275
0 291
0 325
0 331
0 462
0 504
0 551
0 564
0 570
1 28
1 57
1 89
1 172
1 174
1 205
1 220
1 241
1 260
1 293
1 328
1 338
1 370
1 392
1 420
1 450
1 456
1 463
1 488
1 491
1 568
2 26
2 29
2 79
2 139
2 166
2 168
2 202
2 221
2 227
2 269
2 271
2 273
2 285
2 297
2 327
2 340
2 354
2 401
2 483
2 494
2 549
3 84
3 91
3 200
3 244
3 250
3 253
3 259
3 302
3 305
3 333
3 347
3 350
3 444
3 490
3 498
3 530
3 540
3 544
3 550
3 569
3 570
4 32
4 44
4 70
4 82
4 107
4 111
4 171
4 175
4 181
4 187
4 279
4 299
4 367
4 374
4 428
4 514
4 531
4 544
4 555
4 565
4 568
5 47
5 81
5 95
5 117
5 133
5 136
5 191
5 259
5 341
5 344
5 347
5 357
5 360
5 413
5 417
5 419
5 444
5 457
5 490
5 530
6 60
6 82
6 118
6 164
6 171
6 175
6 193
6 197
6 318
6 326
6 331
6 351
6 364
6 381
6 428
6 498
6 505
6 510
6 512
6 514
7 18
7 51
7 68
7 69
7 78
7 144
7 145
7 146
7 223
7 245
7 330
7 399
7 403
7 459
7 462
7 472
7 504
7 541
7 545
7 559
8 12
8 31
8 34
8 67
8 78
8 141
8 153
8 236
8 247
8 304
8 306
8 309
8 313
8 323
8 411
8 445
8 449
8 494
8 509
8 527
8 560
9 61
9 64
9 74
9 77
9 105
9 130
9 160
9 165
9 238
9 239
9 240
9 258
9 440
9 480
9 500
9 504
9 511
9 526
9 558
9 560
9 570
10 35
10 63
10 102
10 129
10 133
10 191
10 196
10 237
10 251
10 317
10 377
10 416
10 419
10 421
10 424
10 460
10 477
10 490
10 501
10 539
10 553
11 12
11 102
11 104
11 126
11 134
11 138
11 211
11 301
11 336
11 371
11 377
11 380
11 383
11 419
11 457
11 477
11 496
11 501
11 516
11 525
11 542
12 31
12 92
12 104
12 134
12 141
12 236
12 254
12 284
12 301
12 304
12 305
12 323
12 371
12 383
12 400
12 477
12 479
12 509
12 523
13 81
13 100
13 108
13 109
13 118
13 124
13 143
13 159
13 227
13 244
13 261
13 276
13 281
13 289
13 399
13 403
13 458
13 459
13 466
13 515
13 572
14 100
14 115
14 120
14 131
14 142
14 143
14 145
14 146
14 163
14 169
14 289
14 330
14 331
14 409
14 458
14 459
14 466
14 505
14 517
14 520
15 25
15 43
15 103
15 132
15 156
15 168
15 199
15 241
15 265
15 272
15 277
15 278
15 332
15 343
15 349
15 361
15 381
15 480
15 489
15 503
15 567
16 35
16 38
16 48
16 67
16 89
16 156
16 176
16 198
16 200
16 220
16 242
16 293
16 328
16 380
16 388
16 395
16 436
16 467
16 475
16 486
16 567
17 31
17 43
17 75
17 110
17 114
17 119
17 125
17 130
17 143
17 144
17 183
17 222
17 238
17 292
17 334
17 353
17 371
17 482
17 506
17 546
17 575
18 66
18 78
18 173
18 208
18 218
18 269
18 270
18 280
18 290
18 330
18 354
18 356
18 390
18 399
18 425
18 429
18 434
18 472
18 541
18 559
19 22
19 48
19 52
19 54
19 190
19 216
19 235
19 241
19 271
19 297
19 320
19 355
19 358
19 384
19 386
19 422
19 439
19 469
19 487
19 513
19 557
20 23
20 29
20 54
20 56
20 139
20 195
20 256
20 271
20 282
20 307
20 314
20 320
20 327
20 329
20 340
20 349
20 390
20 469
20 479
20 499
20 552
21 25
21 30
21 36
21 60
21 72
21 93
21 105
21 111
21 207
21 242
21 275
21 291
21 313
21 378
21 391
21 441
21 472
21 518
21 548
21 551
22 84
22 129
22 140
22 170
22 207
22 215
22 322
22 333
22 335
22 355
22 376
22 384
22 386
22 465
22 469
22 487
22 493
22 513
22 552
22 557
23 29
23 65
23 124
23 163
23 185
23 216
23 217
23 228
23 255
23 273
23 280
23 282
23 297
23 320
23 327
23 340
23 469
23 473
23 552
23 575
24 75
24 77
24 86
24 121
24 160
24 165
24 188
24 201
24 231
24 239
24 251
24 264
24 283
24 294
24 298
24 329
24 359
24 397
24 420
24 543
24 569
25 60
25 110
25 111
25 156
25 168
25 208
25 265
25 272
25 294
25 313
25 332
25 349
25 378
25 438
25 442
25 451
25 472
25 484
25 518
26 65
26 69
26 122
26 139
26 161
26 217
26 280
26 285
26 297
26 340
26 354
26 385
26 434
26 447
26 451
26 464
26 483
26 499
26 520
26 541
27 36
27 41
27 42
27 71
27 73
27 82
27 107
27 150
27 181
27 298
27 312
27 362
27 370
27 374
27 410
27 436
27 453
27 537
27 561
27 565
28 38
28 63
28 81
28 95
28 135
28 162
28 172
28 174
28 205
28 211
28 220
28 241
28 248
28 291
28 293
28 366
28 393
28 414
28 486
28 540
29 54
29 121
29 168
29 219
29 221
29 269
29 271
29 273
29 282
29 284
29 320
29 340
29 447
29 469
29 485
29 529
29 549
29 552
30 41
30 46
30 93
30 96
30 176
30 220
30 242
30 265
30 275
30 291
30 321
30 387
30 393
30 395
30 396
30 410
30 536
30 538
30 551
31 62
31 114
31 125
31 141
31 236
31 238
31 256
31 262
31 284
31 302
31 304
31 323
31 335
31 353
31 482
31 509
31 522
31 546
32 43
32 49
32 70
32 73
32 76
32 107
32 152
32 181
32 199
32 210
32 260
32 279
32 316
32 367
32 452
32 454
32 497
32 514
32 561
32 565
33 55
33 80
33 85
33 164
33 248
33 275
33 315
33 362
33 382
33 391
33 396
33 443
33 448
33 456
33 461
33 499
33 508
33 525
33 529
33 532
33 553
34 59
34 78
34 134
34 153
34 178
34 214
34 236
34 247
34 262
34 295
34 313
34 345
34 346
34 400
34 401
34 449
34 475
34 527
34 546
34 560
35 67
35 104
35 162
35 164
35 191
35 196
35 200
35 212
35 220
35 232
35 380
35 388
35 421
35 475
35 477
35 501
35 516
35 533
35 553
36 41
36 42
36 55
36 72
36 80
36 83
36 105
36 154
36 207
36 225
36 291
36 324
36 362
36 391
36 410
36 436
36 441
36 548
36 565
37 74
37 77
37 95
37 121
37 157
37 203
37 214
37 223
37 229
37 270
37 314
37 358
37 388
37 412
37 440
37 445
37 455
37 489
37 511
37 550
37 571
38 40
38 48
38 63
38 89
38 162
38 203
38 205
38 211
38 244
38 248
38 291
38 321
38 328
38 360
38 395
38 414
38 417
38 486
38 567
39 65
39 109
39 169
39 179
39 194
39 209
39 215
39 232
39 255
39 285
39 288
39 312
39 326
39 351
39 364
39 428
39 443
39 521
39 532
39 534
39 538
40 42
40 45
40 46
40 113
40 203
40 205
40 225
40 242
40 244
40 308
40 321
40 353
40 357
40 360
40 366
40 382
40 393
40 416
40 417
40 532
41 42
41 46
41 96
41 98
41 198
41 220
41 249
41 265
41 295
41 323
41 355
41 362
41 367
41 395
41 410
41 436
41 536
41 565
42 45
42 46
42 113
42 122
42 177
42 218
42 242
42 281
42 296
42 362
42 366
42 379
42 387
42 410
42 436
42 532
42 565
43 49
43 73
43 110
43 132
43 183
43 199
43 210
43 241
43 277
43 292
43 334
43 371
43 452
43 480
43 489
43 497
43 506
43 567
44 49
44 50
44 58
44 82
44 92
44 187
44 234
44 238
44 247
44 278
44 287
44 299
44 317
44 344
44 356
44 367
44 389
44 406
44 531
44 568
45 46
45 55
45 113
45 161
45 179
45 228
45 232
45 242
45 318
45 351
45 366
45 375
45 396
45 398
45 421
45 496
45 508
45 532
45 538
46 96
46 113
46 154
46 176
46 220
46 242
46 248
46 265
46 366
46 378
46 395
46 441
46 462
46 532
46 536
46 564
47 51
47 81
47 95
47 116
47 133
47 136
47 259
47 281
47 341
47 347
47 350
47 360
47 417
47 457
47 470
47 490
47 495
47 528
47 530
48 52
48 64
48 89
48 174
48 190
48 235
48 241
48 272
48 320
48 328
48 358
48 395
48 412
48 452
48 486
48 503
48 506
48 567
49 73
49 132
49 180
49 199
49 210
49 238
49 272
49 278
49 287
49 310
49 317
49 344
49 389
49 430
49 452
49 481
49 497
49 510
50 58
50 92
50 98
50 125
50 152
50 187
50 199
50 224
50 234
50 247
50 287
50 338
50 356
50 374
50 406
50 413
50 424
50 481
50 514
50 558
51 68
51 116
51 145
51 147
51 188
51 223
51 281
51 325
51 331
51 350
51 462
51 470
51 495
51 504
51 528
51 564
51 570
52 101
52 108
52 155
52 190
52 202
52 215
52 233
52 235
52 241
52 295
52 303
52 304
52 320
52 358
52 437
52 463
52 468
52 500
52 548
53 79
53 85
53 101
53 105
53 110
53 167
53 170
53 172
53 184
53 190
53 209
53 233
53 252
53 319
53 328
53 373
53 454
53 463
53 478
53 491
53 556
54 121
54 139
54 195
54 216
54 219
54 271
54 284
54 297
54 307
54 327
54 349
54 386
54 390
54 422
54 439
54 447
54 485
54 529
55 80
55 83
55 85
55 154
55 225
55 232
55 291
55 318
55 324
55 421
55 448
55 456
55 461
55 496
55 499
55 508
55 529
55 538
56 57
56 80
56 115
56 184
56 194
56 217
56 228
56 230
56 245
56 256
56 271
56 314
56 329
56 354
56 447
56 479
56 499
56 507
56 508
56 529
57 80
57 85
57 89
57 128
57 131
57 184
57 230
57 260
57 266
57 365
57 392
57 447
57 456
57 463
57 470
57 491
57 492
57 507
57 508
58 92
58 183
58 234
58 236
58 247
58 249
58 258
58 286
58 301
58 311
58 356
58 406
58 407
58 449
58 472
58 474
58 502
58 527
58 557
59 173
59 178
59 182
59 214
59 236
59 329
59 345
59 401
59 406
59 411
59 414
59 418
59 437
59 440
59 445
59 475
59 485
59 523
59 533
59 571
60 82
60 111
60 171
60 193
60 197
60 313
60 331
60 364
60 378
60 381
60 428
60 472
60 498
60 510
60 512
60 514
60 518
61 68
61 93
61 130
61 160
61 165
61 188
61 197
61 206
61 250
61 347
61 409
61 462
61 465
61 511
61 512
61 526
61 528
61 555
61 569
61 570
62 76
62 106
62 173
62 226
62 246
62 256
62 257
62 262
62 264
62 284
62 302
62 335
62 339
62 368
62 408
62 455
62 487
62 498
62 522
62 555
63 129
63 136
63 138
63 162
63 189
63 192
63 211
63 237
63 248
63 251
63 291
63 377
63 414
63 415
63 419
63 460
63 476
63 477
64 74
64 174
64 226
64 239
64 240
64 272
64 282
64 342
64 375
64 386
64 412
64 440
64 452
64 480
64 489
64 503
64 504
64 506
64 534
65 69
65 124
65 161
65 163
65 194
65 228
65 280
65 297
65 326
65 447
65 473
65 499
65 520
65 521
65 532
65 534
65 538
65 575
66 104
66 112
66 113
66 116
66 122
66 159
66 208
66 218
66 266
66 280
66 290
66 354
66 369
66 398
66 410
66 429
66 464
66 524
66 534
66 574
67 112
67 148
67 200
67 207
67 220
67 263
67 296
67 306
67 309
67 345
67 380
67 388
67 411
67 437
67 445
67 475
67 494
67 527
68 93
68 145
68 159
68 223
68 259
68 325
68 341
68 379
68 409
68 427
68 462
68 492
68 504
68 512
68 528
68 569
69 99
69 115
69 144
69 146
69 161
69 208
69 245
69 280
69 385
69 403
69 447
69 459
69 499
69 515
69 520
69 543
69 545
69 559
70 71
70 107
70 149
70 150
70 158
70 181
70 204
70 279
70 288
70 310
70 358
70 381
70 420
70 446
70 450
70 514
70 537
70 565
71 73
71 82
71 83
71 96
71 113
71 150
71 181
71 198
71 204
71 288
71 374
71 387
71 391
71 420
71 446
71 537
71 561
71 565
72 91
72 105
72 155
72 177
72 182
72 206
72 207
72 263
72 306
72 352
72 376
72 384
72 391
72 441
72 460
72 475
72 493
72 524
72 548
73 82
73 98
73 150
73 199
73 210
73 279
73 319
73 339
73 374
73 392
73 452
73 497
73 531
73 537
73 561
73 573
74 97
74 121
74 135
74 149
74 200
74 214
74 235
74 239
74 240
74 270
74 314
74 360
74 440
74 445
74 455
74 480
74 504
74 571
75 77
75 119
75 130
75 143
75 144
75 188
75 201
75 222
75 239
75 316
75 339
75 397
75 448
75 474
75 507
75 526
75 535
75 569
75 575
76 106
76 130
76 152
76 201
76 230
76 260
76 316
76 339
76 367
76 402
76 408
76 454
76 461
76 487
76 498
76 502
76 555
76 561
76 573
77 105
77 188
77 201
77 223
77 229
77 238
77 239
77 258
77 397
77 412
77 489
77 500
77 511
77 558
77 560
77 569
77 571
78 153
78 171
78 193
78 247
78 286
78 313
78 330
78 332
78 399
78 441
78 449
78 472
78 484
78 541
78 551
78 559
78 560
79 110
79 166
79 167
79 185
79 202
79 221
79 227
79 252
79 285
79 327
79 349
79 401
79 423
79 463
79 471
79 478
79 494
79 497
79 556
80 83
80 154
80 164
80 184
80 225
80 230
80 291
80 324
80 396
80 443
80 447
80 507
80 508
80 525
80 532
80 553
81 95
81 133
81 135
81 244
81 261
81 341
81 347
81 366
81 393
81 399
81 417
81 466
81 486
81 515
81 530
81 540
81 572
82 150
82 187
82 193
82 197
82 299
82 364
82 367
82 374
82 498
82 514
82 531
82 537
82 561
82 568
83 96
83 113
83 154
83 181
83 198
83 225
83 263
83 291
83 324
83 362
83 373
83 376
83 378
83 387
83 391
83 500
83 551
84 88
84 91
84 129
84 140
84 206
84 207
84 305
84 322
84 376
84 390
84 404
84 465
84 497
84 498
84 530
84 544
84 549
84 569
84 570
85 128
85 131
85 172
85 184
85 233
85 266
85 319
85 328
85 365
85 448
85 454
85 456
85 461
85 470
85 492
85 499
85 529
86 94
86 102
86 112
86 153
86 160
86 177
86 189
86 191
86 211
86 237
86 251
86 252
86 258
86 283
86 294
86 298
86 322
86 352
86 420
86 566
87 100
87 114
87 119
87 137
87 142
87 161
87 194
87 201
87 213
87 216
87 261
87 292
87 340
87 403
87 415
87 457
87 473
87 517
87 526
87 562
87 575
88 166
88 167
88 168
88 195
88 206
88 210
88 255
88 277
88 278
88 279
88 305
88 390
88 404
88 423
88 481
88 483
88 497
88 506
88 549
88 561
89 158
89 172
89 204
89 224
89 243
89 260
89 298
89 299
89 328
89 392
89 395
89 456
89 463
89 486
89 491
89 567
90 103
90 156
90 246
90 283
90 288
90 300
90 336
90 342
90 357
90 402
90 421
90 430
90 432
90 442
90 453
90 474
90 476
90 525
90 536
90 539
90 547
91 206
91 210
91 253
91 254
91 263
91 269
91 307
91 352
91 384
91 423
91 460
91 465
91 493
91 498
91 530
91 544
91 569
91 570
92 148
92 155
92 162
92 214
92 234
92 247
92 254
92 284
92 305
92 337
92 356
92 400
92 406
92 411
92 426
92 479
92 523
93 229
93 240
93 242
93 275
93 291
93 325
93 330
93 409
93 462
93 512
93 528
93 545
93 551
93 564
93 569
94 112
94 153
94 166
94 177
94 192
94 233
94 237
94 243
94 252
94 258
94 334
94 336
94 353
94 433
94 435
94 438
94 450
94 471
94 478
94 491
95 135
95 136
95 157
95 203
95 259
95 358
95 360
95 366
95 388
95 393
95 440
95 457
95 486
95 490
95 540
95 550
96 113
96 151
96 152
96 181
96 198
96 220
96 265
96 304
96 346
96 387
96 391
96 395
96 436
96 531
96 536
96 557
97 135
97 149
97 196
97 200
97 235
97 250
97 254
97 293
97 306
97 335
97 345
97 360
97 372
97 388
97 395
97 404
97 516
97 530
97 550
97 571
98 152
98 198
98 224
98 249
98 279
98 287
98 295
98 319
98 323
98 338
98 339
98 355
98 367
98 374
98 392
98 514
98 531
98 573
99 115
99 123
99 129
99 160
99 208
99 224
99 266
99 274
99 314
99 352
99 359
99 368
99 385
99 397
99 431
99 485
99 515
99 543
99 559
99 568
100 109
100 118
100 119
100 120
100 124
100 131
100 161
100 163
100 194
100 216
100 276
100 289
100 331
100 340
100 409
100 459
100 517
101 105
101 108
101 149
101 155
101 157
101 170
101 174
101 190
101 202
101 209
101 295
101 304
101 373
101 422
101 437
101 468
101 469
101 491
101 567
102 133
102 138
102 189
102 191
102 211
102 317
102 322
102 352
102 380
102 416
102 419
102 424
102 490
102 496
102 516
102 525
102 539
102 566
103 120
103 128
103 137
103 180
103 199
103 234
103 246
103 278
103 342
103 343
103 348
103 357
103 361
103 381
103 425
103 430
103 432
103 503
103 539
104 122
104 134
104 162
104 164
104 212
104 232
104 266
104 301
104 369
104 371
104 383
104 398
104 477
104 516
104 533
104 534
104 574
105 170
105 190
105 207
105 209
105 238
105 258
105 373
105 391
105 441
105 491
105 500
105 548
105 558
105 560
106 219
106 231
106 257
106 267
106 270
106 274
106 333
106 339
106 342
106 372
106 408
106 418
106 479
106 487
106 498
106 509
106 522
106 546
106 555
107 150
107 157
107 181
107 235
107 243
107 279
107 298
107 312
107 343
107 370
107 453
107 488
107 510
107 514
107 537
107 565
108 139
108 143
108 155
108 159
108 167
108 178
108 202
108 227
108 273
108 281
108 295
108 304
108 309
108 403
108 437
108 458
108 471
108 519
109 118
109 124
109 137
109 169
109 179
109 232
109 276
109 289
109 363
109 364
109 408
109 428
109 443
109 459
109 461
109 505
109 507
109 513
110 167
110 183
110 208
110 252
110 292
110 294
110 334
110 371
110 438
110 442
110 451
110 463
110 478
110 484
110 506
110 556
111 147
111 171
111 175
111 193
111 310
111 313
111 343
111 364
111 374
111 378
111 409
111 428
111 472
111 518
111 544
111 555
112 113
112 116
112 148
112 153
112 159
112 177
112 207
112 237
112 252
112 258
112 263
112 296
112 345
112 410
112 437
112 464
112 524
113 116
113 159
113 181
113 198
113 242
113 366
113 387
113 391
113 410
113 464
113 524
113 532
114 125
114 142
114 201
114 222
114 238
114 268
114 277
114 292
114 301
114 353
114 403
114 438
114 452
114 473
114 482
114 526
114 546
114 556
115 142
115 143
115 145
115 194
115 208
115 217
115 228
115 245
115 289
115 330
115 354
115 385
115 515
115 520
115 529
115 543
115 559
116 142
116 144
116 159
116 202
116 276
116 281
116 350
116 379
116 410
116 464
116 466
116 470
116 495
116 519
116 524
116 528
117 180
117 191
117 226
117 267
117 300
117 315
117 321
117 324
117 344
117 357
117 361
117 366
117 413
117 416
117 419
117 433
117 444
117 482
117 539
117 547
118 124
118 164
118 169
118 175
118 213
118 230
118 276
118 289
118 318
118 326
118 348
118 351
118 448
118 459
118 487
118 505
118 563
119 130
119 136
119 143
119 144
119 161
119 194
119 216
119 222
119 340
119 348
119 363
119 405
119 473
119 517
119 542
119 572
119 575
120 123
120 127
120 128
120 131
120 137
120 163
120 180
120 184
120 234
120 331
120 348
120 409
120 425
120 427
120 456
120 459
120 495
120 574
121 165
121 214
121 219
121 231
121 264
121 270
121 284
121 314
121 329
121 359
121 445
121 447
121 455
121 485
121 529
121 543
122 177
122 217
122 218
122 266
122 281
122 296
122 369
122 379
122 385
122 387
122 398
122 434
122 451
122 464
122 534
122 541
122 574
123 127
123 129
123 184
123 212
123 218
123 224
123 266
123 352
123 359
123 365
123 375
123 383
123 427
123 456
123 464
123 495
123 521
123 568
123 574
124 127
124 128
124 146
124 147
124 163
124 228
124 276
124 289
124 297
124 459
124 473
124 512
124 517
124 575
125 153
125 187
125 199
125 238
125 239
125 353
125 373
125 389
125 407
125 413
125 424
125 481
125 482
125 511
125 546
125 548
125 558
126 158
126 186
126 192
126 211
126 252
126 294
126 308
126 336
126 377
126 432
126 435
126 457
126 476
126 482
126 488
126 501
126 502
126 535
126 542
126 547
127 128
127 131
127 146
127 147
127 184
127 213
127 289
127 356
127 361
127 363
127 394
127 427
127 430
127 456
127 495
127 512
127 517
127 574
128 131
128 137
128 146
128 147
128 180
128 234
128 266
128 289
128 348
128 365
128 425
128 470
128 492
128 512
128 517
129 140
129 207
129 224
129 237
129 251
129 266
129 322
129 352
129 359
129 376
129 377
129 419
129 460
129 465
129 568
130 143
130 144
130 160
130 165
130 201
130 222
130 230
130 402
130 461
130 502
130 511
130 526
130 570
130 573
130 575
131 163
131 213
131 266
131 331
131 356
131 361
131 363
131 365
131 394
131 409
131 430
131 459
131 470
131 492
132 180
132 195
132 221
132 241
132 272
132 277
132 310
132 430
132 467
132 480
132 481
132 484
132 489
132 503
132 510
132 518
132 536
132 567
133 135
133 203
133 317
133 341
133 347
133 350
133 415
133 416
133 417
133 424
133 444
133 490
133 530
133 539
133 542
134 141
134 219
134 253
134 256
134 262
134 295
134 301
134 346
134 371
134 383
134 400
134 404
134 406
134 426
134 477
134 527
134 546
135 149
135 200
135 203
135 235
135 341
135 350
135 360
135 366
135 393
135 415
135 444
135 486
135 540
135 542
135 571
136 138
136 189
136 192
136 259
136 348
136 360
136 363
136 405
136 415
136 457
136 473
136 476
136 477
136 490
136 542
136 572
137 180
137 213
137 234
137 261
137 348
137 363
137 408
137 415
137 425
137 457
137 461
137 505
137 507
137 513
137 562
137 575
138 141
138 183
138 189
138 192
138 212
138 268
138 369
138 380
138 400
138 415
138 419
138 476
138 477
138 496
138 501
138 516
138 525
139 167
139 178
139 195
139 273
139 285
139 297
139 307
139 309
139 327
139 340
139 349
139 354
139 390
139 471
139 483
139 519
140 151
140 207
140 209
140 249
140 282
140 302
140 303
140 320
140 322
140 372
140 376
140 384
140 408
140 422
140 439
140 465
140 493
140 563
141 183
141 212
141 219
141 236
141 253
141 256
141 268
141 304
141 323
141 369
141 400
141 404
141 406
141 426
141 501
141 509
142 143
142 144
142 145
142 201
142 202
142 276
142 289
142 292
142 330
142 379
142 403
142 466
142 473
142 519
142 520
142 526
143 144
143 145
143 159
143 222
143 227
143 281
143 289
143 330
143 403
143 458
143 520
143 575
144 146
144 202
144 222
144 245
144 276
144 379
144 403
144 459
144 466
144 519
144 545
144 575
145 223
145 286
145 289
145 313
145 330
145 429
145 434
145 462
145 504
145 515
145 520
145 545
145 554
146 147
146 163
146 169
146 245
146 289
146 403
146 458
146 459
146 466
146 505
146 512
146 517
146 545
147 175
147 188
147 193
147 289
147 310
147 325
147 331
147 343
147 364
147 409
147 512
147 517
147 564
147 570
148 155
148 162
148 182
148 190
148 207
148 214
148 227
148 263
148 296
148 323
148 337
148 345
148 346
148 411
148 426
148 437
148 468
148 519
149 150
149 157
149 158
149 174
149 200
149 235
149 310
149 358
149 360
149 381
149 422
149 450
149 468
149 469
149 567
149 571
150 158
150 181
150 298
150 310
150 312
150 358
150 370
150 374
150 381
150 450
150 453
150 537
150 561
151 152
151 247
151 249
151 268
151 304
151 311
151 320
151 346
151 355
151 371
151 402
151 408
151 422
151 436
151 493
151 531
151 535
151 557
151 563
152 224
152 260
152 287
152 304
152 316
152 338
152 346
152 367
152 374
152 436
152 454
152 514
152 531
152 557
152 561
153 177
153 237
153 239
153 247
153 252
153 258
153 313
153 373
153 389
153 407
153 449
153 511
153 548
153 560
154 176
154 189
154 205
154 225
154 248
154 275
154 291
154 324
154 337
154 377
154 378
154 441
154 462
154 486
154 533
154 564
155 162
155 177
155 182
155 202
155 214
155 295
155 304
155 306
155 337
155 376
155 411
155 426
155 437
155 475
155 524
156 168
156 176
156 198
156 242
156 265
156 272
156 288
156 293
156 332
156 349
156 421
156 436
156 453
156 467
156 525
156 536
156 547
157 174
157 203
157 235
157 243
157 343
157 358
157 388
157 422
157 440
157 468
157 469
157 488
157 510
157 537
157 550
157 567
158 172
158 204
158 224
158 243
158 252
158 298
158 299
158 308
158 310
158 358
158 381
158 435
158 450
158 476
158 482
158 488
159 227
159 259
159 281
159 325
159 341
159 379
159 403
159 410
159 427
159 458
159 464
159 492
159 524
160 165
160 251
160 274
160 283
160 294
160 298
160 314
160 368
160 397
160 420
160 431
160 485
160 511
160 526
160 570
161 179
161 194
161 216
161 228
161 280
161 340
161 351
161 375
161 396
161 398
161 447
161 499
161 517
161 520
162 164
162 211
162 212
162 214
162 232
162 248
162 291
162 337
162 411
162 414
162 426
162 516
162 533
163 169
163 228
163 297
163 331
163 409
163 458
163 459
163 466
163 473
163 505
163 517
163 575
164 175
164 212
164 232
164 318
164 326
164 351
164 396
164 443
164 505
164 516
164 525
164 532
164 533
164 553
165 186
165 204
165 231
165 237
165 264
165 329
165 359
165 370
165 397
165 442
165 511
165 526
165 543
165 566
165 570
166 167
166 168
166 195
166 202
166 210
166 227
166 233
166 255
166 327
166 334
166 401
166 435
166 438
166 471
166 483
166 491
166 494
167 168
167 178
167 195
167 210
167 252
167 255
167 273
167 309
167 463
167 471
167 478
167 483
167 519
167 556
168 195
168 210
168 221
168 255
168 265
168 269
168 271
168 272
168 273
168 332
168 349
168 483
168 549
169 179
169 213
169 230
169 232
169 348
169 364
169 428
169 443
169 448
169 458
169 466
169 487
169 505
169 517
169 563
170 179
170 185
170 190
170 209
170 215
170 303
170 326
170 333
170 335
170 373
170 386
170 446
170 453
170 483
170 491
170 493
170 552
171 175
171 193
171 286
171 331
171 332
171 374
171 381
171 428
171 441
171 484
171 510
171 512
171 544
171 551
171 555
172 174
172 184
172 204
172 205
172 220
172 224
172 233
172 241
172 243
172 293
172 298
172 299
172 319
172 328
172 454
173 226
173 246
173 257
173 264
173 269
173 270
173 329
173 356
173 368
173 390
173 411
173 418
173 425
173 434
173 440
173 455
173 485
173 571
174 205
174 220
174 241
174 272
174 293
174 412
174 422
174 452
174 468
174 469
174 503
174 506
174 567
175 193
175 310
175 318
175 326
175 343
175 351
175 364
175 374
175 409
175 428
175 505
175 544
175 555
176 198
176 242
176 248
176 293
176 321
176 378
176 387
176 393
176 396
176 410
176 436
176 441
176 462
176 467
176 538
176 564
177 182
177 218
177 237
177 252
177 258
177 281
177 296
177 306
177 376
177 379
177 387
177 475
177 524
178 214
178 229
178 236
178 273
178 309
178 317
178 345
178 401
178 413
178 427
178 470
178 471
178 475
178 494
178 504
178 519
179 185
179 228
179 232
179 303
179 326
179 351
179 364
179 375
179 396
179 398
179 428
179 443
179 446
179 453
179 483
180 226
180 234
180 267
180 272
180 300
180 310
180 348
180 361
180 416
180 425
180 430
180 481
180 510
180 547
181 198
181 279
181 298
181 312
181 370
181 387
181 391
181 453
181 514
181 565
182 190
182 227
182 306
182 323
182 346
182 376
182 406
182 414
182 437
182 445
182 468
182 475
182 519
182 523
182 524
182 533
183 212
183 249
183 268
183 292
183 301
183 334
183 369
183 371
183 400
183 449
183 474
183 501
183 502
183 506
183 557
184 230
184 233
184 319
184 328
184 427
184 447
184 454
184 456
184 495
184 507
184 508
184 574
185 216
185 217
185 221
185 255
185 273
185 280
185 285
185 303
185 326
185 327
185 349
185 423
185 446
185 453
185 471
185 483
185 497
186 192
186 204
186 237
186 283
186 290
186 294
186 332
186 334
186 370
186 385
186 397
186 432
186 442
186 502
186 518
186 535
186 547
186 556
186 566
187 199
187 287
187 299
187 311
187 367
187 394
187 413
187 424
187 425
187 426
187 449
187 481
187 523
187 531
187 558
187 568
188 197
188 201
188 206
188 239
188 250
188 325
188 331
188 347
188 397
188 465
188 555
188 564
188 569
188 570
189 191
189 192
189 205
189 211
189 275
189 322
189 337
189 352
189 377
189 415
189 476
189 477
189 486
189 533
189 566
190 209
190 227
190 235
190 241
190 320
190 323
190 346
190 358
190 373
190 468
190 491
190 519
191 196
191 211
191 322
191 344
191 352
191 357
191 413
191 419
191 421
191 444
191 477
191 501
191 553
191 566
192 243
192 294
192 336
192 353
192 415
192 432
192 433
192 450
192 476
192 477
192 478
192 502
192 535
192 547
193 197
193 286
193 310
193 332
193 343
193 364
193 409
193 441
193 484
193 498
193 514
193 551
194 216
194 217
194 228
194 245
194 326
194 340
194 354
194 517
194 521
194 529
194 532
194 534
194 538
195 210
195 221
195 255
195 307
195 327
195 349
195 390
195 467
195 483
195 484
195 503
195 518
195 536
196 293
196 306
196 318
196 337
196 345
196 369
196 380
196 383
196 395
196 414
196 421
196 443
196 477
196 501
196 516
196 550
196 553
197 206
197 250
197 257
197 316
197 347
197 364
197 465
197 498
197 513
197 514
197 522
197 544
197 555
197 563
197 573
198 242
198 249
198 293
198 295
198 323
198 355
198 367
198 387
198 391
198 436
198 467
199 210
199 278
199 343
199 361
199 381
199 413
199 424
199 452
199 481
199 497
199 503
199 558
200 220
200 235
200 253
200 302
200 305
200 333
200 347
200 360
200 380
200 388
200 475
200 550
200 571
201 230
201 239
201 292
201 397
201 402
201 403
201 461
201 473
201 502
201 526
201 569
201 573
202 227
202 276
202 295
202 304
202 327
202 379
202 401
202 437
202 466
202 494
202 519
203 205
203 244
203 321
203 341
203 350
203 358
203 360
203 388
203 415
203 417
203 440
203 444
203 542
203 550
204 224
204 237
204 243
204 288
204 298
204 299
204 370
204 397
204 420
204 442
204 446
204 537
204 565
204 566
205 220
205 241
205 244
205 275
205 293
205 321
205 337
205 360
205 377
205 417
205 486
205 533
206 250
206 263
206 305
206 347
206 352
206 384
206 390
206 404
206 460
206 465
206 493
206 497
206 549
206 555
207 263
207 296
207 322
207 345
207 376
207 391
207 437
207 441
207 465
207 548
208 218
208 280
208 290
208 294
208 354
208 385
208 429
208 438
208 442
208 451
208 484
208 515
208 543
208 559
209 215
209 255
209 282
209 285
209 288
209 302
209 303
209 312
209 351
209 372
209 373
209 384
209 439
209 491
210 253
210 254
210 255
210 269
210 307
210 423
210 452
210 465
210 483
210 497
211 248
211 291
211 322
211 336
211 352
211 377
211 414
211 457
211 501
211 542
211 566
212 218
212 232
212 268
212 365
212 369
212 375
212 383
212 400
212 464
212 501
212 516
212 521
212 533
213 230
213 261
213 348
213 356
213 361
213 363
213 394
213 415
213 430
213 448
213 457
213 487
213 562
213 563
213 575
214 236
214 270
214 314
214 337
214 345
214 401
214 411
214 426
214 445
214 455
214 475
215 233
215 255
215 285
215 288
215 303
215 312
215 333
215 335
215 351
215 386
215 463
215 468
215 493
215 500
215 548
215 552
216 217
216 255
216 271
216 273
216 280
216 297
216 327
216 340
216 386
216 422
216 439
216 517
217 228
217 245
217 255
217 273
217 280
217 327
217 354
217 385
217 434
217 451
217 464
217 529
217 541
218 280
218 281
218 290
218 296
218 354
218 365
218 375
218 379
218 383
218 387
218 429
218 464
218 521
219 253
219 256
219 257
219 284
219 333
219 372
219 404
219 406
219 426
219 447
219 479
219 485
219 509
219 529
219 546
220 241
220 265
220 293
220 380
220 388
220 395
220 475
220 536
221 269
221 271
221 273
221 285
221 349
221 423
221 467
221 471
221 484
221 497
221 503
221 518
221 536
221 549
222 262
222 268
222 277
222 292
222 301
222 308
222 389
222 433
222 438
222 452
222 509
222 556
222 558
222 575
223 229
223 240
223 309
223 344
223 401
223 412
223 424
223 462
223 489
223 492
223 495
223 504
223 511
223 571
224 243
224 266
224 287
224 298
224 299
224 338
224 352
224 359
224 374
224 514
224 568
225 231
225 260
225 291
225 308
225 315
225 319
225 324
225 353
225 357
225 368
225 382
225 393
225 416
225 562
225 572
226 246
226 257
226 264
226 267
226 282
226 300
226 342
226 361
226 368
226 375
226 386
226 416
226 455
226 489
226 534
226 547
227 281
227 323
227 327
227 346
227 401
227 403
227 458
227 468
227 494
227 519
228 245
228 297
228 351
228 354
228 375
228 396
228 398
228 473
228 529
228 575
229 240
229 317
229 325
229 330
229 412
229 413
229 427
229 470
229 489
229 494
229 504
229 511
229 528
229 545
229 564
229 571
230 348
230 402
230 447
230 448
230 461
230 487
230 502
230 507
230 508
230 563
230 573
231 260
231 264
231 267
231 270
231 274
231 315
231 319
231 329
231 342
231 359
231 368
231 418
231 522
231 543
231 562
231 572
232 318
232 364
232 421
232 428
232 443
232 496
232 508
232 516
232 533
232 538
233 303
233 319
233 328
233 334
233 435
233 438
233 454
233 463
233 468
233 471
233 491
233 500
233 548
234 247
234 307
234 348
234 356
234 394
234 406
234 418
234 425
234 429
234 455
234 541
234 549
235 241
235 243
235 320
235 343
235 358
235 360
235 488
235 510
235 537
235 571
236 258
236 286
236 304
236 311
236 323
236 345
236 401
236 407
236 472
236 475
236 509
236 527
237 251
237 252
237 258
237 370
237 377
237 397
237 419
237 442
237 460
237 566
238 258
238 278
238 287
238 317
238 344
238 353
238 389
238 482
238 500
238 546
238 558
238 560
239 240
239 373
239 389
239 397
239 407
239 440
239 480
239 504
239 511
239 548
239 569
240 309
240 325
240 330
240 344
240 401
240 424
240 440
240 480
240 492
240 495
240 504
240 528
240 545
240 564
241 277
241 293
241 320
241 358
241 480
241 489
241 567
242 275
242 291
242 293
242 366
242 436
242 467
242 532
242 551
243 298
243 299
243 336
243 343
243 353
243 433
243 450
243 478
243 488
243 510
243 537
244 250
244 259
244 261
244 321
244 350
244 360
244 399
244 417
244 444
244 466
244 490
244 515
244 540
244 572
245 290
245 354
245 359
245 399
245 403
245 431
245 451
245 459
245 520
245 529
245 545
245 554
246 257
246 264
246 267
246 342
246 357
246 368
246 398
246 412
246 430
246 432
246 439
246 455
246 480
246 521
246 539
246 552
247 268
247 311
247 313
247 355
247 356
247 371
247 402
247 406
247 449
247 535
247 560
248 275
248 291
248 315
248 362
248 378
248 382
248 391
248 414
248 441
248 462
248 508
248 564
249 295
249 301
249 320
249 323
249 355
249 367
249 408
249 422
249 449
249 474
249 493
249 502
249 557
249 563
250 254
250 259
250 335
250 347
250 350
250 372
250 388
250 404
250 444
250 465
250 490
250 530
250 540
250 555
251 283
251 294
251 296
251 298
251 377
251 407
251 419
251 420
251 435
251 460
251 478
251 524
251 560
251 566
252 258
252 308
252 435
252 463
252 476
252 478
252 482
252 488
252 556
253 254
253 256
253 269
253 302
253 305
253 307
253 333
253 347
253 404
253 406
253 423
253 426
253 465
253 550
254 269
254 284
254 305
254 307
254 335
254 372
254 388
254 400
254 404
254 423
254 465
254 479
254 523
254 530
255 273
255 280
255 285
255 288
255 312
255 327
255 351
255 483
256 262
256 271
256 284
256 302
256 314
256 329
256 335
256 404
256 406
256 426
256 479
256 499
256 522
257 264
257 316
257 333
257 368
257 372
257 455
257 479
257 509
257 513
257 522
257 544
257 546
257 563
257 573
258 286
258 311
258 407
258 472
258 500
258 527
258 558
258 560
259 325
259 341
259 350
259 360
259 379
259 427
259 444
259 457
259 490
259 492
259 540
260 315
260 316
260 319
260 367
260 368
260 392
260 454
260 456
260 463
260 491
260 561
260 562
260 572
261 264
261 274
261 324
261 382
261 392
261 399
261 405
261 415
261 454
261 457
261 466
261 515
261 562
261 572
261 575
262 284
262 292
262 295
262 302
262 308
262 335
262 346
262 389
262 400
262 433
262 509
262 522
262 527
262 546
262 558
263 296
263 345
263 352
263 362
263 373
263 376
263 378
263 384
263 437
263 460
263 493
263 500
263 551
264 274
264 324
264 329
264 359
264 368
264 382
264 392
264 405
264 454
264 455
264 543
265 272
265 300
265 312
265 332
265 349
265 395
265 432
265 446
265 467
265 496
265 536
265 553
266 352
266 359
266 365
266 369
266 398
266 470
266 492
266 534
266 568
266 574
267 270
267 274
267 300
267 342
267 361
267 398
267 412
267 416
267 418
267 439
267 480
267 521
267 522
267 547
267 552
268 277
268 301
268 311
268 355
268 369
268 371
268 400
268 402
268 438
268 452
268 501
268 535
268 556
269 270
269 271
269 273
269 307
269 356
269 390
269 423
269 425
269 434
269 465
269 549
270 274
270 314
270 342
270 356
270 390
270 418
270 425
270 434
270 445
270 455
270 522
271 273
271 297
271 314
271 329
271 386
271 422
271 439
271 479
271 499
271 549
272 310
272 332
272 349
272 412
272 430
272 452
272 481
272 503
272 506
272 510
273 280
273 309
273 327
273 471
273 519
273 549
274 314
274 324
274 342
274 368
274 382
274 392
274 397
274 405
274 418
274 431
274 454
274 485
274 522
275 291
275 315
275 337
275 362
275 377
275 382
275 391
275 486
275 508
275 533
275 551
276 289
276 379
276 405
276 417
276 458
276 459
276 466
276 519
276 540
276 554
276 559
276 562
277 278
277 279
277 301
277 423
277 438
277 452
277 480
277 481
277 489
277 506
277 556
277 561
277 567
278 279
278 287
278 317
278 343
278 344
278 361
278 381
278 389
278 423
278 481
278 503
278 506
278 561
279 319
279 339
279 392
279 423
279 481
279 506
279 514
279 531
279 561
279 565
279 573
280 290
280 327
280 354
280 429
280 447
280 499
280 520
281 296
281 350
281 379
281 387
281 403
281 458
281 470
281 495
281 528
282 302
282 303
282 320
282 340
282 342
282 372
282 375
282 384
282 386
282 439
282 469
282 489
282 534
282 552
283 290
283 294
283 298
283 300
283 332
283 334
283 336
283 385
283 402
283 420
283 442
283 474
283 476
283 518
283 556
284 302
284 305
284 335
284 400
284 447
284 479
284 485
284 522
284 523
284 529
285 288
285 297
285 312
285 340
285 349
285 351
285 354
285 423
285 471
285 483
285 497
286 311
286 313
286 332
286 407
286 429
286 434
286 441
286 472
286 484
286 515
286 527
286 545
286 551
286 554
287 311
287 317
287 338
287 344
287 374
287 389
287 394
287 425
287 426
287 449
287 514
287 523
288 312
288 351
288 420
288 421
288 446
288 453
288 525
288 536
288 537
288 547
288 565
289 330
289 459
289 512
289 517
289 520
290 332
290 334
290 354
290 359
290 385
290 399
290 429
290 431
290 451
290 518
290 520
290 554
290 556
291 324
291 414
291 551
292 308
292 334
292 371
292 389
292 403
292 433
292 473
292 506
292 509
292 526
292 558
293 306
293 345
293 395
293 436
293 467
293 516
293 550
294 298
294 420
294 432
294 438
294 442
294 451
294 484
294 502
294 535
294 547
295 304
295 323
295 346
295 355
295 367
295 400
295 437
295 527
295 546
296 345
296 379
296 387
296 407
296 435
296 437
296 478
296 524
296 560
296 566
297 340
297 354
297 386
297 422
297 439
297 473
297 483
297 575
298 299
298 312
298 370
298 420
298 453
299 322
299 338
299 365
299 367
299 431
299 460
299 531
299 543
299 568
299 574
300 312
300 336
300 361
300 402
300 416
300 432
300 442
300 446
300 467
300 474
300 476
300 496
300 547
300 553
301 371
301 383
301 438
301 449
301 452
301 474
301 477
301 502
301 556
301 557
302 303
302 305
302 333
302 335
302 347
302 372
302 384
302 439
302 522
302 550
303 326
303 372
303 384
303 439
303 446
303 453
303 463
303 468
303 483
303 500
303 548
304 323
304 346
304 436
304 437
304 509
304 531
304 557
305 333
305 347
305 390
305 400
305 404
305 479
305 497
305 523
305 549
305 550
306 309
306 345
306 376
306 395
306 411
306 445
306 475
306 494
306 516
306 524
306 527
306 550
307 327
307 349
307 390
307 394
307 418
307 423
307 429
307 455
307 465
307 541
307 549
308 353
308 357
308 382
308 389
308 393
308 416
308 433
308 435
308 476
308 482
308 488
308 509
308 558
309 344
309 401
309 411
309 424
309 445
309 471
309 492
309 494
309 495
309 519
309 527
310 343
310 358
310 364
310 381
310 409
310 430
310 450
310 481
310 510
311 355
311 371
311 394
311 402
311 407
311 425
311 426
311 449
311 472
311 523
311 527
311 535
312 351
312 370
312 432
312 446
312 453
312 467
312 496
312 553
313 378
313 429
313 434
313 449
313 472
313 515
313 518
313 545
313 554
313 560
314 329
314 368
314 397
314 431
314 445
314 455
314 479
314 485
314 499
315 319
315 321
315 324
315 362
315 366
315 368
315 382
315 391
315 433
315 482
315 508
315 539
315 562
315 572
316 339
316 367
316 448
316 454
316 474
316 507
316 513
316 522
316 526
316 535
316 544
316 561
316 563
316 573
317 344
317 389
317 413
317 416
317 424
317 427
317 470
317 490
317 494
317 504
317 539
318 326
318 337
318 351
318 369
318 380
318 383
318 414
318 421
318 443
318 496
318 505
318 508
318 538
319 328
319 339
319 368
319 392
319 454
319 531
319 562
319 572
319 573
320 340
320 358
320 408
320 422
320 469
320 493
320 552
320 563
321 324
321 360
321 366
321 387
321 393
321 396
321 410
321 417
321 433
321 482
321 538
321 539
322 338
322 352
322 365
322 376
322 431
322 460
322 465
322 543
322 566
322 574
323 346
323 355
323 367
323 468
323 509
323 519
324 366
324 382
324 392
324 405
324 433
324 454
324 482
324 539
325 330
325 331
325 341
325 379
325 427
325 492
325 528
325 545
325 564
325 570
326 351
326 446
326 453
326 483
326 505
326 521
326 532
326 534
326 538
327 349
327 390
327 401
327 494
328 338
328 370
328 395
328 420
328 450
328 454
328 486
328 488
328 567
328 568
329 359
329 411
329 418
329 440
329 479
329 485
329 499
329 543
329 571
330 399
330 472
330 520
330 528
330 541
330 545
330 559
330 564
331 381
331 409
331 428
331 459
331 510
331 512
331 564
331 570
332 334
332 349
332 385
332 441
332 484
332 518
332 551
332 556
333 335
333 347
333 372
333 386
333 479
333 493
333 509
333 546
333 550
333 552
334 371
334 385
334 435
334 438
334 471
334 491
334 506
334 518
334 556
335 372
335 386
335 388
335 404
335 493
335 522
335 530
335 552
336 353
336 377
336 402
336 433
336 442
336 450
336 457
336 474
336 476
336 478
336 501
336 542
337 369
337 377
337 380
337 383
337 411
337 414
337 426
337 443
337 486
337 533
338 365
338 370
338 374
338 420
338 431
338 450
338 460
338 488
338 514
338 543
338 568
338 574
339 392
339 408
339 448
339 474
339 487
339 498
339 507
339 526
339 531
339 535
339 555
339 573
340 354
340 469
340 483
340 517
340 552
341 347
341 350
341 379
341 415
341 417
341 427
341 444
341 492
341 530
341 542
342 357
342 375
342 386
342 418
342 430
342 432
342 489
342 522
342 534
342 539
343 361
343 364
343 381
343 409
343 488
343 503
343 510
343 537
344 357
344 389
344 401
344 413
344 419
344 424
344 444
344 492
344 495
345 395
345 401
345 437
345 475
345 516
345 550
346 400
346 436
346 468
346 519
346 527
346 531
346 546
346 557
347 417
347 465
347 530
347 550
347 555
348 363
348 405
348 425
348 448
348 473
348 487
348 542
348 563
348 572
349 390
349 423
349 471
349 497
350 415
350 444
350 470
350 490
350 495
350 528
350 540
350 542
351 375
351 396
351 398
351 505
352 359
352 384
352 460
352 493
352 566
352 568
353 357
353 382
353 393
353 416
353 433
353 450
353 478
353 482
353 546
354 429
354 483
354 529
355 367
355 371
355 384
355 402
355 469
355 487
355 513
355 535
355 557
356 361
356 363
356 390
356 394
356 406
356 425
356 430
356 434
357 382
357 393
357 413
357 416
357 419
357 430
357 432
357 444
357 539
358 381
358 388
358 440
358 450
358 550
359 399
359 431
359 451
359 520
359 543
359 554
359 568
360 417
360 457
360 490
360 571
361 363
361 381
361 394
361 416
361 430
361 503
361 547
362 373
362 376
362 378
362 382
362 391
362 410
362 436
362 500
362 508
362 551
362 565
363 394
363 405
363 408
363 430
363 461
363 473
363 505
363 507
363 513
363 542
363 572
364 409
364 428
364 443
364 498
364 514
365 375
365 383
365 431
365 460
365 464
365 470
365 492
365 521
365 543
365 574
366 393
366 433
366 482
366 486
366 532
366 539
366 540
367 454
367 531
367 561
367 568
368 397
368 431
368 455
368 485
368 562
368 572
369 380
369 383
369 398
369 400
369 414
369 443
369 501
369 534
369 574
370 397
370 420
370 442
370 450
370 453
370 488
370 566
370 568
371 383
371 402
371 477
371 506
371 535
372 384
372 388
372 404
372 439
372 479
372 509
372 530
372 546
373 376
373 378
373 389
373 407
373 491
373 500
373 511
373 548
373 551
374 428
374 514
374 537
374 544
374 555
374 561
375 383
375 386
375 396
375 398
375 464
375 489
375 521
375 534
376 378
376 465
376 475
376 500
376 524
376 551
377 419
377 457
377 460
377 486
377 501
377 533
377 542
378 441
378 462
378 472
378 500
378 518
378 551
378 564
379 387
379 427
379 466
379 492
379 519
380 383
380 388
380 414
380 419
380 443
380 475
380 496
380 516
380 525
381 428
381 450
381 503
381 510
381 512
382 391
382 392
382 393
382 405
382 416
382 454
382 508
383 414
383 443
383 464
383 477
383 521
384 439
384 460
384 469
384 487
384 493
384 513
384 557
385 434
385 451
385 464
385 515
385 518
385 541
385 543
385 556
385 559
386 422
386 439
386 489
386 493
386 534
386 552
387 391
387 393
387 396
387 410
387 538
388 404
388 440
388 475
388 530
388 550
389 407
389 433
389 509
389 511
389 548
389 558
390 404
390 425
390 434
390 497
390 549
391 441
391 508
391 548
392 405
392 454
392 456
392 463
392 491
392 531
392 573
393 396
393 410
393 416
393 486
393 538
393 540
394 418
394 425
394 426
394 429
394 430
394 449
394 455
394 523
394 541
394 549
395 486
395 516
395 536
395 550
395 567
396 398
396 410
396 443
396 525
396 532
396 538
396 553
397 431
397 442
397 485
397 566
397 569
398 412
398 439
398 480
398 521
398 534
398 552
398 574
399 431
399 451
399 466
399 472
399 515
399 520
399 541
399 554
399 559
399 572
400 479
400 501
400 523
400 527
400 546
401 424
401 475
401 492
401 494
401 495
402 442
402 461
402 474
402 476
402 502
402 535
402 573
403 458
403 459
403 473
403 526
403 545
404 406
404 426
404 497
404 530
404 549
405 417
405 454
405 458
405 473
405 540
405 542
405 554
405 559
405 562
405 572
406 414
406 426
406 437
406 445
406 523
406 533
407 435
407 472
407 478
407 511
407 524
407 527
407 548
407 560
407 566
408 422
408 461
408 487
408 493
408 498
408 505
408 507
408 513
408 555
408 563
409 459
409 462
409 512
409 528
409 569
410 436
410 464
410 524
410 538
410 565
411 418
411 426
411 440
411 445
411 485
411 494
411 527
411 571
412 439
412 452
412 480
412 489
412 503
412 506
412 511
412 521
412 552
412 571
413 419
413 424
413 427
413 444
413 470
413 481
413 494
413 504
413 558
414 437
414 443
414 445
414 523
414 533
415 444
415 457
415 476
415 477
415 542
415 562
415 575
416 424
416 490
416 539
416 547
417 458
417 530
417 540
417 554
417 559
417 562
418 429
418 440
418 455
418 485
418 522
418 541
418 549
418 571
419 444
419 460
419 496
419 516
419 525
420 446
420 450
420 488
420 537
420 565
420 568
421 453
421 477
421 496
421 501
421 508
421 525
421 536
421 538
421 547
421 553
422 439
422 468
422 469
422 493
422 563
422 567
423 465
423 471
423 481
423 497
423 506
423 561
424 481
424 490
424 492
424 495
424 539
424 558
425 426
425 434
425 449
425 523
426 449
426 523
427 456
427 470
427 492
427 494
427 495
427 504
427 574
428 443
428 510
428 512
428 544
428 555
429 434
429 455
429 515
429 541
429 545
429 549
429 554
430 432
430 481
430 510
430 539
431 451
431 460
431 485
431 520
431 543
431 554
431 574
432 446
432 467
432 496
432 502
432 535
432 539
432 547
432 553
433 450
433 478
433 482
433 509
433 539
433 558
434 451
434 464
434 515
434 541
434 545
434 554
435 438
435 471
435 476
435 478
435 482
435 488
435 491
435 524
435 560
435 566
436 467
436 531
436 557
436 565
437 445
437 523
437 533
438 442
438 451
438 452
438 471
438 484
438 491
438 556
439 480
439 521
439 552
440 480
440 485
440 504
440 550
440 571
441 462
441 484
441 548
441 551
441 564
442 451
442 474
442 476
442 484
442 566
443 525
443 532
443 553
444 490
444 540
444 542
445 455
445 494
445 523
445 527
445 533
446 453
446 467
446 483
446 496
446 537
446 553
446 565
447 485
447 499
447 507
447 508
447 520
447 529
448 456
448 461
448 474
448 487
448 499
448 507
448 526
448 529
448 535
448 563
449 474
449 502
449 523
449 557
449 560
450 478
450 488
450 568
451 464
451 484
451 520
451 541
451 554
452 497
452 503
452 506
452 556
453 483
453 525
453 536
453 547
454 561
455 541
455 549
456 461
456 463
456 491
456 495
456 499
456 529
456 574
457 490
457 501
457 542
457 562
457 575
458 466
458 505
458 517
458 540
458 554
458 559
458 562
459 545
460 493
460 543
460 574
461 499
461 502
461 505
461 507
461 513
461 529
461 573
462 504
462 512
462 528
462 564
462 569
463 468
463 478
463 491
463 500
463 548
463 556
464 521
464 524
464 541
465 555
466 505
466 515
466 517
466 519
466 572
467 484
467 496
467 503
467 518
467 536
467 553
468 469
468 500
468 519
468 548
468 567
469 487
469 513
469 552
469 557
469 567
470 492
470 494
470 495
470 504
470 528
471 491
471 497
471 519
472 518
472 527
472 541
472 559
473 526
473 542
473 572
473 575
474 476
474 502
474 507
474 526
474 535
474 557
475 524
476 477
476 482
476 488
477 501
477 553
478 524
478 556
478 560
478 566
479 499
479 509
479 523
479 546
480 489
480 504
480 521
480 552
480 567
481 506
481 510
481 558
481 561
482 488
482 539
482 546
484 503
484 518
484 536
484 551
485 529
485 571
486 533
486 540
486 567
487 498
487 513
487 555
487 557
487 563
488 510
488 537
488 568
489 511
489 534
489 567
489 571
490 539
490 540
492 495
493 552
493 563
494 504
494 527
495 528
495 574
496 508
496 516
496 525
496 538
496 553
497 549
498 514
498 530
498 544
498 555
498 569
498 570
499 520
499 529
500 548
500 551
500 558
500 560
501 542
501 553
502 535
502 547
502 557
502 573
503 506
503 518
503 536
505 507
505 513
505 517
506 561
507 508
507 513
507 526
507 535
508 538
509 546
509 558
510 512
510 537
511 526
511 548
511 570
511 571
512 517
512 528
512 569
513 522
513 544
513 557
513 563
513 573
514 565
515 543
515 545
515 554
515 559
515 572
516 525
516 533
516 550
518 536
518 556
520 554
521 532
521 534
521 538
521 552
522 544
522 563
522 573
523 533
524 560
524 566
525 532
525 536
525 547
525 553
526 535
526 570
527 546
528 545
528 564
528 569
530 544
530 569
530 570
531 557
531 568
531 573
532 534
532 538
532 553
534 538
534 574
535 547
536 547
537 561
537 565
540 554
540 559
540 562
541 549
541 559
542 572
543 559
543 574
544 555
544 563
544 569
544 570
544 573
545 554
545 564
554 559
554 562
558 560
559 562
560 566
562 572
562 575
563 573
564 570
569 570
