640 6684
0 18
0 53
0 171
0 226
0 273
0 298
0 305
0 326
0 335
0 374
0 385
0 386
0 409
0 437
0 469
0 490
0 527
0 538
0 548
0 570
0 585
1 17
1 70
1 156
1 252
1 261
1 278
1 280
1 283
1 314
1 318
1 348
1 356
1 390
1 429
1 442
1 458
1 477
1 491
1 493
1 534
1 599
2 14
2 22
2 43
2 50
2 74
2 113
2 173
2 177
2 260
2 345
2 367
2 370
2 433
2 493
2 505
2 509
2 510
2 515
2 537
2 613
2 621
3 5
3 11
3 43
3 117
3 128
3 173
3 270
3 327
3 366
3 371
3 392
3 409
3 410
3 429
3 453
3 502
3 505
3 509
3 514
3 540
3 573
4 7
4 41
4 70
4 79
4 88
4 108
4 144
4 165
4 266
4 283
4 312
4 314
4 328
4 346
4 347
4 454
4 477
4 496
4 530
4 535
4 569
5 76
5 78
5 173
5 233
5 294
5 306
5 344
5 367
5 371
5 389
5 392
5 404
5 429
5 483
5 489
5 509
5 514
5 584
5 613
5 626
6 81
6 153
6 160
6 181
6 208
6 242
6 246
6 256
6 304
6 311
6 321
6 368
6 376
6 409
6 431
6 504
6 512
6 525
6 566
6 603
6 605
7 26
7 30
7 54
7 79
7 108
7 158
7 211
7 251
7 283
7 309
7 347
7 385
7 399
7 435
7 459
7 530
7 536
7 564
7 569
7 572
8 49
8 105
8 145
8 155
8 186
8 202
8 207
8 229
8 241
8 294
8 315
8 348
8 420
8 425
8 432
8 456
8 484
8 501
8 519
8 532
8 587
9 66
9 107
9 118
9 142
9 172
9 189
9 269
9 303
9 319
9 399
9 427
9 435
9 506
9 516
9 517
9 542
9 548
9 556
9 565
9 635
10 23
10 54
10 65
10 75
10 96
10 158
10 206
10 248
10 259
10 287
10 305
10 333
10 339
10 411
10 417
10 437
10 527
10 538
10 557
10 592
10 607
11 102
11 121
11 132
11 244
11 327
11 331
11 366
11 409
11 411
11 431
11 433
11 450
11 479
11 485
11 505
11 510
11 540
11 573
11 618
11 620
12 64
12 76
12 77
12 85
12 111
12 127
12 187
12 201
12 264
12 282
12 289
12 316
12 323
12 339
12 343
12 384
12 424
12 555
12 584
12 611
12 633
13 21
13 32
13 46
13 57
13 167
13 179
13 197
13 227
13 244
13 277
13 294
13 309
13 329
13 405
13 463
13 519
13 559
13 581
13 582
13 631
13 639
14 29
14 50
14 62
14 67
14 68
14 80
14 166
14 173
14 175
14 176
14 177
14 195
14 240
14 339
14 345
14 370
14 391
14 478
14 515
14 534
15 114
15 163
15 184
15 208
15 211
15 242
15 266
15 286
15 309
15 401
15 433
15 441
15 533
15 542
15 558
15 575
15 578
15 615
15 619
15 627
15 628
16 80
16 113
16 132
16 137
16 150
16 154
16 168
16 230
16 245
16 287
16 307
16 331
16 373
16 394
16 479
16 484
16 504
16 526
16 540
16 552
16 590
17 33
17 72
17 144
17 156
17 185
17 260
17 283
17 297
17 314
17 318
17 328
17 334
17 353
17 388
17 390
17 421
17 471
17 496
17 549
17 599
18 112
18 171
18 304
18 312
18 326
18 330
18 340
18 342
18 364
18 374
18 400
18 412
18 450
18 507
18 518
18 538
18 548
18 585
18 588
18 594
19 59
19 118
19 148
19 151
19 162
19 191
19 199
19 207
19 302
19 320
19 338
19 357
19 402
19 414
19 456
19 480
19 501
19 532
19 577
19 582
19 625
20 36
20 66
20 146
20 189
20 193
20 217
20 310
20 322
20 377
20 383
20 393
20 397
20 399
20 449
20 478
20 506
20 508
20 521
20 557
20 565
20 627
21 44
21 57
21 88
21 109
21 124
21 179
21 227
21 327
21 378
21 390
21 489
21 513
21 559
21 560
21 580
21 589
21 612
21 630
21 631
21 639
22 43
22 49
22 74
22 116
22 156
22 159
22 224
22 330
22 367
22 371
22 396
22 429
22 477
22 489
22 493
22 505
22 547
22 554
22 613
22 616
23 54
23 65
23 111
23 170
23 176
23 187
23 193
23 212
23 282
23 296
23 339
23 344
23 345
23 356
23 381
23 391
23 437
23 557
23 598
23 607
24 75
24 102
24 106
24 139
24 154
24 206
24 230
24 250
24 252
24 259
24 293
24 338
24 350
24 353
24 386
24 417
24 437
24 481
24 519
24 530
24 616
25 61
25 84
25 87
25 157
25 178
25 223
25 313
25 317
25 404
25 444
25 447
25 465
25 497
25 500
25 511
25 512
25 571
25 594
25 622
25 624
25 632
26 30
26 54
26 106
26 110
26 163
26 211
26 217
26 251
26 277
26 314
26 319
26 335
26 346
26 347
26 459
26 488
26 536
26 562
26 564
26 592
27 37
27 100
27 169
27 170
27 180
27 185
27 201
27 204
27 228
27 255
27 350
27 372
27 388
27 430
27 445
27 465
27 499
27 560
27 602
27 633
27 637
28 38
28 39
28 94
28 100
28 122
28 160
28 205
28 275
28 285
28 352
28 389
28 444
28 447
28 453
28 472
28 522
28 550
28 579
28 593
28 608
29 55
29 57
29 61
29 62
29 67
29 80
29 125
29 130
29 135
29 142
29 175
29 176
29 195
29 258
29 365
29 494
29 551
29 567
29 602
29 626
30 54
30 97
30 117
30 206
30 211
30 251
30 268
30 269
30 282
30 305
30 391
30 397
30 406
30 451
30 486
30 536
30 545
30 564
30 607
31 87
31 89
31 101
31 147
31 148
31 171
31 223
31 291
31 313
31 317
31 322
31 340
31 359
31 419
31 440
31 498
31 543
31 591
31 597
31 617
32 46
32 47
32 114
32 143
32 167
32 174
32 197
32 244
32 262
32 273
32 304
32 329
32 405
32 460
32 474
32 485
32 540
32 614
32 618
32 621
33 116
33 144
33 229
33 252
33 260
33 297
33 325
33 342
33 360
33 361
33 421
33 423
33 454
33 471
33 523
33 524
33 549
33 576
33 589
33 617
34 38
34 62
34 89
34 101
34 115
34 178
34 235
34 277
34 321
34 413
34 436
34 531
34 539
34 541
34 558
34 572
34 575
34 578
34 596
34 609
34 615
35 40
35 46
35 58
35 99
35 129
35 230
35 234
35 264
35 388
35 411
35 421
35 446
35 487
35 507
35 544
35 548
35 561
35 564
35 619
35 628
35 638
36 66
36 86
36 91
36 93
36 149
36 157
36 193
36 279
36 290
36 310
36 348
36 351
36 396
36 397
36 427
36 478
36 522
36 557
36 629
36 631
37 40
37 69
37 72
37 100
37 120
37 144
37 180
37 204
37 222
37 318
37 350
37 388
37 400
37 405
37 446
37 464
37 535
37 544
37 633
37 637
38 42
38 89
38 98
38 101
38 178
38 183
38 275
38 330
38 352
38 389
38 416
38 436
38 447
38 453
38 522
38 578
38 601
38 608
38 609
39 51
39 98
39 100
39 104
39 122
39 169
39 186
39 214
39 285
39 300
39 358
39 376
39 413
39 415
39 452
39 513
39 529
39 550
39 579
39 593
40 46
40 72
40 120
40 129
40 144
40 318
40 323
40 332
40 350
40 388
40 443
40 445
40 464
40 487
40 499
40 507
40 535
40 579
40 638
41 98
41 99
41 209
41 262
41 266
41 267
41 286
41 308
41 312
41 314
41 328
41 395
41 439
41 454
41 461
41 533
41 535
41 558
41 583
41 603
42 82
42 98
42 157
42 183
42 275
42 330
42 389
42 408
42 410
42 416
42 455
42 472
42 539
42 550
42 571
42 586
42 597
42 601
42 609
42 615
43 74
43 117
43 128
43 270
43 274
43 298
43 331
43 367
43 378
43 410
43 453
43 485
43 493
43 502
43 505
43 514
43 566
43 613
44 48
44 56
44 59
44 84
44 88
44 109
44 112
44 161
44 221
44 225
44 238
44 278
44 295
44 327
44 354
44 378
44 390
44 543
44 547
44 630
45 56
45 124
45 200
45 224
45 233
45 271
45 295
45 349
45 364
45 371
45 381
45 412
45 416
45 478
45 486
45 493
45 536
45 547
45 591
45 622
45 630
46 69
46 129
46 138
46 167
46 197
46 226
46 242
46 244
46 329
46 388
46 405
46 487
46 507
46 524
46 541
46 580
46 638
47 51
47 63
47 126
47 167
47 174
47 178
47 209
47 213
47 218
47 262
47 273
47 336
47 351
47 380
47 455
47 460
47 474
47 605
47 618
47 639
48 84
48 92
48 112
48 131
48 143
48 203
48 225
48 260
48 270
48 295
48 326
48 341
48 349
48 364
48 370
48 431
48 454
48 518
48 543
48 547
49 73
49 116
49 145
49 156
49 188
49 279
49 294
49 303
49 310
49 315
49 348
49 371
49 396
49 425
49 442
49 456
49 477
49 616
49 639
50 112
50 128
50 173
50 177
50 190
50 247
50 263
50 302
50 341
50 345
50 349
50 370
50 424
50 462
50 471
50 492
50 515
50 526
50 537
51 63
51 126
51 141
51 152
51 169
51 186
51 209
51 256
51 258
51 281
51 336
51 351
51 358
51 398
51 415
51 452
51 500
51 513
51 639
52 73
52 107
52 118
52 125
52 135
52 149
52 198
52 209
52 284
52 301
52 359
52 414
52 438
52 476
52 480
52 492
52 501
52 516
52 563
52 565
52 604
53 96
53 110
53 116
53 136
53 166
53 245
53 259
53 262
53 293
53 299
53 305
53 335
53 356
53 385
53 386
53 417
53 437
53 491
53 569
53 570
54 60
54 65
54 133
54 172
54 200
54 211
54 236
54 251
54 339
54 406
54 437
54 502
54 536
54 557
54 564
54 607
55 57
55 90
55 103
55 125
55 142
55 152
55 186
55 249
55 258
55 336
55 415
55 494
55 497
55 525
55 546
55 553
55 567
55 568
55 604
55 623
56 59
56 161
56 165
56 221
56 224
56 225
56 227
56 238
56 274
56 278
56 349
56 354
56 364
56 366
56 591
56 599
56 612
56 622
56 630
57 125
57 140
57 142
57 161
57 179
57 199
57 202
57 227
57 238
57 258
57 261
57 475
57 494
57 559
57 567
57 631
57 639
58 131
58 146
58 147
58 234
58 297
58 318
58 334
58 361
58 362
58 421
58 446
58 496
58 523
58 535
58 537
58 542
58 548
58 564
58 594
58 619
59 151
59 161
59 162
59 192
59 221
59 238
59 278
59 320
59 324
59 354
59 357
59 382
59 423
59 501
59 596
59 625
59 636
60 71
60 76
60 133
60 172
60 193
60 194
60 200
60 224
60 236
60 240
60 249
60 251
60 268
60 295
60 406
60 408
60 453
60 486
60 500
60 502
61 127
61 130
61 135
61 157
61 212
61 223
61 365
61 375
61 392
61 404
61 425
61 447
61 465
61 551
61 581
61 602
61 613
61 626
61 632
62 67
62 80
62 115
62 155
62 175
62 176
62 195
62 199
62 235
62 289
62 365
62 403
62 413
62 457
62 531
62 563
62 596
62 615
63 107
63 126
63 134
63 136
63 209
63 266
63 284
63 300
63 308
63 336
63 351
63 365
63 395
63 428
63 460
63 480
63 546
63 601
63 639
64 76
64 77
64 81
64 85
64 102
64 129
64 175
64 184
64 187
64 213
64 264
64 287
64 394
64 446
64 461
64 466
64 526
64 555
64 561
64 595
65 86
65 97
65 162
65 240
65 279
65 289
65 324
65 339
65 381
65 397
65 434
65 437
65 473
65 506
65 515
65 521
65 557
65 607
66 83
66 193
66 196
66 272
66 310
66 319
66 397
66 418
66 435
66 440
66 478
66 506
66 516
66 521
66 542
66 557
66 634
66 635
67 80
67 103
67 130
67 134
67 140
67 152
67 175
67 176
67 179
67 195
67 210
67 228
67 301
67 375
67 404
67 517
67 563
67 567
68 74
68 130
68 166
68 176
68 240
68 247
68 265
68 339
68 341
68 345
68 391
68 394
68 434
68 457
68 478
68 509
68 531
68 534
68 567
68 610
69 72
69 138
69 222
69 226
69 232
69 242
69 380
69 400
69 405
69 446
69 463
69 487
69 524
69 541
69 544
69 559
69 580
69 614
69 618
70 88
70 119
70 144
70 156
70 161
70 165
70 166
70 252
70 346
70 348
70 429
70 442
70 468
70 477
70 491
70 493
70 496
70 520
70 598
71 93
71 99
71 138
71 184
71 193
71 219
71 224
71 240
71 251
71 268
71 271
71 295
71 347
71 406
71 459
71 482
71 490
71 536
71 607
71 619
72 185
72 222
72 323
72 328
72 332
72 334
72 353
72 388
72 400
72 405
72 443
72 445
72 446
72 496
72 499
72 544
72 579
73 85
73 125
73 142
73 149
73 177
73 188
73 279
73 301
73 303
73 310
73 426
73 427
73 434
73 442
73 480
73 516
73 565
73 639
74 114
74 121
74 131
74 168
74 173
74 176
74 247
74 265
74 341
74 367
74 434
74 471
74 493
74 505
74 509
74 613
74 620
75 79
75 120
75 154
75 185
75 248
75 252
75 259
75 287
75 293
75 305
75 333
75 386
75 411
75 417
75 420
75 481
75 488
75 582
75 616
76 77
76 78
76 85
76 187
76 194
76 233
76 249
76 264
76 389
76 408
76 453
76 483
76 486
76 489
76 500
76 555
76 613
77 78
77 85
77 94
77 124
77 159
77 183
77 187
77 194
77 200
77 264
77 268
77 352
77 367
77 392
77 398
77 410
77 497
77 555
78 111
78 194
78 200
78 233
78 253
78 268
78 343
78 352
78 389
78 398
78 410
78 426
78 483
78 489
78 497
78 561
78 595
78 613
79 95
79 106
79 108
79 120
79 185
79 245
79 255
79 283
79 293
79 347
79 355
79 420
79 481
79 484
79 488
79 530
79 569
79 582
80 154
80 175
80 176
80 195
80 245
80 263
80 264
80 307
80 373
80 394
80 422
80 479
80 504
80 595
80 605
80 610
81 126
81 153
81 175
81 197
81 208
81 213
81 232
81 394
81 409
81 422
81 436
81 466
81 474
81 526
81 561
81 566
81 571
81 603
81 605
82 87
82 89
82 101
82 196
82 198
82 231
82 275
82 288
82 313
82 325
82 374
82 449
82 455
82 498
82 539
82 571
82 577
82 597
82 615
83 91
83 196
83 197
83 201
83 272
83 296
83 337
83 380
83 393
83 418
83 440
83 448
83 467
83 508
83 521
83 552
83 562
83 568
83 569
83 634
84 87
84 112
84 191
84 225
84 256
84 291
84 295
84 313
84 374
84 492
84 511
84 543
84 547
84 553
84 591
84 594
84 622
84 624
85 142
85 172
85 177
85 187
85 190
85 253
85 264
85 301
85 426
85 427
85 434
85 467
85 545
85 555
85 611
85 623
86 97
86 149
86 215
86 219
86 240
86 257
86 279
86 310
86 337
86 348
86 351
86 381
86 396
86 427
86 447
86 506
86 521
86 586
86 631
87 89
87 148
87 231
87 288
87 313
87 322
87 325
87 359
87 374
87 440
87 498
87 511
87 594
87 597
87 622
87 624
88 109
88 139
88 144
88 165
88 208
88 228
88 327
88 333
88 346
88 378
88 390
88 439
88 477
88 496
88 551
88 599
88 630
89 101
89 148
89 178
89 231
89 288
89 322
89 325
89 359
89 374
89 436
89 440
89 498
89 578
89 597
89 609
90 95
90 105
90 122
90 141
90 152
90 186
90 214
90 241
90 276
90 336
90 452
90 456
90 528
90 546
90 560
90 568
90 576
90 590
90 604
90 623
91 93
91 119
91 123
91 145
91 157
91 197
91 257
91 272
91 279
91 290
91 337
91 377
91 380
91 393
91 458
91 522
91 562
91 569
91 629
92 128
92 131
92 229
92 236
92 260
92 270
92 341
92 352
92 359
92 363
92 364
92 370
92 376
92 408
92 451
92 462
92 505
92 514
92 528
92 577
93 99
93 127
93 138
93 157
93 184
93 215
93 219
93 250
93 279
93 290
93 333
93 344
93 451
93 490
93 502
93 522
93 536
93 629
94 124
94 159
94 160
94 183
94 194
94 205
94 275
94 285
94 300
94 367
94 389
94 392
94 412
94 444
94 472
94 483
94 554
94 583
94 609
95 105
95 106
95 137
95 237
95 245
95 255
95 263
95 355
95 448
95 452
95 456
95 466
95 479
95 481
95 484
95 528
95 576
95 587
95 590
96 108
96 116
96 158
96 206
96 245
96 259
96 267
96 293
96 299
96 386
96 417
96 460
96 491
96 527
96 534
96 538
96 562
96 592
96 598
97 151
97 177
97 206
97 240
97 265
97 279
97 282
97 305
97 381
97 384
97 391
97 397
97 403
97 406
97 470
97 506
97 521
97 557
98 104
98 183
98 209
98 214
98 262
98 267
98 300
98 308
98 330
98 376
98 389
98 413
98 416
98 529
98 533
98 583
98 601
99 138
99 184
99 219
99 230
99 264
99 286
99 395
99 411
99 439
99 461
99 490
99 536
99 544
99 558
99 561
99 603
99 628
100 122
100 164
100 180
100 204
100 255
100 285
100 332
100 379
100 387
100 388
100 465
100 550
100 579
100 593
100 625
100 633
100 637
101 171
101 178
101 196
101 198
101 291
101 313
101 419
101 436
101 449
101 498
101 577
101 578
101 597
101 609
101 617
102 129
102 132
102 139
102 184
102 206
102 230
102 250
102 287
102 293
102 411
102 437
102 446
102 461
102 479
102 485
102 510
102 595
102 620
103 130
103 140
103 152
103 179
103 241
103 249
103 258
103 301
103 336
103 415
103 428
103 438
103 452
103 467
103 497
103 503
103 517
103 525
103 553
104 195
104 204
104 214
104 216
104 235
104 254
104 300
104 323
104 376
104 407
104 413
104 440
104 449
104 457
104 529
104 539
104 578
104 625
104 636
105 123
105 155
105 182
105 202
105 207
105 306
105 396
105 420
105 442
105 452
105 456
105 501
105 519
105 528
105 532
105 576
105 581
105 590
106 110
106 245
106 255
106 259
106 314
106 338
106 346
106 350
106 353
106 355
106 459
106 481
106 484
106 488
106 519
106 530
106 562
107 118
107 134
107 142
107 189
107 198
107 303
107 308
107 359
107 365
107 414
107 427
107 428
107 476
107 480
107 492
107 501
107 517
107 546
108 110
108 167
108 232
108 257
108 267
108 283
108 290
108 347
108 386
108 460
108 508
108 530
108 534
108 562
108 569
108 598
108 634
109 140
109 159
109 169
109 188
109 220
109 227
109 233
109 276
109 327
109 329
109 351
109 378
109 390
109 463
109 494
109 524
109 612
109 630
110 136
110 166
110 167
110 232
110 257
110 262
110 290
110 314
110 346
110 356
110 417
110 459
110 488
110 508
110 562
110 569
110 634
111 170
111 187
111 194
111 212
111 253
111 289
111 296
111 323
111 343
111 344
111 384
111 391
111 424
111 426
111 561
111 595
111 611
111 633
112 128
112 225
112 247
112 295
112 304
112 312
112 342
112 349
112 364
112 450
112 462
112 471
112 537
112 543
112 547
112 588
113 137
113 168
113 174
113 230
113 260
113 274
113 287
113 327
113 331
113 385
113 433
113 469
113 509
113 510
113 537
113 540
113 592
113 620
113 621
114 121
114 131
114 143
114 168
114 173
114 211
114 304
114 433
114 471
114 485
114 540
114 542
114 558
114 614
114 619
114 620
114 621
114 627
115 119
115 162
115 221
115 235
115 239
115 280
115 320
115 360
115 407
115 413
115 423
115 470
115 504
115 531
115 596
115 606
115 615
115 636
116 156
116 229
116 245
116 252
116 259
116 293
116 299
116 361
116 371
116 396
116 477
116 491
116 524
116 576
116 589
116 616
117 128
117 139
117 212
117 219
117 236
117 248
117 268
117 269
117 270
117 410
117 451
117 453
117 486
117 502
117 545
117 584
117 607
117 629
118 135
118 142
118 148
118 189
118 191
118 207
118 209
118 284
118 302
118 303
118 427
118 438
118 480
118 517
118 563
118 577
118 604
119 123
119 145
119 156
119 161
119 166
119 239
119 257
119 272
119 280
119 377
119 423
119 458
119 468
119 504
119 520
119 598
119 606
119 636
120 144
120 185
120 293
120 318
120 350
120 353
120 355
120 379
120 387
120 420
120 464
120 488
120 499
120 535
120 582
120 632
120 637
121 131
121 146
121 168
121 173
121 244
121 286
121 331
121 431
121 433
121 450
121 471
121 482
121 564
121 575
121 618
121 620
121 621
121 635
122 141
122 214
122 216
122 235
122 241
122 276
122 285
122 336
122 358
122 363
122 368
122 550
122 560
122 579
122 583
122 593
122 601
123 145
123 182
123 231
123 237
123 257
123 272
123 306
123 315
123 377
123 383
123 396
123 442
123 458
123 532
123 552
123 581
123 617
124 159
124 183
124 194
124 233
124 295
124 367
124 371
124 392
124 412
124 416
124 489
124 493
124 513
124 560
124 580
124 589
124 612
125 142
125 149
125 253
125 258
125 265
125 301
125 303
125 480
125 494
125 515
125 516
125 517
125 555
125 565
125 567
126 136
126 197
126 209
126 218
126 232
126 243
126 244
126 267
126 336
126 351
126 422
126 436
126 469
126 474
126 571
126 614
126 639
127 201
127 212
127 215
127 250
127 282
127 316
127 333
127 339
127 343
127 344
127 375
127 392
127 425
127 451
127 502
127 581
127 584
127 613
128 229
128 247
128 270
128 349
128 359
128 363
128 376
128 410
128 453
128 462
128 471
128 502
128 528
128 537
128 577
129 184
129 211
129 287
129 297
129 362
129 388
129 446
129 461
129 482
129 487
129 507
129 544
129 556
129 585
129 595
129 638
130 135
130 140
130 152
130 179
130 301
130 345
130 365
130 394
130 457
130 517
130 531
130 551
130 567
130 602
130 610
130 626
131 168
131 173
131 260
131 270
131 318
131 341
131 361
131 362
131 364
131 370
131 471
131 496
131 523
131 537
131 620
132 137
132 150
132 175
132 239
132 299
132 311
132 373
132 411
132 479
132 481
132 484
132 485
132 510
132 526
132 552
132 590
132 610
132 620
133 172
133 189
133 200
133 217
133 234
133 236
133 269
133 406
133 424
133 426
133 435
133 502
133 503
133 516
133 545
133 555
133 568
133 585
133 600
134 135
134 195
134 202
134 210
134 228
134 308
134 365
134 375
134 384
134 402
134 404
134 428
134 473
134 480
134 531
134 546
134 563
134 567
135 195
135 202
135 209
135 284
135 365
135 384
135 402
135 438
135 473
135 531
135 551
135 563
135 602
135 604
135 626
136 166
136 218
136 243
136 244
136 262
136 266
136 267
136 284
136 300
136 356
136 395
136 417
136 460
136 469
136 569
136 601
136 614
137 168
137 175
137 230
137 237
137 239
137 263
137 287
137 299
137 311
137 331
137 448
137 466
137 479
137 481
137 540
137 587
137 610
138 174
138 184
138 219
138 226
138 242
138 243
138 292
138 490
138 524
138 536
138 538
138 541
138 566
138 570
138 573
138 580
139 206
139 208
139 212
139 219
139 228
139 230
139 236
139 248
139 250
139 293
139 333
139 437
139 439
139 551
139 584
139 599
139 629
140 152
140 161
140 179
140 188
140 199
140 202
140 238
140 261
140 301
140 329
140 351
140 463
140 475
140 494
140 517
140 612
141 152
141 188
141 214
141 218
141 241
141 256
141 258
141 276
141 281
141 284
141 308
141 336
141 398
141 415
141 474
141 500
141 560
141 631
142 177
142 189
142 258
142 301
142 303
142 426
142 427
142 434
142 494
142 517
142 567
143 153
143 203
143 246
143 281
143 304
143 326
143 349
143 431
143 444
143 450
143 454
143 485
143 518
143 540
143 553
143 574
143 614
143 621
144 165
144 260
144 297
144 318
144 346
144 350
144 421
144 464
144 471
144 477
144 496
144 535
144 549
145 150
145 182
145 257
145 272
145 294
145 315
145 325
145 348
145 377
145 418
145 419
145 425
145 448
145 456
145 458
146 147
146 189
146 217
146 286
146 297
146 334
146 399
146 482
146 521
146 535
146 542
146 564
146 565
146 575
146 594
146 621
146 627
146 635
147 222
147 223
147 297
147 317
147 326
147 334
147 340
147 416
147 498
147 511
147 535
147 542
147 543
147 554
147 588
147 591
147 594
147 638
148 191
148 198
148 207
148 270
148 302
148 322
148 359
148 368
148 432
148 440
148 462
148 480
148 529
148 576
148 577
148 597
149 253
149 265
149 301
149 303
149 348
149 351
149 396
149 427
149 480
149 515
149 516
149 517
149 555
149 565
149 631
150 170
150 182
150 237
150 316
150 325
150 373
150 377
150 393
150 418
150 419
150 448
150 484
150 503
150 526
150 552
150 590
150 623
150 634
151 162
151 177
151 192
151 265
151 320
151 324
151 357
151 382
151 384
151 403
151 423
151 470
151 501
151 557
151 596
151 625
151 636
152 179
152 186
152 256
152 258
152 281
152 301
152 398
152 500
152 517
152 546
152 568
152 604
152 623
153 181
153 208
153 239
153 246
153 281
153 307
153 363
153 409
153 441
153 444
153 450
153 529
153 541
153 553
153 566
153 574
153 603
153 605
154 245
154 252
154 299
154 307
154 386
154 387
154 394
154 417
154 430
154 479
154 481
154 488
154 504
154 530
154 587
154 590
154 616
155 179
155 199
155 202
155 207
155 278
155 289
155 354
155 365
155 402
155 403
155 420
155 457
155 494
155 495
155 501
155 519
155 520
155 563
156 161
156 166
156 283
156 314
156 318
156 371
156 390
156 396
156 468
156 477
156 520
156 598
156 599
156 616
157 223
157 279
157 290
157 404
157 408
157 410
157 447
157 465
157 472
157 522
157 550
157 586
157 609
157 629
157 632
158 168
158 206
158 243
158 273
158 309
158 335
158 366
158 378
158 385
158 399
158 417
158 435
158 459
158 510
158 527
158 538
158 572
158 592
159 169
159 183
159 194
159 220
159 224
159 227
159 233
159 276
159 330
159 367
159 392
159 429
159 489
159 524
159 547
159 554
160 181
160 205
160 223
160 249
160 256
160 285
160 304
160 389
160 398
160 431
160 436
160 444
160 455
160 472
160 512
160 525
160 574
160 624
161 166
161 199
161 202
161 221
161 238
161 261
161 278
161 354
161 468
161 475
161 520
161 598
162 221
162 289
162 320
162 324
162 357
162 360
162 397
162 407
162 434
162 470
162 473
162 501
162 515
162 606
162 625
163 217
163 242
163 277
163 286
163 306
163 309
163 319
163 329
163 335
163 338
163 347
163 420
163 425
163 441
163 559
163 572
163 578
163 592
163 615
164 192
164 196
164 207
164 216
164 221
164 254
164 255
164 322
164 324
164 332
164 357
164 379
164 387
164 413
164 414
164 443
164 465
164 470
164 625
164 633
165 210
165 225
165 227
165 248
165 250
165 274
165 346
165 366
165 390
165 401
165 477
165 496
165 599
165 602
165 603
165 612
166 240
166 262
166 339
166 356
166 391
166 417
166 468
166 478
166 520
166 534
166 569
166 598
167 178
167 197
167 213
167 218
167 232
167 244
167 257
167 290
167 329
167 380
167 405
167 455
167 508
167 605
167 634
168 173
168 230
168 243
168 273
168 287
168 331
168 335
168 366
168 378
168 471
168 510
168 540
168 620
169 170
169 186
169 201
169 220
169 227
169 228
169 233
169 276
169 358
169 415
169 452
169 499
169 513
169 524
169 560
169 602
170 187
170 201
170 212
170 228
170 237
170 296
170 316
170 344
170 391
170 393
170 499
170 503
170 560
170 602
170 623
170 634
171 281
171 288
171 291
171 302
171 313
171 326
171 374
171 419
171 476
171 525
171 538
171 543
171 548
171 585
171 597
171 617
171 622
172 190
172 200
172 236
172 253
172 269
172 319
172 399
172 406
172 467
172 502
172 545
172 548
172 556
172 565
172 611
172 623
173 177
173 345
173 370
173 371
173 392
173 429
173 471
173 509
173 514
173 515
173 620
174 243
174 262
174 273
174 274
174 292
174 327
174 385
174 460
174 469
174 474
174 538
174 566
174 570
174 573
174 592
174 618
174 620
175 176
175 195
175 213
175 239
175 299
175 311
175 394
175 466
175 481
175 526
175 561
175 610
176 193
176 195
176 247
176 265
176 282
176 341
176 345
176 356
176 381
176 434
176 509
176 598
177 265
177 301
177 345
177 370
177 384
177 403
177 426
177 427
177 434
177 470
177 515
177 557
178 213
178 218
178 317
178 380
178 436
178 444
178 455
178 497
178 500
178 512
178 571
178 578
178 605
178 609
179 227
179 278
179 301
179 354
179 402
179 494
179 495
179 517
179 520
179 559
179 631
179 639
180 204
180 205
180 214
180 254
180 332
180 355
180 357
180 358
180 369
180 372
180 388
180 430
180 472
180 579
180 608
180 632
180 633
180 637
181 213
181 239
181 246
181 256
181 298
181 304
181 307
181 363
181 401
181 422
181 431
181 439
181 441
181 512
181 525
181 529
181 541
181 573
182 280
182 290
182 306
182 315
182 325
182 337
182 377
182 383
182 396
182 418
182 419
182 442
182 448
182 468
182 532
182 581
183 194
183 330
183 367
183 369
183 389
183 392
183 416
183 483
183 512
183 550
183 574
183 593
183 601
183 608
184 208
184 219
184 266
184 287
184 401
184 446
184 461
184 490
184 533
184 536
184 575
184 595
184 628
185 255
185 293
185 328
185 334
185 350
185 353
185 372
185 388
185 420
185 430
185 445
185 465
185 488
185 496
185 582
186 229
186 241
186 358
186 415
186 432
186 452
186 484
186 513
186 532
186 546
186 568
186 587
186 604
186 623
187 190
187 204
187 212
187 264
187 296
187 343
187 344
187 391
187 403
187 443
187 473
187 555
187 600
188 218
188 279
188 284
188 303
188 308
188 310
188 329
188 351
188 415
188 442
188 463
188 474
188 494
188 612
188 631
188 639
189 217
189 234
189 303
189 399
189 427
189 435
189 516
189 517
189 521
189 545
189 565
189 585
189 627
190 204
190 253
190 263
190 302
190 341
190 343
190 403
190 424
190 443
190 467
190 473
190 492
190 526
190 545
190 600
190 611
190 623
191 207
191 247
191 256
191 291
191 302
191 370
191 373
191 374
191 466
191 476
191 480
191 492
191 553
191 577
191 591
191 600
191 611
192 207
192 221
192 225
192 254
192 261
192 320
192 324
192 382
192 414
192 423
192 470
192 475
192 495
192 520
192 596
192 630
192 636
193 224
193 240
193 251
193 268
193 282
193 295
193 310
193 345
193 356
193 381
193 397
193 478
193 557
193 598
194 249
194 253
194 343
194 367
194 392
194 408
194 426
194 453
194 486
194 500
194 561
194 595
195 202
195 216
195 384
195 402
195 407
195 457
195 473
195 531
195 539
195 578
195 636
196 198
196 216
196 272
196 313
196 322
196 357
196 413
196 418
196 440
196 443
196 449
196 498
196 521
196 577
196 633
196 634
197 232
197 244
197 329
197 337
197 380
197 393
197 405
197 422
197 436
197 474
197 562
197 569
197 571
198 270
198 313
198 359
198 368
198 414
198 432
198 449
198 462
198 476
198 492
198 498
198 501
198 529
198 576
198 577
199 202
199 238
199 261
199 289
199 338
199 365
199 402
199 403
199 414
199 456
199 457
199 475
199 532
199 563
199 582
200 236
200 268
200 271
200 352
200 381
200 398
200 406
200 410
200 478
200 486
200 497
200 502
200 536
200 547
201 228
201 282
201 296
201 316
201 339
201 343
201 448
201 467
201 499
201 508
201 552
201 560
201 568
201 584
201 602
202 207
202 238
202 261
202 384
202 402
202 420
202 473
202 475
202 501
202 519
202 531
203 231
203 283
203 312
203 326
203 334
203 342
203 346
203 349
203 361
203 382
203 395
203 419
203 431
203 454
203 464
203 518
203 533
203 549
203 606
204 235
204 254
204 323
204 343
204 388
204 403
204 440
204 443
204 449
204 473
204 600
204 625
204 633
204 637
205 214
205 222
205 285
205 332
205 354
205 358
205 369
205 389
205 438
205 444
205 472
205 475
205 507
205 546
205 593
205 608
206 230
206 250
206 282
206 293
206 305
206 391
206 397
206 406
206 417
206 437
206 527
206 538
206 592
207 221
207 254
207 302
207 324
207 414
207 420
207 470
207 480
207 501
207 519
207 577
208 228
208 266
208 333
208 401
208 409
208 439
208 533
208 551
208 566
208 575
208 599
208 603
208 605
208 628
209 262
209 267
209 284
209 308
209 336
209 351
209 438
209 533
209 563
209 583
209 604
209 639
210 228
210 248
210 250
210 276
210 296
210 316
210 375
210 390
210 401
210 404
210 445
210 513
210 551
210 563
210 567
210 602
210 603
210 637
211 251
211 297
211 362
211 433
211 482
211 536
211 542
211 544
211 556
211 558
211 564
211 585
211 619
211 627
212 219
212 236
212 248
212 296
212 344
212 375
212 391
212 392
212 425
212 581
212 584
212 613
212 629
213 218
213 246
213 298
213 380
213 394
213 401
213 422
213 439
213 455
213 466
213 526
213 561
213 573
213 605
214 241
214 276
214 300
214 332
214 336
214 358
214 369
214 376
214 413
214 472
214 529
214 560
214 608
215 219
215 226
215 250
215 251
215 257
215 271
215 292
215 310
215 333
215 337
215 344
215 447
215 451
215 461
215 502
215 586
215 628
215 629
216 235
216 322
216 357
216 358
216 363
216 368
216 407
216 413
216 443
216 457
216 539
216 578
216 583
216 601
216 633
216 636
217 234
217 277
217 319
217 335
217 347
217 399
217 435
217 516
217 521
217 545
217 565
217 585
217 592
217 627
218 243
218 244
218 267
218 284
218 308
218 380
218 415
218 455
218 469
218 474
218 605
218 614
218 631
219 236
219 248
219 257
219 310
219 337
219 447
219 490
219 536
219 584
219 586
219 629
220 227
220 233
220 276
220 292
220 321
220 405
220 432
220 441
220 487
220 490
220 491
220 523
220 524
220 528
220 549
220 580
220 589
220 616
221 238
221 254
221 278
221 320
221 324
221 354
221 360
221 407
221 414
221 470
221 606
222 326
222 354
222 400
222 405
222 416
222 438
222 446
222 475
222 507
222 511
222 544
222 546
222 554
222 588
222 593
222 638
223 249
223 317
223 340
223 398
223 404
223 436
223 447
223 455
223 465
223 498
223 543
223 574
223 591
223 624
223 632
224 240
224 251
224 268
224 295
224 330
224 349
224 364
224 429
224 489
224 547
224 554
224 591
224 622
224 630
225 227
225 261
225 274
225 295
225 320
225 366
225 475
225 495
225 520
225 543
225 547
225 599
225 612
225 630
226 242
226 251
226 271
226 273
226 292
226 298
226 409
226 461
226 469
226 490
226 524
226 527
226 541
226 580
226 628
226 629
227 233
227 274
227 276
227 366
227 524
227 559
227 599
227 612
227 631
227 639
228 333
228 375
228 404
228 439
228 499
228 551
228 560
228 563
228 567
228 599
228 602
229 241
229 252
229 359
229 361
229 363
229 376
229 432
229 484
229 524
229 528
229 532
229 576
229 577
229 587
229 589
230 250
230 264
230 287
230 293
230 331
230 411
230 437
230 540
230 544
230 561
230 628
231 237
231 272
231 288
231 312
231 315
231 325
231 361
231 374
231 382
231 383
231 419
231 498
231 549
231 552
231 606
231 617
232 257
232 290
232 380
232 422
232 436
232 463
232 474
232 487
232 508
232 559
232 571
232 614
232 618
232 634
233 276
233 295
233 371
233 389
233 412
233 416
233 483
233 489
233 493
233 524
233 613
234 288
234 291
234 421
234 435
234 446
234 516
234 518
234 527
234 545
234 548
234 556
234 564
234 570
234 585
234 588
234 619
235 254
235 323
235 358
235 363
235 368
235 413
235 440
235 449
235 531
235 583
235 596
235 601
235 615
235 625
236 248
236 352
236 406
236 408
236 451
236 462
236 502
236 505
236 514
236 584
236 629
237 263
237 272
237 315
237 316
237 383
237 393
237 448
237 466
237 479
237 503
237 552
237 587
237 617
237 623
237 634
238 261
238 278
238 285
238 354
238 369
238 400
238 428
238 475
238 495
238 604
238 638
239 280
239 299
239 307
239 311
239 363
239 423
239 441
239 481
239 504
239 529
239 541
239 606
239 610
239 636
240 251
240 268
240 279
240 295
240 339
240 381
240 391
240 478
240 506
240 521
240 534
241 258
241 276
241 336
241 428
241 432
241 438
241 452
241 467
241 484
241 503
241 532
241 560
241 587
242 246
242 286
242 309
242 311
242 321
242 368
242 376
242 441
242 504
242 524
242 541
242 578
242 580
242 615
243 244
243 267
243 273
243 292
243 335
243 366
243 378
243 469
243 510
243 538
243 566
243 570
243 573
243 614
244 267
244 329
244 331
244 405
244 431
244 433
244 450
244 469
244 614
244 618
245 255
245 259
245 293
245 299
245 307
245 355
245 394
245 479
245 481
245 484
245 491
245 504
246 281
246 298
246 311
246 321
246 368
246 376
246 401
246 422
246 439
246 444
246 450
246 504
246 553
246 573
246 574
247 265
247 341
247 349
247 370
247 373
247 434
247 462
247 466
247 471
247 476
247 509
247 537
247 600
247 611
248 250
248 259
248 287
248 305
248 333
248 390
248 401
248 411
248 584
248 602
248 603
248 629
249 336
249 398
249 408
249 415
249 436
249 453
249 455
249 486
249 497
249 500
249 525
249 553
249 574
249 624
250 293
250 333
250 344
250 390
250 401
250 437
250 451
250 502
250 602
250 603
251 268
251 271
251 292
251 295
251 461
251 536
251 564
251 628
251 629
252 348
252 361
252 386
252 417
252 429
252 442
252 481
252 491
252 493
252 524
252 576
252 589
252 616
253 265
253 303
253 343
253 426
253 467
253 515
253 517
253 545
253 555
253 561
253 595
253 611
253 623
254 323
254 324
254 355
254 357
254 372
254 414
254 430
254 440
254 449
254 470
254 579
254 625
254 632
255 332
255 350
255 355
255 372
255 379
255 387
255 430
255 445
255 465
255 481
255 484
255 625
256 258
256 281
256 291
256 304
256 374
256 398
256 431
256 492
256 500
256 512
256 525
256 553
256 591
257 272
257 290
257 310
257 337
257 377
257 447
257 458
257 508
257 586
257 634
258 281
258 398
258 428
258 438
258 452
258 467
258 494
258 500
258 503
258 567
259 287
259 293
259 299
259 305
259 333
259 338
259 350
259 353
259 411
259 491
259 519
259 530
260 270
260 297
260 341
260 364
260 370
260 421
260 433
260 471
260 509
260 510
260 537
260 549
260 621
261 278
261 280
261 320
261 356
261 458
261 475
261 477
261 495
261 520
261 534
261 630
262 267
262 273
262 308
262 356
262 417
262 460
262 474
262 533
262 569
262 583
262 618
263 264
263 302
263 341
263 373
263 422
263 424
263 448
263 466
263 479
263 492
263 526
263 587
263 595
263 605
263 610
264 373
264 411
264 422
264 544
264 555
264 561
264 595
264 605
264 610
264 628
265 303
265 341
265 384
265 403
265 434
265 470
265 509
265 515
265 517
265 555
265 557
266 284
266 300
266 312
266 314
266 328
266 395
266 401
266 454
266 460
266 533
266 535
266 575
266 601
266 628
267 308
267 386
267 460
267 469
267 533
267 534
267 562
267 583
267 598
267 614
268 269
268 295
268 352
268 398
268 410
268 451
268 486
268 497
268 545
268 607
269 319
269 399
269 424
269 426
269 451
269 486
269 503
269 545
269 548
269 555
269 556
269 565
269 568
269 600
269 607
270 341
270 364
270 368
270 370
270 410
270 432
270 453
270 462
270 502
270 529
270 576
271 292
271 347
271 381
271 406
271 459
271 461
271 478
271 482
271 486
271 536
271 547
271 607
271 619
271 628
271 629
272 315
272 377
272 383
272 418
272 440
272 458
272 521
272 552
272 617
272 634
273 298
273 335
273 366
273 378
273 409
273 460
273 469
273 474
273 490
273 510
273 527
273 618
274 298
274 327
274 331
274 366
274 378
274 385
274 469
274 485
274 514
274 566
274 592
274 599
274 612
274 620
275 300
275 352
275 412
275 447
275 453
275 455
275 483
275 522
275 539
275 554
275 571
275 583
275 597
275 608
275 609
275 615
276 296
276 316
276 336
276 445
276 513
276 524
276 551
276 560
276 637
277 294
277 309
277 319
277 321
277 335
277 347
277 463
277 519
277 539
277 541
277 558
277 572
277 575
277 581
277 582
277 592
278 280
278 354
278 356
278 402
278 458
278 477
278 494
278 495
278 520
278 534
279 290
279 303
279 310
279 381
279 442
279 506
279 521
279 522
279 629
279 639
280 290
280 315
280 337
280 356
280 383
280 418
280 423
280 458
280 468
280 477
280 504
280 534
280 606
280 636
281 288
281 302
281 398
281 444
281 450
281 476
281 500
281 525
281 543
281 553
281 574
281 622
282 305
282 316
282 339
282 343
282 345
282 356
282 381
282 391
282 397
282 406
282 584
282 598
283 314
283 318
283 334
283 342
283 346
283 347
283 390
283 395
283 464
283 530
283 533
283 569
283 599
284 300
284 308
284 395
284 415
284 438
284 460
284 474
284 563
284 601
284 604
284 631
285 369
285 389
285 400
285 428
285 444
285 472
285 495
285 550
285 579
285 593
285 604
285 638
286 309
286 395
286 439
286 441
286 461
286 482
286 558
286 564
286 575
286 578
286 603
286 615
286 621
286 635
287 305
287 331
287 333
287 411
287 446
287 461
287 540
287 595
288 291
288 302
288 325
288 374
288 476
288 498
288 518
288 525
288 527
288 543
288 556
288 570
288 588
288 622
289 323
289 324
289 365
289 384
289 397
289 403
289 424
289 434
289 457
289 473
289 515
289 563
289 611
289 633
290 315
290 337
290 383
290 418
290 468
290 508
290 522
290 629
290 634
291 313
291 374
291 419
291 492
291 518
291 527
291 553
291 556
291 570
291 588
291 591
291 597
291 617
292 321
292 405
292 441
292 461
292 487
292 490
292 538
292 566
292 570
292 573
292 589
292 628
292 629
293 299
293 420
293 437
293 488
293 491
293 582
294 306
294 309
294 315
294 344
294 348
294 367
294 404
294 425
294 456
294 463
294 519
294 581
294 582
294 584
294 626
295 371
295 412
295 416
295 493
295 543
295 547
296 316
296 344
296 391
296 445
296 448
296 467
296 508
296 513
296 551
296 552
296 568
296 637
297 334
297 362
297 421
297 471
297 482
297 535
297 542
297 544
297 549
297 556
297 585
297 594
298 331
298 378
298 401
298 409
298 422
298 439
298 469
298 485
298 490
298 514
298 527
298 566
298 573
299 311
299 387
299 430
299 481
299 488
299 491
299 530
299 587
299 590
299 610
300 376
300 395
300 412
300 413
300 460
300 483
300 529
300 554
300 583
300 601
300 609
301 426
301 427
301 434
301 480
301 516
301 517
301 565
302 341
302 424
302 476
302 480
302 492
302 525
302 526
302 543
302 577
302 622
303 310
303 427
303 442
303 515
303 517
303 555
303 639
304 312
304 342
304 364
304 431
304 450
304 485
304 512
304 525
304 540
304 588
304 614
304 621
305 333
305 335
305 385
305 386
305 391
305 397
305 406
305 411
305 437
305 570
306 329
306 338
306 344
306 367
306 396
306 404
306 420
306 425
306 442
306 532
306 559
306 572
306 581
306 584
306 626
307 311
307 360
307 363
307 382
307 394
307 407
307 441
307 458
307 468
307 479
307 504
307 529
307 541
307 596
308 365
308 415
308 428
308 474
308 480
308 533
308 546
308 583
308 631
309 385
309 399
309 435
309 441
309 459
309 463
309 519
309 572
309 578
309 581
309 582
309 615
310 337
310 397
310 442
310 447
310 478
310 557
310 586
310 639
311 321
311 360
311 368
311 376
311 382
311 407
311 458
311 468
311 481
311 504
311 596
311 610
312 314
312 328
312 342
312 361
312 364
312 382
312 419
312 450
312 454
312 535
312 549
312 588
312 606
313 419
313 449
313 498
313 511
313 577
313 594
313 597
313 617
313 622
313 624
314 318
314 328
314 346
314 390
314 454
314 459
314 488
314 535
314 562
314 599
315 337
315 348
315 383
315 418
315 425
315 456
315 468
315 552
315 617
316 339
316 343
316 393
316 445
316 503
316 513
316 551
316 584
316 623
316 634
316 637
317 340
317 372
317 375
317 379
317 444
317 497
317 498
317 500
317 512
317 522
317 543
317 571
317 586
317 591
317 624
317 626
318 350
318 361
318 362
318 390
318 464
318 496
318 523
318 535
318 537
318 599
319 335
319 347
319 399
319 435
319 506
319 516
319 542
319 548
319 556
319 565
319 592
319 635
320 357
320 360
320 407
320 470
320 475
320 495
320 501
320 520
320 606
320 625
320 630
321 368
321 376
321 405
321 441
321 487
321 490
321 504
321 539
321 541
321 558
321 572
321 575
321 589
322 357
322 359
322 377
322 383
322 393
322 413
322 440
322 443
322 449
322 506
322 508
322 597
322 633
323 332
323 384
323 424
323 440
323 443
323 445
323 449
323 499
323 579
323 611
323 625
323 633
324 382
324 397
324 414
324 423
324 434
324 470
324 473
324 515
324 596
324 636
325 342
325 360
325 374
325 377
325 418
325 419
325 423
325 448
325 454
325 498
325 523
325 617
326 349
326 374
326 416
326 431
326 454
326 511
326 518
326 538
326 548
326 554
326 585
326 588
326 638
327 366
327 378
327 385
327 390
327 409
327 469
327 505
327 540
327 573
327 592
327 620
327 630
328 334
328 340
328 353
328 362
328 388
328 421
328 454
328 464
328 496
328 511
328 535
328 627
328 635
329 338
329 351
329 405
329 420
329 425
329 463
329 494
329 559
329 572
329 612
330 340
330 389
330 400
330 412
330 416
330 429
330 489
330 507
330 518
330 547
330 554
330 594
330 601
331 378
331 431
331 433
331 450
331 485
331 514
331 540
331 566
331 618
332 358
332 369
332 379
332 387
332 443
332 445
332 465
332 472
332 499
332 579
332 608
332 625
333 344
333 411
333 439
333 451
333 502
333 551
333 599
334 342
334 346
334 353
334 388
334 395
334 464
334 496
334 533
334 535
334 542
334 594
335 347
335 366
335 378
335 385
335 386
335 437
335 510
335 570
335 592
336 351
336 415
336 497
336 525
336 553
336 560
336 639
337 380
337 383
337 393
337 418
337 447
337 468
337 562
337 569
337 586
338 350
338 353
338 402
338 414
338 420
338 425
338 456
338 519
338 530
338 532
338 559
338 572
338 582
339 343
339 391
339 437
339 478
339 534
339 557
339 584
339 607
340 362
340 400
340 412
340 421
340 464
340 498
340 507
340 511
340 518
340 543
340 591
340 594
340 627
340 635
341 364
341 370
341 424
341 434
341 492
341 509
341 526
342 346
342 360
342 364
342 395
342 423
342 450
342 454
342 464
342 523
342 533
342 588
342 617
343 403
343 426
343 443
343 473
343 561
343 584
343 595
343 600
344 367
344 391
344 404
344 451
344 502
344 584
344 626
345 356
345 370
345 381
345 394
345 457
345 515
345 531
345 567
345 598
345 610
346 395
346 459
346 464
346 477
346 488
346 496
346 533
346 562
347 406
347 459
347 482
347 530
347 569
347 592
347 607
347 619
348 351
348 396
348 425
348 427
348 429
348 442
348 456
348 491
348 493
348 631
349 364
349 431
349 454
349 462
349 471
349 518
349 537
349 591
349 622
349 630
350 353
350 372
350 430
350 445
350 464
350 465
350 519
350 530
350 535
351 396
351 427
351 463
351 494
351 612
351 631
351 639
352 398
352 408
352 410
352 447
352 451
352 453
352 462
352 497
352 505
352 514
352 522
352 608
353 355
353 379
353 387
353 388
353 496
353 499
353 519
353 530
353 632
353 637
354 402
354 438
354 475
354 494
354 495
354 507
354 520
354 546
354 593
355 357
355 372
355 379
355 387
355 430
355 481
355 484
355 499
355 579
355 632
355 637
356 381
356 417
356 458
356 477
356 534
356 569
356 598
357 372
357 413
357 430
357 443
357 501
357 579
357 625
357 632
357 633
358 363
358 368
358 369
358 415
358 452
358 472
358 513
358 583
358 601
358 608
359 363
359 376
359 414
359 440
359 476
359 492
359 501
359 528
359 577
359 597
360 382
360 407
360 423
360 454
360 458
360 468
360 470
360 523
360 596
360 606
360 617
361 362
361 382
361 419
361 496
361 523
361 524
361 537
361 549
361 576
361 589
361 606
362 421
362 464
362 482
362 496
362 511
362 523
362 537
362 544
362 556
362 585
362 627
362 635
363 368
363 376
363 441
363 528
363 529
363 541
363 577
363 583
363 601
364 370
364 450
364 588
364 591
364 622
364 630
365 403
365 428
365 457
365 480
365 546
365 551
365 563
365 602
365 626
366 378
366 409
366 505
366 510
366 540
366 573
366 599
366 612
367 392
367 404
367 493
367 505
367 584
367 613
367 626
368 376
368 432
368 462
368 504
368 529
368 576
368 583
368 601
369 400
369 428
369 472
369 483
369 495
369 512
369 550
369 574
369 593
369 604
369 608
369 638
370 373
370 466
370 476
370 515
370 600
370 611
371 392
371 396
371 412
371 416
371 429
371 477
371 493
371 509
371 514
371 616
372 375
372 379
372 430
372 445
372 465
372 522
372 579
372 586
372 624
372 626
372 632
373 422
373 466
373 476
373 484
373 526
373 552
373 590
373 595
373 600
373 605
373 610
373 611
374 492
374 498
374 538
374 548
374 553
374 585
374 591
375 379
375 392
375 404
375 425
375 522
375 563
375 567
375 581
375 586
375 613
375 624
375 626
376 413
376 504
376 528
376 529
376 577
377 383
377 393
377 418
377 419
377 448
377 449
377 458
377 506
377 508
378 390
378 485
378 510
378 514
378 566
378 630
379 387
379 465
379 499
379 522
379 586
379 624
379 625
379 626
379 632
379 637
380 393
380 455
380 463
380 487
380 559
380 562
380 569
380 605
380 614
380 618
381 478
381 486
381 506
381 521
381 536
381 547
381 598
382 407
382 419
382 423
382 458
382 468
382 549
382 596
382 606
382 636
383 393
383 418
383 449
383 468
383 506
383 508
383 552
383 617
384 402
384 403
384 424
384 470
384 473
384 531
384 557
384 611
384 633
385 386
385 399
385 435
385 437
385 459
385 469
385 570
385 572
385 592
385 620
386 417
386 437
386 460
386 481
386 534
386 562
386 570
386 598
386 616
387 430
387 465
387 488
387 499
387 530
387 587
387 590
387 625
387 632
387 637
388 487
388 496
388 507
388 633
388 637
388 638
389 416
389 444
389 472
389 483
389 489
389 601
389 613
390 401
390 599
390 602
390 603
390 630
391 397
391 406
391 478
391 534
392 425
392 429
392 509
392 514
392 581
392 613
393 449
393 503
393 506
393 508
393 562
393 569
393 623
393 634
394 457
394 466
394 479
394 504
394 526
394 531
394 561
394 567
394 610
395 439
395 460
395 461
395 464
395 533
395 558
395 601
395 603
396 427
396 442
396 477
396 532
396 581
396 616
396 631
397 406
397 434
397 473
397 478
397 515
397 557
398 410
398 436
398 455
398 497
398 500
398 574
398 624
399 435
399 459
399 521
399 548
399 556
399 565
399 572
399 627
400 405
400 412
400 428
400 446
400 495
400 507
400 518
400 544
400 594
400 604
400 638
401 422
401 439
401 533
401 573
401 575
401 602
401 603
401 628
402 414
402 456
402 473
402 494
402 495
402 520
402 531
402 532
402 582
403 443
403 457
403 470
403 473
403 557
403 563
403 600
404 447
404 465
404 563
404 567
404 584
404 626
404 632
405 441
405 446
405 487
405 490
405 544
405 589
406 459
406 482
406 502
406 607
406 619
407 457
407 458
407 468
407 470
407 539
407 578
407 596
407 606
407 636
408 410
408 451
408 453
408 462
408 472
408 486
408 500
408 505
408 514
408 550
408 586
408 609
409 469
409 490
409 505
409 527
409 540
409 566
409 573
409 603
409 605
410 453
410 472
410 497
410 502
410 550
410 586
410 609
411 479
411 485
411 510
411 544
411 561
411 620
411 628
412 416
412 483
412 493
412 507
412 518
412 554
412 583
412 594
412 609
413 443
413 529
413 531
413 596
413 615
413 633
414 456
414 470
414 476
414 492
414 501
414 532
414 582
415 452
415 474
415 497
415 513
415 525
415 553
415 631
416 493
416 511
416 554
416 588
416 601
416 638
417 481
417 527
417 538
417 569
417 592
417 616
418 419
418 440
418 448
418 468
418 521
418 634
419 448
419 549
419 597
419 606
419 617
420 425
420 488
420 501
420 519
420 559
420 572
420 582
421 446
421 464
421 471
421 511
421 548
421 549
421 564
421 619
421 627
421 635
422 436
422 439
422 474
422 571
422 573
422 595
422 605
422 610
423 454
423 504
423 523
423 596
423 606
423 617
423 636
424 426
424 492
424 503
424 526
424 555
424 568
424 600
424 611
424 633
425 456
425 559
425 572
425 581
425 613
426 427
426 434
426 503
426 555
426 561
426 568
426 595
426 600
427 434
427 517
427 631
428 438
428 452
428 467
428 480
428 495
428 503
428 546
428 604
428 638
429 442
429 489
429 491
429 493
429 509
429 514
429 547
429 554
430 445
430 465
430 488
430 530
430 579
430 587
430 590
430 632
431 433
431 450
431 454
431 512
431 518
431 525
431 618
432 462
432 484
432 491
432 523
432 528
432 529
432 532
432 549
432 576
432 580
432 587
432 616
433 450
433 509
433 510
433 537
433 542
433 558
433 618
433 619
433 621
433 627
434 473
434 509
434 515
435 459
435 506
435 516
435 542
435 545
435 572
435 585
435 635
436 455
436 474
436 571
436 574
436 578
436 609
436 624
437 557
437 570
437 607
438 452
438 467
438 475
438 503
438 507
438 546
438 563
438 593
438 604
439 461
439 551
439 558
439 573
439 599
439 603
440 449
440 521
440 597
440 625
440 634
441 487
441 490
441 529
441 541
441 578
441 589
441 615
442 491
442 493
442 532
442 581
442 639
443 445
443 473
443 499
443 579
443 600
443 633
444 450
444 472
444 497
444 500
444 512
444 553
444 571
444 574
445 465
445 499
445 513
445 551
445 579
445 637
446 461
446 544
446 548
446 564
446 595
446 619
447 453
447 465
447 522
447 586
447 608
447 632
448 466
448 467
448 479
448 508
448 552
448 568
448 587
449 498
449 506
449 508
449 577
449 625
450 553
450 574
450 588
450 618
451 462
451 486
451 502
451 505
451 514
451 545
451 607
452 456
452 467
452 503
452 513
452 528
452 576
452 590
453 486
453 500
453 502
453 522
453 608
454 518
454 523
454 535
454 617
455 539
455 571
455 574
455 597
455 605
455 615
455 624
456 528
456 532
456 576
456 582
456 590
457 531
457 539
457 563
457 567
457 578
457 610
457 636
458 468
458 477
458 534
458 596
459 482
459 488
459 562
459 572
459 607
459 619
460 474
460 534
460 562
460 598
460 601
460 618
461 558
461 595
461 603
461 628
461 629
462 471
462 505
462 514
462 529
462 537
462 576
463 487
463 494
463 519
463 559
463 581
463 582
463 612
463 614
463 618
464 511
464 533
464 535
464 627
464 635
465 625
465 632
466 476
466 479
466 526
466 561
466 587
466 600
466 611
467 503
467 508
467 545
467 552
467 568
467 611
467 623
468 520
468 596
468 598
469 490
469 527
469 592
469 614
469 620
470 557
470 606
471 537
471 549
471 620
472 550
472 586
472 608
472 609
473 515
473 531
473 600
474 571
474 618
474 631
475 495
475 507
475 520
475 546
475 593
475 630
476 492
476 501
476 525
476 543
476 600
476 611
476 622
477 496
477 534
477 616
478 486
478 534
478 536
478 547
478 557
479 485
479 504
479 510
479 587
479 620
480 516
480 546
480 565
480 577
481 484
481 610
481 616
482 544
482 556
482 564
482 575
482 585
482 607
482 619
482 621
482 635
483 489
483 512
483 550
483 554
483 574
483 583
483 593
483 608
483 609
483 613
484 526
484 532
484 552
484 587
484 590
485 510
485 514
485 540
485 566
485 614
485 620
485 621
486 500
486 536
486 545
486 547
486 607
487 490
487 507
487 559
487 589
487 614
487 618
487 638
488 530
488 562
488 582
488 587
488 590
489 513
489 547
489 554
489 560
489 580
489 589
489 612
489 613
490 527
490 536
490 589
491 493
491 523
491 528
491 549
491 580
491 616
492 501
492 526
492 553
492 591
493 505
493 613
494 495
494 520
494 567
494 612
495 520
495 604
495 630
495 638
496 523
496 537
497 500
497 512
497 525
497 553
497 571
498 543
498 577
498 591
499 560
499 579
499 602
499 632
499 637
500 512
500 571
501 519
501 625
503 555
503 568
503 600
503 623
503 634
504 606
504 636
505 514
505 540
505 573
505 613
506 508
506 516
506 521
506 542
506 635
507 518
507 546
507 593
507 594
507 638
508 552
508 568
508 634
509 510
509 514
509 537
509 621
510 537
510 620
510 621
511 554
511 588
511 594
511 622
511 624
511 627
511 635
511 638
512 525
512 550
512 571
512 574
512 593
512 608
513 551
513 560
513 580
513 589
513 612
513 637
514 566
515 517
515 555
516 542
516 545
516 565
516 585
516 635
517 555
518 527
518 556
518 570
518 588
518 594
519 530
519 581
519 582
520 598
520 630
521 565
521 627
521 634
522 586
522 608
522 624
522 626
522 629
523 528
523 537
523 549
523 580
523 616
523 617
524 541
524 576
524 580
524 589
525 543
525 553
525 622
526 552
526 561
526 590
527 538
527 556
527 570
527 588
527 592
528 549
528 576
528 577
528 580
528 590
528 616
529 541
529 576
530 569
530 587
530 590
531 567
531 596
531 610
531 615
532 581
532 582
532 587
533 575
533 583
533 628
534 562
534 598
535 542
535 594
536 547
536 564
537 621
538 548
538 566
538 570
538 573
538 585
538 592
539 541
539 558
539 571
539 572
539 575
539 578
539 597
539 615
539 636
540 573
540 614
540 621
541 558
541 572
541 575
541 580
542 558
542 594
542 619
542 627
542 635
543 547
543 591
543 622
544 556
544 561
544 585
544 628
545 585
545 607
545 611
545 623
546 568
546 593
546 604
546 623
547 554
548 556
548 564
548 565
548 585
548 619
549 580
549 606
549 616
550 574
550 579
550 586
550 593
550 608
550 609
551 599
551 602
551 626
551 637
552 568
552 590
552 617
553 574
553 591
554 583
554 588
554 609
554 638
555 568
555 600
556 565
556 570
556 585
556 588
557 607
558 572
558 575
558 603
558 619
558 627
559 572
559 614
559 618
559 631
559 639
560 580
560 589
560 602
560 612
561 595
561 628
562 569
562 598
563 567
563 604
564 575
564 619
564 621
564 635
565 627
566 570
566 573
566 603
566 605
567 610
568 600
568 604
568 623
570 573
570 588
571 597
571 615
572 575
574 593
574 608
574 624
575 621
575 628
575 635
576 589
576 590
578 609
578 615
578 636
579 593
579 632
580 589
580 612
580 616
581 582
581 613
583 601
583 609
584 626
584 629
586 609
586 624
586 626
587 590
588 638
589 612
591 622
591 630
592 620
593 608
594 622
594 624
595 605
595 610
596 615
596 636
597 615
597 617
599 612
600 611
602 603
602 626
603 605
604 623
604 638
605 610
606 636
607 619
611 623
611 633
614 618
614 621
619 627
621 635
622 624
622 630
623 634
624 626
627 635
628 629
631 639
632 637
633 637
