1088 11380
0 96
0 148
0 185
0 261
0 360
0 431
0 442
0 528
0 554
0 557
0 618
0 698
0 773
0 810
0 868
0 888
0 906
0 945
0 963
0 1002
0 1057
1 4
1 31
1 175
1 210
1 216
1 239
1 438
1 516
1 559
1 588
1 593
1 660
1 736
1 781
1 798
1 888
1 891
1 938
1 944
1 1015
1 1019
2 41
2 182
2 200
2 258
2 296
2 389
2 460
2 486
2 516
2 589
2 602
2 634
2 651
2 697
2 721
2 808
2 824
2 850
2 937
2 956
2 1019
3 84
3 92
3 106
3 123
3 174
3 204
3 337
3 483
3 567
3 580
3 613
3 657
3 809
3 867
3 886
3 973
3 980
3 1012
3 1018
3 1024
3 1078
4 30
4 70
4 175
4 210
4 212
4 267
4 269
4 333
4 398
4 480
4 561
4 573
4 588
4 656
4 660
4 798
4 857
4 938
4 985
4 1067
5 15
5 47
5 74
5 76
5 103
5 209
5 248
5 254
5 284
5 320
5 397
5 592
5 631
5 635
5 649
5 652
5 686
5 776
5 870
5 879
5 1020
6 58
6 67
6 80
6 91
6 201
6 214
6 241
6 266
6 275
6 426
6 451
6 484
6 631
6 680
6 745
6 767
6 814
6 887
6 937
6 1031
6 1074
7 37
7 75
7 78
7 106
7 122
7 312
7 323
7 350
7 356
7 471
7 490
7 515
7 544
7 545
7 629
7 670
7 693
7 800
7 803
7 981
7 1023
8 24
8 135
8 231
8 272
8 350
8 356
8 385
8 395
8 403
8 420
8 427
8 471
8 507
8 538
8 544
8 545
8 608
8 662
8 713
8 732
9 59
9 114
9 118
9 172
9 200
9 249
9 280
9 291
9 307
9 386
9 389
9 485
9 541
9 550
9 661
9 794
9 829
9 840
9 992
9 1001
9 1007
10 82
10 97
10 144
10 229
10 278
10 382
10 462
10 521
10 557
10 646
10 653
10 661
10 814
10 873
10 876
10 884
10 909
10 959
10 989
10 994
10 1048
11 41
11 78
11 196
11 227
11 244
11 335
11 407
11 432
11 496
11 655
11 659
11 682
11 697
11 700
11 781
11 811
11 819
11 850
11 929
11 936
11 956
12 24
12 161
12 301
12 323
12 393
12 420
12 471
12 481
12 486
12 522
12 571
12 601
12 627
12 628
12 662
12 707
12 713
12 825
12 847
12 983
12 1023
13 77
13 179
13 238
13 278
13 298
13 348
13 365
13 371
13 424
13 497
13 506
13 514
13 566
13 609
13 636
13 715
13 744
13 812
13 833
13 882
13 1003
14 15
14 19
14 42
14 63
14 118
14 344
14 358
14 374
14 405
14 415
14 478
14 762
14 778
14 797
14 831
14 844
14 859
14 910
14 1047
14 1049
15 74
15 88
15 248
15 284
15 289
15 302
15 374
15 405
15 415
15 478
15 508
15 581
15 592
15 616
15 649
15 721
15 776
15 797
15 1049
16 50
16 71
16 151
16 208
16 225
16 321
16 494
16 542
16 556
16 630
16 650
16 692
16 717
16 722
16 772
16 931
16 932
16 943
16 961
16 1033
16 1058
17 105
17 112
17 208
17 225
17 262
17 309
17 327
17 335
17 414
17 555
17 591
17 701
17 864
17 872
17 926
17 932
17 962
17 1016
17 1022
17 1058
17 1066
18 49
18 100
18 288
18 315
18 318
18 326
18 369
18 414
18 469
18 494
18 564
18 590
18 657
18 665
18 814
18 846
18 864
18 877
18 946
18 955
18 1072
19 42
19 63
19 74
19 121
19 140
19 289
19 344
19 358
19 376
19 415
19 448
19 498
19 541
19 734
19 844
19 910
19 1017
19 1047
19 1081
20 24
20 124
20 161
20 171
20 237
20 265
20 285
20 392
20 522
20 523
20 601
20 639
20 646
20 666
20 767
20 800
20 852
20 954
20 958
20 988
20 1008
21 233
21 336
21 372
21 432
21 479
21 569
21 672
21 679
21 798
21 819
21 821
21 857
21 865
21 881
21 976
21 1000
21 1032
21 1050
21 1054
21 1059
21 1060
22 50
22 208
22 218
22 326
22 327
22 494
22 540
22 575
22 590
22 600
22 605
22 630
22 642
22 665
22 708
22 724
22 728
22 742
22 883
22 968
22 1039
23 91
23 112
23 183
23 221
23 243
23 281
23 377
23 416
23 469
23 511
23 565
23 605
23 632
23 875
23 940
23 941
23 962
23 985
23 1022
23 1026
23 1058
24 135
24 161
24 171
24 301
24 385
24 392
24 395
24 481
24 486
24 544
24 545
24 571
24 627
24 713
24 800
24 825
24 852
24 954
25 103
25 107
25 130
25 202
25 203
25 210
25 235
25 292
25 293
25 317
25 370
25 435
25 582
25 636
25 688
25 729
25 753
25 793
25 911
25 929
25 1040
26 48
26 54
26 144
26 163
26 221
26 252
26 265
26 285
26 341
26 458
26 519
26 538
26 572
26 601
26 710
26 727
26 813
26 818
26 828
26 852
26 1037
27 86
27 226
27 272
27 331
27 355
27 431
27 462
27 607
27 673
27 686
27 718
27 747
27 780
27 783
27 812
27 832
27 869
27 995
27 1071
27 1083
28 113
28 117
28 153
28 170
28 308
28 338
28 361
28 363
28 366
28 385
28 427
28 444
28 629
28 752
28 769
28 774
28 903
28 982
28 983
28 1005
28 1042
29 52
29 139
29 149
29 165
29 263
29 314
29 336
29 398
29 480
29 491
29 588
29 610
29 659
29 660
29 690
29 748
29 756
29 821
29 857
29 865
29 948
30 130
30 137
30 212
30 267
30 314
30 398
30 414
30 519
30 605
30 646
30 656
30 657
30 742
30 756
30 857
30 895
30 917
30 1063
30 1067
30 1075
31 42
31 68
31 143
31 239
31 257
31 296
31 438
31 523
31 559
31 581
31 623
31 654
31 736
31 818
31 859
31 888
31 891
31 911
31 965
31 1070
32 92
32 137
32 224
32 252
32 286
32 315
32 375
32 403
32 422
32 433
32 483
32 515
32 673
32 708
32 783
32 809
32 853
32 946
32 1011
32 1018
32 1019
33 47
33 55
33 56
33 62
33 138
33 194
33 202
33 211
33 284
33 534
33 643
33 650
33 691
33 755
33 879
33 899
33 902
33 928
33 1020
33 1039
33 1078
34 66
34 85
34 132
34 248
34 295
34 304
34 305
34 321
34 365
34 400
34 408
34 411
34 467
34 600
34 618
34 658
34 747
34 766
34 905
34 934
34 960
35 141
35 145
35 215
35 234
35 303
35 308
35 334
35 342
35 344
35 445
35 452
35 546
35 560
35 583
35 672
35 785
35 790
35 893
35 933
35 998
36 81
36 141
36 155
36 223
36 242
36 299
36 319
36 366
36 368
36 439
36 441
36 446
36 468
36 595
36 711
36 737
36 770
36 841
36 855
36 886
36 906
37 44
37 106
37 154
37 240
37 323
37 356
37 388
37 481
37 515
37 622
37 647
37 720
37 766
37 776
37 800
37 803
37 834
37 867
37 1013
37 1031
38 64
38 98
38 139
38 157
38 205
38 222
38 277
38 353
38 383
38 498
38 499
38 661
38 719
38 797
38 807
38 836
38 974
38 977
38 981
38 1042
38 1060
39 79
39 98
39 109
39 114
39 185
39 255
39 347
39 386
39 408
39 579
39 653
39 709
39 749
39 759
39 777
39 811
39 840
39 871
39 950
39 1007
39 1052
40 62
40 64
40 65
40 168
40 213
40 236
40 270
40 300
40 378
40 466
40 503
40 512
40 531
40 551
40 740
40 779
40 866
40 929
40 939
40 957
40 1014
41 160
41 224
41 227
41 244
41 389
41 407
41 460
41 465
41 486
41 550
41 581
41 602
41 634
41 651
41 655
41 697
41 781
41 937
41 944
42 63
42 143
42 257
42 296
42 344
42 358
42 376
42 415
42 448
42 541
42 581
42 654
42 844
42 859
42 1017
42 1047
42 1081
43 105
43 162
43 238
43 421
43 424
43 447
43 504
43 529
43 583
43 684
43 711
43 807
43 822
43 856
43 916
43 928
43 964
43 992
43 1033
43 1050
43 1065
44 90
44 124
44 337
44 441
44 483
44 513
44 647
44 687
44 726
44 766
44 773
44 776
44 823
44 834
44 842
44 867
44 1012
44 1030
44 1031
44 1079
45 81
45 101
45 110
45 173
45 199
45 323
45 357
45 392
45 466
45 585
45 599
45 622
45 627
45 631
45 788
45 803
45 834
45 920
45 923
45 1013
45 1076
46 53
46 73
46 282
46 324
46 351
46 359
46 517
46 564
46 577
46 606
46 614
46 632
46 677
46 704
46 772
46 848
46 861
46 941
46 1053
46 1069
46 1080
47 56
47 76
47 194
47 202
47 284
47 289
47 397
47 478
47 568
47 631
47 635
47 652
47 671
47 686
47 691
47 766
47 870
47 885
47 902
48 144
48 152
48 243
48 253
48 265
48 285
48 310
48 367
48 403
48 470
48 519
48 594
48 601
48 710
48 743
48 818
48 852
48 874
48 990
48 1028
49 53
49 100
49 143
49 236
49 318
49 353
49 591
49 598
49 663
49 665
49 717
49 758
49 786
49 814
49 846
49 864
49 896
49 940
49 970
49 1044
50 192
50 225
50 256
50 321
50 326
50 327
50 419
50 494
50 533
50 556
50 576
50 590
50 605
50 650
50 665
50 708
50 724
50 943
50 1063
51 116
51 259
51 271
51 331
51 355
51 396
51 397
51 422
51 433
51 538
51 607
51 608
51 714
51 780
51 783
51 860
51 869
51 874
51 915
51 1008
51 1018
52 69
52 139
52 149
52 159
52 256
52 418
52 475
52 527
52 532
52 587
52 610
52 690
52 725
52 742
52 804
52 857
52 878
52 948
52 971
53 112
53 143
53 359
53 377
53 549
53 573
53 598
53 626
53 632
53 704
53 758
53 786
53 908
53 940
53 941
53 1044
53 1069
53 1080
54 102
54 107
54 115
54 163
54 221
54 253
54 265
54 299
54 342
54 456
54 458
54 565
54 572
54 723
54 791
54 839
54 923
54 926
54 990
54 1037
55 119
55 138
55 139
55 197
55 394
55 472
55 534
55 551
55 640
55 650
55 676
55 695
55 733
55 755
55 788
55 801
55 839
55 845
55 1020
55 1039
56 57
56 103
56 175
56 194
56 202
56 284
56 320
56 512
56 574
56 579
56 582
56 621
56 691
56 793
56 902
56 925
56 1043
56 1057
56 1061
57 175
57 192
57 193
57 246
57 292
57 320
57 385
57 485
57 574
57 582
57 628
57 642
57 712
57 735
57 793
57 979
57 1006
57 1040
57 1043
57 1078
58 67
58 154
58 248
58 288
58 290
58 337
58 426
58 455
58 508
58 577
58 604
58 647
58 726
58 803
58 814
58 851
58 885
58 887
58 937
58 1031
59 104
59 114
59 150
59 172
59 180
59 280
59 386
59 421
59 460
59 465
59 661
59 712
59 760
59 778
59 782
59 808
59 840
59 1001
59 1007
59 1081
60 66
60 181
60 189
60 194
60 220
60 242
60 246
60 247
60 254
60 339
60 390
60 493
60 520
60 557
60 624
60 652
60 703
60 967
60 975
60 1073
60 1083
61 77
61 193
61 203
61 378
61 406
61 454
61 456
61 473
61 529
61 543
61 609
61 619
61 641
61 651
61 670
61 716
61 731
61 796
61 825
61 827
61 1054
62 65
62 108
62 168
62 177
62 211
62 213
62 236
62 300
62 374
62 466
62 553
62 556
62 600
62 643
62 734
62 879
62 899
62 928
62 1078
63 81
63 164
63 330
63 344
63 358
63 533
63 540
63 592
63 629
63 667
63 671
63 680
63 732
63 795
63 844
63 925
63 947
63 1047
64 140
64 157
64 270
64 353
64 374
64 383
64 430
64 474
64 499
64 512
64 551
64 740
64 757
64 866
64 878
64 939
64 973
64 977
64 1042
65 125
65 140
65 168
65 213
65 236
65 300
65 321
65 379
65 405
65 466
65 553
65 580
65 643
65 691
65 883
65 916
65 1006
65 1020
65 1055
66 85
66 190
66 194
66 220
66 254
66 306
66 329
66 365
66 397
66 411
66 457
66 493
66 520
66 618
66 747
66 934
66 963
66 1052
66 1073
67 307
67 426
67 508
67 596
67 602
67 634
67 697
67 758
67 760
67 767
67 814
67 825
67 887
67 907
67 927
67 937
67 993
67 1031
67 1068
68 197
68 302
68 303
68 353
68 354
68 384
68 387
68 393
68 429
68 518
68 523
68 524
68 623
68 739
68 818
68 911
68 954
68 965
68 984
68 1070
69 122
69 269
69 277
69 424
69 475
69 527
69 532
69 678
69 705
69 725
69 727
69 741
69 745
69 804
69 806
69 878
69 880
69 919
69 1028
69 1087
70 131
70 165
70 178
70 269
70 333
70 399
70 412
70 434
70 480
70 561
70 567
70 573
70 709
70 817
70 819
70 835
70 903
70 918
70 985
70 1004
71 151
71 180
71 191
71 208
71 264
71 349
71 456
71 512
71 526
71 542
71 554
71 633
71 692
71 771
71 772
71 829
71 912
71 931
71 957
71 1064
72 95
72 216
72 224
72 228
72 244
72 258
72 307
72 394
72 401
72 460
72 489
72 515
72 593
72 706
72 736
72 751
72 768
72 784
72 824
72 938
72 1024
73 236
73 264
73 351
73 482
73 489
73 501
73 503
73 551
73 577
73 606
73 614
73 648
73 723
73 772
73 861
73 889
73 898
73 959
73 991
73 1045
74 121
74 140
74 160
74 248
74 284
74 289
74 296
74 429
74 455
74 459
74 478
74 498
74 592
74 649
74 734
74 776
74 910
74 993
75 111
75 153
75 312
75 427
75 428
75 471
75 487
75 544
75 545
75 563
75 629
75 694
75 732
75 752
75 947
75 987
75 1023
75 1047
75 1061
75 1074
76 87
76 103
76 173
76 201
76 209
76 254
76 284
76 289
76 320
76 457
76 478
76 568
76 671
76 766
76 860
76 879
76 885
76 1020
76 1083
77 180
77 291
77 298
77 365
77 371
77 406
77 436
77 454
77 473
77 489
77 566
77 623
77 651
77 670
77 729
77 744
77 764
77 825
77 882
78 122
78 156
78 163
78 196
78 231
78 310
78 335
78 350
78 490
78 496
78 659
78 670
78 693
78 819
78 956
78 969
78 972
78 981
78 1008
79 114
79 333
79 347
79 408
79 411
79 412
79 443
79 525
79 566
79 569
79 659
79 709
79 749
79 784
79 811
79 815
79 817
79 890
79 1062
79 1084
80 88
80 156
80 241
80 271
80 328
80 451
80 455
80 522
80 584
80 666
80 680
80 745
80 767
80 786
80 852
80 907
80 937
80 1068
80 1074
80 1079
81 173
81 242
81 323
81 357
81 392
81 441
81 446
81 533
81 540
81 592
81 631
81 671
81 737
81 795
81 855
81 886
81 947
81 1013
82 98
82 186
82 229
82 247
82 280
82 382
82 426
82 462
82 482
82 519
82 521
82 715
82 846
82 873
82 876
82 884
82 945
82 949
82 958
82 994
83 99
83 105
83 142
83 294
83 336
83 399
83 529
83 535
83 609
83 612
83 679
83 792
83 805
83 924
83 961
83 976
83 1004
83 1009
83 1059
83 1073
84 131
84 333
84 409
84 483
84 562
84 567
84 580
84 587
84 681
84 746
84 751
84 761
84 792
84 828
84 918
84 973
84 980
84 982
84 1028
84 1078
85 198
85 209
85 329
85 339
85 364
85 365
85 411
85 423
85 520
85 618
85 703
85 747
85 805
85 860
85 870
85 871
85 902
85 934
85 1002
86 97
86 295
86 316
86 431
86 435
86 462
86 506
86 615
86 638
86 684
86 715
86 744
86 747
86 780
86 812
86 832
86 953
86 1003
86 1034
86 1085
87 116
87 173
87 201
87 220
87 284
87 457
87 476
87 652
87 685
87 686
87 703
87 718
87 780
87 789
87 853
87 860
87 915
87 979
87 995
87 1083
88 289
88 290
88 297
88 302
88 328
88 351
88 369
88 455
88 508
88 581
88 616
88 666
88 721
88 786
88 907
88 937
88 993
88 1031
88 1035
89 111
89 164
89 192
89 281
89 309
89 359
89 361
89 413
89 447
89 524
89 561
89 717
89 799
89 820
89 838
89 893
89 919
89 930
89 968
89 974
89 1061
90 93
90 181
90 340
90 357
90 441
90 483
90 560
90 595
90 613
90 687
90 690
90 726
90 795
90 841
90 842
90 886
90 904
90 1012
90 1036
90 1060
91 112
91 183
91 194
91 201
91 209
91 214
91 221
91 243
91 266
91 275
91 484
91 505
91 631
91 668
91 875
91 1016
91 1026
91 1037
92 106
92 174
92 250
92 252
92 258
92 311
92 403
92 422
92 433
92 657
92 673
92 724
92 783
92 853
92 944
92 955
92 1012
92 1018
92 1024
93 149
93 188
93 218
93 340
93 398
93 418
93 475
93 560
93 690
93 746
93 836
93 845
93 865
93 886
93 904
93 948
93 971
93 1060
93 1063
94 149
94 222
94 251
94 299
94 410
94 441
94 453
94 464
94 560
94 613
94 649
94 671
94 785
94 790
94 904
94 906
94 933
94 967
94 971
94 1000
94 1005
95 104
95 167
95 298
95 394
95 454
95 472
95 489
95 593
95 648
95 706
95 740
95 764
95 768
95 784
95 791
95 829
95 861
95 898
95 911
95 914
96 113
96 251
96 261
96 319
96 343
96 360
96 390
96 446
96 450
96 554
96 568
96 592
96 595
96 611
96 698
96 773
96 790
96 856
96 904
96 906
97 144
97 278
97 295
97 382
97 535
97 615
97 646
97 653
97 661
97 715
97 716
97 741
97 744
97 833
97 949
97 1003
97 1034
97 1065
97 1085
98 109
98 139
98 277
98 280
98 386
98 519
98 653
98 661
98 715
98 719
98 759
98 777
98 836
98 949
98 958
98 981
98 994
98 1007
99 118
99 134
99 143
99 233
99 276
99 294
99 336
99 479
99 498
99 500
99 529
99 536
99 570
99 677
99 679
99 868
99 924
99 1009
99 1049
99 1081
100 176
100 196
100 235
100 262
100 318
100 371
100 434
100 488
100 509
100 525
100 665
100 668
100 699
100 814
100 846
100 864
100 895
100 932
100 962
101 166
101 199
101 240
101 274
101 313
101 345
101 351
101 477
101 585
101 604
101 627
101 720
101 750
101 803
101 823
101 834
101 848
101 986
101 1076
102 104
102 107
102 115
102 179
102 191
102 253
102 291
102 456
102 473
102 526
102 535
102 542
102 641
102 683
102 723
102 735
102 791
102 796
102 952
102 1025
103 202
103 209
103 210
103 254
103 292
103 293
103 320
103 512
103 579
103 621
103 688
103 879
103 925
103 1020
103 1040
103 1057
103 1061
104 150
104 180
104 291
104 298
104 454
104 465
104 526
104 542
104 641
104 648
104 683
104 712
104 808
104 829
104 911
104 914
104 952
104 1007
105 142
105 208
105 225
105 309
105 591
105 612
105 701
105 711
105 792
105 822
105 856
105 916
105 928
105 961
105 962
105 1004
105 1033
105 1059
106 174
106 286
106 323
106 356
106 389
106 401
106 515
106 593
106 657
106 760
106 761
106 800
106 803
106 996
106 1012
106 1018
106 1024
107 115
107 130
107 235
107 250
107 253
107 317
107 352
107 370
107 375
107 456
107 509
107 723
107 731
107 753
107 791
107 793
107 929
107 1016
108 125
108 155
108 177
108 213
108 322
108 325
108 362
108 374
108 444
108 523
108 553
108 556
108 600
108 674
108 695
108 710
108 734
108 856
108 920
108 1055
109 172
109 372
109 386
109 445
109 492
109 510
109 518
109 571
109 653
109 670
109 683
109 759
109 777
109 922
109 930
109 966
109 1001
109 1007
109 1064
110 276
110 461
110 466
110 558
110 599
110 622
110 637
110 658
110 669
110 704
110 755
110 770
110 788
110 826
110 868
110 897
110 901
110 920
110 923
110 1029
111 153
111 164
111 170
111 192
111 361
111 381
111 417
111 487
111 694
111 732
111 745
111 752
111 799
111 968
111 986
111 987
111 1021
111 1061
111 1084
112 183
112 221
112 243
112 327
112 359
112 377
112 414
112 549
112 573
112 626
112 872
112 875
112 908
112 926
112 932
112 1022
112 1026
113 217
113 251
113 343
113 363
113 366
113 444
113 446
113 468
113 548
113 575
113 595
113 611
113 650
113 752
113 856
113 876
113 903
113 973
113 982
114 172
114 190
114 280
114 347
114 364
114 408
114 437
114 597
114 661
114 709
114 738
114 749
114 759
114 811
114 840
114 1001
114 1057
115 203
115 245
115 253
115 311
115 352
115 380
115 456
115 555
115 582
115 668
115 688
115 723
115 753
115 779
115 791
115 895
115 936
115 1011
116 163
116 237
116 275
116 355
116 433
116 538
116 607
116 652
116 673
116 718
116 743
116 763
116 780
116 853
116 874
116 915
116 995
116 1018
116 1079
117 129
117 153
117 205
117 308
117 383
117 385
117 449
117 452
117 532
117 683
117 719
117 757
117 771
117 830
117 939
117 970
117 983
117 984
117 1005
117 1042
118 134
118 143
118 233
118 276
118 307
118 389
118 500
118 541
118 762
118 778
118 794
118 831
118 844
118 859
118 910
118 992
118 1007
118 1081
119 139
119 188
119 197
119 387
119 459
119 499
119 545
119 587
119 616
119 624
119 662
119 739
119 788
119 789
119 801
119 839
119 845
119 894
119 965
119 970
120 128
120 199
120 408
120 481
120 558
120 615
120 620
120 625
120 674
120 676
120 682
120 749
120 759
120 787
120 817
120 840
120 890
120 905
120 934
120 960
120 1082
121 126
121 140
121 157
121 233
121 289
121 324
121 340
121 442
121 447
121 498
121 586
121 719
121 734
121 797
121 910
121 924
121 1000
121 1029
121 1049
122 157
122 205
122 273
122 277
122 280
122 350
122 424
122 490
122 610
122 653
122 670
122 693
122 741
122 806
122 845
122 880
122 981
122 1087
123 182
123 204
123 288
123 297
123 308
123 337
123 338
123 407
123 453
123 531
123 613
123 619
123 687
123 809
123 823
123 842
123 867
123 886
123 900
123 987
124 237
124 266
124 310
124 337
124 355
124 458
124 513
124 584
124 601
124 639
124 666
124 767
124 773
124 823
124 853
124 854
124 1008
124 1030
124 1079
125 140
125 155
125 177
125 219
125 321
125 322
125 362
125 363
125 405
125 466
125 523
125 643
125 676
125 710
125 816
125 856
125 883
125 1038
125 1055
126 157
126 162
126 269
126 316
126 340
126 413
126 447
126 497
126 514
126 591
126 719
126 722
126 741
126 799
126 807
126 822
126 892
126 974
126 1000
126 1049
127 279
127 304
127 329
127 365
127 411
127 425
127 431
127 436
127 454
127 488
127 502
127 506
127 520
127 566
127 709
127 768
127 833
127 890
127 905
127 913
127 1021
128 136
128 146
128 223
128 287
128 305
128 404
128 442
128 558
128 559
128 570
128 599
128 615
128 658
128 749
128 787
128 791
128 889
128 901
128 905
128 934
129 145
129 215
129 332
129 358
129 372
129 383
129 449
129 452
129 504
129 524
129 530
129 532
129 546
129 683
129 771
129 785
129 933
129 1010
129 1027
130 137
130 178
130 235
130 317
130 380
130 414
130 425
130 605
130 657
130 699
130 753
130 756
130 793
130 864
130 882
130 895
130 929
130 1062
131 217
131 399
131 412
131 430
131 567
131 587
131 681
131 746
131 751
131 761
131 809
131 828
131 835
131 899
131 903
131 1004
131 1006
131 1012
131 1028
132 278
132 295
132 304
132 305
132 408
132 434
132 450
132 547
132 586
132 615
132 617
132 638
132 658
132 677
132 787
132 812
132 949
132 960
132 967
132 1062
133 182
133 196
133 227
133 273
133 497
133 537
133 578
133 594
133 692
133 705
133 804
133 806
133 810
133 813
133 891
133 978
133 981
133 1065
133 1066
133 1087
134 143
134 160
134 233
134 239
134 257
134 276
134 318
134 328
134 500
134 549
134 598
134 663
134 721
134 844
134 927
134 941
134 1017
134 1070
134 1081
135 159
135 197
135 350
135 356
135 385
135 395
135 420
135 427
135 476
135 544
135 545
135 662
135 713
135 732
135 746
135 894
135 975
135 1023
136 229
136 287
136 325
136 341
136 363
136 404
136 438
136 552
136 559
136 594
136 654
136 658
136 675
136 791
136 810
136 862
136 889
136 938
136 1015
136 1070
137 174
137 282
137 286
137 297
137 315
137 414
137 433
137 483
137 515
137 605
137 657
137 665
137 702
137 756
137 809
137 851
137 877
137 895
138 147
138 206
138 267
138 404
138 491
138 500
138 534
138 599
138 650
138 669
138 755
138 826
138 835
138 849
138 935
138 982
138 1020
138 1039
138 1080
139 149
139 197
139 277
139 610
139 661
139 690
139 719
139 788
139 801
139 836
139 839
139 845
139 857
139 948
139 981
140 289
140 321
140 374
140 405
140 430
140 474
140 498
140 643
140 734
140 757
140 878
140 883
140 910
140 973
140 1055
141 223
141 232
141 253
141 299
141 308
141 342
141 368
141 439
141 464
141 511
141 546
141 560
141 572
141 595
141 770
141 788
141 790
141 872
141 998
142 260
142 440
142 443
142 612
142 617
142 645
142 689
142 751
142 768
142 792
142 843
142 863
142 942
142 961
142 996
142 1004
142 1026
142 1059
142 1085
143 233
143 257
143 276
143 296
143 500
143 581
143 598
143 654
143 758
143 786
143 859
143 940
143 1044
143 1081
144 218
144 256
144 278
144 382
144 519
144 539
144 601
144 646
144 653
144 656
144 661
144 710
144 756
144 818
144 837
144 852
144 958
145 215
145 234
145 344
145 445
145 452
145 504
145 524
145 527
145 530
145 546
145 672
145 730
145 830
145 933
145 952
145 1027
145 1042
145 1064
146 207
146 223
146 305
146 342
146 362
146 442
146 446
146 464
146 530
146 570
146 583
146 599
146 636
146 637
146 770
146 802
146 841
146 901
146 953
146 1056
147 234
147 257
147 276
147 358
147 376
147 461
147 479
147 500
147 541
147 598
147 599
147 778
147 782
147 826
147 831
147 849
147 924
147 935
147 992
147 1080
148 185
148 198
148 247
148 251
148 279
148 306
148 319
148 360
148 442
148 513
148 528
148 644
148 747
148 810
148 868
148 888
148 912
148 989
148 997
148 1057
149 188
149 218
149 222
149 441
149 475
149 610
149 613
149 690
149 746
149 790
149 857
149 948
149 971
149 1000
149 1063
150 180
150 249
150 400
150 465
150 485
150 543
150 580
150 708
150 712
150 808
150 858
150 869
150 899
150 955
150 995
150 1007
150 1025
150 1040
150 1043
151 176
151 208
151 335
151 341
151 407
151 470
151 537
151 542
151 578
151 589
151 675
151 692
151 772
151 806
151 888
151 931
151 978
151 1087
152 159
152 188
152 228
152 265
152 381
152 403
152 451
152 470
152 561
152 567
152 594
152 681
152 727
152 804
152 828
152 874
152 880
152 892
152 996
152 1028
153 219
153 308
153 325
153 385
153 409
153 468
153 487
153 611
153 694
153 732
153 752
153 774
153 835
153 983
153 987
153 1005
153 1042
154 240
154 248
154 286
154 290
154 312
154 337
154 350
154 388
154 392
154 481
154 622
154 707
154 720
154 726
154 803
154 834
154 885
154 1013
154 1024
155 162
155 211
155 319
155 322
155 343
155 362
155 366
155 379
155 468
155 523
155 701
155 710
155 711
155 841
155 856
155 906
155 961
155 964
156 163
156 231
156 271
156 310
156 391
156 422
156 457
156 522
156 584
156 607
156 639
156 754
156 852
156 870
156 969
156 972
156 1008
156 1068
156 1079
157 205
157 273
157 280
157 340
157 353
157 383
157 447
157 499
157 610
157 653
157 719
157 845
157 977
157 1000
157 1042
157 1049
158 166
158 228
158 306
158 345
158 373
158 493
158 502
158 521
158 547
158 612
158 645
158 689
158 761
158 805
158 862
158 863
158 875
158 942
158 1002
158 1034
158 1084
159 188
159 197
159 228
159 256
159 418
159 476
159 567
159 587
159 681
159 690
159 727
159 742
159 746
159 894
159 971
159 975
159 996
159 1023
160 224
160 239
160 296
160 429
160 455
160 459
160 465
160 478
160 550
160 581
160 598
160 634
160 721
160 844
160 944
160 993
160 1017
160 1070
161 169
161 171
161 199
161 388
161 392
161 420
161 471
161 596
161 628
161 651
161 662
161 713
161 800
161 852
161 922
161 954
161 983
161 1023
162 211
162 316
162 343
162 379
162 421
162 497
162 504
162 514
162 529
162 583
162 701
162 741
162 822
162 961
162 964
162 974
162 992
162 1050
163 221
163 231
163 237
163 265
163 275
163 310
163 458
163 572
163 673
163 743
163 763
163 969
163 972
163 1008
163 1037
163 1079
164 185
164 192
164 202
164 270
164 320
164 330
164 349
164 361
164 437
164 563
164 629
164 667
164 680
164 732
164 799
164 925
164 968
164 1061
165 176
165 178
165 336
165 398
165 434
165 569
165 588
165 655
165 659
165 693
165 709
165 748
165 817
165 819
165 821
165 850
165 918
165 972
165 1066
166 274
166 345
166 417
166 477
166 493
166 577
166 585
166 603
166 645
166 720
166 750
166 805
166 823
166 848
166 875
166 921
166 942
166 1035
167 191
167 206
167 305
167 352
167 438
167 472
167 552
167 558
167 572
167 641
167 723
167 740
167 753
167 764
167 791
167 861
167 889
167 898
167 990
167 999
168 186
168 213
168 236
168 300
168 309
168 318
168 346
168 466
168 499
168 722
168 861
168 896
168 957
168 984
168 991
168 1044
168 1045
168 1048
169 172
169 199
169 200
169 301
169 347
169 354
169 388
169 465
169 571
169 596
169 651
169 682
169 713
169 771
169 775
169 777
169 786
169 922
169 927
169 952
170 338
170 361
170 381
170 413
170 417
170 427
170 487
170 563
170 576
170 629
170 642
170 745
170 769
170 774
170 820
170 925
170 986
170 1021
170 1084
171 259
171 384
171 392
171 393
171 448
171 533
171 728
171 754
171 775
171 800
171 831
171 847
171 852
171 893
171 954
171 965
171 966
171 1027
172 280
172 301
172 354
172 372
172 445
172 492
172 510
172 661
172 670
172 771
172 775
172 777
172 840
172 930
172 952
172 1001
173 183
173 201
173 241
173 284
173 323
173 357
173 392
173 457
173 505
173 631
173 635
173 763
173 854
173 860
173 887
173 1013
173 1083
174 235
174 282
174 297
174 314
174 315
174 327
174 380
174 469
174 656
174 657
174 665
174 702
174 851
174 877
174 1012
174 1018
174 1024
175 210
175 250
175 293
175 320
175 539
175 574
175 582
175 588
175 660
175 793
175 798
175 832
175 873
175 917
175 938
175 1011
175 1043
176 196
176 335
176 509
176 537
176 569
176 578
176 655
176 668
176 675
176 693
176 699
176 806
176 850
176 888
176 932
176 962
176 972
176 1066
177 184
177 207
177 219
177 343
177 363
177 374
177 466
177 553
177 556
177 600
177 676
177 711
177 734
177 816
177 818
177 988
177 1038
177 1055
178 295
178 324
178 380
178 390
178 410
178 425
178 434
178 525
178 536
178 699
178 709
178 787
178 817
178 819
178 864
178 882
178 918
178 1062
179 191
179 278
179 294
179 423
179 424
179 473
179 493
179 497
179 506
179 535
179 562
179 609
179 715
179 716
179 735
179 796
179 1004
179 1025
179 1059
180 191
180 291
180 436
180 456
180 465
180 489
180 623
180 633
180 712
180 729
180 764
180 771
180 808
180 829
180 1007
180 1064
181 242
181 247
181 357
181 371
181 390
181 425
181 518
181 557
181 595
181 613
181 614
181 703
181 737
181 775
181 795
181 841
181 931
181 967
181 1036
182 227
182 338
182 407
182 516
182 531
182 578
182 589
182 594
182 619
182 634
182 687
182 692
182 806
182 813
182 824
182 850
182 956
182 987
183 221
183 241
183 243
183 254
183 367
183 484
183 505
183 509
183 555
183 635
183 763
183 854
183 875
183 887
183 902
183 1026
184 207
184 223
184 322
184 334
184 343
184 348
184 362
184 435
184 474
184 504
184 554
184 637
184 711
184 725
184 818
184 837
184 917
184 988
184 997
184 1055
185 202
185 255
185 270
185 320
185 349
185 437
185 442
185 563
185 579
185 810
185 840
185 868
185 871
185 888
185 950
185 1052
185 1057
186 244
186 247
186 346
186 379
186 382
186 426
186 482
186 516
186 843
186 846
186 861
186 896
186 928
186 945
186 957
186 959
186 1041
186 1045
186 1048
187 226
187 231
187 252
187 259
187 271
187 391
187 396
187 420
187 429
187 458
187 496
187 507
187 544
187 616
187 639
187 693
187 743
187 748
187 798
187 874
187 969
188 218
188 228
188 387
188 475
188 545
188 567
188 587
188 624
188 662
188 681
188 727
188 746
188 789
188 948
188 996
188 1063
189 246
189 292
189 339
189 395
189 440
189 449
189 527
189 576
189 603
189 624
189 652
189 685
189 968
189 975
189 979
189 983
189 986
189 1041
189 1043
189 1083
190 306
190 329
190 364
190 397
190 437
190 457
190 491
190 548
190 597
190 738
190 759
190 769
190 871
190 884
190 963
190 987
190 1052
190 1057
190 1067
191 352
191 456
191 473
191 535
191 572
191 633
191 641
191 735
191 753
191 771
191 796
191 829
191 889
191 990
191 1025
191 1064
192 246
192 256
192 361
192 385
192 419
192 533
192 576
192 590
192 628
192 642
192 799
192 968
192 979
192 1040
192 1061
192 1063
193 195
193 261
193 292
193 368
193 456
193 485
193 513
193 543
193 609
193 620
193 641
193 712
193 716
193 735
193 827
193 1006
193 1025
193 1056
193 1078
194 202
194 209
194 220
194 243
194 254
194 284
194 493
194 505
194 520
194 668
194 691
194 902
194 1016
194 1037
194 1073
195 261
195 268
195 368
195 388
195 400
195 513
195 565
195 620
195 627
195 695
195 749
195 872
195 897
195 951
195 960
195 1025
195 1038
195 1056
195 1080
195 1082
196 335
196 496
196 509
196 659
196 668
196 692
196 699
196 810
196 819
196 891
196 932
196 956
196 962
196 978
196 1066
196 1087
197 302
197 353
197 384
197 387
197 429
197 476
197 746
197 788
197 801
197 839
197 845
197 894
197 975
197 984
197 1023
198 229
198 247
198 279
198 306
198 360
198 364
198 373
198 520
198 747
198 815
198 860
198 870
198 871
198 942
198 963
198 989
198 1002
198 1021
198 1051
199 388
199 408
199 481
199 585
199 596
199 620
199 627
199 651
199 674
199 676
199 713
199 803
199 834
199 922
199 1076
199 1082
200 249
200 258
200 291
200 296
200 347
200 386
200 465
200 485
200 550
200 571
200 682
200 697
200 721
200 786
200 808
200 829
200 927
200 1019
201 214
201 266
201 275
201 284
201 457
201 484
201 622
201 631
201 635
201 707
201 795
201 800
201 855
201 860
201 1076
201 1083
202 210
202 270
202 284
202 292
202 293
202 320
202 349
202 437
202 563
202 688
202 691
202 902
202 1040
203 245
203 311
203 370
203 378
203 435
203 529
203 555
203 582
203 619
203 636
203 668
203 729
203 731
203 753
203 796
203 911
203 1011
203 1054
204 227
204 230
204 274
204 337
204 369
204 378
204 589
204 613
204 687
204 694
204 769
204 809
204 842
204 851
204 867
204 886
204 998
204 1005
204 1030
205 222
205 273
205 280
205 498
205 610
205 653
205 719
205 757
205 797
205 807
205 830
205 845
205 939
205 970
205 974
205 984
205 1060
206 255
206 267
206 287
206 305
206 404
206 438
206 491
206 552
206 558
206 640
206 669
206 696
206 706
206 723
206 738
206 835
206 930
206 982
206 999
207 322
207 343
207 362
207 530
207 539
207 583
207 636
207 698
207 711
207 770
207 818
207 878
207 912
207 953
207 988
207 1055
207 1075
207 1086
208 225
208 309
208 542
208 575
208 590
208 591
208 600
208 630
208 692
208 701
208 772
208 883
208 931
208 962
208 1039
209 243
209 254
209 320
209 329
209 339
209 423
209 505
209 668
209 703
209 805
209 879
209 902
209 1016
209 1020
209 1037
210 283
210 292
210 293
210 311
210 375
210 462
210 574
210 588
210 660
210 688
210 798
210 837
210 938
210 1040
210 1075
211 343
211 379
211 440
211 482
211 643
211 664
211 701
211 781
211 824
211 879
211 899
211 916
211 928
211 961
211 964
211 1048
211 1078
212 267
212 293
212 398
212 412
212 416
212 480
212 574
212 626
212 656
212 660
212 736
212 748
212 857
212 881
212 892
212 918
212 919
212 1015
212 1067
213 232
213 236
213 300
213 325
213 444
213 466
213 674
213 695
213 816
213 826
213 839
213 901
213 920
213 1013
213 1055
213 1076
214 241
214 266
214 275
214 290
214 330
214 381
214 428
214 484
214 602
214 631
214 647
214 666
214 678
214 846
214 887
214 907
214 909
214 1068
215 303
215 332
215 334
215 358
215 372
215 452
215 527
215 546
215 583
215 730
215 785
215 830
215 893
215 952
215 1010
215 1042
215 1064
216 228
216 307
216 401
216 443
216 460
216 515
216 516
216 593
216 640
216 648
216 751
216 764
216 781
216 913
216 944
216 1015
216 1019
216 1024
216 1046
217 405
217 430
217 468
217 548
217 575
217 650
217 681
217 725
217 734
217 809
217 876
217 899
217 939
217 973
217 977
217 980
217 1006
217 1012
217 1086
218 256
218 475
218 494
218 539
218 540
218 642
218 656
218 728
218 742
218 746
218 756
218 837
218 948
218 958
218 968
218 1063
219 325
219 363
219 409
219 444
219 466
219 468
219 470
219 521
219 552
219 559
219 611
219 676
219 774
219 813
219 816
219 835
219 1038
219 1051
220 254
220 339
220 410
220 450
220 476
220 493
220 520
220 685
220 686
220 703
220 737
220 789
220 945
220 979
220 989
220 1036
220 1073
221 243
221 254
221 265
221 367
221 458
221 484
221 509
221 555
221 572
221 875
221 902
221 1026
221 1037
222 332
222 340
222 441
222 445
222 463
222 498
222 613
222 679
222 700
222 790
222 797
222 807
222 821
222 971
222 974
222 1000
222 1060
223 299
223 305
223 322
223 334
223 348
223 368
223 435
223 439
223 442
223 504
223 570
223 595
223 599
223 637
223 770
223 901
224 244
224 258
224 375
224 401
224 465
224 550
224 581
224 634
224 708
224 736
224 824
224 938
224 944
224 946
224 1011
224 1018
224 1019
225 309
225 321
225 494
225 526
225 556
225 578
225 591
225 614
225 630
225 633
225 650
225 701
225 943
225 962
225 978
225 1077
226 238
226 252
226 255
226 272
226 316
226 396
226 420
226 544
226 597
226 607
226 608
226 700
226 718
226 783
226 874
226 969
226 995
226 1032
226 1071
227 230
227 244
227 378
227 407
227 578
227 589
227 594
227 655
227 692
227 694
227 697
227 769
227 781
227 806
227 813
227 842
228 307
228 373
228 460
228 515
228 547
228 567
228 612
228 681
228 727
228 751
228 761
228 863
228 996
228 1024
228 1034
229 325
229 341
229 363
229 373
229 438
229 462
229 521
229 594
229 815
229 862
229 873
229 876
229 884
229 942
229 963
229 1021
229 1051
230 245
230 264
230 300
230 317
230 346
230 370
230 378
230 473
230 531
230 589
230 619
230 694
230 769
230 827
230 842
230 866
230 936
230 1009
230 1050
231 259
231 272
231 310
231 391
231 403
231 429
231 471
231 507
231 538
231 608
231 616
231 748
231 798
231 969
231 972
231 1008
232 253
232 387
232 464
232 511
232 534
232 572
232 610
232 733
232 788
232 816
232 826
232 836
232 839
232 872
232 894
232 901
232 923
232 1013
232 1076
233 276
233 324
233 442
233 479
233 500
233 586
233 797
233 821
233 924
233 976
233 1029
233 1050
233 1054
233 1059
233 1081
234 276
234 344
234 358
234 376
234 415
234 445
234 452
234 667
234 672
234 782
234 831
234 859
234 910
234 933
234 947
234 992
234 1010
234 1017
235 262
235 314
235 315
235 317
235 327
235 371
235 380
235 434
235 469
235 488
235 525
235 656
235 753
235 793
235 895
235 929
236 264
236 300
236 353
236 466
236 482
236 503
236 591
236 663
236 717
236 896
236 898
236 959
236 970
236 991
237 261
237 274
237 275
237 584
237 601
237 639
237 644
237 666
237 673
237 726
237 743
237 763
237 767
237 867
237 900
237 1008
237 1079
238 255
238 316
238 348
238 424
238 447
238 514
238 597
238 608
238 636
238 684
238 700
238 807
238 812
238 833
238 964
238 1003
238 1032
238 1065
239 384
239 438
239 559
239 598
239 654
239 710
239 721
239 729
239 736
239 739
239 844
239 888
239 891
239 914
239 988
239 1017
239 1070
240 313
240 345
240 351
240 388
240 477
240 481
240 517
240 585
240 604
240 622
240 720
240 765
240 900
240 921
240 986
240 1013
240 1030
241 290
241 451
241 505
241 602
241 635
241 647
241 680
241 745
241 763
241 767
241 846
241 854
241 887
241 907
241 909
241 1074
242 247
242 354
242 390
242 441
242 446
242 488
242 557
242 703
242 737
242 772
242 855
242 882
242 886
242 966
242 967
242 1036
242 1077
243 253
243 285
243 310
243 367
243 505
243 668
243 743
243 875
243 990
243 1016
243 1026
243 1037
244 258
244 379
244 401
244 407
244 516
244 655
244 697
244 736
244 781
244 824
244 843
244 928
244 938
244 959
244 1041
245 311
245 348
245 370
245 473
245 531
245 555
245 623
245 668
245 688
245 731
245 753
245 793
245 827
245 914
245 953
245 1009
245 1011
245 1050
246 313
246 339
246 385
246 417
246 532
246 624
246 628
246 642
246 652
246 664
246 685
246 730
246 843
246 975
246 979
246 1040
246 1083
247 279
247 306
247 360
247 382
247 390
247 426
247 482
247 557
247 703
247 747
247 846
247 945
247 967
247 989
248 284
248 290
248 321
248 337
248 400
248 467
248 592
248 600
248 649
248 726
248 766
248 776
248 803
248 885
248 905
249 268
249 291
249 386
249 467
249 485
249 543
249 550
249 580
249 712
249 724
249 829
249 899
249 915
249 946
249 1025
249 1040
249 1043
249 1071
250 258
250 293
250 311
250 352
250 370
250 375
250 433
250 509
250 539
250 724
250 731
250 832
250 873
250 917
250 944
250 955
250 1011
250 1016
251 319
251 343
251 410
251 446
251 513
251 528
251 560
251 595
251 611
251 644
251 649
251 671
251 856
251 906
251 912
251 967
251 997
252 285
252 341
252 396
252 403
252 420
252 422
252 538
252 544
252 673
252 727
252 783
252 813
252 828
252 853
252 874
252 969
253 285
253 310
253 367
253 456
253 464
253 511
253 572
253 723
253 743
253 788
253 791
253 872
253 990
254 320
254 367
254 484
254 493
254 509
254 520
254 555
254 879
254 902
254 1020
254 1073
255 287
255 316
255 579
255 597
255 608
255 640
255 696
255 700
255 706
255 738
255 840
255 871
255 930
255 950
255 1032
255 1052
256 418
256 419
256 533
256 539
256 576
256 587
256 590
256 656
256 690
256 742
256 756
256 837
256 958
256 971
256 1063
257 296
257 318
257 328
257 461
257 479
257 541
257 549
257 581
257 598
257 654
257 663
257 778
257 859
257 924
257 927
257 941
258 296
258 311
258 401
258 433
258 697
258 721
258 724
258 736
258 808
258 824
258 938
258 944
258 955
258 1019
259 271
259 391
259 393
259 397
259 429
259 448
259 533
259 616
259 714
259 728
259 748
259 754
259 783
259 798
259 831
259 860
259 1008
260 294
260 399
260 495
260 562
260 612
260 617
260 664
260 689
260 701
260 751
260 784
260 863
260 875
260 913
260 942
260 976
260 996
260 1033
260 1041
260 1085
261 274
261 360
261 368
261 513
261 554
261 584
261 620
261 644
261 698
261 726
261 773
261 867
261 900
261 906
261 1025
261 1056
262 326
262 335
262 371
262 426
262 434
262 488
262 525
262 555
262 663
262 699
262 864
262 877
262 895
262 909
262 1016
262 1044
262 1058
262 1066
263 267
263 287
263 314
263 338
263 364
263 402
263 409
263 480
263 491
263 660
263 694
263 755
263 756
263 865
263 876
263 903
263 935
263 999
263 1052
263 1067
264 300
264 317
264 346
264 349
264 482
264 503
264 512
264 526
264 554
264 619
264 866
264 898
264 912
264 936
264 957
264 959
264 991
265 285
265 403
265 458
265 470
265 522
265 523
265 572
265 594
265 646
265 874
265 958
265 988
265 1028
265 1037
266 275
266 310
266 330
266 355
266 368
266 458
266 476
266 484
266 584
266 624
266 631
266 763
266 802
266 853
266 854
266 1074
267 338
267 364
267 398
267 402
267 404
267 491
267 656
267 669
267 694
267 835
267 857
267 876
267 982
267 1052
267 1067
268 304
268 400
268 467
268 556
268 565
268 712
268 724
268 776
268 858
268 872
268 883
268 885
268 897
268 915
268 934
268 946
268 1071
268 1080
268 1082
269 333
269 413
269 480
269 561
269 573
269 591
269 678
269 705
269 722
269 727
269 745
269 799
269 807
269 892
269 919
269 985
269 1028
270 320
270 346
270 349
270 437
270 503
270 512
270 542
270 551
270 563
270 621
270 633
270 698
270 740
270 866
270 939
270 997
271 397
271 458
271 496
271 507
271 522
271 584
271 639
271 693
271 714
271 743
271 783
271 852
271 860
271 1008
271 1068
271 1079
272 396
272 403
272 432
272 463
272 471
272 507
272 514
272 538
272 607
272 608
272 684
272 718
272 738
272 783
272 950
272 995
272 1071
273 277
273 280
273 312
273 356
273 406
273 496
273 497
273 510
273 537
273 610
273 653
273 705
273 804
273 845
273 972
273 981
273 1065
274 369
274 477
274 584
274 644
274 687
274 720
274 726
274 750
274 823
274 848
274 851
274 867
274 900
274 998
274 1005
274 1030
275 428
275 439
275 484
275 631
275 673
275 680
275 743
275 763
275 789
275 854
275 975
275 1056
275 1079
276 358
276 376
276 461
276 500
276 669
276 704
276 755
276 782
276 831
276 897
276 901
276 992
276 1081
277 312
277 356
277 406
277 424
277 496
277 510
277 661
277 719
277 741
277 806
277 836
277 880
277 972
277 981
277 1087
278 382
278 424
278 497
278 506
278 547
278 609
278 617
278 638
278 646
278 653
278 661
278 715
278 787
278 812
278 949
279 283
279 304
279 306
279 329
279 331
279 360
279 431
279 520
279 566
279 618
279 638
279 718
279 747
279 873
279 905
279 989
279 1003
280 519
280 610
280 653
280 661
280 715
280 840
280 845
280 949
280 958
280 994
280 1001
281 359
281 413
281 416
281 524
281 549
281 606
281 632
281 838
281 849
281 893
281 897
281 908
281 930
281 940
281 941
281 985
281 1022
281 1053
282 297
282 324
282 416
282 517
282 547
282 564
282 573
282 665
282 677
282 702
282 750
282 848
282 851
282 877
282 1053
282 1072
282 1085
283 311
283 331
283 375
283 382
283 402
283 462
283 548
283 574
283 618
283 638
283 718
283 832
283 837
283 862
283 873
283 994
283 1003
283 1051
283 1075
284 457
284 592
284 649
284 691
284 776
284 860
284 902
284 1083
285 310
285 341
285 367
285 522
285 523
285 538
285 646
285 727
285 743
285 813
285 828
285 958
285 988
285 990
286 312
286 315
286 350
286 389
286 392
286 401
286 433
286 483
286 515
286 593
286 707
286 760
286 761
286 809
286 834
286 996
286 1024
287 404
287 409
287 559
287 640
287 658
287 696
287 706
287 738
287 755
287 791
287 889
287 903
287 930
287 935
287 999
287 1067
288 297
288 308
288 315
288 326
288 369
288 453
288 455
288 508
288 564
288 577
288 604
288 647
288 657
288 823
288 842
288 851
288 900
288 1072
289 302
289 478
289 498
289 508
289 568
289 581
289 616
289 671
289 721
289 734
289 766
289 885
289 910
290 297
290 337
290 351
290 369
290 602
290 647
290 726
290 803
290 846
290 885
290 907
290 909
290 993
290 1031
290 1035
291 386
291 436
291 485
291 489
291 526
291 542
291 550
291 623
291 641
291 683
291 729
291 764
291 829
291 952
292 293
292 395
292 485
292 576
292 685
292 688
292 712
292 735
292 968
292 983
292 1006
292 1040
292 1043
292 1078
293 480
293 539
293 574
293 688
293 736
293 748
293 832
293 873
293 881
293 917
293 1011
293 1015
293 1040
294 336
294 399
294 423
294 493
294 529
294 562
294 679
294 701
294 716
294 863
294 924
294 976
294 1004
294 1009
294 1033
294 1059
295 304
295 305
295 324
295 390
295 408
295 410
295 525
295 536
295 615
295 658
295 715
295 787
295 960
295 1003
295 1034
295 1085
296 429
296 455
296 459
296 478
296 581
296 654
296 697
296 721
296 808
296 859
296 993
296 1019
297 308
297 351
297 369
297 453
297 665
297 702
297 823
297 842
297 851
297 877
297 900
297 993
297 1031
297 1035
298 365
298 371
298 436
298 454
298 486
298 490
298 510
298 566
298 596
298 648
298 744
298 796
298 827
298 829
298 882
298 911
298 914
299 342
299 368
299 439
299 453
299 464
299 565
299 595
299 770
299 785
299 839
299 904
299 923
299 926
299 933
299 990
299 1005
300 317
300 346
300 349
300 466
300 472
300 501
300 619
300 621
300 757
300 866
300 936
300 977
300 1014
301 328
301 354
301 481
301 486
301 550
301 571
301 625
301 627
301 758
301 771
301 775
301 777
301 808
301 811
301 825
301 922
301 952
302 353
302 384
302 387
302 429
302 459
302 507
302 508
302 581
302 588
302 616
302 714
302 721
302 754
302 881
302 969
302 984
303 334
303 354
303 393
303 452
303 492
303 518
303 524
303 583
303 632
303 696
303 739
303 785
303 799
303 820
303 893
303 908
303 954
303 1027
304 305
304 329
304 408
304 431
304 520
304 556
304 566
304 658
304 776
304 858
304 883
304 885
304 905
304 934
304 960
305 408
305 438
305 442
305 552
305 558
305 570
305 599
305 658
305 723
305 901
305 960
305 999
306 329
306 360
306 397
306 457
306 502
306 521
306 689
306 747
306 862
306 963
306 989
306 1002
306 1052
306 1084
307 389
307 460
307 515
307 541
307 596
307 634
307 697
307 751
307 760
307 794
307 825
307 907
307 992
307 1007
307 1024
308 342
308 385
308 453
308 546
308 560
308 790
308 823
308 842
308 900
308 983
308 998
308 1005
308 1042
309 318
309 447
309 499
309 561
309 591
309 701
309 717
309 722
309 820
309 919
309 962
309 974
309 984
309 991
309 1044
310 355
310 367
310 458
310 584
310 743
310 853
310 854
310 969
310 972
310 990
310 1008
311 375
311 433
311 462
311 555
311 574
311 668
311 724
311 753
311 837
311 944
311 955
311 1011
311 1075
312 350
312 356
312 392
312 406
312 471
312 496
312 510
312 544
312 545
312 629
312 707
312 834
312 972
312 1023
312 1024
313 345
313 351
313 361
313 417
313 451
313 477
313 487
313 502
313 532
313 603
313 604
313 664
313 678
313 685
313 730
313 815
313 843
313 986
314 315
314 327
314 380
314 469
314 480
314 491
314 519
314 646
314 656
314 660
314 742
314 756
314 865
314 917
314 1063
314 1075
315 326
315 327
315 369
315 380
315 433
315 469
315 483
315 515
315 564
315 656
315 657
315 809
315 1072
316 435
316 497
316 506
316 514
316 597
316 608
316 638
316 684
316 700
316 741
316 744
316 822
316 953
316 974
316 1032
317 346
317 347
317 463
317 619
317 625
317 655
317 753
317 779
317 793
317 866
317 929
317 936
317 956
317 1032
318 328
318 499
318 549
318 663
318 665
318 722
318 814
318 846
318 864
318 927
318 941
318 984
318 991
318 1044
319 366
319 390
319 450
319 468
319 513
319 528
319 568
319 592
319 644
319 711
319 790
319 841
319 904
319 906
319 912
319 997
320 349
320 437
320 563
320 574
320 582
320 793
320 879
320 1020
320 1043
321 400
321 405
321 467
321 494
321 556
321 600
321 643
321 650
321 766
321 883
321 905
321 943
321 1055
322 334
322 348
322 362
322 435
322 504
322 523
322 539
322 637
322 698
322 710
322 856
322 878
322 912
322 1075
322 1086
323 356
323 357
323 392
323 393
323 515
323 522
323 601
323 631
323 707
323 713
323 800
323 803
323 847
323 1013
324 390
324 410
324 442
324 517
324 525
324 536
324 564
324 586
324 677
324 787
324 797
324 848
324 924
324 1029
324 1053
325 341
325 363
325 409
325 438
325 444
325 468
325 594
325 611
325 674
325 695
325 774
325 835
325 862
325 920
325 1055
326 327
326 369
326 426
326 564
326 605
326 657
326 663
326 665
326 699
326 708
326 724
326 877
326 909
326 1044
326 1072
327 380
327 414
327 469
327 605
327 656
327 665
327 708
327 724
327 872
327 926
327 932
327 1022
328 455
328 549
328 550
328 625
328 663
328 666
328 758
328 786
328 808
328 811
328 907
328 922
328 927
328 937
328 941
329 339
329 397
329 423
329 431
329 457
329 520
329 566
329 703
329 805
329 902
329 905
329 963
329 1052
330 368
330 381
330 428
330 476
330 624
330 629
330 666
330 667
330 678
330 680
330 732
330 763
330 802
330 887
330 925
330 1068
330 1074
331 355
331 396
331 422
331 608
331 618
331 638
331 673
331 686
331 718
331 780
331 869
331 873
331 915
331 1003
331 1071
331 1083
332 340
332 358
332 372
332 406
332 445
332 463
332 490
332 546
332 672
332 679
332 696
332 700
332 777
332 785
332 821
332 838
332 1001
332 1010
333 409
333 412
333 480
333 525
333 561
333 562
333 569
333 573
333 659
333 681
333 792
333 890
333 918
333 982
333 985
333 1062
334 348
334 435
334 452
334 504
334 530
334 583
334 637
334 782
334 785
334 794
334 822
334 893
334 964
334 1009
334 1054
335 496
335 537
335 555
335 578
335 659
335 675
335 806
335 819
335 864
335 888
335 956
335 1016
335 1058
335 1066
336 372
336 398
336 432
336 529
336 588
336 659
336 672
336 679
336 748
336 821
336 924
336 1000
336 1009
336 1032
336 1060
337 513
337 613
337 726
337 773
337 803
337 809
337 823
337 867
337 885
337 886
337 1030
337 1079
338 361
338 364
338 402
338 407
338 427
338 531
338 619
338 629
338 687
338 694
338 769
338 774
338 876
338 987
338 1052
339 410
339 423
339 450
339 624
339 652
339 703
339 737
339 805
339 902
339 945
339 975
339 989
339 1036
339 1083
340 445
340 447
340 463
340 560
340 679
340 690
340 700
340 719
340 821
340 886
340 904
340 1000
340 1049
340 1060
341 363
341 407
341 438
341 470
341 537
341 538
341 589
341 594
341 727
341 813
341 828
341 862
341 978
341 1087
342 446
342 464
342 546
342 560
342 565
342 637
342 790
342 802
342 839
342 841
342 923
342 926
342 990
342 998
342 1056
343 379
343 446
343 595
343 611
343 701
343 711
343 818
343 856
343 961
343 964
343 988
343 1055
344 358
344 421
344 445
344 448
344 452
344 461
344 500
344 672
344 762
344 794
344 844
344 933
344 1010
344 1047
345 351
345 477
345 493
345 517
345 585
345 604
345 645
345 765
345 805
345 875
345 900
345 921
345 942
345 986
345 1030
346 503
346 542
346 619
346 621
346 633
346 698
346 861
346 866
346 896
346 936
346 957
346 997
346 1045
346 1048
347 408
347 463
347 465
347 571
347 625
347 655
347 682
347 709
347 749
347 779
347 786
347 811
347 927
347 956
347 1032
348 435
348 504
348 514
348 623
348 636
348 637
348 688
348 731
348 793
348 812
348 833
348 914
348 953
348 1003
349 437
349 472
349 501
349 512
349 526
349 554
349 563
349 621
349 757
349 912
349 957
349 977
349 1014
350 356
350 392
350 420
350 427
350 490
350 662
350 670
350 693
350 707
350 732
350 834
350 981
350 1024
351 369
351 477
351 577
351 604
351 606
351 614
351 772
351 861
351 986
351 993
351 1031
351 1035
352 370
352 375
352 380
352 509
352 572
352 582
352 641
352 688
352 731
352 753
352 779
352 889
352 895
352 936
352 990
352 1016
353 383
353 384
353 387
353 429
353 499
353 591
353 663
353 717
353 896
353 970
353 977
353 984
353 1042
354 393
354 488
354 518
354 524
354 739
354 771
354 772
354 775
354 777
354 882
354 952
354 954
354 966
354 1036
354 1077
355 433
355 458
355 538
355 584
355 607
355 673
355 686
355 853
355 854
355 869
355 874
355 1018
355 1071
355 1083
356 406
356 420
356 427
356 496
356 510
356 515
356 662
356 732
356 800
356 803
356 972
357 392
357 419
357 568
357 595
357 613
357 631
357 649
357 667
357 728
357 795
357 841
357 855
357 1013
357 1036
357 1047
358 372
358 376
358 546
358 782
358 785
358 831
358 844
358 992
358 1010
358 1047
359 377
359 413
359 524
359 549
359 573
359 626
359 632
359 704
359 838
359 893
359 908
359 930
359 941
359 1069
359 1080
360 437
360 528
360 554
360 570
360 579
360 675
360 698
360 747
360 773
360 891
360 906
360 989
360 1029
361 427
361 451
361 487
361 502
361 603
361 629
361 678
361 769
361 774
361 799
361 815
361 968
361 1061
362 474
362 523
362 530
362 554
362 583
362 636
362 710
362 725
362 770
362 837
362 856
362 917
362 953
362 997
363 366
363 438
363 444
363 466
363 594
363 676
363 752
363 816
363 862
363 903
363 982
363 1038
364 402
364 437
364 520
364 597
364 694
364 738
364 759
364 860
364 870
364 871
364 876
364 1002
364 1052
364 1057
365 371
365 411
365 502
365 566
365 618
365 709
365 744
365 747
365 768
365 882
365 890
365 913
365 934
365 1021
366 402
366 430
366 444
366 468
366 611
366 711
366 752
366 841
366 884
366 903
366 906
366 943
366 980
366 982
366 1039
367 377
367 484
367 495
367 505
367 509
367 555
367 645
367 743
367 902
367 990
367 1022
367 1037
368 439
368 476
368 513
368 595
368 620
368 624
368 763
368 770
368 802
368 1025
368 1056
368 1074
369 564
369 657
369 687
369 851
369 993
369 998
369 1005
369 1030
369 1031
369 1035
369 1072
370 375
370 435
370 473
370 509
370 531
370 582
370 636
370 729
370 731
370 827
370 911
370 1009
370 1016
370 1050
371 425
371 434
371 488
371 518
371 525
371 566
371 614
371 737
371 744
371 775
371 882
371 895
371 931
372 432
372 445
372 492
372 510
372 546
372 670
372 672
372 785
372 930
372 1000
372 1010
372 1032
372 1060
373 423
373 477
373 495
373 547
373 612
373 689
373 761
373 815
373 863
373 921
373 942
373 963
373 1021
373 1026
373 1034
373 1051
373 1073
374 405
374 415
374 430
374 474
374 478
374 553
374 556
374 600
374 734
374 757
374 797
374 878
374 973
374 1049
375 462
375 509
375 574
375 708
375 731
375 837
375 946
375 1011
375 1016
375 1018
375 1019
375 1075
376 391
376 415
376 419
376 448
376 540
376 541
376 714
376 762
376 782
376 831
376 847
376 954
376 992
376 1017
376 1081
377 469
377 484
377 495
377 505
377 511
377 549
377 565
377 573
377 605
377 626
377 645
377 908
377 962
377 1022
377 1037
377 1058
378 503
378 529
378 531
378 589
378 619
378 694
378 731
378 769
378 779
378 796
378 842
378 929
378 957
378 1014
378 1054
379 516
379 553
379 580
379 691
379 701
379 843
379 916
379 928
379 959
379 961
379 964
379 1006
379 1020
379 1041
380 425
380 469
380 582
380 656
380 688
380 699
380 779
380 864
380 882
380 895
380 936
380 1062
381 417
381 428
381 451
381 561
381 666
381 678
381 745
381 804
381 828
381 880
381 887
381 892
381 986
381 1021
381 1068
381 1084
382 402
382 426
382 482
382 548
382 646
382 653
382 661
382 832
382 846
382 862
382 945
382 994
382 1051
383 395
383 449
383 452
383 453
383 499
383 532
383 628
383 683
383 752
383 771
383 774
383 830
383 977
383 998
383 1042
384 387
384 429
384 654
384 710
384 729
384 739
384 775
384 847
384 893
384 914
384 965
384 966
384 984
384 988
384 1027
385 395
385 544
385 545
385 628
385 642
385 713
385 979
385 983
385 1005
385 1040
385 1042
386 421
386 460
386 485
386 550
386 653
386 759
386 760
386 777
386 778
386 782
386 829
386 1007
386 1081
387 429
387 534
387 545
387 587
387 610
387 624
387 662
387 733
387 789
387 836
387 894
387 923
387 984
388 481
388 596
388 622
388 627
388 651
388 695
388 713
388 720
388 749
388 922
388 951
388 960
388 1013
388 1038
389 401
389 460
389 486
389 541
389 593
389 602
389 651
389 760
389 761
389 794
389 937
389 992
389 996
389 1007
390 410
390 450
390 525
390 536
390 557
390 568
390 592
390 703
390 787
390 790
390 904
390 967
391 419
391 422
391 429
391 457
391 540
391 607
391 616
391 639
391 714
391 748
391 754
391 762
391 798
391 847
391 870
391 954
392 631
392 707
392 800
392 834
392 852
392 954
392 1013
392 1024
393 448
393 518
393 522
393 524
393 533
393 601
393 707
393 713
393 728
393 739
393 754
393 831
393 847
393 954
394 404
394 472
394 489
394 492
394 551
394 593
394 597
394 640
394 676
394 695
394 706
394 733
394 768
394 784
394 838
394 950
394 999
394 1046
395 453
395 544
395 545
395 576
395 628
395 685
395 713
395 752
395 774
395 830
395 968
395 983
395 998
395 1043
396 420
396 422
396 432
396 463
396 514
396 544
396 608
396 684
396 738
396 780
396 869
396 874
396 915
396 950
396 969
397 457
397 631
397 635
397 652
397 686
397 714
397 783
397 860
397 870
397 963
397 1008
397 1052
398 418
398 475
398 588
398 656
398 659
398 748
398 821
398 836
398 845
398 857
398 865
398 971
398 1067
399 412
399 535
399 562
399 567
399 609
399 701
399 792
399 805
399 835
399 863
399 903
399 976
399 1004
399 1033
399 1073
400 467
400 485
400 565
400 600
400 708
400 766
400 858
400 869
400 872
400 897
400 905
400 955
400 995
400 1080
400 1082
401 443
401 593
401 640
401 648
401 736
401 760
401 761
401 764
401 824
401 913
401 938
401 996
401 1046
402 430
402 548
402 611
402 694
402 832
402 862
402 876
402 884
402 943
402 980
402 994
402 1039
402 1051
402 1052
403 422
403 470
403 471
403 507
403 538
403 594
403 608
403 673
403 783
403 853
403 874
403 1028
404 491
404 492
404 559
404 597
404 658
404 669
404 791
404 835
404 838
404 889
404 950
404 982
404 999
404 1046
405 415
405 478
405 643
405 725
405 734
405 797
405 883
405 939
405 977
405 980
405 1049
405 1055
405 1086
406 454
406 473
406 490
406 496
406 510
406 651
406 670
406 672
406 696
406 777
406 825
406 838
406 972
406 1001
407 470
407 531
407 537
407 589
407 619
407 655
407 687
407 697
407 781
407 978
407 987
407 1087
408 481
408 620
408 658
408 674
408 676
408 709
408 749
408 811
408 960
408 1082
409 468
409 562
409 611
409 681
409 755
409 774
409 792
409 835
409 903
409 918
409 935
409 982
409 999
409 1067
410 450
410 525
410 536
410 560
410 649
410 671
410 737
410 787
410 906
410 945
410 967
410 989
410 1036
411 425
411 436
411 443
411 454
411 488
411 506
411 566
411 618
411 747
411 784
411 815
411 817
411 833
411 934
411 1084
412 416
412 525
412 567
412 569
412 626
412 659
412 660
412 835
412 890
412 892
412 903
412 918
412 919
412 1004
412 1062
413 487
413 524
413 563
413 576
413 591
413 642
413 722
413 799
413 807
413 820
413 838
413 892
413 893
413 925
413 930
414 469
414 494
414 590
414 605
414 657
414 756
414 872
414 877
414 895
414 926
414 932
414 946
414 955
414 1022
415 448
415 478
415 541
415 667
415 797
415 859
415 910
415 947
415 1010
415 1017
415 1049
415 1081
416 517
416 547
416 573
416 626
416 632
416 660
416 750
416 892
416 918
416 919
416 940
416 941
416 985
416 1022
416 1072
416 1085
417 532
417 577
417 585
417 603
417 664
417 685
417 720
417 730
417 745
417 843
417 921
417 986
417 1021
417 1035
417 1084
418 449
418 474
418 475
418 587
418 690
418 705
418 730
418 742
418 836
418 845
418 865
418 880
418 948
418 971
418 1086
419 533
419 540
419 568
419 576
419 590
419 649
419 667
419 714
419 728
419 762
419 847
419 855
419 954
419 1047
419 1063
420 427
420 471
420 544
420 628
420 662
420 732
420 874
420 969
420 983
420 1023
421 448
421 460
421 461
421 500
421 504
421 529
421 583
421 760
421 762
421 778
421 782
421 794
421 992
421 1010
421 1050
421 1081
422 457
422 607
422 608
422 639
422 673
422 754
422 780
422 783
422 853
422 869
422 870
422 915
423 477
423 493
423 495
423 562
423 689
423 703
423 716
423 805
423 902
423 921
423 1004
423 1026
423 1059
423 1073
424 447
424 497
424 506
424 609
424 684
424 715
424 741
424 806
424 807
424 880
424 964
424 1065
424 1087
425 436
425 454
425 488
425 506
425 518
425 614
425 699
425 737
425 775
425 833
425 864
425 882
425 931
425 1062
426 482
426 663
426 699
426 814
426 846
426 877
426 887
426 909
426 937
426 945
426 1031
426 1044
427 428
427 563
427 629
427 662
427 732
427 769
427 774
427 947
427 1047
427 1061
427 1074
428 439
428 563
428 666
428 678
428 680
428 789
428 854
428 887
428 947
428 975
428 1047
428 1056
428 1061
428 1068
428 1074
429 455
429 459
429 478
429 616
429 748
429 798
429 984
429 993
430 474
430 611
430 681
430 757
430 809
430 878
430 884
430 899
430 943
430 973
430 980
430 1006
430 1012
430 1039
431 462
431 520
431 528
431 557
431 566
431 618
431 747
431 780
431 812
431 832
431 905
431 945
431 963
431 1002
432 463
432 514
432 672
432 682
432 684
432 700
432 738
432 811
432 850
432 929
432 936
432 950
432 1000
432 1032
432 1060
433 483
433 515
433 538
433 607
433 724
433 809
433 874
433 944
433 955
433 1018
434 450
434 488
434 525
434 586
434 615
434 677
434 709
434 817
434 819
434 895
434 918
434 967
434 1062
435 504
435 506
435 582
435 636
435 637
435 638
435 684
435 729
435 744
435 911
435 953
436 454
436 486
436 488
436 489
436 490
436 506
436 510
436 596
436 623
436 729
436 764
436 796
436 827
436 833
437 528
437 563
437 570
437 579
437 597
437 675
437 738
437 759
437 891
437 1029
437 1057
438 552
438 558
438 559
438 594
438 723
438 736
438 862
438 888
438 891
438 999
439 543
439 595
439 644
439 680
439 735
439 770
439 773
439 789
439 802
439 854
439 951
439 975
439 1056
439 1082
440 443
440 449
440 482
440 527
440 603
440 645
440 664
440 768
440 781
440 824
440 843
440 863
440 916
440 979
440 986
440 1026
440 1041
440 1048
441 446
441 483
441 613
441 687
441 726
441 737
441 790
441 842
441 855
441 886
441 971
441 1000
441 1012
442 570
442 586
442 599
442 797
442 810
442 868
442 888
442 901
442 924
442 1029
442 1057
443 566
443 640
443 645
443 648
443 764
443 768
443 784
443 815
443 817
443 843
443 863
443 913
443 1026
443 1046
443 1084
444 470
444 521
444 552
444 559
444 674
444 695
444 752
444 813
444 903
444 920
444 982
444 1051
444 1055
445 452
445 463
445 492
445 510
445 670
445 672
445 679
445 700
445 821
445 930
445 933
446 464
446 595
446 611
446 637
446 737
446 802
446 841
446 855
446 856
446 886
446 1056
447 561
447 684
447 717
447 719
447 807
447 820
447 919
447 964
447 974
447 1000
447 1049
447 1065
448 461
448 500
448 533
448 541
448 728
448 754
448 762
448 794
448 831
448 1010
448 1017
448 1081
449 452
449 474
449 527
449 532
449 603
449 683
449 705
449 730
449 771
449 880
449 948
449 979
449 986
449 1041
449 1086
450 568
450 586
450 592
450 615
450 677
450 737
450 790
450 904
450 945
450 967
450 989
450 1036
450 1062
451 487
451 502
451 561
451 603
451 678
451 680
451 745
451 767
451 804
451 815
451 828
451 880
451 892
451 1074
452 532
452 583
452 672
452 683
452 771
452 785
452 893
452 933
453 464
453 628
453 752
453 774
453 785
453 823
453 830
453 842
453 900
453 904
453 933
453 998
453 1005
454 473
454 488
454 506
454 648
454 651
454 670
454 825
454 829
454 833
454 911
454 914
455 459
455 478
455 508
455 577
455 604
455 647
455 666
455 786
455 851
455 907
455 937
455 993
456 543
456 609
456 633
456 641
456 716
456 723
456 771
456 791
456 827
456 829
456 1064
457 607
457 639
457 754
457 860
457 870
457 963
457 1052
457 1083
458 496
458 507
458 572
458 584
458 639
458 693
458 743
458 853
458 854
458 1037
459 478
459 499
459 507
459 588
459 616
459 714
459 739
459 754
459 881
459 894
459 965
459 969
459 970
459 993
460 486
460 515
460 602
460 651
460 751
460 760
460 778
460 782
460 937
460 1024
460 1081
461 479
461 500
461 541
461 598
461 669
461 704
461 755
461 762
461 778
461 794
461 897
461 901
461 924
461 1010
462 521
462 574
462 747
462 780
462 812
462 832
462 837
462 873
462 876
462 884
462 1075
463 514
463 625
463 655
463 679
463 684
463 700
463 738
463 779
463 821
463 950
463 956
463 1032
464 511
464 572
464 637
464 785
464 788
464 802
464 841
464 872
464 904
464 933
464 1005
464 1056
465 550
465 571
465 581
465 634
465 682
465 712
465 786
465 808
465 927
465 944
465 1007
466 599
466 622
466 676
466 788
466 816
466 920
466 923
466 1038
467 511
467 600
467 620
467 704
467 712
467 724
467 766
467 849
467 858
467 905
467 915
467 926
467 946
467 951
467 1071
468 548
468 575
468 611
468 650
468 711
468 774
468 835
468 841
468 876
468 906
468 973
469 494
469 511
469 565
469 590
469 605
469 656
469 877
469 946
469 955
469 962
469 1058
470 521
470 537
470 552
470 559
470 589
470 594
470 813
470 874
470 978
470 1028
470 1051
470 1087
471 507
471 538
471 544
471 545
471 608
471 628
471 629
471 662
471 983
471 1023
472 501
472 551
472 621
472 640
472 676
472 695
472 733
472 740
472 757
472 764
472 791
472 861
472 898
472 977
472 1014
473 531
473 535
473 651
473 670
473 735
473 796
473 825
473 827
473 1009
473 1025
473 1050
474 554
474 705
474 725
474 730
474 757
474 837
474 878
474 880
474 917
474 948
474 973
474 997
474 1086
475 527
475 532
475 725
475 746
475 804
475 836
475 845
475 865
475 878
475 948
475 971
475 1063
476 624
476 685
476 686
476 703
476 746
476 763
476 789
476 802
476 894
476 975
476 979
476 1023
476 1074
477 495
477 604
477 689
477 720
477 750
477 823
477 848
477 921
477 986
477 1026
477 1073
478 568
478 671
478 766
478 797
478 885
478 993
478 1049
479 498
479 536
479 541
479 570
479 598
479 677
479 778
479 821
479 868
479 924
479 976
479 1049
479 1050
479 1054
479 1059
480 491
480 561
480 573
480 574
480 660
480 736
480 748
480 756
480 865
480 881
480 985
480 1015
481 486
481 571
481 620
481 622
481 627
481 674
481 676
481 720
481 825
481 1013
481 1082
482 503
482 664
482 781
482 824
482 846
482 898
482 916
482 945
482 959
482 991
482 1048
483 515
483 567
483 580
483 687
483 726
483 809
483 842
483 973
483 980
483 1012
483 1078
484 495
484 505
484 509
484 555
484 631
484 645
484 902
484 1022
484 1037
485 550
485 708
485 712
485 735
485 829
485 858
485 869
485 955
485 995
485 1006
485 1078
486 490
486 510
486 571
486 596
486 602
486 627
486 651
486 796
486 825
486 827
486 937
487 502
487 563
487 576
487 603
487 642
487 678
487 694
487 732
487 752
487 815
487 820
487 925
487 987
488 506
488 525
488 772
488 833
488 882
488 895
488 966
488 1036
488 1077
489 501
489 551
489 593
489 623
489 648
489 706
489 723
489 729
489 764
489 768
489 784
489 889
489 1045
490 510
490 596
490 670
490 672
490 693
490 696
490 777
490 796
490 827
490 838
490 981
490 1001
491 548
491 660
491 669
491 756
491 769
491 835
491 865
491 871
491 884
491 982
491 987
491 1067
492 510
492 597
492 632
492 670
492 696
492 799
492 820
492 838
492 908
492 930
492 950
492 999
492 1027
492 1046
493 520
493 562
493 645
493 716
493 805
493 875
493 942
493 1004
493 1059
493 1073
494 540
494 556
494 590
494 642
494 650
494 728
494 742
494 877
494 943
494 946
494 955
494 968
495 505
495 612
495 645
495 664
495 689
495 784
495 875
495 913
495 921
495 1022
495 1026
495 1037
495 1041
495 1073
496 507
496 510
496 639
496 659
496 693
496 743
496 819
496 956
496 972
497 506
497 514
497 537
497 609
497 705
497 715
497 741
497 804
497 822
497 974
497 981
497 1065
498 536
498 570
498 677
498 734
498 797
498 807
498 868
498 910
498 974
498 1049
498 1060
499 616
499 722
499 739
499 894
499 965
499 970
499 977
499 984
499 991
499 1042
499 1044
500 599
500 762
500 794
500 826
500 849
500 935
500 1010
500 1080
500 1081
501 534
501 551
501 621
501 648
501 674
501 706
501 723
501 740
501 757
501 801
501 889
501 977
501 1014
501 1038
501 1045
501 1046
502 521
502 603
502 678
502 689
502 709
502 768
502 815
502 862
502 890
502 913
502 1002
502 1021
502 1084
503 531
503 542
503 621
503 633
503 698
503 779
503 898
503 929
503 957
503 959
503 991
503 997
503 1014
504 524
504 529
504 530
504 546
504 583
504 637
504 933
504 992
504 1027
504 1050
505 635
505 645
505 668
505 763
505 854
505 887
505 1016
505 1022
505 1037
506 609
506 638
506 684
506 715
506 744
506 833
506 953
507 538
507 588
507 608
507 639
507 693
507 714
507 743
507 754
507 881
507 969
508 577
508 581
508 602
508 604
508 616
508 647
508 721
508 758
508 767
508 851
508 927
508 993
508 1068
509 555
509 668
509 699
509 731
509 902
509 932
509 962
509 1016
510 596
510 670
510 796
510 827
510 930
510 972
511 565
511 572
511 605
511 620
511 704
511 788
511 849
511 858
511 872
511 926
511 951
511 962
511 1058
512 526
512 551
512 554
512 579
512 621
512 740
512 866
512 912
512 925
512 939
512 957
512 1057
512 1061
513 528
513 620
513 644
513 773
513 823
513 912
513 997
513 1025
513 1030
513 1056
513 1079
514 636
514 684
514 738
514 741
514 812
514 822
514 833
514 950
514 974
514 1003
515 751
515 800
515 803
515 809
515 1024
516 589
516 593
516 634
516 781
516 824
516 843
516 850
516 928
516 944
516 956
516 959
516 1015
516 1019
516 1041
517 547
517 564
517 573
517 585
517 677
517 750
517 765
517 848
517 900
517 921
517 1030
517 1053
517 1072
517 1085
518 524
518 571
518 614
518 683
518 737
518 739
518 775
518 922
518 931
518 954
518 966
518 1001
518 1064
519 601
519 646
519 710
519 715
519 742
519 818
519 852
519 917
519 949
519 958
519 994
519 1063
519 1075
520 566
520 860
520 870
520 871
520 905
520 1002
520 1073
521 552
521 559
521 689
521 813
521 862
521 873
521 876
521 884
521 1002
521 1051
521 1084
522 523
522 584
522 601
522 646
522 707
522 713
522 847
522 852
522 958
522 988
522 1068
522 1079
523 623
523 646
523 710
523 818
523 856
523 911
523 958
523 965
523 988
523 1070
524 530
524 546
524 739
524 838
524 893
524 930
524 933
524 954
524 1027
525 536
525 569
525 659
525 787
525 890
525 895
525 1062
526 542
526 554
526 578
526 614
526 630
526 633
526 641
526 683
526 912
526 952
526 957
526 978
526 1077
527 532
527 603
527 725
527 730
527 804
527 830
527 878
527 952
527 979
527 986
527 1041
527 1042
527 1064
528 557
528 570
528 579
528 618
528 644
528 675
528 891
528 912
528 945
528 963
528 997
528 1002
528 1029
529 583
529 619
529 679
529 731
529 796
529 924
529 992
529 1009
529 1050
529 1054
530 546
530 583
530 636
530 770
530 782
530 794
530 822
530 933
530 953
530 964
530 1009
530 1027
530 1054
531 619
531 687
531 779
531 827
531 929
531 957
531 987
531 1009
531 1014
531 1050
532 664
532 683
532 685
532 725
532 730
532 771
532 804
532 843
532 878
533 540
533 576
533 590
533 592
533 671
533 728
533 754
533 795
533 831
533 947
533 1063
534 610
534 650
534 674
534 706
534 733
534 740
534 755
534 801
534 836
534 894
534 923
534 1020
534 1038
534 1039
534 1046
535 609
535 716
535 735
535 741
535 744
535 792
535 796
535 805
535 833
535 949
535 976
535 1025
535 1065
535 1073
536 570
536 586
536 606
536 677
536 702
536 750
536 765
536 787
536 868
536 1049
536 1069
536 1072
537 578
537 589
537 675
537 705
537 804
537 806
537 888
537 978
537 981
537 1065
537 1087
538 607
538 608
538 727
538 813
538 828
538 874
538 1018
539 656
539 698
539 756
539 832
539 837
539 873
539 878
539 912
539 917
539 958
539 1011
539 1075
539 1086
540 592
540 642
540 671
540 714
540 728
540 742
540 762
540 795
540 847
540 947
540 954
540 968
541 598
541 778
541 794
541 924
541 992
541 1007
541 1017
541 1081
542 621
542 633
542 641
542 683
542 692
542 698
542 772
542 931
542 952
542 997
543 580
543 609
543 641
543 644
543 716
543 735
543 773
543 802
543 827
543 899
543 951
543 1025
543 1040
543 1043
543 1082
544 545
544 629
544 713
544 874
544 969
544 1023
545 587
545 624
545 629
545 662
545 713
545 789
545 1023
546 560
546 785
546 790
546 933
546 998
546 1010
546 1027
547 573
547 612
547 617
547 638
547 750
547 761
547 787
547 812
547 863
547 949
547 1034
547 1072
547 1085
548 575
548 650
548 769
548 832
548 862
548 871
548 876
548 884
548 973
548 987
548 994
548 1051
548 1067
549 573
549 606
549 626
549 663
549 849
549 897
549 908
549 927
549 940
549 941
549 1053
550 581
550 625
550 634
550 758
550 808
550 811
550 829
550 922
550 944
551 640
551 648
551 676
551 695
551 723
551 733
551 740
551 866
551 889
551 939
551 1045
552 558
552 559
552 654
552 675
552 723
552 810
552 813
552 938
552 999
552 1015
552 1051
552 1070
553 556
553 580
553 600
553 643
553 691
553 734
553 816
553 866
553 896
553 916
553 920
553 991
553 1006
553 1014
553 1020
554 698
554 725
554 773
554 837
554 906
554 912
554 917
554 957
554 997
555 668
555 753
555 864
555 902
555 1011
555 1016
555 1058
555 1066
556 600
556 650
556 734
556 776
556 858
556 883
556 885
556 934
556 943
557 618
557 703
557 814
557 909
557 945
557 959
557 963
557 967
557 989
557 994
557 1002
557 1048
558 615
558 637
558 658
558 723
558 749
558 770
558 787
558 826
558 868
558 905
558 934
558 999
558 1029
559 658
559 736
559 791
559 813
559 888
559 889
559 891
559 1051
560 649
560 671
560 690
560 790
560 886
560 904
560 906
560 967
560 998
560 1060
561 573
561 717
561 804
561 820
561 828
561 880
561 892
561 919
561 974
561 985
562 681
562 701
562 716
562 792
562 863
562 918
562 976
562 982
562 1004
562 1033
562 1059
563 576
563 642
563 820
563 925
563 947
563 1047
563 1061
563 1074
564 617
564 626
564 657
564 677
564 702
564 765
564 848
564 985
564 1034
564 1053
564 1072
565 605
565 839
565 872
565 897
565 923
565 926
565 962
565 990
565 1058
565 1080
565 1082
566 744
566 784
566 815
566 817
566 882
566 905
566 1084
567 580
567 681
567 727
567 835
567 903
567 973
567 980
567 996
567 1004
567 1078
568 592
568 649
568 667
568 671
568 728
568 766
568 790
568 855
568 885
568 904
568 1047
569 655
569 659
569 679
569 693
569 798
569 819
569 850
569 857
569 865
569 881
569 890
569 972
569 1062
569 1066
570 579
570 599
570 675
570 677
570 868
570 891
570 901
570 1029
570 1049
571 627
571 682
571 683
571 786
571 825
571 922
571 927
571 966
571 1001
571 1064
572 641
572 753
572 788
572 872
572 889
572 990
572 1037
573 626
573 750
573 908
573 985
573 1072
573 1085
574 582
574 736
574 748
574 793
574 837
574 881
574 1015
574 1043
574 1075
575 590
575 600
575 630
575 650
575 669
575 691
575 733
575 801
575 876
575 879
575 883
575 935
575 943
575 973
575 1039
576 590
576 642
576 685
576 820
576 925
576 968
576 983
576 1043
576 1063
577 585
577 603
577 604
577 606
577 614
577 647
577 720
577 772
577 851
577 861
577 921
577 1035
578 594
578 614
578 630
578 633
578 675
578 692
578 806
578 813
578 888
578 978
578 1077
579 621
579 675
579 840
579 871
579 891
579 925
579 950
579 1029
579 1052
579 1057
579 1061
580 691
580 899
580 916
580 973
580 980
580 1006
580 1020
580 1025
580 1040
580 1043
580 1078
581 616
581 634
581 654
581 721
581 859
581 944
582 636
582 688
582 729
582 779
582 793
582 895
582 911
582 936
582 1043
583 636
583 770
583 785
583 893
583 953
583 992
583 1050
584 644
584 726
584 852
584 853
584 854
584 867
584 900
584 1068
584 1079
585 603
585 627
585 720
585 765
585 803
585 834
585 900
585 921
585 1030
585 1035
585 1076
586 606
586 615
586 677
586 702
586 750
586 765
586 797
586 924
586 967
586 1029
586 1062
586 1069
586 1072
587 624
587 662
587 690
587 742
587 746
587 751
587 761
587 789
587 828
587 971
587 1028
588 659
588 660
588 714
588 748
588 754
588 798
588 821
588 881
588 938
588 969
589 634
589 694
589 769
589 824
589 842
589 850
589 956
589 978
589 1087
590 600
590 630
590 877
590 883
590 946
590 955
590 1039
590 1063
591 663
591 701
591 717
591 722
591 799
591 807
591 892
591 896
591 962
591 970
592 649
592 671
592 776
592 790
592 795
592 904
592 947
593 706
593 760
593 761
593 768
593 781
593 784
593 944
593 996
593 1015
593 1019
594 692
594 806
594 813
594 862
594 874
594 1028
595 611
595 613
595 770
595 795
595 841
595 856
595 1036
596 634
596 651
596 697
596 713
596 760
596 796
596 825
596 827
596 907
596 922
597 608
597 700
597 738
597 759
597 838
597 950
597 999
597 1032
597 1046
597 1057
598 721
598 758
598 778
598 786
598 844
598 924
598 940
598 1017
598 1044
598 1070
599 622
599 788
599 826
599 849
599 901
599 920
599 923
599 935
599 1080
600 630
600 734
600 766
600 883
600 905
600 1039
601 639
601 666
601 707
601 710
601 713
601 767
601 818
601 847
601 852
601 1008
602 647
602 651
602 758
602 767
602 846
602 907
602 909
602 927
602 937
602 993
602 1068
603 678
603 720
603 815
603 921
603 979
603 986
603 1035
603 1041
604 647
604 851
604 898
604 931
604 986
604 1035
604 1045
604 1053
604 1069
604 1077
605 657
605 665
605 708
605 724
605 756
605 895
605 962
605 1058
606 614
606 702
606 750
606 765
606 772
606 849
606 861
606 897
606 908
606 940
606 1053
606 1069
606 1072
607 639
607 718
607 754
607 783
607 870
607 874
607 995
607 1018
607 1071
608 700
608 780
608 869
608 915
608 1032
609 641
609 715
609 716
609 792
609 805
609 827
609 976
609 1073
610 653
610 690
610 733
610 836
610 845
610 857
610 894
610 923
610 948
611 774
611 835
611 856
611 884
611 943
611 980
611 1039
612 664
612 761
612 784
612 792
612 863
612 875
612 913
612 961
612 1004
612 1034
612 1041
612 1059
613 790
613 795
613 809
613 841
613 867
613 886
613 971
613 1000
613 1036
614 630
614 633
614 737
614 772
614 775
614 861
614 931
614 978
614 1077
615 677
615 715
615 749
615 787
615 905
615 934
615 967
615 1003
615 1034
615 1062
615 1085
616 721
616 739
616 748
616 798
616 894
616 965
616 970
617 626
617 638
617 689
617 702
617 751
617 765
617 787
617 812
617 848
617 942
617 949
617 985
617 996
617 1034
617 1085
618 638
618 718
618 747
618 873
618 934
618 945
618 963
618 1002
618 1003
619 687
619 731
619 796
619 866
619 936
619 987
619 1054
620 674
620 676
620 704
620 849
620 858
620 926
620 951
620 1025
620 1056
620 1082
621 633
621 698
621 757
621 925
621 977
621 997
621 1014
621 1057
621 1061
622 635
622 707
622 720
622 788
622 795
622 800
622 855
622 920
622 923
622 1013
622 1076
623 688
623 729
623 731
623 764
623 793
623 818
623 911
623 914
623 953
623 965
623 1070
624 652
624 662
624 763
624 789
624 802
624 975
624 1074
624 1083
625 655
625 682
625 758
625 759
625 779
625 808
625 811
625 817
625 840
625 890
625 922
625 956
625 960
625 1032
626 660
626 702
626 765
626 848
626 892
626 908
626 918
626 919
626 985
626 1034
627 695
627 749
627 803
627 825
627 834
627 951
627 960
627 1038
627 1076
628 642
628 662
628 752
628 774
628 830
628 979
628 983
628 998
628 1023
628 1040
629 667
629 680
629 732
629 769
629 774
629 925
629 1023
630 633
630 717
630 722
630 883
630 932
630 961
630 978
630 1033
630 1039
630 1058
630 1077
631 635
631 652
631 686
631 870
631 1013
632 696
632 704
632 799
632 820
632 908
632 940
632 941
632 985
632 1022
632 1027
632 1069
632 1080
633 698
633 771
633 829
633 978
633 997
633 1064
633 1077
634 697
634 760
634 824
634 825
634 850
634 907
634 944
634 956
635 652
635 686
635 707
635 763
635 795
635 800
635 854
635 855
635 870
635 887
635 1076
636 729
636 770
636 812
636 833
636 911
636 953
636 1003
637 658
637 770
637 802
637 826
637 841
637 868
637 1029
637 1056
638 684
638 718
638 744
638 787
638 812
638 873
638 949
638 953
638 1003
639 666
639 693
639 743
639 754
639 767
639 870
639 1008
640 648
640 676
640 695
640 696
640 706
640 733
640 738
640 764
640 913
640 930
640 1046
641 683
641 716
641 753
641 827
641 889
641 952
641 990
642 728
642 742
642 820
642 925
642 968
642 979
642 1040
643 816
643 866
643 879
643 883
643 896
643 899
643 920
643 928
643 991
643 1014
643 1055
643 1078
644 726
644 735
644 773
644 802
644 867
644 900
644 912
644 951
644 997
644 1082
645 768
645 805
645 843
645 863
645 875
645 942
645 1022
645 1026
645 1037
646 653
646 661
646 742
646 917
646 958
646 988
646 1063
646 1075
647 766
647 776
647 834
647 846
647 851
647 867
647 907
647 909
647 1031
648 723
648 764
648 829
648 889
648 911
648 913
648 914
648 1045
648 1046
649 667
649 671
649 728
649 776
649 855
649 906
649 967
649 1047
650 755
650 876
650 943
650 973
650 1020
650 1039
651 670
651 713
651 825
651 922
651 937
652 686
652 718
652 780
652 853
652 870
652 915
652 975
652 995
652 1083
653 661
653 759
653 777
653 845
653 1007
654 675
654 710
654 729
654 739
654 810
654 859
654 914
654 938
654 988
654 1015
654 1070
655 693
655 697
655 779
655 781
655 850
655 956
655 972
655 1032
655 1066
656 756
656 837
656 857
656 958
656 1067
657 756
657 895
657 1012
657 1018
657 1024
657 1072
658 770
658 791
658 826
658 868
658 889
658 960
658 1029
659 748
659 819
659 821
659 890
659 956
659 1062
660 756
660 798
660 865
660 892
660 918
660 919
660 938
661 719
661 836
661 840
661 981
661 1001
662 732
662 789
662 983
662 1023
663 699
663 717
663 877
663 896
663 909
663 927
663 941
663 970
663 1044
664 685
664 730
664 781
664 784
664 824
664 843
664 875
664 913
664 916
664 1041
664 1048
665 702
665 708
665 724
665 814
665 846
665 851
665 864
665 877
666 678
666 767
666 786
666 887
666 907
666 937
666 1008
666 1068
667 680
667 728
667 732
667 855
667 859
667 910
667 925
667 947
667 1010
667 1017
667 1047
668 699
668 753
668 932
668 962
668 1011
668 1016
668 1037
669 691
669 704
669 733
669 755
669 801
669 835
669 879
669 897
669 901
669 935
669 943
669 982
670 693
670 825
670 930
670 981
671 766
671 795
671 885
671 906
671 947
671 967
672 696
672 777
672 838
672 933
672 1000
672 1001
672 1032
672 1060
673 686
673 743
673 763
673 783
673 853
673 869
673 1071
673 1079
673 1083
674 676
674 695
674 706
674 740
674 801
674 920
674 1038
674 1046
674 1055
674 1082
675 806
675 810
675 888
675 891
675 938
675 1015
675 1029
675 1070
676 695
676 733
676 816
676 1038
676 1082
677 848
677 868
677 967
677 1049
677 1053
677 1062
678 705
678 727
678 745
678 815
678 887
678 919
678 1028
678 1068
679 700
679 798
679 819
679 821
679 857
679 865
679 881
679 924
679 1009
680 732
680 745
680 767
680 789
680 854
680 925
680 975
680 1056
680 1074
681 727
681 792
681 809
681 899
681 918
681 982
681 996
681 1006
681 1012
682 700
682 759
682 786
682 811
682 817
682 840
682 850
682 890
682 927
682 929
682 936
682 960
683 771
683 922
683 952
683 966
683 1001
683 1064
684 738
684 744
684 807
684 950
684 953
684 964
684 1065
685 686
685 703
685 730
685 789
685 843
685 968
685 979
685 983
685 1043
686 703
686 789
686 869
686 870
686 979
686 1071
686 1083
687 726
687 842
687 851
687 987
687 998
687 1005
687 1012
687 1030
688 731
688 779
688 793
688 895
688 914
688 936
688 953
688 1040
689 751
689 862
689 921
689 942
689 996
689 1002
689 1026
689 1073
689 1084
689 1085
690 742
690 857
690 886
690 904
690 948
690 971
690 1060
691 733
691 801
691 879
691 902
691 916
691 935
691 943
691 1006
691 1020
692 772
692 806
692 810
692 813
692 891
692 931
692 978
692 1066
692 1087
693 743
693 850
693 972
693 981
693 1066
694 732
694 752
694 769
694 842
694 876
694 987
694 1052
695 733
695 749
695 920
695 951
695 960
695 1038
695 1055
696 706
696 738
696 777
696 799
696 820
696 838
696 908
696 930
696 1001
696 1027
697 721
697 760
697 781
697 808
697 825
697 907
697 1019
698 773
698 878
698 906
698 912
698 997
698 1075
698 1086
699 864
699 877
699 882
699 909
699 932
699 962
699 1044
699 1062
700 811
700 821
700 850
700 929
700 936
700 1032
701 863
701 961
701 962
701 964
701 976
701 1033
702 750
702 765
702 848
702 851
702 877
702 985
702 1034
702 1069
702 1072
703 789
703 805
703 902
703 967
703 979
704 755
704 849
704 858
704 897
704 901
704 926
704 941
704 951
704 1069
704 1080
705 727
705 730
705 745
705 804
705 880
705 919
705 948
705 981
705 1028
705 1065
705 1086
706 738
706 740
706 768
706 784
706 801
706 930
706 1038
706 1046
707 713
707 795
707 800
707 834
707 847
707 855
707 1024
707 1076
708 724
708 858
708 869
708 946
708 955
708 995
708 1011
708 1018
708 1019
709 749
709 768
709 811
709 817
709 819
709 890
709 913
709 918
709 1021
710 729
710 739
710 818
710 852
710 856
710 914
710 988
711 818
711 822
711 841
711 856
711 906
711 916
711 928
711 988
711 1033
711 1055
712 724
712 735
712 808
712 915
712 946
712 1006
712 1007
712 1071
712 1078
713 847
713 922
714 754
714 762
714 783
714 847
714 860
714 881
714 954
714 969
714 1008
715 949
715 958
715 994
715 1003
715 1034
715 1085
716 741
716 744
716 827
716 833
716 949
716 1004
716 1059
716 1065
717 722
717 820
717 896
717 919
717 932
717 961
717 970
717 974
717 1033
717 1058
718 780
718 783
718 853
718 873
718 915
718 995
718 1003
718 1071
719 757
719 830
719 836
719 939
719 970
719 981
719 984
719 1000
719 1049
720 750
720 823
720 848
720 921
720 1013
720 1035
721 808
721 844
721 1017
721 1019
721 1070
722 799
722 807
722 892
722 932
722 961
722 984
722 991
722 1033
722 1044
722 1058
723 791
723 889
723 999
723 1045
724 915
724 944
724 946
724 955
724 1071
725 734
725 804
725 837
725 878
725 917
725 939
725 977
725 980
725 997
725 1086
726 803
726 842
726 867
726 885
726 900
726 1012
727 745
727 813
727 828
727 919
727 996
727 1028
728 742
728 754
728 831
728 855
728 968
728 1047
729 739
729 764
729 911
729 914
729 988
730 830
730 843
730 880
730 948
730 952
730 1042
730 1064
730 1086
731 793
731 796
731 914
731 953
731 1016
731 1054
732 752
732 925
732 987
733 801
733 836
733 879
733 894
733 923
733 935
733 943
734 910
734 939
734 977
734 980
734 1086
735 773
735 796
735 802
735 951
735 1006
735 1025
735 1078
735 1082
736 748
736 824
736 881
736 888
736 891
736 938
736 1015
737 775
737 855
737 886
737 931
737 945
737 989
737 1036
738 759
738 930
738 950
738 1057
739 894
739 914
739 954
739 965
739 970
739 988
740 764
740 791
740 801
740 861
740 866
740 898
740 939
740 1038
740 1046
741 744
741 806
741 822
741 833
741 880
741 949
741 974
741 1065
741 1087
742 917
742 968
742 971
742 1063
742 1075
743 763
743 990
743 1079
744 833
744 882
744 949
744 953
744 1065
745 767
745 919
745 986
745 1021
745 1028
745 1074
745 1084
746 751
746 761
746 828
746 894
746 948
746 975
746 1023
746 1028
746 1063
747 780
747 812
747 832
747 934
747 989
748 798
748 821
748 881
748 1015
749 787
749 811
749 905
749 934
749 951
749 960
749 1038
750 765
750 823
750 848
750 1069
750 1072
750 1085
751 761
751 828
751 942
751 996
751 1024
751 1028
751 1085
752 774
752 830
752 903
752 982
752 987
752 998
753 793
753 889
753 929
753 990
753 1011
754 831
754 870
754 881
754 969
755 897
755 901
755 903
755 935
755 999
755 1020
755 1039
755 1067
756 837
756 865
756 895
756 958
757 830
757 878
757 939
757 970
757 973
757 977
757 984
757 1014
758 767
758 786
758 808
758 811
758 922
758 927
758 940
758 993
758 1044
758 1068
759 777
759 817
759 840
759 890
759 960
759 1007
759 1057
760 761
760 778
760 782
760 825
760 907
760 996
760 1081
761 828
761 863
761 996
761 1028
761 1034
762 778
762 794
762 831
762 844
762 847
762 859
762 910
762 954
762 1010
763 802
763 854
763 887
763 1074
763 1079
764 791
764 861
764 898
764 913
764 1046
765 848
765 900
765 921
765 985
765 1030
765 1034
765 1069
765 1072
766 776
766 834
766 867
766 885
766 905
766 1031
767 927
767 993
767 1008
767 1068
767 1074
768 784
768 843
768 863
768 890
768 913
768 1021
768 1026
769 774
769 842
769 871
769 884
769 987
769 1067
770 826
770 868
770 953
770 1029
771 775
771 777
771 829
771 952
771 1064
772 861
772 882
772 931
772 966
772 1036
772 1077
773 802
773 823
773 906
773 951
773 1030
773 1079
773 1082
774 830
774 835
774 998
775 777
775 847
775 893
775 931
775 952
775 965
775 966
775 1027
776 834
776 858
776 867
776 883
776 885
776 934
776 1031
777 838
777 952
777 1001
777 1007
778 782
778 831
778 844
778 859
778 910
778 924
778 1081
779 895
779 929
779 936
779 956
779 957
779 1014
779 1032
780 812
780 832
780 853
780 869
780 915
780 995
781 824
781 916
781 944
781 1015
781 1019
781 1048
782 794
782 822
782 831
782 964
782 992
782 1009
782 1054
782 1081
783 853
783 860
783 995
783 1008
783 1071
784 815
784 817
784 875
784 913
784 1041
784 1084
785 893
785 904
785 933
785 1005
785 1010
786 907
786 927
786 937
786 940
786 1044
787 812
787 905
787 934
787 949
788 801
788 839
788 845
788 872
788 920
788 923
789 854
789 975
789 979
789 1056
790 904
790 971
790 998
790 1000
791 861
791 889
791 898
792 805
792 918
792 961
792 976
792 982
792 1004
792 1059
792 1073
793 914
793 929
793 953
793 1043
794 822
794 964
794 992
794 1007
794 1009
794 1010
794 1054
795 800
795 841
795 855
795 947
795 1036
795 1076
796 827
796 1025
796 1054
797 807
797 924
797 974
797 1029
797 1049
797 1060
798 819
798 857
798 865
798 881
798 938
799 807
799 820
799 892
799 908
799 968
799 1027
799 1061
800 803
800 852
800 855
800 954
800 1076
801 839
801 845
801 879
801 935
801 943
801 1038
801 1046
802 841
802 951
802 1056
802 1074
802 1082
803 834
803 885
803 1076
804 828
804 878
804 880
804 892
804 981
804 1065
805 875
805 902
805 942
805 976
805 1073
806 813
806 880
806 888
806 1087
807 892
807 964
807 974
807 1060
807 1065
808 811
808 922
808 1007
808 1019
809 867
809 886
809 899
809 1006
809 1012
810 868
810 888
810 891
810 938
810 978
810 1015
810 1057
810 1066
810 1070
810 1087
811 850
811 922
811 929
811 936
812 832
812 833
812 949
812 1003
813 828
813 1051
814 846
814 864
814 887
814 909
814 937
814 959
814 989
814 994
814 1031
814 1048
815 817
815 942
815 963
815 1021
815 1051
815 1084
816 826
816 839
816 866
816 896
816 901
816 920
816 991
816 1013
816 1014
816 1038
816 1076
817 819
817 840
817 890
817 918
817 960
817 1084
818 852
818 911
818 965
818 988
818 1055
818 1070
819 857
819 865
819 881
819 918
819 956
820 908
820 919
820 925
820 974
820 1027
821 976
821 1050
821 1054
821 1059
822 856
822 916
822 928
822 964
822 974
822 1009
822 1033
822 1054
823 842
823 848
823 900
823 1030
823 1079
824 850
824 916
824 938
824 956
824 1048
825 907
826 839
826 849
826 868
826 901
826 935
826 1013
826 1029
826 1076
826 1080
827 1009
827 1050
828 880
828 892
828 1028
829 911
829 914
829 1064
830 939
830 952
830 970
830 984
830 998
830 1042
830 1064
831 844
831 859
831 910
831 992
832 862
832 873
832 917
832 994
832 1011
832 1051
833 949
833 1003
833 1065
834 867
834 1024
834 1031
834 1076
835 903
835 982
835 1004
836 845
836 865
836 894
836 923
836 971
836 981
837 917
837 958
837 997
837 1075
838 893
838 930
838 950
838 999
838 1001
838 1046
839 845
839 901
839 923
839 926
839 990
839 1013
839 1076
840 871
840 890
840 950
840 960
840 1001
840 1052
841 906
841 1036
841 1056
842 900
842 1012
843 863
843 928
843 959
843 1026
843 1041
844 859
844 910
844 1017
844 1047
844 1070
845 865
845 971
846 864
846 907
846 909
846 945
847 893
847 954
847 965
847 966
847 1027
848 985
848 1034
848 1053
849 858
849 897
849 908
849 926
849 935
849 940
849 951
849 1053
849 1080
850 929
850 936
850 956
850 972
850 1066
851 877
851 998
851 1005
851 1030
852 954
852 1068
852 1079
853 854
853 915
853 995
854 887
854 975
854 1056
855 886
855 1047
855 1076
856 916
856 928
856 1033
857 865
857 881
857 948
857 1067
858 869
858 883
858 885
858 926
858 934
858 951
858 955
858 995
859 910
859 947
859 1010
859 1017
860 870
860 871
860 1002
860 1008
860 1083
861 896
861 898
861 957
861 1045
861 1048
862 994
862 1002
862 1051
862 1084
863 976
863 1026
863 1033
863 1034
864 882
864 1016
864 1058
864 1062
864 1066
865 881
865 971
866 896
866 920
866 936
866 939
866 991
866 1014
867 886
867 900
867 1031
868 888
868 1029
868 1049
868 1057
869 915
869 955
869 995
869 1071
869 1083
870 871
870 1002
871 884
871 950
871 987
871 1002
871 1052
871 1067
872 897
872 926
872 932
872 1022
872 1080
872 1082
873 876
873 884
873 917
873 1003
873 1011
874 969
874 1018
874 1028
875 913
875 942
875 1026
875 1041
876 884
876 973
876 1052
877 909
877 946
877 955
877 1044
878 912
878 973
878 1075
878 1086
879 899
879 928
879 935
879 943
879 1020
879 1078
880 892
880 948
880 1086
880 1087
881 969
881 1015
882 966
882 1036
882 1062
882 1077
883 885
883 934
883 1039
883 1055
884 943
884 980
884 987
884 1039
884 1067
885 934
886 904
886 1060
887 937
887 1031
887 1068
888 891
888 1057
889 990
889 1045
890 913
890 960
890 1021
890 1062
891 978
891 1029
891 1066
891 1087
892 918
892 919
893 930
893 965
893 966
893 1027
894 923
894 965
894 970
894 975
894 1023
895 936
896 920
896 957
896 970
896 991
896 1014
896 1045
896 1048
897 901
897 908
897 940
897 1053
897 1080
897 1082
898 931
898 959
898 991
898 1035
898 1045
898 1053
898 1069
898 1077
899 928
899 1006
899 1012
899 1025
899 1040
899 1043
899 1078
900 921
900 1030
901 1013
901 1076
903 935
903 982
903 999
903 1004
903 1067
904 933
904 1005
904 1060
905 934
906 967
907 909
907 937
908 940
908 1027
908 1053
909 959
909 989
909 994
909 1044
909 1048
910 947
910 1010
910 1017
911 914
911 965
911 1070
912 957
912 997
912 1075
912 1086
913 1021
913 1041
913 1046
914 953
914 988
915 946
915 995
915 1071
916 928
916 1006
916 1020
916 1033
916 1048
917 997
917 1011
917 1063
917 1075
918 919
918 982
919 974
919 1028
920 923
920 991
920 1014
920 1055
921 1026
921 1030
921 1035
921 1073
922 966
922 1001
922 1064
923 926
923 990
924 1009
924 1029
925 1057
925 1061
926 932
926 951
926 990
926 1022
927 941
927 993
927 1068
928 959
928 1033
928 1041
928 1078
929 936
929 957
929 1014
931 1035
931 1045
931 1053
931 1069
931 1077
932 961
932 962
932 1022
932 1033
932 1058
933 1005
933 1027
935 943
935 999
935 1067
935 1080
937 1031
938 1015
938 1070
939 970
939 977
939 980
939 984
939 1086
940 941
940 985
940 1022
940 1044
940 1053
941 985
941 1022
941 1069
941 1080
942 963
942 996
942 1021
942 1051
942 1085
943 980
943 1039
944 955
944 1015
944 1019
945 963
945 989
945 1002
945 1036
946 955
946 1011
946 1018
946 1019
946 1071
947 1010
947 1017
947 1047
947 1061
947 1074
948 1063
948 1086
949 958
949 994
949 1065
950 999
950 1046
950 1052
951 960
951 1038
951 1082
952 1042
952 1064
955 995
956 1032
957 1014
957 1045
957 1048
958 988
958 994
959 989
959 991
959 994
959 1041
959 1048
960 1038
961 964
961 1004
961 1033
961 1058
961 1059
962 1058
963 1002
963 1021
963 1051
963 1052
964 1009
964 1054
964 1065
965 966
965 970
965 1027
965 1070
966 1001
966 1027
966 1036
966 1064
966 1077
967 1062
968 983
968 1043
968 1061
969 972
969 1008
970 984
971 1000
972 1008
972 1066
973 980
973 1078
974 1060
975 1023
975 1056
975 1083
976 1033
976 1050
976 1054
976 1059
976 1073
977 980
977 1014
977 1042
977 1086
978 1066
978 1077
978 1087
979 986
979 1040
979 1041
980 1039
980 1078
980 1086
981 1065
983 1005
983 1023
983 1042
983 1043
984 991
984 1044
985 1022
985 1034
986 1021
986 1041
986 1084
987 1067
988 1055
989 994
989 1036
989 1048
991 1014
991 1044
992 1007
992 1050
993 1031
993 1035
993 1068
994 1048
994 1051
995 1071
996 1085
998 1005
998 1030
999 1046
999 1067
1000 1032
1000 1049
1000 1060
1001 1064
1002 1084
1003 1034
1003 1085
1004 1059
1005 1030
1005 1042
1006 1012
1006 1020
1006 1078
1009 1050
1009 1054
1010 1017
1011 1018
1011 1019
1012 1018
1012 1024
1013 1076
1015 1019
1015 1070
1016 1037
1016 1058
1016 1066
1017 1070
1017 1081
1018 1019
1018 1024
1020 1039
1021 1051
1021 1084
1022 1037
1025 1040
1025 1043
1025 1056
1026 1073
1030 1079
1031 1035
1032 1060
1033 1058
1034 1085
1035 1045
1035 1053
1035 1069
1035 1077
1036 1077
1038 1046
1040 1043
1042 1064
1045 1048
1045 1053
1045 1069
1045 1077
1047 1061
1047 1074
1050 1054
1050 1059
1053 1069
1053 1077
1054 1059
1057 1061
1058 1066
1061 1074
1063 1075
1066 1087
1068 1079
1069 1072
1069 1077
1069 1080
1071 1083
1072 1085
1075 1086
1080 1082
