35 315
8 17
8 19
8 23
8 20
8 30
8 5
8 4
8 6
8 21
8 14
8 13
8 31
8 2
8 22
8 27
8 28
8 18
8 7
17 19
17 23
17 20
17 30
17 5
17 4
17 6
17 21
17 14
17 25
17 26
17 12
17 15
17 0
17 1
17 29
17 3
19 23
19 20
19 30
19 5
19 4
19 6
19 21
19 14
19 11
19 34
19 33
19 24
19 16
19 9
19 10
19 32
23 20
23 30
23 5
23 13
23 31
23 2
23 22
23 25
23 26
23 12
23 15
23 11
23 34
23 33
23 24
20 30
20 5
20 13
20 31
20 2
20 22
20 0
20 1
20 29
20 3
20 16
20 9
20 10
20 32
30 5
30 27
30 28
30 18
30 7
30 25
30 26
30 12
30 0
30 11
30 16
30 9
30 10
5 27
5 28
5 18
5 7
5 15
5 1
5 29
5 3
5 34
5 33
5 24
5 32
4 6
4 21
4 14
4 13
4 31
4 27
4 28
4 25
4 26
4 15
4 1
4 34
4 16
4 9
4 32
6 21
6 14
6 13
6 31
6 27
6 28
6 12
6 0
6 29
6 3
6 11
6 33
6 24
6 10
21 14
21 2
21 22
21 18
21 7
21 25
21 26
21 29
21 3
21 11
21 34
21 10
21 32
14 2
14 22
14 18
14 7
14 12
14 15
14 0
14 1
14 33
14 24
14 16
14 9
13 31
13 2
13 22
13 27
13 28
13 25
13 12
13 0
13 29
13 34
13 33
13 16
13 32
31 2
31 22
31 27
31 28
31 26
31 15
31 1
31 3
31 11
31 24
31 9
31 10
2 22
2 18
2 7
2 25
2 15
2 0
2 3
2 11
2 33
2 9
2 32
22 18
22 7
22 26
22 12
22 1
22 29
22 34
22 24
22 16
22 10
27 28
27 18
27 7
27 25
27 0
27 1
27 29
27 11
27 34
27 24
27 9
28 18
28 7
28 26
28 12
28 15
28 3
28 33
28 16
28 10
28 32
18 7
18 25
18 12
18 15
18 29
18 24
18 9
18 10
18 32
7 26
7 0
7 1
7 3
7 11
7 34
7 33
7 16
25 26
25 12
25 15
25 0
25 29
25 11
25 34
25 9
25 32
26 12
26 15
26 1
26 3
26 11
26 34
26 16
26 10
12 15
12 0
12 29
12 33
12 24
12 16
12 10
15 1
15 3
15 33
15 24
15 9
15 32
0 1
0 29
0 3
0 11
0 33
0 16
0 9
1 29
1 3
1 34
1 24
1 16
1 9
29 3
29 34
29 24
29 10
29 32
3 11
3 33
3 10
3 32
11 34
11 33
11 24
11 9
11 10
34 33
34 24
34 16
34 32
33 24
33 16
33 32
24 9
24 10
16 9
16 10
16 32
9 10
9 32
10 32
