35 315
24 26
24 19
24 30
24 1
24 23
24 2
24 9
24 18
24 10
24 28
24 16
24 12
24 31
24 5
24 13
24 0
24 7
24 15
26 19
26 30
26 1
26 23
26 2
26 9
26 18
26 10
26 28
26 14
26 33
26 17
26 25
26 34
26 27
26 32
26 29
19 30
19 1
19 23
19 2
19 9
19 18
19 10
19 28
19 11
19 20
19 4
19 6
19 22
19 8
19 21
19 3
30 1
30 23
30 2
30 16
30 12
30 31
30 5
30 14
30 33
30 17
30 25
30 11
30 20
30 4
30 6
1 23
1 2
1 16
1 12
1 31
1 5
1 34
1 27
1 32
1 29
1 22
1 8
1 21
1 3
23 2
23 13
23 0
23 7
23 15
23 14
23 33
23 17
23 34
23 11
23 22
23 8
23 21
2 13
2 0
2 7
2 15
2 25
2 27
2 32
2 29
2 20
2 4
2 6
2 3
9 18
9 10
9 28
9 16
9 12
9 13
9 0
9 14
9 33
9 25
9 27
9 20
9 22
9 8
9 3
18 10
18 28
18 16
18 12
18 13
18 0
18 17
18 34
18 32
18 29
18 11
18 4
18 6
18 21
10 28
10 31
10 5
10 7
10 15
10 14
10 33
10 32
10 29
10 11
10 20
10 21
10 3
28 31
28 5
28 7
28 15
28 17
28 25
28 34
28 27
28 4
28 6
28 22
28 8
16 12
16 31
16 5
16 13
16 0
16 14
16 17
16 34
16 32
16 20
16 4
16 22
16 3
12 31
12 5
12 13
12 0
12 33
12 25
12 27
12 29
12 11
12 6
12 8
12 21
31 5
31 7
31 15
31 14
31 25
31 34
31 29
31 11
31 4
31 8
31 3
5 7
5 15
5 33
5 17
5 27
5 32
5 20
5 6
5 22
5 21
13 0
13 7
13 15
13 14
13 34
13 27
13 32
13 11
13 20
13 6
13 8
0 7
0 15
0 33
0 17
0 25
0 29
0 4
0 22
0 21
0 3
7 15
7 14
7 17
7 25
7 32
7 6
7 8
7 21
7 3
15 33
15 34
15 27
15 29
15 11
15 20
15 4
15 22
14 33
14 17
14 25
14 34
14 32
14 11
14 20
14 8
14 3
33 17
33 25
33 27
33 29
33 11
33 20
33 22
33 21
17 25
17 34
17 32
17 4
17 6
17 22
17 21
25 27
25 29
25 4
25 6
25 8
25 3
34 27
34 32
34 29
34 11
34 4
34 22
34 8
27 32
27 29
27 20
27 6
27 22
27 8
32 29
32 20
32 6
32 21
32 3
29 11
29 4
29 21
29 3
11 20
11 4
11 6
11 8
11 21
20 4
20 6
20 22
20 3
4 6
4 22
4 3
6 8
6 21
22 8
22 21
22 3
8 21
8 3
21 3
