35 315
16 32
16 12
16 25
16 13
16 26
16 15
16 29
16 1
16 6
16 8
16 24
16 21
16 3
16 11
16 23
16 34
16 20
16 18
32 12
32 25
32 13
32 26
32 15
32 29
32 1
32 6
32 8
32 2
32 28
32 10
32 33
32 14
32 30
32 19
32 0
12 25
12 13
12 26
12 15
12 29
12 1
12 6
12 8
12 9
12 7
12 31
12 5
12 22
12 27
12 17
12 4
25 13
25 26
25 15
25 24
25 21
25 3
25 11
25 2
25 28
25 10
25 33
25 9
25 7
25 31
25 5
13 26
13 15
13 24
13 21
13 3
13 11
13 14
13 30
13 19
13 0
13 22
13 27
13 17
13 4
26 15
26 23
26 34
26 20
26 18
26 2
26 28
26 10
26 14
26 9
26 22
26 27
26 17
15 23
15 34
15 20
15 18
15 33
15 30
15 19
15 0
15 7
15 31
15 5
15 4
29 1
29 6
29 8
29 24
29 21
29 23
29 34
29 2
29 28
29 33
29 30
29 7
29 22
29 27
29 4
1 6
1 8
1 24
1 21
1 23
1 34
1 10
1 14
1 19
1 0
1 9
1 31
1 5
1 17
6 8
6 3
6 11
6 20
6 18
6 2
6 28
6 19
6 0
6 9
6 7
6 17
6 4
8 3
8 11
8 20
8 18
8 10
8 33
8 14
8 30
8 31
8 5
8 22
8 27
24 21
24 3
24 11
24 23
24 34
24 2
24 10
24 14
24 19
24 7
24 31
24 22
24 4
21 3
21 11
21 23
21 34
21 28
21 33
21 30
21 0
21 9
21 5
21 27
21 17
3 11
3 20
3 18
3 2
3 33
3 14
3 0
3 9
3 31
3 27
3 4
11 20
11 18
11 28
11 10
11 30
11 19
11 7
11 5
11 22
11 17
23 34
23 20
23 18
23 2
23 14
23 30
23 19
23 9
23 7
23 5
23 27
34 20
34 18
34 28
34 10
34 33
34 0
34 31
34 22
34 17
34 4
20 18
20 2
20 10
20 33
20 19
20 5
20 27
20 17
20 4
18 28
18 14
18 30
18 0
18 9
18 7
18 31
18 22
2 28
2 10
2 33
2 14
2 19
2 9
2 7
2 27
2 4
28 10
28 33
28 30
28 0
28 9
28 7
28 22
28 17
10 33
10 14
10 19
10 31
10 5
10 22
10 17
33 30
33 0
33 31
33 5
33 27
33 4
14 30
14 19
14 0
14 9
14 31
14 22
14 27
30 19
30 0
30 7
30 5
30 22
30 27
19 0
19 7
19 5
19 17
19 4
0 9
0 31
0 17
0 4
9 7
9 31
9 5
9 27
9 17
7 31
7 5
7 22
7 4
31 5
31 22
31 4
5 27
5 17
22 27
22 17
22 4
27 17
27 4
17 4
