264 576
0 9
0 107
0 242
1 85
1 118
1 225
2 89
2 98
2 154
3 11
3 108
3 258
4 31
4 94
4 136
5 33
5 183
5 188
6 166
6 175
6 243
7 89
7 196
7 263
8 45
8 78
8 91
8 122
8 124
8 204
8 224
8 255
9 56
9 115
9 119
9 165
9 186
9 212
9 235
10 202
10 238
10 250
11 21
11 73
11 110
11 129
11 146
11 210
11 213
12 164
12 195
12 259
13 74
13 132
13 240
14 22
14 54
14 61
15 22
15 27
15 55
16 55
16 74
16 164
17 29
17 44
17 75
17 143
17 158
17 186
17 227
17 249
18 31
18 173
18 195
19 85
19 98
19 188
20 118
20 136
20 160
21 188
21 263
22 111
22 123
22 127
22 137
22 178
22 205
23 105
23 174
23 229
24 125
24 156
24 166
25 132
25 193
25 230
26 164
26 173
26 209
27 47
27 72
27 88
27 139
27 179
27 214
27 246
28 108
28 183
28 193
29 33
29 174
30 193
30 200
30 245
31 52
31 86
31 119
31 141
31 163
31 235
32 74
32 112
32 166
33 35
33 99
33 114
33 115
33 157
33 165
34 48
34 63
34 88
34 134
34 142
34 170
34 176
34 260
35 107
35 174
36 156
36 172
36 193
37 69
37 86
37 97
37 111
37 121
37 199
37 255
37 256
38 55
38 89
38 175
39 154
39 202
39 222
40 61
40 183
40 201
41 164
41 200
41 258
42 85
42 93
42 108
43 70
43 77
43 148
43 150
43 155
43 215
43 233
43 252
44 98
44 105
45 172
45 243
46 132
46 188
46 242
47 183
47 240
48 188
48 243
49 68
49 72
49 83
49 90
49 145
49 149
49 152
49 182
50 105
50 161
50 211
51 93
51 118
51 180
52 138
52 174
53 196
53 209
53 245
54 59
54 167
54 197
54 223
54 227
54 231
54 262
55 66
55 77
55 128
55 190
55 198
56 125
56 229
57 85
57 230
57 250
58 94
58 116
58 229
59 93
59 169
60 138
60 161
60 225
61 82
61 90
61 104
61 131
61 149
61 179
62 93
62 188
62 202
63 136
63 200
64 89
64 125
64 135
65 193
65 232
65 243
66 125
66 140
67 107
67 201
67 209
68 107
68 254
69 164
69 254
70 105
70 225
71 112
71 136
71 259
72 222
73 93
73 230
74 90
74 127
74 134
74 221
74 257
75 138
75 263
76 135
76 161
76 250
77 250
78 108
78 132
79 112
79 140
79 169
80 116
80 118
80 202
81 195
81 232
81 242
82 164
82 180
83 183
83 222
84 196
84 225
84 254
85 120
85 130
85 207
85 228
86 258
87 140
87 154
87 263
88 166
89 148
89 159
89 170
89 226
91 173
91 259
92 166
92 175
92 254
93 128
93 219
93 252
94 100
94 106
94 115
94 153
94 182
94 231
95 112
95 116
95 200
96 107
96 171
96 180
97 160
97 172
98 110
98 117
98 185
98 247
98 249
99 132
99 238
100 174
100 242
101 183
101 238
101 242
102 156
102 172
102 201
103 135
103 140
103 175
104 154
104 160
105 184
105 189
105 215
105 235
106 180
106 211
107 163
107 218
107 223
108 148
108 177
108 213
108 228
109 160
109 196
109 222
110 238
111 209
112 159
112 203
112 214
112 220
113 162
113 174
113 242
114 172
114 195
116 144
116 163
116 176
116 249
116 253
117 136
117 162
118 129
118 142
118 159
118 197
119 175
120 230
120 258
121 193
121 259
122 200
122 225
123 195
123 200
124 183
124 230
125 141
125 151
125 234
125 236
126 135
126 154
126 171
127 135
128 161
129 245
130 238
130 263
131 196
131 202
132 149
132 217
132 246
133 174
133 175
133 229
134 240
135 139
135 237
135 252
136 143
136 216
136 218
137 173
137 254
138 150
138 185
138 191
138 212
138 233
139 164
140 142
140 155
140 177
140 247
141 174
143 263
144 160
144 169
145 172
145 243
146 169
146 225
147 160
147 188
147 250
150 211
151 240
151 243
152 156
152 232
153 201
153 254
154 190
154 208
154 251
155 230
156 204
156 220
156 248
156 260
157 232
157 258
158 180
158 211
160 181
160 219
161 177
161 184
161 191
161 226
162 165
162 167
162 185
162 189
162 253
162 261
164 262
166 236
166 246
166 257
167 211
168 169
168 180
168 250
169 170
169 207
169 216
171 191
171 198
171 215
171 227
171 231
171 261
172 192
172 241
173 181
173 239
173 241
173 244
175 206
175 248
176 259
178 180
178 222
179 201
180 261
181 232
182 209
183 257
184 245
186 242
187 193
187 225
187 259
188 220
189 263
190 211
192 242
192 258
193 244
194 201
194 232
194 243
195 210
195 228
195 256
196 198
196 237
196 247
197 250
199 202
199 232
200 244
200 255
201 217
201 221
202 216
202 241
203 238
203 243
204 232
205 258
205 259
206 209
206 240
207 245
208 245
208 254
209 236
209 251
210 230
211 223
211 237
212 229
213 250
214 240
217 222
218 229
219 238
221 222
222 262
224 245
224 259
225 251
226 230
229 239
229 256
233 245
234 240
234 254
238 260
239 258
240 248
253 263
