720 1728
0 320
0 394
0 713
1 58
1 352
1 631
2 10
2 121
2 198
3 25
3 42
3 127
3 243
3 283
3 304
3 308
3 400
3 441
3 454
3 455
3 689
4 128
4 269
4 293
4 346
4 367
4 510
4 522
4 572
4 579
4 581
4 603
4 648
5 235
5 289
5 700
6 91
6 636
6 649
7 114
7 436
7 681
8 250
8 341
8 387
9 40
9 93
9 102
9 172
9 263
9 281
9 310
9 334
9 640
9 652
9 691
9 704
10 14
10 33
10 149
10 186
10 222
10 228
10 325
10 453
10 469
10 496
10 628
11 383
11 653
11 662
12 22
12 101
12 151
13 38
13 73
13 107
13 131
13 142
13 351
13 426
13 561
13 570
13 627
13 645
13 711
14 103
14 377
15 61
15 62
15 83
15 115
15 159
15 252
15 255
15 421
15 426
15 468
15 556
15 693
16 254
16 359
16 615
17 123
17 235
17 257
18 71
18 588
18 700
19 450
19 452
19 498
20 35
20 59
20 157
20 184
20 209
20 342
20 565
20 568
20 587
20 594
20 626
20 669
21 74
21 116
21 222
21 279
21 303
21 348
21 483
21 521
21 542
21 579
21 601
21 674
22 51
22 177
22 226
22 295
22 422
22 430
22 438
22 609
22 673
22 688
22 718
23 235
23 410
23 681
24 306
24 316
24 461
24 475
24 482
24 486
24 494
24 543
24 601
24 632
24 667
24 675
25 492
25 557
26 142
26 208
26 332
26 344
26 365
26 459
26 478
26 533
26 604
26 614
26 656
26 665
27 36
27 105
27 124
27 156
27 206
27 225
27 239
27 420
27 439
27 619
27 708
27 716
28 322
28 359
28 546
29 56
29 504
29 699
30 100
30 147
30 629
31 476
31 481
31 549
32 347
32 485
32 700
33 394
33 448
34 289
34 504
34 541
35 434
35 653
36 485
36 649
37 333
37 389
37 414
38 80
38 100
39 111
39 368
39 672
40 111
40 121
41 121
41 641
41 681
42 146
42 663
43 137
43 226
43 275
43 355
43 380
43 411
43 431
43 454
43 503
43 508
43 637
43 718
44 392
44 519
44 530
45 56
45 320
45 607
46 305
46 389
46 493
47 305
47 372
47 377
48 347
48 611
48 636
49 89
49 541
49 662
50 151
50 415
50 507
51 387
51 660
52 121
52 361
52 480
53 100
53 103
53 114
54 198
54 410
54 660
55 360
55 450
55 557
56 69
56 85
56 112
56 193
56 220
56 222
56 337
56 509
56 566
56 659
57 86
57 389
57 434
58 126
58 161
58 176
58 217
58 300
58 420
58 479
58 539
58 589
58 592
58 618
59 368
59 698
60 545
60 692
60 714
61 244
61 591
62 498
62 629
63 101
63 147
63 549
64 123
64 557
64 611
65 450
65 493
65 663
66 144
66 151
66 474
67 236
67 267
67 649
68 151
68 481
68 700
69 81
69 86
70 79
70 414
70 636
71 180
71 336
71 364
71 419
71 464
71 486
71 511
71 590
71 669
71 683
71 708
72 125
72 146
72 244
73 79
73 588
74 249
74 289
75 80
75 488
75 557
76 452
76 488
76 616
77 111
77 546
77 616
78 95
78 105
78 133
78 300
78 301
78 356
78 381
78 409
78 421
78 459
78 589
78 715
79 141
79 155
79 179
79 208
79 312
79 338
79 439
79 513
79 574
79 693
80 97
80 117
80 216
80 251
80 258
80 265
80 424
80 487
80 564
80 704
81 117
81 118
81 122
81 229
81 266
81 497
81 515
81 518
81 528
81 617
81 633
82 320
82 347
82 611
83 360
83 389
84 631
84 636
84 698
85 546
85 696
86 132
86 139
86 141
86 145
86 239
86 446
86 543
86 576
86 578
86 670
87 347
87 361
87 368
88 580
88 611
88 672
89 95
89 295
89 339
89 369
89 379
89 454
89 499
89 551
89 558
89 620
89 635
90 99
90 436
90 507
91 93
91 156
91 161
91 230
91 245
91 430
91 460
91 477
91 573
91 610
91 635
92 207
92 215
92 315
92 317
92 331
92 457
92 540
92 568
92 597
92 619
92 667
92 680
93 360
94 103
94 433
94 699
95 557
96 129
96 149
96 174
96 213
96 243
96 306
96 308
96 370
96 396
96 501
96 613
96 655
97 361
97 546
98 436
98 450
98 615
99 106
99 220
99 247
99 371
99 423
99 441
99 501
99 542
99 554
99 620
99 678
100 155
100 358
100 429
100 453
100 463
100 550
100 556
100 604
100 657
101 170
101 277
101 278
101 279
101 316
101 328
101 355
101 517
101 555
101 564
102 519
102 701
103 135
103 160
103 168
103 324
103 432
103 517
103 547
103 559
103 572
104 151
104 289
104 352
105 672
106 289
106 448
107 109
107 498
108 267
108 529
108 698
109 211
109 238
109 261
109 262
109 401
109 496
109 522
109 526
109 638
109 691
109 710
110 333
110 341
110 549
111 117
111 178
111 179
111 214
111 238
111 329
111 386
111 445
111 479
112 125
112 147
113 294
113 389
113 636
114 192
114 197
114 303
114 384
114 396
114 397
114 531
114 566
114 602
114 638
115 493
115 582
116 394
116 699
118 198
118 519
119 235
119 352
119 373
120 187
120 467
120 698
121 131
121 190
121 203
121 346
121 537
121 585
121 602
121 694
122 352
122 692
123 127
123 137
123 177
123 327
123 353
123 371
123 409
123 490
123 573
123 651
124 403
124 414
125 212
125 240
125 356
125 425
125 427
125 527
125 548
125 565
125 618
125 709
126 236
126 361
127 151
128 250
128 596
129 681
129 699
130 187
130 413
130 649
131 360
132 260
132 434
133 415
133 663
134 372
134 636
134 696
135 333
135 641
136 320
136 591
136 672
137 507
138 414
138 434
138 582
139 333
139 629
140 359
140 360
140 452
141 580
142 368
143 289
143 549
143 660
144 168
144 199
144 205
144 265
144 275
144 314
144 348
144 475
144 552
144 609
144 706
145 491
145 582
146 153
146 285
146 329
146 343
146 366
146 513
146 540
146 625
146 669
146 702
147 165
147 168
147 233
147 357
147 375
147 534
147 538
147 606
147 697
148 450
148 480
148 701
149 250
150 227
150 289
150 662
151 200
151 241
151 369
151 376
151 390
151 688
152 546
152 692
152 700
153 221
153 403
154 480
154 485
154 493
155 305
156 698
157 187
157 491
158 260
158 294
158 649
159 368
159 575
160 289
160 476
161 700
162 202
162 210
162 607
163 227
163 377
163 699
164 305
164 360
164 629
165 210
165 394
166 305
166 467
166 591
167 403
167 580
167 696
169 322
169 519
169 714
170 616
170 663
171 305
171 403
171 433
172 221
172 596
173 249
173 257
173 436
174 257
174 373
175 305
175 368
175 447
176 580
176 591
177 631
178 236
178 347
179 492
180 582
180 636
181 341
181 596
181 681
182 235
182 481
182 545
183 392
183 700
183 714
184 236
184 571
185 305
185 529
185 575
186 254
186 681
187 273
187 280
187 288
187 310
187 354
187 424
187 473
187 502
187 705
188 485
188 571
188 636
189 322
189 410
189 476
190 322
190 699
191 492
191 507
191 663
192 394
192 504
193 210
193 713
194 202
194 249
194 467
195 377
195 582
195 713
196 341
196 504
196 701
197 250
197 254
198 286
198 293
198 335
198 345
198 406
198 422
198 526
198 531
198 624
199 227
199 607
200 363
200 410
201 235
201 474
201 488
202 233
202 303
202 318
202 423
202 527
202 567
202 576
202 628
202 633
202 682
203 447
203 493
204 221
204 236
204 672
205 557
205 616
206 347
206 591
207 389
207 580
208 377
209 210
209 692
210 217
210 292
210 366
210 393
210 462
210 577
210 583
210 715
211 221
211 480
212 302
212 701
213 289
213 507
214 231
214 714
215 629
215 636
216 221
216 714
217 591
218 302
218 368
218 649
219 294
219 535
219 545
220 413
221 264
221 388
221 515
221 537
221 539
221 574
221 712
223 580
223 631
223 649
224 359
224 530
224 701
225 571
225 631
226 488
227 328
227 395
227 397
227 407
227 453
227 500
227 534
227 603
227 639
228 363
228 436
229 394
229 696
230 571
230 580
231 276
231 310
231 314
231 388
231 416
231 528
231 536
231 555
231 561
231 563
231 657
232 363
232 596
232 641
233 320
234 333
234 582
234 696
235 277
235 283
235 379
235 609
235 673
235 695
236 299
236 375
236 468
236 478
236 516
236 523
236 711
237 413
237 571
237 653
238 530
239 372
240 267
240 692
241 410
241 488
242 415
242 474
242 631
243 481
244 292
244 301
244 354
244 362
244 408
244 423
244 435
244 533
244 659
244 687
245 493
245 530
246 480
246 616
246 653
247 415
247 662
248 341
248 448
248 692
249 274
249 308
249 339
249 391
249 490
249 525
249 599
249 622
249 659
250 262
250 297
250 345
250 367
250 390
250 508
250 585
250 673
251 377
251 447
252 377
252 403
253 404
253 413
253 698
254 256
254 304
254 385
254 441
254 466
254 489
254 605
254 622
254 675
255 467
255 611
256 481
256 507
257 287
257 307
257 326
257 369
257 385
257 466
257 501
257 637
257 702
258 404
258 530
259 414
259 491
259 615
260 279
260 317
260 321
260 349
260 419
260 440
260 605
260 608
260 655
260 706
261 493
261 575
262 641
263 392
263 450
264 372
264 492
265 663
266 700
266 701
267 393
267 471
267 473
267 540
267 590
267 644
267 646
267 677
267 690
268 447
268 498
268 596
269 363
269 387
270 529
270 535
270 713
271 372
271 447
271 535
272 347
272 545
272 631
273 383
273 476
274 394
274 413
275 410
276 530
276 653
277 410
278 448
278 615
280 588
280 660
281 404
281 616
282 305
282 413
282 611
283 415
284 387
284 641
284 681
285 452
285 507
286 341
286 363
287 436
287 481
288 530
288 616
289 385
289 431
289 455
290 360
290 485
290 530
291 360
291 480
291 631
292 298
293 681
294 323
294 342
294 343
294 374
294 465
294 471
294 506
294 632
294 716
295 485
296 410
296 415
296 485
297 436
297 699
298 326
298 342
298 427
298 445
298 524
298 574
298 590
298 597
298 612
298 654
298 689
299 302
299 698
300 320
301 305
302 343
302 398
302 437
302 444
302 462
302 502
302 569
302 597
302 683
304 373
305 350
305 711
306 450
307 452
307 492
309 387
309 450
309 714
311 361
311 529
311 672
312 535
312 575
313 480
313 519
313 692
314 452
315 352
315 383
316 504
317 698
318 696
318 714
319 631
319 672
319 700
320 362
320 398
320 587
320 612
320 625
320 677
321 333
321 414
322 367
322 418
322 438
322 469
322 497
322 512
322 638
322 664
323 571
323 615
324 481
324 662
325 433
325 549
326 663
327 476
327 541
328 713
329 372
330 360
330 519
330 663
331 615
331 649
332 372
332 433
333 473
333 482
333 569
333 603
333 626
333 670
334 493
334 631
335 450
335 546
336 352
336 535
337 467
337 541
338 383
338 447
339 660
340 476
340 588
340 653
341 401
341 483
341 500
341 547
341 585
341 664
344 447
344 529
345 641
346 363
347 381
347 425
347 477
347 712
347 715
348 615
349 436
349 519
350 498
350 582
351 372
351 383
352 380
352 477
352 506
352 520
352 560
352 630
353 474
353 485
354 571
355 474
356 672
357 433
357 582
358 582
358 607
359 405
359 406
359 443
359 494
359 518
359 634
359 652
359 655
360 614
360 707
360 710
361 513
361 528
361 598
361 654
361 668
361 684
361 691
362 492
363 396
363 401
363 418
363 489
363 695
363 718
364 615
364 698
365 493
365 629
366 467
368 539
368 562
368 642
368 646
368 697
370 519
370 615
371 660
372 556
372 584
372 600
372 654
373 376
373 417
373 503
373 505
373 542
373 559
373 599
373 639
373 679
374 580
374 582
375 535
376 545
377 384
377 416
377 538
377 645
377 647
378 387
378 410
378 662
379 507
380 481
381 580
382 434
382 629
382 696
383 449
383 464
383 465
383 514
383 516
383 621
383 697
384 549
386 480
386 596
387 442
387 496
387 518
387 602
387 666
387 717
388 546
389 472
389 538
389 550
389 656
389 703
389 708
390 474
391 448
391 481
392 399
392 405
392 462
392 483
392 520
392 565
392 617
392 648
392 677
393 701
394 428
394 446
394 548
394 678
394 687
395 481
395 660
397 433
398 692
399 504
399 641
400 436
400 541
402 591
402 636
402 672
403 445
403 514
403 578
403 604
403 627
403 643
403 684
404 435
404 444
404 470
404 553
404 563
404 586
404 621
404 626
404 690
405 480
406 714
407 491
407 641
408 653
408 698
409 452
410 508
410 558
410 573
411 474
411 681
412 415
412 557
412 591
413 421
413 427
413 583
413 625
413 665
413 682
414 428
414 461
414 509
414 584
414 595
414 633
415 430
415 495
415 525
415 637
415 650
416 575
417 448
417 541
418 641
419 571
420 611
422 476
424 480
425 591
426 529
428 546
429 575
429 616
431 545
432 488
432 713
433 458
433 472
433 487
433 561
433 686
433 693
434 451
434 461
434 484
434 500
434 502
434 572
434 690
435 649
436 455
436 494
436 679
437 529
437 571
438 662
439 696
440 491
440 696
442 474
442 476
443 498
443 663
444 491
446 714
447 458
447 468
447 643
447 657
447 710
448 475
448 566
448 567
448 608
448 648
448 658
449 529
449 607
450 497
450 605
450 676
451 615
451 696
452 456
452 551
452 564
452 650
452 689
456 493
456 519
457 535
457 700
458 616
459 467
460 480
460 498
463 549
463 699
464 545
465 700
466 541
467 532
467 586
467 612
467 678
467 709
469 596
470 588
470 662
471 492
472 607
474 512
474 624
474 635
474 695
476 525
476 553
476 620
476 639
478 575
479 529
480 563
481 554
481 674
482 696
484 549
484 641
485 544
485 560
485 592
485 640
486 649
487 575
488 534
488 536
488 593
488 601
488 608
488 685
489 699
490 662
491 543
491 547
491 581
491 595
491 644
491 703
492 568
492 583
492 683
492 684
492 709
493 570
493 634
495 541
495 660
498 640
498 656
498 671
498 694
498 719
499 611
499 663
503 700
504 510
504 554
504 599
504 628
504 685
504 706
505 549
505 662
506 588
507 524
507 613
507 622
507 679
509 714
510 692
511 580
511 629
512 660
514 575
515 616
516 713
517 607
519 666
519 671
519 675
520 546
521 641
521 692
522 681
523 588
523 607
524 557
526 699
527 713
529 594
529 606
529 712
530 537
530 668
530 676
530 719
531 596
532 649
532 653
533 611
535 553
535 623
535 627
535 642
535 705
536 663
541 613
541 674
541 682
541 687
544 580
544 698
545 592
545 610
545 617
545 661
545 680
546 576
546 661
546 666
548 607
549 552
549 581
549 593
550 713
551 591
552 713
555 557
557 634
557 671
557 702
558 631
559 660
560 672
562 588
562 713
567 699
569 653
570 596
571 586
571 646
571 667
575 600
575 694
575 707
577 611
577 672
578 636
579 701
580 584
582 614
582 619
587 701
588 600
588 606
588 643
588 680
589 636
591 651
591 665
593 607
594 649
595 629
596 668
596 707
596 717
598 616
598 714
607 642
607 647
610 672
611 618
611 650
615 670
615 685
616 645
621 660
623 653
623 660
624 662
629 647
629 686
629 716
630 701
630 714
631 719
632 698
641 658
644 653
651 663
652 692
653 704
658 701
661 701
662 705
664 681
676 692
681 688
686 713
696 703
699 717
