176 384
0 40
0 103
0 110
1 80
1 103
1 123
2 51
2 78
2 162
3 14
3 46
3 80
4 42
4 78
4 138
5 76
5 93
5 134
6 42
6 93
6 121
7 9
7 26
7 65
7 67
7 68
7 86
7 122
7 174
8 14
8 88
8 133
9 76
9 140
10 54
10 65
10 69
10 71
10 83
10 99
10 117
10 120
11 19
11 100
11 103
12 27
12 36
12 63
12 66
12 96
12 106
12 150
12 157
13 31
13 41
13 63
13 116
13 126
13 139
13 143
13 163
14 23
14 26
14 38
14 60
14 126
14 170
15 21
15 108
15 155
16 40
16 128
16 144
17 51
17 114
17 155
18 21
18 164
18 171
19 37
19 49
19 55
19 77
19 127
19 154
19 169
20 80
20 140
20 155
21 35
21 56
21 60
21 64
21 71
21 168
22 133
22 134
22 138
23 25
23 85
24 121
24 128
24 171
25 70
25 74
25 101
25 105
25 150
25 165
25 172
26 171
27 100
27 171
28 32
28 41
28 48
28 53
28 62
28 81
28 92
28 165
29 76
29 90
29 140
30 43
30 51
30 133
31 43
31 82
32 100
32 149
33 53
33 63
33 104
33 115
33 131
33 143
33 158
33 175
34 76
34 160
34 164
35 123
35 171
36 128
36 149
37 42
37 159
38 97
38 103
39 88
39 95
39 110
40 69
40 86
40 142
40 153
40 168
40 173
41 95
42 61
42 66
42 81
42 102
42 148
43 54
43 87
43 107
43 125
43 146
43 172
44 76
44 85
44 108
45 46
45 121
45 140
46 52
46 77
46 127
46 129
46 156
46 173
47 88
47 134
47 164
48 128
48 171
49 128
49 149
50 80
50 95
50 110
51 57
51 61
51 70
51 139
51 170
52 100
52 121
53 119
54 93
55 100
55 171
56 76
56 160
57 82
57 91
58 85
58 123
58 133
59 114
59 144
59 145
60 149
61 144
62 133
62 159
64 90
64 149
65 160
66 155
67 90
67 171
68 91
68 108
69 85
70 134
71 140
72 103
72 121
72 160
73 82
73 110
73 144
74 82
74 93
75 100
75 121
75 149
76 125
76 153
77 160
78 84
78 141
78 142
78 147
78 148
78 161
79 80
79 91
79 160
80 102
80 104
80 147
81 91
82 84
82 94
82 109
82 166
83 90
83 160
84 145
85 87
85 89
85 112
85 158
86 155
87 164
88 99
88 101
88 146
88 153
88 175
89 95
89 145
90 112
90 115
90 146
90 163
91 98
91 151
91 157
91 168
92 155
92 162
93 96
93 124
93 165
93 169
94 138
94 155
95 106
95 113
95 118
95 163
96 133
97 113
97 129
97 131
97 136
97 148
97 151
97 152
98 114
98 138
99 108
100 130
100 142
101 123
102 144
103 135
103 154
103 167
104 145
105 114
105 159
106 119
107 114
107 119
108 130
108 135
108 141
108 156
109 119
109 134
110 131
110 156
110 158
110 161
111 119
111 123
111 138
112 134
113 145
114 116
114 124
114 161
115 119
116 134
117 140
117 164
118 119
118 164
119 170
120 134
120 159
121 137
121 167
122 123
122 149
123 129
123 139
124 133
125 159
126 138
127 128
128 141
128 167
130 144
132 138
132 144
132 162
133 166
135 145
136 144
136 162
137 159
137 162
138 172
140 151
140 154
143 164
145 173
145 175
147 162
149 174
150 159
152 155
152 160
157 162
159 166
162 169
164 174
