720 5860
0 78
0 81
0 83
0 120
0 139
0 153
0 192
0 229
0 261
0 276
0 296
0 330
0 406
0 408
0 445
0 468
0 488
0 505
0 648
1 23
1 126
1 148
1 156
1 196
1 214
1 392
1 502
1 636
2 35
2 49
2 78
2 128
2 254
2 347
2 357
2 383
2 465
2 531
2 549
2 555
2 562
2 581
2 587
2 654
2 686
2 696
3 164
3 170
3 202
3 331
3 619
3 657
3 664
3 672
3 693
4 75
4 102
4 124
4 217
4 251
4 269
4 321
4 328
4 354
4 356
4 393
4 592
4 617
4 631
4 711
5 31
5 44
5 115
5 144
5 151
5 200
5 205
5 207
5 233
5 250
5 274
5 316
5 330
5 438
5 554
5 587
5 603
5 648
5 684
6 14
6 35
6 67
6 70
6 98
6 156
6 158
6 176
6 199
6 219
6 274
6 298
6 338
6 397
6 460
6 495
6 549
6 565
6 652
7 10
7 47
7 89
7 93
7 119
7 169
7 213
7 237
7 256
7 268
7 281
7 354
7 423
7 455
7 532
7 591
7 635
7 662
7 702
8 19
8 40
8 83
8 187
8 192
8 206
8 308
8 348
8 391
8 401
8 411
8 444
8 484
8 548
8 573
8 600
8 606
8 630
8 715
9 54
9 117
9 121
9 127
9 133
9 150
9 206
9 247
9 500
9 513
9 571
9 578
9 638
10 47
10 50
10 51
10 73
10 89
10 169
10 180
10 210
10 221
10 237
10 388
10 430
10 515
10 584
10 618
10 662
10 670
10 702
11 101
11 142
11 152
11 172
11 173
11 185
11 391
11 418
11 422
11 461
11 473
12 75
12 216
12 217
12 240
12 463
12 507
12 518
12 540
12 655
12 658
12 712
13 55
13 67
13 86
13 191
13 204
13 253
13 425
13 460
13 465
13 508
13 511
13 528
13 565
13 646
13 650
13 651
13 652
13 661
13 681
14 121
14 176
14 205
14 207
14 274
14 338
14 340
14 351
14 397
14 432
14 438
14 442
14 495
14 523
14 565
14 689
15 46
15 120
15 132
15 176
15 248
15 307
15 325
15 335
15 462
15 468
15 488
15 505
15 508
15 525
15 583
15 621
15 632
16 37
16 84
16 91
16 121
16 292
16 317
16 369
16 371
16 395
16 399
16 409
16 416
16 421
16 487
16 492
16 590
16 694
17 42
17 91
17 290
17 294
17 318
17 319
17 369
17 371
17 416
17 489
17 556
17 580
17 631
18 22
18 60
18 66
18 199
18 213
18 223
18 322
18 341
18 364
18 375
18 387
18 391
18 557
18 562
18 607
18 631
18 645
18 646
18 711
19 60
19 66
19 152
19 185
19 191
19 298
19 308
19 318
19 328
19 391
19 418
19 548
19 607
19 630
20 29
20 41
20 61
20 62
20 128
20 177
20 210
20 222
20 378
20 402
20 426
20 510
20 515
20 557
20 584
20 673
20 697
20 702
20 710
21 30
21 149
21 186
21 190
21 211
21 233
21 352
21 458
21 482
21 568
21 596
21 642
21 686
22 72
22 133
22 203
22 210
22 215
22 277
22 364
22 377
22 378
22 387
22 396
22 426
22 506
22 557
22 607
22 668
22 714
22 719
23 70
23 86
23 156
23 158
23 334
23 342
23 345
23 349
23 434
23 455
23 502
23 565
24 42
24 145
24 168
24 307
24 323
24 346
24 390
24 427
24 483
24 598
24 621
25 26
25 45
25 50
25 59
25 86
25 90
25 180
25 273
25 295
25 306
25 402
25 490
25 522
25 538
25 647
25 653
25 701
25 706
26 86
26 90
26 250
26 260
26 264
26 295
26 306
26 327
26 490
26 497
26 522
26 535
26 668
26 697
27 35
27 49
27 52
27 64
27 124
27 139
27 329
27 344
27 347
27 400
27 519
27 525
27 546
27 555
27 567
27 574
27 636
27 681
27 696
28 41
28 43
28 48
28 74
28 108
28 157
28 164
28 174
28 211
28 242
28 270
28 275
28 363
28 449
28 494
28 567
28 671
29 45
29 61
29 167
29 180
29 366
29 378
29 388
29 402
29 471
29 510
29 522
29 544
29 572
29 582
29 584
29 702
30 112
30 181
30 190
30 211
30 267
30 316
30 324
30 447
30 458
30 482
30 508
30 523
30 569
30 575
30 642
30 686
30 690
30 700
31 72
31 144
31 151
31 205
31 250
31 260
31 295
31 535
31 554
31 673
31 675
31 684
32 107
32 123
32 171
32 313
32 326
32 405
32 428
32 521
32 560
32 588
32 684
32 700
32 709
33 36
33 71
33 253
33 263
33 297
33 410
33 473
33 493
33 539
33 541
33 563
33 576
33 585
33 594
33 605
33 613
33 669
33 685
33 713
34 79
34 105
34 114
34 159
34 163
34 212
34 238
34 259
34 275
34 364
34 372
34 379
34 409
34 439
34 451
34 680
34 683
35 49
35 67
35 70
35 128
35 199
35 298
35 329
35 344
35 400
35 460
35 465
35 531
35 549
35 555
35 562
35 654
35 681
36 165
36 203
36 263
36 310
36 319
36 384
36 389
36 410
36 427
36 437
36 480
36 487
36 551
36 563
36 585
36 605
36 669
36 713
37 84
37 147
37 230
37 235
37 241
37 275
37 280
37 292
37 369
37 385
37 399
37 492
37 590
37 595
37 604
37 608
37 664
37 678
38 66
38 130
38 173
38 185
38 243
38 308
38 364
38 401
38 444
38 548
38 708
39 116
39 118
39 144
39 171
39 313
39 326
39 330
39 377
39 520
39 524
39 588
39 589
39 673
40 77
40 187
40 192
40 277
40 343
40 348
40 386
40 401
40 477
40 484
40 527
40 537
40 600
40 659
41 128
41 210
41 222
41 254
41 270
41 344
41 363
41 692
41 710
42 165
42 168
42 231
42 290
42 294
42 317
42 318
42 319
42 371
42 410
42 420
42 427
42 436
42 593
42 631
43 48
43 74
43 113
43 164
43 167
43 242
43 273
43 275
43 331
43 602
43 619
43 671
43 672
43 717
44 115
44 117
44 190
44 233
44 256
44 283
44 330
44 352
44 438
44 452
44 587
44 596
44 648
44 698
45 50
45 59
45 141
45 167
45 260
45 345
45 366
45 388
45 490
45 497
45 522
45 544
45 572
45 650
45 653
45 701
46 145
46 168
46 176
46 178
46 244
46 307
46 374
46 390
46 436
46 441
46 462
46 505
46 508
46 551
46 598
46 632
47 89
47 143
47 169
47 237
47 246
47 281
47 312
47 349
47 393
47 470
47 499
47 532
47 626
47 645
47 662
47 698
47 702
48 68
48 74
48 109
48 164
48 174
48 222
48 242
48 270
48 275
48 482
48 519
48 547
48 663
48 671
48 692
49 78
49 85
49 160
49 329
49 341
49 344
49 357
49 383
49 400
49 549
49 555
49 587
49 681
49 686
49 710
50 51
50 59
50 73
50 221
50 311
50 327
50 360
50 429
50 450
50 490
50 584
50 697
50 701
50 714
51 73
51 166
51 181
51 191
51 199
51 221
51 312
51 354
51 415
51 456
51 543
51 584
51 634
51 640
51 687
52 64
52 114
52 116
52 124
52 139
52 220
52 245
52 272
52 424
52 516
52 525
52 574
52 622
52 651
52 656
52 677
52 682
52 696
53 112
53 161
53 252
53 262
53 265
53 285
53 353
53 419
53 501
53 542
53 552
53 570
53 661
53 684
53 703
54 58
54 111
54 117
54 121
54 150
54 274
54 287
54 351
54 369
54 372
54 395
54 420
54 432
54 480
54 571
54 578
54 638
54 694
55 67
55 204
55 220
55 291
55 294
55 358
55 394
55 508
55 524
55 530
55 574
55 651
55 654
55 665
55 682
55 710
56 113
56 164
56 230
56 282
56 293
56 407
56 467
56 572
56 602
56 693
56 705
56 706
56 717
57 132
57 139
57 217
57 223
57 315
57 356
57 540
57 592
57 617
57 655
57 658
58 71
58 215
58 226
58 258
58 274
58 287
58 291
58 340
58 351
58 367
58 386
58 395
58 475
58 526
58 610
58 622
58 662
58 689
59 87
59 141
59 260
59 306
59 325
59 345
59 380
59 490
59 497
59 606
59 628
59 640
59 650
59 653
59 701
60 185
60 191
60 212
60 213
60 223
60 298
60 318
60 322
60 328
60 341
60 426
60 506
60 562
60 607
60 645
60 708
60 711
61 96
61 184
61 234
61 339
61 378
61 402
61 420
61 466
61 487
61 510
61 584
61 618
61 661
61 670
61 702
62 177
62 201
62 221
62 224
62 264
62 295
62 360
62 426
62 497
62 515
62 529
62 557
62 668
62 673
62 697
62 701
62 714
63 65
63 69
63 77
63 208
63 215
63 235
63 343
63 348
63 359
63 373
63 473
63 477
63 564
63 597
63 614
63 633
63 671
64 102
64 124
64 139
64 318
64 321
64 335
64 346
64 356
64 375
64 525
64 574
64 615
64 696
65 77
65 100
65 113
65 149
65 159
65 174
65 208
65 242
65 270
65 359
65 392
65 412
65 473
65 474
65 564
65 604
65 671
65 672
66 130
66 152
66 185
66 199
66 322
66 375
66 391
66 401
66 418
66 444
66 631
66 646
67 70
67 90
67 199
67 204
67 297
67 298
67 339
67 345
67 425
67 457
67 460
67 508
67 542
67 549
67 651
68 109
68 157
68 211
68 270
68 357
68 412
68 458
68 482
68 494
68 519
68 547
68 568
68 663
69 215
69 245
69 257
69 277
69 287
69 340
69 343
69 348
69 386
69 437
69 504
69 506
69 513
69 530
69 545
69 557
69 612
69 633
70 199
70 207
70 298
70 305
70 334
70 342
70 351
70 434
70 460
70 549
70 559
70 565
70 625
70 632
70 652
71 226
71 232
71 253
71 258
71 297
71 332
71 340
71 475
71 493
71 495
71 518
71 539
71 610
71 625
71 662
72 177
72 210
72 272
72 326
72 377
72 378
72 506
72 520
72 535
72 665
72 668
72 673
72 714
73 88
73 104
73 134
73 221
73 268
73 298
73 300
73 393
73 456
73 543
73 569
73 584
73 628
73 646
74 111
74 159
74 163
74 164
74 170
74 179
74 194
74 242
74 275
74 280
74 373
74 421
74 439
74 486
74 503
74 590
74 604
74 671
75 175
75 216
75 240
75 269
75 333
75 354
75 356
75 393
75 459
75 507
75 518
75 558
75 658
75 712
76 301
76 371
76 399
76 478
76 489
76 551
76 556
76 580
76 593
77 193
77 208
77 277
77 359
77 386
77 473
77 477
77 486
77 564
77 633
77 644
77 659
77 671
77 678
78 81
78 83
78 118
78 205
78 229
78 330
78 352
78 357
78 452
78 488
78 587
78 603
78 624
78 648
78 686
79 110
79 112
79 155
79 159
79 166
79 178
79 179
79 226
79 238
79 275
79 279
79 323
79 355
79 372
79 409
79 503
79 553
79 628
79 649
79 680
80 82
80 125
80 131
80 134
80 181
80 188
80 208
80 227
80 289
80 292
80 293
80 350
80 361
80 419
80 431
80 433
80 464
80 472
80 496
81 83
81 154
81 229
81 283
81 330
81 380
81 401
81 488
81 500
81 573
81 627
81 630
81 638
81 648
81 674
82 96
82 193
82 208
82 293
82 337
82 350
82 431
82 433
82 496
82 517
82 614
82 688
83 117
83 154
83 206
83 218
83 229
83 330
83 411
83 444
83 488
83 573
83 606
83 648
83 715
84 292
84 301
84 369
84 399
84 414
84 478
84 489
84 492
84 536
84 590
84 620
85 93
85 160
85 251
85 315
85 322
85 341
85 383
85 406
85 470
85 500
85 531
85 549
85 562
85 586
85 607
85 681
85 710
85 715
86 90
86 158
86 253
86 295
86 306
86 345
86 349
86 455
86 460
86 490
86 511
86 522
86 528
86 650
86 661
87 94
87 248
87 306
87 309
87 325
87 336
87 346
87 380
87 407
87 419
87 431
87 505
87 561
87 583
87 606
87 628
87 640
87 713
88 134
88 198
88 232
88 240
88 268
88 296
88 300
88 393
88 469
88 543
88 553
88 569
88 634
88 649
88 660
88 685
88 687
88 716
89 135
89 138
89 169
89 237
89 271
89 379
89 397
89 417
89 526
89 533
89 612
89 632
89 662
89 702
90 143
90 156
90 295
90 297
90 306
90 339
90 342
90 345
90 425
90 457
90 490
90 522
90 542
90 635
90 650
91 231
91 328
91 358
91 371
91 375
91 427
91 489
91 556
91 580
91 694
91 707
92 170
92 241
92 280
92 292
92 350
92 361
92 414
92 415
92 416
92 472
92 476
92 478
92 492
92 552
92 561
92 569
92 595
92 620
92 694
93 213
93 251
93 315
93 322
93 423
93 451
93 470
93 531
93 532
93 533
93 591
93 607
93 645
94 124
94 168
94 178
94 225
94 335
94 336
94 346
94 483
94 505
94 583
94 615
94 621
95 105
95 122
95 376
95 424
95 527
95 574
95 600
95 601
95 656
95 677
95 691
96 201
96 249
96 302
96 311
96 337
96 381
96 420
96 466
96 487
96 517
96 670
97 105
97 230
97 241
97 304
97 385
97 467
97 516
97 590
97 602
97 705
97 718
98 156
98 158
98 219
98 271
98 314
98 334
98 362
98 398
98 403
98 434
98 636
98 652
99 135
99 163
99 169
99 176
99 213
99 305
99 379
99 387
99 451
99 470
99 533
99 680
99 708
100 113
100 148
100 159
100 174
100 183
100 236
100 242
100 270
100 368
100 433
100 461
100 477
100 568
100 604
100 613
100 633
100 671
100 672
101 130
101 150
101 152
101 173
101 209
101 243
101 423
101 479
101 548
101 616
101 626
101 639
102 124
102 132
102 220
102 261
102 328
102 335
102 346
102 347
102 400
102 424
102 592
102 615
102 631
103 129
103 162
103 198
103 225
103 238
103 300
103 320
103 355
103 503
103 518
103 541
103 577
103 598
103 649
103 660
103 666
103 687
104 141
104 166
104 179
104 182
104 238
104 248
104 258
104 267
104 298
104 336
104 411
104 456
104 490
104 501
104 627
104 628
104 640
104 646
105 114
105 163
105 230
105 259
105 376
105 424
105 516
105 574
105 683
105 691
106 153
106 197
106 203
106 276
106 279
106 296
106 300
106 445
106 469
106 484
106 488
106 545
106 577
106 586
106 634
106 667
107 140
107 200
107 204
107 224
107 239
107 289
107 311
107 313
107 428
107 442
107 447
107 462
107 521
107 560
107 642
107 684
107 690
107 700
108 148
108 157
108 174
108 211
108 214
108 265
108 400
108 403
108 449
108 474
108 494
108 519
108 567
108 663
108 696
108 704
109 149
109 157
109 183
109 270
109 449
109 482
109 494
109 519
109 547
109 609
109 663
109 686
110 112
110 134
110 155
110 166
110 226
110 262
110 267
110 324
110 353
110 415
110 501
110 503
110 628
110 642
111 163
111 179
111 246
111 256
111 273
111 369
111 372
111 409
111 420
111 421
111 432
111 439
111 476
111 480
111 503
111 536
111 572
111 604
111 694
112 155
112 166
112 181
112 226
112 267
112 501
112 503
112 569
112 628
112 690
112 703
113 159
113 164
113 174
113 270
113 331
113 572
113 604
113 619
113 672
113 705
113 706
114 163
114 220
114 259
114 385
114 467
114 516
114 656
114 677
114 683
114 691
115 118
115 136
115 154
115 229
115 233
115 276
115 330
115 438
115 468
115 520
115 554
115 573
115 587
115 588
115 624
115 648
116 245
116 257
116 271
116 272
116 286
116 349
116 377
116 424
116 524
116 526
116 588
116 622
116 635
116 651
116 665
116 673
116 682
117 121
117 150
117 154
117 218
117 256
117 283
117 352
117 571
117 578
117 638
117 698
118 144
118 154
118 205
118 229
118 276
118 326
118 330
118 352
118 452
118 468
118 573
118 587
118 589
118 603
118 624
119 167
119 218
119 233
119 246
119 256
119 268
119 281
119 354
119 372
119 421
119 446
119 452
119 455
119 620
119 635
119 638
119 698
119 706
120 139
120 145
120 204
120 248
120 261
120 276
120 305
120 325
120 335
120 374
120 397
120 505
120 575
120 583
120 621
121 150
121 207
121 317
121 340
121 395
121 409
121 416
121 421
121 432
121 487
121 571
121 578
121 638
121 689
122 153
122 187
122 189
122 343
122 380
122 411
122 440
122 444
122 600
122 630
122 659
122 667
122 677
122 683
123 171
123 182
123 226
123 244
123 289
123 303
123 405
123 454
123 491
123 554
123 589
123 695
124 139
124 328
124 525
124 574
124 592
124 615
124 621
124 631
124 696
125 131
125 227
125 289
125 315
125 316
125 361
125 362
125 413
125 442
125 495
125 559
125 566
125 637
125 711
126 158
126 196
126 214
126 342
126 368
126 474
126 502
126 636
127 133
127 218
127 247
127 283
127 395
127 432
127 513
127 578
127 579
127 616
127 674
127 715
128 160
128 210
128 222
128 290
128 394
128 465
128 531
128 555
128 562
128 651
128 654
128 707
128 710
129 146
129 195
129 228
129 285
129 294
129 320
129 362
129 435
129 563
129 599
129 649
129 707
130 185
130 209
130 212
130 308
130 387
130 401
130 444
130 548
131 137
131 140
131 155
131 201
131 227
131 239
131 258
131 289
131 361
131 405
131 429
131 441
131 491
131 695
131 700
132 139
132 217
132 220
132 261
132 347
132 400
132 424
132 468
132 488
132 525
132 583
132 615
133 197
133 203
133 215
133 277
133 396
133 406
133 426
133 504
133 513
133 719
134 181
134 188
134 268
134 292
134 300
134 324
134 393
134 415
134 419
134 464
134 472
134 501
134 543
134 569
134 642
135 138
135 169
135 176
135 271
135 281
135 305
135 417
135 430
135 451
135 475
135 526
135 532
135 584
135 612
135 676
136 144
136 229
136 252
136 405
136 428
136 438
136 454
136 520
136 535
136 554
136 588
136 589
136 603
136 675
137 140
137 155
137 175
137 225
137 244
137 258
137 303
137 307
137 323
137 374
137 389
137 405
137 441
137 498
137 593
137 695
138 143
138 146
138 219
138 271
138 272
138 286
138 314
138 367
138 434
138 455
138 524
138 526
138 566
138 612
139 217
139 261
139 276
139 505
139 525
139 574
139 696
140 155
140 224
140 258
140 289
140 311
140 350
140 405
140 413
140 441
140 447
140 464
140 491
140 637
140 695
141 166
141 221
141 248
141 260
141 306
141 336
141 345
141 411
141 450
141 490
141 497
141 522
141 627
141 650
141 653
142 288
142 418
142 422
142 461
142 471
142 473
142 479
142 481
142 485
142 534
142 560
142 629
143 156
143 246
143 272
143 312
143 314
143 342
143 349
143 367
143 393
143 455
143 524
143 532
143 612
143 635
143 650
143 698
144 151
144 205
144 250
144 326
144 330
144 405
144 454
144 554
144 589
144 684
145 178
145 204
145 244
145 305
145 307
145 374
145 397
145 436
145 441
145 483
145 551
145 575
145 583
145 598
146 195
146 219
146 223
146 227
146 251
146 286
146 294
146 338
146 362
146 398
146 413
146 434
146 563
146 566
146 599
146 625
146 707
147 189
147 202
147 230
147 235
147 259
147 280
147 282
147 304
147 327
147 370
147 385
147 486
147 529
147 560
147 570
147 608
147 704
147 718
148 183
148 196
148 265
148 368
148 392
148 474
148 519
148 568
148 671
148 704
149 183
149 242
149 392
149 412
149 474
149 494
149 568
149 596
150 243
150 245
150 291
150 297
150 423
150 479
150 528
150 571
150 578
150 579
150 616
150 626
150 638
150 639
151 171
151 205
151 228
151 239
151 250
151 252
151 353
151 370
151 428
151 447
151 514
151 554
151 629
151 684
151 703
151 709
152 172
152 173
152 288
152 359
152 418
152 485
152 613
153 192
153 203
153 296
153 343
153 406
153 408
153 440
153 444
153 445
153 468
153 484
153 545
153 630
153 659
153 667
154 218
154 276
154 380
154 401
154 468
154 500
154 573
154 587
154 624
154 627
154 630
154 674
155 166
155 182
155 226
155 237
155 258
155 287
155 332
155 405
155 441
155 493
155 503
155 628
155 676
155 689
155 695
156 158
156 219
156 342
156 502
156 635
156 650
156 652
157 174
157 211
157 412
157 449
157 482
157 494
157 567
157 568
157 609
157 686
158 196
158 219
158 342
158 345
158 349
158 455
158 652
159 170
159 174
159 194
159 238
159 270
159 275
159 280
159 372
159 373
159 409
159 486
159 590
159 604
159 672
159 680
160 290
160 341
160 363
160 378
160 383
160 394
160 515
160 549
160 651
160 654
160 681
160 692
160 707
160 710
161 216
161 228
161 252
161 262
161 263
161 285
161 309
161 320
161 459
161 514
161 591
161 599
161 626
161 684
162 195
162 266
162 300
162 355
162 359
162 384
162 461
162 518
162 539
162 541
162 605
162 666
162 669
162 685
162 687
162 716
163 179
163 259
163 387
163 421
163 439
163 503
163 533
163 604
163 680
163 683
163 708
164 242
164 275
164 572
164 657
164 671
164 672
164 705
164 706
165 195
165 203
165 231
165 309
165 310
165 317
165 365
165 384
165 410
165 420
165 436
165 437
165 453
165 539
165 576
165 585
165 593
166 191
166 199
166 226
166 248
166 336
166 411
166 490
166 503
166 543
166 627
166 628
166 640
167 273
167 366
167 372
167 388
167 421
167 446
167 522
167 544
167 572
167 602
167 620
167 672
167 698
167 706
167 717
168 178
168 225
168 335
168 374
168 390
168 427
168 483
169 176
169 237
169 257
169 286
169 305
169 314
169 367
169 417
169 451
169 662
169 702
170 194
170 280
170 292
170 373
170 476
170 486
170 590
170 595
170 619
170 620
170 664
171 239
171 252
171 313
171 370
171 405
171 447
171 520
171 629
171 709
172 185
172 209
172 243
172 288
172 359
172 391
172 418
172 485
172 613
173 209
173 243
173 299
173 308
173 499
173 534
173 571
173 579
173 591
174 211
174 222
174 270
174 449
174 494
174 567
174 604
174 672
174 692
175 237
175 244
175 254
175 329
175 333
175 404
175 459
175 475
175 498
175 507
175 558
176 274
176 305
176 307
176 338
176 397
176 451
176 462
176 495
176 505
176 508
176 565
176 632
177 250
177 272
177 326
177 377
177 426
177 515
177 520
177 557
177 665
177 673
177 675
177 697
178 179
178 225
178 244
178 279
178 323
178 335
178 355
178 436
178 441
178 483
178 551
178 553
178 598
178 649
179 182
179 238
179 258
179 267
179 279
179 323
179 355
179 421
179 439
179 501
179 503
179 553
179 604
179 640
179 649
180 210
180 273
180 388
180 402
180 430
180 471
180 515
180 538
180 582
180 618
180 647
180 653
180 670
180 706
181 188
181 267
181 292
181 312
181 354
181 415
181 419
181 456
181 464
181 472
181 569
181 634
181 687
181 690
182 226
182 237
182 238
182 244
182 258
182 267
182 287
182 289
182 303
182 332
182 454
182 491
182 493
182 501
182 640
182 676
182 689
183 186
183 190
183 368
183 412
183 494
183 568
183 671
184 234
184 249
184 284
184 339
184 544
184 611
184 618
184 641
184 647
184 661
185 191
185 298
185 318
185 328
185 391
185 401
185 444
185 607
186 190
186 233
186 324
186 352
186 357
186 412
186 449
186 547
186 596
186 609
186 690
187 189
187 192
187 348
187 376
187 380
187 401
187 411
187 440
187 484
187 600
187 656
187 683
188 255
188 262
188 263
188 292
188 293
188 325
188 336
188 339
188 365
188 419
188 443
188 464
188 472
188 511
188 552
188 561
188 703
188 704
189 259
189 278
189 370
189 380
189 411
189 439
189 516
189 560
189 570
189 680
189 683
189 691
189 704
189 718
190 211
190 412
190 452
190 458
190 482
190 596
190 642
190 686
191 199
191 298
191 318
191 328
191 425
191 465
191 543
191 565
191 607
191 640
191 646
191 652
191 681
192 296
192 348
192 401
192 406
192 408
192 437
192 445
192 468
192 469
192 484
192 600
192 667
192 719
193 486
193 537
193 597
193 601
193 614
193 633
193 644
193 678
193 688
194 280
194 331
194 373
194 446
194 472
194 486
194 492
194 536
194 590
194 595
194 657
194 664
195 294
195 309
195 310
195 362
195 365
195 453
195 539
195 563
195 576
195 599
195 605
195 685
195 707
196 342
196 392
196 403
196 502
196 546
197 206
197 276
197 341
197 406
197 408
197 469
197 484
197 488
197 504
197 531
197 586
197 667
197 674
198 225
198 232
198 238
198 240
198 355
198 435
198 503
198 577
198 598
198 599
198 634
198 649
198 660
198 685
198 716
199 298
199 322
199 375
199 391
199 460
199 543
199 549
199 631
199 640
199 646
200 204
200 207
200 227
200 239
200 274
200 316
200 442
200 462
200 523
200 603
200 637
200 642
200 690
201 221
201 224
201 239
201 249
201 264
201 302
201 311
201 381
201 429
201 491
201 529
201 668
201 700
201 701
202 235
202 282
202 304
202 327
202 331
202 382
202 431
202 443
202 486
202 529
202 693
202 705
202 717
203 215
203 277
203 296
203 384
203 396
203 426
203 437
203 484
203 545
203 585
203 719
204 239
204 305
204 374
204 397
204 442
204 462
204 508
204 575
204 583
204 642
204 651
204 690
205 229
205 250
205 351
205 352
205 438
205 442
205 452
205 523
205 554
205 603
205 624
205 684
206 247
206 341
206 408
206 411
206 444
206 500
206 531
206 573
206 606
206 674
206 715
207 274
207 305
207 316
207 340
207 351
207 432
207 559
207 603
207 625
207 632
207 652
207 689
208 236
208 249
208 293
208 350
208 359
208 431
208 433
208 473
208 496
208 564
208 671
208 699
209 243
209 299
209 418
209 499
209 534
209 548
209 571
209 579
209 591
210 222
210 377
210 378
210 388
210 430
210 506
210 515
210 618
210 668
210 670
210 710
210 714
211 357
211 449
211 458
211 482
211 494
211 547
211 567
211 642
211 686
212 308
212 322
212 364
212 379
212 387
212 426
212 439
212 451
212 506
212 708
213 223
213 341
213 379
213 423
213 470
213 532
213 562
213 591
213 645
213 711
214 219
214 334
214 400
214 403
214 546
214 636
214 663
214 696
215 277
215 291
215 343
215 348
215 367
215 386
215 396
215 426
215 526
215 622
215 633
215 689
215 719
216 228
216 240
216 263
216 269
216 309
216 404
216 459
216 498
216 507
216 518
216 591
216 626
216 643
216 658
216 712
217 251
217 321
217 463
217 617
217 655
217 711
218 233
218 246
218 247
218 283
218 395
218 432
218 452
218 579
218 616
218 638
219 286
219 334
219 434
219 546
219 566
219 652
220 261
220 291
220 347
220 394
220 400
220 424
220 516
220 524
220 530
220 574
220 615
220 656
220 665
220 677
221 224
221 264
221 306
221 450
221 522
221 529
221 584
221 653
221 668
221 701
222 329
222 363
222 581
222 692
222 710
223 227
223 251
223 315
223 338
223 341
223 356
223 398
223 413
223 562
223 592
223 625
223 645
223 655
223 711
224 264
224 284
224 289
224 311
224 337
224 429
224 447
224 466
224 529
224 668
224 699
224 701
225 238
225 303
225 307
225 323
225 335
225 374
225 389
225 483
225 503
225 577
225 593
225 598
225 660
226 244
226 258
226 289
226 303
226 340
226 454
226 475
226 491
226 503
226 610
226 628
226 662
227 251
227 289
227 338
227 361
227 398
227 413
227 523
227 625
227 637
228 263
228 285
228 309
228 353
228 428
228 435
228 459
228 514
228 591
228 626
228 703
229 330
229 352
229 452
229 488
229 520
229 554
229 588
229 603
229 624
229 648
230 280
230 385
230 467
230 516
230 608
230 717
231 317
231 319
231 328
231 358
231 375
231 390
231 410
231 420
231 427
231 436
231 483
231 556
231 593
231 707
232 240
232 269
232 332
232 333
232 459
232 463
232 495
232 518
232 540
232 625
232 634
232 643
232 649
232 666
232 685
232 716
233 246
233 330
233 352
233 438
233 452
233 587
233 638
233 648
234 302
234 339
234 366
234 538
234 611
234 618
234 641
234 661
234 699
235 241
235 275
235 282
235 304
235 327
235 373
235 477
235 486
235 529
235 595
235 597
235 604
235 614
235 664
235 678
236 242
236 249
236 361
236 407
236 433
236 443
236 461
236 464
236 477
236 517
236 564
236 613
236 633
236 688
236 699
237 254
237 287
237 329
237 332
237 404
237 475
237 493
237 662
237 676
237 689
237 702
238 258
238 267
238 275
238 372
238 409
238 501
238 503
238 577
238 598
238 640
238 660
238 680
239 252
239 370
239 429
239 442
239 447
239 462
239 491
239 629
239 642
239 690
239 700
239 709
240 338
240 493
240 507
240 518
240 559
240 610
240 634
240 649
240 658
240 666
240 685
240 712
240 716
241 275
241 280
241 304
241 414
241 416
241 467
241 472
241 478
241 590
241 595
241 604
241 664
241 678
241 694
241 718
242 275
242 392
242 412
242 433
242 461
242 474
242 477
242 613
242 633
242 671
243 308
243 418
243 423
243 479
243 616
243 626
243 639
244 289
244 303
244 436
244 441
244 454
244 491
244 498
244 551
244 598
245 257
245 272
245 277
245 287
245 291
245 297
245 340
245 424
245 528
245 530
245 579
245 612
245 622
245 651
245 682
246 256
246 273
246 312
246 349
246 393
246 409
246 452
246 476
246 532
246 536
246 572
246 638
246 698
247 283
247 395
247 396
247 432
247 500
247 504
247 578
247 579
247 616
248 309
248 325
248 335
248 336
248 407
248 411
248 419
248 431
248 490
248 561
248 621
248 627
248 713
249 284
249 302
249 311
249 381
249 611
249 699
250 377
250 497
250 535
250 554
250 675
250 684
251 315
251 321
251 322
251 338
251 398
251 413
251 470
251 531
251 607
251 617
251 625
251 711
252 262
252 285
252 370
252 428
252 438
252 447
252 535
252 589
252 603
252 629
252 675
252 684
252 709
253 297
253 457
253 460
253 493
253 511
253 528
253 530
253 539
253 571
253 616
253 622
253 650
253 661
254 329
254 344
254 347
254 383
254 404
254 465
254 475
254 549
254 581
254 692
254 696
255 262
255 265
255 278
255 304
255 339
255 368
255 392
255 511
255 521
255 561
255 567
255 570
255 608
255 629
255 663
255 683
255 703
255 704
256 268
256 273
256 281
256 283
256 352
256 354
256 409
256 455
256 476
256 536
256 572
256 635
256 698
257 271
257 277
257 286
257 287
257 314
257 340
257 349
257 367
257 417
257 526
257 530
257 612
257 635
257 665
258 267
258 340
258 405
258 441
258 475
258 501
258 610
258 640
258 662
258 695
259 278
259 370
259 440
259 560
259 570
259 600
259 606
259 627
259 683
259 704
259 718
260 264
260 295
260 327
260 345
260 497
260 650
260 653
260 668
260 675
260 697
261 276
261 347
261 400
261 424
261 505
261 525
261 615
261 617
261 655
262 267
262 285
262 339
262 353
262 511
262 561
262 684
262 703
262 704
263 293
263 309
263 325
263 336
263 365
263 410
263 443
263 459
263 552
263 563
263 591
263 605
263 626
263 669
263 713
264 327
264 360
264 373
264 382
264 529
264 608
264 668
264 678
264 693
264 697
264 701
264 718
265 278
265 304
265 353
265 419
265 474
265 519
265 521
265 542
265 552
265 570
265 608
265 629
265 661
265 683
265 704
266 310
266 359
266 384
266 410
266 461
266 539
266 545
266 553
266 577
266 585
266 594
266 669
266 716
266 719
267 353
267 501
267 569
267 640
267 690
268 281
268 300
268 312
268 321
268 333
268 354
268 393
268 455
268 543
268 569
268 592
268 635
268 712
269 333
269 354
269 356
269 393
269 404
269 459
269 463
269 498
269 540
269 643
269 666
269 712
270 363
270 482
270 519
270 547
270 604
270 663
270 672
271 286
271 314
271 334
271 349
271 362
271 398
271 526
271 612
271 635
271 665
272 314
272 326
272 367
272 424
272 455
272 520
272 524
272 612
272 622
272 651
272 665
272 682
273 402
273 409
273 476
273 536
273 538
273 572
273 602
273 647
273 653
273 672
273 706
273 717
274 287
274 316
274 338
274 351
274 395
274 397
274 495
274 565
274 603
275 372
275 409
275 595
275 604
275 664
275 671
275 678
275 680
276 468
276 469
276 484
276 488
276 505
276 573
276 586
276 587
276 624
276 667
277 287
277 340
277 386
277 396
277 426
277 477
277 530
277 612
277 659
277 719
278 304
278 439
278 440
278 516
278 521
278 600
278 606
278 608
278 627
278 629
278 680
278 683
278 691
279 300
279 323
279 355
279 384
279 445
279 553
279 577
279 594
279 634
279 649
279 660
280 373
280 385
280 414
280 416
280 472
280 478
280 486
280 590
280 608
280 694
281 354
281 417
281 430
281 455
281 470
281 475
281 499
281 532
281 584
281 626
281 635
281 645
281 676
282 293
282 304
282 327
282 382
282 407
282 486
282 529
282 602
282 619
282 657
282 693
283 352
283 395
283 432
283 573
283 579
283 616
283 638
283 698
284 302
284 337
284 429
284 433
284 466
284 564
284 611
284 699
285 365
285 423
285 435
285 499
285 507
285 514
285 643
285 684
285 713
286 314
286 349
286 367
286 417
286 434
286 526
286 566
286 635
286 665
287 332
287 340
287 351
287 395
287 493
287 530
287 612
287 676
287 689
288 299
288 359
288 422
288 471
288 481
288 485
288 560
288 613
288 629
288 639
289 303
289 311
289 361
289 447
289 454
289 491
290 294
290 318
290 319
290 320
290 358
290 371
290 394
290 398
290 435
290 453
290 566
290 605
290 631
290 651
290 707
291 297
291 367
291 386
291 394
291 524
291 526
291 528
291 530
291 574
291 579
291 622
291 665
291 689
292 369
292 399
292 419
292 464
292 472
292 476
292 492
292 590
292 595
292 620
293 325
293 336
293 350
293 365
293 407
293 431
293 433
293 443
293 496
293 552
293 602
293 693
294 318
294 319
294 358
294 362
294 371
294 563
294 599
294 631
294 654
294 682
294 707
294 710
295 306
295 360
295 490
295 497
295 522
295 529
295 675
295 714
296 406
296 408
296 445
296 468
296 469
296 484
296 545
296 553
296 660
296 687
297 339
297 345
297 425
297 457
297 493
297 528
297 539
297 542
297 579
298 318
298 328
298 456
298 460
298 549
298 607
298 628
298 646
299 422
299 479
299 499
299 512
299 534
299 550
299 571
299 579
299 591
299 639
300 355
300 393
300 445
300 518
300 541
300 543
300 569
300 577
300 634
300 666
300 687
301 371
301 389
301 414
301 436
301 489
301 556
301 580
302 311
302 381
302 433
302 564
302 641
302 699
303 307
303 323
303 374
303 389
303 404
303 441
303 454
303 491
303 558
303 593
304 327
304 467
304 486
304 521
304 529
304 590
304 608
304 629
304 683
304 718
305 351
305 374
305 397
305 451
305 559
305 575
305 583
305 625
305 632
305 652
306 325
306 380
306 450
306 490
306 522
306 606
306 628
306 640
306 653
307 323
307 374
307 389
307 462
307 483
307 505
307 508
307 593
307 632
308 387
308 391
308 548
308 630
309 310
309 365
309 407
309 419
309 431
309 453
309 459
309 539
309 561
309 576
309 591
309 626
309 713
310 319
310 365
310 389
310 410
310 427
310 453
310 480
310 487
310 539
310 545
310 551
310 576
310 594
310 719
311 327
311 360
311 381
311 429
311 447
311 450
311 697
311 714
312 321
312 333
312 349
312 354
312 393
312 415
312 456
312 532
312 592
312 634
312 687
312 698
312 712
313 428
313 454
313 520
313 521
313 560
313 684
313 695
313 700
313 709
314 334
314 362
314 367
314 398
314 417
314 455
314 524
314 612
315 322
315 356
315 362
315 470
315 495
315 531
315 559
315 566
315 592
315 607
315 637
315 655
315 711
316 324
316 413
316 442
316 447
316 508
316 523
316 575
316 603
316 700
317 337
317 381
317 395
317 409
317 410
317 416
317 420
317 421
317 436
317 480
317 487
317 510
317 593
317 618
318 319
318 321
318 328
318 356
318 371
318 375
318 607
318 615
318 631
319 371
319 389
319 390
319 427
319 480
319 483
319 487
319 551
319 631
320 358
320 398
320 435
320 453
320 514
320 566
320 599
320 605
320 649
321 333
321 356
321 375
321 592
321 615
321 617
321 711
321 712
322 375
322 391
322 426
322 470
322 506
322 531
322 607
322 631
322 646
322 708
323 346
323 355
323 374
323 389
323 390
323 553
323 593
323 598
323 621
323 649
324 357
324 415
324 447
324 449
324 501
324 508
324 523
324 547
324 575
324 596
324 609
324 642
324 690
324 700
325 335
325 336
325 365
325 380
325 443
325 552
325 606
325 621
325 628
325 640
326 330
326 520
326 588
326 589
326 665
326 709
327 360
327 429
327 450
327 486
327 529
327 668
327 697
327 714
328 358
328 375
328 427
328 556
328 592
328 607
328 631
328 707
329 344
329 363
329 400
329 404
329 475
329 555
329 581
329 681
330 438
330 488
330 587
330 589
330 648
331 595
331 619
331 657
331 693
332 457
332 493
332 495
332 518
332 528
332 576
332 610
332 625
332 669
332 676
332 689
333 459
333 463
333 507
333 540
333 558
333 592
333 643
333 666
333 712
334 342
334 362
334 398
334 434
334 546
334 565
335 346
335 483
335 621
336 346
336 365
336 411
336 443
336 490
336 505
336 552
336 583
336 627
337 381
337 429
337 466
337 480
337 510
337 517
337 618
337 699
338 397
338 398
338 413
338 493
338 495
338 559
338 565
338 610
338 625
338 666
339 345
339 425
339 457
339 511
339 542
339 561
339 618
339 661
339 703
339 704
340 432
340 475
340 530
340 610
340 612
340 662
340 689
341 383
341 408
341 531
341 549
341 562
341 645
341 674
341 681
341 710
341 711
342 434
342 565
342 635
342 650
343 348
343 440
343 444
343 527
343 537
343 630
343 633
343 659
343 667
344 400
344 498
344 555
344 558
344 581
344 662
344 676
344 681
344 692
345 349
345 425
345 455
345 457
345 497
345 542
345 650
345 653
346 390
346 505
346 583
346 598
346 621
347 383
347 400
347 424
347 465
347 519
347 546
347 549
347 567
347 581
347 615
347 636
347 696
348 401
348 484
348 509
348 600
348 601
348 633
348 659
349 393
349 455
349 526
349 532
349 635
349 665
349 698
350 361
350 413
350 415
350 431
350 433
350 464
350 491
350 492
350 496
350 552
350 561
350 569
350 637
351 395
351 438
351 442
351 523
351 559
351 625
351 632
351 652
352 452
352 603
352 624
352 698
353 419
353 428
353 514
353 542
353 552
353 570
353 661
353 703
354 356
354 393
354 415
354 455
354 456
354 634
354 635
354 687
355 435
355 518
355 541
355 553
355 599
355 649
355 666
355 687
356 375
356 393
356 592
356 615
356 655
357 449
357 458
357 494
357 547
357 587
357 596
357 609
357 686
357 690
358 375
358 398
358 427
358 435
358 453
358 556
358 566
358 605
358 654
358 682
358 707
358 710
359 384
359 461
359 473
359 485
359 539
359 564
359 613
359 669
359 671
359 716
360 373
360 382
360 429
360 450
360 497
360 529
360 608
360 678
360 693
360 697
360 714
360 718
361 407
361 415
361 443
361 464
361 492
361 517
361 552
361 561
361 564
361 569
361 688
362 398
362 495
362 559
362 563
362 566
362 599
362 637
362 707
362 711
363 378
363 515
363 581
363 654
363 692
364 379
364 387
364 439
364 451
364 548
364 557
364 607
364 708
365 423
365 443
365 453
365 499
365 507
365 514
365 539
365 552
365 576
365 643
365 713
366 388
366 448
366 522
366 538
366 544
366 550
366 572
366 611
366 647
367 386
367 417
367 455
367 524
367 526
367 612
367 622
367 689
368 392
368 474
368 502
368 567
368 568
368 570
368 663
368 671
369 372
369 399
369 416
369 420
369 432
369 480
369 492
369 556
369 590
369 694
370 422
370 447
370 485
370 521
370 560
370 570
370 582
370 623
370 629
370 704
370 709
370 718
371 556
371 631
371 694
372 409
372 420
372 421
372 432
372 446
372 480
372 620
372 680
372 694
372 698
372 706
373 382
373 477
373 486
373 590
373 597
373 608
373 614
373 678
373 693
373 718
374 389
374 390
374 397
374 575
374 583
374 593
375 391
375 427
375 556
375 615
375 631
375 646
375 707
376 424
376 440
376 509
376 537
376 574
376 656
376 677
376 691
377 378
377 506
377 524
377 588
377 668
377 673
377 675
377 714
378 402
378 506
378 510
378 515
378 584
378 654
378 668
378 692
378 702
378 714
379 397
379 417
379 439
379 451
379 470
379 533
379 632
380 401
380 411
380 500
380 606
380 627
380 628
380 630
380 640
380 674
380 683
381 466
381 480
381 496
381 510
381 618
381 688
382 431
382 443
382 608
382 619
382 657
382 678
382 693
382 705
382 717
382 718
383 458
383 465
383 549
383 555
383 581
383 609
383 624
383 648
383 681
383 696
383 710
384 437
384 461
384 539
384 585
384 594
384 660
384 669
384 716
385 467
385 602
385 608
385 691
385 705
386 437
386 477
386 504
386 506
386 513
386 526
386 545
386 557
386 622
386 659
386 689
387 533
387 557
387 607
387 680
387 708
388 402
388 430
388 481
388 515
388 522
388 544
388 572
388 618
388 623
388 670
389 427
389 436
389 480
389 487
389 551
389 580
389 593
390 483
390 598
390 621
391 548
391 630
391 631
391 646
392 412
392 474
392 567
392 570
392 663
393 532
393 543
393 569
393 698
394 425
394 460
394 462
394 524
394 530
394 574
394 575
394 651
394 665
394 682
394 707
395 409
395 416
395 421
395 432
395 487
395 579
395 616
396 408
396 426
396 504
396 513
396 578
396 586
396 719
397 417
397 495
397 533
397 565
397 575
397 583
397 632
398 413
398 435
398 453
398 566
398 605
398 625
399 414
399 446
399 476
399 478
399 492
399 580
399 590
400 403
400 424
400 555
400 615
400 663
400 681
400 696
401 444
401 484
401 500
401 600
401 627
401 630
401 674
402 481
402 510
402 538
402 584
402 623
402 647
402 653
402 702
402 706
403 434
403 502
403 546
403 636
403 663
403 696
404 441
404 475
404 498
404 558
404 643
404 712
405 441
405 454
405 695
406 408
406 445
406 468
406 500
406 504
406 562
406 586
406 715
407 419
407 431
407 443
407 464
407 517
407 561
407 564
407 602
407 688
407 693
407 713
408 445
408 468
408 513
408 531
408 586
408 674
409 416
409 421
409 476
409 487
409 536
409 572
409 680
410 420
410 436
410 545
410 563
410 593
410 594
410 605
410 669
410 713
410 719
411 444
411 490
411 573
411 606
411 627
411 683
411 715
412 474
412 568
413 442
413 464
413 491
413 625
413 637
414 416
414 446
414 472
414 476
414 478
414 489
414 694
415 456
415 492
415 501
415 552
415 561
415 569
415 634
415 642
415 687
416 421
416 472
416 478
416 487
416 556
416 694
417 430
417 475
417 532
417 533
417 584
417 632
417 676
418 422
418 461
418 473
419 431
419 464
419 472
419 542
419 552
419 561
419 570
419 661
419 713
420 432
420 436
420 466
420 480
420 487
420 593
420 670
420 694
421 439
421 446
421 487
421 503
421 604
421 620
421 698
421 706
422 461
422 473
422 485
422 521
422 582
422 623
422 639
423 479
423 499
423 507
423 514
423 532
423 591
423 616
423 626
423 639
423 643
423 713
424 574
424 615
424 622
424 651
424 682
424 691
425 457
425 460
425 462
425 465
425 542
425 565
425 575
425 646
425 652
425 681
425 682
426 506
426 515
426 557
426 673
426 697
426 708
426 719
427 480
427 487
427 551
427 556
427 707
428 438
428 514
428 521
428 535
428 560
428 589
428 603
428 675
428 684
428 700
428 703
429 450
429 466
429 491
429 697
429 699
429 700
429 714
430 450
430 456
430 475
430 515
430 532
430 543
430 584
430 618
430 670
430 676
430 701
430 702
431 433
431 443
431 496
431 561
431 705
431 713
431 717
432 480
432 579
432 616
432 689
432 694
433 461
433 477
433 496
433 564
433 613
433 633
434 565
434 566
434 636
435 453
435 566
435 599
435 605
436 441
436 551
436 580
436 593
436 598
437 445
437 469
437 504
437 506
437 513
437 545
437 557
437 585
437 667
437 719
438 442
438 523
438 535
438 587
438 589
438 603
438 648
438 675
439 451
439 503
439 516
439 604
439 680
439 691
440 444
440 600
440 606
440 627
440 630
440 656
440 659
440 667
441 551
441 558
441 598
441 695
442 462
442 523
442 642
442 690
443 464
443 517
443 552
443 564
443 688
443 705
443 717
444 573
444 606
444 630
444 659
444 667
444 715
445 468
445 469
445 577
445 634
445 667
445 719
446 472
446 476
446 492
446 536
446 620
446 664
446 698
446 706
447 508
447 523
447 575
447 629
447 700
447 709
448 481
448 512
448 534
448 550
448 582
448 639
448 647
448 679
449 482
449 494
449 547
449 567
449 596
449 609
449 686
449 690
450 456
450 522
450 543
450 653
450 697
450 701
450 702
450 714
451 533
451 645
452 596
452 603
452 624
452 638
453 539
453 541
453 563
453 566
453 576
453 605
453 716
454 491
454 695
454 709
455 524
455 612
455 635
456 543
456 628
456 634
456 646
456 687
456 701
456 702
457 528
457 530
457 542
457 571
457 576
457 610
457 616
457 622
457 669
458 482
458 494
458 547
458 555
458 609
458 624
458 642
458 648
458 686
459 463
459 507
459 540
459 558
459 591
459 626
459 643
459 666
460 462
460 511
460 528
460 549
460 575
460 650
460 661
460 682
461 473
461 477
461 539
461 613
461 633
461 669
461 716
462 505
462 508
462 575
462 632
462 642
462 682
462 690
463 540
463 643
463 655
463 658
463 666
464 472
464 491
464 517
464 564
464 637
464 688
465 531
465 549
465 555
465 562
465 565
465 581
465 646
465 652
465 654
465 681
465 696
466 487
466 496
466 670
466 688
466 699
467 590
467 691
467 717
467 718
468 488
468 525
468 573
468 583
468 587
468 624
469 484
469 488
469 553
469 586
469 660
469 667
469 687
469 719
470 499
470 531
470 607
470 626
470 645
471 481
471 550
471 560
471 582
471 623
471 629
471 679
472 478
472 492
472 536
472 664
472 694
473 541
473 564
473 576
473 585
473 594
473 613
473 671
473 685
474 502
474 519
474 704
475 532
475 584
475 610
475 662
475 676
476 536
476 572
476 595
476 620
477 597
477 613
477 614
477 633
477 659
478 536
478 580
478 620
478 694
479 485
479 512
479 534
479 550
479 616
479 626
479 639
480 487
480 510
480 551
480 618
480 694
481 512
481 560
481 582
481 623
481 629
482 519
482 547
482 609
482 642
482 663
482 686
484 488
484 545
484 586
484 600
484 667
485 521
485 534
485 582
485 613
485 623
486 529
486 590
486 633
486 644
486 678
487 551
487 670
488 525
488 583
488 586
488 648
488 667
489 551
489 580
489 593
490 522
490 627
490 701
491 637
491 700
492 536
492 552
492 561
492 569
492 590
492 664
493 539
493 559
493 610
493 666
493 676
493 689
494 547
494 567
495 518
495 559
495 565
495 566
495 625
495 637
495 711
496 517
496 597
496 644
496 688
497 529
497 535
497 650
497 653
497 714
498 558
498 581
498 643
498 662
498 676
498 712
499 507
499 514
499 534
499 571
499 579
499 591
499 626
499 643
499 645
499 713
500 562
500 586
500 627
500 630
500 674
500 715
501 640
501 642
501 703
502 546
503 577
503 598
503 604
503 628
503 660
504 506
504 513
504 545
504 557
504 578
505 508
505 583
505 632
506 513
506 545
506 557
506 668
506 708
506 714
507 514
507 518
507 558
507 643
507 658
507 712
507 713
508 523
508 575
508 632
508 651
508 700
509 527
509 537
509 601
509 614
509 644
509 659
509 677
510 511
510 542
510 584
510 611
510 618
510 641
510 670
510 702
511 528
511 542
511 561
511 611
511 641
511 650
511 661
511 670
511 703
511 704
512 538
512 544
512 550
512 582
512 679
513 545
513 557
513 586
514 599
514 643
514 703
514 713
515 557
515 618
515 654
515 670
515 673
515 692
515 697
516 656
516 677
516 680
516 691
517 564
517 597
517 644
517 688
518 541
518 625
518 658
518 666
518 687
518 712
519 546
519 547
519 567
519 636
519 663
519 704
520 554
520 588
520 665
521 560
521 582
521 608
521 623
521 629
521 683
521 684
521 700
522 544
522 572
522 653
523 575
523 637
523 700
524 530
524 574
524 588
524 612
524 665
524 673
525 574
525 583
525 617
525 655
525 696
526 612
526 622
526 635
526 665
526 689
527 537
527 601
527 614
527 644
527 656
528 576
528 579
528 610
528 650
528 661
528 669
529 668
529 701
529 714
530 571
530 574
530 612
530 616
530 622
530 665
531 555
531 562
531 607
531 654
531 674
532 584
532 591
532 676
532 698
533 632
533 645
533 680
533 708
534 571
534 579
534 591
534 639
534 679
535 589
535 603
535 673
535 675
536 572
536 620
536 664
537 597
537 601
537 677
538 544
538 611
538 647
538 653
538 679
538 706
539 576
539 669
539 716
540 617
540 643
540 658
540 666
541 563
541 576
541 585
541 594
541 613
541 666
541 685
541 687
541 716
542 552
542 570
542 611
542 641
542 661
542 670
543 569
543 640
543 701
543 702
544 572
544 641
544 647
544 679
545 557
545 594
545 719
546 567
546 636
547 596
547 609
547 663
547 690
548 630
548 708
549 581
549 681
549 696
549 710
550 623
550 647
550 679
551 593
551 598
552 561
552 569
552 570
552 661
553 577
553 585
553 649
553 660
553 687
554 588
554 589
554 684
554 695
555 562
555 609
555 624
555 648
555 654
555 681
556 707
557 607
557 673
557 697
558 581
558 662
558 676
559 566
559 610
559 625
559 632
559 637
559 652
559 666
559 711
560 570
560 629
560 684
560 700
560 704
560 718
561 569
561 703
561 704
561 713
562 586
562 645
562 654
562 711
562 715
563 599
563 605
563 669
563 707
563 713
563 716
564 671
564 688
565 646
565 652
565 681
566 605
566 637
566 711
567 570
567 636
567 663
568 596
568 671
569 690
570 661
570 663
570 704
570 718
571 578
571 579
571 591
571 616
571 622
571 638
572 705
572 706
573 587
573 606
573 624
573 638
573 715
574 665
574 691
574 696
575 583
575 682
575 700
576 585
576 594
576 610
576 613
576 669
576 685
577 585
577 598
577 634
577 660
578 638
578 674
578 715
579 591
579 616
581 662
581 676
581 696
582 623
584 676
584 702
585 594
585 613
585 685
586 667
586 715
587 624
587 648
587 686
588 673
588 709
589 603
589 675
589 695
590 718
591 626
592 631
592 655
592 712
594 613
594 660
594 685
594 719
595 604
595 620
595 657
595 664
595 678
596 609
596 690
597 601
597 614
597 644
598 621
598 660
599 707
600 606
600 627
600 677
601 656
601 659
602 672
602 693
602 705
602 717
603 624
603 675
604 664
604 672
604 678
605 669
605 685
605 713
606 627
606 628
606 640
606 715
608 629
608 678
608 683
608 693
608 718
609 624
609 648
609 686
609 690
610 662
610 666
610 669
611 641
611 670
613 633
613 685
614 644
614 688
615 621
616 622
616 626
616 639
617 655
617 658
617 711
618 661
618 670
619 657
619 664
620 698
620 706
622 651
622 682
622 689
623 679
624 648
625 632
625 652
626 639
626 645
627 630
627 674
628 640
628 646
629 683
629 709
630 659
630 667
630 674
631 646
632 652
633 644
633 678
634 649
634 685
634 687
634 716
635 650
635 665
637 711
639 679
641 647
641 670
641 699
642 686
642 690
643 666
643 712
643 713
644 678
645 711
646 652
646 681
647 653
647 706
649 685
649 716
650 653
650 661
651 682
651 707
652 681
653 706
654 682
654 692
654 710
656 677
657 672
658 712
659 667
660 687
662 676
662 702
663 696
664 678
666 687
667 719
668 697
668 701
668 714
669 713
669 716
672 717
673 697
674 715
676 689
678 693
678 718
680 691
680 708
681 710
682 710
684 700
685 716
693 718
695 709
697 714
698 706
701 702
703 704
704 718
705 706
705 717
