360 2948
0 3
0 16
0 65
0 74
0 123
0 170
0 205
0 278
0 301
0 309
0 316
1 21
1 33
1 43
1 58
1 85
1 98
1 100
1 124
1 186
1 221
1 239
1 266
1 289
1 308
1 313
1 350
1 352
2 31
2 53
2 116
2 120
2 132
2 150
2 175
2 185
2 187
2 213
2 259
2 267
2 268
2 320
2 329
3 16
3 71
3 123
3 145
3 153
3 155
3 156
3 220
3 242
3 249
3 267
3 269
3 279
3 300
3 309
3 310
3 311
3 316
4 20
4 55
4 61
4 83
4 125
4 128
4 134
4 227
4 241
4 328
4 345
4 346
4 347
5 11
5 25
5 33
5 77
5 119
5 172
5 199
5 211
5 233
5 239
5 246
6 10
6 28
6 32
6 35
6 65
6 68
6 74
6 101
6 104
6 123
6 134
6 197
6 205
6 216
6 344
7 34
7 49
7 60
7 64
7 81
7 89
7 160
7 171
7 174
7 181
7 204
7 223
7 254
7 301
7 309
7 318
7 327
8 14
8 27
8 56
8 63
8 67
8 69
8 78
8 93
8 96
8 128
8 149
8 175
8 197
8 202
8 245
8 290
8 310
8 324
8 342
9 58
9 77
9 82
9 99
9 111
9 172
9 233
9 246
9 291
9 299
9 334
9 336
9 359
10 35
10 57
10 65
10 104
10 134
10 141
10 150
10 162
10 197
10 212
10 222
10 234
10 247
10 271
10 287
10 305
10 344
10 349
11 25
11 33
11 67
11 89
11 177
11 180
11 188
11 203
11 211
11 226
11 231
11 233
11 244
11 279
11 317
11 342
11 348
11 356
12 14
12 22
12 40
12 48
12 50
12 91
12 118
12 139
12 144
12 166
12 187
12 195
12 212
12 284
12 297
12 312
12 325
13 51
13 106
13 115
13 138
13 140
13 141
13 143
13 151
13 166
13 180
13 224
13 276
13 287
13 297
13 315
13 318
13 321
14 18
14 40
14 56
14 118
14 128
14 132
14 149
14 165
14 166
14 175
14 187
14 202
14 235
14 243
14 259
14 290
14 349
15 54
15 115
15 122
15 131
15 153
15 159
15 163
15 189
15 204
15 218
15 230
15 263
15 266
15 307
15 326
16 67
16 110
16 123
16 156
16 160
16 169
16 181
16 194
16 200
16 218
16 286
16 309
16 314
16 316
16 327
17 46
17 75
17 87
17 111
17 112
17 140
17 173
17 206
17 236
17 250
17 277
17 288
17 318
17 331
17 355
18 53
18 95
18 97
18 100
18 120
18 121
18 132
18 165
18 192
18 235
18 239
18 243
18 255
18 259
18 298
18 306
18 334
18 349
19 21
19 25
19 32
19 43
19 60
19 79
19 82
19 88
19 124
19 158
19 221
19 237
19 240
19 271
19 278
19 281
19 294
19 296
19 350
20 37
20 66
20 84
20 94
20 129
20 146
20 202
20 227
20 279
20 347
21 32
21 33
21 58
21 60
21 88
21 137
21 158
21 186
21 196
21 247
21 272
21 278
21 289
21 302
21 308
21 350
21 352
22 48
22 50
22 91
22 118
22 126
22 143
22 144
22 165
22 175
22 182
22 284
22 287
22 332
22 341
22 351
22 353
23 24
23 53
23 77
23 95
23 98
23 108
23 112
23 119
23 133
23 161
23 228
23 235
23 237
23 291
23 308
23 328
23 334
23 336
23 337
24 39
24 77
24 95
24 99
24 106
24 111
24 112
24 191
24 237
24 250
24 251
24 258
24 264
24 277
24 291
24 308
24 333
24 343
25 33
25 43
25 82
25 139
25 158
25 198
25 211
25 221
25 233
25 237
25 281
25 306
25 351
25 352
26 30
26 48
26 49
26 50
26 106
26 118
26 173
26 177
26 178
26 218
26 252
26 257
26 263
26 274
26 284
26 285
26 295
26 319
27 63
27 67
27 146
27 200
27 203
27 211
27 220
27 225
27 242
27 245
27 254
27 282
27 309
27 310
27 314
27 317
28 44
28 57
28 65
28 72
28 74
28 83
28 88
28 96
28 123
28 205
28 234
28 260
28 270
28 339
29 30
29 80
29 152
29 155
29 163
29 169
29 185
29 220
29 225
29 226
29 230
29 249
29 257
29 269
29 292
29 316
30 47
30 48
30 49
30 51
30 93
30 136
30 169
30 177
30 211
30 218
30 220
30 226
30 269
30 274
30 285
30 330
30 348
31 40
31 90
31 132
31 143
31 184
31 185
31 194
31 213
31 223
31 224
31 305
31 324
31 329
31 357
32 60
32 68
32 74
32 88
32 101
32 117
32 179
32 192
32 207
32 216
32 278
32 339
33 58
33 121
33 142
33 186
33 211
33 233
33 281
33 308
33 325
33 341
33 350
33 352
34 36
34 52
34 60
34 79
34 81
34 137
34 160
34 168
34 171
34 176
34 185
34 215
34 219
34 229
34 301
34 318
34 337
34 359
35 44
35 61
35 65
35 76
35 83
35 86
35 104
35 108
35 130
35 134
35 148
35 197
35 207
35 260
35 344
35 347
36 46
36 52
36 81
36 109
36 161
36 174
36 176
36 215
36 229
36 240
36 272
36 278
36 292
36 315
36 327
36 329
36 358
36 359
37 78
37 113
37 129
37 135
37 149
37 165
37 187
37 190
37 202
37 214
37 245
37 345
38 42
38 113
38 127
38 147
38 154
38 206
38 216
38 217
38 236
38 270
38 289
38 296
38 333
39 51
39 92
39 111
39 131
39 133
39 152
39 153
39 167
39 201
39 222
39 231
39 238
39 251
39 264
39 266
39 303
39 304
39 343
40 118
40 136
40 143
40 166
40 187
40 231
40 276
40 321
40 332
40 357
41 85
41 97
41 100
41 107
41 120
41 142
41 179
41 186
41 189
41 198
41 221
41 235
41 296
41 302
41 303
42 72
42 87
42 101
42 113
42 124
42 127
42 147
42 154
42 191
42 302
42 338
42 355
43 82
43 85
43 100
43 119
43 124
43 158
43 186
43 221
43 237
43 266
43 281
43 289
43 298
43 313
44 57
44 61
44 74
44 76
44 83
44 86
44 96
44 108
44 117
44 130
44 134
44 234
44 260
44 280
44 344
44 347
45 62
45 63
45 82
45 130
45 248
45 254
45 256
45 265
45 300
45 308
45 322
45 328
45 356
46 59
46 122
46 126
46 138
46 171
46 174
46 206
46 212
46 229
46 250
46 278
46 315
46 318
46 321
46 327
46 355
46 358
47 50
47 51
47 80
47 93
47 136
47 156
47 164
47 177
47 178
47 204
47 211
47 225
47 226
47 249
47 252
47 286
47 330
47 348
48 49
48 50
48 91
48 140
48 144
48 164
48 177
48 178
48 183
48 218
48 230
48 258
48 274
48 285
49 54
49 64
49 159
49 174
49 177
49 181
49 183
49 204
49 218
49 223
49 257
49 274
49 285
49 286
49 309
50 91
50 106
50 144
50 164
50 173
50 178
50 204
50 226
50 252
50 257
50 263
50 274
50 286
51 92
51 93
51 131
51 136
51 138
51 143
51 166
51 167
51 180
51 211
51 222
51 231
51 238
51 330
51 348
52 73
52 79
52 91
52 110
52 139
52 176
52 179
52 215
52 223
52 255
52 272
52 283
52 295
52 341
52 359
53 97
53 98
53 100
53 119
53 120
53 121
53 150
53 175
53 187
53 192
53 235
53 255
53 268
53 306
53 320
53 336
54 59
54 71
54 131
54 151
54 152
54 159
54 183
54 189
54 257
54 266
54 286
54 307
54 326
55 76
55 83
55 86
55 125
55 131
55 134
55 241
55 251
55 328
55 335
55 346
55 354
56 78
56 90
56 102
56 128
56 149
56 175
56 202
56 244
56 245
56 260
56 261
56 290
56 300
56 314
56 317
56 330
56 344
57 74
57 83
57 96
57 104
57 210
57 212
57 224
57 234
57 238
57 243
57 247
57 260
57 268
57 271
57 275
57 287
58 82
58 99
58 102
58 111
58 186
58 237
58 246
58 265
58 308
58 310
58 322
58 334
58 336
58 350
58 352
59 71
59 75
59 115
59 122
59 126
59 138
59 142
59 151
59 152
59 171
59 182
59 212
59 306
59 307
59 312
59 321
59 340
60 81
60 88
60 123
60 160
60 170
60 171
60 278
60 301
60 318
60 358
61 76
61 86
61 94
61 108
61 128
61 129
61 130
61 345
61 346
61 347
62 70
62 72
62 103
62 105
62 130
62 150
62 162
62 216
62 238
62 243
62 248
62 267
62 322
62 328
63 67
63 82
63 102
63 103
63 116
63 145
63 146
63 188
63 245
63 256
63 300
63 308
63 310
63 316
64 69
64 110
64 141
64 144
64 174
64 176
64 181
64 194
64 204
64 213
64 223
64 261
64 275
64 283
64 309
64 319
64 357
65 72
65 74
65 88
65 104
65 134
65 170
65 197
65 270
65 339
65 344
66 84
66 94
66 127
66 146
66 157
66 182
66 190
66 193
66 195
66 206
66 279
66 338
67 89
67 156
67 169
67 181
67 188
67 245
67 279
67 310
67 314
67 317
67 348
67 356
68 74
68 88
68 101
68 107
68 148
68 158
68 216
68 255
68 280
68 301
68 339
68 350
68 358
69 78
69 90
69 93
69 96
69 110
69 128
69 141
69 197
69 208
69 213
69 214
69 251
69 261
69 275
69 324
69 342
69 357
70 101
70 103
70 105
70 108
70 210
70 222
70 241
70 248
70 256
70 265
70 267
70 268
70 270
70 349
71 92
71 145
71 151
71 152
71 153
71 156
71 163
71 189
71 220
71 228
71 249
71 253
71 264
71 269
71 307
71 313
72 87
72 88
72 101
72 105
72 150
72 154
72 162
72 191
72 216
72 238
72 243
72 270
72 339
73 81
73 91
73 107
73 110
73 137
73 176
73 192
73 223
73 229
73 240
73 283
73 293
73 295
73 299
73 325
73 351
74 83
74 96
74 101
74 170
74 216
74 234
74 260
75 115
75 142
75 182
75 232
75 277
75 306
75 312
75 331
75 340
76 86
76 108
76 125
76 130
76 167
76 251
76 326
76 347
76 354
77 95
77 112
77 199
77 237
77 246
77 291
77 299
77 308
77 359
78 93
78 96
78 102
78 135
78 165
78 187
78 197
78 214
78 245
78 300
78 314
78 317
78 324
78 342
78 345
79 124
79 137
79 139
79 168
79 179
79 185
79 219
79 229
79 240
79 255
79 271
79 272
79 283
79 294
79 296
79 337
79 341
79 350
80 152
80 155
80 156
80 163
80 168
80 169
80 177
80 183
80 225
80 249
80 263
80 269
80 316
80 329
81 109
81 160
81 161
81 171
81 229
81 240
81 272
81 283
81 292
81 293
81 299
81 301
81 318
81 329
82 99
82 111
82 158
82 221
82 237
82 246
82 256
82 281
82 300
82 308
82 334
82 336
83 96
83 125
83 134
83 148
83 197
83 207
83 234
83 241
83 260
83 328
83 346
84 94
84 113
84 146
84 157
84 193
84 217
84 273
84 279
84 312
84 353
84 355
85 97
85 100
85 107
85 120
85 124
85 142
85 179
85 198
85 235
85 266
85 289
85 313
86 108
86 125
86 130
86 131
86 208
86 335
86 343
86 347
87 101
87 111
87 112
87 140
87 154
87 173
87 191
87 236
87 288
87 333
88 107
88 148
88 255
88 270
88 278
88 280
88 339
89 188
89 254
89 256
89 279
89 282
89 317
89 322
89 327
89 348
89 356
90 128
90 184
90 194
90 208
90 214
90 223
90 224
90 244
90 245
90 251
90 260
90 261
90 305
90 324
90 330
90 344
91 110
91 144
91 196
91 223
91 271
91 295
91 319
92 99
92 112
92 131
92 163
92 167
92 189
92 201
92 208
92 222
92 228
92 231
92 238
92 253
92 264
92 313
92 354
93 96
93 136
93 197
93 211
93 244
93 262
93 323
93 324
93 330
93 342
93 348
94 129
94 135
94 146
94 149
94 227
94 279
94 346
95 109
95 112
95 120
95 130
95 219
95 237
95 239
95 241
95 253
95 291
95 298
95 304
95 308
95 334
95 336
96 117
96 134
96 197
96 234
96 260
96 280
96 324
96 342
96 344
97 100
97 121
97 186
97 189
97 192
97 221
97 255
97 296
97 302
97 303
97 306
98 119
98 199
98 221
98 233
98 235
98 239
98 298
98 336
99 106
99 111
99 112
99 191
99 201
99 208
99 246
99 250
99 258
99 277
99 333
99 334
99 336
99 354
100 121
100 124
100 192
100 255
100 266
100 289
100 306
100 313
101 154
101 191
101 210
101 216
101 222
101 248
101 268
101 270
101 349
102 103
102 116
102 145
102 146
102 188
102 237
102 265
102 300
102 310
102 314
102 316
102 317
102 322
103 116
103 132
103 145
103 146
103 188
103 267
103 311
103 316
103 320
104 126
104 134
104 196
104 197
104 210
104 224
104 234
104 238
104 243
104 268
104 275
104 294
104 297
104 344
105 108
105 116
105 150
105 162
105 216
105 238
105 241
105 243
105 248
105 256
105 265
105 311
106 140
106 141
106 173
106 191
106 224
106 250
106 252
106 257
106 258
106 263
106 274
106 277
106 321
106 333
107 120
107 137
107 142
107 148
107 176
107 179
107 192
107 198
107 235
107 240
107 255
107 280
107 325
107 351
108 130
108 133
108 161
108 228
108 241
108 256
108 265
108 328
108 334
108 337
108 347
109 130
109 161
109 219
109 240
109 241
109 253
109 272
109 292
109 293
109 304
109 329
109 336
109 337
109 359
110 141
110 160
110 194
110 200
110 213
110 218
110 223
110 261
110 275
110 286
110 295
110 327
110 357
111 112
111 140
111 173
111 236
111 246
111 251
111 264
111 288
111 334
111 336
111 343
112 140
112 173
112 201
112 208
112 236
112 237
112 288
112 291
112 308
112 354
113 127
113 149
113 157
113 190
113 273
114 117
114 148
114 209
114 228
114 252
114 262
114 285
114 304
114 323
114 330
114 342
115 122
115 142
115 151
115 153
115 159
115 163
115 182
115 276
115 287
115 297
115 306
115 312
115 315
115 318
115 340
116 145
116 146
116 188
116 248
116 259
116 267
116 311
116 316
117 134
117 148
117 179
117 192
117 207
117 262
117 280
117 339
117 344
118 126
118 166
118 178
118 182
118 187
118 284
118 287
118 295
118 319
118 341
118 351
118 353
119 172
119 186
119 235
119 239
119 298
119 336
120 142
120 150
120 175
120 179
120 187
120 198
120 235
120 239
120 268
120 298
120 320
120 334
121 122
121 142
121 151
121 192
121 195
121 198
121 232
121 255
121 281
121 306
121 325
121 331
121 341
121 353
122 126
122 138
122 151
122 153
122 159
122 163
122 171
122 195
122 198
122 212
122 232
122 321
122 331
122 353
123 170
123 205
123 309
123 316
123 358
124 147
124 240
124 266
124 271
124 289
124 294
124 296
124 302
124 313
124 338
124 350
124 355
125 134
125 167
125 208
125 241
125 326
125 328
125 343
125 346
126 138
126 171
126 182
126 196
126 212
126 234
126 287
126 294
126 297
126 321
126 341
126 351
126 353
127 135
127 190
127 193
127 202
127 273
128 149
128 175
128 202
128 208
128 214
128 251
128 290
128 345
129 157
129 188
129 193
129 202
129 227
129 242
129 346
130 219
130 241
130 248
130 253
130 304
130 322
130 328
130 336
130 347
131 167
131 189
131 222
131 231
131 238
131 266
131 326
131 335
132 165
132 185
132 213
132 235
132 243
132 259
132 311
132 320
132 329
132 349
133 152
133 153
133 161
133 164
133 201
133 209
133 228
133 253
133 262
133 266
133 274
133 303
133 304
133 328
133 334
133 337
134 197
134 241
134 280
134 328
134 344
134 346
135 149
135 165
135 187
135 202
135 214
135 227
135 245
135 273
135 345
136 162
136 180
136 201
136 210
136 211
136 231
136 264
136 276
136 321
136 326
136 330
136 332
136 335
136 348
137 158
137 168
137 176
137 185
137 192
137 196
137 219
137 229
137 240
137 247
137 272
137 289
137 302
137 325
137 337
137 351
138 143
138 166
138 171
138 173
138 180
138 212
138 258
138 275
138 276
138 305
138 321
139 179
139 195
139 198
139 212
139 255
139 272
139 283
139 284
139 297
139 306
139 312
139 325
139 341
139 351
139 352
140 141
140 164
140 173
140 178
140 183
140 224
140 230
140 236
140 258
140 285
140 288
140 321
141 150
141 162
141 213
141 222
141 224
141 234
141 261
141 275
141 305
141 321
141 349
141 357
142 179
142 182
142 198
142 235
142 281
142 306
142 312
142 325
142 340
142 341
143 165
143 166
143 175
143 180
143 284
143 332
143 357
144 176
144 194
144 247
144 283
144 294
144 295
144 319
145 146
145 153
145 155
145 156
145 170
145 181
145 188
145 200
145 205
145 220
145 249
145 269
145 316
146 188
146 203
146 211
146 242
146 254
146 279
146 282
146 314
146 316
147 154
147 190
147 216
147 236
147 270
147 273
147 302
147 333
147 338
147 355
148 197
148 207
148 255
148 260
148 262
148 280
149 175
149 190
149 202
149 227
149 290
150 162
150 175
150 187
150 216
150 222
150 234
150 238
150 243
150 268
150 305
150 320
150 349
151 152
151 195
151 198
151 232
151 276
151 287
151 297
151 307
151 315
151 318
151 331
151 353
152 153
152 155
152 163
152 169
152 201
152 225
152 266
152 303
152 304
152 307
152 316
153 156
153 159
153 163
153 201
153 220
153 249
153 266
153 269
153 303
153 304
154 190
154 191
154 206
154 217
154 273
154 289
154 296
155 163
155 169
155 170
155 181
155 200
155 205
155 225
155 242
155 267
155 279
155 300
155 310
155 311
155 316
156 169
156 177
156 181
156 220
156 225
156 249
156 269
156 314
157 182
157 188
157 193
157 195
157 206
157 227
157 242
157 273
157 338
158 196
158 221
158 237
158 247
158 272
158 281
158 289
158 301
158 302
158 339
158 350
158 358
159 163
159 167
159 183
159 257
159 286
159 303
159 307
159 313
159 335
160 171
160 174
160 194
160 200
160 218
160 282
160 286
160 301
160 318
160 327
160 356
161 215
161 219
161 228
161 240
161 272
161 292
161 299
161 328
161 329
161 334
161 337
162 180
162 201
162 210
162 216
162 222
162 234
162 238
162 243
162 264
162 305
162 326
162 335
162 349
163 169
163 189
163 225
163 228
163 253
163 264
163 313
163 316
164 178
164 183
164 204
164 209
164 226
164 230
164 252
164 253
164 258
164 262
164 274
164 285
164 286
165 175
165 187
165 214
165 235
165 243
165 245
165 259
165 284
165 332
165 345
165 349
166 180
166 184
166 187
166 213
166 332
167 222
167 231
167 238
167 303
167 307
167 313
167 326
167 335
168 183
168 184
168 185
168 219
168 229
168 259
168 263
168 269
168 292
168 320
168 329
168 337
168 357
169 181
169 220
169 225
169 226
169 269
169 314
169 316
170 181
170 200
170 205
170 358
171 212
171 217
171 277
171 288
171 301
171 315
171 318
171 321
171 338
172 199
172 203
172 233
172 239
172 281
172 291
172 348
172 352
173 236
173 252
173 257
173 258
173 263
173 274
173 275
173 276
173 288
173 305
174 181
174 204
174 223
174 229
174 278
174 282
174 309
174 315
174 327
174 356
174 358
175 187
175 202
175 268
175 284
175 290
175 320
175 332
176 192
176 194
176 215
176 240
176 283
176 319
176 325
176 351
176 359
177 180
177 203
177 218
177 225
177 226
177 231
177 244
177 249
177 274
177 285
177 342
178 183
178 204
178 226
178 230
178 252
178 258
178 284
178 285
178 286
178 295
178 319
179 192
179 198
179 207
179 235
179 255
179 272
179 283
179 339
179 341
180 201
180 203
180 210
180 226
180 231
180 244
180 264
180 326
180 335
180 342
181 200
181 204
181 205
181 223
181 309
181 314
182 195
182 206
182 287
182 306
182 312
182 338
182 340
182 341
182 351
182 353
183 230
183 257
183 258
183 263
183 269
183 285
183 286
183 329
184 194
184 213
184 223
184 224
184 259
184 292
184 305
184 320
184 324
184 332
184 357
185 213
185 219
185 229
185 230
185 249
185 257
185 292
185 329
185 337
186 189
186 221
186 296
186 298
186 302
186 303
186 308
186 350
186 352
187 214
187 245
187 268
187 320
187 345
188 193
188 227
188 242
188 279
188 316
188 317
188 348
188 356
189 221
189 228
189 253
189 264
189 266
189 296
189 302
189 303
189 313
189 326
190 193
190 273
191 236
191 250
191 258
191 277
191 333
192 207
192 240
192 255
192 306
192 325
192 339
192 351
193 217
193 227
193 242
193 312
193 353
193 355
194 200
194 218
194 223
194 224
194 283
194 286
194 305
194 319
194 324
194 327
195 198
195 206
195 212
195 232
195 284
195 297
195 312
195 325
195 331
195 338
195 353
196 234
196 247
196 271
196 272
196 289
196 294
196 297
196 302
196 319
197 207
197 260
197 324
197 342
197 344
198 232
198 235
198 306
198 331
198 351
198 352
198 353
199 203
199 233
199 246
199 281
199 298
199 348
199 352
200 205
200 218
200 220
200 225
200 286
200 309
200 317
200 327
201 208
201 210
201 264
201 266
201 303
201 304
201 326
201 335
201 354
202 273
202 290
203 211
203 226
203 231
203 242
203 244
203 254
203 281
203 282
203 314
203 342
203 348
203 352
204 218
204 223
204 226
204 230
204 252
204 263
204 286
204 307
204 309
205 278
205 301
206 217
206 250
206 289
206 296
206 318
206 338
206 355
207 209
207 260
207 280
207 323
207 339
208 214
208 251
208 343
208 354
209 253
209 262
209 274
209 280
209 323
209 330
209 342
210 222
210 224
210 238
210 243
210 248
210 264
210 268
210 270
210 275
210 326
210 335
210 349
211 233
211 242
211 254
211 282
211 314
211 330
211 348
212 247
212 271
212 284
212 287
212 297
212 312
212 321
212 325
213 261
213 275
213 329
213 332
213 357
214 245
214 251
214 290
214 345
214 346
214 347
215 219
215 246
215 291
215 293
215 299
215 359
216 236
216 238
216 243
216 270
216 333
217 277
217 288
217 289
217 296
217 312
217 315
217 338
217 353
217 355
218 230
218 263
218 274
218 285
218 286
218 307
218 327
219 229
219 241
219 253
219 299
219 304
219 336
219 337
220 225
220 226
220 249
220 269
220 309
220 317
221 237
221 239
221 281
221 296
221 302
221 303
222 231
222 234
222 238
222 248
222 268
222 270
222 305
222 349
223 224
223 295
223 305
223 309
223 324
224 238
224 243
224 268
224 275
224 305
224 321
224 324
225 249
225 309
225 316
225 317
226 231
226 244
226 252
226 269
226 286
226 342
227 242
227 347
228 252
228 253
228 264
228 285
228 304
228 313
228 323
228 328
228 334
228 337
229 278
229 283
229 293
229 299
229 315
229 327
229 337
229 358
230 249
230 257
230 258
230 263
230 285
230 292
230 307
231 238
231 244
231 276
231 321
231 332
231 342
232 250
232 288
232 331
232 340
232 353
233 291
233 298
234 260
234 294
234 297
234 305
234 349
235 243
235 259
235 336
235 349
236 270
236 288
236 333
237 265
237 281
237 291
237 308
237 310
237 322
238 243
238 268
238 275
239 298
239 334
240 271
240 272
240 292
240 294
240 296
240 325
240 329
240 350
240 351
241 253
241 256
241 265
241 304
241 328
241 336
241 346
242 254
242 267
242 279
242 282
242 300
242 310
242 311
242 314
243 259
243 268
243 275
243 349
244 245
244 260
244 261
244 262
244 323
244 330
244 342
244 344
245 260
245 261
245 310
245 330
245 344
245 345
246 291
246 293
246 334
246 336
247 271
247 272
247 287
247 289
247 294
247 295
247 302
248 268
248 270
248 311
248 322
248 328
248 349
249 257
249 269
249 292
250 258
250 277
250 288
250 318
250 333
250 340
250 355
251 264
251 343
251 354
252 257
252 263
252 274
252 285
252 286
252 304
252 323
253 262
253 264
253 274
253 304
253 313
253 336
254 265
254 282
254 314
254 327
254 356
255 272
255 280
255 283
255 306
255 341
256 265
256 282
256 300
256 308
256 322
257 263
257 274
257 286
257 292
258 275
258 276
258 277
258 285
258 305
258 333
259 267
259 292
259 320
259 349
259 357
260 261
260 330
260 344
261 275
261 290
261 324
261 330
261 343
261 344
261 345
261 354
261 357
262 274
262 323
263 269
263 274
263 307
263 329
264 313
264 326
264 335
264 343
265 310
265 322
265 356
266 289
266 303
266 304
266 313
266 326
267 279
267 300
267 310
267 311
268 270
268 275
268 320
268 349
269 329
270 333
270 339
270 349
271 287
271 294
271 296
271 319
271 350
272 283
272 289
272 292
272 302
272 329
272 341
274 285
275 276
275 305
275 357
276 287
276 297
276 305
276 315
276 318
276 321
276 332
277 288
277 315
277 331
277 333
277 338
278 301
278 315
278 327
278 358
279 300
279 310
279 311
279 317
279 348
279 356
280 323
280 344
281 325
281 341
281 348
281 352
282 314
282 322
282 356
283 293
283 299
283 319
283 341
284 295
284 297
284 312
284 319
284 325
284 332
285 304
285 323
286 327
287 297
287 315
287 318
287 341
287 351
287 353
288 315
288 338
288 340
289 296
289 302
289 313
290 324
290 343
290 345
290 346
290 347
290 354
291 293
291 308
292 320
292 329
292 357
293 299
293 337
293 359
294 295
294 296
294 297
294 350
295 319
296 302
296 303
296 350
297 312
297 315
297 318
297 325
298 334
299 359
300 308
300 310
300 311
300 314
300 317
301 318
301 339
301 350
301 358
302 303
302 338
302 355
303 304
303 307
303 313
303 335
304 323
304 336
305 324
305 349
306 312
306 340
306 351
306 352
307 313
307 335
308 350
308 352
309 316
309 317
310 311
310 322
311 320
312 325
312 340
312 353
312 355
313 335
314 317
315 318
315 327
315 338
315 358
317 348
317 356
318 355
320 357
321 332
322 328
324 342
324 343
324 345
324 354
325 341
325 351
326 335
327 358
328 334
328 337
328 346
330 342
330 344
330 348
331 340
331 353
334 336
334 337
337 359
338 355
339 350
339 358
341 351
341 353
343 345
343 354
345 354
346 347
348 352
348 356
350 352
350 358
351 352
351 353
353 355
