72 564
0 3
0 6
0 13
0 18
0 20
0 29
0 34
0 40
0 41
0 49
0 52
0 55
0 56
0 60
0 64
0 68
0 69
0 71
1 2
1 6
1 16
1 20
1 22
1 25
1 29
1 35
1 36
1 43
1 47
1 49
1 58
1 59
1 60
1 67
1 71
2 7
2 9
2 13
2 16
2 20
2 21
2 22
2 25
2 30
2 38
2 50
2 51
2 55
2 58
2 59
2 64
2 67
3 8
3 13
3 17
3 41
3 49
3 53
3 54
3 55
3 56
3 57
3 60
3 64
4 7
4 11
4 12
4 15
4 25
4 27
4 30
4 33
4 39
4 44
4 45
4 46
4 48
4 59
5 8
5 18
5 19
5 22
5 24
5 34
5 36
5 39
5 43
5 49
5 51
5 52
5 63
5 68
5 70
6 9
6 15
6 18
6 19
6 20
6 35
6 36
6 37
6 38
6 47
6 52
6 58
6 60
6 66
6 69
7 8
7 9
7 10
7 15
7 16
7 21
7 30
7 40
7 48
7 50
7 55
7 58
7 59
7 64
8 9
8 10
8 13
8 16
8 18
8 24
8 40
8 43
8 49
8 51
8 52
8 54
9 10
9 15
9 16
9 19
9 21
9 37
9 38
9 40
9 47
9 50
9 55
9 58
9 64
9 66
10 11
10 14
10 16
10 21
10 25
10 28
10 30
10 38
10 40
10 45
10 56
10 60
10 66
11 12
11 15
11 21
11 25
11 27
11 33
11 44
11 45
11 48
11 63
11 65
11 66
12 15
12 22
12 23
12 25
12 27
12 31
12 33
12 36
12 37
12 42
12 44
12 46
12 53
12 61
12 62
12 63
13 21
13 29
13 30
13 34
13 38
13 40
13 51
13 54
13 68
13 69
13 71
14 16
14 20
14 28
14 29
14 30
14 38
14 47
14 50
14 52
14 54
14 56
14 57
14 58
14 60
14 61
14 64
14 70
15 19
15 25
15 27
15 30
15 33
15 37
15 38
15 44
15 47
15 48
15 59
15 66
16 20
16 22
16 25
16 28
16 30
16 38
16 40
16 56
16 59
16 60
16 67
17 18
17 23
17 27
17 31
17 32
17 35
17 39
17 53
17 57
17 65
17 70
17 71
18 20
18 24
18 31
18 43
18 49
18 51
18 52
18 69
18 71
19 22
19 26
19 27
19 33
19 34
19 37
19 38
19 47
19 62
19 66
19 67
20 22
20 25
20 47
20 52
20 59
20 61
20 64
20 67
20 69
20 70
21 25
21 30
21 38
21 45
21 50
21 51
21 55
21 58
21 64
21 66
22 23
22 25
22 34
22 37
22 42
22 44
22 59
22 67
23 26
23 27
23 32
23 35
23 37
23 39
23 42
23 44
23 45
23 48
23 59
23 62
23 65
23 66
23 70
24 34
24 35
24 37
24 43
24 46
24 49
24 51
24 52
24 61
24 65
24 67
24 68
25 27
25 33
25 44
25 45
25 59
25 66
25 67
26 27
26 33
26 42
26 44
26 45
26 48
26 50
26 56
26 59
26 62
26 66
26 67
27 32
27 33
27 35
27 39
27 44
27 62
27 65
27 67
27 70
28 29
28 30
28 33
28 38
28 42
28 50
28 52
28 54
28 55
28 56
28 57
28 58
28 60
29 34
29 40
29 43
29 47
29 49
29 50
29 52
29 54
29 57
29 58
29 68
29 69
29 71
30 38
30 48
30 51
30 56
30 59
30 60
31 32
31 36
31 41
31 46
31 53
31 54
31 61
31 62
31 63
31 71
32 35
32 39
32 41
32 43
32 53
32 54
32 65
32 69
32 70
33 42
33 44
33 55
33 62
33 67
34 35
34 40
34 46
34 61
34 65
34 68
34 69
34 71
35 36
35 39
35 46
35 58
35 60
35 61
35 65
35 70
36 39
36 46
36 53
36 58
36 60
36 61
36 62
36 63
36 68
36 70
37 38
37 42
37 44
37 47
37 66
37 67
37 68
38 47
38 51
38 56
38 60
38 66
39 45
39 46
39 63
39 65
39 68
39 70
40 41
40 51
40 57
40 68
40 69
40 71
41 49
41 51
41 54
41 55
41 56
41 57
41 60
41 64
42 44
42 45
42 48
42 55
42 59
42 62
42 66
43 47
43 49
43 51
43 52
43 53
43 69
43 71
44 50
44 56
45 46
45 48
45 59
45 62
45 66
46 53
46 61
46 62
46 63
46 65
47 49
47 61
47 64
47 66
47 70
47 71
48 59
48 62
48 63
48 65
48 66
49 51
49 52
49 55
49 56
49 60
49 64
49 71
50 52
50 54
50 55
50 56
50 57
50 58
50 64
51 52
51 57
52 54
52 57
52 58
52 69
53 57
53 61
53 62
53 63
53 69
54 57
54 58
55 56
55 58
55 60
55 64
56 60
56 64
57 58
58 60
58 64
59 62
59 66
59 67
60 64
61 62
61 63
61 64
61 65
61 70
62 63
62 66
62 67
63 65
63 68
63 70
64 70
65 70
67 68
68 69
68 70
68 71
69 71
