576 4672
0 1
0 87
0 180
0 182
0 185
0 200
0 205
0 240
0 337
0 348
0 386
0 391
0 418
0 527
0 535
1 11
1 19
1 93
1 95
1 180
1 200
1 240
1 287
1 303
1 308
1 323
1 386
1 391
1 427
1 441
1 512
1 535
1 546
2 34
2 87
2 146
2 147
2 182
2 205
2 240
2 250
2 363
2 378
2 425
3 105
3 113
3 132
3 173
3 211
3 253
3 329
3 362
3 392
3 431
3 453
3 503
3 531
3 540
3 541
4 43
4 50
4 60
4 62
4 106
4 109
4 163
4 168
4 228
4 243
4 265
4 280
4 335
4 397
4 432
4 471
4 480
4 486
4 558
5 52
5 91
5 106
5 124
5 163
5 344
5 350
5 385
5 402
5 480
5 499
5 502
5 518
5 529
5 563
6 210
6 218
6 245
6 253
6 277
6 319
6 329
6 338
6 346
6 366
6 382
6 406
6 411
6 430
6 488
6 550
6 572
7 71
7 147
7 153
7 169
7 197
7 201
7 233
7 242
7 283
7 295
7 302
7 327
7 353
7 374
7 383
7 400
7 490
7 494
7 551
8 43
8 57
8 60
8 62
8 72
8 98
8 119
8 122
8 136
8 197
8 198
8 265
8 286
8 436
8 466
8 499
8 511
9 21
9 36
9 162
9 256
9 263
9 275
9 292
9 316
9 365
9 375
9 393
9 407
9 412
9 429
9 463
9 508
10 41
10 75
10 84
10 113
10 135
10 241
10 258
10 282
10 284
10 306
10 462
10 509
10 525
10 569
10 570
11 15
11 19
11 64
11 93
11 203
11 308
11 323
11 410
11 414
11 415
11 427
11 441
12 22
12 38
12 48
12 103
12 149
12 192
12 216
12 250
12 259
12 301
12 315
12 354
12 391
12 403
12 441
12 478
12 485
12 506
12 523
13 14
13 16
13 47
13 58
13 93
13 103
13 178
13 192
13 212
13 216
13 270
13 276
13 317
13 415
13 484
13 523
13 526
14 47
14 99
14 157
14 181
14 192
14 213
14 311
14 356
14 389
14 400
14 428
14 446
14 474
14 489
15 83
15 90
15 112
15 203
15 262
15 264
15 359
15 395
15 414
15 504
15 510
15 534
15 544
16 38
16 42
16 93
16 112
16 152
16 174
16 208
16 212
16 216
16 259
16 268
16 270
16 368
16 485
16 496
16 523
16 526
16 535
17 18
17 107
17 117
17 173
17 189
17 210
17 244
17 332
17 346
17 372
17 373
17 455
17 460
17 472
17 549
18 27
18 59
18 69
18 173
18 188
18 193
18 210
18 246
18 260
18 307
18 332
18 346
18 425
18 455
18 472
18 488
19 23
19 30
19 56
19 93
19 130
19 165
19 175
19 217
19 236
19 308
19 323
19 336
19 406
19 427
19 441
19 556
19 568
20 41
20 85
20 110
20 114
20 127
20 128
20 135
20 223
20 272
20 281
20 324
20 342
20 345
20 357
20 432
20 462
20 546
20 547
20 569
21 36
21 44
21 131
21 162
21 188
21 221
21 238
21 263
21 275
21 292
21 319
21 320
21 375
21 406
21 463
21 517
21 539
21 553
22 48
22 124
22 168
22 234
22 266
22 274
22 285
22 301
22 354
22 385
22 397
22 403
22 407
22 423
22 478
22 523
23 39
23 64
23 65
23 95
23 149
23 165
23 175
23 183
23 203
23 212
23 308
23 336
23 340
23 386
23 406
23 461
23 501
23 568
24 43
24 57
24 66
24 81
24 132
24 136
24 209
24 249
24 286
24 289
24 327
24 347
24 359
24 497
24 540
25 164
25 230
25 241
25 324
25 330
25 341
25 352
25 376
25 487
25 509
25 565
26 85
26 94
26 121
26 127
26 131
26 156
26 191
26 200
26 209
26 220
26 248
26 291
26 325
26 361
26 382
26 388
26 457
26 465
26 504
27 69
27 131
27 173
27 188
27 245
27 246
27 298
27 301
27 305
27 338
27 422
27 430
27 434
27 488
27 500
27 515
28 36
28 75
28 98
28 174
28 187
28 204
28 238
28 239
28 341
28 352
28 384
28 402
28 412
28 420
28 487
28 552
28 557
28 558
28 565
29 40
29 41
29 85
29 114
29 121
29 138
29 139
29 191
29 206
29 223
29 303
29 304
29 318
29 359
29 396
29 416
29 457
29 473
29 486
30 56
30 70
30 130
30 165
30 178
30 207
30 215
30 217
30 236
30 254
30 277
30 340
30 392
30 421
30 489
30 495
30 501
30 516
30 537
30 556
31 80
31 165
31 244
31 308
31 322
31 336
31 342
31 346
31 411
31 481
31 517
31 530
31 568
32 46
32 119
32 123
32 133
32 140
32 146
32 190
32 208
32 239
32 250
32 293
32 307
32 348
32 417
32 424
32 456
32 497
33 78
33 123
33 126
33 185
33 198
33 240
33 268
33 293
33 315
33 327
33 337
33 348
33 378
33 380
33 398
33 444
33 456
33 470
33 522
34 87
34 182
34 190
34 205
34 226
34 240
34 273
34 307
34 315
34 494
35 78
35 96
35 143
35 166
35 184
35 243
35 374
35 439
35 554
35 559
35 560
36 79
36 174
36 187
36 263
36 275
36 283
36 291
36 292
36 320
36 341
36 375
36 384
36 399
36 402
36 420
36 426
36 463
36 573
37 99
37 134
37 137
37 167
37 219
37 261
37 271
37 291
37 367
37 390
37 477
37 525
37 564
37 566
37 567
38 67
38 95
38 112
38 205
38 208
38 216
38 250
38 268
38 315
38 323
38 337
38 361
38 368
38 391
38 485
38 535
38 574
39 65
39 130
39 133
39 183
39 236
39 282
39 298
39 308
39 333
39 340
39 381
39 437
39 461
39 501
39 509
39 547
40 41
40 191
40 206
40 223
40 278
40 303
40 323
40 334
40 357
40 358
40 386
40 482
40 486
40 546
41 84
41 127
41 128
41 191
41 206
41 223
41 272
41 281
41 303
41 342
41 345
41 462
41 486
41 509
41 570
42 44
42 79
42 152
42 164
42 174
42 259
42 295
42 299
42 360
42 401
42 426
42 496
43 62
43 72
43 81
43 106
43 109
43 122
43 136
43 249
43 280
43 289
43 327
43 335
43 497
43 558
44 79
44 162
44 221
44 238
44 248
44 263
44 288
44 295
44 320
44 367
44 384
44 401
44 426
44 575
45 73
45 111
45 112
45 129
45 252
45 254
45 282
45 290
45 294
45 334
45 398
45 418
45 467
45 473
45 512
45 516
45 520
45 521
45 550
46 104
46 123
46 190
46 208
46 226
46 250
46 289
46 293
46 314
46 348
46 417
46 425
46 436
46 437
46 456
46 557
47 70
47 159
47 160
47 169
47 171
47 192
47 213
47 257
47 269
47 311
47 351
47 390
47 409
48 54
48 163
48 172
48 266
48 285
48 301
48 316
48 331
48 344
48 354
48 403
48 405
48 471
48 478
48 523
49 77
49 111
49 186
49 236
49 298
49 305
49 306
49 314
49 355
49 358
49 381
49 405
49 407
49 424
49 461
49 478
49 488
49 491
49 500
50 60
50 143
50 159
50 228
50 234
50 243
50 394
50 404
50 428
50 432
50 445
50 450
50 470
50 471
50 480
50 486
50 559
50 560
51 100
51 118
51 153
51 180
51 242
51 302
51 339
51 361
51 443
51 519
51 524
51 533
51 542
52 106
52 122
52 152
52 163
52 187
52 204
52 231
52 235
52 261
52 263
52 352
52 385
52 399
52 402
52 449
52 499
52 561
52 563
53 58
53 68
53 141
53 148
53 151
53 164
53 189
53 192
53 227
53 279
53 317
53 363
53 410
53 442
53 464
53 494
53 513
53 526
53 537
54 60
54 163
54 171
54 172
54 181
54 234
54 243
54 280
54 285
54 316
54 385
54 397
54 404
54 405
54 471
54 532
54 545
55 100
55 137
55 167
55 201
55 219
55 284
55 475
55 479
55 498
55 542
55 564
56 65
56 120
56 130
56 165
56 183
56 186
56 217
56 236
56 350
56 371
56 447
56 482
56 493
56 512
56 536
56 556
56 562
57 62
57 76
57 119
57 132
57 138
57 197
57 198
57 249
57 286
57 347
57 436
57 504
57 541
58 103
58 107
58 141
58 151
58 164
58 178
58 199
58 276
58 317
58 363
58 415
58 459
58 464
58 484
58 494
58 513
58 514
59 76
59 193
59 260
59 304
59 307
59 312
59 325
59 425
59 436
59 497
59 538
59 540
60 98
60 136
60 172
60 228
60 234
60 243
60 265
60 280
60 385
60 432
60 466
60 480
60 486
60 499
60 511
61 80
61 99
61 160
61 227
61 244
61 264
61 281
61 322
61 364
61 373
61 455
61 459
61 544
61 549
61 568
62 106
62 109
62 119
62 136
62 197
62 198
62 280
62 286
62 335
62 436
62 449
62 452
62 558
63 77
63 124
63 139
63 148
63 161
63 178
63 246
63 294
63 297
63 301
63 313
63 331
63 349
63 375
63 553
64 95
64 149
64 165
64 203
64 212
64 386
64 395
64 410
64 415
64 427
64 510
65 91
65 144
65 183
65 186
65 196
65 308
65 321
65 340
65 343
65 461
65 482
65 493
65 501
65 512
65 543
65 556
66 76
66 177
66 193
66 209
66 258
66 286
66 312
66 359
66 431
66 531
66 540
66 541
67 90
67 95
67 190
67 205
67 259
67 270
67 323
67 337
67 361
67 378
67 380
67 391
67 417
67 467
67 506
67 523
67 535
67 574
68 189
68 227
68 267
68 279
68 290
68 317
68 322
68 373
68 390
68 459
68 474
68 483
68 514
68 534
69 146
69 188
69 226
69 246
69 253
69 260
69 312
69 332
69 372
69 434
69 481
69 488
69 538
69 549
69 572
70 75
70 159
70 171
70 207
70 213
70 230
70 340
70 351
70 389
70 392
70 421
70 424
70 437
70 464
70 476
70 489
70 495
71 81
71 100
71 169
71 195
71 198
71 233
71 273
71 283
71 295
71 363
71 374
71 383
71 400
71 438
71 443
71 533
71 551
71 571
72 122
72 231
72 402
72 449
72 451
72 452
72 492
72 507
72 567
73 108
73 176
73 179
73 227
73 267
73 290
73 334
73 512
73 514
73 521
74 176
74 183
74 186
74 278
74 287
74 305
74 309
74 316
74 334
74 381
74 423
74 435
74 491
74 493
74 556
75 135
75 204
75 230
75 241
75 389
75 424
75 437
75 464
75 476
75 487
75 552
75 565
76 138
76 177
76 249
76 258
76 431
76 504
76 531
76 538
76 540
76 541
77 115
77 116
77 216
77 266
77 285
77 297
77 301
77 381
77 422
77 478
77 488
77 500
77 506
78 126
78 184
78 198
78 218
78 243
78 327
78 348
78 379
78 439
78 444
78 448
78 450
78 453
78 470
78 560
79 233
79 283
79 291
79 295
79 296
79 320
79 399
79 401
79 409
79 426
79 446
79 551
79 554
79 573
79 575
80 165
80 281
80 308
80 336
80 364
80 373
80 411
80 472
80 517
80 568
80 572
81 88
81 136
81 184
81 185
81 197
81 198
81 249
81 289
81 327
81 328
81 443
81 450
81 456
81 497
81 551
81 571
82 89
82 256
82 300
82 405
82 423
82 429
82 463
82 466
82 480
82 508
82 558
83 262
83 310
83 359
83 395
83 398
83 415
83 433
83 442
83 504
83 527
83 534
83 544
84 130
84 324
84 330
84 461
84 462
84 509
84 547
84 565
84 570
85 110
85 114
85 139
85 156
85 191
85 209
85 220
85 318
85 325
85 357
85 396
85 432
85 462
85 473
85 504
85 546
86 167
86 200
86 271
86 326
86 339
86 479
86 498
86 519
86 524
86 542
86 574
87 147
87 182
87 226
87 250
87 307
87 337
87 363
87 378
88 106
88 126
88 184
88 185
88 197
88 242
88 268
88 328
88 383
88 417
88 444
88 450
88 456
88 511
88 554
88 571
89 110
89 206
89 228
89 265
89 280
89 321
89 404
89 447
89 480
89 502
89 508
89 518
89 560
89 563
90 112
90 129
90 139
90 255
90 259
90 264
90 270
90 368
90 380
90 391
90 417
90 467
90 510
90 521
90 522
90 527
90 534
91 113
91 144
91 145
91 177
91 196
91 229
91 321
91 343
91 350
91 447
91 480
91 502
91 529
91 543
91 556
92 102
92 104
92 166
92 184
92 239
92 329
92 379
92 387
92 448
92 454
92 465
92 470
92 528
93 149
93 157
93 212
93 216
93 269
93 270
93 308
93 323
93 427
93 441
93 523
93 526
94 121
94 128
94 131
94 140
94 237
94 251
94 382
94 387
94 448
94 454
94 465
94 557
95 149
95 165
95 203
95 205
95 212
95 287
95 303
95 323
95 337
95 361
95 386
95 512
95 546
95 574
96 102
96 128
96 166
96 222
96 377
96 379
96 454
96 559
97 117
97 194
97 199
97 211
97 232
97 279
97 347
97 369
97 371
97 372
97 421
97 445
97 455
97 460
97 490
97 505
97 533
97 543
97 545
98 136
98 238
98 239
98 265
98 300
98 335
98 352
98 412
98 466
98 499
98 508
98 511
98 557
98 558
99 157
99 160
99 213
99 227
99 244
99 264
99 271
99 356
99 390
99 400
99 446
99 459
99 474
99 477
99 544
99 564
100 153
100 167
100 195
100 201
100 233
100 273
100 363
100 438
100 524
100 533
101 114
101 115
101 170
101 191
101 255
101 272
101 278
101 294
101 318
101 354
101 355
101 388
101 396
102 128
102 143
102 166
102 222
102 377
102 439
102 448
103 149
103 178
103 192
103 213
103 259
103 276
103 311
103 317
103 415
103 441
103 484
103 485
103 506
103 526
104 140
104 162
104 204
104 239
104 289
104 293
104 335
104 341
104 379
104 387
104 436
104 440
104 465
104 466
104 557
105 113
105 125
105 207
105 210
105 218
105 347
105 413
105 431
105 434
105 503
105 528
105 531
105 540
105 541
106 109
106 163
106 280
106 335
106 383
106 385
106 402
106 444
106 499
106 511
106 554
106 558
106 563
107 117
107 176
107 189
107 199
107 279
107 281
107 459
107 460
107 475
107 513
107 514
107 525
107 530
107 548
107 549
108 129
108 227
108 267
108 287
108 290
108 309
108 482
108 514
108 520
108 548
109 126
109 168
109 172
109 187
109 231
109 280
109 296
109 328
109 335
109 374
109 499
109 511
109 518
109 529
109 558
110 114
110 206
110 265
110 280
110 357
110 370
110 404
110 432
110 462
110 468
110 486
110 502
110 546
110 560
111 129
111 135
111 177
111 236
111 252
111 254
111 282
111 305
111 306
111 314
111 333
111 424
111 461
111 475
111 503
111 516
111 550
111 566
111 570
112 208
112 264
112 268
112 294
112 368
112 398
112 418
112 467
112 473
112 485
112 510
112 520
112 534
112 535
113 145
113 177
113 229
113 258
113 282
113 284
113 306
113 447
113 503
113 525
113 540
113 541
113 569
114 121
114 138
114 170
114 191
114 255
114 294
114 304
114 357
114 359
114 416
114 432
114 457
114 462
114 546
115 116
115 145
115 150
115 216
115 220
115 266
115 278
115 285
115 304
115 354
115 355
115 396
115 403
115 408
115 422
115 492
115 506
116 158
116 170
116 216
116 229
116 247
116 266
116 285
116 318
116 325
116 354
116 358
116 403
116 416
116 422
116 435
116 506
116 507
117 155
117 189
117 196
117 211
117 232
117 347
117 369
117 394
117 460
117 490
117 495
117 505
117 532
117 533
117 549
117 562
118 180
118 195
118 201
118 339
118 353
118 361
118 438
118 490
118 519
118 524
118 542
118 571
119 123
119 140
119 193
119 197
119 198
119 220
119 239
119 286
119 289
119 416
119 436
119 497
119 538
120 144
120 145
120 158
120 159
120 181
120 183
120 343
120 350
120 371
120 447
120 536
120 562
121 131
121 138
121 156
121 180
121 225
121 272
121 304
121 359
121 367
121 382
121 416
121 457
121 465
121 573
121 574
122 187
122 247
122 261
122 408
122 449
122 452
122 561
123 140
123 185
123 226
123 239
123 268
123 293
123 314
123 315
123 378
123 380
123 425
123 437
123 497
124 148
124 178
124 274
124 285
124 331
124 344
124 349
124 518
125 132
125 211
125 224
125 249
125 286
125 302
125 347
125 369
125 419
125 431
125 438
125 460
126 198
126 242
126 268
126 296
126 327
126 328
126 348
126 374
126 417
126 444
126 470
126 499
126 571
127 128
127 170
127 200
127 225
127 248
127 272
127 281
127 291
127 342
127 345
127 361
127 388
127 396
127 457
128 222
128 251
128 272
128 281
128 342
128 345
128 387
129 139
129 252
129 254
129 255
129 267
129 282
129 287
129 368
129 482
129 516
129 520
129 521
129 522
129 527
129 550
130 133
130 165
130 217
130 236
130 282
130 298
130 324
130 333
130 381
130 437
130 461
130 556
131 173
131 188
131 245
131 319
131 338
131 382
131 406
131 434
131 465
131 500
131 515
131 517
131 539
131 553
132 211
132 224
132 302
132 347
132 369
132 419
132 438
132 460
132 531
133 141
133 142
133 146
133 241
133 282
133 293
133 298
133 307
133 314
133 333
133 351
133 381
133 424
133 437
133 489
133 552
134 137
134 160
134 167
134 219
134 248
134 326
134 451
134 469
134 474
134 525
134 561
134 564
134 566
134 573
135 177
135 223
135 241
135 324
135 333
135 475
135 503
135 547
135 566
135 569
135 570
136 249
136 265
136 289
136 327
136 449
136 452
136 466
136 497
136 499
136 511
137 160
137 261
137 284
137 291
137 326
137 367
137 469
137 474
137 475
137 498
137 564
137 567
138 209
138 249
138 264
138 304
138 310
138 359
138 414
138 416
138 433
138 457
138 483
138 504
138 510
138 541
139 161
139 246
139 255
139 294
139 313
139 318
139 368
139 375
139 396
139 473
139 521
139 522
139 527
139 553
140 162
140 204
140 237
140 239
140 335
140 341
140 440
140 448
140 454
140 466
140 497
140 557
141 142
141 151
141 152
141 164
141 241
141 314
141 351
141 363
141 420
141 464
141 476
141 489
141 494
141 552
142 147
142 174
142 235
142 241
142 273
142 314
142 317
142 351
142 360
142 376
142 464
142 476
142 489
142 513
142 552
143 374
143 377
143 404
143 439
143 450
143 470
143 554
143 559
144 145
144 158
144 171
144 196
144 321
144 343
144 428
144 536
144 543
144 556
145 150
145 158
145 177
145 220
145 229
145 304
145 403
145 408
145 447
145 492
146 182
146 226
146 293
146 307
146 312
146 332
146 424
146 425
146 538
147 153
147 201
147 250
147 273
147 302
147 317
147 360
147 363
147 376
147 378
147 476
147 490
147 494
147 513
147 551
148 178
148 192
148 214
148 217
148 252
148 276
148 331
148 340
148 349
148 410
148 442
148 513
148 526
148 537
148 550
148 555
149 157
149 165
149 192
149 203
149 212
149 259
149 269
149 386
149 441
149 485
149 506
150 158
150 220
150 229
150 258
150 304
150 321
150 343
150 350
150 403
150 408
150 492
150 503
150 536
151 164
151 330
151 360
151 363
151 376
151 401
151 464
151 487
151 494
151 496
152 174
152 204
152 231
152 235
152 259
152 263
152 352
152 399
152 420
152 476
152 496
153 195
153 201
153 219
153 302
153 490
153 494
153 498
153 524
153 551
154 202
154 206
154 261
154 271
154 370
154 432
154 451
154 468
154 469
155 194
155 196
155 217
155 351
155 362
155 369
155 371
155 389
155 394
155 408
155 413
155 421
155 495
155 501
155 507
155 532
155 562
156 180
156 191
156 209
156 220
156 225
156 237
156 272
156 319
156 325
156 367
156 387
156 457
156 504
156 515
156 573
156 574
157 213
157 257
157 269
157 356
157 400
157 445
157 446
157 474
157 532
158 229
158 247
158 258
158 321
158 325
158 350
158 354
158 416
158 503
158 507
159 171
159 181
159 213
159 234
159 343
159 351
159 394
159 428
159 445
159 471
159 560
160 169
160 227
160 244
160 257
160 264
160 269
160 311
160 326
160 390
160 409
160 459
160 469
160 474
160 544
161 246
161 274
161 276
161 294
161 297
161 313
161 344
161 349
161 375
161 422
161 478
161 537
161 553
162 204
162 221
162 238
162 256
162 320
162 335
162 341
162 365
162 375
162 412
162 440
162 466
163 168
163 172
163 265
163 285
163 316
163 385
163 397
163 402
163 405
163 471
163 499
163 563
164 299
164 360
164 363
164 376
164 464
164 494
164 565
165 203
165 212
165 217
165 236
165 308
165 386
165 411
165 517
165 556
166 251
166 345
166 377
166 448
166 559
167 201
167 219
167 339
167 498
167 525
167 566
168 172
168 187
168 231
168 234
168 265
168 266
168 385
168 397
168 407
168 423
168 471
168 511
168 518
168 529
169 215
169 224
169 232
169 252
169 257
169 269
169 283
169 295
169 311
169 374
169 383
169 390
169 400
169 409
169 446
170 191
170 225
170 255
170 294
170 318
170 358
170 396
170 403
170 435
171 181
171 213
171 243
171 351
171 397
171 404
171 428
171 532
171 536
171 545
172 187
172 231
172 234
172 280
172 285
172 316
172 385
172 405
172 471
172 511
172 518
172 529
173 210
173 245
173 253
173 329
173 332
173 338
173 346
173 362
173 392
173 431
173 434
173 453
173 455
173 472
173 500
173 515
174 187
174 235
174 259
174 341
174 384
174 402
174 420
174 464
174 496
175 221
175 245
175 246
175 292
175 336
175 366
175 382
175 406
175 411
175 453
175 458
175 515
175 517
175 528
175 568
176 179
176 186
176 267
176 279
176 281
176 309
176 475
176 525
176 530
176 548
177 229
177 258
177 333
177 431
177 447
177 475
177 503
177 531
177 566
177 570
178 215
178 254
178 276
178 277
178 317
178 331
178 349
178 415
178 484
178 501
178 516
178 537
179 189
179 199
179 267
179 284
179 309
179 342
179 364
179 491
179 493
179 548
179 566
180 200
180 225
180 240
180 272
180 339
180 361
180 367
180 386
180 391
180 535
180 542
180 573
180 574
181 243
181 311
181 343
181 389
181 397
181 404
181 428
181 489
181 532
181 545
182 190
182 273
182 315
182 337
182 425
182 494
183 287
183 308
183 334
183 340
183 350
183 371
183 447
183 461
183 491
183 501
183 536
183 556
183 562
184 185
184 197
184 243
184 328
184 329
184 439
184 450
184 454
184 456
184 470
184 528
184 560
185 197
185 205
185 268
185 293
185 315
185 328
185 348
185 378
185 380
185 418
185 450
185 456
185 527
186 298
186 309
186 355
186 358
186 405
186 407
186 482
186 491
186 493
186 512
187 231
187 261
187 341
187 384
187 402
187 420
187 449
187 511
187 518
187 529
187 561
188 246
188 255
188 275
188 297
188 319
188 349
188 365
188 406
188 458
188 473
188 488
188 517
188 539
188 553
189 199
189 227
189 279
189 284
189 309
189 317
189 342
189 364
189 460
189 549
189 566
190 208
190 250
190 273
190 315
190 348
190 378
190 417
190 456
190 494
190 506
190 523
190 535
191 206
191 209
191 220
191 223
191 255
191 294
191 303
191 325
191 486
191 504
192 259
192 410
192 441
192 442
192 485
192 506
192 513
192 526
192 537
193 220
193 260
193 289
193 307
193 312
193 416
193 425
193 538
193 541
194 217
194 247
194 351
194 362
194 371
194 389
194 413
194 421
194 445
194 460
194 492
194 495
194 501
194 543
194 545
194 562
195 201
195 219
195 233
195 273
195 363
195 438
195 498
195 519
195 533
196 321
196 343
196 369
196 371
196 394
196 408
196 421
196 495
196 507
196 532
196 543
196 556
196 562
197 198
197 233
197 242
197 286
197 327
197 328
197 353
197 436
197 450
197 456
198 286
198 327
198 348
198 436
198 443
198 444
198 470
198 551
198 571
199 279
199 284
199 309
199 342
199 364
199 369
199 372
199 455
199 459
199 513
199 514
199 566
200 240
200 248
200 291
200 361
200 386
200 388
200 391
200 457
200 479
200 519
200 524
200 535
200 574
201 302
201 490
201 494
201 519
201 551
202 206
202 326
202 370
202 432
202 468
202 477
202 561
202 567
203 212
203 386
203 414
203 427
203 442
203 484
204 231
204 235
204 263
204 335
204 341
204 352
204 399
204 440
204 466
204 487
204 552
204 565
205 240
205 323
205 337
205 348
205 361
205 418
205 527
205 574
206 223
206 265
206 280
206 303
206 404
206 432
206 486
206 502
206 560
207 210
207 218
207 232
207 340
207 362
207 392
207 413
207 419
207 421
207 434
207 489
207 495
207 528
207 531
208 250
208 268
208 328
208 348
208 353
208 368
208 380
208 417
208 443
208 444
208 456
208 485
208 535
209 220
209 264
209 286
209 310
209 325
209 359
209 414
209 433
209 483
209 504
209 510
209 540
210 218
210 253
210 319
210 332
210 346
210 366
210 382
210 413
210 430
210 434
210 455
210 472
210 488
210 528
210 531
211 232
211 249
211 286
211 347
211 490
211 505
211 531
211 533
212 216
212 257
212 270
212 356
212 386
212 441
212 523
212 526
213 311
213 351
213 356
213 400
213 446
213 474
213 526
214 215
214 217
214 252
214 254
214 276
214 277
214 306
214 333
214 338
214 340
214 366
214 472
214 481
214 520
214 521
214 550
214 555
215 224
215 232
215 252
215 254
215 277
215 306
215 333
215 446
215 501
215 516
215 520
215 521
215 537
215 555
216 250
216 266
216 270
216 285
216 315
216 391
216 422
216 506
216 523
216 526
217 236
217 252
217 276
217 340
217 351
217 362
217 389
217 413
217 501
217 550
217 555
217 556
218 329
218 338
218 379
218 406
218 411
218 413
218 434
218 448
218 450
218 453
218 528
218 531
219 479
219 498
219 525
219 542
219 566
220 289
220 304
220 325
220 403
220 408
220 416
220 492
220 504
220 538
221 238
221 246
221 256
221 292
221 313
221 320
221 365
221 382
221 384
221 393
221 399
221 411
221 458
221 515
221 539
222 223
222 225
222 237
222 251
222 345
222 364
222 388
222 462
222 465
222 530
223 225
223 251
223 303
223 324
223 364
223 388
223 462
223 486
223 530
223 547
223 569
224 232
224 252
224 302
224 369
224 392
224 413
224 419
224 438
224 446
224 460
224 505
225 251
225 272
225 364
225 367
225 388
225 396
225 462
225 530
225 573
225 574
226 307
226 312
226 314
226 332
226 425
226 437
226 538
227 244
227 264
227 279
227 317
227 459
227 514
227 544
228 243
228 300
228 321
228 429
228 432
228 447
228 480
228 486
228 502
228 518
228 563
229 247
229 325
229 343
229 354
229 416
229 447
229 507
229 536
230 241
230 330
230 341
230 352
230 389
230 424
230 437
230 464
230 476
230 552
230 569
230 570
231 235
231 263
231 352
231 399
231 402
231 451
231 452
231 511
231 518
231 529
231 567
232 252
232 347
232 362
232 419
232 446
232 490
232 505
232 533
233 242
233 273
233 296
233 327
233 353
233 363
233 409
233 438
233 446
233 533
233 551
233 554
233 575
234 266
234 280
234 385
234 394
234 397
234 407
234 423
234 428
234 445
234 471
234 560
235 263
235 270
235 299
235 352
235 399
235 401
235 420
235 464
235 485
236 305
236 306
236 314
236 424
236 461
236 509
236 547
236 556
237 319
237 345
237 387
237 448
237 454
237 457
237 465
237 515
237 557
238 239
238 275
238 313
238 320
238 352
238 393
238 412
238 440
238 463
238 557
238 558
239 352
239 379
239 387
239 412
239 465
239 497
239 557
239 558
240 337
240 386
240 391
240 398
240 456
240 522
240 535
241 314
241 330
241 341
241 351
241 352
241 489
241 552
242 268
242 302
242 327
242 353
242 417
242 443
242 519
242 533
242 571
243 397
243 404
243 432
243 439
243 480
243 486
243 532
243 545
243 560
244 264
244 322
244 336
244 342
244 372
244 373
244 459
244 530
244 544
245 277
245 338
245 346
245 366
245 434
245 453
245 500
245 515
245 517
245 528
245 550
245 572
246 292
246 294
246 313
246 375
246 382
246 411
246 458
246 488
246 515
246 553
247 325
247 354
247 408
247 416
247 452
247 492
247 495
247 507
247 543
247 562
248 263
248 288
248 291
248 295
248 361
248 367
248 384
248 388
248 451
248 457
248 561
248 564
248 573
248 575
249 286
249 289
249 327
249 497
249 504
249 541
250 315
250 348
250 363
250 378
250 391
250 417
250 456
251 345
251 364
251 377
251 387
251 388
251 462
251 530
252 254
252 276
252 282
252 340
252 446
252 516
252 550
252 555
253 260
253 319
253 329
253 362
253 366
253 372
253 382
253 392
253 430
253 431
253 434
253 453
253 481
253 488
253 549
253 572
254 277
254 282
254 338
254 366
254 472
254 481
254 501
254 516
254 537
254 550
255 275
255 294
255 297
255 349
255 365
255 368
255 458
255 473
255 521
255 522
255 527
256 300
256 313
256 365
256 375
256 384
256 393
256 399
256 405
256 412
256 423
256 463
256 539
257 269
257 311
257 356
257 390
257 409
257 441
257 445
257 532
258 282
258 284
258 306
258 321
258 350
258 431
258 503
258 525
258 531
258 569
259 270
259 380
259 391
259 417
259 441
259 467
259 485
259 496
259 506
260 307
260 332
260 372
260 425
260 430
260 434
260 458
260 481
260 500
260 549
260 553
260 572
261 291
261 367
261 370
261 449
261 451
261 561
261 567
262 310
262 359
262 395
262 410
262 418
262 433
262 484
262 504
262 522
262 534
262 544
263 275
263 288
263 292
263 295
263 352
263 367
263 375
263 384
263 399
263 463
263 575
264 310
264 414
264 433
264 459
264 483
264 510
264 534
264 544
265 280
265 397
265 404
265 466
265 471
265 499
265 502
265 511
265 560
266 285
266 331
266 344
266 385
266 397
266 407
266 422
266 423
266 506
267 287
267 290
267 459
267 482
267 520
268 293
268 315
268 368
268 378
268 380
268 417
268 485
268 535
268 571
269 311
269 356
269 390
269 394
269 409
269 545
270 299
270 380
270 391
270 401
270 417
270 420
270 467
270 485
270 523
270 526
271 326
271 390
271 468
271 469
271 477
271 542
271 564
272 281
272 318
272 342
272 345
272 367
272 388
272 573
272 574
273 315
273 317
273 360
273 363
273 376
273 438
273 476
273 494
273 513
273 533
274 276
274 285
274 297
274 331
274 344
274 529
274 537
274 563
275 292
275 297
275 313
275 349
275 365
275 375
275 393
275 440
275 458
275 463
275 473
276 297
276 317
276 340
276 344
276 415
276 484
276 537
276 550
276 555
277 306
277 333
277 346
277 501
277 516
277 520
277 521
277 537
277 550
277 555
277 572
278 305
278 316
278 354
278 355
278 358
278 381
278 396
278 423
278 435
278 493
278 546
279 281
279 317
279 369
279 372
279 455
279 475
279 525
279 530
279 548
280 335
280 385
280 404
280 502
280 558
280 560
281 342
281 345
281 364
281 373
281 475
281 525
281 530
281 548
281 568
282 284
282 298
282 306
282 333
282 381
282 437
282 516
282 525
282 550
282 569
283 288
283 291
283 295
283 299
283 320
283 374
283 383
283 399
283 400
283 426
283 496
283 573
283 575
284 306
284 309
284 342
284 364
284 475
284 498
284 525
284 564
284 566
284 569
285 316
285 405
285 422
285 471
285 506
286 359
286 436
286 540
287 303
287 334
287 482
287 491
287 512
287 520
287 546
287 556
288 292
288 295
288 299
288 320
288 367
288 384
288 412
288 426
288 440
288 496
288 539
288 575
289 293
289 327
289 416
289 436
289 497
289 538
289 557
290 309
290 334
290 459
290 512
290 521
290 548
291 320
291 361
291 367
291 388
291 399
291 426
291 457
291 567
291 573
292 375
292 382
292 411
292 412
292 426
292 440
292 458
292 463
292 515
292 539
293 307
293 315
293 378
293 380
293 424
293 436
293 557
294 313
294 375
294 398
294 418
294 467
294 473
294 520
294 553
295 367
295 374
295 383
295 384
295 400
295 401
295 426
295 575
296 328
296 374
296 383
296 409
296 439
296 446
296 499
296 551
296 554
296 559
296 575
297 301
297 344
297 349
297 365
297 458
297 473
297 537
298 301
298 305
298 333
298 355
298 358
298 381
298 405
298 407
298 422
298 430
298 437
298 491
299 320
299 360
299 401
299 420
299 485
299 496
299 575
300 335
300 405
300 423
300 429
300 463
300 502
300 508
301 305
301 354
301 403
301 422
301 430
301 478
301 523
302 369
302 419
302 438
302 443
302 460
302 490
302 494
302 519
302 533
302 551
303 355
303 357
303 435
303 486
303 512
303 546
304 312
304 325
304 359
304 403
304 408
304 416
304 436
304 457
304 492
304 497
305 306
305 314
305 316
305 381
305 422
305 423
305 424
305 430
305 435
305 461
305 493
306 314
306 333
306 424
306 461
306 520
306 521
306 525
306 555
306 569
307 424
307 425
308 323
308 340
308 411
308 427
308 441
308 461
308 501
308 517
309 342
309 364
309 548
309 566
310 414
310 415
310 418
310 433
310 442
310 483
310 510
310 522
311 389
311 390
311 409
311 428
311 489
311 526
312 325
312 332
312 436
312 497
312 538
312 541
313 365
313 375
313 384
313 393
313 399
313 440
313 463
313 539
313 553
314 351
314 424
314 425
314 437
314 461
314 489
314 552
315 378
315 380
315 391
315 494
316 381
316 393
316 405
316 407
316 423
316 429
316 435
316 471
316 493
316 508
317 360
317 376
317 415
317 476
317 484
317 513
318 358
318 388
318 396
318 403
318 435
318 473
319 366
319 382
319 387
319 406
319 430
319 457
319 488
319 515
319 517
319 539
319 553
320 399
320 426
320 496
320 573
320 575
321 343
321 350
321 447
321 503
321 518
321 543
321 556
321 563
322 336
322 342
322 373
322 390
322 455
322 474
322 483
322 514
322 530
322 534
322 549
323 334
323 337
323 357
323 361
323 386
323 427
323 441
323 482
323 574
324 461
324 487
324 509
324 547
324 569
325 354
325 416
325 436
325 497
325 504
325 507
326 370
326 469
326 474
326 477
326 542
327 348
327 353
327 444
327 470
327 497
328 353
328 374
328 380
328 443
328 444
328 450
328 456
328 499
329 338
329 362
329 392
329 406
329 411
329 431
329 453
329 454
329 470
329 528
330 341
330 352
330 360
330 487
330 547
330 565
331 344
331 349
331 529
331 563
332 346
332 430
332 455
332 458
332 472
332 500
332 538
332 553
333 381
333 437
333 475
333 503
333 520
333 521
333 555
333 566
333 570
334 357
334 386
334 482
334 491
334 512
334 521
334 556
335 341
335 440
335 466
335 508
335 558
336 342
336 406
336 472
336 530
336 568
336 572
337 361
337 398
337 456
337 522
337 574
338 366
338 406
338 411
338 434
338 472
338 481
338 500
338 515
339 361
339 469
339 477
339 479
339 498
339 542
340 392
340 421
340 461
340 489
340 495
340 501
340 550
340 555
341 352
341 384
341 402
341 420
341 440
341 466
342 345
342 364
342 530
342 566
343 536
343 543
343 556
344 518
344 537
345 377
345 465
346 455
346 472
346 481
346 550
346 568
346 572
347 431
347 490
347 505
347 533
348 417
348 418
348 444
348 456
348 470
348 527
349 365
349 422
349 458
349 473
349 478
350 371
350 447
350 480
350 502
350 503
350 529
350 536
350 562
351 362
351 389
351 413
351 489
351 501
351 552
352 399
352 412
352 557
352 558
353 380
353 438
353 443
353 444
353 490
353 524
353 571
354 355
354 396
354 403
354 416
354 478
354 507
354 523
355 357
355 358
355 396
355 405
355 407
355 435
355 491
356 394
356 400
356 441
356 446
356 474
356 545
357 386
357 432
357 435
357 462
357 482
357 546
358 403
358 405
358 407
358 435
358 491
358 546
359 395
359 416
359 457
359 504
359 534
359 540
359 544
360 376
360 476
360 487
360 513
361 388
361 457
361 542
361 574
362 389
362 392
362 413
362 419
362 431
362 453
362 501
363 378
363 438
363 464
363 494
363 533
364 373
364 388
364 462
364 530
364 566
364 568
365 375
365 384
365 393
365 399
365 412
365 458
365 473
365 539
366 382
366 430
366 453
366 472
366 481
366 488
366 517
366 528
367 384
367 567
367 573
367 574
367 575
368 395
368 414
368 467
368 483
368 485
368 521
368 522
368 527
368 535
368 544
369 372
369 394
369 419
369 438
369 455
369 460
369 495
369 532
369 562
370 451
370 468
370 477
370 486
371 408
371 421
371 445
371 447
371 460
371 507
371 536
371 543
371 545
371 562
372 373
372 434
372 455
372 481
372 549
372 572
373 390
373 474
373 483
373 514
373 534
373 568
374 383
374 400
374 499
374 554
375 412
375 463
375 553
376 401
376 476
376 496
376 513
376 565
377 379
377 439
377 454
378 380
378 506
378 523
378 535
379 387
379 448
379 450
379 453
379 454
379 465
380 391
380 417
380 443
380 444
380 467
381 423
381 435
381 437
381 478
381 488
381 493
381 500
382 411
382 430
382 458
382 465
382 488
382 515
383 400
383 439
383 444
383 511
383 554
383 559
384 393
384 399
384 402
384 420
384 539
384 575
385 397
385 402
385 407
385 423
385 499
385 563
386 391
386 482
386 535
387 457
387 465
387 515
388 457
388 462
388 530
389 413
389 424
389 428
389 437
389 464
389 476
389 489
389 501
390 409
390 474
390 477
390 483
390 514
390 534
390 564
391 417
391 467
391 535
392 413
392 421
392 431
392 453
392 489
392 495
392 505
393 399
393 407
393 429
393 440
393 463
393 508
393 539
394 428
394 445
394 471
394 495
394 532
394 545
394 560
394 562
395 414
395 427
395 467
395 483
395 504
395 510
395 534
395 544
396 473
397 404
397 407
397 423
397 471
397 532
397 545
398 418
398 433
398 456
398 467
398 473
398 520
398 522
398 527
399 426
399 539
399 573
400 409
400 419
400 446
400 474
400 505
400 516
400 555
401 420
401 426
401 485
401 496
402 420
402 451
402 452
402 499
402 563
402 567
403 408
403 435
403 478
403 492
403 523
404 450
404 470
404 502
404 532
404 545
404 559
404 560
405 407
405 423
405 463
405 471
405 491
406 411
406 517
406 539
406 553
406 568
407 423
407 429
407 491
407 508
408 421
408 452
408 492
408 507
409 419
409 446
409 505
409 516
409 551
409 554
409 555
409 575
410 415
410 433
410 442
410 484
410 513
410 526
410 537
411 458
411 515
411 517
412 426
412 440
412 539
412 557
412 558
413 434
413 501
413 505
413 528
413 531
414 433
414 467
414 483
414 510
414 544
415 442
415 484
416 457
416 507
416 538
417 456
417 467
417 571
418 467
418 473
418 520
418 522
418 527
419 438
419 460
419 505
419 516
419 555
420 476
420 485
421 445
421 460
421 489
421 495
421 507
421 543
421 545
422 430
422 478
422 506
423 435
423 463
423 493
424 437
424 461
424 464
424 476
425 437
426 440
426 539
426 573
427 441
427 442
427 484
427 510
428 445
428 471
428 489
428 536
428 560
429 466
429 502
429 508
429 558
430 458
430 488
430 500
430 553
431 453
431 531
432 462
432 480
432 486
432 546
433 483
433 484
433 510
433 527
434 481
434 500
434 515
434 528
434 531
434 549
434 572
435 493
436 497
436 557
437 464
437 476
438 460
438 490
438 524
438 533
438 571
439 559
439 560
440 463
440 466
440 539
441 485
441 506
442 484
442 513
442 526
442 537
443 444
443 519
443 533
443 551
443 571
444 470
444 511
444 554
445 460
445 471
445 532
445 543
445 545
445 560
446 474
446 551
446 554
446 575
447 518
447 536
447 562
447 563
448 450
448 453
448 454
448 557
449 452
449 492
449 507
449 561
450 453
450 456
450 470
450 559
451 452
451 561
451 564
451 567
451 573
452 567
453 517
453 528
454 470
454 528
454 557
455 472
455 549
456 522
457 515
458 473
458 500
458 515
458 553
459 513
459 514
459 544
460 543
460 545
460 549
461 501
462 509
462 530
462 546
462 570
464 476
464 494
466 499
466 511
466 558
467 473
467 483
467 520
467 544
468 469
468 486
468 561
468 567
469 474
469 477
469 479
470 528
470 559
471 560
472 481
472 572
473 520
474 483
474 514
474 534
475 498
475 503
475 525
475 530
475 548
475 564
475 566
475 570
476 513
477 479
477 564
478 488
478 500
478 523
479 519
479 524
479 542
479 574
480 486
480 502
480 508
480 529
481 549
481 568
481 572
482 493
482 512
482 520
483 510
483 514
483 534
483 544
485 506
485 535
487 509
487 552
487 565
488 500
489 495
489 552
490 494
490 505
490 524
490 533
490 551
490 571
491 493
491 548
491 556
492 495
492 507
492 543
492 562
493 512
493 548
494 551
495 532
495 543
495 562
496 575
498 564
499 511
499 563
500 515
500 553
501 516
501 537
502 529
502 560
503 540
503 541
503 566
503 570
504 534
504 541
504 544
505 516
505 533
505 555
506 523
506 535
509 547
509 570
510 534
511 518
511 529
511 554
512 521
512 546
513 514
513 526
513 537
514 534
516 537
516 550
516 555
517 528
517 539
517 553
518 529
518 563
519 524
519 533
519 574
520 521
520 555
521 522
521 527
521 555
522 527
523 526
523 535
524 571
524 574
525 530
525 548
525 566
525 569
526 537
528 531
529 563
530 548
532 545
532 562
534 544
536 562
538 540
539 553
540 541
543 545
543 556
543 562
547 565
547 569
549 572
550 555
550 572
551 554
551 571
551 575
552 565
552 569
552 570
554 575
557 558
561 564
561 567
561 573
564 573
566 570
569 570
573 574
