40 264
0 1
0 5
0 6
0 7
0 8
0 9
0 11
0 16
0 18
0 26
0 29
0 30
0 33
0 38
1 2
1 3
1 5
1 6
1 8
1 15
1 16
1 17
1 18
1 21
1 26
1 30
1 32
1 33
1 38
1 39
2 3
2 5
2 6
2 8
2 13
2 15
2 17
2 21
2 23
2 29
2 30
2 32
2 39
3 6
3 7
3 8
3 15
3 17
3 19
3 22
3 28
3 39
4 9
4 12
4 13
4 14
4 15
4 18
4 22
4 24
4 26
4 34
4 35
4 37
5 7
5 8
5 9
5 11
5 20
5 21
5 27
5 30
5 31
5 32
5 34
6 8
6 11
6 12
6 15
6 16
6 17
6 21
6 25
6 29
6 39
7 9
7 10
7 14
7 17
7 19
7 22
7 24
7 36
8 11
8 15
8 16
8 17
8 20
8 27
8 29
8 31
8 32
8 34
8 39
9 15
9 22
9 28
9 35
9 36
9 37
9 39
10 14
10 15
10 16
10 17
10 19
10 21
10 24
10 27
10 28
10 29
10 32
10 36
10 37
10 38
11 16
11 20
11 22
11 27
11 29
11 30
11 31
11 32
11 34
11 36
12 13
12 18
12 21
12 23
12 24
12 25
12 27
12 33
12 34
13 18
13 20
13 23
13 24
13 25
13 29
13 34
13 38
14 17
14 23
14 24
14 25
14 26
14 31
14 34
14 35
14 36
15 17
15 22
15 27
15 35
15 37
15 38
15 39
16 18
16 19
16 21
16 26
16 28
16 29
16 30
16 32
16 33
16 37
16 38
17 20
17 24
17 33
17 36
17 37
17 39
18 24
18 26
18 30
18 31
18 33
18 34
18 35
18 38
19 21
19 22
19 28
19 29
19 32
19 37
19 39
20 25
20 27
20 31
20 32
20 33
20 34
20 37
20 38
21 25
21 28
21 29
21 30
21 32
21 37
22 30
22 35
22 36
22 37
23 25
23 26
23 27
23 29
23 31
23 33
23 35
24 31
24 34
24 35
24 36
25 26
25 31
25 35
25 38
26 30
26 31
26 33
26 34
26 35
26 38
27 31
27 32
27 33
27 34
27 38
28 29
28 32
28 36
28 37
28 39
29 32
29 37
30 32
30 33
30 36
30 38
31 32
31 34
31 35
32 34
32 37
33 37
33 38
35 37
36 39
