360 2908
0 2
0 18
0 88
0 94
0 111
0 115
0 131
0 149
0 165
0 171
0 174
0 188
0 244
0 266
0 294
0 297
0 308
0 324
1 35
1 106
1 185
1 200
1 201
1 246
1 285
1 303
1 314
1 319
1 343
2 36
2 66
2 76
2 87
2 95
2 96
2 156
2 165
2 174
2 176
2 184
2 272
2 294
2 308
2 309
2 323
2 324
2 346
3 8
3 21
3 67
3 70
3 78
3 101
3 107
3 143
3 151
3 177
3 180
3 211
3 250
3 274
3 276
3 277
3 313
4 30
4 33
4 57
4 60
4 79
4 89
4 148
4 153
4 161
4 173
4 182
4 185
4 198
4 235
4 238
4 258
4 264
4 284
4 349
5 6
5 28
5 55
5 68
5 69
5 96
5 114
5 159
5 167
5 172
5 181
5 204
5 222
5 242
5 271
5 290
5 294
5 329
6 68
6 133
6 156
6 159
6 167
6 172
6 175
6 186
6 220
6 232
6 290
6 294
6 297
6 305
6 307
6 334
6 354
7 19
7 42
7 65
7 70
7 71
7 72
7 104
7 138
7 155
7 192
7 212
7 217
7 219
7 236
7 243
7 279
7 293
7 319
7 344
8 41
8 107
8 119
8 143
8 146
8 152
8 168
8 211
8 230
8 274
8 276
8 277
9 32
9 37
9 52
9 135
9 144
9 145
9 146
9 150
9 189
9 206
9 248
9 260
9 299
9 305
9 326
9 355
9 358
10 55
10 83
10 127
10 145
10 176
10 214
10 236
10 249
10 252
10 259
10 292
10 311
10 325
10 327
10 331
10 332
11 15
11 88
11 105
11 135
11 190
11 244
11 247
11 262
11 268
11 282
11 316
11 353
11 357
12 26
12 91
12 141
12 157
12 222
12 244
12 249
12 288
12 301
12 329
12 334
12 345
12 351
13 21
13 29
13 30
13 51
13 67
13 80
13 86
13 123
13 132
13 178
13 191
13 245
13 274
13 313
13 321
13 335
13 350
14 42
14 65
14 83
14 121
14 145
14 155
14 179
14 219
14 273
14 279
14 306
15 17
15 39
15 47
15 75
15 84
15 99
15 103
15 104
15 107
15 135
15 178
15 190
15 215
15 265
15 272
15 316
15 333
15 353
16 34
16 66
16 79
16 89
16 90
16 112
16 114
16 147
16 161
16 195
16 203
16 255
16 258
16 264
16 300
16 302
16 328
16 335
16 342
17 22
17 39
17 54
17 75
17 84
17 103
17 129
17 170
17 199
17 222
17 226
17 272
17 294
17 317
17 318
17 333
17 341
17 343
18 62
18 94
18 95
18 97
18 111
18 115
18 120
18 149
18 188
18 199
18 244
18 262
18 290
18 297
18 309
18 323
18 324
19 65
19 77
19 106
19 138
19 192
19 217
19 224
19 241
19 246
19 281
19 293
19 303
19 319
20 53
20 117
20 119
20 141
20 152
20 211
20 252
20 271
20 287
20 296
20 325
20 326
20 327
20 331
20 332
21 67
21 78
21 80
21 108
21 142
21 178
21 180
21 182
21 191
21 250
21 251
21 270
21 335
21 350
21 352
22 25
22 27
22 50
22 54
22 87
22 99
22 103
22 129
22 165
22 190
22 202
22 222
22 226
22 239
22 254
22 290
22 314
22 318
23 28
23 54
23 91
23 103
23 124
23 129
23 156
23 169
23 181
23 318
23 345
24 40
24 43
24 74
24 89
24 93
24 147
24 153
24 171
24 197
24 208
24 235
24 258
24 262
24 264
24 280
24 285
24 300
24 314
24 341
25 27
25 57
25 103
25 164
25 165
25 170
25 187
25 195
25 202
25 225
25 239
25 257
25 272
25 290
25 314
25 317
26 134
26 157
26 169
26 181
26 226
26 244
26 259
26 288
26 327
26 329
26 334
26 351
27 39
27 60
27 63
27 87
27 103
27 154
27 160
27 162
27 165
27 170
27 202
27 203
27 290
27 314
27 317
28 69
28 96
28 100
28 129
28 156
28 167
28 172
28 174
28 183
28 220
28 242
28 309
28 320
28 329
28 342
29 30
29 45
29 51
29 67
29 86
29 123
29 205
29 238
29 245
29 270
29 302
29 352
30 51
30 67
30 86
30 98
30 108
30 123
30 182
30 198
30 245
30 258
30 284
30 286
31 38
31 48
31 49
31 63
31 72
31 83
31 104
31 118
31 125
31 139
31 150
31 227
31 232
31 257
31 269
31 312
31 359
32 33
32 37
32 58
32 60
32 71
32 101
32 102
32 145
32 146
32 195
32 227
32 253
32 256
32 260
32 280
32 283
32 326
32 348
32 355
33 35
33 43
33 58
33 71
33 101
33 107
33 122
33 137
33 140
33 148
33 153
33 161
33 185
33 194
33 256
33 264
33 280
33 348
33 349
34 40
34 74
34 79
34 81
34 90
34 120
34 147
34 178
34 212
34 264
34 306
34 308
35 43
35 107
35 122
35 136
35 137
35 140
35 194
35 200
35 211
35 227
35 303
35 304
35 314
35 340
35 343
36 66
36 76
36 96
36 154
36 156
36 158
36 160
36 164
36 183
36 233
36 254
36 257
36 263
36 275
36 320
36 323
36 333
36 346
37 42
37 127
37 145
37 146
37 179
37 214
37 260
37 273
37 326
37 331
37 355
38 44
38 49
38 50
38 123
38 125
38 142
38 150
38 189
38 228
38 269
38 298
38 299
38 310
38 333
38 355
39 63
39 75
39 84
39 87
39 103
39 120
39 131
39 160
39 170
39 174
39 239
39 272
39 292
39 315
39 323
39 333
40 47
40 74
40 89
40 90
40 95
40 131
40 153
40 191
40 212
40 300
40 306
41 53
41 117
41 126
41 146
41 152
41 194
41 230
41 250
41 265
41 276
41 304
41 313
42 72
42 127
42 219
42 236
42 243
42 273
42 279
42 306
43 70
43 107
43 122
43 137
43 140
43 147
43 194
43 197
43 207
43 235
43 237
43 253
43 258
43 260
43 280
43 283
43 285
43 349
44 52
44 110
44 144
44 154
44 187
44 228
44 263
44 281
44 293
44 298
44 299
44 355
45 61
45 73
45 82
45 98
45 105
45 205
45 216
45 234
45 269
45 278
45 289
45 352
46 68
46 76
46 79
46 91
46 100
46 112
46 114
46 151
46 204
46 223
46 226
46 242
46 296
46 300
46 311
46 336
46 338
46 350
46 356
47 67
47 80
47 81
47 90
47 95
47 99
47 104
47 107
47 131
47 178
47 191
47 215
47 255
47 265
47 356
48 63
48 65
48 72
48 75
48 81
48 83
48 101
48 104
48 190
48 191
48 194
48 215
48 237
48 243
48 257
48 277
48 295
48 306
48 312
48 344
49 51
49 56
49 61
49 84
49 125
49 150
49 205
49 251
49 254
49 269
49 278
49 286
49 298
49 310
50 54
50 84
50 87
50 99
50 123
50 142
50 162
50 187
50 189
50 190
50 239
50 254
50 269
50 310
50 320
50 333
50 346
51 67
51 84
51 86
51 123
51 142
51 150
51 151
51 193
51 218
51 245
51 251
51 254
51 261
51 278
51 298
52 110
52 138
52 144
52 150
52 162
52 164
52 189
52 206
52 228
52 263
52 337
53 102
53 117
53 119
53 122
53 143
53 194
53 200
53 211
53 230
53 250
53 265
53 304
53 313
53 332
53 359
54 87
54 91
54 99
54 103
54 124
54 170
54 181
54 190
54 199
54 239
54 254
54 294
54 317
54 341
54 343
55 58
55 114
55 159
55 181
55 204
55 207
55 214
55 222
55 249
55 252
55 259
55 267
55 271
55 296
55 305
55 311
55 332
56 61
56 69
56 85
56 86
56 98
56 137
56 182
56 205
56 210
56 216
56 233
56 286
56 310
56 334
57 60
57 79
57 89
57 136
57 164
57 170
57 173
57 187
57 195
57 203
57 207
57 235
57 238
57 256
57 260
57 348
57 359
58 60
58 71
58 101
58 102
58 195
58 207
58 227
58 253
58 256
58 267
58 280
58 283
58 296
58 305
58 348
59 62
59 88
59 93
59 105
59 147
59 153
59 166
59 202
59 208
59 232
59 291
59 316
59 330
59 343
59 358
60 79
60 89
60 102
60 154
60 162
60 173
60 195
60 203
60 227
60 235
60 238
60 253
60 283
60 317
61 73
61 82
61 105
61 205
61 234
61 245
61 270
61 286
61 289
61 310
62 88
62 95
62 97
62 111
62 120
62 147
62 153
62 166
62 171
62 202
62 262
62 268
62 324
62 343
62 353
63 72
63 83
63 85
63 87
63 104
63 110
63 113
63 160
63 170
63 183
63 225
63 257
63 312
63 339
63 346
64 73
64 75
64 99
64 133
64 135
64 166
64 206
64 208
64 247
64 267
64 268
64 316
64 355
64 357
64 358
65 83
65 101
65 121
65 138
65 155
65 192
65 215
65 217
65 237
65 243
65 273
65 293
65 295
65 306
65 319
66 76
66 89
66 96
66 100
66 111
66 112
66 114
66 134
66 156
66 255
66 266
66 323
66 335
66 342
66 345
66 346
67 78
67 80
67 81
67 86
67 123
67 180
67 245
67 250
67 255
67 356
68 91
68 112
68 156
68 159
68 167
68 175
68 220
68 226
68 242
68 290
68 294
68 296
68 311
68 334
68 354
69 85
69 96
69 98
69 137
69 149
69 157
69 167
69 172
69 175
69 210
69 233
69 242
69 282
69 329
69 334
69 351
70 71
70 101
70 104
70 151
70 155
70 177
70 207
70 212
70 219
70 237
70 253
70 260
70 283
70 313
70 344
70 349
71 101
71 104
71 155
71 212
71 219
71 237
71 250
71 256
71 261
71 274
71 280
71 338
71 344
71 348
72 83
72 104
72 121
72 141
72 184
72 214
72 236
72 243
72 257
72 259
72 279
72 312
72 315
72 325
73 105
73 135
73 149
73 166
73 208
73 234
73 247
73 288
73 289
73 291
73 353
73 357
74 81
74 89
74 90
74 120
74 153
74 178
74 219
74 295
74 300
74 308
75 81
75 84
75 99
75 103
75 190
75 191
75 194
75 268
75 272
75 277
75 333
75 344
75 357
75 358
76 79
76 96
76 97
76 100
76 156
76 169
76 188
76 204
76 300
76 301
76 323
76 342
76 346
76 350
76 356
77 128
77 138
77 185
77 197
77 213
77 224
77 229
77 231
77 246
77 281
77 297
77 336
78 117
78 132
78 137
78 168
78 180
78 193
78 221
78 250
78 321
78 347
79 89
79 90
79 100
79 147
79 173
79 204
79 235
79 238
79 264
79 300
79 350
79 356
80 81
80 108
80 132
80 142
80 182
80 251
80 255
80 270
80 274
80 313
80 321
80 352
80 356
81 120
81 178
81 190
81 191
81 194
81 255
81 277
81 308
81 344
81 356
82 98
82 109
82 205
82 216
82 245
82 247
82 269
82 270
82 278
82 291
82 322
83 104
83 121
83 155
83 176
83 236
83 249
83 257
83 273
83 292
83 312
83 327
83 331
84 103
84 150
84 162
84 187
84 251
84 254
84 272
84 278
84 298
84 320
84 333
84 346
85 98
85 110
85 113
85 137
85 163
85 183
85 210
85 225
85 233
85 275
85 284
85 334
85 339
85 346
86 108
86 123
86 161
86 163
86 182
86 209
86 216
86 235
86 245
87 95
87 99
87 160
87 170
87 176
87 184
87 190
87 239
87 254
87 272
87 308
87 309
88 94
88 131
88 147
88 153
88 166
88 171
88 188
88 202
88 262
88 266
88 308
88 343
88 357
89 112
89 114
89 153
89 173
89 235
89 238
89 255
89 300
89 335
89 342
90 95
90 131
90 147
90 191
90 219
90 264
90 295
91 103
91 112
91 124
91 181
91 222
91 226
91 242
91 296
91 311
91 351
92 155
92 192
92 196
92 217
92 218
92 221
92 223
92 229
92 241
92 243
92 246
92 281
92 337
93 105
93 118
93 166
93 171
93 186
93 208
93 262
93 264
93 291
93 314
93 316
93 341
93 358
94 97
94 131
94 171
94 188
94 199
94 231
94 266
94 282
94 288
94 290
94 307
94 308
94 309
94 323
94 324
95 97
95 111
95 120
95 131
95 176
95 184
95 191
95 262
95 272
95 308
95 309
95 324
96 124
96 156
96 167
96 172
96 220
96 242
96 318
96 323
96 329
96 346
97 111
97 120
97 169
97 188
97 231
97 262
97 266
97 282
97 288
97 301
97 307
97 324
97 342
98 108
98 137
98 210
98 216
98 233
98 269
98 278
98 286
98 334
99 104
99 107
99 178
99 190
99 215
99 239
99 254
99 265
99 268
99 357
99 358
100 111
100 134
100 174
100 183
100 204
100 220
100 266
100 300
100 309
100 320
100 342
100 345
100 350
100 356
101 151
101 177
101 215
101 237
101 243
101 256
101 280
101 295
101 306
101 313
101 348
102 122
102 125
102 136
102 143
102 186
102 195
102 200
102 227
102 253
102 283
102 312
102 330
102 359
103 124
103 165
103 181
103 202
103 272
103 290
103 314
103 333
104 107
104 155
104 178
104 212
104 215
104 219
104 257
104 265
104 312
104 344
105 234
105 244
105 247
105 268
105 282
105 289
105 291
105 316
105 358
106 122
106 185
106 201
106 202
106 241
106 285
106 303
106 340
106 341
107 122
107 137
107 140
107 143
107 178
107 194
107 211
107 215
107 265
107 274
107 276
107 277
108 142
108 161
108 163
108 182
108 209
108 235
108 251
108 270
108 286
108 352
109 205
109 234
109 238
109 247
109 289
109 291
109 322
109 328
109 335
109 356
110 113
110 158
110 176
110 183
110 225
110 263
110 315
110 339
110 346
111 115
111 120
111 134
111 149
111 188
111 244
111 262
111 266
111 297
111 324
111 345
112 114
112 177
112 204
112 226
112 229
112 240
112 242
112 255
112 261
112 296
112 311
112 335
112 342
113 144
113 158
113 183
113 184
113 225
113 228
113 263
113 292
113 339
113 346
114 151
114 159
114 181
114 204
114 222
114 223
114 255
114 271
114 335
114 336
114 338
114 342
115 118
115 128
115 149
115 167
115 188
115 223
115 224
115 231
115 240
115 244
115 248
115 267
115 297
115 307
115 330
115 354
116 123
116 140
116 177
116 180
116 193
116 196
116 210
116 217
116 218
116 221
116 251
116 321
116 338
117 119
117 126
117 168
117 211
117 276
117 321
117 332
118 139
118 166
118 167
118 186
118 227
118 231
118 232
118 248
118 267
118 330
118 354
118 359
119 126
119 132
119 168
119 180
119 211
119 230
119 332
120 131
120 174
120 178
120 239
120 262
120 292
120 308
120 315
120 323
120 324
121 125
121 139
121 141
121 155
121 160
121 184
121 214
121 215
121 225
121 236
121 259
121 273
121 315
121 325
121 344
122 137
122 140
122 143
122 194
122 200
122 201
122 202
122 340
122 341
122 359
123 142
123 177
123 189
123 221
123 245
123 251
123 269
123 310
123 333
123 338
124 129
124 134
124 181
124 220
124 301
124 318
125 136
125 139
125 150
125 160
125 186
125 215
125 225
125 236
125 269
125 312
125 330
125 344
126 132
126 143
126 168
126 180
126 252
126 276
126 287
126 304
127 130
127 145
127 152
127 179
127 206
127 253
127 273
127 299
127 325
127 348
128 185
128 197
128 213
128 223
128 224
128 240
128 241
128 293
128 307
128 319
128 337
129 134
129 156
129 222
129 226
129 301
129 318
130 146
130 152
130 179
130 206
130 230
130 253
130 276
130 287
130 299
130 326
130 332
130 348
131 171
131 174
131 188
131 191
131 239
131 266
131 292
131 308
131 315
131 323
132 137
132 180
132 193
132 221
132 274
132 313
132 321
132 347
133 172
133 186
133 206
133 232
133 248
133 256
133 267
133 271
133 283
133 297
133 305
133 307
133 311
133 316
133 355
134 169
134 259
134 266
134 301
134 327
134 345
134 351
135 166
135 190
135 208
135 247
135 248
135 299
135 305
135 316
135 353
135 358
136 186
136 203
136 207
136 211
136 227
136 256
136 260
136 304
136 312
136 330
136 340
136 348
136 359
137 140
137 193
137 194
137 210
137 221
137 233
137 334
137 347
138 162
138 164
138 192
138 217
138 224
138 228
138 246
138 281
138 293
138 319
138 337
139 160
139 189
139 215
139 225
139 227
139 232
139 236
139 278
139 298
139 310
139 312
139 344
139 359
140 175
140 180
140 194
140 210
140 216
140 218
140 275
140 286
140 321
140 329
140 339
140 347
141 157
141 184
141 214
141 249
141 259
141 271
141 287
141 296
141 301
141 315
141 325
141 327
141 331
141 345
142 151
142 182
142 189
142 193
142 218
142 251
142 261
142 269
142 270
142 310
142 333
142 352
143 168
143 200
143 211
143 252
143 274
143 276
143 277
143 287
143 304
143 359
144 150
144 154
144 158
144 187
144 189
144 206
144 228
144 281
144 293
145 146
145 179
145 260
145 279
145 325
145 326
145 355
146 152
146 260
146 287
146 326
146 332
146 355
147 153
147 166
147 197
147 202
147 235
147 258
147 264
147 280
147 285
147 343
148 153
148 161
148 185
148 197
148 201
148 213
148 224
148 264
148 285
148 303
148 349
149 157
149 175
149 188
149 244
149 282
149 288
149 291
149 297
149 351
149 353
149 357
150 189
150 206
150 251
150 254
150 269
150 278
150 298
151 177
151 193
151 218
151 223
151 261
151 313
151 336
151 338
152 179
152 206
152 252
152 253
152 299
152 326
152 348
153 161
153 166
153 185
153 202
153 264
153 300
153 343
153 349
154 162
154 164
154 183
154 187
154 203
154 254
154 281
154 293
154 317
154 333
155 196
155 212
155 219
155 241
155 243
155 246
155 273
155 281
155 337
155 344
156 159
156 175
156 220
156 323
156 334
156 346
156 354
157 175
157 181
157 226
157 249
157 282
157 301
157 345
157 351
158 160
158 176
158 228
158 233
158 257
158 263
158 275
158 315
158 320
159 165
159 172
159 175
159 181
159 199
159 204
159 220
159 222
159 242
159 271
159 334
159 354
160 170
160 215
160 225
160 233
160 236
160 257
160 263
160 275
160 320
160 344
161 163
161 185
161 195
161 203
161 209
161 235
161 258
161 264
161 300
161 302
161 328
161 349
162 164
162 187
162 203
162 228
162 317
162 320
162 337
162 346
163 198
163 209
163 235
163 275
163 284
164 170
164 183
164 187
164 195
164 228
164 254
164 333
164 337
165 172
165 174
165 199
165 202
165 242
165 290
165 294
165 314
165 324
165 354
166 186
166 202
166 208
166 247
166 343
167 172
167 231
167 242
167 248
167 267
167 290
167 294
167 329
167 330
167 354
168 230
168 252
168 287
168 304
168 321
169 188
169 259
169 301
169 318
169 327
169 342
169 345
169 351
170 187
170 195
170 199
170 294
170 317
170 341
170 343
171 188
171 208
171 262
171 264
171 266
171 268
171 308
171 314
171 341
171 353
172 186
172 199
172 232
172 242
172 297
172 305
172 307
172 329
172 354
173 235
173 238
173 245
173 289
173 302
173 322
173 328
173 352
174 183
174 220
174 239
174 292
174 294
174 309
174 315
174 320
174 323
174 324
174 342
175 216
175 220
175 275
175 282
175 286
175 329
175 334
175 339
175 347
175 351
175 354
176 184
176 236
176 249
176 272
176 292
176 308
176 309
176 315
176 327
176 331
177 204
177 221
177 229
177 240
177 251
177 261
177 313
177 338
178 191
178 215
178 265
178 308
178 335
178 350
179 206
179 214
179 253
179 279
179 299
179 331
179 348
180 210
180 218
180 250
180 321
181 204
181 222
181 226
181 271
182 198
182 216
182 251
182 258
182 270
182 284
182 352
183 220
183 225
183 254
183 309
183 320
183 333
183 339
183 342
183 346
184 214
184 259
184 263
184 272
184 292
184 308
184 309
184 315
184 325
185 197
185 264
185 285
185 349
186 232
186 297
186 305
186 307
186 312
186 330
187 195
187 281
187 293
187 320
187 346
188 244
188 266
188 297
188 301
188 308
188 342
189 206
189 269
189 278
189 298
189 310
189 312
189 333
190 191
190 194
190 239
190 254
190 277
190 316
190 344
190 353
191 194
191 277
191 335
191 344
191 350
192 196
192 217
192 218
192 221
192 240
192 293
192 319
192 336
193 196
193 217
193 218
193 221
193 261
193 347
194 230
194 250
194 265
194 277
194 304
194 313
194 344
195 203
195 227
195 253
195 258
195 283
195 300
195 302
195 328
196 217
196 240
196 241
196 243
196 246
196 281
196 336
196 337
197 201
197 235
197 258
197 280
197 285
197 303
198 209
198 233
198 258
198 284
198 339
199 242
199 290
199 294
199 309
199 317
199 323
199 341
199 343
199 354
200 210
200 265
200 277
200 280
200 303
200 314
200 340
200 343
200 347
200 349
200 359
201 202
201 246
201 303
201 319
201 340
201 341
202 290
202 314
202 340
202 341
202 343
203 207
203 256
203 258
203 260
203 300
203 302
203 317
203 328
203 348
203 359
204 222
204 229
204 240
204 261
204 271
204 300
204 350
204 356
205 247
205 286
205 291
205 310
205 322
205 352
206 253
206 267
206 299
206 316
206 348
206 355
207 237
207 253
207 256
207 260
207 267
207 283
207 296
207 305
207 348
207 349
207 359
208 232
208 247
208 262
208 264
208 314
208 330
208 341
209 233
209 235
209 284
209 339
210 218
210 233
210 265
210 277
210 280
210 321
210 334
210 340
210 347
210 349
211 227
211 274
211 276
211 277
211 304
211 332
211 340
212 219
212 273
212 279
212 295
212 306
212 344
213 224
213 229
213 231
213 241
213 285
213 293
213 297
213 319
213 336
213 337
214 249
214 252
214 259
214 311
214 315
214 325
214 331
214 332
215 225
215 236
215 237
215 243
215 265
215 295
215 306
215 344
216 269
216 275
216 278
216 286
216 329
216 339
216 347
217 223
217 229
217 293
217 319
218 221
218 261
218 321
219 295
219 306
219 344
220 309
220 318
220 320
220 334
220 342
220 354
221 251
221 338
221 347
222 226
222 271
222 318
222 351
223 224
223 229
223 240
223 307
223 336
223 338
224 240
224 246
224 281
224 285
224 307
225 236
225 239
225 257
225 272
225 317
225 339
225 344
225 346
226 242
226 296
226 311
226 318
227 232
227 253
227 283
227 304
227 340
227 359
228 298
228 299
228 337
228 355
229 231
229 240
229 261
229 297
229 336
230 250
230 265
230 276
230 304
230 313
230 326
231 248
231 266
231 267
231 282
231 288
231 297
231 307
231 324
231 330
231 336
231 354
232 297
232 305
232 307
232 330
232 359
233 257
233 263
233 275
233 320
233 334
233 339
234 238
234 255
234 289
234 322
234 328
234 350
235 238
235 258
235 280
235 285
236 243
236 249
236 279
236 292
236 327
236 331
236 344
237 243
237 250
237 253
237 260
237 261
237 274
237 283
237 295
237 306
237 338
237 349
238 270
238 302
238 328
239 254
239 257
239 272
239 292
239 315
239 317
239 323
240 261
240 307
240 336
241 243
241 246
241 281
241 293
241 303
241 319
241 337
242 296
242 311
242 329
242 354
243 246
243 279
243 281
243 295
243 306
243 337
244 247
244 268
244 282
244 288
244 297
244 329
244 334
245 270
245 328
245 352
246 281
246 319
246 337
247 268
247 282
247 291
247 322
248 256
248 267
248 271
248 283
248 299
248 305
248 311
248 330
248 354
248 358
249 252
249 259
249 292
249 301
249 311
249 327
249 331
249 332
249 345
250 261
250 265
250 274
250 304
250 313
250 338
251 254
251 270
251 278
251 298
251 338
251 352
252 259
252 287
252 304
252 311
252 326
252 332
253 260
253 283
253 299
253 348
253 349
254 278
254 298
254 333
255 322
255 335
255 342
255 350
255 356
256 260
256 271
256 280
256 283
256 311
256 348
256 359
257 263
257 272
257 275
257 312
257 317
257 320
258 280
258 284
258 285
258 300
258 302
258 328
259 311
259 315
259 325
259 327
259 332
259 351
260 283
260 326
260 348
260 349
260 355
260 359
261 274
261 338
262 264
262 314
262 324
262 341
262 357
263 275
263 292
263 320
264 314
264 341
264 349
265 277
265 280
265 304
265 313
265 340
265 347
265 349
266 282
266 288
266 307
266 308
266 324
266 345
267 296
267 305
267 316
267 330
267 354
267 355
268 282
268 353
268 357
268 358
269 278
269 310
269 333
270 302
270 352
271 283
271 287
271 296
271 311
271 325
271 327
271 331
272 308
272 309
272 317
272 333
273 279
273 295
274 276
274 277
274 313
274 321
274 338
275 284
275 286
275 320
275 329
275 339
275 347
276 277
276 326
277 280
277 340
277 344
277 347
277 349
278 298
278 310
278 312
279 295
280 285
280 340
280 347
280 348
280 349
281 293
281 337
282 288
282 307
282 324
282 351
283 311
283 349
286 310
286 329
286 339
286 347
287 296
287 304
287 325
287 327
287 331
287 332
288 291
288 307
288 324
288 329
288 334
288 353
288 357
289 302
289 322
289 335
289 356
290 294
290 309
290 314
290 323
291 316
291 322
291 353
291 357
291 358
292 315
292 323
292 327
292 331
293 319
293 337
294 317
294 324
294 341
294 343
295 306
296 305
296 311
296 325
296 327
296 331
297 305
297 307
297 336
298 299
298 310
298 312
298 355
299 305
299 348
299 355
299 358
300 302
300 328
300 350
300 356
301 342
301 345
302 322
302 328
303 314
303 343
304 313
304 340
305 307
305 358
307 324
308 309
309 320
309 323
309 342
310 312
310 333
311 332
312 330
313 321
314 341
314 343
315 323
315 325
316 353
316 355
316 358
317 341
317 343
318 345
319 337
320 342
320 346
322 350
323 346
325 327
325 331
326 355
327 331
327 351
328 352
329 334
329 339
329 347
330 354
334 354
335 342
335 350
335 356
336 338
339 346
339 347
340 341
340 347
340 349
341 343
347 349
348 359
350 356
353 357
357 358
