1152 9400
0 9
0 11
0 114
0 133
0 249
0 292
0 295
0 359
0 360
0 561
0 695
0 838
0 848
0 915
0 945
0 966
0 1002
1 23
1 103
1 113
1 239
1 252
1 262
1 385
1 457
1 510
1 548
1 665
1 736
1 769
1 771
1 871
1 967
1 979
1 1009
1 1117
2 81
2 326
2 406
2 468
2 483
2 563
2 592
2 682
2 723
2 750
2 784
2 785
2 853
2 901
2 958
2 1055
2 1097
2 1102
2 1131
3 157
3 213
3 316
3 450
3 467
3 502
3 504
3 532
3 560
3 584
3 773
3 887
3 924
3 953
3 1059
3 1064
3 1087
4 5
4 15
4 148
4 228
4 376
4 412
4 459
4 475
4 551
4 725
4 731
4 787
4 846
4 933
4 1049
5 30
5 228
5 366
5 425
5 475
5 537
5 539
5 590
5 708
5 725
5 731
5 1112
6 24
6 220
6 264
6 353
6 378
6 478
6 623
6 648
6 664
6 862
6 978
7 91
7 212
7 224
7 393
7 503
7 580
7 607
7 670
7 732
7 798
7 913
7 997
7 1053
8 71
8 78
8 117
8 163
8 190
8 203
8 257
8 381
8 410
8 447
8 465
8 613
8 649
8 654
8 844
8 874
8 901
8 1000
8 1090
9 28
9 112
9 160
9 249
9 283
9 291
9 295
9 334
9 561
9 639
9 644
9 646
9 691
9 838
9 936
9 1100
10 54
10 151
10 405
10 462
10 685
10 755
10 904
10 908
10 1017
10 1065
10 1069
11 14
11 29
11 77
11 133
11 137
11 171
11 177
11 360
11 379
11 465
11 561
11 615
11 639
11 646
11 808
11 915
11 945
11 1002
12 62
12 87
12 115
12 289
12 405
12 413
12 435
12 550
12 604
12 623
12 641
12 793
12 825
12 830
12 838
12 867
12 903
12 970
12 1043
13 114
13 206
13 225
13 271
13 350
13 367
13 404
13 463
13 487
13 500
13 506
13 579
13 583
13 605
13 656
13 732
13 913
13 930
13 1100
14 73
14 98
14 137
14 171
14 206
14 379
14 615
14 639
14 802
14 808
14 810
14 960
14 973
14 987
14 1034
14 1040
15 150
15 185
15 300
15 459
15 563
15 631
15 846
15 957
15 1008
15 1009
15 1014
15 1129
16 202
16 324
16 331
16 351
16 363
16 368
16 427
16 469
16 490
16 517
16 690
16 706
16 742
16 788
16 808
16 893
16 1043
16 1047
16 1088
17 82
17 110
17 122
17 286
17 303
17 314
17 493
17 509
17 591
17 618
17 822
17 865
17 881
17 906
17 1068
18 154
18 232
18 234
18 282
18 286
18 315
18 333
18 345
18 471
18 675
18 809
18 941
18 953
18 959
18 981
18 1001
18 1003
18 1095
18 1138
19 83
19 412
19 479
19 511
19 535
19 568
19 749
19 909
19 927
19 1004
19 1035
19 1093
19 1097
20 36
20 126
20 346
20 363
20 379
20 410
20 463
20 533
20 606
20 734
20 780
20 781
20 801
20 814
20 833
20 852
20 857
20 889
20 1113
21 32
21 215
21 253
21 358
21 415
21 633
21 688
21 991
21 1027
21 1081
21 1110
22 24
22 65
22 152
22 210
22 310
22 420
22 648
22 650
22 719
22 778
22 862
22 876
22 978
22 1108
22 1120
23 156
23 239
23 385
23 406
23 510
23 671
23 736
23 771
23 846
23 948
23 1009
23 1014
23 1031
23 1129
24 181
24 220
24 329
24 353
24 382
24 420
24 648
24 650
24 664
24 719
24 778
24 888
24 1120
25 58
25 103
25 113
25 130
25 147
25 160
25 198
25 233
25 239
25 335
25 355
25 359
25 396
25 424
25 782
25 861
25 871
25 984
25 1028
26 85
26 90
26 138
26 158
26 167
26 188
26 214
26 340
26 341
26 416
26 453
26 525
26 555
26 597
26 851
26 982
26 999
26 1044
26 1059
27 47
27 120
27 164
27 390
27 412
27 476
27 575
27 581
27 598
27 637
27 661
27 714
27 775
27 951
27 964
27 1016
27 1042
27 1103
27 1109
28 112
28 114
28 160
28 472
28 500
28 559
28 561
28 644
28 656
28 686
28 691
28 737
28 848
28 967
28 981
28 997
28 998
28 1100
29 40
29 77
29 177
29 205
29 269
29 299
29 465
29 491
29 499
29 521
29 542
29 633
29 646
29 698
29 794
29 845
29 855
29 1075
30 38
30 311
30 366
30 473
30 562
30 911
30 1112
30 1133
31 56
31 305
31 348
31 365
31 383
31 636
31 649
31 651
31 652
31 698
31 717
31 750
31 751
31 795
31 811
31 947
31 983
31 1109
31 1136
32 40
32 215
32 253
32 415
32 573
32 710
32 764
32 872
32 898
32 1081
33 89
33 155
33 247
33 263
33 420
33 453
33 508
33 520
33 634
33 666
33 668
33 679
33 786
33 789
33 841
33 1037
33 1051
33 1142
34 53
34 255
34 260
34 446
34 618
34 678
34 704
34 742
34 753
34 787
34 856
34 859
34 877
34 903
34 989
34 1005
34 1151
35 84
35 105
35 251
35 294
35 301
35 582
35 634
35 638
35 841
35 906
35 1068
36 51
36 72
36 111
36 126
36 154
36 407
36 492
36 606
36 734
36 817
36 850
36 852
36 857
36 889
36 1051
36 1128
37 164
37 217
37 297
37 321
37 403
37 609
37 676
37 705
37 711
37 735
37 738
37 791
37 874
37 928
37 1018
37 1093
37 1099
38 425
38 473
38 562
38 710
38 741
38 858
38 918
38 1027
39 94
39 198
39 222
39 233
39 254
39 258
39 274
39 312
39 355
39 399
39 466
39 564
39 736
39 861
39 871
39 885
39 905
39 985
39 1144
40 153
40 253
40 269
40 491
40 597
40 633
40 764
40 794
40 845
40 872
40 882
40 898
40 991
40 1075
40 1137
41 72
41 103
41 180
41 191
41 208
41 222
41 248
41 385
41 457
41 525
41 527
41 552
41 675
41 771
41 893
41 943
41 1031
41 1032
41 1129
42 60
42 230
42 287
42 384
42 390
42 403
42 450
42 522
42 529
42 542
42 578
42 866
42 867
42 920
42 946
42 1024
42 1092
43 59
43 66
43 131
43 214
43 217
43 272
43 524
43 569
43 659
43 680
43 692
43 718
43 734
43 746
43 792
43 943
43 1012
43 1088
43 1114
44 280
44 313
44 330
44 334
44 360
44 389
44 482
44 672
44 689
44 792
44 857
44 863
44 864
44 888
44 944
44 1079
44 1108
45 106
45 128
45 141
45 342
45 442
45 452
45 662
45 703
45 790
45 797
45 849
45 854
45 869
45 890
45 909
45 1003
45 1015
45 1026
45 1055
46 92
46 221
46 246
46 398
46 529
46 580
46 586
46 685
46 755
46 783
46 895
46 1017
46 1069
47 218
47 344
47 476
47 581
47 661
47 745
47 868
47 879
47 885
47 994
47 1007
47 1016
47 1107
47 1136
48 53
48 199
48 261
48 291
48 342
48 446
48 612
48 657
48 704
48 945
48 989
49 68
49 85
49 236
49 251
49 285
49 298
49 322
49 328
49 367
49 404
49 500
49 506
49 537
49 670
49 730
49 743
49 766
49 803
49 1106
50 244
50 245
50 302
50 349
50 443
50 625
50 664
50 761
50 777
50 796
50 831
50 854
50 863
50 876
50 904
50 996
50 1065
51 72
51 86
51 154
51 172
51 197
51 240
51 241
51 282
51 492
51 816
51 1128
51 1141
52 101
52 143
52 310
52 329
52 408
52 526
52 541
52 556
52 697
52 769
52 811
52 929
52 1048
53 199
53 260
53 261
53 342
53 612
53 657
53 704
53 936
53 1002
54 140
54 196
54 347
54 349
54 405
54 443
54 602
54 614
54 672
54 815
54 824
54 879
54 900
54 904
54 908
54 925
54 996
54 1017
55 97
55 139
55 578
55 587
55 774
55 805
55 840
55 842
55 875
55 1029
55 1052
56 102
56 120
56 348
56 365
56 403
56 437
56 449
56 476
56 540
56 637
56 644
56 649
56 674
56 695
56 717
56 750
56 757
56 1030
56 1036
56 1109
57 59
57 131
57 182
57 238
57 269
57 272
57 348
57 364
57 394
57 569
57 587
57 658
57 759
57 794
57 842
57 956
57 1150
58 80
58 130
58 160
58 169
58 189
58 274
58 355
58 359
58 396
58 444
58 507
58 526
58 593
58 684
58 701
58 716
58 871
58 1028
59 165
59 187
59 214
59 217
59 235
59 238
59 272
59 524
59 558
59 659
59 692
59 759
59 857
59 943
59 956
59 971
59 1088
60 175
60 325
60 356
60 442
60 485
60 553
60 556
60 571
60 615
60 722
60 866
60 920
60 939
60 1134
61 217
61 391
61 433
61 458
61 496
61 529
61 628
61 727
61 776
61 825
61 895
61 995
61 1022
61 1036
61 1039
62 140
62 151
62 231
62 261
62 309
62 349
62 405
62 550
62 623
62 693
62 755
62 830
62 849
62 908
62 970
62 1043
62 1070
62 1141
63 96
63 267
63 373
63 387
63 396
63 515
63 546
63 564
63 669
63 683
63 722
63 735
63 742
63 760
63 960
63 993
63 1105
64 82
64 270
64 301
64 314
64 378
64 380
64 420
64 493
64 513
64 554
64 606
64 629
64 681
64 766
64 807
64 881
64 884
64 990
64 1085
65 143
65 186
65 210
65 310
65 329
65 356
65 382
65 444
65 490
65 505
65 558
65 648
65 746
65 1048
65 1108
65 1147
66 139
66 235
66 272
66 288
66 467
66 658
66 673
66 734
66 746
66 780
66 792
66 969
66 971
66 973
66 1012
66 1024
66 1039
66 1114
67 85
67 140
67 144
67 192
67 293
67 368
67 369
67 603
67 614
67 673
67 696
67 733
67 739
67 810
67 890
67 904
67 925
67 1073
67 1107
68 85
68 94
68 242
68 318
68 320
68 322
68 328
68 506
68 537
68 566
68 590
68 731
68 743
68 858
68 1043
68 1112
69 80
69 265
69 282
69 304
69 312
69 313
69 431
69 588
69 593
69 716
69 926
69 962
69 965
69 1028
69 1098
70 129
70 213
70 250
70 324
70 372
70 436
70 523
70 585
70 607
70 689
70 737
70 752
70 839
70 880
70 913
70 914
70 1052
71 163
71 203
71 297
71 438
71 447
71 654
71 659
71 711
71 729
71 776
71 791
71 844
71 874
71 1090
72 104
72 154
72 180
72 248
72 345
72 385
72 471
72 492
72 525
72 675
72 797
72 865
72 912
72 1032
72 1057
72 1128
73 98
73 267
73 274
73 301
73 509
73 515
73 782
73 797
73 802
73 810
73 907
73 941
73 960
73 973
73 987
73 1018
73 1096
73 1105
74 134
74 234
74 240
74 289
74 304
74 333
74 345
74 384
74 472
74 763
74 800
74 886
74 1095
75 81
75 203
75 343
75 481
75 565
75 601
75 654
75 744
75 1023
75 1077
75 1086
76 90
76 216
76 381
76 514
76 523
76 601
76 729
76 744
76 774
76 799
76 823
76 891
76 975
76 976
76 1023
76 1086
76 1087
77 119
77 177
77 230
77 279
77 364
77 465
77 516
77 646
77 655
77 724
77 764
77 795
77 855
77 968
77 991
77 1075
77 1150
78 177
78 190
78 203
78 257
78 290
78 381
78 438
78 613
78 627
78 649
78 711
78 779
78 843
78 873
78 901
78 1077
78 1090
78 1113
79 123
79 166
79 229
79 367
79 460
79 463
79 583
79 589
79 656
79 660
79 808
79 814
79 833
79 889
79 1040
80 169
80 240
80 312
80 482
80 495
80 507
80 588
80 684
80 716
80 809
80 902
80 962
80 1025
81 343
81 437
81 483
81 723
81 744
81 750
81 784
81 785
81 901
81 1042
81 1143
82 378
82 420
82 439
82 493
82 509
82 635
82 681
82 766
82 822
82 852
82 878
82 884
82 906
82 942
82 990
82 1084
82 1085
83 179
83 296
83 397
83 479
83 518
83 577
83 619
83 682
83 854
83 1035
84 124
84 144
84 196
84 236
84 251
84 294
84 372
84 506
84 520
84 638
84 681
84 836
84 887
84 1061
84 1068
84 1106
84 1118
84 1145
85 167
85 188
85 293
85 322
85 328
85 368
85 506
85 525
85 537
85 597
85 614
85 673
85 696
85 743
85 810
85 851
85 982
86 111
86 126
86 172
86 240
86 241
86 282
86 492
86 675
86 693
86 816
86 912
86 1056
87 112
87 335
87 359
87 409
87 435
87 641
87 681
87 730
87 793
87 838
87 974
87 979
88 344
88 365
88 383
88 497
88 621
88 652
88 661
88 712
88 758
88 994
88 1136
89 155
89 264
89 374
89 420
89 453
89 493
89 576
89 648
89 650
89 679
89 730
89 768
89 789
89 836
89 884
89 1037
89 1085
89 1120
90 138
90 157
90 158
90 214
90 340
90 370
90 461
90 504
90 514
90 555
90 765
90 891
90 1023
90 1059
90 1087
91 193
91 212
91 278
91 287
91 361
91 398
91 470
91 503
91 528
91 580
91 670
91 685
91 727
91 732
91 761
91 770
91 783
91 798
92 137
92 200
92 273
92 391
92 458
92 462
92 625
92 628
92 630
92 659
92 676
92 685
92 798
92 895
92 969
92 1134
93 146
93 308
93 401
93 416
93 454
93 576
93 598
93 778
93 806
93 818
93 988
94 198
94 242
94 258
94 269
94 279
94 320
94 536
94 590
94 885
94 1043
94 1076
94 1080
94 1144
95 170
95 174
95 207
95 401
95 422
95 519
95 669
95 683
95 787
95 860
95 923
95 987
95 1045
96 207
96 267
96 373
96 376
96 519
96 530
96 640
96 669
96 714
96 742
96 923
96 1151
97 165
97 182
97 377
97 421
97 491
97 516
97 569
97 702
97 746
97 842
97 956
97 1029
98 123
98 133
98 166
98 171
98 225
98 363
98 426
98 646
98 802
98 810
98 960
98 973
98 987
98 1034
98 1134
99 117
99 229
99 288
99 290
99 331
99 346
99 357
99 470
99 487
99 533
99 696
99 699
99 781
99 889
99 952
99 1113
99 1132
99 1142
100 155
100 181
100 247
100 341
100 389
100 570
100 650
100 668
100 884
100 950
100 1037
100 1108
100 1121
101 143
101 365
101 501
101 521
101 617
101 636
101 651
101 724
101 811
101 891
101 1058
101 1063
102 120
102 164
102 289
102 390
102 403
102 414
102 437
102 476
102 522
102 540
102 586
102 647
102 674
102 726
102 727
102 738
102 791
102 866
103 208
103 222
103 239
103 252
103 262
103 335
103 424
103 457
103 527
103 548
103 665
103 769
103 861
103 967
103 1031
103 1129
104 245
104 345
104 430
104 452
104 471
104 513
104 577
104 797
104 865
104 906
104 912
104 941
104 960
104 1003
104 1015
104 1057
104 1096
104 1097
105 110
105 236
105 509
105 513
105 582
105 634
105 638
105 841
105 977
105 1061
106 145
106 259
106 342
106 452
106 572
106 595
106 620
106 662
106 790
106 849
106 890
106 1060
107 119
107 188
107 215
107 499
107 596
107 633
107 687
107 764
107 882
107 897
107 916
107 1011
107 1137
108 177
108 499
108 655
108 699
108 713
108 780
108 938
108 1000
108 1135
109 131
109 139
109 142
109 273
109 279
109 433
109 450
109 523
109 587
109 611
109 658
109 717
109 805
109 845
109 896
109 956
109 971
109 1029
109 1114
110 236
110 294
110 314
110 582
110 591
110 618
110 786
110 977
110 1061
110 1068
110 1132
111 126
111 172
111 187
111 270
111 407
111 533
111 675
111 792
111 817
111 833
111 850
111 912
111 942
111 1051
111 1128
112 113
112 160
112 292
112 359
112 386
112 466
112 561
112 593
112 644
112 681
112 684
112 691
112 730
112 861
112 974
112 1100
113 147
113 198
113 233
113 292
113 386
113 396
113 457
113 466
113 593
113 684
113 782
113 861
113 871
113 979
113 984
113 1117
114 271
114 292
114 295
114 359
114 367
114 472
114 579
114 695
114 848
114 913
114 930
114 966
114 967
114 981
114 998
114 1100
115 134
115 289
115 402
115 413
115 486
115 496
115 604
115 628
115 802
115 813
115 825
115 867
115 903
115 935
115 1022
115 1030
115 1045
115 1149
116 121
116 254
116 302
116 347
116 369
116 400
116 417
116 418
116 614
116 662
116 733
116 739
116 756
116 820
116 957
116 984
116 1101
117 190
117 288
117 290
117 331
117 410
117 465
117 533
117 696
117 699
117 781
117 889
117 952
117 1000
117 1113
118 156
118 185
118 252
118 418
118 440
118 534
118 551
118 596
118 600
118 613
118 631
118 653
118 846
118 847
118 917
118 1008
118 1148
119 230
119 299
119 499
119 596
119 655
119 713
119 724
119 795
119 916
119 968
119 1075
119 1135
119 1137
120 403
120 412
120 437
120 476
120 540
120 575
120 598
120 643
120 674
120 714
120 775
120 883
120 951
120 994
120 1007
120 1103
121 147
121 281
121 300
121 323
121 337
121 369
121 399
121 400
121 610
121 614
121 662
121 733
121 739
121 815
121 831
121 847
122 153
122 188
122 286
122 303
122 311
122 317
122 358
122 399
122 497
122 710
122 751
122 753
122 832
122 865
122 881
122 954
122 984
122 1033
123 133
123 363
123 379
123 426
123 427
123 557
123 583
123 646
123 690
123 696
123 752
123 808
123 833
123 889
123 1034
123 1071
123 1134
124 285
124 298
124 506
124 681
124 686
124 836
124 910
124 930
124 932
124 1061
124 1106
124 1118
125 158
125 197
125 218
125 223
125 307
125 371
125 448
125 451
125 480
125 554
125 618
125 635
125 693
125 715
125 725
125 816
125 1078
126 172
126 201
126 204
126 263
126 544
126 606
126 675
126 734
126 852
126 857
126 889
126 912
126 1128
127 130
127 150
127 286
127 326
127 341
127 430
127 466
127 483
127 535
127 679
127 680
127 747
127 759
127 762
127 853
127 909
127 948
127 1057
127 1102
128 141
128 175
128 362
128 442
128 498
128 599
128 869
128 920
128 939
128 993
128 1006
128 1015
128 1091
128 1130
129 256
129 268
129 271
129 280
129 324
129 332
129 523
129 585
129 607
129 642
129 752
129 839
129 887
129 914
129 997
129 1052
130 160
130 198
130 208
130 286
130 355
130 359
130 386
130 466
130 488
130 510
130 588
130 680
130 759
130 853
130 871
130 905
130 1028
130 1057
131 139
131 182
131 279
131 364
131 569
131 611
131 680
131 692
131 717
131 718
131 794
131 842
131 845
131 956
132 172
132 228
132 241
132 266
132 304
132 407
132 448
132 451
132 492
132 544
132 563
132 591
132 627
132 678
132 809
132 816
132 844
132 948
132 1078
133 360
133 363
133 426
133 561
133 639
133 646
133 855
133 873
133 915
133 945
133 1000
133 1002
133 1034
133 1075
133 1134
134 234
134 325
134 496
134 498
134 721
134 763
134 799
134 802
134 813
134 898
134 935
134 1045
134 1110
134 1126
134 1149
135 202
135 260
135 319
135 354
135 373
135 384
135 402
135 413
135 414
135 435
135 496
135 547
135 877
135 885
135 903
135 970
135 989
135 1047
135 1083
136 183
136 284
136 431
136 482
136 502
136 567
136 609
136 702
136 728
136 754
136 827
136 869
136 937
136 986
136 1006
137 171
137 186
137 200
137 379
137 426
137 458
137 462
137 485
137 615
137 625
137 639
137 697
137 798
137 808
137 920
137 1134
138 158
138 214
138 231
138 248
138 272
138 340
138 395
138 524
138 555
138 676
138 692
138 776
138 893
138 934
138 982
138 1054
138 1059
139 235
139 279
139 467
139 587
139 611
139 658
139 717
139 774
139 840
139 845
139 956
139 969
139 1024
139 1039
139 1052
140 144
140 151
140 192
140 347
140 349
140 443
140 672
140 733
140 755
140 815
140 900
140 904
140 996
140 1070
140 1073
140 1107
141 313
141 442
141 477
141 567
141 608
141 869
141 937
141 972
141 986
141 1015
141 1025
142 194
142 517
142 523
142 557
142 658
142 772
142 774
142 805
142 839
142 914
142 961
142 975
142 1023
142 1029
142 1052
142 1053
142 1126
142 1139
143 186
143 356
143 382
143 444
143 505
143 545
143 548
143 811
143 929
143 1048
144 192
144 196
144 236
144 250
144 332
144 372
144 520
144 528
144 602
144 722
144 733
144 796
144 887
144 904
144 1073
144 1091
144 1107
144 1145
145 229
145 350
145 352
145 375
145 576
145 595
145 620
145 719
145 828
145 1013
145 1111
145 1146
146 308
146 416
146 422
146 575
146 576
146 632
146 778
146 806
146 818
146 1046
147 198
147 233
147 254
147 281
147 303
147 323
147 396
147 399
147 445
147 573
147 739
147 782
147 911
147 954
147 984
147 1027
148 376
148 412
148 542
148 551
148 653
148 665
148 708
148 787
148 858
148 917
148 933
148 968
148 980
148 1008
148 1020
148 1049
149 321
149 429
149 453
149 479
149 535
149 568
149 619
149 747
149 762
149 853
149 927
149 950
149 1122
150 204
150 241
150 326
150 406
150 430
150 447
150 448
150 483
150 563
150 631
150 762
150 779
150 850
150 909
150 948
150 1009
150 1129
151 336
151 349
151 625
151 685
151 755
151 1017
151 1069
151 1070
152 220
152 330
152 336
152 364
152 443
152 462
152 491
152 570
152 577
152 664
152 700
152 777
152 862
152 876
152 978
152 1026
152 1050
152 1120
153 188
153 248
153 293
153 317
153 322
153 497
153 555
153 597
153 751
153 753
153 837
153 882
153 954
153 991
153 999
153 1011
153 1137
154 286
154 315
154 333
154 492
154 527
154 675
154 771
154 835
154 837
154 912
154 922
154 941
154 982
154 1003
154 1128
155 181
155 330
155 420
155 453
155 679
155 740
155 789
155 1037
155 1108
155 1121
156 159
156 168
156 440
156 596
156 600
156 613
156 671
156 992
156 1008
156 1129
156 1148
157 370
157 372
157 461
157 502
157 504
157 532
157 560
157 584
157 642
157 765
157 773
157 896
157 924
157 953
157 1024
158 214
158 218
158 309
158 340
158 348
158 371
158 388
158 451
158 554
158 555
158 611
158 635
158 715
158 934
158 1059
159 168
159 222
159 434
159 489
159 510
159 826
159 992
159 1038
160 292
160 355
160 359
160 409
160 561
160 644
160 691
160 766
160 793
160 836
160 871
160 1028
160 1100
161 183
161 232
161 377
161 502
161 504
161 507
161 538
161 560
161 626
161 705
161 709
161 728
161 773
161 870
161 965
161 986
161 1066
161 1089
161 1094
162 293
162 318
162 328
162 404
162 444
162 541
162 590
162 645
162 743
162 767
162 851
162 910
162 959
162 1106
162 1123
163 447
163 565
163 647
163 654
163 744
163 843
163 844
163 874
163 1077
163 1090
163 1099
164 289
164 297
164 390
164 403
164 414
164 522
164 586
164 637
164 727
164 866
164 928
164 951
164 964
164 1042
164 1099
164 1109
165 182
165 187
165 235
165 310
165 377
165 382
165 558
165 692
165 702
165 746
165 788
165 857
165 971
165 1012
165 1125
166 171
166 178
166 206
166 225
166 227
166 229
166 334
166 367
166 460
166 549
166 656
166 814
166 915
166 935
166 1040
167 188
167 388
167 524
167 525
167 555
167 597
167 679
167 715
167 765
167 818
167 851
167 940
167 950
167 982
167 999
167 1054
167 1087
168 185
168 257
168 455
168 512
168 671
168 916
168 917
168 992
168 1009
168 1031
168 1148
169 183
169 306
169 507
169 684
169 716
169 773
169 965
169 1019
169 1060
169 1062
169 1098
170 174
170 207
170 338
170 339
170 519
170 546
170 632
170 669
170 787
170 802
170 923
170 988
171 225
171 276
171 339
171 379
171 615
171 639
171 673
171 808
171 1034
171 1045
171 1096
171 1105
172 197
172 304
172 448
172 492
172 675
172 809
172 912
172 1141
173 249
173 291
173 517
173 531
173 532
173 543
173 641
173 657
173 752
173 829
173 870
173 1002
173 1116
174 207
174 260
174 307
174 317
174 376
174 446
174 459
174 464
174 475
174 511
174 591
174 653
174 669
174 775
174 787
174 1020
174 1151
175 325
175 442
175 452
175 477
175 485
175 553
175 571
175 599
175 703
175 722
175 937
175 1006
175 1130
176 211
176 246
176 270
176 278
176 317
176 337
176 422
176 712
176 714
176 756
176 852
176 899
176 919
176 949
176 988
176 995
176 1005
176 1030
176 1041
177 290
177 465
177 646
177 873
177 1000
177 1090
177 1113
177 1135
178 206
178 227
178 257
178 334
178 440
178 441
178 549
178 589
178 594
178 677
178 915
178 935
178 958
178 1074
179 327
179 397
179 447
179 568
179 577
179 619
179 627
179 747
179 854
179 894
179 958
179 1122
180 248
180 385
180 525
180 598
180 675
180 818
180 835
180 922
180 1032
180 1044
180 1046
181 187
181 210
181 329
181 382
181 734
181 864
181 888
181 1079
181 1108
181 1120
182 364
182 377
182 421
182 702
182 746
182 794
182 805
182 840
182 842
183 232
183 306
183 502
183 504
183 560
183 567
183 609
183 626
183 702
183 754
183 773
183 827
183 870
183 1062
183 1094
183 1098
184 191
184 250
184 268
184 449
184 486
184 490
184 540
184 622
184 691
184 757
184 966
184 995
184 1021
184 1109
184 1125
185 252
185 257
185 300
185 455
185 512
185 534
185 551
185 653
185 671
185 916
185 917
185 957
185 1008
185 1014
186 356
186 382
186 426
186 433
186 444
186 485
186 501
186 505
186 514
186 556
186 697
186 920
186 969
186 1048
187 210
187 235
187 270
187 533
187 558
187 692
187 734
187 792
187 833
187 857
187 864
187 942
187 971
187 1079
187 1128
188 317
188 497
188 525
188 597
188 633
188 687
188 751
188 753
188 764
188 851
188 954
188 982
188 1011
189 209
189 244
189 274
189 335
189 396
189 444
189 526
189 546
189 593
189 672
189 701
189 860
189 1117
189 1124
190 195
190 410
190 438
190 440
190 465
190 481
190 512
190 627
190 711
190 729
190 750
190 779
190 843
190 1000
190 1077
190 1090
191 250
191 268
191 449
191 474
191 552
191 622
191 674
191 771
191 893
191 943
191 1042
192 319
192 354
192 371
192 419
192 657
192 661
192 733
192 824
192 859
192 879
192 904
192 1007
192 1073
192 1107
192 1127
192 1144
193 211
193 221
193 246
193 278
193 287
193 361
193 401
193 408
193 530
193 548
193 617
193 632
193 685
193 727
193 783
193 947
193 1041
193 1103
194 216
194 534
194 617
194 665
194 702
194 772
194 821
194 823
194 967
194 975
194 983
194 1023
194 1052
194 1089
194 1126
194 1139
195 226
195 326
195 343
195 394
195 440
195 468
195 481
195 512
195 540
195 611
195 636
195 637
195 649
195 652
195 667
195 729
195 750
195 901
195 1090
195 1143
196 236
196 268
196 349
196 372
196 520
196 553
196 602
196 614
196 748
196 761
196 824
196 879
196 880
196 887
196 925
196 993
196 1073
196 1145
197 243
197 342
197 405
197 693
197 804
197 934
197 1056
197 1070
197 1078
197 1141
198 208
198 233
198 258
198 386
198 396
198 488
198 510
198 588
198 782
198 885
198 905
198 984
198 1144
199 243
199 419
199 446
199 543
199 704
199 849
199 936
199 989
199 1002
200 224
200 361
200 393
200 398
200 428
200 458
200 462
200 503
200 605
200 608
200 625
200 705
200 798
200 803
200 827
200 1010
200 1134
201 204
201 263
201 266
201 544
201 668
201 706
201 725
201 789
201 817
201 841
201 883
201 955
201 1016
201 1051
201 1083
201 1115
201 1128
201 1132
202 207
202 255
202 260
202 351
202 354
202 373
202 387
202 413
202 515
202 547
202 640
202 690
202 706
202 742
202 989
202 1043
202 1047
203 257
203 381
203 481
203 565
203 601
203 613
203 649
203 711
203 729
203 901
203 1023
204 241
204 263
204 406
204 407
204 447
204 448
204 544
204 629
204 735
204 779
204 850
204 878
204 907
204 1128
205 230
205 299
205 425
205 467
205 499
205 521
205 542
205 551
205 566
205 698
205 812
205 855
205 866
205 875
205 896
205 946
205 968
205 1020
206 225
206 227
206 334
206 350
206 463
206 487
206 500
206 549
206 583
206 915
206 935
206 1034
206 1040
207 255
207 387
207 515
207 530
207 640
207 669
207 714
207 787
208 222
208 386
208 457
208 488
208 510
208 527
208 588
208 736
208 826
208 905
208 992
208 1031
208 1129
209 244
209 335
209 338
209 505
209 541
209 564
209 672
209 683
209 684
209 701
209 782
209 1028
209 1117
209 1124
210 310
210 648
210 734
210 864
210 888
210 1037
210 1079
210 1108
210 1121
211 221
211 317
211 401
211 417
211 530
211 606
211 610
211 632
211 712
211 919
211 942
211 949
211 995
211 1005
211 1030
211 1041
211 1103
212 224
212 271
212 393
212 503
212 580
212 585
212 670
212 732
212 737
212 798
212 961
213 250
213 251
213 275
213 372
213 436
213 450
213 467
213 504
213 602
213 642
213 666
213 689
213 880
213 887
213 914
213 1061
213 1073
214 217
214 309
214 340
214 524
214 525
214 555
214 659
214 804
214 837
214 943
214 1054
214 1059
214 1088
215 532
215 600
215 663
215 882
215 897
215 911
215 916
215 1033
215 1081
215 1094
216 252
216 377
216 523
216 601
216 754
216 774
216 799
216 821
216 823
216 947
216 967
216 976
216 980
216 1058
216 1139
217 433
217 458
217 524
217 659
217 676
217 711
217 738
217 776
217 874
217 895
217 943
217 1022
217 1039
217 1088
218 277
218 371
218 451
218 547
218 554
218 635
218 712
218 715
218 745
218 859
218 868
218 879
218 885
218 994
218 1107
218 1127
219 350
219 357
219 361
219 460
219 470
219 580
219 666
219 748
219 770
219 781
219 786
219 796
219 952
219 955
219 1145
220 336
220 353
220 389
220 392
220 423
220 443
220 462
220 516
220 577
220 648
220 664
220 740
220 777
220 794
220 876
220 1026
221 246
221 278
221 398
221 401
221 529
221 530
221 545
221 580
221 586
221 632
221 769
221 983
221 1041
221 1058
221 1069
221 1103
222 233
222 312
222 355
222 457
222 466
222 489
222 510
222 527
222 736
222 985
222 1031
222 1129
223 228
223 263
223 266
223 307
223 448
223 459
223 480
223 539
223 581
223 618
223 624
223 643
223 725
223 816
223 817
223 1047
223 1049
223 1112
224 271
224 361
224 393
224 398
224 605
224 607
224 737
224 803
224 1010
224 1053
225 283
225 350
225 360
225 441
225 463
225 487
225 500
225 574
225 583
225 594
225 813
225 1040
226 232
226 321
226 326
226 343
226 434
226 468
226 588
226 649
226 667
226 723
226 749
226 767
226 785
226 924
226 932
226 963
226 985
226 1143
227 316
227 334
227 339
227 370
227 402
227 549
227 574
227 721
227 763
227 813
227 825
227 834
227 915
227 935
227 959
227 987
228 241
228 263
228 266
228 451
228 475
228 581
228 591
228 624
228 643
228 678
228 725
228 731
228 817
228 1047
228 1078
229 346
229 350
229 357
229 367
229 375
229 460
229 470
229 487
229 576
229 656
229 719
229 814
229 828
229 1040
229 1111
229 1132
229 1142
230 425
230 450
230 522
230 542
230 551
230 566
230 578
230 655
230 724
230 795
230 968
230 1020
230 1024
230 1075
230 1092
231 248
231 261
231 309
231 340
231 394
231 524
231 693
231 715
231 717
231 804
231 849
231 908
231 934
231 982
231 1141
232 321
232 345
232 504
232 560
232 626
232 723
232 749
232 767
232 870
232 924
232 932
232 953
232 959
232 1001
232 1094
233 242
233 312
233 319
233 355
233 396
233 466
233 736
233 745
233 782
233 905
233 984
233 985
233 1080
234 282
234 414
234 471
234 763
234 809
234 867
234 886
234 981
234 1095
234 1138
235 276
235 467
235 558
235 658
235 692
235 699
235 801
235 810
235 857
235 969
235 971
235 1024
235 1039
235 1114
236 251
236 285
236 298
236 372
236 404
236 520
236 582
236 730
236 766
236 887
236 977
236 1061
236 1145
237 281
237 337
237 380
237 417
237 494
237 698
237 720
237 724
237 819
237 820
237 878
238 264
238 272
238 315
238 355
238 386
238 680
238 707
238 718
238 759
238 762
238 865
238 956
238 990
238 1076
238 1102
239 335
239 385
239 408
239 424
239 457
239 510
239 534
239 545
239 736
239 771
239 821
239 861
239 980
239 998
239 1009
240 241
240 282
240 304
240 333
240 345
240 472
240 482
240 495
240 800
240 809
240 816
240 886
240 902
240 962
240 1025
241 266
241 282
241 406
241 447
241 448
241 451
241 591
241 678
241 779
241 816
241 850
241 1078
242 258
242 319
242 320
242 590
242 707
242 745
242 845
242 905
242 1043
242 1080
242 1104
242 1150
243 261
243 342
243 400
243 405
243 419
243 543
243 572
243 595
243 603
243 703
243 704
243 804
243 849
243 934
243 1015
243 1056
243 1070
244 256
244 302
244 335
244 349
244 431
244 436
244 672
244 777
244 831
244 863
244 900
244 904
244 944
244 1025
244 1079
244 1117
245 327
245 430
245 452
245 518
245 577
245 625
245 664
245 854
245 876
245 941
245 996
245 1015
245 1026
245 1035
245 1065
245 1097
245 1122
246 278
246 398
246 408
246 422
246 529
246 548
246 580
246 586
246 617
246 714
246 899
246 947
246 949
246 988
246 1069
247 263
247 275
247 341
247 508
247 634
247 650
247 668
247 786
247 789
247 884
247 950
247 1051
247 1115
247 1121
247 1142
247 1145
248 293
248 322
248 385
248 524
248 525
248 555
248 675
248 837
248 934
248 982
248 999
248 1011
248 1032
249 409
249 531
249 532
249 604
249 641
249 694
249 838
249 870
249 970
249 974
250 268
250 332
250 372
250 436
250 449
250 528
250 602
250 622
250 689
250 722
250 796
250 880
250 914
250 1091
251 275
251 285
251 294
251 298
251 404
251 602
251 638
251 642
251 666
251 730
251 766
251 1061
251 1068
251 1073
252 262
252 377
252 534
252 548
252 551
252 653
252 665
252 754
252 769
252 947
252 967
252 980
252 1058
252 1139
253 358
253 415
253 663
253 764
253 872
253 897
253 898
253 1027
254 274
254 303
254 369
254 399
254 445
254 564
254 573
254 820
254 861
254 871
254 905
254 911
254 954
254 984
254 1027
254 1101
255 320
255 373
255 387
255 427
255 446
255 469
255 515
255 550
255 624
255 640
255 742
255 856
255 859
255 877
255 903
255 1083
256 268
256 280
256 332
256 392
256 431
256 436
256 642
256 689
256 700
256 839
256 887
256 900
256 944
256 1025
256 1079
257 381
257 440
257 441
257 455
257 512
257 589
257 613
257 649
257 671
257 677
257 901
257 916
257 917
258 318
258 351
258 537
258 550
258 707
258 845
258 885
258 1080
258 1104
258 1144
258 1150
259 498
259 507
259 571
259 572
259 1013
259 1019
259 1060
259 1072
259 1082
259 1098
260 307
260 317
260 354
260 373
260 376
260 413
260 446
260 464
260 547
260 591
260 704
260 989
261 309
261 342
261 400
261 572
261 595
261 603
261 612
261 657
261 693
261 703
261 849
261 908
261 1015
261 1141
262 548
262 665
262 769
262 800
262 821
262 823
262 848
262 967
262 998
262 1100
262 1138
262 1139
263 508
263 544
263 581
263 624
263 634
263 643
263 786
263 817
263 1047
263 1051
263 1128
263 1142
264 378
264 493
264 650
264 680
264 707
264 730
264 768
264 836
264 978
264 990
264 1076
264 1085
265 282
265 304
265 306
265 313
265 431
265 495
265 538
265 716
265 902
265 926
265 963
265 1038
266 451
266 459
266 539
266 591
266 678
266 706
266 725
266 883
266 1016
266 1049
266 1051
266 1078
266 1083
266 1112
267 274
267 338
267 373
267 387
267 515
267 553
267 669
267 742
267 782
267 860
267 907
267 1018
267 1091
267 1096
268 280
268 332
268 449
268 553
268 622
268 642
268 748
268 761
268 839
268 880
268 887
268 993
268 1073
269 279
269 348
269 394
269 491
269 536
269 569
269 587
269 633
269 658
269 794
269 845
269 1075
269 1076
269 1080
269 1150
270 337
270 380
270 493
270 533
270 554
270 606
270 629
270 756
270 792
270 807
270 833
270 852
270 942
270 1041
270 1128
271 367
271 579
271 737
271 913
271 914
271 930
271 997
271 1100
272 395
272 676
272 692
272 734
272 746
272 759
272 776
272 792
272 893
272 956
272 1012
272 1054
272 1114
273 356
273 391
273 433
273 450
273 587
273 628
273 630
273 659
273 676
273 697
273 891
273 896
273 969
273 971
273 1039
273 1067
273 1114
274 396
274 399
274 444
274 515
274 526
274 564
274 593
274 701
274 782
274 861
274 871
274 905
274 907
274 1018
274 1096
275 357
275 520
275 602
275 634
275 642
275 666
275 770
275 789
275 1061
275 1073
275 1115
275 1145
276 322
276 331
276 339
276 673
276 699
276 733
276 801
276 810
276 851
276 925
276 973
276 1034
276 1045
276 1071
276 1096
276 1105
276 1114
277 344
277 383
277 464
277 486
277 547
277 712
277 753
277 758
277 859
277 919
277 949
277 1036
277 1041
277 1127
278 287
278 361
278 422
278 545
278 685
278 714
278 727
278 769
278 783
278 899
278 949
278 983
278 988
278 1058
279 364
279 516
279 536
279 611
279 717
279 764
279 845
279 855
279 956
279 991
279 1076
279 1080
279 1150
280 313
280 332
280 423
280 436
280 482
280 642
280 672
280 689
280 839
280 863
280 864
280 887
280 1050
281 323
281 399
281 432
281 494
281 739
281 820
281 828
281 1101
282 304
282 313
282 431
282 471
282 716
282 809
282 816
282 926
282 981
282 1095
282 1138
283 291
283 295
283 334
283 360
283 441
283 570
283 574
283 594
283 639
283 646
283 740
283 813
283 864
283 915
283 936
283 944
283 1040
284 442
284 599
284 986
284 1006
284 1119
284 1130
285 298
285 404
285 559
285 579
285 730
285 766
285 910
285 932
285 1118
286 303
286 315
286 333
286 466
286 675
286 680
286 759
286 853
286 865
286 881
286 941
286 1003
286 1057
287 361
287 384
287 390
287 391
287 403
287 529
287 586
287 685
287 727
287 783
287 867
287 946
287 1022
288 290
288 533
288 673
288 699
288 780
288 801
288 889
288 938
288 952
288 971
288 973
288 1135
289 384
289 413
289 414
289 522
289 586
289 604
289 727
289 825
289 866
289 867
289 903
289 1095
290 346
290 368
290 410
290 533
290 699
290 873
290 889
290 952
290 1071
290 1090
290 1113
291 295
291 334
291 517
291 639
291 646
291 704
291 752
291 936
291 945
291 1002
291 1116
292 295
292 359
292 386
292 409
292 466
292 593
292 684
292 695
292 766
292 793
292 836
292 848
292 861
292 966
293 318
293 322
293 368
293 404
293 555
293 590
293 614
293 673
293 696
293 810
293 837
293 851
293 999
293 1011
293 1106
293 1123
294 307
294 638
294 678
294 786
294 822
294 881
294 977
294 1068
294 1132
295 334
295 359
295 561
295 639
295 641
295 646
295 694
295 695
295 848
295 936
295 966
296 300
296 418
296 468
296 483
296 518
296 589
296 682
296 872
296 892
296 894
296 921
296 1074
296 1110
296 1131
297 403
297 429
297 438
297 659
297 738
297 749
297 760
297 776
297 791
297 827
297 907
297 928
297 1066
297 1099
298 404
298 484
298 686
298 730
298 766
298 767
298 930
298 1118
299 455
299 499
299 521
299 542
299 600
299 655
299 687
299 698
299 713
299 855
299 882
299 1135
300 337
300 369
300 418
300 589
300 610
300 815
300 831
300 847
300 872
300 921
300 957
300 1008
300 1014
300 1110
300 1131
301 314
301 509
301 513
301 582
301 797
301 881
301 906
301 941
301 1085
301 1105
302 316
302 347
302 349
302 417
302 418
302 461
302 739
302 756
302 777
302 815
302 831
302 863
302 875
302 904
302 957
302 1092
303 305
303 445
303 464
303 573
303 597
303 621
303 832
303 865
303 881
303 911
303 954
303 1005
303 1011
303 1027
304 313
304 333
304 345
304 431
304 448
304 472
304 492
304 716
304 800
304 809
304 886
304 926
305 383
305 464
305 497
305 581
305 597
305 621
305 636
305 751
305 832
305 883
305 1005
305 1011
305 1136
306 352
306 495
306 538
306 709
306 773
306 1062
306 1082
306 1098
307 317
307 376
307 446
307 448
307 464
307 480
307 591
307 618
307 678
307 725
307 816
307 822
307 881
307 977
308 374
308 401
308 575
308 719
308 806
308 940
308 988
308 1044
308 1046
309 348
309 388
309 525
309 611
309 693
309 804
309 837
309 849
309 908
309 934
309 1054
309 1141
310 329
310 382
310 526
310 541
310 556
310 648
310 697
310 788
310 929
310 1012
310 1108
310 1125
311 358
311 399
311 445
311 455
311 584
311 596
311 710
311 832
311 870
311 897
311 911
311 984
311 1033
311 1081
311 1133
312 355
312 466
312 488
312 588
312 616
312 667
312 723
312 736
312 985
312 1038
313 431
313 477
313 482
313 567
313 672
313 689
313 716
313 863
313 864
313 926
313 986
313 1025
314 315
314 513
314 591
314 618
314 822
314 832
314 881
314 954
314 1057
314 1068
314 1085
315 333
315 355
315 386
315 675
315 718
315 762
315 822
315 832
315 865
315 941
315 954
315 1003
315 1057
315 1102
316 370
316 461
316 560
316 813
316 815
316 834
316 875
316 959
316 1059
316 1064
316 1087
316 1092
317 376
317 446
317 464
317 497
317 591
317 712
317 751
317 753
317 919
317 954
317 995
317 1005
317 1030
318 351
318 404
318 537
318 550
318 566
318 590
318 731
318 851
318 858
318 1080
318 1106
318 1112
318 1123
319 371
319 661
319 745
319 824
319 885
319 903
319 905
319 1007
319 1047
319 1080
319 1083
319 1127
319 1144
320 351
320 373
320 427
320 435
320 456
320 469
320 478
320 550
320 590
320 604
320 624
320 908
320 1043
320 1070
320 1083
321 429
321 479
321 609
321 705
321 723
321 735
321 747
321 749
321 767
321 791
321 924
321 927
321 932
321 1018
321 1093
322 328
322 331
322 506
322 537
322 555
322 733
322 743
322 837
322 851
322 925
322 973
322 999
322 1011
322 1071
323 375
323 399
323 720
323 739
323 819
323 820
323 1101
323 1140
324 331
324 363
324 368
324 469
324 517
324 523
324 531
324 557
324 585
324 607
324 752
324 808
324 829
324 936
324 945
324 1052
325 352
325 362
325 442
325 485
325 498
325 553
325 571
325 721
325 722
325 799
325 898
325 931
325 1060
325 1072
325 1110
325 1126
326 343
326 430
326 468
326 483
326 592
326 649
326 667
326 682
326 762
326 909
326 948
326 958
326 1131
326 1143
327 518
327 568
327 592
327 619
327 747
327 779
327 844
327 1026
327 1035
327 1074
327 1122
328 444
328 506
328 537
328 541
328 743
328 767
328 834
328 910
328 1001
328 1123
329 382
329 490
329 526
329 541
329 556
329 558
329 697
329 746
329 888
329 929
329 1120
329 1147
330 334
330 360
330 364
330 389
330 491
330 570
330 664
330 700
330 740
330 1050
330 1079
330 1121
331 363
331 368
331 469
331 517
331 696
331 733
331 781
331 808
331 851
331 925
331 973
331 1071
331 1113
332 474
332 528
332 552
332 602
332 642
332 722
332 757
332 796
332 839
332 880
332 887
332 1021
332 1091
333 345
333 471
333 472
333 626
333 645
333 675
333 800
333 834
333 886
333 924
333 941
333 1003
334 360
334 389
334 549
334 639
334 646
334 915
334 935
334 936
334 1079
335 409
335 424
335 672
335 861
335 979
335 1117
336 426
336 443
336 462
336 503
336 577
336 615
336 625
336 630
336 777
336 895
336 1010
336 1017
336 1026
336 1065
337 369
337 417
337 610
337 756
337 815
337 819
337 831
337 847
337 852
337 1041
338 387
338 519
338 546
338 553
338 683
338 701
338 860
338 1091
339 402
339 574
339 632
339 673
339 721
339 763
339 802
339 825
339 923
339 987
339 988
339 1034
339 1045
339 1096
339 1105
340 388
340 394
340 480
340 555
340 715
340 717
340 804
340 807
340 868
340 1059
340 1078
340 1084
340 1127
341 416
341 453
341 535
341 650
341 668
341 679
341 747
341 884
341 950
341 999
341 1044
341 1102
341 1121
342 405
342 452
342 612
342 657
342 662
342 790
342 804
342 849
342 890
342 934
342 1056
342 1070
343 468
343 649
343 667
343 674
343 744
343 784
343 964
343 1143
344 365
344 383
344 497
344 621
344 652
344 919
344 1007
344 1136
345 471
345 472
345 797
345 800
345 865
345 886
345 912
345 953
345 959
345 1001
345 1057
346 357
346 368
346 410
346 470
346 487
346 780
346 781
346 801
346 833
346 952
346 1071
346 1113
346 1132
346 1142
347 370
347 417
347 418
347 443
347 578
347 672
347 739
347 756
347 812
347 815
347 831
347 900
347 957
347 996
347 1064
348 365
348 388
348 394
348 569
348 587
348 611
348 649
348 658
348 717
348 750
348 934
348 1109
348 1150
349 602
349 614
349 755
349 777
349 824
349 831
349 863
349 879
349 904
349 925
349 1070
350 375
350 460
350 463
350 487
350 500
350 576
350 583
350 719
350 770
350 781
350 786
350 828
350 952
350 955
350 1111
351 435
351 456
351 478
351 537
351 550
351 604
351 690
351 706
351 742
351 908
351 1043
351 1047
351 1070
351 1080
352 362
352 709
352 931
352 1013
352 1060
352 1072
352 1082
352 1146
353 456
353 648
353 664
353 768
353 830
353 862
353 978
353 990
354 371
354 373
354 413
354 419
354 547
354 657
354 758
354 856
354 859
354 868
354 879
354 919
354 989
355 359
355 386
355 466
355 718
355 736
355 762
355 865
355 871
355 985
355 1028
355 1102
356 382
356 444
356 505
356 556
356 615
356 697
356 891
356 939
356 1039
356 1048
356 1067
356 1134
357 361
357 470
357 487
357 520
357 580
357 748
357 770
357 796
357 1132
357 1142
358 399
358 473
358 573
358 710
358 741
358 832
358 984
358 1027
358 1033
359 681
359 695
359 730
359 848
359 871
359 966
359 974
359 1028
360 389
360 441
360 561
360 574
360 594
360 813
360 915
360 945
360 1002
360 1040
360 1079
361 393
361 398
361 580
361 605
361 685
361 727
361 748
361 783
361 796
361 803
361 1010
362 498
362 571
362 688
362 763
362 772
362 872
362 920
362 931
362 939
362 976
362 993
362 1060
362 1072
362 1091
362 1130
362 1149
363 368
363 379
363 426
363 463
363 469
363 517
363 533
363 646
363 808
363 814
363 1034
363 1134
364 491
364 516
364 570
364 664
364 700
364 764
364 794
364 842
364 855
364 991
364 1050
364 1150
365 497
365 521
365 617
365 621
365 636
365 649
365 652
365 717
365 724
365 750
365 1058
365 1063
365 1109
366 445
366 562
366 741
366 918
366 1033
366 1112
366 1133
367 460
367 500
367 579
367 656
367 670
367 803
367 814
367 913
367 930
367 1040
367 1100
367 1106
368 410
368 469
368 517
368 614
368 673
368 696
368 808
368 810
368 952
368 1071
369 603
369 610
369 739
369 815
369 820
369 831
369 847
369 890
369 925
369 984
369 1101
370 461
370 504
370 578
370 765
370 812
370 813
370 831
370 834
370 959
370 1064
371 451
371 554
371 635
371 661
371 715
371 758
371 824
371 856
371 868
371 919
371 1007
371 1127
371 1144
372 436
372 520
372 560
372 642
372 689
372 880
372 887
372 896
372 914
372 1024
372 1145
373 413
373 427
373 469
373 547
373 550
373 624
373 669
373 742
373 989
373 1083
374 432
374 460
374 487
374 576
374 620
374 648
374 719
374 778
374 806
374 884
374 940
374 1044
374 1120
374 1140
374 1146
375 400
375 432
375 576
375 691
375 695
375 719
375 820
375 828
375 890
375 1111
375 1140
376 412
376 446
376 464
376 519
376 551
376 591
376 640
376 787
376 923
376 933
376 1049
376 1151
377 702
377 705
377 728
377 746
377 754
377 773
377 947
377 980
377 986
377 1058
377 1066
377 1089
377 1139
378 420
378 536
378 681
378 718
378 759
378 766
378 768
378 884
378 978
378 990
378 1104
379 427
379 463
379 533
379 557
379 615
379 639
379 690
379 696
379 752
379 808
379 814
379 1071
380 439
380 493
380 544
380 554
380 606
380 629
380 698
380 720
380 724
380 760
380 807
380 850
380 878
380 1018
381 438
381 481
381 613
381 649
381 729
381 744
381 874
381 901
381 975
381 1086
382 444
382 505
382 788
382 888
382 1012
382 1048
382 1120
382 1125
383 636
383 661
383 751
383 919
383 994
383 1136
384 390
384 402
384 403
384 414
384 435
384 496
384 529
384 867
384 877
384 946
384 970
384 1095
385 395
385 474
385 510
385 525
385 527
385 622
385 675
385 736
385 771
385 1009
385 1032
385 1088
386 466
386 488
386 510
386 588
386 593
386 684
386 718
386 762
386 861
386 865
386 905
386 1102
387 396
387 515
387 553
387 564
387 640
387 735
387 760
387 860
387 960
387 1091
387 1105
388 480
388 524
388 611
388 715
388 765
388 807
388 868
388 934
388 999
388 1054
388 1078
388 1084
388 1087
388 1127
389 392
389 423
389 516
389 570
389 740
389 794
389 876
389 1037
389 1079
390 403
390 529
390 637
390 647
390 726
390 738
390 791
390 867
390 946
390 951
390 964
390 1042
390 1109
391 496
391 586
391 628
391 630
391 659
391 676
391 825
391 969
391 995
391 1022
391 1036
392 423
392 516
392 554
392 585
392 689
392 700
392 740
392 794
392 876
392 1050
392 1053
392 1084
393 398
393 585
393 605
393 803
393 913
393 961
393 997
393 1010
394 540
394 569
394 587
394 611
394 636
394 637
394 652
394 658
394 715
394 717
394 804
394 901
394 1150
395 469
395 474
395 527
395 622
395 676
395 690
395 692
395 776
395 893
395 943
395 1054
395 1088
395 1125
395 1147
396 444
396 526
396 564
396 593
396 701
396 735
396 760
396 782
396 960
396 984
396 1105
397 518
397 577
397 619
397 854
397 892
397 927
397 1004
397 1035
397 1131
398 470
398 528
398 529
398 580
398 586
398 605
398 761
398 770
398 803
398 1010
398 1069
399 564
399 710
399 739
399 832
399 861
399 871
399 905
399 984
399 1033
400 432
400 572
400 595
400 603
400 614
400 662
400 691
400 695
400 703
400 733
400 890
400 1015
401 422
401 519
401 530
401 632
401 987
401 988
401 1041
401 1045
401 1103
402 414
402 435
402 486
402 496
402 574
402 628
402 721
402 763
402 825
402 877
402 970
402 987
402 1022
402 1030
403 437
403 476
403 529
403 540
403 674
403 867
403 928
403 946
403 1099
404 506
404 590
404 605
404 656
404 730
404 732
404 766
404 851
404 1106
404 1123
405 550
405 623
405 804
405 830
405 904
405 908
405 934
405 970
405 1017
405 1043
405 1056
405 1070
406 447
406 448
406 468
406 563
406 779
406 846
406 850
406 853
406 948
406 1014
406 1031
406 1055
406 1097
406 1102
407 544
407 563
407 627
407 629
407 735
407 816
407 817
407 844
407 850
407 878
407 907
407 948
407 1051
408 457
408 534
408 545
408 548
408 617
408 769
408 821
408 947
408 980
408 998
408 1048
409 604
409 694
409 766
409 793
409 836
409 970
409 974
409 979
410 465
410 780
410 781
410 801
410 833
410 952
410 1000
410 1071
410 1113
411 428
411 477
411 608
411 609
411 647
411 798
411 869
411 928
411 972
411 1010
411 1066
412 511
412 551
412 575
412 598
412 714
412 775
412 787
412 909
412 927
412 933
412 1049
412 1097
412 1103
413 547
413 604
413 624
413 706
413 745
413 825
413 867
413 877
413 903
413 989
413 1144
414 435
414 496
414 522
414 586
414 727
414 866
414 867
414 877
414 886
414 970
415 573
415 633
415 663
415 688
415 710
415 897
415 991
415 1110
416 453
416 576
416 778
416 818
416 835
416 940
416 999
416 1032
416 1044
417 418
417 606
417 610
417 739
417 756
417 819
417 942
417 949
417 957
418 589
418 631
418 739
418 756
418 846
418 847
418 872
418 917
418 921
418 957
418 1110
418 1131
419 531
419 543
419 612
419 657
419 704
419 849
419 859
419 879
419 1116
420 453
420 650
420 679
420 681
420 719
420 766
420 778
420 789
420 884
420 990
420 1037
421 491
421 516
421 558
421 569
421 754
421 805
421 840
421 842
421 956
421 1012
421 1089
422 519
422 632
422 714
422 806
422 899
422 949
422 987
422 988
422 1045
423 436
423 516
423 607
423 635
423 700
423 740
423 794
423 807
423 876
423 961
423 1050
424 701
424 793
424 861
424 863
424 900
424 974
424 979
424 1117
424 1124
425 537
425 539
425 551
425 566
425 590
425 708
425 741
425 858
425 1020
426 485
426 503
426 615
426 630
426 646
426 697
426 895
426 920
426 1010
426 1034
426 1065
426 1134
427 469
427 490
427 550
427 557
427 624
427 690
427 696
427 752
427 788
427 893
427 1071
427 1083
427 1088
428 477
428 503
428 608
428 705
428 726
428 827
428 869
428 972
428 1099
429 479
429 484
429 626
429 667
429 738
429 747
429 749
429 760
429 785
429 827
429 907
429 910
429 927
429 953
429 1066
429 1093
430 452
430 479
430 483
430 577
430 762
430 775
430 909
430 933
430 941
430 948
430 1004
430 1015
430 1055
430 1097
431 436
431 482
431 716
431 728
431 869
431 900
431 926
431 937
431 944
431 1025
431 1079
432 460
432 487
432 620
432 691
432 695
432 778
432 828
432 890
432 1101
432 1140
432 1146
433 450
433 458
433 501
433 514
433 556
433 587
433 776
433 895
433 896
433 969
433 971
433 1022
433 1039
433 1114
434 495
434 588
434 616
434 785
434 826
434 926
434 963
434 985
434 1038
435 456
435 478
435 496
435 604
435 641
435 793
435 838
435 877
435 908
435 970
435 1070
436 689
436 880
436 900
436 914
436 944
436 1025
436 1050
436 1079
437 476
437 540
437 552
437 622
437 674
437 964
437 1042
437 1143
438 481
438 627
438 659
438 711
438 776
438 779
438 791
438 843
438 874
438 1077
439 494
439 521
439 544
439 629
439 635
439 760
439 795
439 819
439 850
439 852
439 878
439 942
439 1018
439 1084
439 1085
440 441
440 481
440 512
440 589
440 596
440 600
440 613
440 677
440 729
440 750
440 1008
440 1090
440 1148
441 549
441 574
441 589
441 592
441 594
441 677
441 813
441 894
441 1040
442 485
442 553
442 571
442 722
442 869
442 1015
442 1119
442 1130
443 462
443 577
443 672
443 761
443 777
443 796
443 815
443 900
443 996
443 1026
444 505
444 526
444 541
444 593
444 701
444 767
444 910
444 1048
445 455
445 562
445 573
445 584
445 596
445 870
445 897
445 911
445 954
445 1027
445 1033
445 1081
446 464
446 591
446 742
446 856
446 859
446 877
446 903
446 989
447 448
447 627
447 654
447 779
447 844
447 850
447 874
447 894
447 958
447 1090
447 1122
448 480
448 492
448 618
448 725
448 779
448 809
448 816
448 850
449 622
449 637
449 644
449 695
449 757
449 788
449 1021
449 1030
449 1036
449 1147
450 467
450 504
450 522
450 542
450 578
450 587
450 887
450 896
450 971
450 1024
450 1092
450 1114
451 480
451 554
451 591
451 635
451 678
451 715
451 1056
451 1078
451 1141
452 477
452 577
452 662
452 703
452 790
452 849
452 890
452 937
452 941
452 1015
452 1097
452 1130
453 568
453 679
453 762
453 789
453 853
453 950
453 999
453 1037
453 1044
454 476
454 511
454 530
454 575
454 598
454 806
454 899
454 922
454 933
454 951
454 1032
454 1046
455 512
455 584
455 596
455 600
455 655
455 671
455 687
455 870
455 882
455 897
455 916
455 917
455 1081
456 478
456 536
456 604
456 623
456 707
456 830
456 908
456 978
456 1070
457 527
457 534
457 545
457 821
457 871
457 979
457 980
457 998
457 1031
457 1117
457 1129
458 462
458 625
458 630
458 776
458 783
458 798
458 895
458 1022
458 1039
458 1069
458 1134
459 475
459 511
459 539
459 653
459 775
459 846
459 1020
459 1049
459 1112
459 1151
460 487
460 620
460 656
460 770
460 778
460 781
460 786
460 814
460 952
460 955
460 1040
460 1140
460 1146
461 504
461 574
461 645
461 765
461 815
461 875
461 935
461 1001
461 1064
461 1092
462 577
462 625
462 755
462 777
462 798
462 1026
462 1065
462 1134
463 487
463 500
463 533
463 583
463 589
463 660
463 814
464 486
464 591
464 597
464 621
464 753
464 758
464 832
464 949
464 1005
464 1011
464 1036
464 1041
465 646
465 713
465 873
465 938
465 1000
466 593
466 680
466 684
466 736
466 759
466 853
466 861
466 985
466 1057
467 504
467 658
467 812
467 866
467 875
467 887
467 896
467 946
467 968
467 969
467 1024
467 1039
468 483
468 563
468 649
468 667
468 853
468 892
468 894
468 1055
468 1074
468 1097
468 1102
468 1143
469 517
469 550
469 624
469 690
469 808
469 943
469 1083
469 1125
469 1147
470 487
470 528
470 666
470 761
470 770
470 1132
470 1142
470 1145
471 626
471 645
471 797
471 809
471 834
471 865
471 912
471 924
471 981
471 1057
471 1095
471 1138
472 772
472 799
472 800
472 886
472 967
472 981
472 998
472 1138
473 562
473 566
473 573
473 708
473 741
473 918
474 527
474 552
474 622
474 674
474 757
474 880
474 1021
474 1042
474 1088
475 511
475 631
475 653
475 725
475 731
475 775
475 1014
475 1020
475 1049
475 1151
476 511
476 530
476 540
476 581
476 661
476 674
476 899
476 933
476 951
476 1016
476 1046
477 567
477 703
477 869
477 937
477 986
477 1025
477 1130
478 604
478 623
478 830
478 862
478 908
478 1070
478 1076
478 1104
479 747
479 775
479 927
479 933
479 1004
479 1035
479 1055
480 618
480 725
480 807
480 816
480 868
480 1056
480 1078
480 1084
480 1127
480 1141
481 512
481 565
481 601
481 729
481 750
481 874
481 1023
481 1090
482 495
482 672
482 689
482 728
482 809
482 863
482 864
482 869
482 902
482 937
482 962
482 1025
483 723
483 750
483 762
483 784
483 785
483 892
483 894
483 901
483 909
483 948
483 1074
484 505
484 526
484 626
484 667
484 743
484 767
484 785
484 910
484 932
484 953
484 1093
484 1118
484 1123
485 522
485 553
485 571
485 697
485 722
485 920
485 939
485 946
486 540
486 628
486 691
486 753
486 758
486 949
486 966
486 995
486 1021
486 1022
486 1030
486 1036
486 1041
486 1109
487 500
487 583
487 620
487 778
487 1132
487 1140
487 1142
487 1146
488 510
488 588
488 616
488 667
488 716
488 723
488 905
488 962
488 985
488 1038
489 510
489 616
489 671
489 826
489 963
489 992
489 1148
490 558
490 746
490 757
490 788
490 893
490 1088
490 1125
490 1147
491 516
491 569
491 570
491 633
491 664
491 700
491 794
491 845
491 956
491 1050
491 1075
492 693
492 809
492 1056
492 1128
493 509
493 554
493 606
493 629
493 650
493 730
493 768
493 807
493 822
493 836
493 906
493 1085
494 521
494 610
494 629
494 720
494 756
494 795
494 819
494 820
495 538
495 616
495 809
495 902
495 926
495 962
495 1025
496 802
496 813
496 825
496 877
496 935
496 970
496 995
496 1036
496 1045
496 1149
497 581
497 621
497 652
497 751
497 753
497 883
497 954
498 571
498 721
498 799
498 898
498 920
498 939
498 993
498 1013
498 1019
498 1082
498 1091
498 1110
498 1126
498 1130
499 521
499 542
499 596
499 655
499 698
499 855
499 916
499 938
499 1137
500 559
500 583
500 656
500 670
500 686
500 737
500 803
500 848
500 997
500 1106
501 514
501 556
501 601
501 651
501 765
501 891
501 969
501 975
501 1059
501 1067
502 507
502 532
502 538
502 567
502 584
502 609
502 702
502 709
502 754
502 773
502 827
502 924
502 953
502 965
503 580
503 608
503 615
503 630
503 670
503 705
503 732
503 798
503 827
503 895
503 1010
503 1065
504 560
504 626
504 765
504 870
504 887
504 1094
505 526
505 541
505 564
505 684
505 743
505 782
505 932
505 1028
505 1048
505 1123
505 1124
506 537
506 605
506 656
506 681
506 732
506 743
506 836
506 1061
506 1106
506 1118
507 538
507 684
507 709
507 716
507 965
507 1072
507 1098
508 520
508 582
508 634
508 638
508 666
508 668
508 786
508 841
508 1051
508 1115
508 1142
509 513
509 638
509 797
509 822
509 906
509 941
509 1105
510 588
510 736
510 771
510 905
510 1009
511 530
511 653
511 775
511 899
511 909
511 927
511 933
511 951
511 1020
511 1046
511 1097
511 1151
512 549
512 594
512 613
512 660
512 671
512 729
512 750
512 916
512 917
512 921
512 1090
513 638
513 881
513 906
513 960
513 1003
513 1085
513 1096
514 556
514 811
514 891
514 969
514 1023
514 1063
514 1067
514 1087
515 546
515 640
515 683
515 722
515 782
515 907
515 993
515 1018
515 1096
516 569
516 740
516 764
516 794
516 855
516 876
516 956
516 991
516 1150
517 557
517 752
517 774
517 808
517 839
517 914
517 961
517 1002
517 1053
517 1116
518 682
518 927
518 1004
518 1026
518 1035
518 1122
519 546
519 640
519 923
519 987
519 1045
519 1151
520 666
520 668
520 770
520 841
520 887
520 1145
521 542
521 617
521 629
521 636
521 698
521 724
521 795
521 819
521 855
521 1058
521 1063
522 542
522 578
522 586
522 727
522 866
522 939
522 946
522 1024
522 1092
523 585
523 601
523 607
523 658
523 752
523 774
523 799
523 805
523 823
523 976
523 1029
523 1052
524 659
524 715
524 765
524 934
524 943
524 982
524 999
524 1054
524 1087
524 1088
525 597
525 675
525 804
525 837
525 851
525 982
525 1032
525 1054
526 541
526 556
526 593
526 697
526 701
526 743
526 929
526 932
526 1123
527 622
527 771
527 835
527 837
527 912
527 922
527 982
527 1031
527 1088
527 1129
528 602
528 722
528 748
528 761
528 770
528 777
528 796
528 996
528 1091
529 580
529 586
529 628
529 727
529 867
529 946
529 1069
530 632
530 714
530 899
530 933
530 951
530 1041
530 1046
530 1103
531 532
531 557
531 612
531 641
531 829
531 870
531 936
531 945
531 1116
532 584
532 600
532 641
532 663
532 773
532 870
532 911
532 916
532 924
532 953
532 1033
532 1094
533 699
533 792
533 814
533 833
533 889
533 942
533 952
533 1128
534 545
534 551
534 617
534 653
534 665
534 702
534 821
534 823
534 980
534 983
534 998
534 1089
535 568
535 619
535 679
535 747
535 749
535 1004
535 1093
535 1102
535 1122
536 623
536 707
536 718
536 759
536 768
536 1076
536 1080
536 1104
537 539
537 550
537 590
537 708
537 743
537 1080
538 709
538 931
538 965
538 1013
538 1062
539 562
539 590
539 708
539 731
539 1049
539 1112
539 1133
540 611
540 636
540 637
540 652
540 674
540 691
540 901
540 966
540 995
540 1021
540 1109
541 556
541 564
541 684
541 697
541 767
541 782
541 910
541 929
541 1028
541 1124
542 578
542 653
542 698
542 708
542 855
542 858
542 968
542 1024
542 1092
543 547
543 612
543 657
543 704
543 824
543 829
543 849
543 856
543 1107
544 563
544 627
544 760
544 816
544 844
544 850
544 948
544 1018
544 1128
545 548
545 769
545 821
545 929
545 980
545 983
545 998
545 1058
546 683
546 722
546 860
546 993
546 1124
547 612
547 712
547 824
547 856
547 859
547 989
547 1107
547 1127
548 617
548 665
548 769
548 929
548 947
548 967
549 592
549 594
549 613
549 660
549 894
549 915
549 921
549 935
550 623
550 624
550 830
550 970
550 1043
550 1080
550 1083
551 566
551 653
551 787
551 933
551 1020
551 1049
552 622
552 757
552 771
552 880
552 893
552 943
552 964
552 1021
553 571
553 722
553 748
553 761
553 860
553 880
553 993
553 1073
553 1091
554 585
554 606
554 629
554 635
554 715
554 807
554 1050
554 1053
554 1084
555 679
555 818
555 837
555 940
555 950
555 999
555 1011
555 1059
556 615
556 697
556 929
556 939
556 969
556 1134
557 690
557 696
557 752
557 774
557 829
557 839
557 914
557 936
557 945
557 961
557 1053
557 1071
558 692
558 746
558 754
558 842
558 857
558 971
558 1012
558 1089
558 1147
559 579
559 605
559 656
559 670
559 686
559 737
559 848
559 930
559 997
559 1118
560 626
560 642
560 870
560 896
560 1024
560 1059
560 1064
560 1087
560 1094
561 641
561 644
561 691
561 694
561 915
561 945
561 1002
561 1100
562 731
562 1033
562 1133
563 627
563 631
563 816
563 844
563 853
563 948
563 1009
563 1055
563 1097
563 1102
563 1129
564 684
564 735
564 760
564 782
564 861
564 871
564 905
564 960
564 1028
564 1105
564 1124
565 601
565 744
565 784
565 843
565 1023
565 1086
565 1143
566 708
566 731
566 858
566 918
566 1020
566 1112
567 599
567 609
567 702
567 728
567 754
567 827
567 986
567 1025
567 1119
568 747
568 749
568 762
568 853
568 950
568 1004
568 1093
569 587
569 658
569 680
569 692
569 718
569 956
569 1150
570 664
570 700
570 740
570 864
570 915
570 944
570 1037
570 1050
571 688
571 722
571 763
571 772
571 872
571 976
571 1013
571 1019
571 1082
571 1149
572 595
572 603
572 703
572 790
572 1015
572 1060
572 1111
572 1146
573 710
573 741
573 911
573 954
573 1027
574 594
574 645
574 721
574 763
574 813
574 825
574 935
574 987
574 1001
574 1040
574 1064
575 598
575 714
575 775
575 922
575 1032
575 1046
575 1103
576 648
576 719
576 778
576 818
576 828
576 884
576 1111
576 1120
577 619
577 777
577 854
577 941
577 1015
577 1026
577 1097
578 805
578 812
578 831
578 875
578 1024
578 1064
578 1092
579 686
579 732
579 803
579 913
579 930
579 1100
579 1118
580 586
580 670
580 732
580 748
580 796
580 798
580 1069
581 624
581 643
581 661
581 817
581 883
581 1016
581 1047
582 638
582 906
582 977
582 1061
582 1115
583 677
583 808
583 814
583 833
583 889
583 921
584 596
584 694
584 773
584 829
584 838
584 870
584 897
584 924
584 953
584 1081
584 1094
584 1116
585 607
585 752
585 961
585 1050
585 1052
585 1053
585 1084
586 727
586 866
586 1022
586 1069
587 658
587 774
587 840
587 896
587 971
587 1052
587 1114
587 1150
588 785
588 905
588 963
588 985
589 660
589 677
589 872
589 921
589 1110
589 1131
590 708
590 851
590 1043
590 1106
590 1123
591 618
591 678
591 1068
591 1078
592 619
592 682
592 779
592 844
592 894
592 958
592 1074
592 1131
593 684
593 701
593 861
593 962
593 965
593 1028
593 1098
594 613
594 660
594 813
594 921
594 958
594 1040
594 1074
595 603
595 620
595 703
595 790
595 1015
595 1019
595 1072
596 600
596 613
596 870
596 897
596 916
596 1008
596 1081
596 1137
596 1148
597 621
597 832
597 851
597 882
597 982
597 991
597 1005
597 1011
597 1137
598 714
598 775
598 806
598 835
598 1046
598 1103
599 728
599 1006
599 1119
600 613
600 655
600 663
600 687
600 882
600 911
600 916
600 1008
600 1033
600 1094
600 1148
601 765
601 774
601 799
601 823
601 975
601 976
601 1023
601 1059
601 1067
602 614
602 642
602 666
602 722
602 796
602 824
602 879
602 925
602 1061
602 1073
602 1091
603 644
603 662
603 703
603 739
603 828
603 890
603 925
603 966
603 1015
603 1140
604 694
604 825
604 867
604 903
604 908
604 970
604 974
604 1070
605 656
605 670
605 732
605 803
605 930
605 1010
606 610
606 629
606 734
606 807
606 852
606 857
606 889
606 942
606 949
607 635
607 700
607 752
607 807
607 961
607 1052
607 1053
608 647
608 705
608 827
608 928
608 937
608 972
609 702
609 705
609 735
609 754
609 791
609 798
609 827
609 972
609 1010
609 1018
609 1066
609 1093
610 720
610 756
610 815
610 831
610 847
610 942
610 949
611 636
611 637
611 652
611 717
611 845
611 901
611 934
611 956
612 657
612 824
612 856
612 1107
612 1116
613 649
613 660
613 901
613 921
613 1008
613 1148
614 662
614 673
614 696
614 733
614 810
614 824
614 879
614 925
615 630
615 639
615 808
615 895
615 939
615 1010
615 1065
615 1134
616 667
616 723
616 926
616 963
616 992
616 1038
617 636
617 665
617 702
617 724
617 823
617 947
617 983
617 1058
617 1063
617 1089
618 678
618 725
618 753
618 787
618 816
618 989
618 1005
618 1068
618 1151
619 779
619 844
619 854
619 1074
619 1122
620 778
620 931
620 1082
620 1111
620 1140
620 1146
621 643
621 652
621 751
621 832
621 1005
621 1011
621 1016
622 964
622 1088
623 707
623 830
623 862
623 970
623 1043
624 643
624 706
624 745
624 817
624 877
624 1047
624 1083
624 1144
625 664
625 798
625 854
625 876
625 996
625 1017
625 1065
625 1134
626 645
626 667
626 785
626 834
626 870
626 910
626 924
626 953
626 1093
626 1094
627 711
627 779
627 816
627 843
627 844
627 894
627 948
627 958
627 1077
627 1122
628 630
628 659
628 676
628 727
628 969
628 1022
628 1030
629 735
629 795
629 807
629 819
629 878
629 907
630 659
630 676
630 783
630 895
630 969
630 1010
630 1065
630 1069
631 846
631 847
631 917
631 1009
631 1014
631 1049
631 1129
632 802
632 806
632 923
632 988
632 1041
632 1103
633 687
633 688
633 764
633 794
633 845
633 991
633 1011
633 1075
633 1110
634 786
634 789
634 841
634 1051
634 1115
634 1142
634 1145
635 700
635 715
635 807
635 852
635 878
635 942
635 961
635 1084
635 1085
636 637
636 652
636 724
636 751
636 901
636 1058
636 1063
636 1136
637 644
637 652
637 695
637 757
637 901
637 951
637 964
637 1030
637 1036
637 1042
637 1109
638 1068
638 1115
639 646
639 808
639 855
639 873
639 936
639 1000
639 1075
640 669
640 899
640 923
640 1103
640 1151
641 694
641 793
641 838
641 870
642 666
642 839
642 887
642 896
642 1024
642 1061
642 1073
643 751
643 817
643 883
643 951
643 994
643 1007
643 1016
643 1047
644 662
644 691
644 695
644 757
644 828
644 966
644 1030
644 1036
644 1100
644 1140
645 743
645 834
645 924
645 935
645 959
645 1001
645 1064
646 936
646 1034
646 1134
647 726
647 738
647 791
647 928
647 1077
647 1099
648 664
648 884
648 1108
648 1120
649 667
649 717
649 750
649 901
649 1109
649 1143
650 668
650 719
650 730
650 768
650 778
650 836
650 884
650 950
650 1085
650 1121
651 652
651 698
651 795
651 811
651 891
651 929
651 947
651 983
651 1048
651 1063
652 698
652 795
652 811
652 901
652 947
652 983
653 708
653 775
653 858
653 968
653 1020
653 1151
654 726
654 843
654 844
654 874
654 928
654 1077
654 1086
654 1090
655 687
655 724
655 795
655 882
655 938
655 968
655 1075
656 686
656 732
656 737
656 814
656 848
656 997
656 1040
657 829
657 859
657 879
658 805
658 969
658 1024
658 1029
658 1039
658 1150
659 676
659 776
659 791
659 943
659 969
659 1088
660 677
660 682
660 688
660 847
660 892
660 898
660 921
660 957
661 824
661 994
661 1007
661 1016
661 1127
661 1144
662 733
662 790
662 828
662 849
662 890
662 966
662 1140
663 687
663 897
663 911
663 916
663 1033
663 1081
663 1094
663 1137
664 700
664 854
664 876
664 996
664 1050
664 1065
665 702
665 769
665 823
665 917
665 967
665 980
665 983
665 1008
665 1020
665 1089
666 668
666 841
666 1061
666 1073
666 1145
667 723
667 785
667 910
667 953
667 1038
667 1093
667 1143
668 789
668 817
668 841
668 884
668 950
668 955
668 1115
668 1121
668 1132
669 742
669 787
669 899
669 1103
670 732
670 798
670 803
670 930
670 1106
671 826
671 916
671 917
671 1129
671 1148
672 689
672 815
672 863
672 864
672 900
672 996
672 1117
673 696
673 780
673 810
673 971
673 973
673 1034
673 1045
673 1096
673 1105
674 784
674 964
674 1042
675 912
675 941
675 1003
675 1032
676 692
676 711
676 738
676 776
676 874
676 893
676 969
676 1054
677 682
677 688
677 814
677 847
677 892
677 898
677 921
677 957
678 753
678 787
678 822
678 881
678 977
678 989
678 1005
678 1078
678 1151
679 747
679 789
679 818
679 940
679 950
679 1037
679 1102
680 692
680 707
680 718
680 759
680 853
680 990
680 1057
680 1076
681 730
681 766
681 836
681 884
681 974
681 990
681 1061
681 1106
681 1118
682 688
682 847
682 892
682 898
682 957
682 958
682 1131
683 701
683 722
683 860
683 923
683 993
684 716
684 782
684 861
684 1028
684 1124
685 727
685 783
685 895
685 1069
686 732
686 737
686 803
686 848
686 930
686 997
687 764
687 882
687 1011
687 1081
687 1137
688 763
688 772
688 847
688 872
688 892
688 898
688 957
688 976
688 991
688 1110
688 1149
689 700
689 863
689 864
689 880
689 914
690 696
690 706
690 742
690 752
690 943
690 1043
690 1047
690 1071
690 1125
690 1147
691 695
691 890
691 966
691 995
691 1021
691 1100
691 1109
692 718
692 776
692 857
692 893
692 971
692 1054
693 849
693 908
693 1056
693 1078
693 1141
694 829
694 838
694 970
694 974
694 1094
694 1116
695 757
695 848
695 890
695 966
695 1030
695 1036
696 752
696 781
696 810
696 1071
696 1113
697 891
697 920
697 929
697 1039
697 1067
698 720
698 724
698 795
698 811
698 855
698 878
698 947
698 983
699 713
699 780
699 801
699 810
699 889
699 952
699 1114
700 807
700 961
700 1050
701 863
701 900
701 979
701 1124
702 746
702 754
702 823
702 827
702 983
702 1089
703 797
703 854
703 909
703 937
703 1003
703 1015
703 1026
703 1055
703 1130
704 849
704 945
705 728
705 735
705 773
705 791
705 827
705 986
705 1018
705 1066
705 1089
705 1093
706 725
706 742
706 745
706 877
706 883
706 1016
706 1043
706 1047
706 1051
706 1083
706 1144
707 845
707 990
707 1076
707 1104
707 1150
708 858
708 918
708 968
709 902
709 926
709 965
709 1062
709 1082
710 832
710 918
710 984
710 1027
710 1033
711 729
711 738
711 779
711 843
711 874
711 1077
712 758
712 859
712 919
712 995
712 1005
712 1030
712 1127
712 1136
713 780
713 873
713 938
713 1135
714 775
714 899
714 949
714 988
714 1103
715 717
715 765
715 804
715 999
715 1054
715 1087
716 926
716 962
716 985
717 750
717 804
717 845
717 956
717 1109
718 759
718 762
718 768
718 865
718 1102
718 1104
719 778
719 806
719 828
719 940
719 1044
719 1111
720 724
720 756
720 819
720 878
720 1101
721 763
721 799
721 825
721 886
721 898
721 987
721 1095
721 1110
721 1126
721 1149
722 796
722 993
722 1091
723 749
723 750
723 767
723 784
723 785
723 901
723 924
723 932
723 1038
724 795
724 878
724 968
724 1058
724 1063
724 1075
725 731
725 816
725 883
725 1016
725 1051
725 1083
726 738
726 791
726 843
726 928
726 972
726 1099
727 783
727 866
728 773
728 869
728 937
728 986
728 1066
728 1089
728 1119
729 744
729 750
729 975
729 1086
729 1090
730 766
730 768
730 836
730 974
730 1085
731 858
731 1112
731 1133
732 798
732 803
733 851
733 904
733 925
733 973
733 1071
733 1073
733 1107
734 746
734 792
734 852
734 857
734 864
734 889
734 1012
734 1079
734 1114
735 760
735 791
735 878
735 907
735 960
735 1018
735 1093
735 1105
736 771
736 826
736 985
736 992
736 1009
737 839
737 848
737 913
737 997
738 749
738 760
738 791
738 827
738 874
738 907
738 1066
739 756
739 890
739 925
739 957
740 794
740 864
740 876
740 915
740 944
740 1121
741 858
741 918
741 1133
742 856
742 859
742 877
742 903
742 1043
742 1047
743 932
743 959
743 1123
744 843
744 975
744 1086
745 868
745 877
745 879
745 885
745 905
745 994
745 1080
745 1107
745 1144
746 792
746 1012
746 1114
746 1147
747 927
747 1102
748 761
748 777
748 796
748 880
748 993
748 996
748 1073
749 760
749 767
749 827
749 907
749 924
749 932
749 1004
749 1066
749 1093
750 784
750 785
750 901
750 1090
750 1109
751 753
751 954
751 1016
751 1136
752 1002
752 1052
752 1071
752 1116
753 758
753 787
753 949
753 954
753 989
753 1005
753 1036
753 1041
753 1151
754 827
754 842
754 947
754 980
754 1012
754 1058
754 1089
754 1139
755 783
755 1017
755 1065
755 1070
756 852
756 957
756 1041
757 880
757 1021
757 1030
757 1036
757 1125
758 856
758 868
758 919
758 949
758 1036
758 1041
758 1136
759 768
759 853
759 956
759 1057
759 1104
760 827
760 850
760 907
760 960
760 1018
760 1066
760 1105
761 770
761 796
761 880
761 993
761 1073
762 853
762 865
762 909
762 948
762 950
762 1102
763 772
763 825
763 872
763 976
763 987
763 1149
764 855
764 872
764 898
764 991
764 1011
764 1150
765 975
765 999
765 1054
765 1059
765 1067
765 1087
766 793
766 836
766 884
766 990
767 910
767 924
767 932
767 1118
768 836
768 862
768 990
768 1085
768 1104
769 967
769 983
769 1048
769 1058
770 781
770 786
770 952
770 955
771 835
771 837
771 893
771 912
771 922
771 943
771 982
771 1009
772 799
772 872
772 975
772 976
772 1023
772 1052
772 1126
772 1138
772 1139
772 1149
773 924
773 953
773 986
773 1062
773 1066
773 1089
773 1098
774 799
774 823
774 839
774 840
774 914
774 961
774 976
774 1052
774 1053
775 933
775 1004
775 1020
775 1055
775 1103
775 1151
776 791
776 893
776 895
776 1022
776 1039
776 1054
777 831
777 863
777 904
777 996
777 1026
778 818
778 1140
778 1146
779 843
779 844
779 850
779 1074
779 1077
780 781
780 801
780 833
780 971
780 973
780 1113
781 786
781 801
781 833
781 952
781 955
781 1113
782 907
782 984
782 1018
782 1028
782 1096
782 1124
783 1017
783 1069
784 785
784 901
784 964
784 1086
784 1143
785 901
785 910
785 953
785 963
785 985
785 1093
786 952
786 955
786 1051
786 1132
786 1142
787 933
787 989
787 1005
787 1049
787 1151
788 893
788 1012
788 1021
788 1088
788 1125
788 1147
789 817
789 841
789 955
789 1037
789 1115
789 1132
789 1145
790 849
790 890
790 1019
790 1072
790 1111
790 1146
791 1018
791 1093
792 833
792 857
792 888
792 942
792 944
792 1012
792 1108
792 1114
792 1128
793 836
793 838
793 974
793 1117
794 842
794 845
794 876
794 1075
795 811
795 819
795 947
795 968
795 983
795 1075
796 1091
797 854
797 865
797 909
797 912
797 941
797 1003
797 1026
797 1055
797 1057
797 1105
798 972
798 1010
798 1066
798 1134
799 823
799 898
799 976
799 1110
799 1126
799 1138
800 821
800 848
800 886
800 976
800 981
800 1100
800 1126
800 1138
801 810
801 833
801 938
801 1113
801 1114
801 1135
802 810
802 813
802 923
802 935
802 960
802 973
802 987
802 988
802 1045
802 1149
803 1010
803 1106
804 837
804 934
804 1054
804 1056
804 1070
805 840
805 875
805 1029
806 940
806 1044
807 868
807 961
807 1078
807 1084
807 1127
808 833
808 889
809 902
809 962
809 981
809 1025
809 1095
809 1138
810 960
810 973
810 987
810 1114
811 947
811 983
811 1063
811 1067
812 831
812 840
812 866
812 875
812 896
812 946
812 968
812 1029
812 1064
812 1092
813 834
813 935
813 959
813 1040
813 1045
813 1149
814 921
814 1040
815 831
815 847
815 875
815 900
815 996
815 1092
816 844
816 948
817 841
817 850
817 955
817 1047
817 1051
817 1115
817 1132
818 922
818 940
818 950
818 1044
819 1101
820 984
820 1101
820 1140
821 848
821 967
821 980
821 998
821 1100
821 1138
822 832
822 881
822 906
822 954
822 977
822 1057
823 976
823 983
823 998
823 1089
823 1139
824 856
824 879
824 925
824 1007
824 1107
824 1127
824 1144
825 867
825 903
825 987
825 995
825 1036
826 992
826 1038
826 1148
827 907
827 1066
828 966
828 1101
828 1111
828 1140
829 838
829 936
829 945
829 1094
829 1116
830 970
830 978
830 1043
830 1076
830 1104
831 847
831 863
831 904
831 1064
832 954
832 984
832 1005
832 1011
832 1033
832 1057
833 889
833 942
833 1113
833 1128
834 924
834 959
834 1001
834 1123
835 837
835 912
835 922
835 940
835 982
835 1032
835 1046
836 1061
836 1085
836 1106
836 1118
837 912
837 922
837 982
837 999
837 1011
837 1054
838 1094
838 1116
839 887
839 913
839 914
839 961
839 1053
840 1029
840 1052
840 1092
841 955
841 1115
841 1132
842 1012
842 1029
842 1089
843 928
843 1077
844 874
844 948
844 1074
844 1090
845 956
845 1075
845 1104
845 1150
846 847
846 917
846 948
846 1014
846 1031
847 892
847 898
847 917
847 957
848 966
848 997
848 1100
848 1138
849 890
849 908
849 1141
850 1018
850 1051
851 925
851 973
851 982
851 1071
851 1106
851 1123
852 857
852 878
852 889
852 942
852 1041
852 1084
852 1085
853 950
853 1055
853 1057
853 1097
853 1102
854 876
854 909
854 996
854 1003
854 1026
854 1055
854 1065
855 873
855 991
855 1000
855 1075
855 1150
856 859
856 868
856 877
856 903
856 919
856 1107
857 888
857 889
857 944
857 971
857 1108
858 968
858 1112
859 877
859 879
859 903
859 1127
860 923
860 1091
860 1124
861 871
861 905
862 876
862 978
862 990
862 1120
863 864
863 900
863 904
863 979
863 1124
864 915
864 944
864 1079
865 881
865 912
865 1057
865 1102
866 875
866 896
866 920
866 946
866 968
867 886
867 903
867 946
868 879
868 885
868 919
868 994
868 1078
868 1084
868 1107
868 1127
869 937
869 1015
870 897
870 1081
870 1094
871 905
871 979
871 1028
871 1117
872 898
872 921
872 976
872 1110
872 1131
872 1149
873 938
873 1000
873 1075
873 1090
873 1113
874 1090
875 896
875 946
875 968
875 1092
876 978
876 996
876 1065
876 1120
877 903
877 970
877 1144
878 907
878 942
878 1084
878 1085
879 885
879 925
879 994
879 1107
880 914
880 993
880 1021
880 1073
881 977
881 1085
882 897
882 991
882 1137
883 951
883 994
883 1007
883 1016
883 1051
883 1083
884 950
884 990
884 1120
884 1121
885 903
885 994
885 1047
885 1083
885 1107
885 1144
886 1095
886 1149
887 1145
888 944
888 1037
888 1108
888 1120
888 1121
889 952
890 925
891 1023
891 1039
891 1067
891 1087
892 894
892 898
892 957
892 1035
892 1074
892 1131
893 943
893 1054
893 1088
894 958
894 1074
894 1122
895 1010
895 1022
895 1039
895 1065
896 946
896 968
896 971
896 1024
896 1114
897 1081
898 957
898 1110
898 1126
899 933
899 949
899 951
899 988
899 1046
899 1103
900 944
900 979
900 996
900 1025
900 1079
900 1124
902 926
902 962
902 963
902 1025
902 1038
902 1062
903 1047
903 1083
904 908
904 1017
904 1073
904 1107
905 1080
906 960
906 1003
906 1096
907 1018
907 1066
907 1096
908 1017
908 1070
908 1141
909 927
909 948
909 1003
909 1026
909 1055
909 1097
910 932
910 953
910 1093
911 916
911 954
911 1027
911 1033
911 1094
911 1133
912 922
912 982
912 1057
913 930
913 997
913 1100
914 961
914 997
914 1053
915 935
915 944
915 945
915 1002
916 917
916 1033
916 1094
916 1137
917 980
917 1008
917 1020
918 1027
918 1133
919 995
919 1005
919 1030
920 939
920 993
920 1091
920 1130
921 1110
921 1131
922 982
922 1032
922 1044
923 988
923 1151
924 932
924 953
925 973
925 1071
926 1062
927 1004
927 1097
928 1099
929 1048
929 1063
930 1100
931 1013
931 1060
931 1062
931 1072
931 1082
931 1111
932 1123
933 951
933 1004
933 1046
933 1049
933 1055
934 982
934 1056
934 1070
935 1001
935 1045
935 1064
935 1149
936 945
936 1002
937 972
937 1130
938 1135
939 946
939 993
939 1091
939 1130
939 1134
940 950
940 1032
940 1044
941 1003
941 1015
941 1097
941 1105
942 949
942 1084
942 1085
942 1128
943 1088
943 1125
943 1147
944 1025
944 1079
944 1108
945 1002
946 968
947 980
947 983
947 1058
947 1139
948 1014
948 1031
949 988
949 1036
949 1041
950 1121
951 964
951 994
951 1007
951 1042
951 1046
951 1109
952 955
952 1071
953 959
953 1001
953 1093
954 1027
954 1057
955 977
955 1068
955 1115
955 1132
955 1142
957 1008
957 1014
958 1074
958 1122
958 1131
959 1001
960 973
960 987
960 1003
960 1096
960 1105
961 1053
962 965
962 985
962 1025
962 1028
962 1098
963 985
963 992
963 1038
964 1042
964 1109
965 1019
965 1028
965 1060
965 1098
966 995
966 1021
966 1109
966 1140
967 981
967 998
968 1075
969 1024
969 1039
970 974
970 1043
971 973
971 1114
972 1010
972 1066
972 1099
973 987
973 1071
974 1117
975 1023
975 1052
975 1059
975 1067
975 1086
975 1126
975 1139
976 981
976 1126
976 1149
977 1061
977 1068
977 1142
978 1120
979 1117
979 1124
980 998
980 1008
980 1020
980 1058
980 1139
981 998
981 1095
981 1126
981 1138
983 1058
983 1089
984 1033
984 1101
986 1006
986 1025
986 1066
986 1089
987 1045
989 1005
989 1151
990 1076
991 1110
991 1137
991 1150
993 1073
993 1091
993 1130
994 1007
994 1107
995 1005
995 1021
995 1030
995 1036
995 1109
996 1065
998 1139
999 1011
999 1044
999 1054
999 1087
1000 1075
1000 1135
1001 1064
1001 1123
1002 1116
1003 1026
1003 1055
1003 1096
1004 1055
1004 1093
1005 1011
1005 1030
1005 1151
1006 1119
1007 1127
1007 1136
1007 1144
1008 1014
1008 1020
1008 1148
1009 1031
1009 1129
1009 1148
1010 1065
1010 1066
1012 1089
1012 1114
1012 1125
1013 1019
1013 1062
1013 1082
1013 1146
1014 1031
1014 1049
1015 1097
1016 1051
1016 1083
1018 1093
1018 1096
1019 1060
1019 1072
1019 1082
1020 1151
1021 1109
1021 1147
1022 1030
1022 1039
1023 1052
1023 1087
1023 1126
1023 1139
1024 1039
1024 1092
1025 1079
1026 1035
1026 1055
1026 1122
1028 1098
1028 1124
1029 1092
1030 1036
1031 1129
1031 1148
1033 1094
1034 1040
1034 1045
1034 1096
1034 1105
1034 1134
1035 1122
1035 1131
1036 1041
1037 1121
1039 1067
1041 1103
1042 1109
1042 1143
1043 1047
1045 1096
1045 1105
1045 1149
1047 1083
1048 1063
1049 1112
1050 1053
1050 1084
1051 1083
1051 1142
1052 1126
1052 1139
1053 1084
1054 1087
1055 1097
1055 1102
1056 1070
1056 1141
1058 1063
1058 1139
1059 1064
1059 1067
1059 1087
1060 1072
1061 1073
1061 1106
1061 1118
1062 1098
1063 1067
1064 1087
1066 1089
1068 1142
1072 1098
1073 1107
1076 1080
1076 1104
1077 1086
1077 1099
1078 1084
1078 1127
1081 1137
1082 1111
1084 1085
1084 1127
1086 1143
1090 1113
1091 1130
1094 1116
1095 1138
1095 1149
1096 1105
1097 1102
1100 1138
1104 1150
1106 1118
1106 1123
1110 1126
1110 1131
1111 1146
1115 1132
1115 1145
1119 1130
1125 1147
1126 1139
1127 1144
1132 1142
1140 1146
