1056 8640
0 233
0 254
0 502
0 507
0 564
0 608
0 617
0 683
0 761
0 874
0 931
0 996
0 1039
1 29
1 227
1 228
1 551
1 661
1 747
1 752
1 799
1 884
1 908
1 1009
2 53
2 97
2 121
2 300
2 314
2 337
2 405
2 489
2 572
2 654
2 833
2 854
2 935
3 8
3 33
3 84
3 289
3 398
3 517
3 523
3 677
3 697
3 701
3 781
3 836
3 838
3 844
3 886
3 934
3 968
3 1010
3 1046
4 14
4 17
4 24
4 32
4 35
4 57
4 151
4 262
4 330
4 338
4 410
4 434
4 494
4 658
4 673
4 674
4 817
4 834
4 1041
5 127
5 150
5 222
5 394
5 491
5 653
5 722
5 811
5 834
5 1033
5 1037
6 78
6 108
6 160
6 203
6 225
6 241
6 327
6 339
6 392
6 479
6 533
6 657
6 818
6 890
6 1055
7 16
7 42
7 220
7 332
7 437
7 438
7 484
7 485
7 651
7 682
7 745
7 800
7 833
7 838
7 857
7 978
7 1051
8 40
8 83
8 116
8 255
8 289
8 294
8 465
8 627
8 655
8 697
8 760
8 780
8 792
8 836
8 934
8 987
9 36
9 78
9 285
9 462
9 498
9 620
9 737
9 823
9 895
9 1002
9 1027
10 118
10 423
10 458
10 462
10 529
10 558
10 634
10 737
10 823
10 848
10 1002
10 1029
10 1036
11 74
11 112
11 117
11 231
11 248
11 259
11 272
11 277
11 477
11 546
11 596
11 645
11 650
11 745
11 767
11 778
11 821
11 888
11 898
12 56
12 62
12 96
12 104
12 124
12 135
12 142
12 386
12 470
12 573
12 584
12 613
12 726
12 868
12 953
12 1019
12 1055
13 20
13 27
13 119
13 147
13 298
13 404
13 531
13 739
13 829
13 845
13 846
13 933
13 969
14 17
14 24
14 205
14 206
14 214
14 246
14 379
14 395
14 434
14 556
14 569
14 817
14 828
14 1020
15 110
15 111
15 162
15 182
15 218
15 590
15 649
15 714
15 776
15 787
15 802
15 840
15 847
15 873
15 901
15 992
15 1048
16 84
16 138
16 220
16 256
16 305
16 332
16 403
16 437
16 438
16 527
16 643
16 682
16 833
16 855
16 858
16 1041
17 24
17 58
17 107
17 113
17 115
17 174
17 336
17 368
17 434
17 476
17 538
17 589
17 796
17 817
17 1011
18 85
18 90
18 118
18 261
18 278
18 286
18 348
18 369
18 390
18 447
18 458
18 529
18 581
18 598
18 691
18 783
18 883
18 952
18 1002
19 219
19 237
19 246
19 292
19 352
19 383
19 389
19 497
19 545
19 561
19 657
19 695
19 701
19 727
19 734
19 744
19 835
20 52
20 331
20 335
20 433
20 648
20 718
20 759
20 770
20 829
20 845
20 933
20 969
21 79
21 193
21 250
21 252
21 333
21 389
21 394
21 398
21 466
21 468
21 519
21 574
21 607
21 650
21 730
21 836
21 886
21 952
21 1010
21 1038
21 1054
22 51
22 73
22 84
22 138
22 204
22 438
22 449
22 743
22 751
22 785
22 836
22 844
22 858
22 937
22 1046
22 1051
22 1054
23 69
23 177
23 255
23 320
23 347
23 393
23 413
23 486
23 678
23 760
23 780
23 824
23 853
23 934
23 1016
24 32
24 109
24 148
24 265
24 338
24 434
24 566
24 663
24 680
24 806
24 811
24 817
24 855
24 879
24 943
24 977
25 29
25 89
25 110
25 157
25 178
25 199
25 208
25 409
25 472
25 534
25 555
25 617
25 633
25 786
25 799
25 881
25 941
26 48
26 186
26 249
26 257
26 289
26 346
26 393
26 486
26 544
26 605
26 750
26 760
26 791
26 801
26 853
26 1001
26 1050
27 62
27 119
27 120
27 187
27 298
27 309
27 322
27 404
27 418
27 420
27 456
27 531
27 588
27 694
27 718
27 739
27 759
27 829
28 58
28 106
28 110
28 113
28 115
28 140
28 350
28 396
28 401
28 434
28 689
28 711
28 801
28 820
28 828
28 859
28 895
28 903
28 1003
29 116
29 157
29 228
29 472
29 503
29 511
29 546
29 662
29 747
29 824
29 945
30 83
30 123
30 177
30 221
30 294
30 614
30 624
30 646
30 792
30 934
30 941
30 956
30 1031
31 61
31 316
31 529
31 737
31 772
31 848
31 1027
31 1029
31 1040
32 109
32 115
32 151
32 205
32 206
32 262
32 265
32 330
32 336
32 338
32 494
32 566
32 674
32 806
32 811
32 977
32 1041
33 73
33 84
33 276
33 437
33 781
33 795
33 822
33 838
33 844
33 857
33 886
33 968
33 1021
33 1051
34 108
34 188
34 285
34 327
34 356
34 399
34 400
34 533
34 561
34 563
34 809
34 827
34 870
34 890
34 946
35 57
35 109
35 310
35 338
35 410
35 442
35 658
35 673
35 722
35 834
35 973
35 977
36 61
36 72
36 144
36 160
36 462
36 689
36 737
36 823
36 870
36 1002
37 145
37 151
37 165
37 215
37 269
37 397
37 557
37 639
37 710
37 745
37 879
37 892
37 896
37 922
37 937
38 143
38 250
38 298
38 317
38 335
38 377
38 452
38 594
38 638
38 688
38 696
38 717
38 751
38 773
38 839
38 842
38 1018
39 51
39 128
39 167
39 251
39 310
39 353
39 363
39 410
39 690
39 706
39 811
39 839
39 896
39 964
39 968
40 66
40 83
40 200
40 255
40 303
40 465
40 480
40 532
40 612
40 615
40 642
40 646
40 744
40 792
40 921
40 956
40 969
40 1023
41 43
41 49
41 104
41 120
41 130
41 198
41 237
41 345
41 427
41 513
41 607
41 652
41 771
41 798
41 821
41 849
41 906
41 917
41 929
42 278
42 281
42 420
42 426
42 485
42 492
42 599
42 631
42 634
42 651
42 700
42 745
42 800
42 832
42 857
42 909
42 978
42 999
43 120
43 130
43 237
43 352
43 421
43 456
43 526
43 718
43 739
43 878
43 910
43 917
44 103
44 183
44 258
44 261
44 403
44 423
44 445
44 453
44 510
44 551
44 615
44 715
44 732
44 735
44 786
44 796
44 884
44 985
44 1021
45 71
45 81
45 94
45 163
45 173
45 375
45 431
45 446
45 478
45 495
45 578
45 662
45 748
45 796
45 804
45 826
45 902
46 74
46 122
46 134
46 220
46 383
46 406
46 409
46 728
46 851
46 882
46 900
46 913
46 923
46 989
46 1024
47 192
47 199
47 201
47 279
47 329
47 459
47 464
47 687
47 784
47 877
47 995
47 1004
47 1030
48 70
48 234
48 249
48 257
48 271
48 289
48 374
48 393
48 532
48 545
48 660
48 714
48 801
48 822
48 878
48 904
48 984
48 1050
49 104
49 135
49 241
49 253
49 345
49 358
49 392
49 427
49 470
49 481
49 584
49 591
49 664
49 733
49 788
49 849
49 906
49 929
50 66
50 98
50 166
50 234
50 254
50 257
50 352
50 649
50 660
50 707
50 714
50 768
50 787
50 843
50 847
50 880
50 979
50 1013
50 1028
51 73
51 137
51 138
51 204
51 325
51 372
51 410
51 523
51 690
51 781
51 811
51 836
51 968
51 1020
51 1038
51 1046
51 1051
52 77
52 147
52 347
52 364
52 365
52 387
52 441
52 487
52 564
52 648
52 778
52 829
52 846
52 921
53 97
53 314
53 346
53 386
53 415
53 489
53 505
53 506
53 554
53 568
53 571
53 595
53 654
53 703
53 911
53 998
54 95
54 105
54 200
54 236
54 379
54 422
54 428
54 443
54 464
54 475
54 516
54 552
54 553
54 692
54 695
54 705
54 810
54 899
54 972
55 77
55 279
55 306
55 317
55 388
55 416
55 521
55 531
55 552
55 587
55 675
55 721
55 736
55 770
55 830
55 841
55 861
55 972
55 988
56 142
56 298
56 331
56 360
56 386
56 394
56 429
56 501
56 573
56 584
56 813
56 872
56 905
56 1000
57 71
57 291
57 338
57 410
57 417
57 426
57 520
57 562
57 566
57 658
57 666
57 673
57 710
57 774
57 806
57 834
57 1017
58 107
58 110
58 113
58 174
58 239
58 249
58 336
58 395
58 396
58 412
58 444
58 476
58 589
58 689
58 852
58 895
58 903
59 90
59 118
59 154
59 189
59 223
59 263
59 574
59 623
59 766
59 768
59 783
59 839
59 867
59 883
59 929
59 940
59 954
59 992
59 1042
60 67
60 69
60 77
60 99
60 212
60 290
60 306
60 370
60 375
60 525
60 565
60 627
60 684
60 703
60 741
60 802
60 809
60 912
60 1022
61 144
61 160
61 474
61 620
61 823
61 848
61 870
61 1011
61 1027
62 88
62 187
62 309
62 326
62 418
62 420
62 470
62 575
62 588
62 606
62 712
62 718
62 726
62 868
62 902
62 932
62 953
63 146
63 214
63 233
63 236
63 341
63 367
63 419
63 497
63 504
63 507
63 524
63 582
63 723
63 729
63 915
63 925
63 926
64 92
64 154
64 288
64 304
64 411
64 580
64 636
64 754
64 789
64 815
64 906
64 961
64 981
65 95
65 99
65 365
65 366
65 415
65 489
65 506
65 537
65 539
65 542
65 572
65 595
65 675
65 897
65 898
66 70
66 98
66 200
66 257
66 303
66 352
66 521
66 532
66 612
66 646
66 660
66 744
66 776
66 787
66 880
66 979
66 1022
67 69
67 212
67 433
67 448
67 493
67 516
67 531
67 587
67 627
67 684
67 907
67 919
68 226
68 267
68 288
68 427
68 439
68 471
68 499
68 681
68 749
68 812
68 869
68 930
68 939
68 949
68 1021
69 86
69 97
69 212
69 255
69 371
69 413
69 486
69 593
69 627
69 655
69 656
69 679
69 684
69 824
69 934
69 1016
70 98
70 234
70 465
70 521
70 532
70 545
70 695
70 714
70 740
70 776
70 878
70 956
70 979
70 984
70 1022
70 1049
70 1052
71 163
71 232
71 291
71 381
71 426
71 478
71 566
71 635
71 665
71 720
71 774
71 826
71 900
71 902
71 966
72 76
72 113
72 218
72 368
72 462
72 474
72 498
72 631
72 689
72 881
72 895
72 903
73 138
73 204
73 226
73 271
73 437
73 445
73 836
73 838
73 857
73 1044
73 1046
73 1051
74 122
74 211
74 259
74 272
74 522
74 546
74 645
74 664
74 778
74 898
74 1024
75 102
75 193
75 295
75 323
75 374
75 629
75 692
75 704
75 743
75 762
75 871
75 907
75 1025
76 184
76 187
76 254
76 351
76 368
76 474
76 631
76 640
76 666
76 774
76 800
76 832
76 895
76 916
76 997
76 999
76 1005
76 1026
77 279
77 290
77 347
77 365
77 375
77 416
77 441
77 487
77 531
77 565
77 736
77 741
77 770
77 778
77 802
77 841
77 846
77 912
78 96
78 160
78 285
78 287
78 303
78 327
78 339
78 462
78 620
78 657
78 788
78 813
78 818
78 870
78 890
78 1027
78 1049
79 193
79 195
79 394
79 398
79 436
79 477
79 519
79 574
79 619
79 704
79 871
79 889
79 904
79 919
79 952
79 960
79 1013
79 1025
80 166
80 184
80 244
80 351
80 550
80 619
80 631
80 640
80 683
80 767
80 775
80 782
80 802
80 819
80 1017
81 94
81 173
81 212
81 229
81 241
81 356
81 370
81 375
81 431
81 441
81 548
81 550
81 741
81 841
81 887
81 901
81 944
81 957
82 85
82 217
82 281
82 348
82 476
82 492
82 558
82 609
82 647
82 800
82 859
82 909
82 948
83 123
83 177
83 221
83 255
83 266
83 465
83 567
83 792
83 941
83 1031
84 138
84 256
84 449
84 743
84 751
84 781
84 785
84 838
84 844
84 886
84 937
84 968
84 1054
85 261
85 278
85 447
85 529
85 558
85 585
85 609
85 634
85 800
85 883
85 909
85 1002
85 1040
86 97
86 159
86 179
86 268
86 301
86 313
86 371
86 391
86 593
86 655
86 656
86 669
86 679
86 725
86 790
86 896
87 153
87 242
87 247
87 354
87 391
87 560
87 598
87 654
87 679
87 692
87 755
87 982
87 1034
88 133
88 140
88 202
88 326
88 412
88 430
88 575
88 606
88 616
88 712
88 777
88 902
88 925
88 932
89 208
89 218
89 228
89 396
89 409
89 472
89 503
89 534
89 555
89 576
89 617
89 633
89 667
89 687
89 884
89 941
90 92
90 223
90 263
90 345
90 369
90 458
90 581
90 623
90 671
90 691
90 768
90 783
90 839
90 952
90 954
90 992
90 1045
91 181
91 238
91 267
91 276
91 305
91 359
91 366
91 407
91 420
91 445
91 499
91 564
91 611
91 685
91 906
91 916
91 930
91 949
91 978
92 154
92 345
92 623
92 671
92 694
92 815
92 910
92 1042
92 1045
93 95
93 150
93 262
93 361
93 388
93 416
93 500
93 589
93 597
93 618
93 699
93 721
93 773
93 820
93 855
93 988
93 1018
94 103
94 163
94 173
94 291
94 375
94 414
94 431
94 538
94 578
94 606
94 720
94 808
94 945
94 947
94 1053
95 105
95 366
95 388
95 415
95 416
95 428
95 475
95 542
95 597
95 618
95 675
95 692
95 699
95 705
95 972
95 1018
96 104
96 124
96 135
96 165
96 236
96 287
96 303
96 463
96 481
96 613
96 731
96 788
96 813
96 870
96 1019
96 1049
96 1055
97 286
97 313
97 314
97 354
97 371
97 489
97 560
97 593
97 654
97 655
97 656
97 672
97 679
97 865
97 1035
98 257
98 306
98 352
98 465
98 532
98 660
98 695
98 740
98 787
98 840
98 843
98 880
98 955
98 956
98 1049
98 1052
99 111
99 136
99 306
99 370
99 489
99 515
99 525
99 537
99 539
99 549
99 554
99 586
99 595
99 703
99 809
99 954
99 1022
100 161
100 189
100 196
100 324
100 355
100 515
100 528
100 535
100 581
100 794
100 983
100 993
100 1014
101 133
101 180
101 186
101 270
101 311
101 321
101 393
101 480
101 510
101 524
101 571
101 708
101 716
101 750
101 797
101 803
101 932
101 975
101 1001
102 153
102 193
102 295
102 374
102 449
102 455
102 475
102 629
102 704
102 871
102 907
102 1025
103 163
103 183
103 261
103 336
103 414
103 423
103 434
103 474
103 538
103 786
103 796
103 804
103 884
103 885
103 945
103 947
103 1053
104 124
104 135
104 203
104 229
104 345
104 427
104 522
104 591
104 613
104 849
104 906
104 929
104 976
104 1019
104 1055
105 198
105 213
105 275
105 286
105 428
105 475
105 629
105 692
105 705
105 769
105 904
105 925
105 951
105 972
105 1034
106 113
106 140
106 146
106 326
106 358
106 412
106 430
106 451
106 522
106 711
106 719
106 769
106 797
106 801
106 828
106 851
106 852
106 1003
107 113
107 174
107 182
107 336
107 401
107 476
107 549
107 589
107 594
107 618
107 732
107 820
107 866
107 942
107 988
108 203
108 216
108 241
108 253
108 285
108 533
108 561
108 592
108 818
108 827
108 870
108 946
108 1019
109 265
109 310
109 442
109 508
109 566
109 673
109 806
109 811
109 977
109 1033
110 178
110 199
110 218
110 396
110 534
110 590
110 649
110 689
110 786
110 799
110 802
110 873
110 881
110 895
110 901
111 136
111 169
111 182
111 258
111 376
111 401
111 515
111 549
111 554
111 586
111 589
111 847
111 954
112 117
112 122
112 211
112 235
112 264
112 277
112 365
112 477
112 511
112 583
112 596
112 607
112 645
112 668
112 745
112 767
112 805
112 888
113 140
113 174
113 218
113 336
113 476
113 498
113 589
113 711
113 801
113 828
113 881
113 903
113 1003
114 243
114 282
114 291
114 315
114 381
114 478
114 514
114 536
114 541
114 628
114 665
114 736
114 773
114 864
114 913
114 942
114 970
114 1004
114 1030
115 205
115 206
115 336
115 338
115 350
115 368
115 401
115 434
115 538
115 796
115 820
115 859
115 903
115 1011
116 294
116 299
116 355
116 413
116 419
116 503
116 511
116 546
116 627
116 655
116 662
116 757
116 760
116 780
116 824
116 945
116 987
117 397
117 437
117 477
117 484
117 485
117 494
117 596
117 611
117 680
117 745
117 767
117 816
117 832
117 888
117 892
117 909
117 922
118 189
118 286
118 348
118 390
118 423
118 458
118 558
118 574
118 598
118 623
118 634
118 737
118 766
118 867
118 883
118 1036
119 164
119 290
119 298
119 388
119 404
119 433
119 441
119 448
119 531
119 684
119 739
119 770
119 829
119 861
119 1004
120 130
120 237
120 322
120 421
120 456
120 545
120 694
120 759
120 880
120 917
121 178
121 253
121 300
121 337
121 512
121 518
121 562
121 687
121 724
121 812
121 831
121 840
121 920
121 979
121 1032
121 1055
122 211
122 235
122 272
122 277
122 358
122 365
122 511
122 805
122 976
122 1024
123 266
123 294
123 567
123 570
123 633
123 646
123 678
123 709
123 792
123 934
123 956
124 135
124 160
124 269
124 285
124 360
124 443
124 481
124 604
124 612
124 613
124 622
124 740
124 788
124 915
124 1019
124 1055
125 161
125 182
125 196
125 207
125 223
125 299
125 302
125 376
125 435
125 515
125 528
125 537
125 586
125 703
125 748
125 971
125 983
125 1015
125 1053
126 133
126 142
126 155
126 386
126 451
126 470
126 489
126 544
126 613
126 697
126 752
126 758
126 872
126 911
126 974
126 975
126 998
126 1000
126 1050
127 222
127 284
127 500
127 501
127 508
127 519
127 811
127 834
127 973
127 1037
128 149
128 167
128 297
128 318
128 363
128 440
128 541
128 577
128 706
128 839
128 896
128 937
128 964
128 1006
129 179
129 220
129 232
129 256
129 282
129 296
129 385
129 405
129 406
129 484
129 659
129 682
129 719
129 738
129 850
129 857
129 858
129 882
129 1024
130 135
130 181
130 237
130 264
130 275
130 288
130 591
130 650
130 671
130 702
130 771
130 849
130 917
130 938
130 940
130 958
131 149
131 152
131 283
131 307
131 541
131 756
131 918
131 1008
131 1015
132 339
132 436
132 450
132 500
132 561
132 653
132 686
132 830
132 907
132 973
132 980
132 1018
132 1033
133 140
133 155
133 186
133 202
133 311
133 386
133 412
133 451
133 616
133 697
133 716
133 752
133 777
133 797
133 925
133 1050
134 219
134 303
134 339
134 366
134 382
134 383
134 406
134 409
134 505
134 727
134 728
134 740
134 758
134 835
134 878
134 880
134 946
134 986
135 181
135 241
135 288
135 358
135 591
135 613
135 664
135 671
135 733
135 771
135 940
135 1019
135 1055
136 162
136 167
136 223
136 260
136 349
136 377
136 435
136 515
136 549
136 554
136 586
136 623
136 707
136 754
136 783
136 812
136 825
136 891
136 954
137 205
137 239
137 311
137 322
137 325
137 372
137 523
137 556
137 603
137 625
137 781
137 789
137 793
137 817
137 910
137 1003
137 1020
137 1038
138 204
138 215
138 250
138 256
138 455
138 577
138 762
138 836
138 844
138 862
138 1046
138 1051
139 161
139 191
139 324
139 419
139 460
139 543
139 547
139 666
139 775
139 794
139 860
139 993
139 1047
140 202
140 412
140 616
140 664
140 711
140 738
140 777
140 801
140 828
140 852
140 923
140 925
140 976
140 1003
141 159
141 301
141 371
141 432
141 557
141 637
141 681
141 706
141 716
141 725
141 793
141 842
141 869
141 914
141 1012
142 274
142 289
142 386
142 489
142 544
142 573
142 584
142 616
142 713
142 758
142 797
142 908
142 911
142 974
142 975
142 998
143 224
143 250
143 319
143 423
143 447
143 464
143 696
143 717
143 751
143 967
143 991
143 1030
144 160
144 316
144 368
144 620
144 823
144 870
144 885
144 1027
144 1029
145 215
145 496
145 512
145 518
145 520
145 557
145 566
145 658
145 710
145 775
145 896
145 922
145 927
145 937
145 950
145 1005
146 326
146 428
146 430
146 451
146 504
146 507
146 524
146 582
146 598
146 729
146 769
146 777
146 797
146 852
146 925
146 951
146 1035
147 230
147 290
147 320
147 364
147 387
147 564
147 648
147 805
147 841
147 846
147 898
147 921
147 933
148 197
148 269
148 287
148 330
148 338
148 360
148 466
148 663
148 674
148 680
148 709
148 731
148 855
148 879
148 941
148 943
149 251
149 283
149 440
149 442
149 577
149 746
149 937
149 1006
149 1008
150 222
150 262
150 284
150 450
150 500
150 653
150 855
150 980
150 988
151 262
151 330
151 397
151 417
151 466
151 482
151 494
151 512
151 639
151 674
151 680
151 745
151 879
151 1041
152 283
152 318
152 440
152 746
152 756
152 918
152 970
152 1015
153 213
153 323
153 475
153 553
153 560
153 675
153 692
153 699
153 899
153 951
153 1025
154 322
154 526
154 783
154 815
154 929
154 940
154 1042
154 1045
155 185
155 274
155 386
155 451
155 453
155 473
155 530
155 543
155 563
155 693
155 697
155 747
155 752
155 779
155 908
155 1009
155 1050
156 175
156 185
156 194
156 196
156 274
156 325
156 350
156 400
156 424
156 460
156 476
156 693
156 702
156 752
156 798
156 924
156 994
157 228
157 235
157 259
157 413
157 446
157 472
157 503
157 661
157 947
157 987
157 1009
158 170
158 244
158 249
158 351
158 384
158 596
158 659
158 676
158 711
158 782
158 819
159 268
159 301
159 432
159 439
159 630
159 637
159 669
159 716
159 793
159 842
159 869
159 896
159 1012
160 285
160 327
160 339
160 360
160 481
160 604
160 612
160 657
160 740
160 818
160 823
160 870
160 890
161 189
161 196
161 207
161 299
161 528
161 535
161 547
161 581
161 586
161 993
162 167
162 176
162 198
162 377
162 378
162 435
162 488
162 623
162 707
162 714
162 768
162 776
162 783
162 787
162 840
162 887
162 938
162 992
162 1048
163 414
163 478
163 538
163 548
163 578
163 602
163 626
163 741
163 826
163 902
163 945
163 947
163 1053
164 172
164 279
164 290
164 307
164 318
164 388
164 433
164 441
164 536
164 665
164 736
164 807
164 861
164 875
164 877
164 893
164 995
164 1004
165 236
165 269
165 330
165 463
165 481
165 622
165 663
165 731
165 892
166 184
166 254
166 608
166 631
166 683
166 714
166 775
166 782
166 874
166 997
166 1013
166 1017
166 1028
167 263
167 363
167 377
167 435
167 597
167 623
167 688
167 696
167 706
167 707
167 783
167 830
167 839
167 896
167 964
168 173
168 181
168 210
168 304
168 342
168 387
168 411
168 418
168 427
168 626
168 642
168 644
168 791
168 803
168 815
168 816
168 825
168 978
168 981
169 183
169 258
169 344
169 376
169 401
169 480
169 589
169 590
169 715
169 732
169 764
169 866
170 244
170 245
170 277
170 397
170 485
170 579
170 593
170 596
170 619
170 645
170 670
170 888
171 245
171 268
171 593
171 596
171 627
171 654
171 656
171 670
171 672
171 676
171 725
171 850
171 1016
172 279
172 302
172 307
172 315
172 318
172 488
172 536
172 628
172 635
172 665
172 756
172 864
172 893
172 944
173 342
173 375
173 411
173 418
173 431
173 599
173 602
173 626
173 774
173 791
173 803
174 185
174 194
174 240
174 281
174 336
174 350
174 372
174 390
174 476
174 535
174 589
174 609
174 859
174 959
174 971
175 194
175 274
175 400
175 460
175 540
175 543
175 547
175 606
175 643
175 685
175 723
175 752
175 757
175 779
175 794
175 826
175 969
175 994
176 198
176 260
176 320
176 357
176 378
176 425
176 487
176 488
176 490
176 641
176 768
176 809
176 887
176 938
177 221
177 282
177 320
177 340
177 347
177 570
177 678
177 760
177 900
177 941
177 990
177 1031
178 199
178 243
178 319
178 518
178 534
178 576
178 687
178 724
178 784
178 786
178 799
178 812
178 831
178 881
178 920
178 995
179 220
179 313
179 385
179 391
179 408
179 439
179 659
179 725
179 790
179 850
179 914
180 293
180 340
180 341
180 461
180 480
180 510
180 524
180 632
180 708
180 729
180 769
180 777
180 905
180 926
180 928
180 932
180 1001
180 1039
181 210
181 238
181 276
181 288
181 304
181 427
181 445
181 591
181 644
181 671
181 771
181 815
181 825
181 906
181 930
181 940
181 949
182 223
182 376
182 435
182 537
182 549
182 703
182 732
182 820
182 847
182 866
182 983
183 226
183 227
183 261
183 276
183 344
183 423
183 467
183 480
183 527
183 530
183 715
183 735
183 786
183 796
183 866
183 884
184 187
184 498
184 631
184 683
184 689
184 774
184 775
184 782
184 800
184 832
184 885
184 916
184 999
184 1011
184 1017
184 1026
185 194
185 372
185 473
185 535
185 543
185 563
185 693
185 702
185 779
185 798
185 859
185 908
185 959
185 971
186 311
186 321
186 344
186 346
186 544
186 559
186 605
186 615
186 712
186 716
186 729
186 791
186 797
186 853
186 928
186 1001
187 238
187 309
187 418
187 420
187 499
187 542
187 588
187 700
187 718
187 774
187 800
187 832
187 916
187 986
187 1026
188 190
188 203
188 327
188 356
188 375
188 399
188 488
188 548
188 621
188 719
188 733
188 809
188 923
188 957
189 196
189 369
189 457
189 535
189 574
189 581
189 623
189 766
189 860
189 867
189 883
190 203
190 275
190 375
190 425
190 488
190 509
190 513
190 548
190 621
190 628
190 641
190 707
190 733
190 887
190 893
190 944
190 992
190 1015
191 248
191 457
191 581
191 583
191 666
191 765
191 775
191 794
191 860
191 867
192 279
192 312
192 379
192 395
192 459
192 784
192 807
192 875
192 1003
192 1004
193 195
193 295
193 374
193 394
193 398
193 469
193 519
193 574
193 579
193 629
193 767
193 871
193 907
193 952
193 1028
194 274
194 372
194 400
194 460
194 535
194 652
194 693
194 752
194 859
194 958
194 959
194 971
194 994
195 436
195 469
195 491
195 501
195 579
195 691
195 704
195 730
195 766
195 767
195 871
195 889
195 904
195 919
195 1010
195 1025
195 1028
196 302
196 325
196 350
196 424
196 476
196 515
196 535
196 581
196 693
196 748
196 924
196 971
196 1015
196 1053
197 264
197 287
197 330
197 360
197 398
197 466
197 468
197 482
197 494
197 562
197 709
197 730
197 751
197 821
197 862
197 879
197 941
197 950
198 275
198 378
198 488
198 513
198 607
198 629
198 652
198 768
198 771
198 798
198 821
198 887
198 904
198 938
198 951
199 201
199 300
199 349
199 534
199 576
199 600
199 687
199 749
199 786
199 799
199 877
199 881
199 927
199 1030
199 1032
200 219
200 236
200 303
200 443
200 516
200 532
200 552
200 612
200 646
200 695
200 734
200 744
200 899
200 1052
201 243
201 261
201 319
201 361
201 381
201 536
201 594
201 687
201 717
201 877
201 991
201 1030
201 1036
202 309
202 326
202 412
202 430
202 559
202 616
202 708
202 726
202 777
202 808
202 826
202 925
203 229
203 241
203 375
203 488
203 522
203 548
203 591
203 621
203 733
203 976
204 265
204 333
204 353
204 363
204 556
204 625
204 677
204 781
204 834
204 836
204 924
204 959
204 968
204 1046
204 1051
205 206
205 214
205 239
205 246
205 336
205 338
205 379
205 569
205 625
205 817
205 1003
206 312
206 336
206 338
206 395
206 483
206 497
206 556
206 810
206 817
206 828
206 1020
207 233
207 299
207 355
207 528
207 586
207 601
207 723
207 824
207 987
207 1014
207 1047
208 359
208 364
208 367
208 402
208 409
208 555
208 601
208 608
208 617
208 633
208 931
208 936
208 941
208 948
208 965
208 982
208 996
209 273
209 301
209 311
209 321
209 451
209 526
209 616
209 625
209 636
209 637
209 638
209 694
209 716
209 793
209 814
209 837
209 939
209 1001
209 1020
210 270
210 304
210 411
210 427
210 431
210 588
210 602
210 605
210 611
210 644
210 651
210 815
210 825
210 876
210 921
210 981
210 1043
211 235
211 272
211 277
211 365
211 406
211 511
211 522
211 664
211 805
211 989
212 370
212 399
212 441
212 490
212 521
212 537
212 548
212 550
212 554
212 627
212 684
212 841
212 901
212 912
212 955
213 286
213 323
213 374
213 428
213 513
213 553
213 675
213 699
213 769
213 889
213 899
213 925
213 938
213 951
213 1034
214 236
214 246
214 252
214 341
214 379
214 419
214 483
214 497
214 517
214 569
214 723
214 727
214 734
214 915
214 917
214 962
215 250
215 297
215 455
215 557
215 577
215 710
215 746
215 762
215 785
215 844
215 862
215 896
215 922
215 937
215 964
215 1008
216 225
216 253
216 325
216 479
216 563
216 592
216 818
216 959
216 994
216 1019
217 240
217 348
217 390
217 458
217 476
217 492
217 527
217 859
217 863
217 883
217 982
217 985
217 1034
217 1035
218 396
218 472
218 498
218 576
218 590
218 649
218 667
218 687
218 802
218 873
218 881
218 884
218 901
218 903
219 237
219 246
219 292
219 339
219 382
219 389
219 497
219 701
219 727
219 734
219 878
219 880
219 946
219 1052
220 332
220 385
220 437
220 438
220 659
220 682
220 833
220 850
220 851
220 882
220 900
220 913
220 923
220 989
221 468
221 472
221 482
221 534
221 604
221 633
221 663
221 674
221 709
221 728
221 813
221 894
221 931
221 941
221 965
221 1031
222 265
222 410
222 501
222 508
222 519
222 653
222 973
222 1037
223 260
223 263
223 349
223 376
223 435
223 537
223 703
223 754
223 768
223 812
223 825
223 839
223 891
223 954
223 983
223 992
224 312
224 329
224 422
224 464
224 569
224 705
224 784
224 877
224 899
224 991
225 325
225 392
225 400
225 473
225 479
225 533
225 592
225 959
225 1055
226 227
226 267
226 271
226 276
226 288
226 427
226 445
226 467
226 471
226 499
226 527
226 530
226 735
226 838
226 1021
226 1044
227 276
227 389
227 453
227 467
227 517
227 527
227 530
227 551
227 661
227 735
227 752
227 764
227 873
227 908
228 235
228 259
228 413
228 446
228 503
228 534
228 747
228 947
228 987
229 241
229 356
229 522
229 533
229 591
229 733
229 741
229 818
229 887
229 944
229 957
229 976
230 290
230 320
230 347
230 378
230 399
230 486
230 487
230 525
230 570
230 641
230 648
230 780
230 805
230 841
230 898
230 1031
231 248
231 277
231 346
231 574
231 583
231 650
231 668
231 691
231 765
231 821
231 860
231 975
232 282
232 293
232 381
232 406
232 610
232 635
232 665
232 678
232 682
232 719
232 720
232 738
232 900
232 913
232 966
232 1024
232 1031
233 355
233 367
233 502
233 564
233 601
233 617
233 761
233 874
233 926
233 931
234 469
234 532
234 545
234 649
234 683
234 707
234 714
234 768
234 787
234 843
234 847
234 878
234 960
234 979
234 984
234 997
235 259
235 277
235 365
235 413
235 446
235 511
235 546
235 555
235 728
235 805
235 947
235 987
236 341
236 419
236 443
236 463
236 481
236 497
236 516
236 552
236 695
236 723
236 731
236 899
236 915
237 246
237 292
237 389
237 497
237 603
237 636
237 701
237 917
237 962
238 267
238 276
238 364
238 445
238 499
238 542
238 643
238 651
238 700
238 742
238 761
238 816
238 906
238 930
238 949
238 986
239 249
239 395
239 412
239 444
239 459
239 625
239 807
239 817
239 828
239 852
239 903
239 1003
240 281
240 348
240 350
240 390
240 402
240 403
240 458
240 467
240 609
240 755
240 883
240 1034
240 1035
241 356
241 358
241 664
241 733
241 741
241 887
241 944
241 957
242 247
242 268
242 296
242 313
242 371
242 385
242 391
242 408
242 559
242 598
242 654
242 679
242 698
242 833
242 865
242 932
242 1007
242 1034
243 261
243 319
243 576
243 665
243 717
243 773
243 784
243 942
243 991
243 995
243 1030
243 1036
244 328
244 384
244 444
244 596
244 640
244 801
244 819
244 850
245 277
245 384
245 397
245 485
245 579
245 596
245 619
245 645
245 656
245 819
245 888
246 292
246 379
246 389
246 443
246 463
246 483
246 497
246 569
246 582
246 701
246 757
246 926
246 1047
247 323
247 354
247 391
247 402
247 475
247 560
247 598
247 654
247 679
247 863
247 1034
248 277
248 457
248 544
248 571
248 583
248 650
248 668
248 766
248 821
248 952
249 257
249 289
249 393
249 395
249 412
249 444
249 659
249 676
249 711
249 801
249 819
249 852
249 903
249 1050
250 455
250 466
250 468
250 577
250 607
250 650
250 696
250 717
250 751
250 762
250 844
250 862
250 1010
250 1054
251 310
251 353
251 442
251 673
251 746
251 763
251 977
252 333
252 380
252 389
252 483
252 517
252 530
252 551
252 590
252 701
252 727
252 730
252 734
252 836
252 886
252 917
252 962
252 1038
253 392
253 470
253 481
253 512
253 562
253 584
253 591
253 592
253 788
253 818
253 840
253 979
253 1019
253 1032
253 1055
254 351
254 640
254 666
254 683
254 714
254 996
254 997
254 999
254 1005
254 1013
254 1028
255 294
255 413
255 465
255 486
255 713
255 792
255 824
255 886
255 934
255 1016
255 1046
255 1050
256 262
256 296
256 405
256 438
256 467
256 484
256 685
256 742
256 857
256 858
256 882
256 943
256 985
257 289
257 352
257 393
257 629
257 660
257 787
257 795
257 801
257 880
257 889
257 984
257 1044
257 1050
258 376
258 380
258 401
258 510
258 589
258 615
258 732
258 735
258 866
258 873
259 272
259 409
259 413
259 446
259 511
259 546
259 645
259 778
259 894
259 898
259 947
259 987
260 308
260 349
260 357
260 641
260 698
260 753
260 754
260 812
260 825
260 891
261 278
261 423
261 447
261 529
261 717
261 786
261 796
261 883
261 884
261 991
261 1002
261 1036
262 330
262 438
262 467
262 494
262 500
262 674
262 685
262 742
262 855
262 943
262 985
262 988
262 1041
263 297
263 353
263 377
263 557
263 597
263 669
263 688
263 690
263 696
263 768
263 830
263 839
263 954
263 992
263 1006
264 275
264 398
264 482
264 583
264 607
264 645
264 650
264 668
264 702
264 730
264 751
264 821
264 849
264 862
264 938
264 958
265 353
265 363
265 410
265 566
265 781
265 806
265 811
265 834
265 977
265 1037
266 340
266 567
266 610
266 614
266 624
266 868
266 963
267 288
267 364
267 366
267 407
267 420
267 427
267 471
267 499
267 643
267 651
267 742
267 761
267 816
267 916
267 1021
268 301
268 371
268 385
268 408
268 627
268 654
268 669
268 670
268 672
268 725
268 865
268 896
268 1016
269 443
269 622
269 674
269 731
269 788
269 892
269 915
270 321
270 393
270 431
270 469
270 507
270 571
270 588
270 602
270 605
270 632
270 750
270 791
270 803
270 876
270 975
270 981
270 1013
271 374
271 445
271 446
271 455
271 660
271 743
271 795
271 822
271 838
271 904
271 945
271 1044
272 358
272 406
272 546
272 645
272 778
272 898
272 976
272 989
273 301
273 311
273 331
273 342
273 361
273 404
273 432
273 452
273 568
273 588
273 637
273 638
273 696
273 758
273 814
273 842
273 939
273 942
274 289
274 400
274 453
274 460
274 530
274 616
274 713
274 747
274 752
274 797
274 908
274 911
274 994
274 1009
275 425
275 513
275 629
275 641
275 650
275 702
275 707
275 849
275 904
275 938
275 944
275 951
275 958
275 992
276 445
276 467
276 527
276 530
276 735
276 795
276 822
276 906
276 930
276 949
276 1021
276 1051
277 365
277 397
277 485
277 511
277 579
277 619
277 645
277 650
277 805
277 821
278 281
278 447
278 492
278 529
278 558
278 634
278 772
278 832
278 856
278 883
278 1002
279 307
279 318
279 416
279 459
279 531
279 536
279 665
279 736
279 770
279 784
279 841
279 893
279 1004
280 296
280 314
280 332
280 337
280 415
280 539
280 572
280 778
280 805
280 831
280 854
280 897
280 927
281 350
281 390
281 492
281 609
281 634
281 647
281 832
281 948
282 291
282 315
282 340
282 406
282 478
282 514
282 536
282 570
282 682
282 719
282 738
282 900
282 913
282 990
282 1024
283 302
283 318
283 509
283 918
283 970
283 1008
284 450
284 500
284 618
284 653
284 721
284 943
284 980
284 1037
284 1041
285 360
285 462
285 481
285 533
285 561
285 604
285 612
285 620
285 740
285 827
285 870
285 946
285 1027
286 313
286 348
286 354
286 390
286 560
286 598
286 672
286 769
286 865
286 925
286 1034
286 1035
287 303
287 330
287 360
287 466
287 491
287 519
287 573
287 604
287 709
287 788
287 813
287 870
287 941
287 1000
287 1049
288 411
288 427
288 471
288 499
288 580
288 591
288 671
288 754
288 771
288 906
288 940
288 961
288 981
288 1021
289 393
289 616
289 697
289 713
289 797
289 801
289 836
289 908
289 911
289 934
289 1050
290 320
290 375
290 388
290 433
290 441
290 565
290 648
290 741
290 802
290 805
290 841
290 861
290 898
290 912
290 1004
291 315
291 426
291 478
291 514
291 536
291 566
291 578
291 606
291 720
291 774
291 808
291 913
292 389
292 421
292 456
292 497
292 701
292 771
292 789
292 837
292 849
292 917
292 962
293 340
293 461
293 567
293 610
293 614
293 678
293 729
293 905
293 913
293 990
293 1031
294 627
294 646
294 655
294 713
294 760
294 780
294 886
294 934
294 956
294 987
294 1046
294 1050
295 374
295 436
295 450
295 454
295 493
295 508
295 552
295 629
295 657
295 684
295 686
295 722
295 871
295 907
295 919
295 946
296 313
296 314
296 332
296 337
296 405
296 484
296 559
296 698
296 833
296 857
296 858
296 882
296 897
296 932
296 1007
297 318
297 353
297 377
297 541
297 557
297 669
297 690
297 746
297 785
297 964
297 1006
297 1008
298 331
298 335
298 404
298 429
298 531
298 594
298 638
298 688
298 739
298 773
298 829
298 842
298 905
298 1000
299 355
299 367
299 413
299 419
299 502
299 528
299 586
299 757
299 1014
300 337
300 349
300 392
300 417
300 576
300 600
300 724
300 749
300 776
300 843
300 927
300 950
300 1019
300 1032
301 311
301 637
301 638
301 669
301 681
301 814
301 896
301 914
301 939
302 488
302 509
302 515
302 748
302 756
302 864
302 918
302 944
302 971
302 1015
302 1053
303 366
303 505
303 532
303 612
303 646
303 740
303 744
303 758
303 788
303 813
303 835
303 870
303 986
303 1049
304 427
304 636
304 644
304 789
304 815
304 825
304 961
304 1042
304 1045
305 359
305 403
305 460
305 499
305 527
305 564
305 611
305 643
305 685
305 742
305 779
305 808
305 845
305 855
305 858
305 902
305 978
305 1023
305 1041
306 370
306 388
306 521
306 525
306 532
306 552
306 587
306 703
306 809
306 840
306 843
306 955
306 1022
307 318
307 536
307 541
307 665
307 893
307 918
307 964
307 970
307 1006
308 332
308 334
308 391
308 405
308 698
308 708
308 712
308 753
308 865
308 1007
309 343
309 418
309 420
309 430
309 559
309 575
309 584
309 588
309 613
309 708
309 718
309 726
309 808
309 826
309 963
310 353
310 440
310 442
310 763
310 1008
311 322
311 556
311 603
311 637
311 638
311 716
311 789
311 793
311 797
311 814
311 910
311 939
312 329
312 379
312 483
312 497
312 569
312 705
312 807
312 810
312 817
312 899
313 354
313 391
313 559
313 560
313 672
313 698
313 725
313 790
313 833
313 865
313 932
313 1007
313 1035
314 332
314 337
314 489
314 654
314 724
314 897
314 935
314 1032
315 478
315 495
315 514
315 536
315 628
315 635
315 913
315 966
315 1053
316 529
316 585
316 620
316 737
316 848
316 856
316 1029
317 377
317 452
317 597
317 675
317 686
317 721
317 830
317 839
317 861
317 972
317 980
317 988
317 1018
318 536
318 541
318 665
318 893
318 970
319 361
319 381
319 423
319 447
319 536
319 576
319 594
319 784
319 967
319 995
319 1030
320 347
320 425
320 487
320 490
320 648
320 678
320 760
320 805
320 809
320 841
320 898
321 344
321 393
321 451
321 559
321 571
321 615
321 616
321 712
321 729
321 750
321 793
321 803
321 928
321 975
321 1001
322 456
322 526
322 556
322 603
322 694
322 759
322 789
322 793
322 910
322 1045
323 354
323 475
323 553
323 675
323 692
323 699
323 704
323 899
323 951
324 419
324 457
324 460
324 528
324 543
324 547
324 765
324 794
324 1005
324 1017
324 1047
325 350
325 372
325 424
325 476
325 523
325 693
325 781
325 924
325 959
325 1020
325 1038
326 430
326 451
326 575
326 606
326 712
326 769
326 797
326 852
326 902
326 932
327 339
327 356
327 399
327 473
327 657
327 809
327 818
327 827
327 890
327 994
328 384
328 408
328 444
328 656
328 659
328 670
328 676
328 682
328 790
328 801
328 850
328 882
329 422
329 464
329 569
329 705
329 717
329 899
329 967
329 995
330 360
330 466
330 494
330 622
330 663
330 674
330 709
330 941
330 1041
331 335
331 361
331 404
331 429
331 432
331 433
331 452
331 696
331 718
331 759
331 770
331 905
331 933
331 942
331 1000
332 334
332 337
332 391
332 405
332 437
332 438
332 682
332 708
332 712
332 833
332 865
332 897
333 389
333 523
333 556
333 625
333 677
333 730
333 798
333 836
333 886
333 924
333 958
333 959
333 968
333 1038
334 357
334 391
334 405
334 698
334 708
334 712
334 865
334 891
334 1007
335 362
335 404
335 433
335 461
335 573
335 594
335 638
335 688
335 718
335 759
335 770
335 773
335 842
335 872
335 933
336 338
336 434
336 474
336 476
336 589
336 804
336 885
337 595
337 672
337 679
337 897
337 935
337 998
338 410
338 658
338 663
338 673
338 680
338 834
338 855
338 879
338 943
339 382
339 436
339 561
339 657
339 727
339 818
339 878
339 880
339 890
339 907
339 946
339 973
339 980
339 1033
340 461
340 570
340 610
340 624
340 729
340 900
340 905
340 990
341 419
341 497
341 502
341 582
341 601
341 632
341 723
341 769
341 777
341 915
341 926
341 928
341 1039
342 411
342 418
342 568
342 575
342 588
342 626
342 700
342 726
342 739
342 758
342 759
342 791
342 803
342 842
342 876
342 916
343 429
343 461
343 567
343 575
343 584
343 613
343 624
343 644
343 754
343 868
343 953
343 963
344 387
344 465
344 480
344 510
344 540
344 559
344 615
344 646
344 712
344 715
344 729
344 845
344 866
344 928
344 1043
345 427
345 623
345 671
345 814
345 849
345 869
345 906
345 929
345 940
345 1045
346 386
346 505
346 544
346 568
346 571
346 574
346 583
346 595
346 605
346 691
346 791
346 853
346 911
346 975
346 1001
347 365
347 378
347 399
347 441
347 487
347 525
347 641
347 678
347 760
347 778
347 846
348 390
348 402
348 403
348 467
348 476
348 492
348 598
348 755
348 859
349 471
349 576
349 600
349 630
349 749
349 754
349 812
349 825
349 891
349 914
349 920
349 927
349 930
349 1032
350 390
350 401
350 424
350 434
350 476
350 609
350 693
350 820
350 859
350 903
350 924
351 384
351 550
351 619
351 640
351 666
351 767
351 782
351 802
351 997
351 999
351 1005
352 383
352 456
352 545
352 561
352 657
352 660
352 734
352 787
352 835
352 878
352 880
353 363
353 377
353 557
353 669
353 690
353 781
353 834
353 1006
354 475
354 560
354 672
354 755
354 865
354 982
354 1035
355 413
355 419
355 515
355 601
355 757
355 983
355 993
355 1014
356 399
356 621
356 738
356 741
356 809
356 851
356 887
356 944
356 957
357 435
357 580
357 641
357 644
357 749
357 753
357 891
357 920
357 954
357 1007
358 412
358 522
358 664
358 719
358 733
358 851
358 976
359 364
359 367
359 499
359 564
359 601
359 608
359 611
359 642
359 648
359 685
359 761
359 846
359 965
359 978
359 996
359 1043
360 394
360 466
360 481
360 501
360 604
360 612
360 709
360 740
360 813
360 872
360 941
361 381
361 404
361 432
361 452
361 536
361 589
361 594
361 696
361 721
361 773
361 820
361 942
362 404
362 429
362 461
362 524
362 573
362 580
362 610
362 825
362 872
362 905
362 928
362 953
362 963
362 990
363 442
363 690
363 706
363 763
363 781
363 834
363 839
363 896
363 964
364 367
364 387
364 564
364 601
364 608
364 643
364 651
364 742
364 761
364 816
364 921
364 965
364 996
365 441
365 487
365 506
365 511
365 572
365 778
365 805
365 846
365 897
365 898
366 407
366 415
366 420
366 505
366 542
366 675
366 740
366 758
366 835
366 916
366 986
367 502
367 601
367 608
367 926
367 965
367 996
367 1014
368 474
368 538
368 631
368 796
368 885
368 895
368 1011
368 1027
369 424
369 457
369 458
369 528
369 581
369 691
369 783
369 860
369 867
369 952
369 971
369 993
370 441
370 448
370 493
370 525
370 548
370 550
370 655
370 703
370 809
370 841
370 901
370 912
370 1016
370 1022
371 385
371 408
371 557
371 593
371 637
371 655
371 656
371 679
371 706
371 725
371 865
372 479
372 523
372 535
372 592
372 781
372 859
372 924
372 959
372 971
372 1020
372 1038
373 492
373 585
373 609
373 617
373 647
373 755
373 772
373 863
373 936
373 948
373 965
374 428
374 513
374 629
374 660
374 822
374 871
374 889
374 904
374 907
374 938
375 431
375 488
375 548
375 565
375 621
375 733
375 741
375 802
375 912
376 401
376 435
376 537
376 549
376 589
376 649
376 703
376 983
376 1048
377 435
377 452
377 557
377 623
377 669
377 690
377 707
377 783
377 839
377 1006
377 1018
378 399
378 425
378 488
378 525
378 641
378 753
378 768
378 887
378 891
378 938
379 422
379 464
379 553
379 569
379 807
379 810
380 396
380 530
380 550
380 551
380 565
380 590
380 701
380 764
380 847
380 866
380 873
380 881
380 1048
381 536
381 541
381 594
381 628
381 635
381 665
381 720
381 736
381 864
381 900
381 966
381 970
381 1004
382 383
382 407
382 542
382 555
382 568
382 612
382 727
382 835
382 878
382 880
382 894
382 946
382 974
382 989
382 1024
382 1049
383 406
383 407
383 409
383 542
383 545
383 561
383 568
383 612
383 657
383 728
383 734
383 835
383 974
383 1049
384 444
384 782
384 801
384 819
384 850
384 888
385 408
385 630
385 659
385 681
385 790
385 850
385 865
386 451
386 505
386 568
386 571
386 573
386 584
386 595
386 697
386 752
386 911
386 1050
387 465
387 510
387 540
387 564
387 642
387 646
387 816
387 845
387 921
387 978
387 981
387 1043
388 416
388 433
388 441
388 521
388 552
388 587
388 597
388 618
388 699
388 861
388 1004
388 1018
389 453
389 497
389 517
389 701
389 730
389 764
389 836
389 873
389 886
389 1038
390 527
390 598
390 609
390 863
390 982
390 985
391 405
391 598
391 654
391 679
391 708
391 712
391 725
391 790
391 865
391 1034
392 417
392 470
392 479
392 481
392 533
392 584
392 591
392 724
392 776
392 788
392 843
392 950
392 1019
392 1055
393 571
393 750
393 780
393 801
393 803
393 853
393 975
393 1050
394 398
394 491
394 501
394 519
394 574
394 722
394 813
394 872
394 952
394 1033
394 1037
395 412
395 444
395 556
395 828
395 852
395 875
395 903
395 1003
395 1020
396 472
396 550
396 565
396 576
396 667
396 687
396 689
396 764
396 847
396 881
396 884
396 895
396 1048
397 437
397 484
397 485
397 579
397 611
397 619
397 639
397 645
397 745
397 816
397 832
397 879
397 909
398 482
398 517
398 519
398 523
398 574
398 677
398 701
398 730
398 751
398 821
398 862
398 952
398 1010
398 1046
399 490
399 521
399 525
399 537
399 554
399 641
399 809
399 912
399 955
400 460
400 473
400 563
400 592
400 752
400 890
400 994
401 434
401 589
401 594
401 618
401 820
401 859
401 903
401 942
401 988
402 403
402 467
402 560
402 755
402 863
402 931
402 936
402 948
402 982
403 445
403 453
403 467
403 527
403 551
403 643
403 715
403 755
403 855
403 858
403 985
403 1021
403 1041
404 432
404 452
404 461
404 531
404 573
404 696
404 739
404 829
404 872
404 942
405 484
405 572
405 708
405 712
405 833
405 854
405 857
405 858
405 865
405 882
405 935
406 409
406 682
406 719
406 728
406 738
406 989
406 1024
407 420
407 506
407 539
407 542
407 568
407 612
407 699
407 916
407 972
407 974
407 986
407 1049
408 439
408 676
408 682
408 790
408 865
408 882
408 914
409 511
409 555
409 617
409 633
409 728
409 894
409 941
410 658
410 673
410 690
410 811
410 834
410 968
410 1037
411 418
411 580
411 611
411 626
411 651
411 754
411 791
411 803
411 906
411 921
411 961
411 981
411 1043
412 444
412 522
412 616
412 719
412 777
412 851
412 852
412 903
412 925
413 419
413 446
413 486
413 757
413 824
413 934
413 947
413 987
413 1016
414 424
414 495
414 509
414 514
414 535
414 538
414 586
414 635
414 748
414 756
414 945
414 947
414 983
414 1053
415 506
415 539
415 542
415 554
415 675
415 703
415 778
415 805
415 854
415 998
416 454
416 516
416 531
416 597
416 618
416 699
416 736
416 770
416 841
416 861
416 955
416 1018
416 1022
417 466
417 482
417 512
417 520
417 562
417 666
417 680
417 710
417 724
417 776
417 806
417 843
417 950
417 1017
417 1019
418 420
418 432
418 505
418 588
418 626
418 638
418 718
418 791
418 803
418 876
418 974
419 460
419 497
419 543
419 723
419 757
419 915
419 1047
420 426
420 588
420 599
420 631
420 700
420 718
420 909
420 916
420 999
421 456
421 526
421 545
421 718
421 739
421 771
421 849
421 880
421 910
421 962
422 464
422 553
422 717
422 784
422 810
422 877
422 967
423 447
423 458
423 558
423 634
423 737
423 786
423 796
423 884
423 967
423 1030
423 1036
424 476
424 495
424 509
424 528
424 535
424 586
424 693
424 756
424 867
424 924
424 971
424 983
424 993
425 487
425 490
425 513
425 641
425 707
425 753
425 809
425 891
425 944
425 992
426 431
426 566
426 599
426 626
426 631
426 700
426 774
426 909
426 999
426 1026
427 471
427 499
427 644
427 815
427 825
427 849
427 906
427 929
427 1021
428 475
428 513
428 598
428 692
428 705
428 777
428 889
428 938
428 951
428 972
428 1035
429 461
429 524
429 610
429 644
429 754
429 868
429 905
429 928
429 990
429 1000
430 451
430 559
430 708
430 726
430 769
430 797
430 808
430 826
430 852
431 588
431 602
431 605
431 626
431 876
431 981
431 1026
432 452
432 505
432 638
432 696
432 716
432 793
432 842
432 869
432 876
432 942
432 974
432 1012
433 441
433 493
433 531
433 718
433 759
433 770
433 861
433 933
433 1004
434 474
434 804
434 817
434 820
434 859
434 885
434 903
435 537
435 580
435 623
435 644
435 703
435 707
435 749
435 753
435 783
435 920
435 954
435 983
436 454
436 493
436 552
436 561
436 684
436 704
436 889
436 904
436 907
436 919
436 973
436 980
436 1025
436 1033
437 438
437 484
437 611
437 682
437 816
437 832
437 833
437 857
437 909
438 467
438 682
438 685
438 742
438 833
438 844
438 858
438 943
438 985
439 630
439 637
439 681
439 749
439 812
439 914
439 949
440 577
440 746
440 763
440 918
440 937
440 1006
440 1008
441 487
441 548
441 550
441 778
441 841
441 846
441 861
441 901
441 1004
442 690
442 746
442 763
443 463
443 483
443 516
443 552
443 582
443 622
443 695
443 757
443 788
443 899
443 915
443 926
443 1047
444 660
444 697
444 711
444 713
444 750
444 801
444 850
444 852
444 853
444 903
444 984
445 453
445 551
445 715
445 838
445 906
445 930
445 949
445 985
445 1021
445 1044
446 455
446 495
446 578
446 662
446 743
446 748
446 795
446 796
446 804
446 945
446 947
446 987
447 529
447 538
447 667
447 715
447 735
447 799
447 804
447 883
447 967
447 1002
447 1030
447 1036
448 493
448 516
448 587
448 655
448 684
448 770
448 907
448 912
448 919
448 1016
449 455
449 662
449 704
449 743
449 751
449 762
449 785
449 822
449 937
449 947
449 1044
449 1054
450 508
450 657
450 686
450 722
450 830
450 919
450 946
450 980
450 1018
451 616
451 697
451 752
451 769
451 793
451 797
451 852
451 1001
451 1050
452 688
452 696
452 839
452 862
452 942
452 967
452 991
452 1018
452 1054
453 517
453 530
453 551
453 715
453 747
453 764
453 873
453 985
453 1009
453 1021
454 463
454 493
454 516
454 552
454 553
454 587
454 684
454 705
454 744
454 861
454 915
454 955
454 1022
454 1052
455 577
455 704
455 743
455 762
455 795
455 844
455 862
455 945
456 694
456 759
456 771
456 849
456 878
456 962
457 547
457 583
457 765
457 860
457 1005
457 1017
458 558
458 581
458 634
458 691
458 737
458 783
458 883
458 952
458 1034
458 1035
458 1036
459 569
459 784
459 807
459 810
459 828
459 875
459 1004
460 543
460 742
460 752
460 779
460 808
460 845
460 902
460 994
460 1023
460 1047
461 573
461 644
461 729
461 754
461 868
461 872
461 905
462 529
462 620
462 689
462 823
462 1027
463 481
463 483
463 553
463 582
463 587
463 705
463 731
463 744
463 757
463 915
463 926
463 1047
463 1052
464 553
464 810
464 991
464 995
465 510
465 540
465 646
465 695
465 740
465 792
465 845
465 956
465 1043
465 1049
465 1052
466 468
466 482
466 512
466 607
466 650
466 680
466 709
466 941
466 1010
466 1054
467 527
467 530
467 685
467 735
467 742
467 755
467 943
467 985
468 482
468 494
468 562
468 604
468 607
468 633
468 650
468 663
468 674
468 813
468 879
468 950
468 1010
468 1054
469 507
469 579
469 632
469 683
469 767
469 787
469 791
469 960
469 997
469 1013
469 1028
470 481
470 584
470 591
470 613
470 726
470 788
470 868
470 872
470 911
470 953
470 1000
471 499
471 630
471 814
471 914
471 920
471 930
471 949
471 1012
471 1021
472 534
472 576
472 667
472 687
472 709
472 728
472 884
472 894
472 931
472 965
473 543
473 563
473 592
473 693
473 779
473 827
473 908
473 994
474 620
474 631
474 804
474 885
474 895
474 1011
475 692
475 705
475 972
475 1025
476 492
476 589
476 693
476 859
476 924
477 565
477 579
477 596
477 619
477 640
477 745
477 767
477 782
477 871
477 888
477 901
477 960
477 1013
478 514
478 536
478 599
478 658
478 720
478 806
478 826
478 902
478 913
478 1026
479 533
479 563
479 592
479 924
479 994
479 1055
480 510
480 524
480 615
480 642
480 708
480 715
480 866
480 921
480 932
480 956
480 969
480 1001
480 1023
481 584
481 591
481 604
481 612
481 731
481 740
481 788
482 512
482 604
482 633
482 663
482 674
482 680
482 730
482 751
482 813
482 821
482 862
483 497
483 517
483 582
483 727
483 734
483 757
483 810
483 817
483 917
483 926
483 962
483 1047
484 611
484 816
484 832
484 838
484 857
484 858
484 882
484 909
484 1051
485 494
485 579
485 619
485 645
485 651
485 680
485 745
485 800
485 857
485 892
485 922
485 978
486 487
486 570
486 750
486 760
486 780
486 824
486 934
486 1016
486 1031
487 490
487 570
487 778
487 780
487 809
487 846
487 1031
488 548
488 621
488 733
488 756
488 768
488 864
488 887
488 938
488 944
489 537
489 539
489 544
489 595
489 654
489 758
489 974
489 975
489 998
490 521
490 525
490 537
490 554
490 621
490 809
490 827
490 890
490 912
490 955
490 957
491 501
491 519
491 573
491 604
491 691
491 722
491 730
491 766
491 871
491 1000
491 1010
491 1033
491 1037
492 609
492 634
492 832
492 859
492 936
493 531
493 552
493 655
493 684
493 912
493 1016
494 562
494 674
494 680
494 879
494 892
494 922
494 950
494 1041
495 509
495 535
495 578
495 586
495 662
495 748
495 756
495 796
495 804
495 966
495 983
495 1053
496 512
496 520
496 566
496 577
496 600
496 639
496 658
496 669
496 706
496 710
496 775
496 785
496 831
496 892
496 950
496 1005
497 701
497 723
497 810
497 817
497 915
498 689
498 823
498 881
498 885
498 895
498 903
498 999
498 1011
499 542
499 564
499 611
499 685
499 700
499 978
499 986
499 1021
500 653
500 686
500 855
500 988
500 1037
501 508
501 519
501 691
501 730
501 766
501 813
501 871
501 872
501 973
501 1010
502 564
502 582
502 601
502 617
502 761
502 874
502 931
502 1014
503 511
503 534
503 546
503 661
503 662
503 824
503 945
503 1009
504 507
504 524
504 582
504 605
504 632
504 729
504 803
504 874
504 925
504 960
504 996
504 1028
504 1039
505 568
505 571
505 595
505 638
505 740
505 758
505 835
505 876
505 911
505 974
505 986
506 539
506 554
506 572
506 699
506 703
506 897
506 898
506 972
506 986
506 998
507 524
507 582
507 608
507 632
507 729
507 791
507 925
507 1013
507 1039
508 519
508 657
508 673
508 686
508 722
508 919
508 946
508 973
508 1033
509 535
509 586
509 628
509 756
509 887
509 893
509 918
509 983
509 1015
510 524
510 540
510 615
510 646
510 708
510 732
510 735
510 845
510 932
510 1001
510 1043
511 546
511 662
511 805
511 824
511 894
511 945
512 562
512 566
512 658
512 680
512 775
512 840
512 950
512 979
512 1005
512 1032
512 1055
513 607
513 641
513 652
513 707
513 771
513 798
513 821
513 889
513 938
513 944
513 992
514 536
514 635
514 748
514 864
514 893
514 913
514 966
515 549
515 554
515 586
515 748
515 954
515 971
515 983
515 993
515 1014
515 1015
515 1053
516 552
516 587
516 695
516 861
516 899
516 907
516 919
516 955
516 1022
517 523
517 677
517 701
517 727
517 734
517 764
517 873
517 917
517 962
517 1010
517 1046
518 520
518 600
518 687
518 724
518 812
518 831
518 854
518 897
518 920
518 927
519 573
519 574
519 604
519 952
519 973
519 1000
520 562
520 577
520 639
520 666
520 669
520 706
520 710
520 785
520 806
520 892
520 927
520 1017
521 537
521 552
521 554
521 587
521 776
521 912
521 955
521 979
521 1022
522 591
522 664
522 719
522 851
522 976
523 677
523 701
523 781
523 798
523 958
523 1010
523 1020
523 1038
523 1046
524 582
524 610
524 708
524 729
524 925
524 928
524 932
524 990
524 1001
525 621
525 641
525 703
525 809
525 827
525 890
525 957
525 1022
526 625
526 636
526 694
526 716
526 718
526 739
526 837
526 910
526 1020
526 1045
527 530
527 643
527 735
527 855
527 858
527 863
527 982
527 985
527 1041
528 586
528 794
528 867
528 971
528 993
529 737
529 823
529 883
529 1002
530 551
530 590
530 701
530 735
530 747
530 1009
531 736
531 739
531 770
531 829
531 841
532 545
532 612
532 646
532 714
532 744
532 840
532 843
532 878
532 955
532 984
533 561
533 733
533 818
533 827
533 870
533 946
533 1055
534 709
534 728
534 786
534 799
534 881
534 894
534 931
534 965
535 581
535 586
535 756
535 859
535 959
535 971
535 983
536 594
536 665
536 893
536 913
537 539
537 554
537 595
537 703
537 912
537 955
537 983
538 667
538 715
538 735
538 796
538 799
538 804
538 945
538 947
538 1011
538 1036
538 1053
539 595
539 699
539 778
539 805
539 854
539 972
539 986
540 543
540 606
540 643
540 646
540 685
540 826
540 829
540 845
540 933
540 969
540 1023
540 1043
541 628
541 736
541 864
541 918
541 970
541 1004
542 568
542 612
542 675
542 700
542 974
542 986
542 1049
543 563
543 606
543 643
543 685
543 693
543 779
543 826
543 908
543 969
543 1047
544 571
544 605
544 668
544 758
544 766
544 791
544 853
544 952
544 974
544 975
544 998
544 1001
545 561
545 657
545 714
545 734
545 835
545 878
545 880
545 984
546 555
546 645
546 662
546 728
546 778
546 824
546 898
546 945
547 723
547 757
547 765
547 779
547 794
547 993
547 1005
547 1017
548 550
548 578
548 602
548 621
548 626
548 733
548 741
548 841
548 901
549 554
549 586
549 649
549 732
549 820
549 866
549 954
549 1048
550 565
550 619
550 764
550 767
550 802
550 841
550 847
550 881
550 901
550 1048
551 590
551 661
551 701
551 715
551 752
551 908
551 985
551 1021
552 587
552 684
552 695
552 899
553 587
553 675
553 699
553 705
553 744
553 810
553 899
553 915
553 951
553 1052
554 586
554 703
554 912
554 954
554 955
554 998
555 617
555 633
555 728
555 835
555 894
555 941
555 989
555 1024
556 603
556 625
556 677
556 789
556 793
556 828
556 910
556 924
556 959
556 968
556 1020
557 637
557 669
557 690
557 706
557 710
557 725
557 896
557 922
557 937
557 1006
558 609
558 634
558 737
558 772
558 800
558 856
558 909
558 1036
559 615
559 698
559 708
559 712
559 726
559 729
559 808
559 826
559 833
559 928
559 932
559 1007
560 672
560 692
560 863
560 865
560 1035
561 657
561 734
561 827
561 835
561 870
561 907
561 946
561 973
561 980
561 1033
562 666
562 710
562 806
562 840
562 879
562 950
562 979
562 1017
562 1032
562 1055
563 693
563 779
563 890
563 908
563 994
564 611
564 617
564 685
564 761
564 874
564 921
564 931
564 978
565 579
565 640
565 741
565 764
565 782
565 802
565 847
565 881
565 901
565 912
565 1048
566 658
566 774
566 775
566 806
566 811
566 950
566 977
566 1005
567 614
567 624
567 953
567 990
568 571
568 588
568 595
568 612
568 758
568 842
568 911
568 974
568 1049
569 705
569 810
569 875
569 899
570 633
570 678
570 709
570 780
570 792
570 900
570 990
570 1031
571 595
571 668
571 750
571 766
571 803
571 911
571 952
571 975
572 831
572 833
572 854
572 897
572 898
572 927
572 935
573 584
573 604
573 872
573 1000
574 583
574 623
574 691
574 766
574 867
574 883
574 952
574 975
575 584
575 606
575 613
575 700
575 712
575 726
575 739
575 759
575 876
575 902
575 916
575 932
575 963
576 600
576 667
576 687
576 749
576 784
576 884
576 927
576 995
576 1032
577 639
577 669
577 706
577 762
577 785
577 844
577 862
577 892
577 937
577 1006
578 602
578 606
578 626
578 662
578 720
578 741
578 748
578 796
578 804
578 808
579 619
579 640
579 645
579 767
579 782
579 901
579 1028
580 644
580 749
580 753
580 754
580 825
580 905
580 906
580 920
580 953
580 954
580 961
580 963
580 981
581 691
581 765
581 783
581 867
581 952
582 601
582 729
582 757
582 925
582 926
582 1047
583 607
583 645
583 668
583 691
583 975
584 591
584 613
584 788
584 963
585 634
585 772
585 848
585 856
585 948
585 1040
586 756
586 954
586 983
587 705
587 744
587 907
587 915
587 919
587 1052
588 602
588 605
588 718
588 758
588 842
588 876
588 981
589 721
589 773
589 820
590 649
590 701
590 732
590 764
590 802
590 873
590 901
591 671
591 771
591 788
591 940
591 976
592 818
592 924
592 1019
593 655
593 656
593 670
593 676
593 679
593 850
593 888
594 618
594 638
594 688
594 773
594 842
594 942
594 988
595 672
595 679
595 911
595 935
595 998
596 656
596 745
596 767
596 888
597 618
597 686
597 688
597 696
597 699
597 830
597 980
597 1018
598 654
598 679
598 777
598 951
598 1034
598 1035
599 602
599 631
599 658
599 700
599 720
599 774
599 806
599 909
599 999
599 1026
600 710
600 749
600 831
600 854
600 897
600 927
600 1032
601 608
601 965
601 996
602 605
602 626
602 741
602 774
602 876
602 981
603 636
603 789
603 793
603 815
603 837
603 910
603 961
603 962
604 612
604 633
604 663
604 674
604 740
604 813
604 1000
605 791
605 803
605 853
605 876
605 960
605 981
605 1001
605 1028
605 1039
606 643
606 685
606 712
606 720
606 808
606 826
606 902
606 932
606 969
607 645
607 650
607 652
607 668
607 771
607 798
607 821
607 1010
607 1054
608 874
608 965
608 996
608 997
608 1039
609 800
609 909
609 936
610 624
610 678
610 913
610 928
610 990
610 1031
611 651
611 685
611 816
611 832
611 909
611 921
611 978
611 1043
612 646
612 740
612 744
612 974
612 1049
613 872
613 911
613 963
613 1000
613 1019
613 1055
614 624
614 792
614 868
614 963
614 990
615 642
615 712
615 729
615 732
615 735
615 921
615 928
615 956
615 969
615 1023
616 713
616 777
616 793
616 797
616 908
616 911
616 925
616 1001
617 633
617 647
617 755
617 761
617 863
617 874
617 931
617 941
617 965
618 653
618 699
618 721
618 942
618 943
618 988
618 1018
618 1041
619 645
619 767
619 802
619 871
619 960
619 1013
620 1011
620 1027
620 1029
621 733
621 738
621 827
621 851
621 890
621 957
622 639
622 663
622 731
622 788
622 915
622 922
623 671
623 707
623 766
623 783
623 867
623 883
623 1045
624 792
624 953
625 636
625 677
625 694
625 716
625 817
625 837
625 924
625 959
625 968
625 1003
625 1020
626 741
626 791
626 803
626 1026
627 654
627 655
627 670
627 672
627 684
627 725
627 760
627 780
627 987
627 1016
628 635
628 736
628 864
628 887
628 893
628 970
628 1004
628 1015
629 795
629 871
629 889
629 904
629 907
629 951
629 984
629 1044
630 637
630 681
630 790
630 914
630 920
630 930
631 683
631 700
631 775
631 782
631 895
631 909
631 999
631 1017
632 769
632 777
632 791
632 874
632 926
632 928
632 996
632 1013
632 1039
633 663
633 674
633 678
633 709
633 792
633 813
633 941
634 737
634 832
634 1036
634 1040
635 665
635 720
635 748
635 900
635 966
636 694
636 716
636 789
636 837
636 962
636 1020
637 638
637 706
637 725
637 814
637 939
638 688
638 773
638 814
638 842
638 876
638 939
638 974
639 669
639 706
639 731
639 745
639 785
639 879
639 892
639 922
640 666
640 782
640 819
640 901
640 997
640 999
640 1005
641 707
641 944
641 992
642 648
642 761
642 816
642 846
642 921
642 956
642 969
642 978
642 981
642 1023
642 1043
643 651
643 685
643 742
643 761
643 816
643 826
643 855
643 858
643 969
643 1041
644 749
644 753
644 754
644 815
644 825
644 868
644 920
644 954
645 668
645 778
645 898
646 744
646 845
646 934
646 956
646 1043
647 755
647 856
647 863
647 936
647 948
647 965
647 1040
648 761
648 805
648 829
648 841
648 846
648 898
648 1043
649 707
649 768
649 802
649 843
649 847
649 873
649 901
649 979
649 1048
650 702
650 821
650 849
650 938
650 958
650 1010
650 1054
651 742
651 745
651 761
651 800
651 816
651 857
651 921
651 978
651 1043
652 677
652 693
652 702
652 771
652 798
652 821
652 958
652 1038
653 686
653 721
653 943
653 1041
654 670
654 672
654 679
654 725
654 1016
654 1034
655 656
655 679
655 760
655 780
655 912
655 987
655 1016
656 659
656 670
656 679
657 686
657 722
657 734
657 818
657 835
657 890
657 919
657 946
658 673
658 720
658 775
658 806
658 834
658 950
658 1005
658 1026
659 670
659 676
659 711
659 819
659 850
660 697
660 711
660 713
660 750
660 787
660 822
660 853
660 880
660 904
660 984
661 667
661 747
661 752
661 786
661 908
661 1009
662 748
662 762
662 796
662 804
662 822
662 824
662 945
662 947
662 1044
663 674
663 680
663 813
663 855
663 879
663 943
664 733
664 738
664 852
664 923
664 976
665 720
665 773
665 893
665 900
665 942
665 966
665 1030
666 710
666 775
666 794
666 806
666 860
666 997
666 999
666 1005
666 1017
667 687
667 715
667 735
667 747
667 786
667 799
667 804
667 884
667 1036
668 765
668 766
668 860
668 952
669 690
669 706
669 785
669 892
669 896
669 1006
670 672
670 725
670 888
670 1016
671 771
671 929
671 939
671 940
671 1012
671 1045
672 679
672 725
672 865
672 935
672 998
672 1016
672 1035
673 763
673 834
673 977
673 1033
674 731
674 813
674 1041
675 699
675 721
675 830
675 861
675 899
675 951
675 972
675 988
676 682
676 711
676 790
676 819
676 850
676 882
677 701
677 702
677 924
677 959
677 968
677 1010
677 1038
677 1046
678 709
678 760
678 792
678 913
678 1031
679 935
679 998
679 1034
680 855
680 879
680 892
680 922
680 943
681 749
681 790
681 812
681 914
681 949
682 719
682 738
682 790
682 833
682 882
682 1024
683 775
683 782
683 787
683 960
683 996
683 997
683 1017
684 770
685 742
685 826
685 943
685 969
685 978
685 985
686 722
686 919
686 946
686 980
687 724
687 812
687 831
687 877
687 884
687 920
687 1030
688 696
688 773
688 830
688 842
688 862
688 967
688 991
688 1054
689 885
689 895
689 999
689 1011
690 763
690 811
690 968
690 1006
691 730
691 766
691 783
691 871
691 952
691 975
691 1010
692 704
692 705
692 972
693 779
693 908
693 924
693 958
694 716
694 759
694 837
694 910
694 1020
694 1042
695 727
695 740
695 744
695 899
695 956
695 1049
695 1052
696 717
696 751
696 830
696 942
697 711
697 713
697 750
697 752
697 836
697 853
697 934
697 984
697 1050
698 753
698 833
698 932
698 1007
699 899
699 951
699 972
699 986
699 1018
700 726
700 739
700 759
700 876
700 909
700 916
700 986
700 999
701 1010
701 1046
702 798
702 849
702 938
702 958
702 1038
703 809
703 983
703 998
703 1022
704 889
704 904
704 919
704 1025
705 744
705 899
705 915
705 972
705 1052
706 725
706 785
706 839
706 892
706 896
706 964
707 768
707 783
707 843
707 847
707 944
707 979
707 992
708 712
708 726
708 808
708 826
708 865
708 932
708 1001
709 728
709 792
709 894
709 931
709 941
709 965
710 806
710 831
710 896
710 922
710 937
710 1017
711 713
711 750
711 801
711 819
711 828
711 853
711 984
711 1003
712 729
712 865
712 902
712 928
712 932
713 750
713 797
713 853
713 886
713 908
713 911
713 984
713 1046
713 1050
714 776
714 787
714 840
714 878
714 984
714 992
714 1013
714 1028
714 1048
715 735
715 799
715 804
715 866
715 985
715 1021
715 1036
716 793
716 797
716 837
716 842
716 869
716 1012
716 1020
717 751
717 967
717 991
717 1036
718 739
718 759
718 770
718 910
718 933
719 738
719 851
719 923
719 957
719 1024
720 806
720 808
720 900
720 966
720 1026
721 773
721 820
721 830
721 861
721 943
721 972
721 988
721 1041
722 919
722 946
722 973
722 977
722 1033
722 1037
723 757
723 779
723 794
723 824
723 915
723 987
723 1014
723 1047
724 776
724 812
724 831
724 843
724 920
724 935
724 950
724 1019
724 1032
725 790
725 1016
726 739
726 759
726 808
726 826
726 868
726 876
726 916
726 953
727 734
727 744
727 878
727 880
727 917
727 946
727 962
728 894
728 931
728 965
729 905
729 925
729 928
730 751
730 766
730 821
730 836
730 862
730 871
730 886
730 1010
730 1038
731 922
732 735
732 764
732 820
732 866
733 818
734 835
734 917
734 962
734 1052
735 799
735 804
735 1036
736 770
736 807
736 841
736 864
736 875
736 877
736 970
736 995
736 1004
737 1002
737 1036
738 851
738 852
738 923
738 976
738 1024
739 759
739 829
739 876
739 910
739 916
740 758
740 835
740 956
740 986
740 1049
740 1052
741 802
741 887
741 912
741 944
741 957
742 761
742 779
742 808
742 816
742 845
742 902
742 943
742 985
742 1023
743 751
743 762
743 785
743 795
743 937
743 945
743 1025
743 1054
744 915
744 1052
745 767
745 800
745 857
745 879
745 888
745 978
746 785
746 918
746 964
746 1008
747 786
747 1009
748 796
748 804
748 971
748 1015
748 1053
749 753
749 812
749 920
749 927
749 949
749 954
749 1032
750 760
750 803
750 853
750 975
750 984
751 785
751 821
751 862
751 937
751 1054
752 908
752 994
752 1050
753 891
753 920
753 954
754 812
754 825
754 868
754 891
754 906
754 961
754 981
755 863
755 965
755 982
756 864
756 944
756 983
756 1015
757 779
757 794
757 926
757 1047
758 835
758 842
758 974
758 975
758 986
758 998
759 770
759 876
759 916
759 933
760 780
760 987
761 816
761 846
761 874
761 931
761 1043
762 822
762 844
762 862
762 947
762 1025
762 1044
763 977
763 1008
764 847
764 873
764 881
764 1048
765 860
765 867
765 1005
765 1017
766 867
766 871
766 883
766 952
766 1010
767 802
767 888
767 1028
768 839
768 843
768 847
768 887
768 938
768 954
768 979
768 992
769 777
769 797
769 852
769 925
769 926
769 928
769 1034
769 1039
770 841
770 933
771 798
771 821
771 849
771 940
771 962
772 856
772 948
772 1029
772 1040
773 820
773 842
773 942
773 1030
774 800
774 832
774 916
774 1026
775 782
775 794
775 860
775 950
775 1005
775 1017
776 787
776 840
776 843
776 950
776 979
776 992
776 1019
776 1022
776 1048
777 925
777 926
777 928
777 951
777 1035
777 1039
778 805
778 846
778 854
778 898
779 794
779 808
779 845
779 902
779 908
779 1023
780 853
780 987
780 1031
781 834
781 838
781 844
781 886
781 968
781 1020
781 1038
782 901
782 1017
783 929
783 940
783 952
783 1042
784 877
784 995
784 1004
785 892
785 937
785 964
785 1008
785 1054
786 796
786 799
786 881
786 884
787 840
787 880
787 960
787 992
787 997
787 1048
788 813
788 870
788 915
788 1049
789 793
789 837
789 910
789 917
790 882
791 803
791 853
791 1001
791 1013
793 842
793 869
793 910
793 1001
793 1012
794 860
795 822
795 889
795 945
795 984
795 1021
795 1044
795 1051
796 804
796 884
796 1011
797 852
797 908
797 911
798 821
798 958
799 804
799 881
799 884
799 1009
799 1036
800 832
800 857
800 909
800 916
800 978
800 1026
801 828
801 850
801 1003
801 1050
802 873
802 901
802 912
803 960
803 975
803 1028
803 1039
804 885
804 1036
805 841
805 854
805 898
806 811
806 977
806 1017
806 1026
807 828
807 875
807 877
807 995
808 826
808 845
808 902
808 1023
809 1022
810 817
810 875
811 834
811 968
811 977
812 825
812 831
812 891
812 920
812 949
813 870
813 872
813 1049
814 869
814 939
814 940
814 949
814 1012
815 825
815 837
815 961
816 832
816 909
816 978
816 981
817 1003
818 890
818 1019
819 888
820 859
820 866
820 903
821 862
822 904
822 947
822 1021
822 1044
822 1051
823 870
823 895
824 934
824 945
824 987
824 1014
824 1016
824 1047
825 891
825 905
825 953
825 963
826 902
826 969
827 870
827 890
827 946
827 957
827 994
828 1003
828 1020
829 933
829 1023
830 861
830 972
830 988
830 1018
831 920
831 927
832 909
832 916
832 1026
833 854
833 932
833 935
833 1007
835 894
835 986
835 989
835 1024
836 886
836 934
836 1038
836 1046
836 1051
837 917
837 961
837 1020
838 844
838 886
838 968
838 1044
838 1051
839 896
839 954
839 964
839 992
839 1018
840 843
840 955
840 979
840 992
840 1032
840 1048
840 1055
841 898
841 901
842 869
842 1012
843 847
843 950
843 955
843 979
843 1019
844 858
844 862
844 886
844 968
845 902
845 969
845 1023
845 1043
846 933
846 1043
847 881
847 979
847 1048
848 856
848 1002
848 1027
848 1029
849 906
849 929
849 938
849 958
849 962
851 882
851 900
851 913
851 923
851 989
852 903
852 923
852 976
853 984
853 1001
854 897
854 935
855 858
855 879
855 943
855 988
855 1041
856 936
856 1040
857 858
857 882
857 978
858 882
858 1041
859 903
859 959
859 971
861 955
861 972
861 988
861 1004
861 1022
862 967
862 991
862 1054
863 965
863 982
863 985
864 893
864 944
864 966
864 970
864 1004
865 1035
866 873
867 883
867 971
867 993
868 953
868 963
869 930
869 939
869 940
869 1012
870 946
870 1049
871 907
871 960
871 1010
871 1013
872 911
872 1000
873 901
874 931
874 996
874 997
875 877
875 995
875 1003
876 916
876 974
876 981
877 995
877 1030
878 880
878 946
878 984
879 943
879 950
880 946
881 903
881 1048
882 900
882 913
882 923
882 989
883 1002
883 1034
883 1035
884 1009
885 999
885 1011
885 1027
886 968
886 1038
886 1046
886 1050
887 893
887 938
887 944
887 957
887 1015
889 904
889 919
889 938
889 984
889 1025
889 1044
890 957
891 1007
892 922
893 966
893 1015
894 931
894 965
894 989
894 1024
896 922
896 937
896 964
897 898
899 951
900 913
900 923
900 966
900 989
900 990
902 932
902 1023
904 919
904 951
904 1025
905 953
905 963
905 1000
906 929
906 930
906 949
906 961
906 981
907 919
907 973
907 980
907 1033
908 911
909 999
910 1042
911 1000
912 955
912 1016
913 923
913 989
913 1031
914 920
914 930
915 1052
916 1026
917 962
919 946
919 1025
920 930
920 954
921 956
921 969
921 1023
921 1043
922 937
923 957
923 976
923 989
924 959
924 968
925 1034
926 928
926 1039
926 1047
927 1032
928 990
928 1039
929 939
929 940
929 1012
929 1042
930 939
930 949
931 936
931 948
931 965
931 982
932 1001
932 1007
933 1023
934 956
934 1016
935 998
935 1032
936 948
936 982
936 1040
937 1006
937 1054
938 958
939 1012
940 1042
941 1031
942 988
942 1030
943 985
943 1041
944 957
944 992
945 947
945 1053
947 987
947 1044
947 1053
948 982
949 1012
950 1005
950 1019
951 1035
953 963
954 992
955 1022
956 969
956 1023
956 1049
956 1052
959 968
959 971
960 997
960 1013
960 1028
960 1039
961 981
961 1042
961 1045
964 970
964 1006
964 1008
965 996
966 1053
967 991
967 1030
967 1054
969 1023
970 1004
970 1006
971 993
971 1015
971 1053
972 986
972 988
973 977
973 980
973 1033
974 975
974 998
974 1049
975 998
978 981
979 1022
979 1032
979 1055
980 1033
982 985
983 993
983 1014
984 1044
985 1021
987 1014
987 1047
989 1024
991 1036
991 1054
992 1048
993 1014
997 999
997 1005
999 1005
999 1011
1002 1029
1005 1017
1010 1046
1010 1054
1013 1028
1014 1047
1015 1053
1019 1055
1020 1038
1021 1051
1028 1039
1029 1040
1032 1055
1033 1037
1034 1035
1042 1045
1046 1050
1046 1051
1049 1052
