960 7820
0 60
0 65
0 100
0 206
0 211
0 312
0 315
0 318
0 373
0 414
0 552
0 575
0 719
0 731
0 799
0 837
0 920
1 7
1 77
1 85
1 102
1 153
1 173
1 191
1 280
1 393
1 421
1 539
1 591
1 617
1 716
1 722
1 856
1 898
2 15
2 21
2 28
2 57
2 100
2 123
2 145
2 275
2 301
2 339
2 342
2 345
2 348
2 505
2 639
2 680
2 826
2 833
2 881
3 32
3 104
3 162
3 314
3 352
3 353
3 384
3 403
3 435
3 449
3 463
3 492
3 557
3 584
3 691
3 873
3 939
4 26
4 72
4 116
4 175
4 184
4 232
4 247
4 317
4 388
4 452
4 470
4 539
4 583
4 640
4 707
4 739
4 942
5 110
5 133
5 299
5 325
5 350
5 356
5 391
5 392
5 455
5 464
5 472
5 592
5 641
5 807
5 830
5 927
6 24
6 40
6 110
6 145
6 169
6 217
6 255
6 303
6 306
6 361
6 375
6 465
6 486
6 550
6 587
6 634
6 686
6 691
6 736
6 740
6 937
7 43
7 102
7 111
7 153
7 173
7 190
7 214
7 227
7 280
7 294
7 354
7 405
7 421
7 634
7 646
7 667
7 856
7 892
7 917
7 925
8 91
8 144
8 181
8 186
8 281
8 287
8 335
8 375
8 495
8 497
8 505
8 572
8 586
8 588
8 670
8 765
8 766
8 870
8 922
9 69
9 106
9 120
9 196
9 404
9 457
9 542
9 558
9 611
9 618
9 655
9 674
9 684
9 743
9 761
9 897
9 915
9 934
9 957
10 139
10 190
10 240
10 264
10 276
10 303
10 336
10 398
10 430
10 477
10 486
10 550
10 635
10 662
10 666
10 816
10 821
10 937
10 950
11 132
11 187
11 311
11 355
11 362
11 463
11 547
11 573
11 581
11 624
11 709
11 826
11 831
11 855
11 863
11 878
11 882
11 895
11 949
12 50
12 81
12 101
12 193
12 211
12 274
12 330
12 381
12 500
12 530
12 545
12 628
12 654
12 725
12 734
12 805
12 896
13 131
13 202
13 381
13 444
13 484
13 487
13 508
13 621
13 683
13 715
13 724
13 808
13 904
14 133
14 299
14 350
14 391
14 416
14 622
14 706
14 750
14 785
14 806
14 807
14 818
14 949
15 26
15 28
15 123
15 150
15 183
15 339
15 345
15 348
15 357
15 419
15 513
15 554
15 760
15 772
15 783
15 833
15 918
15 933
16 28
16 51
16 118
16 186
16 201
16 209
16 282
16 387
16 466
16 488
16 552
16 663
16 694
16 698
16 710
16 860
16 900
16 911
16 925
17 71
17 85
17 93
17 111
17 124
17 155
17 191
17 215
17 311
17 405
17 421
17 424
17 506
17 637
17 675
17 763
17 785
17 856
17 892
18 44
18 174
18 188
18 252
18 269
18 302
18 351
18 409
18 501
18 561
18 629
18 654
18 664
18 855
18 893
18 912
18 926
19 56
19 171
19 309
19 432
19 439
19 451
19 472
19 514
19 527
19 741
19 814
19 865
19 871
20 194
20 231
20 252
20 315
20 359
20 367
20 371
20 440
20 545
20 566
20 604
20 695
20 725
20 756
20 788
20 912
20 916
21 48
21 56
21 100
21 168
21 275
21 312
21 494
21 680
21 696
21 787
21 799
21 801
21 818
21 881
22 45
22 105
22 106
22 232
22 322
22 372
22 451
22 460
22 528
22 542
22 611
22 644
22 655
22 761
22 764
22 913
22 929
22 931
23 76
23 290
23 324
23 482
23 512
23 577
23 605
23 632
23 646
23 688
23 694
23 799
23 802
23 887
23 920
24 169
24 213
24 291
24 296
24 303
24 352
24 356
24 486
24 505
24 537
24 550
24 607
24 634
24 677
24 686
24 740
24 800
24 846
24 883
24 937
25 243
25 248
25 255
25 423
25 606
25 672
25 677
25 717
25 726
25 845
25 914
26 143
26 150
26 155
26 183
26 184
26 247
26 317
26 388
26 416
26 419
26 429
26 452
26 539
26 745
26 760
26 918
26 933
27 129
27 250
27 270
27 342
27 456
27 475
27 517
27 567
27 619
27 646
27 682
27 780
27 879
27 888
27 945
28 47
28 123
28 130
28 195
28 282
28 339
28 345
28 348
28 387
28 488
28 579
28 647
28 663
28 698
28 833
28 925
29 66
29 74
29 81
29 226
29 241
29 258
29 271
29 328
29 433
29 521
29 529
29 576
29 650
29 744
29 747
29 794
29 827
29 923
29 950
30 115
30 143
30 184
30 351
30 368
30 370
30 452
30 470
30 476
30 483
30 513
30 583
30 659
30 722
30 760
30 901
30 921
31 70
31 79
31 160
31 222
31 248
31 340
31 365
31 423
31 491
31 503
31 524
31 531
31 562
31 598
31 620
31 628
31 684
31 712
31 833
32 46
32 132
32 162
32 267
32 298
32 301
32 384
32 435
32 449
32 584
32 679
32 684
32 765
32 793
32 848
32 873
33 78
33 84
33 95
33 112
33 127
33 201
33 260
33 387
33 466
33 482
33 548
33 556
33 586
33 632
33 688
33 694
33 719
33 851
33 872
34 169
34 218
34 251
34 336
34 471
34 576
34 597
34 666
34 767
34 773
34 810
34 877
34 933
35 115
35 152
35 177
35 313
35 364
35 389
35 409
35 440
35 501
35 665
35 695
35 699
35 725
35 757
35 778
35 782
35 788
35 893
35 912
36 59
36 131
36 319
36 364
36 397
36 409
36 418
36 440
36 485
36 526
36 563
36 614
36 735
36 739
36 757
36 778
36 822
36 829
37 95
37 148
37 158
37 186
37 250
37 282
37 567
37 639
37 855
37 868
37 879
37 903
37 945
38 204
38 316
38 349
38 383
38 519
38 595
38 596
38 728
38 738
38 763
38 766
38 808
38 843
38 864
38 907
39 52
39 62
39 127
39 242
39 323
39 386
39 415
39 554
39 564
39 589
39 605
39 631
39 635
39 656
39 832
39 880
39 943
40 110
40 145
40 255
40 296
40 361
40 375
40 651
40 668
40 677
40 717
40 794
40 836
40 845
40 937
41 161
41 219
41 237
41 368
41 398
41 499
41 520
41 592
41 750
41 817
41 859
41 876
41 959
42 58
42 148
42 254
42 259
42 273
42 300
42 342
42 565
42 601
42 625
42 711
42 751
42 758
42 874
42 948
43 111
43 158
43 201
43 227
43 257
43 289
43 294
43 339
43 413
43 579
43 646
43 663
43 803
43 832
43 860
43 917
43 925
43 936
44 73
44 126
44 263
44 269
44 327
44 360
44 394
44 407
44 561
44 629
44 659
44 664
44 681
44 755
44 855
44 893
45 106
45 116
45 192
45 239
45 333
45 338
45 372
45 542
45 644
45 652
45 655
45 720
45 741
45 761
45 764
45 897
45 931
46 55
46 132
46 140
46 144
46 167
46 222
46 267
46 298
46 301
46 314
46 403
46 510
46 584
46 585
46 679
46 743
47 130
47 195
47 329
47 385
47 541
47 570
47 579
47 647
47 709
47 861
48 147
48 168
48 179
48 259
48 275
48 312
48 414
48 494
48 509
48 514
48 575
48 696
48 708
48 731
48 787
48 799
48 818
48 819
49 124
49 173
49 224
49 254
49 266
49 327
49 363
49 431
49 443
49 492
49 518
49 603
49 697
49 798
49 847
49 849
49 917
50 193
50 207
50 236
50 261
50 287
50 346
50 523
50 556
50 630
50 834
50 896
50 911
51 65
51 73
51 118
51 164
51 180
51 189
51 201
51 206
51 414
51 522
51 552
51 577
51 582
51 633
51 666
51 710
51 787
51 849
52 127
52 175
52 178
52 279
52 320
52 415
52 445
52 485
52 496
52 564
52 571
52 604
52 605
52 610
52 645
52 656
52 880
52 919
53 69
53 372
53 528
53 549
53 613
53 615
53 720
53 727
53 828
54 90
54 104
54 187
54 293
54 301
54 403
54 463
54 481
54 642
54 748
54 863
54 873
54 882
55 75
55 86
55 162
55 167
55 283
55 314
55 384
55 403
55 510
55 554
55 585
55 615
55 653
55 679
55 704
55 769
55 776
56 228
56 244
56 300
56 309
56 312
56 441
56 509
56 514
56 527
56 538
56 696
56 801
56 865
57 60
57 145
57 147
57 150
57 168
57 301
57 326
57 342
57 348
57 357
57 488
57 505
57 524
57 579
57 639
57 801
57 826
57 881
58 182
58 254
58 273
58 286
58 292
58 378
58 406
58 490
58 535
58 625
58 756
58 851
58 911
58 948
59 177
59 364
59 374
59 409
59 440
59 445
59 458
59 526
59 614
59 621
59 636
59 638
59 707
59 757
59 822
59 829
59 953
60 100
60 147
60 168
60 206
60 275
60 312
60 348
60 538
60 708
60 731
60 801
61 116
61 171
61 230
61 437
61 489
61 527
61 538
61 814
61 819
61 825
61 871
61 929
61 952
62 88
62 142
62 219
62 276
62 277
62 305
62 323
62 449
62 486
62 510
62 554
62 589
62 631
62 633
62 635
62 812
62 821
62 943
63 106
63 109
63 120
63 134
63 196
63 230
63 399
63 469
63 498
63 561
63 661
63 667
63 674
63 685
63 930
64 159
64 195
64 304
64 340
64 385
64 479
64 571
64 573
64 631
64 690
64 734
64 804
64 906
65 73
65 164
65 318
65 341
65 373
65 387
65 522
65 552
65 575
65 582
65 633
65 666
65 754
65 799
65 837
65 849
65 860
66 74
66 81
66 115
66 117
66 188
66 241
66 255
66 296
66 629
66 685
66 701
66 729
66 737
66 744
66 751
66 794
66 836
66 923
67 156
67 281
67 316
67 495
67 497
67 515
67 551
67 560
67 596
67 609
67 630
67 637
67 673
67 718
67 766
67 779
67 813
67 820
67 843
68 103
68 122
68 127
68 161
68 487
68 508
68 683
68 689
68 724
68 802
68 959
69 196
69 279
69 372
69 611
69 655
69 681
69 700
69 727
69 761
69 768
69 857
69 897
69 931
69 942
69 957
70 160
70 222
70 243
70 248
70 326
70 345
70 412
70 503
70 507
70 531
70 598
70 684
70 712
70 734
70 742
70 840
70 869
70 941
71 93
71 99
71 111
71 153
71 155
71 198
71 214
71 258
71 311
71 399
71 428
71 662
71 730
71 740
71 785
71 856
71 892
71 915
72 200
72 225
72 322
72 396
72 470
72 626
72 640
72 657
72 703
72 707
72 739
72 741
73 82
73 126
73 224
73 266
73 327
73 360
73 366
73 407
73 450
73 522
73 582
73 602
73 633
73 666
73 849
73 939
74 81
74 121
74 221
74 238
74 241
74 377
74 401
74 434
74 744
74 794
74 923
75 86
75 129
75 162
75 283
75 384
75 554
75 612
75 615
75 653
75 704
75 769
75 776
75 796
75 910
75 926
76 128
76 153
76 227
76 288
76 405
76 475
76 517
76 518
76 577
76 632
76 646
76 663
76 752
76 796
76 799
76 803
76 945
76 946
77 83
77 191
77 208
77 235
77 442
77 498
77 539
77 546
77 591
77 617
77 716
77 722
77 780
77 786
77 862
77 924
77 934
77 955
78 127
78 137
78 206
78 290
78 325
78 466
78 545
78 548
78 575
78 632
78 688
78 719
78 841
78 920
79 160
79 204
79 340
79 397
79 419
79 524
79 562
79 621
79 628
79 749
79 753
79 833
79 869
79 915
79 941
79 954
80 173
80 215
80 331
80 354
80 399
80 661
80 676
80 678
80 746
81 87
81 101
81 241
81 274
81 379
81 381
81 500
81 628
81 734
81 744
81 794
81 870
81 886
81 902
81 923
82 224
82 233
82 253
82 266
82 306
82 366
82 382
82 443
82 450
82 534
82 537
82 602
82 755
82 768
82 798
82 939
83 199
83 208
83 246
83 323
83 382
83 442
83 491
83 498
83 507
83 591
83 660
83 732
83 775
83 780
83 815
83 906
83 924
83 934
84 112
84 119
84 167
84 218
84 260
84 449
84 572
84 599
84 649
84 694
84 710
84 718
84 754
84 872
85 102
85 111
85 124
85 191
85 215
85 246
85 297
85 388
85 393
85 405
85 424
85 442
85 476
85 898
85 955
86 128
86 162
86 172
86 174
86 283
86 436
86 554
86 585
86 612
86 615
86 682
86 704
86 769
86 844
87 121
87 177
87 219
87 220
87 264
87 379
87 516
87 530
87 648
87 822
87 870
87 886
87 899
87 902
88 167
88 185
88 219
88 276
88 277
88 283
88 305
88 386
88 435
88 480
88 486
88 522
88 635
88 656
88 783
88 812
88 821
88 906
89 165
89 317
89 410
89 429
89 529
89 733
89 745
89 760
89 785
90 104
90 132
90 148
90 293
90 301
90 347
90 348
90 375
90 584
90 642
90 679
90 826
90 842
90 846
90 863
90 881
90 882
90 888
91 156
91 193
91 281
91 284
91 287
91 295
91 335
91 346
91 560
91 572
91 588
91 630
91 648
91 738
91 766
91 805
91 851
91 900
92 105
92 235
92 308
92 402
92 442
92 543
92 598
92 617
92 623
92 652
92 713
92 786
92 947
93 155
93 226
93 311
93 321
93 362
93 733
93 785
93 806
93 831
93 856
93 863
93 892
93 932
94 152
94 194
94 231
94 234
94 262
94 286
94 292
94 367
94 417
94 471
94 490
94 493
94 649
94 847
94 948
95 186
95 201
95 209
95 335
95 379
95 387
95 482
95 495
95 502
95 556
95 567
95 586
95 777
95 851
95 884
96 98
96 377
96 401
96 434
96 477
96 504
96 634
96 662
96 723
96 744
96 771
96 791
96 812
97 130
97 245
97 278
97 329
97 380
97 467
97 541
97 547
97 812
97 816
97 824
97 861
97 866
98 176
98 189
98 291
98 343
98 373
98 401
98 465
98 634
98 662
98 693
98 748
98 771
99 139
99 214
99 241
99 258
99 328
99 336
99 433
99 446
99 686
99 730
99 773
99 781
99 853
99 915
100 147
100 206
100 275
100 312
100 441
100 680
100 731
100 819
100 881
101 200
101 202
101 210
101 216
101 274
101 381
101 382
101 397
101 444
101 458
101 500
101 508
101 553
101 628
101 734
101 774
101 811
102 153
102 173
102 191
102 246
102 280
102 297
102 344
102 388
102 421
102 442
102 476
102 580
102 856
102 955
103 127
103 237
103 487
103 513
103 520
103 802
103 838
103 859
103 894
103 959
104 187
104 293
104 301
104 314
104 343
104 463
104 555
104 642
104 863
104 882
105 158
105 235
105 288
105 338
105 369
105 456
105 460
105 528
105 598
105 611
105 652
105 655
105 698
105 764
105 885
105 913
105 947
106 134
106 196
106 372
106 404
106 457
106 498
106 542
106 618
106 644
106 684
106 743
106 764
106 915
106 930
106 931
107 189
107 246
107 253
107 318
107 443
107 450
107 534
107 643
107 682
107 716
107 796
107 917
107 946
108 212
108 422
108 563
108 595
108 636
108 658
108 759
108 763
108 779
109 120
109 205
109 331
109 468
109 561
109 661
109 678
109 685
109 703
109 746
109 780
109 784
109 789
109 909
110 145
110 194
110 255
110 356
110 361
110 375
110 391
110 455
110 535
110 569
110 800
110 830
110 875
110 937
111 124
111 153
111 191
111 198
111 215
111 227
111 294
111 399
111 405
111 424
111 428
111 646
111 662
111 740
111 917
111 925
112 118
112 119
112 260
112 272
112 341
112 435
112 471
112 510
112 588
112 599
112 673
112 694
112 872
113 207
113 213
113 267
113 314
113 334
113 347
113 353
113 431
113 447
113 557
113 587
113 588
113 602
113 623
113 718
113 764
113 873
113 897
113 951
114 293
114 424
114 448
114 468
114 474
114 506
114 624
114 626
114 675
114 774
114 779
114 808
114 856
114 864
114 904
115 184
115 188
115 351
115 370
115 389
115 440
115 501
115 629
115 659
115 665
115 685
115 725
115 737
115 751
115 836
115 893
116 171
116 175
116 230
116 232
116 239
116 333
116 489
116 583
116 655
116 741
116 825
116 929
116 942
116 952
117 144
117 255
117 296
117 412
117 423
117 651
117 668
117 701
117 729
117 848
118 201
118 341
118 552
118 599
118 710
118 754
118 884
118 922
119 272
119 420
119 435
119 466
119 471
119 482
119 510
119 588
119 599
119 673
119 710
119 754
119 850
120 134
120 198
120 354
120 542
120 558
120 561
120 661
120 674
120 685
120 809
120 934
120 952
121 141
121 219
121 221
121 264
121 377
121 462
121 504
121 516
121 899
122 135
122 161
122 237
122 337
122 369
122 499
122 683
122 715
122 774
122 817
123 143
123 146
123 150
123 283
123 317
123 339
123 345
123 348
123 357
123 692
123 753
123 810
123 833
123 838
123 921
123 943
124 173
124 191
124 215
124 266
124 280
124 405
124 424
124 676
124 746
125 137
125 290
125 325
125 391
125 392
125 439
125 512
125 525
125 641
125 669
125 719
125 750
125 927
126 174
126 327
126 360
126 395
126 407
126 594
126 653
126 844
126 910
127 415
127 466
127 487
127 548
127 564
127 605
127 632
127 656
127 688
127 719
127 802
127 880
127 959
128 129
128 174
128 180
128 227
128 288
128 297
128 373
128 436
128 517
128 534
128 591
128 643
128 682
128 752
128 769
128 796
128 945
129 180
129 250
129 270
129 297
129 373
129 456
129 475
129 534
129 591
129 612
129 643
129 646
129 682
129 796
129 910
129 926
130 195
130 307
130 329
130 380
130 570
130 573
130 579
130 647
131 202
131 349
131 364
131 381
131 397
131 418
131 458
131 485
131 562
131 618
131 621
131 715
131 724
131 730
131 852
131 869
131 904
132 148
132 187
132 267
132 298
132 301
132 348
132 375
132 463
132 624
132 826
132 831
132 846
132 881
132 888
132 895
133 264
133 305
133 325
133 391
133 392
133 464
133 472
133 499
133 520
133 592
133 622
133 750
133 792
133 807
133 901
133 927
134 196
134 198
134 205
134 331
134 354
134 498
134 578
134 629
134 674
134 809
134 930
134 952
135 161
135 170
135 237
135 487
135 499
135 689
135 811
135 817
135 885
135 904
136 138
136 154
136 241
136 262
136 271
136 363
136 427
136 473
136 494
136 521
136 523
136 706
136 733
136 813
136 827
137 324
137 325
137 391
137 392
137 439
137 641
137 669
137 705
137 750
137 920
137 927
138 154
138 226
138 241
138 311
138 321
138 410
138 521
138 529
138 733
138 745
139 213
139 240
139 241
139 343
139 433
139 446
139 459
139 481
139 486
139 650
139 666
139 691
139 773
139 781
139 853
139 866
139 950
140 144
140 145
140 222
140 335
140 497
140 584
140 668
140 701
140 743
140 765
140 846
140 848
141 277
141 401
141 462
141 465
141 504
141 607
141 671
141 723
141 791
141 816
142 164
142 240
142 276
142 327
142 349
142 366
142 449
142 461
142 480
142 510
142 522
142 552
142 590
142 633
142 784
142 832
142 877
142 954
143 146
143 155
143 317
143 357
143 416
143 429
143 470
143 476
143 483
143 583
143 692
143 722
143 745
143 753
143 760
143 810
144 222
144 375
144 495
144 505
144 584
144 651
144 743
144 765
144 848
145 255
145 301
145 335
145 342
145 361
145 375
145 497
145 505
145 639
145 826
145 846
145 848
145 937
146 183
146 309
146 317
146 357
146 438
146 446
146 512
146 597
146 687
146 692
146 705
146 747
146 753
146 767
146 810
146 830
146 933
147 168
147 275
147 348
147 414
147 441
147 509
147 575
147 801
147 819
148 250
148 259
148 300
148 342
148 348
148 375
148 639
148 711
148 751
148 758
148 846
148 881
148 888
148 903
148 945
149 163
149 319
149 337
149 374
149 379
149 400
149 472
149 485
149 489
149 559
149 574
149 636
149 669
149 670
149 759
149 854
149 885
149 907
150 183
150 283
150 326
150 357
150 419
150 488
150 524
150 579
150 760
150 838
150 881
150 918
150 921
150 933
150 943
151 196
151 222
151 298
151 347
151 404
151 419
151 438
151 446
151 457
151 542
151 576
151 593
151 692
151 730
151 749
151 793
151 865
152 179
152 231
152 292
152 300
152 313
152 320
152 409
152 695
152 788
152 889
152 916
153 173
153 198
153 280
153 399
153 405
153 421
153 428
153 475
153 518
153 662
153 663
153 740
153 803
153 856
153 946
154 157
154 203
154 241
154 271
154 376
154 515
154 521
154 733
154 818
154 827
154 834
154 847
154 956
155 165
155 311
155 350
155 416
155 429
155 494
155 622
155 745
155 785
155 856
155 892
155 956
156 281
156 284
156 295
156 316
156 532
156 551
156 601
156 630
156 637
156 648
156 728
156 738
156 779
156 805
156 843
156 891
156 940
157 193
157 261
157 285
157 334
157 417
157 473
157 523
157 564
157 566
157 756
157 790
157 818
157 827
157 834
157 919
157 956
158 201
158 257
158 282
158 288
158 338
158 339
158 369
158 456
158 579
158 698
158 803
158 855
158 860
158 868
158 879
158 885
159 304
159 332
159 385
159 479
159 496
159 573
159 628
159 631
159 647
159 840
159 906
159 958
160 243
160 340
160 412
160 507
160 524
160 531
160 562
160 568
160 606
160 628
160 742
160 743
160 793
160 797
160 833
160 947
161 170
161 520
161 683
161 811
161 817
161 885
161 904
162 172
162 283
162 384
162 435
162 449
162 554
162 584
162 585
162 612
162 615
162 704
162 844
162 873
163 170
163 369
163 379
163 400
163 418
163 445
163 472
163 559
163 563
163 574
163 669
163 670
163 759
163 825
163 854
163 907
163 953
164 180
164 189
164 206
164 240
164 327
164 341
164 366
164 387
164 414
164 480
164 552
164 577
164 754
164 787
164 860
164 877
165 214
165 317
165 321
165 350
165 362
165 410
165 416
165 421
165 424
165 428
165 494
165 622
165 760
165 785
165 956
166 204
166 205
166 208
166 242
166 413
166 454
166 461
166 480
166 533
166 544
166 619
166 626
166 633
166 661
166 751
166 784
166 852
166 909
166 940
167 218
167 314
167 403
167 435
167 449
167 480
167 510
167 522
167 572
167 585
167 599
167 635
167 649
167 679
167 718
168 244
168 312
168 348
168 494
168 514
168 680
168 787
168 799
168 801
168 818
169 218
169 258
169 336
169 430
169 471
169 486
169 550
169 634
169 686
169 740
169 767
169 853
170 257
170 270
170 282
170 337
170 369
170 400
170 418
170 445
170 652
170 752
170 811
170 825
170 854
170 885
170 904
170 913
171 230
171 432
171 437
171 441
171 489
171 708
171 825
171 871
171 929
171 952
172 306
172 407
172 585
172 594
172 612
172 653
172 776
172 844
172 857
172 883
172 928
173 215
173 266
173 280
173 421
173 678
173 856
174 436
174 501
174 594
174 682
174 769
174 910
174 926
175 232
175 249
175 256
175 279
175 372
175 445
175 453
175 485
175 496
175 571
175 583
175 645
175 755
175 928
175 942
175 957
176 189
176 190
176 217
176 343
176 373
176 434
176 607
176 693
176 723
176 740
176 748
176 771
177 220
177 364
177 526
177 530
177 636
177 638
177 648
177 699
177 707
177 757
177 778
177 782
177 822
177 912
177 953
178 228
178 231
178 259
178 313
178 320
178 600
178 604
178 608
178 610
178 839
178 889
178 908
178 919
178 936
179 228
179 259
179 300
179 320
179 454
179 514
179 625
179 639
179 696
179 708
179 731
179 737
179 819
179 874
179 888
179 889
179 916
180 189
180 206
180 297
180 318
180 373
180 414
180 481
180 534
180 555
180 577
180 591
180 643
180 693
180 771
180 787
181 186
181 341
181 469
181 497
181 586
181 670
181 707
181 710
181 735
181 777
181 850
181 870
181 872
181 884
181 922
181 952
182 286
182 292
182 406
182 490
182 556
182 697
182 702
182 711
182 756
182 874
182 875
182 900
182 935
182 948
183 324
183 419
183 446
183 455
183 525
183 597
183 714
183 747
183 760
183 767
183 810
183 858
183 865
183 918
183 933
184 247
184 317
184 351
184 370
184 388
184 452
184 483
184 539
184 659
184 772
184 792
184 838
184 876
185 229
185 276
185 283
185 304
185 307
185 323
185 365
185 386
185 479
185 631
185 656
185 709
185 742
185 762
185 775
185 783
185 906
185 924
186 209
186 466
186 497
186 567
186 586
186 670
186 694
186 860
186 870
186 900
186 911
186 922
187 343
187 403
187 463
187 555
187 624
187 826
187 831
187 873
187 895
188 252
188 302
188 351
188 389
188 394
188 409
188 411
188 452
188 483
188 629
188 654
188 685
188 737
188 751
188 836
188 912
189 206
189 246
189 253
189 318
189 343
189 373
189 414
189 577
189 682
189 716
189 748
189 787
189 796
190 214
190 303
190 336
190 354
190 405
190 430
190 434
190 634
190 662
190 667
190 693
190 723
190 740
190 821
190 892
190 937
191 215
191 344
191 405
191 424
191 539
191 580
191 591
191 617
191 716
191 722
192 293
192 338
192 425
192 460
192 528
192 549
192 644
192 652
192 720
192 727
192 761
192 770
192 895
192 897
193 261
193 334
193 346
193 473
193 560
193 790
193 851
193 896
193 900
194 234
194 262
194 315
194 367
194 371
194 471
194 490
194 535
194 545
194 569
194 649
194 695
194 756
194 800
194 847
194 875
195 295
195 304
195 332
195 340
195 540
195 579
195 614
195 647
195 690
195 699
195 734
196 222
196 498
196 542
196 593
196 611
196 655
196 730
196 749
196 761
196 793
196 897
196 930
196 957
197 265
197 277
197 352
197 380
197 425
197 459
197 467
197 477
197 543
197 555
197 587
197 748
197 781
197 835
197 861
197 862
197 866
197 867
197 950
198 354
198 399
198 428
198 662
198 667
198 676
198 678
198 740
198 809
198 952
199 210
199 233
199 297
199 323
199 491
199 507
199 558
199 617
199 619
199 660
199 716
199 775
199 789
199 815
199 906
199 924
199 930
199 955
200 202
200 210
200 223
200 225
200 295
200 382
200 476
200 539
200 553
200 616
200 657
200 672
200 890
201 257
201 339
201 387
201 482
201 552
201 556
201 579
201 586
201 710
201 803
201 851
201 860
202 210
202 216
202 330
202 340
202 381
202 382
202 553
202 621
202 715
202 724
202 840
202 886
202 896
202 904
202 923
203 218
203 262
203 266
203 271
203 272
203 273
203 292
203 294
203 363
203 371
203 376
203 493
203 515
203 569
203 603
203 847
203 935
203 946
204 242
204 349
204 383
204 397
204 413
204 480
204 621
204 633
204 749
204 808
204 843
204 852
204 909
204 915
204 941
204 954
205 208
205 331
205 461
205 533
205 578
205 619
205 626
205 629
205 661
205 674
205 678
205 746
206 290
206 312
206 414
206 545
206 575
206 577
206 731
206 787
206 841
207 236
207 267
207 334
207 346
207 347
207 353
207 420
207 523
207 588
207 718
207 790
207 834
207 872
208 250
208 442
208 461
208 498
208 517
208 533
208 619
208 626
208 661
208 780
208 789
208 924
208 934
209 335
209 379
209 466
209 495
209 502
209 586
209 694
209 777
209 860
209 879
209 884
209 900
209 903
209 911
210 233
210 297
210 382
210 450
210 453
210 553
210 681
210 716
210 732
210 736
210 798
210 883
210 924
211 234
211 315
211 330
211 359
211 406
211 414
211 417
211 530
211 545
211 569
211 654
211 719
211 725
211 788
211 805
211 841
211 920
212 319
212 422
212 595
212 637
212 658
212 759
212 864
212 953
213 291
213 314
213 343
213 352
213 431
213 447
213 459
213 481
213 537
213 587
213 602
213 607
213 650
213 691
213 866
213 873
213 883
213 937
214 258
214 321
214 354
214 362
214 405
214 416
214 421
214 424
214 428
214 634
214 667
214 730
214 892
214 915
215 224
215 280
215 405
215 424
215 603
215 678
216 223
216 225
216 233
216 330
216 340
216 381
216 397
216 444
216 458
216 508
216 732
216 774
216 811
216 840
216 886
216 896
216 923
217 291
217 303
217 306
217 465
217 504
217 587
217 607
217 671
217 691
217 736
217 771
218 272
218 292
218 336
218 363
218 371
218 449
218 471
218 493
218 569
218 572
218 599
218 649
218 718
218 767
219 237
219 264
219 277
219 305
219 368
219 398
219 486
219 516
219 592
219 750
219 812
219 821
219 876
219 899
220 221
220 305
220 398
220 462
220 500
220 502
220 530
220 648
220 670
220 822
220 899
220 902
220 923
221 305
221 377
221 398
221 462
221 516
221 671
221 791
221 902
222 248
222 503
222 542
222 584
222 593
222 598
222 684
222 712
222 730
222 743
222 749
222 793
223 225
223 233
223 295
223 381
223 396
223 476
223 539
223 553
223 616
223 640
223 672
223 732
223 890
224 254
224 266
224 280
224 363
224 366
224 450
224 518
224 602
224 603
224 697
224 847
224 917
224 939
225 233
225 284
225 381
225 388
225 408
225 540
225 553
225 657
225 722
225 732
225 914
226 271
226 362
226 410
226 433
226 529
226 733
226 745
226 827
227 288
227 294
227 475
227 517
227 646
227 688
227 752
227 787
227 796
227 837
227 887
227 917
227 925
227 945
228 231
228 244
228 259
228 300
228 312
228 313
228 441
228 454
228 509
228 538
228 600
228 625
228 639
228 737
228 874
228 888
229 365
229 543
229 546
229 598
229 631
229 660
229 742
229 762
229 775
229 797
229 815
229 924
230 260
230 399
230 420
230 469
230 489
230 638
230 667
230 674
230 739
230 777
230 809
230 825
230 922
230 929
230 952
231 259
231 292
231 313
231 359
231 440
231 600
231 912
231 916
232 239
232 322
232 400
232 437
232 451
232 469
232 559
232 583
232 761
232 809
232 871
232 929
232 942
233 297
233 306
233 381
233 382
233 443
233 537
233 716
233 732
233 755
233 768
233 924
234 262
234 356
234 359
234 361
234 371
234 378
234 406
234 417
234 471
234 490
234 569
234 649
234 702
234 788
234 841
234 847
235 268
235 402
235 546
235 598
235 652
235 786
235 862
235 947
235 951
235 955
236 260
236 298
236 334
236 346
236 447
236 523
236 557
236 572
236 673
236 790
236 834
236 842
236 850
237 368
237 398
237 499
237 520
237 592
237 750
237 876
237 894
238 377
238 401
238 433
238 434
238 462
238 500
238 516
238 521
238 729
238 744
238 836
238 886
239 247
239 249
239 279
239 333
239 400
239 437
239 469
239 470
239 559
239 655
239 741
239 809
239 871
239 929
240 251
240 327
240 366
240 480
240 486
240 552
240 582
240 666
240 767
240 877
240 950
241 433
241 446
241 521
241 733
241 744
241 773
241 781
241 794
241 853
241 923
242 386
242 413
242 480
242 590
242 608
242 627
242 633
242 803
242 832
242 852
242 909
242 925
243 412
243 423
243 507
243 620
243 651
243 701
243 717
243 742
244 300
244 312
244 432
244 438
244 441
244 509
244 514
244 538
244 680
244 696
244 814
244 858
245 265
245 278
245 344
245 467
245 541
245 812
245 816
245 820
245 835
245 866
245 898
245 905
246 253
246 297
246 318
246 382
246 388
246 442
246 476
246 591
246 682
246 716
246 732
246 775
246 796
246 955
247 249
247 279
247 317
247 388
247 396
247 452
247 470
247 539
247 583
247 638
247 657
247 735
247 929
248 491
248 503
248 568
248 598
248 606
248 672
248 684
248 712
248 742
248 845
248 914
249 256
249 279
249 372
249 374
249 418
249 453
249 470
249 610
249 755
249 804
249 880
249 928
249 929
249 942
249 957
249 958
250 270
250 456
250 475
250 517
250 639
250 646
250 682
250 789
250 903
250 945
251 272
251 430
251 576
251 582
251 597
251 649
251 686
251 767
251 773
251 810
251 933
252 274
252 302
252 315
252 351
252 409
252 566
252 604
252 648
252 654
252 665
252 725
252 788
252 795
252 841
252 896
252 912
253 294
253 318
253 518
253 534
253 643
253 682
253 716
253 796
253 798
254 273
254 363
254 390
254 426
254 518
254 547
254 625
254 697
254 721
254 820
254 839
254 847
254 917
254 935
254 948
255 296
255 361
255 375
255 677
255 701
255 726
255 729
255 937
256 372
256 453
256 537
256 615
256 700
256 736
256 755
256 776
256 844
256 857
256 928
256 938
256 957
257 270
257 282
257 337
257 339
257 355
257 567
257 579
257 652
257 664
257 698
257 752
257 803
257 860
257 903
257 913
258 328
258 430
258 521
258 576
258 650
258 730
258 747
258 853
258 915
258 950
259 300
259 313
259 342
259 514
259 600
259 696
259 708
259 711
259 731
259 751
259 758
259 819
260 334
260 420
260 638
260 694
260 739
260 777
260 809
260 850
260 872
260 922
261 274
261 287
261 330
261 334
261 346
261 473
261 556
261 630
261 790
261 911
262 266
262 273
262 294
262 363
262 427
262 471
262 490
262 603
262 649
262 813
262 827
262 847
262 935
262 946
263 269
263 302
263 355
263 360
263 366
263 394
263 395
263 501
263 578
263 594
263 659
263 681
263 685
263 755
263 849
263 868
264 276
264 305
264 398
264 477
264 499
264 516
264 520
264 550
264 635
264 792
264 816
264 899
264 901
264 927
265 277
265 278
265 380
265 393
265 459
265 477
265 580
265 820
265 835
265 861
265 905
266 273
266 294
266 366
266 450
266 602
266 603
266 935
266 939
266 946
267 298
267 301
267 309
267 334
267 347
267 353
267 404
267 588
267 593
267 718
267 747
267 773
267 842
267 858
268 353
268 358
268 402
268 425
268 447
268 611
268 623
268 644
268 713
268 951
269 360
269 366
269 370
269 395
269 411
269 453
269 561
269 594
269 629
269 664
269 768
269 849
269 855
269 893
270 282
270 288
270 337
270 456
270 475
270 646
270 652
270 682
270 752
270 913
270 930
270 934
271 376
271 433
271 473
271 494
271 515
271 523
271 529
271 706
271 827
271 847
272 292
272 363
272 371
272 430
272 435
272 471
272 493
272 510
272 569
272 588
272 597
272 649
272 673
272 686
273 294
273 478
273 603
273 609
273 625
273 697
273 824
273 878
273 905
273 908
273 935
273 946
273 948
274 315
274 330
274 346
274 381
274 500
274 628
274 648
274 665
274 734
274 795
274 841
274 896
275 414
275 509
275 538
275 575
275 680
275 708
275 881
276 283
276 386
276 398
276 449
276 477
276 510
276 550
276 633
276 635
276 656
276 783
276 816
276 906
277 305
277 380
277 401
277 459
277 477
277 486
277 671
277 723
277 812
277 816
277 821
277 835
277 861
278 390
278 393
278 467
278 541
278 580
278 609
278 812
278 816
278 835
278 866
279 445
279 470
279 485
279 496
279 571
279 645
279 681
279 700
279 768
279 857
279 929
279 931
279 942
280 421
280 603
280 676
280 746
280 856
281 287
281 316
281 335
281 376
281 390
281 427
281 551
281 572
281 588
281 596
281 637
281 766
281 779
281 843
281 905
282 337
282 387
282 488
282 652
282 663
282 698
282 752
282 855
282 868
282 879
282 913
282 925
283 386
283 554
283 615
283 656
283 704
283 783
283 838
283 906
283 921
283 943
284 295
284 388
284 408
284 540
284 553
284 630
284 647
284 648
284 690
284 722
284 738
284 782
284 805
284 829
284 890
284 914
285 386
285 415
285 417
285 523
285 548
285 564
285 566
285 589
285 610
285 627
285 645
285 756
285 802
285 919
285 936
285 944
286 367
286 378
286 417
286 493
286 535
286 697
286 711
286 851
286 874
286 911
286 935
286 948
287 335
287 530
287 540
287 551
287 556
287 560
287 572
287 588
287 630
287 728
287 766
287 795
287 890
287 911
288 338
288 369
288 456
288 517
288 698
288 752
288 796
288 885
288 930
288 934
288 945
289 320
289 413
289 478
289 564
289 600
289 608
289 627
289 663
289 721
289 832
289 936
289 944
290 392
290 482
290 545
290 575
290 605
290 694
290 719
290 802
290 841
290 887
290 920
291 352
291 465
291 504
291 537
291 607
291 671
291 693
291 883
291 937
292 363
292 371
292 406
292 490
292 493
292 569
292 756
293 301
293 425
293 468
293 528
293 624
293 626
293 642
293 675
293 770
293 774
293 863
293 882
293 895
293 904
294 518
294 603
294 643
294 646
294 917
294 925
294 935
294 946
295 332
295 476
295 539
295 540
295 614
295 616
295 630
295 648
295 672
295 699
295 738
295 805
295 890
296 303
296 356
296 505
296 677
296 701
296 717
296 729
296 800
296 845
296 846
297 373
297 388
297 442
297 476
297 534
297 591
297 643
297 716
297 924
297 955
298 301
298 347
298 438
298 446
298 447
298 457
298 557
298 572
298 576
298 673
298 790
298 842
298 865
299 350
299 416
299 581
299 592
299 622
299 641
299 706
299 785
299 818
299 927
299 932
300 312
300 320
300 342
300 441
300 509
300 538
300 711
300 751
300 758
300 889
300 916
301 342
301 505
301 639
301 642
301 826
301 863
301 882
302 351
302 355
302 360
302 409
302 436
302 501
302 578
302 654
302 685
302 868
302 893
302 910
302 912
303 306
303 336
303 356
303 430
303 465
303 505
303 587
303 662
303 677
303 691
303 736
303 800
303 821
303 846
303 937
304 307
304 323
304 340
304 479
304 496
304 690
304 709
304 734
304 958
305 398
305 462
305 486
305 499
305 520
305 792
305 812
305 821
305 901
305 902
305 927
306 382
306 443
306 465
306 537
306 587
306 653
306 691
306 736
306 755
306 768
306 857
306 883
306 928
307 323
307 385
307 426
307 479
307 570
307 573
307 664
307 709
307 824
307 831
307 868
307 882
308 358
308 402
308 442
308 459
308 467
308 543
308 546
308 617
308 660
308 762
308 770
308 862
309 404
309 438
309 512
309 514
309 527
309 593
309 687
309 705
309 747
309 773
309 830
309 842
309 858
309 865
309 933
310 422
310 439
310 464
310 502
310 519
310 574
310 595
310 658
310 759
310 843
310 854
310 870
310 907
311 321
311 362
311 529
311 581
311 785
311 856
311 882
311 892
311 949
312 441
312 494
312 509
312 538
312 731
312 787
312 799
312 818
313 409
313 490
313 493
313 600
313 695
313 788
313 916
314 403
314 431
314 447
314 463
314 510
314 585
314 587
314 602
314 679
314 873
315 367
315 371
315 414
315 545
315 648
315 665
315 695
315 719
315 756
315 795
315 841
315 896
315 920
316 448
316 484
316 519
316 551
316 595
316 637
316 779
316 843
316 852
316 907
316 954
317 357
317 388
317 410
317 452
317 539
317 692
317 753
317 760
317 785
317 810
318 373
318 481
318 552
318 555
318 575
318 682
318 693
318 716
318 771
318 796
318 799
318 837
319 400
319 422
319 489
319 563
319 636
319 735
319 739
319 757
319 778
319 822
319 854
319 953
320 478
320 600
320 604
320 610
320 627
320 721
320 889
320 916
320 919
321 362
321 416
321 421
321 424
321 428
321 529
321 806
321 831
321 863
321 932
322 333
322 396
322 432
322 451
322 464
322 527
322 626
322 669
322 703
322 741
322 761
322 929
323 479
323 491
323 507
323 554
323 589
323 631
323 635
323 660
323 709
323 815
323 906
323 943
324 392
324 455
324 512
324 525
324 688
324 705
324 714
324 810
324 858
324 865
325 392
325 464
325 472
325 512
325 525
325 592
325 807
325 920
326 345
326 357
326 408
326 488
326 524
326 531
326 579
326 672
326 721
326 734
326 833
326 840
326 869
326 876
326 881
326 901
326 908
326 941
327 360
327 366
327 407
327 431
327 443
327 480
327 492
327 552
327 603
327 798
327 849
327 877
328 336
328 428
328 521
328 576
328 618
328 650
328 686
328 747
328 749
328 853
328 892
328 950
329 332
329 339
329 380
329 385
329 488
329 570
329 690
329 709
330 340
330 346
330 530
330 545
330 654
330 725
330 805
330 840
330 886
330 896
330 923
331 468
331 578
331 629
331 661
331 674
331 676
331 703
331 780
331 784
331 789
331 909
332 339
332 479
332 488
332 540
332 570
332 614
332 628
332 647
332 690
332 699
332 840
333 432
333 451
333 464
333 468
333 527
333 533
333 640
333 655
333 657
333 669
333 741
334 347
334 353
334 473
334 588
334 718
334 790
334 850
335 379
335 495
335 497
335 502
335 572
335 588
335 766
335 777
335 846
335 848
335 884
336 430
336 471
336 662
336 686
336 767
336 821
336 937
337 369
337 374
337 485
337 489
337 559
337 574
337 652
337 715
337 752
337 774
337 817
337 885
337 913
338 369
338 402
338 456
338 503
338 644
338 652
338 698
338 720
338 761
338 786
338 797
338 885
338 897
338 913
339 345
339 348
339 488
339 570
339 579
339 690
339 803
339 833
339 860
340 524
340 562
340 628
340 690
340 734
340 833
340 840
340 886
340 896
340 923
341 387
341 599
341 710
341 754
341 777
341 860
342 505
342 517
342 567
342 639
342 711
342 751
342 758
342 826
342 879
342 888
343 373
343 459
343 481
343 555
343 650
343 691
343 748
343 866
344 393
344 427
344 515
344 580
344 835
344 898
345 348
345 368
345 478
345 524
345 531
345 616
345 734
345 792
345 833
345 839
345 840
345 869
345 914
345 941
346 523
346 560
346 834
346 851
346 900
347 353
347 438
347 446
347 457
347 576
347 584
347 588
347 679
347 718
347 826
347 842
347 865
348 375
348 801
348 833
348 846
348 881
348 888
349 383
349 458
349 461
349 522
349 562
349 590
349 618
349 730
349 784
349 808
349 832
349 843
349 852
349 869
349 954
350 494
350 592
350 622
350 641
350 806
350 927
350 949
350 956
351 370
351 389
351 409
351 454
351 561
351 578
351 654
351 659
351 729
351 758
351 794
351 912
352 353
352 403
352 467
352 492
352 537
352 555
352 557
352 587
352 607
352 691
352 748
352 781
352 883
352 937
352 939
352 950
353 403
353 447
353 492
353 557
353 588
353 611
353 644
353 691
353 713
353 718
353 939
354 399
354 405
354 634
354 667
354 746
354 809
354 892
354 952
355 360
355 501
355 547
355 567
355 573
355 578
355 664
355 685
355 698
355 709
355 855
355 863
355 868
355 878
355 903
356 361
356 371
356 378
356 391
356 455
356 505
356 677
356 702
356 800
356 830
356 846
357 488
357 513
357 524
357 554
357 579
357 692
357 753
357 772
357 783
357 810
357 881
358 425
358 459
358 460
358 467
358 546
358 623
358 624
358 642
358 720
358 770
358 867
359 406
359 417
359 440
359 569
359 654
359 665
359 695
359 788
359 823
359 841
359 912
359 916
359 919
360 370
360 407
360 411
360 453
360 501
360 578
360 685
360 768
360 868
361 371
361 375
361 378
361 641
361 687
361 702
361 714
361 800
361 807
361 937
362 416
362 421
362 424
362 428
362 581
362 733
362 882
362 949
363 371
363 427
363 493
363 518
363 569
363 697
363 813
363 827
363 847
363 917
364 397
364 418
364 485
364 526
364 636
364 638
364 699
364 707
364 757
364 778
364 782
364 912
364 953
365 423
365 491
365 507
365 531
365 606
365 620
365 631
365 712
365 742
365 762
365 775
365 924
366 395
366 450
366 480
366 552
366 594
366 602
366 849
366 877
366 939
367 371
367 406
367 415
367 417
367 473
367 493
367 545
367 604
367 695
367 756
367 823
367 834
367 944
367 948
368 398
368 452
368 478
368 513
368 524
368 592
368 616
368 750
368 792
368 839
368 876
368 901
368 914
368 921
369 400
369 418
369 445
369 456
369 698
369 715
369 774
369 817
369 825
369 854
369 885
370 394
370 411
370 453
370 544
370 659
370 768
370 891
371 378
371 493
371 545
371 569
371 695
371 702
371 756
372 453
372 542
372 644
372 727
372 755
372 764
372 928
372 931
372 957
373 534
373 552
373 575
373 591
373 643
373 748
373 799
373 837
374 418
374 445
374 458
374 485
374 489
374 559
374 574
374 610
374 621
374 757
374 804
374 880
374 885
374 942
374 958
375 495
375 505
375 765
375 846
375 881
375 888
375 937
376 390
376 427
376 515
376 580
376 596
376 813
376 847
376 898
376 905
377 433
377 500
377 521
377 723
377 729
377 744
377 836
377 886
378 532
378 535
378 565
378 702
378 851
378 875
378 911
379 472
379 495
379 502
379 669
379 670
379 759
379 777
379 870
379 884
379 886
379 902
379 907
380 426
380 459
380 477
380 541
380 835
380 861
380 878
381 500
381 621
381 628
381 715
381 724
381 732
381 734
381 904
382 443
382 537
382 553
382 591
382 732
382 755
382 768
382 775
383 444
383 448
383 474
383 484
383 675
383 724
383 808
383 843
384 435
384 449
384 584
384 585
384 612
384 653
384 769
384 776
384 783
384 828
384 873
384 938
384 943
385 426
385 573
385 631
385 664
385 709
385 824
385 831
385 868
385 882
385 906
386 548
386 589
386 610
386 645
386 656
386 783
386 802
386 832
386 906
386 944
387 482
387 488
387 556
387 586
387 663
387 698
387 754
387 851
387 860
387 925
388 408
388 442
388 452
388 476
388 539
388 540
388 553
388 722
388 914
388 955
389 394
389 411
389 440
389 452
389 454
389 483
389 501
389 561
389 578
389 665
389 725
389 729
389 758
389 794
389 893
390 426
390 427
390 547
390 596
390 609
390 721
390 820
390 835
390 839
390 905
390 935
391 439
391 455
391 622
391 641
391 669
391 750
391 807
391 830
391 927
392 464
392 472
392 592
392 705
392 719
392 807
393 427
393 515
393 580
393 898
394 411
394 452
394 483
394 544
394 659
394 681
394 755
394 891
395 407
395 436
395 594
395 653
395 844
395 849
395 926
396 553
396 583
396 626
396 638
396 640
396 657
396 703
396 735
396 741
397 418
397 444
397 458
397 485
397 508
397 621
397 749
397 774
397 811
397 915
397 941
397 954
398 462
398 477
398 550
398 592
398 635
398 750
398 816
398 876
398 902
399 428
399 469
399 662
399 667
399 674
399 740
399 746
400 418
400 437
400 445
400 469
400 489
400 559
400 636
400 809
400 825
400 854
400 871
401 434
401 634
401 662
401 671
401 723
401 771
401 816
402 442
402 503
402 543
402 617
402 786
402 797
402 913
402 951
403 492
403 510
403 557
403 585
403 679
403 691
403 873
403 939
404 419
404 457
404 593
404 618
404 684
404 692
404 743
404 747
404 773
404 842
404 858
404 915
405 424
405 475
405 518
405 634
405 663
405 667
405 803
405 892
405 946
406 415
406 417
406 473
406 490
406 569
406 604
406 756
406 788
406 823
406 834
406 841
406 944
407 436
407 594
407 776
407 926
408 540
408 553
408 568
408 616
408 672
408 712
408 717
408 721
408 722
408 726
408 833
408 876
408 901
408 908
408 914
409 440
409 526
409 614
409 654
409 695
409 788
409 822
409 829
409 912
410 429
410 745
410 760
410 785
411 452
411 453
411 483
411 511
411 659
411 768
411 940
412 423
412 507
412 620
412 668
412 726
412 742
412 845
413 480
413 589
413 590
413 633
413 656
413 663
413 832
413 852
413 909
413 936
414 509
414 575
414 577
414 719
414 787
414 920
415 473
415 564
415 604
415 605
415 627
415 656
415 823
415 834
415 880
415 936
415 944
416 421
416 424
416 428
416 429
416 706
416 745
416 785
416 818
417 493
417 523
417 564
417 566
417 569
417 756
417 788
417 841
417 919
417 948
418 445
418 485
418 610
418 804
418 825
418 854
418 880
418 942
418 958
419 692
419 753
419 760
419 869
419 918
419 933
420 466
420 482
420 599
420 638
420 739
420 777
420 790
420 809
420 850
420 872
420 922
421 424
421 428
421 506
421 637
421 675
421 763
421 856
422 658
422 763
422 779
422 907
422 953
423 491
423 531
423 620
423 668
423 717
424 428
424 474
424 779
424 856
424 864
425 528
425 543
425 623
425 770
425 862
425 866
425 867
425 895
426 541
426 547
426 664
426 721
426 820
426 824
426 831
426 839
426 868
426 878
426 882
426 935
427 515
427 596
427 813
427 827
427 905
428 618
428 662
428 740
428 749
428 853
428 892
429 529
429 733
429 745
430 597
430 649
430 662
430 686
430 821
430 853
430 937
431 443
431 447
431 455
431 492
431 587
431 602
431 603
431 687
431 798
431 849
431 873
431 932
431 939
431 949
432 438
432 464
432 527
432 669
432 696
432 814
432 858
432 871
433 446
433 500
433 521
433 529
433 729
433 773
433 781
433 827
433 836
433 853
433 886
434 477
434 504
434 693
434 723
434 740
434 791
434 812
435 449
435 471
435 480
435 510
435 522
435 584
435 588
435 635
435 673
435 873
436 682
436 769
436 893
436 910
436 926
437 441
437 469
437 527
437 559
437 708
437 809
437 814
437 871
438 446
438 457
438 512
438 576
438 687
438 696
438 705
438 814
438 830
438 858
438 865
438 933
439 451
439 464
439 472
439 502
439 574
439 595
439 641
439 669
439 741
439 750
439 814
439 854
439 870
439 927
440 501
440 526
440 614
440 665
440 725
440 822
440 829
440 893
440 912
440 916
441 509
441 538
441 708
441 819
442 476
442 498
442 543
442 617
442 780
442 924
442 934
442 955
443 450
443 492
443 537
443 603
443 643
443 755
443 768
443 798
443 849
444 448
444 458
444 487
444 508
444 683
444 724
444 774
444 811
445 458
445 485
445 496
445 571
445 621
445 645
445 757
445 825
445 854
446 457
446 576
446 597
446 747
446 767
446 773
446 781
446 853
446 865
447 557
447 572
447 587
447 602
447 611
447 644
447 673
447 713
447 790
447 842
447 873
448 484
448 506
448 519
448 724
448 808
448 852
448 954
449 510
449 572
449 584
449 599
449 633
449 649
449 718
449 873
450 453
450 602
450 643
450 681
450 732
450 736
450 798
450 883
450 939
451 468
451 472
451 533
451 640
451 657
451 741
451 761
451 814
451 929
452 483
452 513
452 539
452 901
452 921
453 681
453 732
453 736
453 755
453 768
453 798
453 883
453 928
453 957
454 544
454 561
454 578
454 625
454 639
454 729
454 737
454 751
454 758
454 784
454 794
454 874
454 888
454 940
455 525
455 687
455 714
455 810
455 830
455 858
455 865
455 932
455 939
455 949
456 475
456 498
456 558
456 646
456 682
456 698
456 752
456 885
457 576
457 593
457 618
457 684
457 743
457 753
457 865
457 915
457 918
458 508
458 562
458 618
458 621
458 730
458 757
458 774
458 811
458 852
458 869
459 467
459 477
459 481
459 546
459 650
459 691
459 770
459 835
459 861
459 866
460 528
460 549
460 611
460 624
460 642
460 655
460 720
460 727
460 764
460 867
460 913
461 511
461 522
461 533
461 590
461 619
461 626
461 661
461 737
461 758
461 784
461 832
461 891
461 909
461 954
462 504
462 516
462 744
462 902
463 481
463 624
463 748
463 826
463 831
463 895
464 472
464 502
464 527
464 574
464 592
464 595
464 669
464 807
464 854
464 870
465 587
465 607
465 691
465 693
465 736
465 791
466 482
466 548
466 599
466 632
466 688
466 694
466 719
466 850
466 860
466 900
466 911
467 541
467 546
467 555
467 587
467 748
467 770
467 781
467 812
467 816
467 866
467 950
468 533
468 624
468 626
468 640
468 657
468 675
468 703
468 774
468 780
468 784
468 789
468 904
468 909
469 559
469 667
469 674
469 707
469 735
469 809
469 850
469 871
469 872
469 884
469 952
470 476
470 483
470 583
470 640
470 707
470 722
470 739
470 760
470 929
471 490
471 510
471 588
471 649
471 673
471 767
471 847
472 592
472 669
472 670
472 741
472 759
472 807
472 814
472 907
473 494
473 523
473 604
473 706
473 790
473 823
473 834
473 944
474 484
474 506
474 533
474 642
474 675
474 703
474 715
474 779
474 811
474 856
474 864
474 895
475 518
475 646
475 663
475 682
475 688
475 787
475 803
475 837
475 887
475 946
476 483
476 539
476 583
476 616
476 672
476 722
476 760
476 890
476 955
477 504
477 550
477 635
477 791
477 812
477 816
477 835
477 861
478 524
478 600
478 609
478 616
478 627
478 697
478 721
478 792
478 824
478 839
478 878
478 905
478 908
478 914
479 571
479 628
479 647
479 709
479 804
479 840
480 522
480 552
480 633
480 635
480 852
480 877
480 909
481 555
481 650
481 691
481 693
481 748
481 771
481 866
482 556
482 586
482 599
482 605
482 694
482 802
482 850
482 851
482 887
482 920
483 583
483 722
483 760
483 772
483 792
483 838
483 876
484 508
484 519
484 675
484 808
484 852
484 954
485 489
485 496
485 559
485 571
485 574
485 645
485 885
486 550
486 634
486 666
486 686
486 740
486 812
486 821
486 950
487 683
487 689
487 802
487 817
487 959
488 524
488 570
488 579
488 663
488 690
488 698
488 881
488 925
489 559
489 574
489 636
489 825
489 854
489 885
489 929
489 952
490 493
490 649
490 756
490 847
490 916
491 507
491 531
491 568
491 620
491 660
491 742
491 815
491 906
492 557
492 581
492 602
492 603
492 691
492 714
492 798
492 806
492 830
492 849
492 939
493 569
493 916
493 948
494 523
494 622
494 706
494 787
494 799
494 818
494 956
495 497
495 502
495 505
495 560
495 596
495 630
495 673
495 718
495 765
495 777
495 884
496 571
496 645
496 699
496 804
496 829
496 958
497 560
497 586
497 596
497 630
497 670
497 673
497 718
497 846
497 848
497 870
497 922
498 558
498 752
498 780
498 924
498 930
498 934
499 520
499 792
499 859
499 901
499 927
499 959
500 502
500 521
500 628
500 670
500 729
500 734
500 836
500 886
500 899
500 923
501 578
501 665
501 685
501 725
501 868
501 893
501 926
502 574
502 595
502 670
502 777
502 854
502 870
502 884
502 899
502 923
503 598
503 684
503 712
503 762
503 786
503 797
503 815
503 913
503 947
504 671
504 791
504 812
505 639
505 677
505 765
505 800
505 826
505 846
506 533
506 637
506 642
506 675
506 703
506 715
506 763
506 808
506 811
506 895
507 606
507 660
507 712
507 742
507 815
507 906
508 689
508 724
508 774
508 808
508 811
509 538
509 575
509 577
509 680
509 706
509 731
509 801
509 837
509 956
510 585
510 588
510 633
510 673
510 679
511 536
511 544
511 551
511 565
511 659
511 737
511 738
511 758
511 891
511 909
511 940
512 525
512 687
512 688
512 705
512 830
512 933
513 554
513 772
513 783
513 838
513 859
513 901
513 921
514 527
514 680
514 696
514 708
514 731
514 819
514 865
515 609
515 766
515 813
515 820
515 847
516 671
516 744
516 791
516 899
517 567
517 752
517 789
517 796
517 879
517 888
517 945
518 643
518 663
518 697
518 803
518 847
518 917
518 946
519 596
519 728
519 738
519 759
519 763
519 766
519 843
519 852
519 864
519 954
520 792
520 817
520 894
520 901
520 927
521 576
521 650
521 729
521 733
521 747
521 836
521 886
521 950
522 582
522 590
522 633
522 635
522 666
522 784
522 832
522 849
522 954
523 564
523 566
523 706
523 756
523 834
523 919
524 562
524 579
524 616
524 628
524 792
524 833
524 839
524 881
524 914
525 632
525 705
525 714
525 810
525 858
525 865
525 887
526 614
526 636
526 638
526 707
526 778
526 795
526 805
526 822
526 829
526 899
526 902
526 953
527 669
527 814
527 865
528 611
528 613
528 655
528 720
528 764
528 770
528 895
528 913
529 733
529 827
530 540
530 545
530 551
530 560
530 648
530 654
530 725
530 728
530 795
530 805
530 822
530 890
531 568
531 606
531 620
531 734
531 743
531 793
531 797
531 840
531 869
531 941
531 947
532 536
532 565
532 601
532 625
532 711
532 728
532 875
532 891
532 940
533 619
533 626
533 640
533 642
533 657
533 661
533 703
533 715
533 811
533 895
534 591
534 643
534 798
534 917
534 946
535 536
535 569
535 601
535 702
535 800
535 851
535 875
535 911
536 544
536 551
536 565
536 601
536 625
536 702
536 711
536 738
537 607
537 700
537 736
537 755
537 768
537 776
537 844
537 883
537 937
538 708
538 819
538 871
539 591
539 616
539 617
539 672
539 716
539 722
539 890
540 551
540 553
540 560
540 614
540 699
540 722
540 728
540 795
540 890
540 914
541 570
541 812
541 816
541 861
541 866
541 878
542 558
542 593
542 644
542 674
542 730
542 749
542 764
542 793
542 931
542 934
543 546
543 617
543 815
543 862
543 866
543 867
544 551
544 565
544 738
544 751
544 784
544 891
544 940
545 575
545 654
545 695
545 725
545 756
545 805
545 841
546 770
546 786
546 815
546 862
546 955
547 573
547 709
547 721
547 820
547 824
547 839
547 855
547 861
547 863
547 878
547 935
548 589
548 605
548 610
548 632
548 645
548 683
548 688
548 689
548 719
548 802
548 859
548 894
548 944
549 613
549 615
549 727
549 828
549 931
549 957
550 582
550 634
550 635
550 650
550 686
550 740
550 781
550 816
550 821
550 877
551 560
551 565
551 637
551 728
551 738
551 779
551 795
551 843
551 890
552 575
552 710
552 799
552 837
552 877
553 640
553 722
553 914
554 589
554 615
554 631
554 635
554 704
554 772
554 783
554 943
555 587
555 693
555 748
555 771
555 781
555 950
556 586
556 630
556 702
556 851
556 875
556 900
556 911
556 948
557 572
557 623
557 673
557 691
557 764
557 790
557 842
557 897
557 939
557 951
558 617
558 619
558 674
558 752
558 775
558 789
558 930
558 934
558 955
559 563
559 574
559 809
559 825
559 871
559 885
559 953
560 596
560 630
560 673
560 718
560 728
560 795
560 851
560 890
560 900
561 578
561 629
561 661
561 664
561 685
561 729
561 758
561 794
561 855
561 893
562 618
562 628
562 692
562 730
562 833
562 852
562 869
562 918
562 941
563 574
563 636
563 658
563 735
563 739
563 757
563 778
563 822
563 825
563 953
564 566
564 605
564 608
564 656
564 756
564 880
564 919
564 944
565 601
565 738
565 874
565 875
566 600
566 604
566 645
566 725
566 756
566 788
566 823
566 880
566 889
566 919
567 664
567 698
567 879
567 888
567 903
568 606
568 616
568 712
568 717
568 726
568 742
568 743
568 793
568 797
568 947
569 788
569 800
569 841
569 875
570 573
570 690
570 861
571 614
571 645
571 782
571 804
571 958
572 588
572 599
572 649
572 673
572 718
572 766
572 790
572 842
573 631
573 709
573 855
573 863
573 878
573 906
574 595
574 825
574 854
574 870
574 885
574 953
575 799
575 837
575 841
576 650
576 747
576 773
576 810
576 865
576 933
576 950
577 632
577 646
577 680
577 706
577 731
577 787
577 799
577 801
577 837
577 956
578 629
578 674
578 685
578 729
578 758
578 794
578 868
579 647
579 803
579 860
579 881
580 813
580 898
581 602
581 622
581 714
581 806
581 830
581 882
581 932
581 949
582 633
582 650
582 666
582 767
582 781
582 821
582 849
582 877
583 638
583 657
583 722
583 735
583 760
583 942
584 679
584 743
584 826
584 842
584 873
585 612
585 679
585 769
585 783
585 828
585 844
585 938
585 943
586 670
586 851
586 870
586 879
586 903
586 922
587 602
587 691
587 736
587 748
587 781
587 873
587 950
588 673
588 718
588 766
589 590
589 610
589 631
589 635
589 645
589 656
589 802
589 943
589 944
590 608
590 627
590 656
590 784
590 803
590 832
590 925
590 954
591 617
591 643
591 716
591 722
591 732
591 775
592 641
592 750
592 807
592 876
592 927
593 730
593 747
593 749
593 753
593 773
593 793
593 842
593 858
593 918
594 776
594 849
594 910
595 759
595 854
595 870
595 907
596 630
596 673
596 718
596 728
596 738
596 763
596 766
596 864
596 905
597 649
597 666
597 686
597 747
597 767
597 877
598 652
598 660
598 684
598 712
598 797
598 947
599 649
599 718
599 850
600 627
600 645
600 721
600 823
600 880
600 889
601 702
601 728
601 874
601 891
601 940
602 714
602 806
602 830
602 873
602 939
603 798
603 849
603 935
603 946
604 610
604 725
604 788
604 823
604 834
604 919
604 944
605 656
605 683
605 689
605 694
605 802
605 859
605 880
605 887
605 894
605 920
606 672
606 712
606 743
606 793
606 797
606 845
606 914
606 947
607 771
607 791
607 883
607 937
608 627
608 803
608 839
608 889
608 908
608 925
608 936
608 944
609 697
609 766
609 813
609 820
609 824
609 835
609 878
609 905
609 908
610 645
610 802
610 804
610 880
610 919
610 942
610 944
610 958
611 644
611 655
611 713
611 761
611 764
611 897
611 913
611 957
612 769
612 783
612 796
612 828
612 844
612 910
612 926
612 938
612 943
613 704
613 720
613 727
613 931
613 938
613 957
614 699
614 782
614 822
614 829
614 958
615 704
615 828
615 857
615 938
616 672
616 712
616 717
616 726
616 792
616 839
616 890
616 914
617 619
617 716
617 722
617 775
617 789
617 930
617 955
618 684
618 730
618 743
618 749
618 852
618 853
618 869
618 892
618 915
619 626
619 661
619 775
619 780
619 789
619 930
619 945
619 955
620 651
620 701
620 726
620 845
621 715
621 724
621 749
621 757
621 904
621 915
621 941
621 954
622 750
622 807
622 932
622 956
623 713
623 764
623 786
623 897
623 951
624 626
624 642
624 675
624 720
624 774
624 826
624 831
624 867
624 895
624 904
625 639
625 711
625 737
625 874
625 888
625 948
626 661
626 675
626 703
626 741
626 774
626 904
627 721
627 803
627 925
627 936
628 647
628 734
628 833
628 840
629 664
629 674
629 685
629 737
629 751
629 836
629 855
629 893
630 648
630 673
630 718
630 738
630 805
630 911
631 635
631 742
631 762
631 775
631 906
631 924
631 943
632 646
632 688
632 705
632 719
632 799
632 887
633 666
633 849
633 852
633 909
634 662
634 667
634 686
634 740
634 771
634 892
635 816
635 943
636 638
636 658
636 707
636 854
636 953
637 658
637 675
637 763
637 779
637 843
637 864
638 657
638 707
638 735
638 739
638 777
638 809
638 922
638 953
639 737
639 826
639 874
639 888
639 903
639 945
640 657
640 707
640 739
641 669
641 687
641 714
641 750
641 800
641 807
641 927
642 703
642 715
642 720
642 811
642 863
642 867
642 882
642 895
644 652
644 713
644 720
644 761
644 764
644 897
644 931
645 802
645 823
645 880
645 889
645 944
646 682
646 799
646 917
646 925
647 690
647 782
647 829
647 840
647 890
648 665
648 738
648 795
648 805
648 822
648 841
648 896
649 686
649 718
649 847
650 691
650 747
650 781
650 821
650 866
650 877
650 950
651 668
651 677
651 701
651 794
651 836
651 848
652 720
652 752
652 761
652 897
652 913
652 947
653 769
653 776
653 844
653 857
653 883
653 928
654 665
654 695
654 725
654 805
654 823
654 912
654 919
655 741
655 761
655 764
655 897
655 913
655 957
656 783
656 880
656 906
657 735
658 864
658 907
659 681
659 755
659 940
660 762
660 797
660 815
660 862
660 906
661 676
661 685
662 740
662 771
662 821
662 937
663 698
663 803
663 832
663 925
663 936
663 946
664 698
664 824
664 831
664 855
664 868
664 882
664 893
664 903
665 695
665 725
665 795
665 823
665 841
665 893
665 896
665 919
666 849
666 877
666 950
667 674
667 676
667 678
667 892
668 677
668 701
668 765
668 794
668 836
669 670
669 750
669 759
669 907
669 927
670 759
670 870
670 899
670 907
670 922
670 923
671 723
671 791
671 816
672 721
672 833
672 845
672 876
672 890
672 901
672 908
672 914
673 718
673 790
673 842
674 934
675 763
675 774
675 904
676 678
676 746
677 726
677 794
677 800
677 836
677 846
678 746
679 684
679 765
679 793
679 826
679 842
679 848
680 706
680 731
680 801
680 837
680 881
680 956
681 700
681 732
681 736
681 755
681 768
681 798
681 857
681 883
681 931
681 942
682 716
682 769
682 796
683 689
683 859
683 894
684 712
684 743
684 765
684 793
684 848
684 915
685 737
685 751
685 836
685 868
686 740
687 705
687 714
687 800
687 807
687 830
687 932
687 933
687 939
687 949
688 719
688 787
688 837
688 887
689 724
689 817
689 859
689 894
690 734
690 782
690 829
690 890
691 736
691 866
691 939
692 753
692 810
692 918
692 941
693 723
693 740
693 771
694 802
694 860
694 872
694 887
694 900
694 911
694 920
695 756
695 788
695 823
695 919
696 708
696 731
696 801
696 814
696 819
696 858
697 711
697 824
697 847
697 874
697 878
697 905
697 908
697 917
697 935
698 885
698 903
698 925
699 757
699 778
699 782
699 804
699 829
699 912
700 704
700 736
700 768
700 776
700 828
700 844
700 857
700 928
700 931
700 942
701 729
701 765
702 875
702 900
702 948
703 715
703 741
703 780
703 784
703 789
703 811
703 895
703 909
704 727
704 828
704 928
704 938
705 830
705 887
705 933
706 731
706 785
706 801
706 818
706 837
706 956
707 735
707 739
707 850
707 872
707 884
707 952
707 953
708 731
708 819
709 855
709 863
709 878
710 754
710 777
711 751
711 758
711 874
711 935
712 717
712 726
713 770
713 786
713 867
713 951
714 800
714 806
714 807
714 810
714 830
714 858
714 865
715 724
715 774
715 811
715 817
715 895
715 904
716 722
716 796
716 924
717 726
717 845
719 920
720 761
720 867
720 897
721 820
721 833
721 839
721 876
721 901
721 908
721 935
722 760
722 914
723 740
723 744
723 816
724 904
725 788
725 805
725 893
726 845
727 938
728 738
728 763
728 766
728 795
728 864
728 890
728 891
728 940
729 758
729 794
729 836
729 886
730 749
730 793
730 852
730 869
730 915
731 801
731 819
731 837
731 956
732 736
732 775
732 798
732 883
734 840
734 869
734 941
735 739
735 757
735 778
735 822
735 850
735 872
735 884
735 952
736 776
736 798
736 844
736 883
737 751
737 758
737 836
737 874
737 888
737 891
737 909
738 763
738 766
738 805
738 864
739 757
739 777
739 778
739 809
739 822
739 922
741 814
742 762
742 775
742 924
743 793
743 797
743 915
743 947
744 794
744 923
747 767
747 773
747 842
747 858
747 950
748 781
748 950
749 793
749 853
749 892
749 915
749 941
749 954
750 807
750 876
750 927
751 758
751 784
751 836
751 940
752 796
752 913
752 945
753 810
753 869
753 918
754 860
754 884
754 922
755 768
755 928
755 957
756 919
757 778
757 782
757 822
757 912
758 794
758 891
758 909
759 843
759 907
760 785
760 918
760 933
761 897
761 929
761 957
762 775
762 815
762 862
762 924
762 947
763 766
763 779
763 864
764 897
764 913
764 931
764 951
765 793
765 848
766 813
766 820
766 864
768 857
768 931
768 942
769 776
769 783
769 828
769 938
769 943
770 867
770 895
770 951
772 783
772 792
772 838
772 876
772 894
772 921
772 959
773 781
773 810
773 842
773 853
773 858
773 933
774 811
774 817
774 904
775 789
775 924
775 930
775 955
776 844
777 809
777 884
777 922
778 782
778 795
778 805
778 822
778 899
778 902
778 912
779 843
779 856
779 864
780 784
780 789
780 909
780 924
780 934
780 945
781 821
781 853
781 877
781 950
782 829
782 890
782 912
782 958
783 828
783 906
783 938
783 943
784 789
784 832
784 909
784 940
784 954
785 818
785 856
785 892
786 797
786 862
786 913
786 955
787 799
787 818
787 837
787 887
788 841
789 909
789 930
789 955
790 842
790 872
791 812
792 838
792 839
792 876
792 901
792 914
792 927
793 797
793 848
793 947
794 836
794 923
795 805
795 841
795 890
795 896
795 899
795 902
796 910
796 926
796 945
797 913
797 947
798 849
798 883
799 818
799 837
800 807
800 846
800 875
801 837
801 956
802 887
802 920
802 944
802 959
803 860
803 925
803 946
804 829
804 880
804 942
804 958
805 899
805 902
806 830
806 831
806 863
806 932
806 949
808 843
809 871
809 922
809 952
810 858
810 865
810 933
811 885
811 895
811 904
812 816
812 821
812 866
813 820
813 827
813 898
814 858
815 906
815 947
816 866
818 827
818 834
818 956
819 871
820 839
820 905
820 935
821 877
821 937
822 829
823 834
823 880
823 889
823 919
823 944
824 831
824 861
824 868
824 878
824 882
824 905
824 908
825 854
825 929
825 952
825 953
826 831
826 842
826 895
827 834
827 956
828 928
828 938
828 943
829 890
830 933
831 863
831 868
831 882
831 895
831 932
832 936
832 954
833 876
833 901
833 908
834 944
834 956
835 861
835 898
836 886
837 887
837 956
838 859
838 876
838 921
838 943
839 889
839 908
839 914
839 935
839 936
840 869
840 886
840 896
840 923
840 941
841 896
842 858
845 914
846 848
846 881
846 888
847 917
850 872
850 884
850 952
851 900
851 911
852 869
852 909
852 954
853 892
854 870
855 863
855 868
855 878
855 879
855 893
856 864
856 892
857 883
857 928
857 931
857 938
857 942
858 865
859 894
859 959
860 900
860 911
862 866
862 867
862 955
863 878
863 882
863 932
866 867
867 951
868 879
868 882
869 941
870 886
870 902
870 922
872 884
872 952
874 888
874 935
875 900
875 948
876 901
876 908
878 905
878 908
879 888
879 903
880 889
880 942
880 958
881 888
882 949
883 928
883 937
884 922
884 952
885 904
886 896
886 902
886 923
887 920
889 908
889 916
889 936
891 909
891 940
893 910
894 921
894 959
896 923
897 951
897 957
899 902
899 923
900 911
900 948
901 908
901 921
901 927
903 945
905 908
908 936
910 926
912 916
915 941
915 954
917 925
917 946
918 933
918 941
921 943
921 959
924 934
928 957
929 952
930 934
930 955
931 942
931 957
932 939
932 949
935 946
938 943
939 949
941 954
942 958
