1008 8228
0 76
0 145
0 243
0 259
0 262
0 276
0 307
0 385
0 686
0 843
0 886
1 130
1 191
1 247
1 345
1 364
1 384
1 462
1 527
1 543
1 552
1 613
1 630
1 638
1 694
1 749
1 803
1 890
1 957
1 967
2 70
2 199
2 211
2 215
2 226
2 315
2 420
2 463
2 464
2 480
2 504
2 560
2 583
2 598
2 599
2 785
2 820
2 829
2 900
3 63
3 165
3 180
3 273
3 330
3 382
3 447
3 619
3 677
3 789
3 952
4 97
4 197
4 201
4 249
4 264
4 273
4 320
4 332
4 354
4 398
4 617
4 620
4 636
4 700
4 729
4 934
4 936
5 125
5 141
5 213
5 228
5 232
5 372
5 439
5 555
5 608
5 649
5 701
5 733
5 792
5 953
5 978
6 34
6 36
6 208
6 290
6 327
6 354
6 360
6 362
6 388
6 512
6 527
6 641
6 726
6 741
6 990
7 50
7 99
7 105
7 179
7 271
7 274
7 297
7 484
7 486
7 515
7 519
7 553
7 559
7 625
7 648
7 671
7 679
7 689
7 807
7 829
7 860
8 57
8 58
8 271
8 297
8 341
8 350
8 361
8 415
8 461
8 733
8 762
8 807
8 814
8 897
8 954
8 1005
8 1006
9 13
9 35
9 69
9 93
9 151
9 237
9 292
9 315
9 482
9 487
9 589
9 716
9 773
9 816
9 840
9 865
9 903
9 985
9 992
10 55
10 96
10 166
10 347
10 408
10 430
10 676
10 799
10 1004
11 41
11 52
11 109
11 231
11 253
11 260
11 290
11 352
11 400
11 465
11 503
11 520
11 578
11 712
11 732
11 790
11 875
11 940
11 951
12 114
12 125
12 190
12 209
12 213
12 228
12 311
12 576
12 755
12 792
12 860
12 897
12 1005
13 151
13 163
13 179
13 188
13 195
13 237
13 266
13 315
13 355
13 420
13 473
13 482
13 504
13 583
13 816
13 992
14 23
14 54
14 91
14 170
14 270
14 294
14 376
14 409
14 438
14 452
14 483
14 514
14 582
14 607
14 655
14 660
14 766
14 910
14 932
15 74
15 160
15 172
15 226
15 263
15 302
15 474
15 535
15 539
15 546
15 571
15 606
15 634
15 700
15 810
15 864
15 883
16 98
16 105
16 114
16 119
16 170
16 287
16 342
16 446
16 483
16 525
16 707
16 756
16 883
16 910
16 932
16 942
16 948
16 989
16 995
17 91
17 167
17 300
17 373
17 380
17 386
17 496
17 541
17 707
17 759
17 781
17 832
17 892
17 939
17 965
17 989
17 994
18 54
18 152
18 242
18 323
18 342
18 392
18 419
18 614
18 683
18 727
18 873
18 886
18 908
18 921
18 958
18 972
18 989
19 200
19 209
19 245
19 250
19 285
19 295
19 346
19 414
19 415
19 459
19 469
19 490
19 672
19 720
19 762
19 850
19 954
19 1003
19 1006
20 37
20 110
20 230
20 265
20 317
20 336
20 398
20 506
20 528
20 537
20 555
20 575
20 736
20 741
20 839
20 846
20 905
21 128
21 214
21 225
21 356
21 357
21 408
21 417
21 503
21 578
21 640
21 712
21 717
21 863
21 875
21 877
22 56
22 83
22 86
22 87
22 210
22 349
22 642
22 732
22 831
22 837
22 877
22 891
22 961
23 53
23 54
23 91
23 119
23 134
23 409
23 452
23 471
23 483
23 607
23 616
23 717
23 728
23 780
23 856
23 910
23 919
23 995
24 117
24 198
24 216
24 236
24 374
24 498
24 543
24 572
24 610
24 681
24 721
24 725
24 823
24 861
24 902
25 29
25 49
25 82
25 105
25 220
25 231
25 294
25 367
25 428
25 467
25 568
25 591
25 601
25 711
25 888
26 117
26 124
26 184
26 281
26 468
26 519
26 536
26 552
26 565
26 690
26 760
26 815
26 816
26 959
26 964
27 28
27 49
27 230
27 258
27 294
27 312
27 400
27 421
27 428
27 452
27 568
27 582
27 631
27 858
27 932
28 62
28 64
28 135
28 150
28 167
28 230
28 258
28 294
28 512
28 514
28 631
28 730
28 736
28 778
28 869
28 888
28 893
28 982
29 139
29 154
29 185
29 220
29 282
29 365
29 367
29 387
29 563
29 568
29 600
29 705
29 766
29 771
29 818
29 858
29 888
29 923
30 35
30 101
30 112
30 220
30 234
30 339
30 387
30 394
30 397
30 445
30 494
30 771
30 776
30 804
30 812
30 816
30 818
30 871
30 887
31 104
31 112
31 227
31 252
31 515
31 566
31 661
31 692
31 854
31 889
31 899
31 923
31 933
32 35
32 42
32 92
32 125
32 232
32 257
32 268
32 336
32 396
32 492
32 524
32 565
32 585
32 595
32 649
32 701
32 828
32 831
32 918
33 109
33 206
33 242
33 410
33 414
33 431
33 471
33 545
33 557
33 707
33 718
33 731
33 759
33 844
33 877
33 987
33 996
34 118
34 135
34 173
34 233
34 354
34 360
34 362
34 527
34 726
34 741
34 772
34 786
34 935
34 940
35 69
35 92
35 93
35 101
35 232
35 257
35 292
35 339
35 394
35 589
35 595
35 716
35 804
35 816
35 818
35 840
36 118
36 208
36 290
36 327
36 352
36 526
36 712
36 726
36 730
36 793
36 852
36 940
37 62
37 64
37 110
37 258
37 331
37 367
37 389
37 506
37 541
37 605
37 736
37 758
37 826
37 846
38 42
38 83
38 101
38 132
38 189
38 232
38 233
38 237
38 281
38 327
38 329
38 358
38 468
38 565
38 687
38 760
38 828
38 891
38 937
39 108
39 129
39 131
39 304
39 310
39 458
39 542
39 561
39 678
39 718
39 801
39 890
39 951
39 960
39 967
40 65
40 67
40 198
40 216
40 303
40 374
40 513
40 552
40 745
40 861
40 896
40 901
40 973
41 56
41 289
41 290
41 319
41 410
41 527
41 533
41 578
41 790
41 793
41 850
41 852
41 940
41 947
42 83
42 122
42 125
42 189
42 232
42 292
42 329
42 336
42 396
42 492
42 585
42 622
42 649
42 701
42 760
42 804
42 937
43 44
43 80
43 84
43 163
43 202
43 205
43 333
43 335
43 345
43 368
43 456
43 463
43 508
43 532
43 551
43 618
43 656
43 849
43 873
43 920
43 988
44 63
44 108
44 115
44 163
44 178
44 368
44 456
44 463
44 532
44 619
44 654
44 666
44 697
44 824
44 968
44 988
45 107
45 128
45 206
45 363
45 401
45 407
45 409
45 418
45 471
45 640
45 732
45 780
45 844
45 995
45 996
46 181
46 186
46 429
46 450
46 509
46 518
46 673
46 681
46 813
46 879
46 885
47 66
47 175
47 176
47 193
47 196
47 231
47 312
47 316
47 317
47 345
47 403
47 423
47 442
47 448
47 619
47 798
47 826
47 832
47 945
48 77
48 199
48 207
48 426
48 436
48 517
48 547
48 648
48 714
48 738
48 775
48 853
48 997
49 105
49 312
49 400
49 467
49 568
49 582
49 591
49 600
49 601
49 605
49 711
49 771
49 893
50 85
50 105
50 124
50 174
50 274
50 281
50 303
50 405
50 519
50 521
50 531
50 543
50 679
50 774
50 807
50 841
50 860
50 959
51 88
51 195
51 221
51 309
51 318
51 399
51 457
51 534
51 566
51 586
51 611
51 675
51 746
51 808
51 867
51 949
51 955
51 978
51 984
52 109
52 177
52 214
52 278
52 352
52 357
52 411
52 465
52 503
52 643
52 662
52 732
52 823
52 875
53 55
53 113
53 119
53 137
53 187
53 407
53 471
53 503
53 584
53 616
53 640
53 645
53 717
53 728
53 780
53 863
54 66
54 91
54 323
54 409
54 446
54 452
54 483
54 659
54 781
54 910
54 965
54 989
55 187
55 225
55 347
55 407
55 408
55 411
55 503
55 580
55 863
56 83
56 116
56 285
56 319
56 371
56 527
56 533
56 588
56 612
56 642
56 732
56 831
56 835
56 837
56 852
56 871
56 877
57 58
57 275
57 341
57 459
57 461
57 469
57 502
57 515
57 577
57 613
57 787
57 800
57 825
57 870
57 897
57 914
57 954
57 1006
58 60
58 102
58 104
58 341
58 459
58 461
58 469
58 625
58 723
58 749
58 782
58 783
58 797
58 897
58 927
58 954
58 1006
59 71
59 89
59 202
59 227
59 247
59 333
59 368
59 448
59 453
59 457
59 460
59 472
59 530
59 572
59 618
59 633
59 651
59 673
59 889
60 102
60 139
60 212
60 371
60 459
60 485
60 502
60 522
60 639
60 693
60 783
60 870
60 896
60 927
61 77
61 235
61 282
61 288
61 358
61 436
61 454
61 467
61 511
61 590
61 621
61 775
61 853
62 167
62 331
62 451
62 537
62 575
62 736
62 758
62 826
62 836
62 869
62 888
62 893
62 982
63 262
63 330
63 338
63 369
63 370
63 549
63 654
63 677
63 697
63 722
63 785
64 135
64 150
64 258
64 265
64 308
64 367
64 389
64 428
64 512
64 514
64 541
64 582
64 605
64 730
64 758
64 778
64 982
65 72
65 75
65 198
65 236
65 309
65 456
65 564
65 627
65 698
65 784
65 915
65 973
66 175
66 300
66 384
66 403
66 404
66 442
66 446
66 553
66 650
66 659
66 781
66 798
66 814
66 832
66 945
66 965
66 986
67 296
67 374
67 437
67 529
67 554
67 586
67 725
67 745
67 822
67 862
67 896
67 901
67 939
67 999
68 180
68 211
68 273
68 305
68 306
68 332
68 334
68 340
68 424
68 476
68 479
68 539
68 603
68 677
68 691
68 729
68 789
68 806
68 936
69 93
69 133
69 147
69 161
69 292
69 320
69 443
69 444
69 450
69 518
69 589
69 716
69 742
69 752
69 767
69 827
69 840
70 215
70 301
70 315
70 334
70 369
70 420
70 422
70 426
70 463
70 464
70 470
70 477
70 504
70 510
70 535
70 570
70 583
70 829
71 78
71 126
71 202
71 217
71 247
71 318
71 333
71 368
71 448
71 530
71 618
71 651
71 661
71 670
71 681
71 710
71 788
71 854
72 142
72 236
72 366
72 498
72 538
72 610
72 739
72 784
72 851
72 861
73 111
73 223
73 268
73 329
73 380
73 381
73 417
73 523
73 567
73 584
73 604
73 704
73 753
73 795
73 925
73 971
73 977
74 92
74 93
74 172
74 440
74 474
74 539
74 571
74 622
74 700
74 791
74 810
74 929
75 115
75 215
75 266
75 309
75 333
75 456
75 564
75 627
75 654
75 698
75 764
75 769
75 881
75 891
75 915
75 920
75 964
75 988
76 80
76 146
76 149
76 194
76 243
76 254
76 259
76 262
76 307
76 475
76 674
76 718
76 795
76 941
76 976
76 1000
77 235
77 288
77 454
77 510
77 517
77 598
77 648
77 714
77 738
77 853
77 997
78 217
78 252
78 472
78 494
78 563
78 618
78 651
78 661
78 670
78 802
78 849
78 889
78 899
78 915
79 146
79 147
79 169
79 219
79 342
79 355
79 413
79 429
79 542
79 556
79 609
79 667
79 752
79 761
79 767
79 821
79 840
79 855
79 867
80 84
80 133
80 149
80 205
80 254
80 333
80 392
80 475
80 497
80 508
80 551
80 777
80 855
80 873
80 879
80 941
80 1007
81 103
81 136
81 249
81 250
81 299
81 316
81 361
81 382
81 416
81 532
81 549
81 587
81 608
81 654
81 666
81 695
81 703
81 801
81 968
82 231
82 294
82 312
82 331
82 352
82 400
82 423
82 428
82 544
82 561
82 578
82 591
82 628
82 658
82 798
82 866
82 905
82 913
83 189
83 232
83 329
83 430
83 524
83 642
83 732
83 760
83 809
83 831
83 837
83 877
83 937
84 205
84 219
84 241
84 323
84 333
84 419
84 425
84 466
84 508
84 551
84 727
84 730
84 747
84 756
84 873
84 987
84 991
85 124
85 138
85 205
85 281
85 303
85 369
85 405
85 433
85 474
85 531
85 536
85 543
85 669
85 750
85 763
85 815
85 820
85 926
86 96
86 207
86 210
86 322
86 325
86 349
86 430
86 454
86 680
86 708
86 765
86 956
87 109
87 128
87 189
87 349
87 524
87 533
87 612
87 680
87 708
87 837
87 891
87 961
88 164
88 183
88 246
88 318
88 355
88 359
88 406
88 427
88 457
88 566
88 586
88 611
88 627
88 746
88 857
88 949
88 953
88 984
89 190
89 202
89 207
89 217
89 235
89 472
89 538
89 632
89 633
89 670
89 692
89 876
89 889
89 949
90 94
90 123
90 196
90 300
90 403
90 423
90 442
90 556
90 574
90 659
90 672
90 702
90 1002
91 300
91 409
91 446
91 452
91 483
91 496
91 614
91 727
91 832
91 910
91 989
92 122
92 232
92 257
92 270
92 535
92 595
92 622
92 778
92 900
92 929
93 234
93 292
93 440
93 500
93 589
93 716
93 770
93 791
93 840
94 112
94 123
94 153
94 175
94 196
94 300
94 388
94 423
94 474
94 476
94 563
94 659
94 702
94 772
94 841
94 847
94 868
94 945
95 176
95 284
95 286
95 302
95 336
95 439
95 505
95 594
95 635
95 655
95 706
95 905
95 919
96 166
96 251
96 278
96 306
96 580
96 668
96 708
96 799
96 956
97 245
97 249
97 299
97 332
97 652
97 703
97 757
97 842
97 968
97 980
98 105
98 206
98 241
98 287
98 389
98 431
98 496
98 525
98 557
98 707
98 869
98 883
98 910
98 921
98 965
98 994
99 251
99 271
99 344
99 363
99 401
99 479
99 481
99 484
99 486
99 553
99 616
99 648
99 671
99 845
99 859
99 878
99 894
100 114
100 256
100 324
100 377
100 484
100 487
100 550
100 586
100 597
100 602
100 645
100 724
100 748
100 772
100 848
100 990
100 997
101 184
101 188
101 237
101 281
101 339
101 394
101 468
101 558
101 583
101 716
101 804
101 816
101 818
101 828
101 903
101 998
102 154
102 159
102 162
102 182
102 328
102 459
102 502
102 569
102 783
102 835
102 870
102 901
102 927
103 136
103 165
103 259
103 330
103 340
103 361
103 470
103 540
103 549
103 587
103 608
103 684
103 697
103 722
103 820
103 968
103 975
103 981
104 227
104 252
104 274
104 343
104 350
104 464
104 469
104 473
104 515
104 577
104 625
104 671
104 723
104 749
104 782
104 797
104 854
105 274
105 287
105 467
105 519
105 525
105 601
105 679
105 707
105 711
105 807
105 860
105 883
105 910
106 291
106 324
106 437
106 597
106 607
106 626
106 748
106 755
106 794
106 805
106 848
106 865
106 942
106 972
106 984
107 168
107 344
107 401
107 471
107 486
107 545
107 664
107 845
107 859
107 892
108 115
108 131
108 178
108 261
108 390
108 416
108 458
108 542
108 619
108 666
108 754
108 801
108 824
108 890
108 960
108 962
108 968
109 128
109 189
109 349
109 352
109 465
109 471
109 503
109 524
109 533
109 557
109 612
109 732
109 875
109 877
109 996
110 174
110 212
110 314
110 329
110 391
110 451
110 506
110 546
110 587
110 645
110 646
110 736
110 819
110 836
110 846
110 901
110 918
111 143
111 218
111 298
111 380
111 381
111 643
111 735
111 753
111 795
111 925
111 971
111 979
112 175
112 220
112 388
112 445
112 476
112 494
112 563
112 661
112 771
112 772
112 776
112 812
112 847
112 889
112 923
112 933
113 136
113 137
113 256
113 268
113 377
113 388
113 506
113 584
113 597
113 640
113 645
113 648
113 734
113 819
113 836
113 935
113 937
113 963
114 190
114 209
114 228
114 311
114 342
114 377
114 483
114 550
114 586
114 602
114 748
114 755
114 756
114 848
114 897
114 942
115 178
115 215
115 266
115 330
115 333
115 338
115 532
115 619
115 654
115 666
115 824
115 881
115 920
115 968
116 155
116 185
116 272
116 285
116 371
116 397
116 445
116 491
116 500
116 573
116 588
116 612
116 615
116 776
116 818
116 835
116 871
116 981
117 129
117 198
117 303
117 374
117 468
117 498
117 519
117 536
117 543
117 552
117 638
117 694
117 782
117 800
117 815
117 898
117 959
118 150
118 233
118 290
118 352
118 362
118 425
118 712
118 786
118 793
118 852
118 940
119 170
119 409
119 446
119 471
119 488
119 616
119 626
119 635
119 660
119 717
119 728
119 780
119 932
119 948
119 989
119 995
120 132
120 208
120 260
120 288
120 337
120 358
120 436
120 544
120 590
120 699
120 711
120 713
120 723
120 760
120 769
120 786
120 828
120 914
120 961
121 140
121 173
121 353
121 453
121 495
121 512
121 854
121 884
121 991
122 270
122 292
122 535
122 571
122 595
122 622
122 649
122 778
122 791
122 804
122 900
123 196
123 255
123 300
123 403
123 413
123 423
123 442
123 659
123 702
123 912
123 1003
124 184
124 281
124 303
124 405
124 468
124 531
124 543
124 565
124 760
124 764
124 816
124 904
125 336
125 396
125 492
125 576
125 585
125 608
125 701
125 733
125 792
125 953
125 978
126 161
126 177
126 181
126 202
126 216
126 318
126 393
126 498
126 572
126 673
126 681
126 682
126 710
126 788
126 813
126 822
126 854
126 911
127 155
127 171
127 190
127 272
127 365
127 402
127 491
127 812
127 859
127 871
127 878
127 880
127 943
127 962
127 975
128 189
128 206
128 214
128 349
128 357
128 524
128 533
128 578
128 612
128 712
128 732
128 780
128 844
128 863
128 877
129 130
129 253
129 303
129 544
129 638
129 678
129 694
129 782
129 800
129 898
129 967
130 191
130 253
130 310
130 543
130 544
130 552
130 613
130 749
130 898
130 960
130 967
131 191
131 238
131 289
131 319
131 360
131 458
131 462
131 539
131 542
131 617
131 694
131 801
131 890
131 960
131 966
132 157
132 233
132 253
132 288
132 327
132 358
132 436
132 565
132 590
132 644
132 687
132 711
132 713
132 787
132 797
132 866
132 891
133 147
133 169
133 392
133 443
133 444
133 450
133 497
133 592
133 742
133 752
133 777
133 855
133 879
133 941
133 1007
134 286
134 488
134 594
134 607
134 635
134 794
134 856
134 919
134 985
134 995
135 140
135 150
135 173
135 512
135 514
135 641
135 726
135 730
135 772
135 778
135 884
135 935
136 256
136 263
136 268
136 277
136 361
136 391
136 505
136 506
136 549
136 587
136 608
136 734
136 836
136 916
136 937
136 968
137 385
137 475
137 523
137 581
137 584
137 592
137 620
137 624
137 640
137 645
137 653
137 704
137 930
137 946
137 971
138 153
138 175
138 205
138 305
138 474
138 521
138 562
138 606
138 617
138 669
138 702
138 750
138 791
138 810
138 815
138 864
138 926
138 929
139 154
139 212
139 282
139 328
139 371
139 518
139 639
139 682
139 693
139 705
139 766
139 771
139 806
139 858
139 870
139 896
139 934
140 227
140 353
140 495
140 641
140 710
140 884
140 991
141 164
141 194
141 209
141 232
141 341
141 372
141 396
141 399
141 439
141 492
141 555
141 644
141 649
141 699
141 792
141 925
142 159
142 199
142 240
142 267
142 283
142 321
142 339
142 366
142 395
142 441
142 510
142 522
142 538
142 610
142 665
142 669
142 739
142 796
143 218
143 223
143 375
143 593
143 825
143 927
143 930
143 979
144 162
144 167
144 245
144 266
144 371
144 389
144 463
144 530
144 695
144 737
144 744
144 842
144 849
144 907
144 938
145 254
145 276
145 307
145 370
145 653
145 684
145 686
145 886
145 950
145 976
146 147
146 194
146 219
146 276
146 342
146 441
146 542
146 667
146 674
146 718
146 750
146 761
146 768
146 795
146 958
146 976
146 1000
147 195
147 219
147 255
147 342
147 443
147 444
147 450
147 542
147 609
147 667
147 742
147 752
147 761
147 857
147 1002
148 149
148 152
148 169
148 181
148 186
148 320
148 443
148 508
148 509
148 777
148 830
148 879
148 969
149 152
149 169
149 186
149 254
149 368
149 419
149 443
149 475
149 497
149 508
149 747
149 817
149 920
149 926
149 941
149 969
150 290
150 425
150 495
150 512
150 514
150 526
150 730
150 747
150 778
150 873
150 906
151 237
151 244
151 315
151 322
151 359
151 482
151 534
151 558
151 647
151 816
151 986
151 992
151 998
152 169
152 186
152 392
152 443
152 508
152 579
152 683
152 727
152 751
152 796
152 886
152 958
152 969
152 972
152 993
152 1007
153 305
153 405
153 435
153 441
153 474
153 536
153 551
153 606
153 617
153 791
153 810
153 817
153 841
153 864
153 868
153 929
153 945
154 161
154 162
154 182
154 264
154 282
154 328
154 502
154 639
154 691
154 705
154 766
154 771
154 835
154 858
154 885
154 901
155 162
155 295
155 348
155 365
155 397
155 402
155 445
155 500
155 533
155 615
155 642
155 693
155 812
155 818
155 871
155 880
155 975
156 244
156 271
156 274
156 461
156 493
156 553
156 559
156 596
156 659
156 762
156 803
156 814
156 832
156 845
156 894
156 963
156 997
157 253
157 283
157 337
157 372
157 396
157 402
157 427
157 590
157 644
157 675
157 699
157 783
157 787
157 797
157 825
157 866
157 895
157 981
158 170
158 193
158 263
158 284
158 286
158 331
158 376
158 452
158 555
158 585
158 623
158 626
158 655
158 706
158 709
158 778
158 856
159 267
159 283
159 285
159 321
159 339
159 348
159 395
159 485
159 522
159 569
159 870
160 263
160 302
160 334
160 412
160 431
160 483
160 525
160 546
160 560
160 601
160 606
160 634
160 679
160 688
160 883
160 948
160 994
161 181
161 264
161 320
161 518
161 572
161 639
161 682
161 691
161 767
161 813
161 827
161 885
162 182
162 295
162 328
162 348
162 371
162 397
162 502
162 533
162 642
162 693
162 737
162 835
162 901
163 179
163 188
163 215
163 266
163 368
163 420
163 456
163 463
163 473
163 489
163 504
163 532
163 737
163 757
163 907
163 988
164 246
164 399
164 406
164 427
164 492
164 627
164 644
164 675
164 699
164 723
164 746
164 787
164 953
165 180
165 273
165 340
165 378
165 424
165 447
165 722
165 916
165 952
165 975
165 981
166 192
166 210
166 411
166 479
166 668
166 680
166 799
166 931
166 956
167 245
167 389
167 530
167 541
167 695
167 707
167 736
167 781
167 849
167 869
167 888
167 893
167 907
167 982
167 994
168 272
168 306
168 311
168 418
168 481
168 486
168 632
168 664
168 728
168 845
168 859
168 878
168 880
168 894
168 931
169 186
169 429
169 443
169 508
169 592
169 609
169 767
169 821
169 840
169 855
169 941
169 969
170 284
170 294
170 438
170 446
170 452
170 582
170 623
170 626
170 766
170 778
170 856
170 932
170 948
170 989
170 995
171 204
171 272
171 418
171 616
171 629
171 663
171 754
171 801
171 824
171 962
172 314
172 412
172 474
172 477
172 505
172 525
172 539
172 571
172 606
172 688
172 700
172 709
172 810
172 864
172 900
173 258
173 270
173 353
173 425
173 512
173 526
173 623
173 641
173 726
173 772
173 935
173 982
174 212
174 241
174 242
174 293
174 314
174 476
174 507
174 521
174 546
174 646
174 657
174 774
174 834
174 836
174 841
174 901
174 959
175 388
175 403
175 442
175 476
175 521
175 562
175 563
175 702
175 772
175 798
175 810
175 832
175 847
175 945
176 193
176 196
176 231
176 286
176 312
176 317
176 439
176 575
176 585
176 628
176 826
176 846
176 905
177 214
177 216
177 230
177 308
177 393
177 498
177 605
177 637
177 643
177 662
177 673
177 822
177 823
177 888
177 902
177 911
177 972
178 196
178 247
178 316
178 382
178 447
178 619
178 656
178 666
178 677
178 798
178 824
178 968
179 188
179 266
179 297
179 321
179 394
179 420
179 464
179 473
179 493
179 504
179 515
179 559
179 625
179 689
179 829
179 986
180 251
180 273
180 305
180 332
180 422
180 447
180 507
180 539
180 560
180 691
180 729
180 806
180 847
180 931
180 936
180 952
181 429
181 450
181 509
181 572
181 682
181 777
181 813
182 198
182 212
182 328
182 451
182 502
182 506
182 513
182 554
182 634
182 688
182 774
182 834
182 835
182 896
182 901
182 999
183 280
183 322
183 355
183 359
183 379
183 490
183 534
183 611
183 765
183 857
183 939
183 955
183 983
183 992
183 998
184 188
184 237
184 257
184 292
184 321
184 387
184 445
184 558
184 565
184 583
184 715
184 716
184 760
184 816
184 903
184 998
185 272
185 365
185 387
185 390
185 397
185 491
185 563
185 573
185 600
185 629
185 776
185 812
185 818
185 923
185 981
186 201
186 443
186 508
186 777
186 813
186 827
186 879
186 969
187 192
187 225
187 278
187 407
187 408
187 503
187 676
187 799
187 863
188 266
188 315
188 420
188 473
188 504
188 558
188 583
188 716
188 857
188 867
188 903
188 998
189 232
189 325
189 329
189 349
189 524
189 533
189 612
189 760
189 831
189 937
189 1004
190 207
190 209
190 217
190 228
190 235
190 311
190 491
190 538
190 632
190 755
190 859
190 876
190 878
190 897
190 943
191 229
191 319
191 360
191 404
191 448
191 543
191 552
191 596
191 613
191 638
191 656
191 694
191 749
191 966
191 967
191 970
192 214
192 278
192 408
192 411
192 465
192 479
192 580
192 931
192 956
193 196
193 231
193 312
193 317
193 331
193 655
193 736
193 758
193 826
193 913
194 209
194 269
194 298
194 341
194 386
194 396
194 548
194 567
194 674
194 704
194 718
194 795
194 925
194 976
194 979
194 1000
195 255
195 355
195 534
195 583
195 609
195 746
195 857
195 867
195 955
195 1002
196 231
196 247
196 300
196 312
196 317
196 382
196 423
196 656
196 659
196 702
196 798
196 826
197 201
197 282
197 320
197 354
197 383
197 398
197 581
197 584
197 620
197 714
197 833
197 838
197 843
197 874
197 936
197 941
197 946
197 950
198 212
198 374
198 498
198 513
198 543
198 554
198 973
198 999
199 240
199 420
199 426
199 441
199 480
199 510
199 598
199 599
199 665
199 669
199 785
199 796
199 820
199 853
200 255
200 280
200 327
200 359
200 373
200 414
200 478
200 490
200 556
200 647
200 657
200 672
200 696
200 765
200 786
200 850
200 862
200 955
200 1003
200 1006
201 320
201 354
201 398
201 444
201 620
201 682
201 777
201 827
201 830
201 840
201 885
201 936
202 318
202 335
202 345
202 472
202 618
202 633
202 656
202 681
202 710
202 788
202 849
202 854
202 889
202 920
203 222
203 296
203 326
203 351
203 380
203 548
203 657
203 725
203 751
203 872
203 911
203 924
203 944
204 363
204 491
204 629
204 663
204 728
204 754
204 801
204 824
204 880
204 962
205 333
205 474
205 508
205 551
205 669
205 750
205 815
205 817
205 873
205 926
205 957
205 970
206 241
206 410
206 414
206 545
206 557
206 718
206 731
206 732
206 759
206 780
206 844
206 921
206 994
207 217
207 235
207 322
207 325
207 430
207 436
207 454
207 538
207 547
207 632
207 680
207 738
207 765
207 775
207 876
208 233
208 290
208 293
208 327
208 413
208 490
208 590
208 696
208 726
208 760
208 769
208 786
208 828
208 944
208 961
208 1002
209 228
209 311
209 341
209 346
209 396
209 415
209 459
209 469
209 720
209 755
209 762
209 897
209 925
210 235
210 349
210 379
210 547
210 647
210 668
210 680
210 708
210 809
210 1004
211 226
211 273
211 306
211 314
211 334
211 412
211 422
211 476
211 479
211 504
211 560
211 603
211 634
211 883
211 900
212 314
212 371
212 513
212 546
212 554
212 639
212 646
212 693
212 836
212 870
212 896
212 901
212 999
213 228
213 341
213 346
213 576
213 602
213 632
213 701
213 860
213 942
213 943
213 1005
214 357
214 465
214 578
214 580
214 643
214 662
214 712
214 823
214 863
214 877
215 266
215 315
215 333
215 463
215 464
215 489
215 583
215 654
215 737
215 757
215 829
215 881
215 907
215 920
216 236
216 303
216 393
216 498
216 513
216 552
216 610
216 673
216 822
216 861
216 911
217 235
217 538
217 566
217 618
217 632
217 633
217 661
217 670
217 876
217 909
218 275
218 375
218 593
218 624
218 783
218 977
218 979
219 241
219 323
219 342
219 542
219 602
219 667
219 727
219 747
219 755
219 756
219 761
219 908
219 910
219 948
219 987
220 328
220 367
220 421
220 438
220 445
220 494
220 568
220 600
220 621
220 639
220 771
220 776
220 812
220 833
220 888
221 309
221 399
221 406
221 487
221 501
221 611
221 627
221 675
221 784
221 802
221 808
221 811
221 881
221 973
221 978
221 988
222 326
222 386
222 432
222 529
222 579
222 657
222 725
222 753
222 911
222 924
222 944
222 974
223 283
223 375
223 449
223 523
223 567
223 584
223 624
223 930
223 977
224 276
224 291
224 307
224 323
224 435
224 614
224 637
224 667
224 669
224 686
224 886
224 958
224 969
224 1000
224 1007
225 408
225 411
225 580
225 640
225 676
225 717
225 799
225 875
226 477
226 504
226 514
226 535
226 560
226 595
226 622
226 623
226 864
226 900
227 252
227 353
227 453
227 457
227 460
227 515
227 572
227 618
227 673
227 710
227 854
228 239
228 311
228 576
228 701
228 755
228 807
228 897
229 313
229 404
229 433
229 448
229 551
229 596
229 630
229 638
229 656
229 926
229 957
229 970
230 258
230 265
230 294
230 308
230 398
230 528
230 575
230 605
230 631
230 637
230 741
230 839
230 888
230 902
230 972
231 253
231 260
231 294
231 312
231 317
231 400
231 428
231 520
231 591
231 712
231 826
231 951
232 257
232 329
232 372
232 439
232 555
232 595
232 649
232 760
232 792
232 937
233 293
233 327
233 358
233 362
233 413
233 490
233 565
233 687
233 696
233 786
233 891
233 940
233 944
233 1002
234 261
234 384
234 387
234 397
234 500
234 596
234 615
234 629
234 770
234 871
234 887
235 288
235 379
235 454
235 538
235 547
235 632
235 647
235 708
235 809
235 853
235 876
235 1004
236 267
236 610
236 665
236 784
236 851
236 876
236 1001
237 257
237 281
237 292
237 315
237 321
237 387
237 445
237 468
237 482
237 715
237 816
237 828
237 992
238 289
238 414
238 462
238 516
238 520
238 539
238 561
238 617
238 743
238 790
238 852
238 947
239 287
239 343
239 415
239 461
239 531
239 559
239 576
239 601
239 608
239 671
239 689
239 807
239 860
239 917
239 959
239 1005
240 296
240 351
240 392
240 432
240 441
240 510
240 665
240 669
240 779
240 796
240 969
240 974
240 993
241 242
241 293
241 323
241 476
241 507
241 557
241 657
241 727
241 747
241 756
241 834
241 921
241 987
241 994
242 293
242 342
242 419
242 431
242 476
242 507
242 614
242 657
242 707
242 834
242 844
242 873
242 908
242 921
242 987
243 254
243 259
243 262
243 269
243 304
243 307
243 497
243 508
243 592
243 667
243 731
243 768
243 874
243 925
243 976
244 271
244 339
244 473
244 493
244 596
244 650
244 659
244 715
244 803
244 829
244 832
244 986
244 998
245 250
245 285
245 295
245 299
245 389
245 530
245 652
245 695
245 849
245 907
245 954
245 968
245 980
246 361
246 406
246 427
246 627
246 701
246 746
246 749
246 792
246 800
246 808
246 917
246 953
246 978
247 333
247 345
247 368
247 382
247 384
247 448
247 530
247 630
247 651
247 656
247 694
247 798
247 803
247 957
248 383
248 480
248 484
248 517
248 570
248 620
248 621
248 705
248 714
248 738
248 838
248 853
248 963
249 250
249 332
249 489
249 652
249 666
249 695
249 703
249 938
250 285
250 295
250 335
250 541
250 651
250 666
250 695
250 703
250 737
250 744
250 869
250 954
250 980
251 278
251 306
251 363
251 422
251 479
251 481
251 507
251 560
251 580
251 616
251 668
251 729
251 845
251 847
251 859
251 931
252 472
252 494
252 515
252 563
252 854
252 899
252 909
252 933
252 949
253 260
253 400
253 520
253 544
253 590
253 644
253 712
253 787
253 797
253 866
253 951
254 269
254 304
254 370
254 475
254 667
254 684
254 686
254 731
254 768
254 925
254 941
254 976
255 280
255 327
255 413
255 442
255 478
255 556
255 609
255 657
255 786
255 857
255 1002
256 268
256 324
256 407
256 484
256 506
256 523
256 645
256 717
256 734
256 772
256 819
256 836
256 937
256 946
256 990
256 997
257 292
257 321
257 387
257 440
257 444
257 445
257 482
257 595
257 715
257 767
257 770
257 804
257 903
258 270
258 294
258 367
258 389
258 425
258 526
258 541
258 605
258 623
258 631
258 641
258 758
258 982
259 262
259 307
259 330
259 370
259 470
259 499
259 540
259 684
259 691
259 697
259 757
259 820
259 839
259 934
259 938
260 337
260 358
260 400
260 520
260 544
260 699
260 712
260 723
260 866
260 898
260 914
260 951
260 967
261 365
261 384
261 390
261 416
261 596
261 615
261 629
261 663
261 754
261 776
261 962
262 264
262 279
262 307
262 338
262 369
262 370
262 489
262 528
262 549
262 684
262 722
262 785
262 806
262 842
263 277
263 286
263 302
263 376
263 391
263 505
263 546
263 555
263 585
263 606
263 634
263 706
263 709
263 883
263 916
264 273
264 279
264 489
264 528
264 617
264 636
264 639
264 684
264 691
264 700
264 729
264 806
264 842
264 885
264 934
265 291
265 308
265 367
265 393
265 398
265 428
265 528
265 575
265 582
265 631
265 683
265 741
265 823
265 839
265 893
265 982
266 333
266 420
266 463
266 473
266 504
266 654
266 744
266 842
266 881
266 920
266 938
267 283
267 321
267 339
267 395
267 426
267 435
267 522
267 598
267 665
267 739
267 750
267 779
267 851
267 876
267 993
267 1001
268 329
268 417
268 506
268 524
268 565
268 604
268 649
268 704
268 734
268 828
268 831
268 836
268 918
268 937
269 298
269 304
269 346
269 372
269 386
269 492
269 548
269 567
269 667
269 704
269 731
269 768
269 795
269 897
269 925
269 979
270 376
270 425
270 514
270 526
270 535
270 607
270 623
270 641
270 655
270 660
270 778
270 900
270 932
270 982
271 415
271 484
271 486
271 493
271 553
271 596
271 648
271 659
271 671
271 803
271 814
271 832
272 311
272 397
272 481
272 491
272 573
272 632
272 776
272 880
272 962
272 981
273 306
273 334
273 447
273 476
273 479
273 603
273 617
273 636
273 700
273 729
273 934
273 952
274 343
274 350
274 464
274 473
274 519
274 559
274 577
274 671
274 679
274 807
274 814
274 845
274 860
274 894
274 963
274 997
275 337
275 375
275 395
275 449
275 469
275 502
275 573
275 644
275 783
275 825
275 870
275 927
275 975
276 291
276 323
276 441
276 614
276 637
276 750
276 768
276 886
276 958
276 969
276 1007
277 340
277 378
277 391
277 505
277 685
277 916
277 952
278 306
278 357
278 408
278 411
278 580
278 668
279 308
279 354
279 489
279 499
279 521
279 528
279 537
279 631
279 672
279 684
279 806
279 839
279 842
279 846
279 868
279 912
279 928
280 322
280 327
280 379
280 410
280 478
280 490
280 516
280 534
280 556
280 574
280 657
280 696
280 720
280 786
280 912
280 939
280 954
280 983
281 303
281 405
281 468
281 531
281 543
281 690
281 828
281 964
282 383
282 436
282 581
282 621
282 705
282 714
282 766
282 771
282 833
282 858
283 321
283 339
283 395
283 402
283 449
283 522
283 624
283 699
283 783
283 825
283 895
283 981
284 302
284 336
284 376
284 439
284 452
284 505
284 594
284 623
284 626
284 655
284 778
284 826
284 856
284 913
285 295
285 348
285 371
285 485
285 588
285 612
285 835
285 871
285 954
286 376
286 488
286 555
286 585
286 594
286 706
286 709
286 905
287 511
287 525
287 531
287 559
287 568
287 591
287 601
287 671
287 679
287 707
287 713
287 883
287 910
287 959
287 1005
288 436
288 454
288 705
288 711
288 713
288 775
288 833
288 853
289 410
289 462
289 539
289 617
289 658
289 743
289 793
289 850
289 947
289 951
290 327
290 425
290 578
290 726
290 790
290 940
291 323
291 367
291 393
291 607
291 614
291 626
291 631
291 637
291 683
291 823
291 848
291 893
291 969
291 972
291 1007
292 321
292 387
292 445
292 589
292 622
292 649
292 715
292 716
292 804
292 840
293 326
293 413
293 476
293 478
293 490
293 507
293 657
293 696
293 721
293 822
293 834
293 924
293 944
293 1002
294 428
294 438
294 582
294 591
294 631
294 766
295 348
295 397
295 522
295 533
295 569
295 588
295 642
295 693
295 954
296 326
296 432
296 437
296 529
296 554
296 586
296 872
296 993
297 318
297 343
297 350
297 361
297 460
297 466
297 495
297 515
297 559
297 625
297 689
297 733
297 762
297 807
297 829
297 1005
298 375
298 381
298 386
298 548
298 567
298 593
298 643
298 704
298 735
298 979
299 316
299 382
299 391
299 416
299 532
299 540
299 652
299 654
299 666
299 722
299 733
299 734
299 801
299 917
299 968
299 980
300 384
300 404
300 423
300 496
300 553
300 650
300 659
300 702
300 814
300 832
300 986
300 989
301 351
301 369
301 383
301 426
301 458
301 470
301 480
301 504
301 510
301 517
301 570
301 579
301 599
301 761
302 336
302 378
302 439
302 505
302 546
302 587
302 594
302 606
302 634
302 655
302 685
302 709
302 734
302 883
303 405
303 513
303 531
303 543
303 552
303 638
303 694
303 782
303 800
303 861
303 898
304 310
304 516
304 557
304 561
304 667
304 674
304 718
304 731
304 768
304 844
304 850
304 882
304 892
304 925
304 951
305 332
305 539
305 606
305 617
305 691
305 700
305 743
305 791
305 806
305 864
305 890
305 929
305 936
305 947
305 966
306 334
306 418
306 476
306 479
306 486
306 580
306 603
306 668
306 728
306 878
306 894
306 931
307 653
307 686
307 950
307 958
308 354
308 428
308 499
308 537
308 582
308 605
308 631
308 637
308 846
308 888
308 902
308 928
308 972
308 982
309 399
309 406
309 456
309 564
309 611
309 627
309 675
309 698
309 724
309 773
309 808
309 915
309 978
310 416
310 455
310 462
310 561
310 678
310 718
310 761
310 824
310 898
310 951
310 960
310 966
311 366
311 454
311 481
311 547
311 632
311 633
311 670
311 755
311 880
311 897
311 943
311 1001
312 317
312 352
312 400
312 544
312 561
312 568
312 578
312 582
312 658
312 826
312 866
313 405
313 433
313 470
313 740
313 763
313 785
313 815
313 904
313 957
313 964
314 412
314 422
314 505
314 525
314 546
314 634
314 646
314 688
314 709
314 836
314 864
314 883
314 901
315 463
315 464
315 482
315 583
315 816
315 829
315 857
315 867
315 992
316 345
316 382
316 416
316 423
316 447
316 448
316 532
316 619
316 654
316 677
316 801
317 336
317 537
317 555
317 594
317 628
317 706
317 826
317 905
318 343
318 457
318 460
318 466
318 495
318 566
318 586
318 681
318 710
318 788
318 854
318 949
318 984
319 360
319 362
319 364
319 398
319 527
319 533
319 694
319 726
319 852
319 928
319 966
320 354
320 398
320 518
320 620
320 767
320 827
320 830
320 879
320 936
321 339
321 387
321 394
321 395
321 445
321 464
321 493
321 522
321 715
321 986
322 325
322 359
322 379
322 430
322 454
322 490
322 534
322 558
322 647
322 680
322 765
322 939
322 983
323 614
323 637
323 727
323 747
323 756
323 969
323 987
323 989
323 1007
324 377
324 437
324 484
324 597
324 645
324 755
324 772
324 773
324 805
324 811
324 942
324 984
324 990
324 997
325 347
325 430
325 454
325 680
325 765
325 799
325 809
325 831
325 1004
326 386
326 478
326 579
326 721
326 753
326 822
326 872
326 924
326 974
327 358
327 478
327 556
327 565
327 657
327 687
327 726
327 786
327 891
328 421
328 438
328 502
328 518
328 600
328 621
328 639
328 682
328 806
328 833
328 835
328 901
328 934
329 391
329 417
329 451
329 587
329 604
329 645
329 704
329 760
329 819
329 918
329 937
330 338
330 470
330 532
330 540
330 677
330 684
330 697
330 820
331 400
331 423
331 628
331 655
331 798
331 826
331 905
331 913
332 539
332 581
332 636
332 691
332 741
332 806
332 827
332 830
332 838
332 928
332 936
333 368
333 448
333 508
333 530
333 551
333 651
333 654
333 873
333 881
333 920
334 420
334 422
334 476
334 477
334 479
334 525
334 535
334 546
334 560
334 603
334 688
335 345
335 472
335 501
335 530
335 541
335 618
335 651
335 656
335 661
335 698
335 737
335 744
335 849
335 869
335 920
335 980
336 396
336 439
336 492
336 505
336 537
336 555
336 585
336 594
336 655
336 701
336 905
337 358
337 372
337 395
337 396
337 427
337 449
337 544
337 573
337 644
337 675
337 699
337 723
337 914
337 927
337 975
338 369
338 370
338 447
338 532
338 549
338 697
338 722
338 785
338 789
339 394
339 395
339 473
339 522
339 650
339 715
339 804
339 816
339 818
339 829
340 424
340 677
340 685
340 722
340 729
340 789
340 952
340 975
340 981
341 346
341 396
341 461
341 576
341 602
341 632
341 897
341 925
341 942
341 943
341 954
341 1006
342 419
342 483
342 542
342 614
342 667
342 756
342 761
342 873
342 908
342 921
342 942
343 350
343 415
343 460
343 461
343 464
343 466
343 473
343 495
343 577
343 608
343 671
343 689
343 860
343 917
344 401
344 481
344 545
344 664
344 780
344 878
344 892
344 894
344 996
345 384
345 423
345 448
345 618
345 619
345 630
345 656
345 694
345 803
345 849
345 920
345 957
346 372
346 415
346 459
346 469
346 492
346 576
346 602
346 632
346 720
346 762
346 795
346 897
346 942
346 943
347 408
347 668
347 676
347 799
347 809
347 956
348 397
348 485
348 533
348 588
348 642
348 693
348 695
348 720
348 980
348 1006
349 524
349 533
349 612
349 687
349 769
349 837
350 361
350 457
350 464
350 473
350 577
350 671
350 689
350 733
350 762
350 788
350 807
350 906
350 991
350 1005
351 380
351 392
351 458
351 480
351 548
351 579
351 751
351 761
351 779
351 924
351 969
351 974
352 465
352 503
352 544
352 561
352 578
352 658
352 712
352 732
352 793
352 852
352 866
352 875
353 466
353 512
353 710
353 884
353 906
354 360
354 398
354 499
354 527
354 537
354 620
354 631
354 741
354 846
354 928
354 936
355 359
355 413
355 556
355 583
355 611
355 752
355 857
355 867
356 417
356 434
356 503
356 567
356 604
356 662
356 735
356 918
356 937
356 971
357 393
357 411
357 465
357 578
357 712
357 719
357 735
357 863
357 877
357 902
358 467
358 511
358 544
358 565
358 590
358 687
358 699
358 723
358 775
358 891
358 914
359 373
359 534
359 558
359 611
359 647
359 696
359 765
359 857
359 862
359 955
360 364
360 527
360 612
360 642
360 694
360 741
360 790
360 793
360 966
361 549
361 587
361 608
361 701
361 733
361 762
361 792
361 807
361 808
361 917
361 968
361 1005
362 364
362 388
362 398
362 512
362 641
362 726
362 786
362 928
362 940
362 990
363 407
363 409
363 418
363 479
363 481
363 616
363 640
363 728
363 845
363 859
363 962
363 995
363 996
364 398
364 462
364 527
364 612
364 638
364 642
364 726
364 790
364 793
364 890
364 928
365 387
365 402
365 563
365 600
365 663
365 776
365 812
365 818
365 871
365 880
365 923
365 975
366 454
366 538
366 547
366 610
366 633
366 670
366 698
366 739
366 802
366 876
366 943
366 1001
367 389
367 393
367 541
367 568
367 605
367 631
367 683
367 758
367 823
367 888
367 893
368 419
368 448
368 456
368 463
368 497
368 530
368 532
368 651
368 747
368 817
368 920
368 926
368 988
369 370
369 426
369 433
369 470
369 504
369 510
369 536
369 549
369 570
369 722
369 763
369 785
369 820
370 499
370 549
370 684
370 686
370 691
370 722
370 757
370 785
370 839
370 934
370 938
370 976
371 588
371 612
371 639
371 693
371 737
371 835
371 870
371 871
371 896
372 396
372 427
372 439
372 492
372 555
372 649
372 675
372 792
372 795
372 897
373 380
373 386
373 554
373 647
373 696
373 721
373 745
373 759
373 765
373 862
373 892
373 911
373 939
373 955
373 965
373 983
374 498
374 513
374 543
374 564
374 745
374 784
374 896
374 901
375 381
375 593
375 783
375 930
376 514
376 555
376 585
376 607
376 655
376 660
376 706
376 709
376 826
376 913
376 932
377 388
377 550
377 586
377 597
377 602
377 648
377 748
377 773
377 811
377 819
377 848
377 935
377 963
378 424
378 587
378 685
378 709
378 734
378 916
379 490
379 534
379 547
379 647
379 708
379 765
379 809
379 939
379 955
379 983
379 992
379 998
379 1004
380 381
380 386
380 548
380 751
380 753
380 759
380 795
380 892
380 924
380 925
380 939
380 965
380 971
381 593
381 662
381 719
381 753
381 795
381 925
381 971
381 979
382 416
382 532
382 619
382 654
382 656
382 789
382 798
382 801
383 484
383 517
383 581
383 599
383 714
383 738
383 833
383 853
383 963
384 404
384 553
384 596
384 615
384 629
384 630
384 650
384 694
384 803
384 814
384 957
384 986
385 429
385 475
385 523
385 581
385 592
385 620
385 653
385 686
385 742
385 843
385 950
386 548
386 567
386 579
386 704
386 753
386 759
386 892
386 939
386 965
386 974
386 979
387 397
387 445
387 563
387 600
387 715
387 818
387 871
387 887
387 923
388 476
388 512
388 563
388 597
388 641
388 648
388 772
388 819
388 847
388 935
388 963
388 990
389 431
389 496
389 530
389 541
389 605
389 695
389 758
389 849
389 869
389 907
389 965
390 404
390 416
390 500
390 629
390 663
390 754
390 803
390 812
390 887
390 962
391 451
391 505
391 540
391 587
391 645
391 666
391 722
391 733
391 734
391 819
391 916
391 917
391 918
392 497
392 683
392 727
392 777
392 779
392 855
392 879
392 886
392 958
392 969
392 972
392 974
392 1007
393 465
393 498
393 631
393 673
393 683
393 719
393 735
393 822
393 823
393 893
393 902
393 911
394 449
394 464
394 485
394 493
394 569
394 665
394 715
394 739
394 804
394 816
394 818
394 895
394 986
395 449
395 522
395 573
395 644
395 895
395 927
395 930
395 975
395 977
396 427
396 492
396 585
396 675
396 701
396 925
397 491
397 533
397 573
397 642
397 693
397 776
397 871
397 887
397 981
398 528
398 575
398 620
398 726
398 741
398 839
398 928
398 936
399 427
399 492
399 611
399 644
399 675
399 699
399 797
399 808
399 914
399 978
400 423
400 520
400 568
400 582
400 628
400 712
400 798
400 905
400 913
400 951
401 471
401 481
401 664
401 759
401 878
401 882
401 894
402 424
402 540
402 549
402 573
402 699
402 783
402 812
402 825
402 871
402 880
402 895
402 952
402 975
402 981
403 442
403 556
403 798
403 832
403 912
403 945
403 1002
403 1003
404 448
404 500
404 553
404 596
404 638
404 650
404 656
404 663
404 803
404 814
404 887
404 970
404 986
405 435
405 441
405 470
405 531
405 536
405 543
405 551
405 740
405 785
405 810
405 815
405 817
406 427
406 501
406 627
406 724
406 746
406 773
406 784
406 802
406 881
406 953
406 973
406 988
407 409
407 418
407 503
407 523
407 640
407 717
407 819
407 863
407 946
407 995
407 996
408 640
408 717
408 875
409 418
409 452
409 483
409 488
409 626
409 635
409 640
409 660
409 910
409 995
409 996
410 414
410 516
410 545
410 574
410 696
410 718
410 720
410 731
410 759
410 793
410 850
410 912
410 947
410 954
411 479
411 580
411 931
411 956
412 422
412 431
412 483
412 505
412 525
412 601
412 634
412 679
412 688
412 709
412 864
412 883
412 948
412 994
413 442
413 490
413 556
413 696
413 752
413 867
413 944
413 1002
414 490
414 516
414 545
414 672
414 718
414 731
414 743
414 759
414 790
414 850
414 852
414 1003
414 1006
415 459
415 461
415 469
415 608
415 689
415 720
415 762
415 814
415 860
415 917
416 455
416 462
416 532
416 654
416 678
416 754
416 761
416 801
416 824
416 962
416 966
417 434
417 503
417 604
417 643
417 704
417 719
418 486
418 616
418 640
418 728
418 754
418 878
418 894
418 931
418 995
418 996
419 425
419 466
419 497
419 614
419 730
419 747
419 817
419 873
419 908
419 920
419 921
419 926
419 991
420 422
420 473
420 477
420 480
420 504
420 535
420 598
420 599
420 785
420 820
421 428
421 438
421 452
421 511
421 600
421 621
421 639
421 711
421 766
421 833
421 858
421 932
422 477
422 507
422 535
422 560
422 634
422 729
422 847
422 883
422 931
423 448
423 619
423 628
423 659
423 702
423 798
423 905
423 913
424 540
424 549
424 573
424 677
424 729
424 789
424 916
424 952
425 466
425 526
425 623
425 641
425 730
425 982
425 991
426 435
426 470
426 504
426 510
426 570
426 598
426 739
426 750
426 779
426 853
426 993
427 627
427 675
427 746
427 797
427 914
427 953
428 452
428 582
428 591
428 858
428 932
428 982
429 450
429 609
429 742
429 767
429 821
429 840
429 855
429 950
430 454
430 524
430 676
430 680
430 765
430 809
430 1004
431 483
431 496
431 601
431 679
431 707
431 844
431 869
431 948
431 965
431 987
431 994
432 529
432 550
432 745
432 872
432 924
432 984
432 993
432 999
433 536
433 690
433 740
433 763
433 764
433 820
433 957
434 567
434 604
434 643
434 719
434 863
434 875
434 918
434 937
434 971
435 441
435 536
435 551
435 598
435 667
435 669
435 739
435 750
435 779
435 810
435 817
435 886
435 993
435 1000
436 547
436 621
436 711
436 713
436 738
436 775
437 460
437 529
437 550
437 554
437 586
437 597
437 611
437 692
437 746
437 755
437 788
437 805
437 909
437 942
437 984
438 467
438 582
438 600
438 621
438 639
438 713
438 766
438 833
438 858
439 505
439 555
439 575
439 585
439 594
439 628
439 649
439 655
439 792
439 846
440 444
440 482
440 589
440 615
440 767
440 770
440 791
440 804
440 887
440 903
441 510
441 536
441 551
441 665
441 669
441 750
441 768
441 796
441 810
441 817
441 958
442 574
442 672
442 798
442 832
442 945
443 444
443 450
443 475
443 508
443 742
443 752
443 855
443 874
443 969
444 450
444 482
444 682
444 742
444 752
444 767
444 770
444 804
444 830
444 840
444 885
444 903
445 494
445 500
445 615
445 715
445 771
445 776
445 812
445 818
446 614
446 659
446 727
446 781
446 932
446 948
446 965
446 989
446 995
447 677
447 697
447 789
447 952
448 530
448 596
448 619
448 638
448 651
448 656
448 970
449 485
449 569
449 573
449 624
449 644
449 665
449 715
449 739
449 895
449 927
449 975
450 653
450 742
450 752
450 821
450 843
451 506
451 537
451 575
451 587
451 634
451 645
451 688
451 758
451 774
451 819
451 834
451 836
451 896
451 918
452 483
452 623
452 626
452 778
452 856
452 858
452 910
452 932
453 457
453 460
453 572
453 577
453 618
453 625
453 673
453 710
453 854
453 884
453 899
453 933
454 547
454 633
454 670
454 680
454 765
454 853
454 943
454 1001
455 458
455 462
455 542
455 570
455 599
455 609
455 678
455 751
455 752
455 756
455 761
455 768
455 824
455 908
455 966
455 974
455 1000
456 463
456 532
456 564
456 627
456 687
456 690
456 698
456 881
456 904
456 915
456 961
456 988
457 460
457 566
457 572
457 586
457 618
457 673
457 689
457 788
457 906
457 949
457 984
457 991
458 480
458 542
458 579
458 609
458 752
458 756
458 761
458 768
458 801
458 890
458 908
458 960
458 1000
459 469
459 515
459 577
459 613
459 720
459 762
459 783
459 787
459 800
459 914
459 927
460 466
460 495
460 550
460 572
460 611
460 618
460 673
460 692
460 746
460 788
460 909
461 553
461 608
461 689
461 762
461 860
461 897
461 917
461 954
461 1006
462 527
462 539
462 617
462 638
462 678
462 761
462 824
462 890
462 966
463 464
463 532
463 583
463 744
463 829
463 842
463 938
463 988
464 473
464 493
464 577
464 583
464 671
464 829
464 986
465 503
465 580
465 719
465 732
465 735
465 875
465 902
466 495
466 730
466 884
466 906
466 991
467 511
467 590
467 601
467 711
467 713
467 775
467 858
468 519
468 536
468 552
468 764
468 815
468 828
468 904
468 959
469 502
469 625
469 720
469 723
469 749
469 762
469 782
469 797
469 825
469 870
470 504
470 510
470 540
470 570
470 684
470 697
470 740
470 785
470 815
470 820
471 557
471 616
471 717
471 728
471 780
471 877
471 996
472 494
472 501
472 530
472 563
472 633
472 661
472 698
472 889
472 899
473 504
473 577
473 650
473 671
473 715
473 829
474 539
474 571
474 669
474 700
474 750
474 810
474 815
474 841
474 868
474 926
474 945
475 523
475 581
475 592
475 620
475 653
475 855
475 874
475 941
476 479
476 507
476 563
476 603
476 657
476 772
476 834
476 847
477 514
477 535
477 595
477 606
477 622
477 623
477 900
478 556
478 603
478 646
478 657
478 721
478 774
478 786
478 822
478 847
478 921
478 924
478 944
478 987
479 481
479 603
479 616
479 845
479 859
479 931
479 956
480 570
480 579
480 598
480 599
480 714
480 761
480 785
480 820
481 616
481 632
481 845
481 859
481 878
481 880
481 894
482 716
482 724
482 767
482 770
482 794
482 804
482 811
482 816
482 903
482 922
482 992
483 601
483 679
483 756
483 910
483 942
483 948
483 994
484 486
484 553
484 645
484 648
484 671
484 738
484 772
484 853
484 963
484 990
484 997
485 502
485 522
485 569
485 665
485 715
485 739
485 895
486 553
486 648
486 664
486 671
486 728
486 845
486 859
486 878
486 894
486 931
487 597
487 627
487 724
487 773
487 811
487 865
487 903
487 985
488 594
488 626
488 635
488 660
488 865
488 919
488 922
489 528
489 652
489 684
489 737
489 757
489 806
489 842
489 907
489 938
490 534
490 672
490 696
490 850
490 939
490 944
490 983
490 1002
490 1003
490 1006
491 573
491 754
491 776
491 859
491 878
491 880
491 943
491 981
492 585
492 644
492 699
492 701
492 795
492 897
493 558
493 596
493 650
493 659
493 803
493 832
493 986
493 992
494 507
494 563
494 603
494 702
494 771
494 776
494 812
494 899
494 923
494 935
494 945
494 990
495 526
495 747
495 873
495 906
495 991
496 545
496 548
496 753
496 781
496 832
496 862
496 869
496 882
496 965
496 983
496 989
497 508
497 592
497 747
497 777
497 817
497 855
497 874
497 879
497 920
497 926
497 976
497 1007
498 543
498 673
498 822
498 851
498 861
498 911
499 528
499 537
499 562
499 574
499 631
499 691
499 757
499 839
499 841
499 846
499 928
499 934
499 938
499 1003
500 615
500 663
500 770
500 803
500 818
500 887
501 530
501 538
501 661
501 698
501 784
501 802
501 881
501 915
501 973
501 988
501 1001
502 522
502 825
502 835
502 870
502 901
503 732
503 863
503 875
504 510
504 560
504 570
504 900
505 525
505 594
505 655
505 688
505 709
505 864
505 916
506 634
506 688
506 734
506 736
506 774
506 834
506 836
506 846
506 896
506 937
507 560
507 603
507 657
507 702
507 729
507 834
507 847
507 923
507 931
507 935
507 945
507 990
508 551
508 592
508 873
508 874
508 969
508 976
509 518
509 673
509 681
509 742
509 777
509 813
509 821
509 885
510 570
510 598
510 665
510 669
510 738
510 796
511 568
511 590
511 591
511 679
511 711
511 713
511 766
511 775
512 514
512 641
512 730
512 778
512 990
513 552
513 554
513 564
513 784
513 861
513 999
514 595
514 607
514 622
514 623
514 655
514 660
514 730
514 778
514 932
515 559
515 577
515 613
515 625
515 689
515 787
515 800
515 829
515 854
515 914
516 557
516 574
516 674
516 696
516 720
516 743
516 790
516 844
516 850
516 852
516 882
516 892
516 912
516 954
517 599
517 620
517 621
517 648
517 705
517 714
517 838
517 997
518 673
518 681
518 682
518 767
518 806
518 827
518 885
518 934
519 531
519 536
519 552
519 562
519 646
519 679
519 807
519 815
519 834
519 860
519 868
519 959
520 561
520 658
520 674
520 678
520 712
520 731
520 947
520 951
520 960
521 562
521 672
521 702
521 774
521 810
521 839
521 841
521 868
521 912
521 959
522 569
522 588
523 567
523 581
523 584
523 592
523 620
523 653
523 717
523 819
523 946
523 977
524 533
524 565
524 612
524 649
524 809
524 828
524 831
524 918
525 546
525 560
525 688
525 707
525 709
525 864
525 883
525 910
526 623
526 641
526 730
526 747
526 873
526 906
526 940
526 982
527 533
527 638
527 741
527 852
527 890
528 562
528 574
528 575
528 684
528 741
528 806
528 839
528 841
528 842
528 1003
529 554
529 586
529 779
529 796
529 872
529 924
530 651
530 661
530 695
530 698
530 849
530 907
531 543
531 559
531 562
531 601
531 646
531 671
531 834
531 868
531 959
531 1005
532 654
532 801
532 988
533 612
533 642
533 693
533 852
534 558
534 647
534 746
534 867
534 939
534 955
534 983
535 778
535 864
535 900
536 551
536 552
536 763
536 810
536 815
536 817
536 820
536 959
537 555
537 575
537 631
537 758
537 836
537 846
537 905
537 928
538 610
538 632
538 739
538 876
538 915
538 1001
539 571
539 617
539 691
539 700
539 806
539 810
539 936
540 549
540 573
540 666
540 684
540 697
540 722
540 733
540 734
540 820
540 917
540 952
541 605
541 651
541 707
541 737
541 744
541 758
541 781
541 869
541 980
541 994
542 570
542 599
542 667
542 751
542 761
542 801
542 890
542 960
542 974
543 552
543 613
543 749
543 967
544 561
544 578
544 658
544 699
544 723
544 866
544 914
545 548
545 718
545 731
545 753
545 759
545 781
545 862
545 882
545 892
545 983
546 560
546 606
546 634
546 646
546 688
546 836
546 883
546 901
547 633
547 647
547 670
547 708
547 738
547 775
547 809
547 943
547 1001
547 1004
548 567
548 704
548 751
548 753
548 781
548 862
548 882
548 924
548 979
548 983
549 573
549 587
549 608
549 722
549 785
549 952
549 968
550 586
550 602
550 611
550 692
550 745
550 746
550 748
550 788
550 848
550 872
550 909
550 984
550 999
551 630
551 810
551 817
551 873
551 926
552 613
552 749
552 815
552 861
552 959
552 967
553 648
553 650
553 671
553 762
553 814
553 986
554 586
554 721
554 745
554 911
554 983
554 999
555 585
555 649
555 706
555 709
555 792
555 905
556 657
556 752
556 786
556 867
556 1002
557 674
557 844
557 850
557 877
557 882
557 892
557 921
557 994
557 996
558 583
558 647
558 650
558 716
558 903
558 992
558 998
559 601
559 625
559 671
559 689
559 814
559 829
559 845
559 894
559 959
559 963
559 997
559 1005
560 688
560 729
560 847
560 900
560 931
561 578
561 658
561 718
561 866
561 947
561 951
562 574
562 646
562 702
562 810
562 834
562 841
562 868
562 1003
563 600
563 772
563 818
563 847
563 899
563 923
564 610
564 627
564 698
564 784
564 851
564 915
564 973
565 649
565 687
565 760
565 816
565 828
565 831
565 891
565 918
566 586
566 633
566 692
566 899
566 909
566 949
566 984
567 584
567 704
567 918
567 937
567 971
567 977
567 979
568 582
568 591
568 679
568 713
568 888
569 588
569 665
569 715
569 739
569 870
569 895
570 599
570 714
570 751
570 974
571 589
571 595
571 700
571 770
571 791
571 810
571 929
572 618
572 673
572 681
572 682
572 721
572 725
572 813
572 823
572 861
572 902
573 644
573 776
573 927
573 952
573 975
573 981
574 672
574 696
574 720
574 841
574 912
574 954
574 1003
575 585
575 628
575 741
575 758
575 836
575 839
575 846
576 602
576 632
576 792
576 807
576 942
576 943
577 613
577 625
577 671
577 710
577 787
577 800
577 899
577 914
577 933
578 658
578 712
578 790
578 863
578 866
578 877
578 940
579 751
579 753
579 761
579 796
579 974
579 993
579 1007
580 668
581 592
581 620
581 636
581 653
581 714
581 741
581 827
581 830
581 833
581 838
581 928
582 766
582 982
583 716
583 829
583 903
583 998
584 640
584 645
584 838
584 843
584 874
584 941
584 946
584 950
584 977
585 628
585 701
585 706
585 709
585 846
586 602
586 748
586 848
586 949
586 984
587 608
587 645
587 685
587 709
587 734
587 819
587 918
587 968
588 612
588 695
588 720
588 835
588 871
588 980
588 1006
589 615
589 716
589 770
589 840
589 887
589 929
590 644
590 760
590 769
590 775
590 786
590 787
590 797
590 828
590 866
590 961
591 600
591 605
591 679
591 713
591 771
591 893
592 620
592 653
592 874
592 941
592 976
593 624
593 825
593 927
593 977
594 628
594 655
594 706
595 622
595 623
595 791
596 615
596 629
596 638
596 656
596 659
596 803
596 832
596 970
597 648
597 724
597 755
597 805
597 819
597 935
597 942
597 963
597 984
598 599
598 738
598 739
598 750
598 779
598 785
598 820
598 993
599 751
599 785
599 820
599 974
600 605
600 621
600 639
600 771
600 818
600 833
600 893
600 923
601 671
601 679
601 711
601 948
601 959
601 994
601 1005
602 632
602 748
602 755
602 848
602 908
602 910
602 942
602 943
602 948
603 646
603 702
603 774
603 847
603 921
603 923
603 935
603 944
603 945
603 987
603 990
604 662
604 704
604 735
604 863
604 875
605 637
605 758
605 771
605 888
605 893
605 902
605 972
606 617
606 634
606 791
606 864
606 883
606 900
606 929
607 626
607 655
607 660
607 848
607 856
607 919
607 932
607 972
607 995
608 689
608 733
608 860
608 917
608 953
608 968
608 978
609 752
609 756
609 767
609 768
609 821
609 840
609 855
609 857
609 908
609 1000
609 1002
610 739
610 851
610 973
611 675
611 692
611 746
611 788
611 808
611 857
611 909
611 978
612 642
612 790
612 793
612 835
612 871
613 749
613 782
613 787
613 800
613 808
613 914
613 953
613 967
614 637
614 727
614 873
614 908
614 921
614 969
614 1007
615 629
615 818
615 887
616 717
616 728
616 754
616 780
616 845
616 859
617 636
617 700
617 729
617 791
617 864
617 929
617 934
618 656
618 661
618 670
618 673
618 849
618 920
619 666
619 789
619 824
619 968
620 621
620 653
620 705
620 838
620 936
621 639
621 705
621 833
621 838
622 623
622 649
622 804
622 929
623 626
623 641
623 778
623 856
623 982
624 704
624 930
624 946
624 971
624 977
625 689
625 710
625 723
625 749
625 782
625 797
625 829
625 899
625 933
626 635
626 660
626 778
626 848
626 856
626 972
627 698
627 746
627 811
627 915
627 953
628 706
628 798
628 846
628 905
628 913
629 663
629 801
629 812
629 824
630 694
630 740
630 763
630 803
630 926
630 957
630 970
631 683
631 823
631 846
631 893
631 928
632 876
632 880
632 942
632 943
633 670
633 889
633 909
633 943
633 1001
634 688
634 774
634 834
634 883
634 896
635 660
635 706
635 794
635 919
635 985
636 652
636 700
636 703
636 729
636 741
636 827
636 830
636 838
636 928
636 934
636 936
637 660
637 683
637 748
637 805
637 856
637 888
637 902
637 969
637 972
637 1007
638 656
638 694
638 782
638 800
638 890
638 898
638 970
639 691
639 693
639 833
639 870
639 885
639 896
640 645
640 717
640 875
640 995
640 996
641 884
641 982
641 990
642 693
642 732
642 790
642 793
642 831
642 837
642 877
643 662
643 719
643 735
643 823
644 699
644 787
644 797
644 866
644 927
644 975
645 772
645 819
645 918
645 990
645 997
646 774
646 834
646 836
646 847
646 868
646 901
646 921
646 944
646 987
647 696
647 708
647 765
647 809
647 862
647 955
647 1004
648 671
648 714
648 819
648 935
648 963
648 997
649 792
649 804
649 828
649 831
649 918
650 715
650 814
650 829
650 986
650 992
651 737
651 744
651 802
651 849
651 869
651 889
651 915
651 980
652 703
652 936
652 938
652 968
652 980
653 821
653 843
653 950
654 697
654 801
654 881
654 920
655 660
655 932
656 798
656 849
656 920
656 970
657 725
657 786
657 834
657 911
657 944
658 674
658 678
658 731
658 743
658 866
658 951
658 960
659 702
659 781
659 803
659 832
659 965
660 683
660 748
660 805
660 856
660 932
661 670
661 698
661 889
661 923
661 933
662 719
662 735
662 823
662 979
663 776
663 801
663 803
663 824
663 887
664 759
664 780
664 845
664 859
664 882
664 996
665 669
665 715
665 739
665 796
665 851
665 876
665 895
665 1001
666 695
666 703
666 722
666 733
666 734
666 824
666 917
666 968
667 669
667 731
667 761
667 768
667 886
667 925
667 1000
668 676
668 680
668 956
669 750
669 796
669 815
669 886
669 926
669 1000
670 692
670 943
670 949
670 1001
671 959
671 1005
672 839
672 850
672 868
672 912
672 1003
672 1006
673 681
673 822
673 885
673 911
674 678
674 718
674 731
674 795
674 844
674 850
674 882
674 892
674 960
674 976
674 1000
675 723
675 787
675 808
675 978
676 799
676 956
676 1004
677 729
677 789
678 731
678 761
678 824
678 960
678 966
678 967
679 713
679 807
679 860
679 948
679 994
680 708
680 765
680 837
681 710
681 721
681 725
681 788
681 823
681 854
681 861
681 885
681 902
682 806
682 813
682 830
682 840
682 885
682 934
683 727
683 748
683 805
683 823
683 856
683 886
683 893
683 958
683 972
684 686
684 697
684 806
684 820
684 842
684 976
685 709
685 734
685 916
685 952
686 843
686 958
686 976
687 690
687 769
687 837
687 881
687 891
687 904
687 961
688 709
688 774
688 834
688 864
688 896
689 788
689 829
689 860
689 906
689 917
689 991
690 740
690 764
690 881
690 904
690 961
690 964
691 757
691 806
691 839
691 885
691 934
691 936
691 938
692 746
692 788
692 899
692 909
692 949
693 744
693 835
693 870
693 896
693 907
694 782
694 800
694 803
694 898
694 957
694 966
695 703
695 720
695 849
695 907
695 980
695 1006
696 720
696 765
696 862
696 912
696 944
696 954
696 955
696 1002
697 789
697 820
698 802
698 876
698 915
699 723
699 783
699 825
699 895
699 914
699 981
700 729
700 743
700 810
700 890
700 934
700 947
700 966
701 792
701 808
701 917
702 810
702 923
702 935
702 945
702 990
703 757
703 842
703 936
704 930
704 946
704 971
704 979
705 766
705 771
705 775
705 833
705 838
705 858
706 709
706 919
707 781
707 844
707 883
707 910
707 987
707 994
708 809
708 837
708 956
708 1004
709 734
709 864
710 788
710 854
710 899
710 933
711 713
711 766
712 793
712 852
712 863
712 877
712 951
713 858
714 833
714 997
715 739
715 829
715 895
716 724
716 794
716 811
716 840
716 903
716 922
716 998
717 728
717 780
717 819
717 875
717 946
718 731
718 759
718 795
718 951
718 976
718 1000
719 735
719 902
719 979
720 762
720 912
720 954
720 980
720 1006
721 725
721 745
721 822
721 823
721 861
721 902
721 911
721 924
721 983
722 733
722 734
722 785
722 917
722 975
722 981
723 749
723 782
723 787
723 797
723 914
724 773
724 794
724 811
724 922
725 822
725 823
725 861
725 862
725 902
725 911
725 939
725 944
725 999
726 772
726 928
726 935
727 747
727 756
727 886
727 958
727 972
727 987
728 780
728 878
728 894
728 931
728 962
729 789
729 847
729 931
729 934
730 778
730 940
730 991
731 759
731 768
731 925
731 960
732 780
732 831
732 837
732 844
732 875
732 877
733 734
733 762
733 807
733 917
733 953
733 978
733 1005
734 836
734 917
734 937
735 902
736 758
736 846
736 869
736 888
736 893
736 913
736 982
737 744
737 757
737 869
737 907
737 980
738 775
738 853
738 963
739 750
739 779
739 895
739 993
740 763
740 764
740 785
740 815
740 970
741 827
741 830
741 838
741 839
741 928
742 752
742 813
742 821
742 950
743 790
743 852
743 890
743 947
743 951
743 966
744 835
744 842
744 869
744 907
744 938
744 980
745 872
745 896
745 901
745 911
745 983
745 984
745 999
746 788
746 867
746 909
746 953
746 955
747 756
747 817
747 873
747 906
747 920
747 926
747 987
748 794
748 805
748 848
748 856
748 865
749 782
749 797
749 800
749 967
749 978
750 768
750 779
750 815
750 926
750 958
750 993
751 796
751 924
751 974
751 993
751 1007
752 756
752 768
752 867
752 908
752 1000
753 781
753 795
753 862
753 882
753 925
753 971
753 974
753 983
754 880
754 962
755 805
755 897
755 908
755 910
755 942
755 948
755 984
756 768
756 908
756 942
756 987
756 1000
757 839
757 842
757 907
757 934
757 938
758 836
758 913
759 882
759 892
759 939
759 965
760 769
760 786
760 816
760 828
760 937
760 961
761 824
761 966
762 807
762 1005
763 820
763 904
763 964
763 970
764 769
764 891
764 904
764 964
764 988
765 862
765 955
765 992
765 998
766 771
766 858
767 770
767 804
767 821
767 827
767 840
767 855
767 903
768 908
768 925
768 958
768 1000
769 786
769 828
769 837
769 891
769 961
769 964
769 988
770 804
770 903
770 929
771 776
771 812
771 858
771 893
772 847
772 935
772 990
772 997
773 811
773 865
773 903
773 985
774 834
774 841
774 847
774 896
774 921
774 944
774 959
774 987
775 833
776 812
776 981
777 827
777 855
777 879
777 1007
778 856
778 900
779 796
779 872
779 969
779 974
779 993
780 844
780 996
781 862
781 882
781 965
781 983
781 994
782 797
782 800
782 808
782 898
782 953
783 825
783 895
783 927
783 981
784 802
784 881
784 973
784 988
785 815
785 820
786 828
786 940
786 961
787 797
787 800
787 866
787 914
788 854
788 906
788 909
788 991
790 793
790 852
790 940
791 864
791 929
792 808
792 917
793 850
793 852
793 947
794 811
794 865
794 922
794 985
795 897
795 925
795 971
795 976
795 1000
796 872
796 993
796 1007
797 866
797 914
798 832
798 905
798 913
798 945
799 809
800 898
800 914
800 978
801 824
801 890
801 960
802 849
802 876
802 881
802 889
802 915
802 973
802 988
803 832
803 887
803 957
804 816
804 818
804 903
805 848
805 856
805 922
805 942
805 984
805 985
806 842
806 934
806 936
807 860
807 1005
808 917
808 953
808 978
809 1004
810 817
811 922
812 871
812 880
812 975
813 821
813 879
814 845
814 894
814 963
814 986
814 997
815 926
815 959
816 818
816 992
817 920
817 926
817 957
817 970
818 923
819 918
819 935
819 946
819 963
821 840
821 843
821 855
822 862
822 911
822 924
822 939
822 999
823 861
823 893
823 902
824 966
824 968
825 870
825 895
825 927
825 981
826 913
827 830
827 838
827 928
828 831
828 918
828 961
830 838
830 840
830 879
830 885
830 928
831 837
831 877
831 918
831 1004
832 945
832 989
834 868
834 896
835 871
835 901
835 907
836 901
836 937
837 877
838 843
838 874
838 928
838 941
838 946
838 950
839 868
839 912
839 934
839 938
840 855
840 885
841 868
841 945
841 959
841 1003
842 938
843 874
843 941
843 946
843 950
844 850
844 882
844 892
844 987
845 859
845 894
845 963
845 997
846 928
847 921
847 931
847 944
847 987
848 922
848 972
848 985
849 889
849 907
849 915
849 920
850 882
850 892
850 947
850 1003
850 1006
851 861
851 876
851 973
851 1001
853 963
854 884
855 874
855 879
855 1007
856 919
856 995
857 867
857 1002
858 932
859 878
859 943
860 917
860 1005
861 902
862 882
862 939
862 955
862 983
862 999
863 875
863 877
864 929
865 903
865 919
865 922
865 985
866 898
866 967
867 955
868 912
868 945
869 888
869 893
869 965
869 980
869 982
870 896
871 880
871 887
871 975
872 984
872 999
873 906
873 908
873 921
874 941
874 946
874 950
874 976
876 1001
877 996
878 894
878 931
878 943
879 1007
880 975
881 904
881 920
881 961
881 973
881 988
882 892
882 983
883 910
884 906
886 958
886 972
886 1000
888 893
888 902
888 972
888 982
889 915
889 923
889 933
890 947
890 960
890 966
891 961
891 964
891 988
892 939
892 965
893 982
894 931
894 963
894 997
895 930
895 977
895 981
896 901
897 954
897 1006
898 960
898 967
899 933
902 972
903 985
903 998
904 961
904 964
905 913
906 991
908 910
908 921
908 948
908 1000
909 933
909 949
910 948
911 944
911 983
912 954
912 1003
915 1001
918 937
918 971
919 922
919 995
920 926
921 944
921 987
921 994
922 985
923 933
923 935
923 945
923 990
925 971
927 975
930 946
930 971
930 977
931 956
932 948
932 989
932 995
933 949
934 938
935 945
935 963
935 990
937 971
939 965
939 983
939 999
941 946
941 950
942 943
942 984
943 1001
944 987
944 1002
945 990
946 950
946 971
947 966
948 989
948 994
948 995
949 984
953 978
954 1006
955 992
955 998
957 970
958 972
959 1005
963 997
964 988
968 980
969 974
969 1007
973 988
975 981
976 1000
980 1006
984 999
986 998
989 995
990 997
992 998
993 1007
995 996
1003 1006
