144 1168
0 9
0 15
0 22
0 32
0 35
0 37
0 40
0 56
0 61
0 64
0 74
0 102
0 128
0 139
1 18
1 21
1 29
1 35
1 52
1 56
1 67
1 70
1 78
1 98
1 118
1 126
1 143
2 27
2 39
2 57
2 60
2 66
2 76
2 90
2 93
2 95
2 99
2 114
2 127
2 133
3 10
3 13
3 20
3 55
3 62
3 66
3 78
3 87
3 94
3 97
3 116
3 124
3 129
3 136
4 6
4 17
4 23
4 38
4 40
4 44
4 47
4 58
4 85
4 86
4 94
4 111
4 112
4 122
4 137
5 6
5 8
5 9
5 10
5 17
5 40
5 42
5 43
5 55
5 58
5 60
5 61
5 74
5 107
5 108
5 115
5 131
5 132
5 139
6 9
6 10
6 17
6 23
6 31
6 38
6 42
6 51
6 101
6 108
6 110
6 112
6 132
7 12
7 45
7 46
7 76
7 81
7 82
7 89
7 91
7 95
7 113
7 114
7 117
7 133
8 15
8 49
8 58
8 61
8 63
8 64
8 73
8 74
8 85
8 98
8 101
8 102
8 122
8 132
8 139
9 10
9 15
9 17
9 24
9 40
9 42
9 58
9 64
9 102
9 103
9 108
9 127
9 129
9 130
9 132
9 141
10 13
10 17
10 20
10 30
10 42
10 78
10 87
10 94
10 108
10 116
10 117
10 132
10 137
11 26
11 28
11 34
11 41
11 60
11 87
11 88
11 96
11 138
11 140
11 141
12 24
12 27
12 39
12 43
12 44
12 57
12 59
12 75
12 76
12 91
12 95
12 96
12 101
12 105
12 113
12 140
13 19
13 20
13 26
13 34
13 50
13 62
13 75
13 78
13 87
13 93
13 94
13 97
13 116
13 127
13 131
13 138
14 17
14 23
14 31
14 33
14 38
14 47
14 59
14 71
14 77
14 84
14 88
14 89
14 92
14 112
14 123
14 134
14 143
15 16
15 29
15 40
15 61
15 64
15 73
15 74
15 98
15 102
15 104
15 142
16 22
16 29
16 37
16 61
16 69
16 72
16 81
16 82
16 83
16 99
16 104
16 105
16 120
16 123
16 142
17 23
17 42
17 44
17 47
17 108
17 111
17 122
17 132
17 134
18 25
18 29
18 30
18 36
18 38
18 45
18 51
18 52
18 56
18 68
18 78
18 84
18 93
18 100
18 111
18 118
18 123
18 124
18 134
18 143
19 26
19 27
19 34
19 41
19 43
19 62
19 72
19 75
19 91
19 99
19 107
19 119
19 127
19 130
19 131
19 135
19 140
20 21
20 47
20 51
20 52
20 53
20 67
20 68
20 78
20 84
20 87
20 94
20 116
20 125
20 126
20 128
20 142
21 32
21 67
21 68
21 70
21 73
21 84
21 118
21 125
21 126
21 128
21 142
22 37
22 39
22 56
22 69
22 71
22 72
22 74
22 80
22 82
22 83
22 100
22 104
22 128
22 135
23 31
23 40
23 51
23 58
23 85
23 86
23 94
23 101
23 110
23 134
23 137
24 39
24 41
24 43
24 57
24 58
24 75
24 83
24 103
24 105
24 107
24 121
24 127
24 129
24 130
24 140
24 141
25 33
25 36
25 38
25 48
25 51
25 53
25 63
25 68
25 70
25 72
25 77
25 89
25 106
25 111
25 121
25 134
26 28
26 34
26 59
26 62
26 75
26 109
26 127
26 131
27 41
27 44
27 57
27 59
27 90
27 91
27 96
27 99
27 101
27 107
27 114
27 130
27 133
27 135
28 34
28 41
28 59
28 60
28 87
28 109
28 138
28 140
28 141
29 52
29 56
29 61
29 78
29 85
29 104
29 108
29 115
29 118
29 128
29 129
29 142
29 143
30 45
30 54
30 84
30 92
30 93
30 100
30 106
30 113
30 117
30 123
30 124
30 133
30 137
31 33
31 47
31 51
31 65
31 70
31 77
31 78
31 84
31 101
31 110
31 111
31 112
31 125
31 143
32 35
32 48
32 49
32 61
32 73
32 98
32 102
32 118
32 139
33 36
33 46
33 47
33 49
33 65
33 72
33 77
33 79
33 84
33 92
33 112
33 121
33 126
33 143
34 62
34 75
34 88
34 96
34 127
34 131
35 61
35 63
35 67
35 73
35 79
35 98
35 102
35 139
36 38
36 46
36 49
36 51
36 65
36 68
36 77
36 79
36 83
36 92
36 111
36 119
36 126
36 134
37 56
37 69
37 74
37 80
37 81
37 99
37 104
37 105
37 119
37 120
37 121
37 123
37 128
38 51
38 59
38 68
38 71
38 88
38 89
38 92
38 111
38 112
38 123
38 134
39 43
39 57
39 60
39 71
39 75
39 80
39 82
39 95
39 99
39 100
39 104
39 105
39 127
39 135
39 140
40 43
40 55
40 58
40 60
40 64
40 85
40 86
40 94
40 102
40 107
40 115
40 131
40 137
41 60
41 75
41 83
41 87
41 91
41 99
41 107
41 121
41 130
41 135
41 138
41 140
41 141
42 45
42 52
42 54
42 62
42 94
42 97
42 108
42 125
42 132
42 136
42 137
42 138
43 55
43 57
43 60
43 72
43 75
43 105
43 107
43 115
43 119
43 130
43 131
43 140
44 47
44 48
44 59
44 64
44 79
44 86
44 96
44 101
44 108
44 110
44 111
44 122
44 139
45 46
45 54
45 84
45 89
45 93
45 94
45 100
45 114
45 117
45 123
45 124
46 49
46 65
46 79
46 89
46 92
46 96
46 100
46 106
46 109
46 112
46 114
46 117
46 120
46 126
46 134
47 51
47 52
47 53
47 77
47 84
47 111
47 112
47 122
47 126
47 143
48 49
48 53
48 63
48 64
48 70
48 77
48 79
48 86
48 89
48 98
48 106
48 108
48 110
48 139
49 63
49 65
49 79
49 85
49 92
49 98
49 101
49 102
49 122
49 126
49 132
50 54
50 66
50 68
50 71
50 90
50 93
50 95
50 97
50 116
50 117
50 120
50 124
50 138
50 143
51 52
51 53
51 68
51 101
51 110
51 111
51 126
51 134
52 53
52 56
52 62
52 78
52 97
52 118
52 125
52 126
52 136
52 137
52 138
52 143
53 63
53 65
53 67
53 70
53 77
53 89
53 106
53 118
53 126
54 66
54 68
54 71
54 92
54 94
54 106
54 113
54 117
54 120
54 133
54 143
55 56
55 60
55 86
55 97
55 103
55 107
55 115
55 129
55 131
55 132
55 142
56 74
56 78
56 86
56 103
56 118
56 128
56 132
56 142
56 143
57 75
57 88
57 90
57 91
57 105
57 109
57 110
57 114
57 122
57 133
57 140
58 61
58 74
58 85
58 86
58 94
58 103
58 127
58 129
58 130
58 137
58 139
58 141
59 71
59 88
59 89
59 92
59 96
59 101
59 109
59 123
60 87
60 95
60 99
60 107
60 115
60 127
60 131
60 138
60 140
60 141
61 74
61 102
61 104
61 139
61 142
62 66
62 75
62 87
62 97
62 124
62 125
62 127
62 131
62 136
62 137
62 138
63 70
63 73
63 77
63 79
63 85
63 89
63 101
63 102
63 106
63 122
63 132
64 73
64 74
64 79
64 86
64 98
64 102
64 108
64 110
64 139
65 67
65 70
65 78
65 79
65 92
65 111
65 118
65 125
65 126
66 68
66 71
66 76
66 87
66 93
66 117
66 120
66 124
66 136
66 143
67 68
67 84
67 98
67 118
67 125
67 128
67 142
68 71
68 84
68 111
68 117
68 120
68 125
68 128
68 134
68 142
68 143
69 72
69 80
69 81
69 82
69 83
69 99
69 105
69 113
69 114
69 120
69 123
70 77
70 78
70 89
70 106
70 111
70 125
70 126
71 80
71 82
71 88
71 89
71 92
71 100
71 104
71 117
71 120
71 123
71 135
71 143
72 82
72 83
72 119
72 121
72 130
72 140
73 74
73 79
73 98
73 118
74 98
74 128
74 139
75 83
75 105
75 107
75 121
75 127
75 131
75 140
76 90
76 91
76 93
76 95
76 105
76 113
76 131
76 135
76 141
77 83
77 84
77 89
77 106
77 112
77 119
77 143
78 87
78 94
78 111
78 116
78 118
78 125
78 143
79 86
79 92
79 108
79 110
79 126
79 139
80 81
80 82
80 100
80 104
80 113
80 114
80 119
80 121
80 135
81 82
81 99
81 104
81 105
81 119
81 120
81 121
81 123
81 133
82 83
82 100
82 104
82 133
82 135
83 107
83 119
83 121
84 93
84 100
84 112
84 123
84 124
84 125
84 128
84 142
84 143
85 86
85 94
85 101
85 102
85 108
85 115
85 122
85 128
85 129
85 132
85 137
86 94
86 103
86 108
86 110
86 132
86 137
86 139
86 142
87 94
87 116
87 124
87 136
87 138
87 140
87 141
88 89
88 91
88 92
88 96
88 109
88 110
88 122
88 123
89 92
89 106
89 114
89 117
89 123
90 95
90 105
90 114
90 124
90 131
90 133
90 135
90 141
91 95
91 99
91 107
91 109
91 110
91 113
91 122
91 130
91 135
92 106
92 113
92 123
92 126
92 133
93 97
93 100
93 116
93 123
93 124
93 138
94 116
94 137
95 99
95 113
95 124
95 127
96 100
96 101
96 106
96 109
96 112
96 120
96 134
97 116
97 125
97 129
97 136
97 137
97 138
99 105
99 107
99 120
99 123
99 127
99 130
99 135
100 104
100 106
100 109
100 112
100 120
100 123
100 124
100 134
100 135
101 102
101 110
101 122
101 132
102 122
102 132
102 139
103 115
103 116
103 127
103 129
103 130
103 132
103 136
103 141
103 142
104 119
104 121
104 135
104 142
105 120
105 123
105 131
105 135
105 140
105 141
106 109
106 112
106 113
106 120
106 133
106 134
107 115
107 121
107 130
107 131
107 135
108 110
108 115
108 128
108 129
108 132
108 139
109 110
109 112
109 120
109 122
109 134
110 122
110 139
111 122
111 125
111 134
112 120
112 134
112 143
113 114
113 133
114 117
114 133
115 116
115 128
115 129
115 131
115 136
116 136
116 138
117 120
117 137
117 143
118 143
119 121
119 130
119 140
120 123
120 134
120 143
122 132
123 124
124 136
125 128
125 136
125 137
125 138
125 142
127 129
127 130
127 131
127 141
128 129
128 142
129 130
129 141
130 135
130 140
130 141
131 135
131 141
132 142
135 141
136 137
136 138
137 138
138 140
138 141
140 141
