1008 8200
0 9
0 15
0 44
0 172
0 296
0 327
0 364
0 404
0 590
0 593
0 595
0 684
0 745
0 764
0 765
0 881
0 948
1 12
1 54
1 97
1 165
1 204
1 324
1 431
1 484
1 503
1 727
1 781
1 809
1 902
1 983
1 986
2 24
2 42
2 79
2 106
2 166
2 270
2 275
2 284
2 298
2 300
2 341
2 373
2 399
2 487
2 608
2 817
2 848
2 895
2 903
3 19
3 107
3 115
3 134
3 273
3 279
3 387
3 415
3 440
3 508
3 532
3 594
3 662
3 721
3 955
3 973
3 980
4 63
4 96
4 102
4 108
4 148
4 185
4 489
4 612
4 619
4 656
4 718
4 726
4 750
4 834
4 926
5 40
5 45
5 103
5 106
5 206
5 272
5 395
5 513
5 524
5 529
5 620
5 735
5 832
6 18
6 119
6 171
6 207
6 226
6 312
6 355
6 375
6 427
6 554
6 576
6 577
6 600
6 622
6 672
6 714
6 761
6 774
6 889
7 36
7 210
7 226
7 232
7 236
7 246
7 341
7 540
7 580
7 586
7 742
7 790
7 824
7 840
7 851
7 889
7 905
7 910
7 971
8 47
8 202
8 234
8 243
8 294
8 387
8 428
8 502
8 583
8 634
8 740
8 839
8 926
8 950
8 1002
9 15
9 44
9 51
9 172
9 428
9 433
9 582
9 583
9 593
9 629
9 703
9 873
9 881
9 948
10 123
10 159
10 300
10 414
10 461
10 526
10 679
10 709
10 757
10 822
10 945
11 124
11 161
11 221
11 361
11 426
11 508
11 610
11 744
11 768
11 861
11 878
11 919
11 1006
12 54
12 65
12 158
12 165
12 204
12 265
12 325
12 408
12 510
12 584
12 686
12 727
12 909
12 916
13 51
13 66
13 70
13 139
13 239
13 243
13 333
13 413
13 509
13 589
13 613
13 633
13 694
13 725
13 797
13 864
13 938
13 981
13 1005
14 179
14 186
14 201
14 242
14 273
14 290
14 312
14 440
14 458
14 538
14 552
14 637
14 650
14 792
14 823
14 873
14 997
15 44
15 172
15 205
15 242
15 243
15 593
15 629
15 634
15 703
15 767
15 798
15 881
15 948
16 30
16 76
16 97
16 149
16 317
16 360
16 408
16 484
16 561
16 584
16 611
16 630
16 717
16 732
16 752
16 825
16 994
17 190
17 196
17 207
17 263
17 274
17 283
17 304
17 332
17 417
17 501
17 570
17 585
17 602
17 645
17 665
17 674
17 788
17 800
17 992
18 171
18 280
18 312
18 321
18 455
18 456
18 506
18 576
18 600
18 714
18 741
18 761
18 774
18 784
18 914
18 933
18 960
19 51
19 59
19 107
19 134
19 153
19 194
19 202
19 387
19 415
19 417
19 462
19 591
19 798
19 920
19 950
19 955
19 973
19 1002
20 33
20 65
20 133
20 302
20 335
20 354
20 377
20 444
20 445
20 713
20 758
20 809
20 815
20 857
20 897
20 918
20 954
20 957
20 973
21 29
21 66
21 173
21 284
21 320
21 339
21 365
21 372
21 395
21 460
21 535
21 569
21 712
21 775
21 791
21 799
21 817
21 823
21 846
22 43
22 72
22 181
22 258
22 262
22 282
22 303
22 304
22 327
22 562
22 789
22 812
22 842
22 850
22 953
23 92
23 169
23 249
23 293
23 519
23 618
23 635
23 652
23 668
23 738
23 789
23 887
23 897
23 904
23 911
23 940
23 967
24 79
24 161
24 166
24 190
24 270
24 275
24 359
24 492
24 519
24 522
24 548
24 624
24 691
24 761
24 817
24 844
24 848
24 962
25 64
25 223
25 278
25 297
25 350
25 414
25 419
25 539
25 561
25 566
25 704
25 728
25 752
25 795
25 903
25 918
25 937
25 952
25 989
26 33
26 90
26 101
26 189
26 230
26 324
26 363
26 367
26 397
26 510
26 520
26 553
26 627
26 735
26 896
26 908
26 932
26 956
26 995
27 34
27 108
27 280
27 346
27 420
27 424
27 466
27 467
27 489
27 507
27 537
27 587
27 627
27 662
27 830
28 49
28 72
28 230
28 277
28 285
28 400
28 409
28 410
28 696
28 749
28 963
28 970
28 1003
29 103
29 307
29 368
29 370
29 465
29 495
29 535
29 605
29 665
29 712
29 799
29 817
29 846
29 925
30 88
30 97
30 237
30 323
30 408
30 412
30 484
30 584
30 661
30 717
30 806
30 825
30 930
30 968
31 41
31 55
31 118
31 152
31 209
31 216
31 259
31 586
31 632
31 639
31 863
31 907
31 943
32 105
32 145
32 172
32 223
32 224
32 228
32 310
32 352
32 414
32 503
32 583
32 584
32 767
32 899
32 901
33 65
33 94
33 101
33 133
33 363
33 367
33 520
33 553
33 627
33 689
33 809
33 815
33 951
33 954
33 957
34 63
34 176
34 413
34 489
34 537
34 587
34 612
34 628
34 662
34 809
34 834
34 916
35 104
35 120
35 212
35 338
35 374
35 500
35 643
35 682
35 828
35 866
35 875
36 141
36 157
36 163
36 193
36 206
36 226
36 267
36 318
36 429
36 521
36 615
36 730
36 824
36 876
36 910
36 971
37 86
37 119
37 138
37 321
37 332
37 366
37 401
37 506
37 554
37 555
37 570
37 576
37 600
37 602
37 706
37 714
37 771
37 812
37 914
38 115
38 192
38 201
38 240
38 393
38 667
38 792
38 794
38 892
39 151
39 285
39 319
39 380
39 409
39 496
39 513
39 581
39 749
39 775
39 944
39 963
39 998
39 1003
40 103
40 106
40 193
40 272
40 395
40 547
40 581
40 592
40 620
40 772
40 832
40 908
41 107
41 141
41 152
41 209
41 216
41 245
41 259
41 334
41 396
41 525
41 545
41 639
41 653
41 732
41 736
41 829
41 943
41 964
42 106
42 272
42 284
42 341
42 357
42 373
42 399
42 460
42 620
42 710
42 712
42 832
42 856
42 895
43 144
43 162
43 253
43 327
43 423
43 447
43 562
43 570
43 609
43 738
43 842
43 850
43 922
43 970
44 140
44 158
44 160
44 172
44 295
44 308
44 329
44 431
44 474
44 593
44 663
44 761
44 811
44 835
44 881
44 915
44 934
44 948
45 49
45 57
45 206
45 322
45 365
45 380
45 397
45 409
45 438
45 513
45 524
45 581
45 620
45 696
45 772
45 944
46 71
46 153
46 154
46 387
46 459
46 585
46 591
46 621
46 800
46 847
46 920
46 988
46 993
47 150
47 185
47 188
47 210
47 413
47 468
47 578
47 612
47 631
47 640
47 726
47 746
47 926
47 1002
48 52
48 73
48 75
48 121
48 215
48 224
48 242
48 248
48 281
48 299
48 389
48 434
48 582
48 690
48 744
48 819
48 888
48 966
48 1005
49 57
49 93
49 175
49 255
49 262
49 277
49 360
49 365
49 380
49 409
49 496
49 738
49 749
49 772
49 944
49 963
50 296
50 336
50 358
50 448
50 470
50 562
50 573
50 722
50 745
50 764
50 793
50 938
50 948
51 202
51 243
51 333
51 413
51 428
51 509
51 582
51 703
51 798
51 873
51 920
51 1002
52 73
52 75
52 224
52 248
52 249
52 389
52 405
52 434
52 486
52 515
52 655
52 813
52 841
52 857
53 104
53 120
53 212
53 412
53 468
53 490
53 500
53 568
53 601
53 619
53 709
53 913
53 982
54 57
54 89
54 165
54 376
54 449
54 482
54 491
54 678
54 734
54 775
54 811
55 200
55 246
55 441
55 558
55 632
55 711
55 754
55 826
55 827
55 838
55 890
55 896
55 907
55 912
56 193
56 235
56 256
56 330
56 351
56 396
56 438
56 524
56 692
56 697
56 698
56 739
56 776
56 777
56 854
56 890
56 943
56 958
56 1004
57 151
57 203
57 365
57 376
57 380
57 409
57 449
57 482
57 535
57 538
57 678
57 747
57 772
57 775
57 791
57 811
57 895
57 944
58 140
58 147
58 275
58 373
58 399
58 425
58 608
58 681
58 701
58 742
58 799
58 838
58 844
58 848
58 869
58 961
58 962
59 71
59 153
59 160
59 194
59 269
59 417
59 462
59 591
59 621
59 690
59 699
59 702
59 723
59 785
59 804
59 878
59 894
59 950
60 137
60 167
60 191
60 307
60 343
60 357
60 370
60 395
60 436
60 555
60 622
60 623
60 645
60 690
60 778
60 846
60 925
61 320
61 418
61 446
61 538
61 606
61 659
61 666
61 676
61 810
61 947
61 972
62 231
62 291
62 523
62 567
62 657
62 725
62 739
62 743
62 827
62 883
62 984
63 102
63 185
63 386
63 411
63 507
63 612
63 619
63 628
63 656
63 718
63 726
63 926
63 979
64 76
64 88
64 152
64 278
64 350
64 480
64 539
64 545
64 561
64 566
64 717
64 752
64 755
64 849
64 874
64 969
64 975
64 994
65 133
65 158
65 188
65 489
65 509
65 584
65 628
65 686
65 727
65 781
65 809
65 815
65 909
65 916
65 954
65 957
66 70
66 133
66 220
66 239
66 315
66 339
66 395
66 442
66 460
66 569
66 589
66 633
66 648
66 712
66 725
66 791
66 797
67 546
67 626
67 695
67 707
67 713
67 715
67 759
67 765
67 787
67 853
67 898
67 917
67 939
68 149
68 175
68 278
68 317
68 356
68 360
68 380
68 539
68 596
68 660
68 717
68 770
68 773
68 789
68 843
68 922
68 963
69 136
69 140
69 170
69 183
69 276
69 346
69 347
69 366
69 408
69 441
69 455
69 456
69 714
69 741
69 771
69 838
69 868
69 902
69 960
70 87
70 231
70 239
70 291
70 477
70 521
70 543
70 589
70 633
70 725
70 797
70 845
70 862
70 923
70 984
71 387
71 426
71 459
71 462
71 621
71 623
71 702
71 783
71 785
71 800
71 804
71 819
71 835
71 847
71 894
71 920
71 1007
72 113
72 181
72 230
72 236
72 258
72 282
72 303
72 403
72 423
72 580
72 685
72 696
72 746
72 842
72 953
72 970
72 1003
73 75
73 110
73 169
73 224
73 248
73 286
73 389
73 405
73 434
73 445
73 476
73 841
73 946
74 113
74 131
74 164
74 189
74 244
74 312
74 363
74 505
74 520
74 616
74 617
74 787
74 830
74 859
74 951
74 954
74 956
75 80
75 105
75 114
75 156
75 224
75 241
75 248
75 352
75 389
75 434
75 483
75 550
75 559
75 601
75 881
75 899
76 88
76 152
76 317
76 480
76 611
76 630
76 732
76 752
76 755
76 770
76 795
76 843
76 849
76 874
76 952
76 969
76 978
77 237
77 250
77 264
77 342
77 467
77 514
77 549
77 649
77 733
77 762
77 763
77 804
77 806
77 814
77 825
77 947
77 958
77 968
77 982
78 82
78 116
78 161
78 277
78 400
78 410
78 450
78 454
78 457
78 518
78 541
78 579
78 692
78 893
78 949
78 998
78 1003
79 166
79 168
79 191
79 261
79 270
79 275
79 307
79 372
79 465
79 638
79 681
79 716
79 791
79 799
79 802
79 817
79 848
80 95
80 105
80 114
80 199
80 215
80 224
80 299
80 352
80 405
80 407
80 786
80 841
80 855
80 881
80 899
80 913
80 941
80 942
81 102
81 111
81 144
81 190
81 282
81 336
81 364
81 392
81 435
81 562
81 640
81 852
81 974
82 319
82 410
82 450
82 541
82 607
82 692
82 749
82 808
82 870
82 893
82 944
82 998
83 297
83 377
83 390
83 546
83 590
83 605
83 645
83 684
83 695
83 707
83 765
83 882
83 948
84 208
84 261
84 361
84 438
84 452
84 693
84 753
84 768
84 805
84 837
84 849
84 879
84 893
84 919
84 928
84 980
84 1006
85 99
85 168
85 178
85 223
85 238
85 289
85 331
85 338
85 498
85 737
85 831
85 858
85 880
86 137
86 196
86 244
86 283
86 366
86 401
86 403
86 494
86 542
86 570
86 600
86 602
86 605
86 654
86 689
86 788
86 812
86 993
87 94
87 109
87 219
87 221
87 442
87 477
87 521
87 542
87 543
87 744
87 778
87 845
87 862
87 872
87 891
87 936
87 980
87 984
88 95
88 98
88 126
88 152
88 156
88 237
88 323
88 394
88 480
88 849
88 874
88 969
89 151
89 165
89 204
89 365
89 491
89 678
89 705
89 727
89 734
89 871
89 877
89 915
90 117
90 324
90 349
90 510
90 533
90 575
90 670
90 896
90 931
90 932
90 956
90 995
91 99
91 112
91 178
91 182
91 208
91 255
91 480
91 534
91 588
91 603
91 646
91 762
91 773
91 779
91 782
91 866
91 893
91 929
91 958
92 112
92 292
92 342
92 354
92 476
92 515
92 519
92 528
92 618
92 625
92 635
92 652
92 758
92 836
92 897
92 911
92 955
92 957
93 175
93 182
93 235
93 255
93 262
93 302
93 344
93 356
93 360
93 374
93 378
93 422
93 496
93 514
93 646
93 738
93 773
93 955
94 109
94 113
94 219
94 221
94 305
94 442
94 542
94 602
94 654
94 689
94 833
94 951
94 980
95 98
95 126
95 156
95 199
95 224
95 316
95 394
95 407
95 550
95 556
95 637
95 660
95 661
95 855
95 913
95 941
95 982
96 108
96 148
96 367
96 411
96 420
96 505
96 507
96 587
96 612
96 676
96 750
96 814
97 147
97 183
97 324
97 325
97 408
97 484
97 584
97 663
97 717
97 727
97 825
97 902
97 960
97 986
98 126
98 156
98 301
98 376
98 389
98 394
98 458
98 469
98 474
98 539
98 667
98 801
98 871
98 940
98 942
98 959
98 978
99 112
99 132
99 182
99 223
99 238
99 331
99 338
99 369
99 388
99 498
99 588
99 762
99 779
99 858
99 893
100 233
100 326
100 659
100 669
100 700
100 715
100 731
100 732
100 810
100 975
100 977
101 315
101 335
101 354
101 363
101 367
101 520
101 542
101 553
101 627
101 781
101 833
101 916
101 951
101 954
101 996
102 111
102 136
102 150
102 155
102 280
102 315
102 336
102 619
102 640
102 656
102 718
102 726
102 815
102 852
102 869
102 926
103 106
103 357
103 370
103 372
103 395
103 465
103 535
103 589
103 605
103 648
103 665
103 710
103 712
103 832
103 925
103 965
104 225
104 241
104 407
104 412
104 500
104 568
104 631
104 656
104 757
104 828
104 982
105 156
105 172
105 215
105 224
105 228
105 241
105 299
105 310
105 405
105 483
105 550
105 559
105 601
105 786
105 841
105 942
106 284
106 341
106 373
106 395
106 399
106 569
106 832
106 856
106 895
106 965
107 134
107 180
107 245
107 318
107 387
107 396
107 415
107 653
107 672
107 708
107 736
107 790
107 955
107 973
108 148
108 411
108 424
108 463
108 507
108 612
108 627
108 750
108 830
108 947
109 167
109 219
109 221
109 254
109 266
109 281
109 429
109 442
109 542
109 610
109 675
109 725
109 862
109 923
109 936
109 980
109 985
110 146
110 240
110 286
110 340
110 445
110 476
110 486
110 668
110 720
110 740
110 813
110 841
111 139
111 213
111 296
111 336
111 358
111 470
111 551
111 640
111 796
111 852
111 966
112 182
112 292
112 342
112 421
112 463
112 466
112 588
112 676
112 733
112 758
112 762
112 779
112 806
112 836
112 893
112 924
113 164
113 236
113 244
113 305
113 312
113 363
113 403
113 423
113 580
113 602
113 654
113 685
113 746
113 787
113 833
113 859
114 172
114 228
114 298
114 308
114 352
114 590
114 629
114 703
114 728
114 745
114 881
114 899
114 934
115 164
115 171
115 179
115 186
115 273
115 485
115 508
115 532
115 594
115 662
115 792
115 892
115 980
116 158
116 161
116 238
116 306
116 400
116 454
116 457
116 518
116 531
116 533
116 579
116 875
116 886
116 906
116 921
116 983
116 988
116 999
117 142
117 189
117 265
117 349
117 531
117 553
117 575
117 687
117 754
117 931
117 932
117 986
118 174
118 216
118 245
118 334
118 586
118 632
118 673
118 697
118 711
118 863
118 912
118 969
119 138
119 164
119 226
119 321
119 329
119 332
119 375
119 427
119 455
119 548
119 555
119 576
119 650
119 672
119 706
119 889
119 914
120 212
120 338
120 374
120 565
120 568
120 572
120 828
120 866
120 875
121 242
121 299
121 313
121 333
121 384
121 402
121 551
121 582
121 633
121 674
121 719
121 722
121 729
121 864
121 884
121 885
121 888
121 966
121 1001
121 1005
122 143
122 218
122 375
122 399
122 415
122 475
122 576
122 615
122 672
122 685
122 736
122 790
122 824
122 889
122 900
122 905
122 910
123 145
123 159
123 247
123 300
123 419
123 571
123 679
123 709
123 757
123 822
124 221
124 281
124 361
124 454
124 508
124 522
124 723
124 768
124 872
124 919
124 1006
124 1007
125 181
125 331
125 350
125 377
125 430
125 564
125 609
125 751
125 795
125 836
125 901
125 911
125 937
125 989
125 1000
126 156
126 208
126 209
126 323
126 348
126 394
126 673
126 752
126 755
126 825
126 874
126 930
127 186
127 201
127 205
127 295
127 316
127 379
127 394
127 434
127 439
127 458
127 469
127 582
127 667
127 786
127 794
127 892
127 997
128 133
128 135
128 155
128 200
128 225
128 346
128 476
128 624
128 640
128 701
128 709
128 718
128 784
128 848
128 857
128 868
128 869
128 961
128 996
129 146
129 192
129 227
129 240
129 286
129 393
129 434
129 502
129 813
129 892
129 942
130 165
130 472
130 491
130 512
130 671
130 678
130 734
130 763
130 785
131 171
131 189
131 305
131 311
131 363
131 403
131 432
131 471
131 505
131 520
131 650
131 830
131 898
131 951
131 954
131 956
132 181
132 288
132 369
132 388
132 422
132 447
132 505
132 572
132 627
132 682
132 688
132 866
133 220
133 315
133 346
133 442
133 640
133 648
133 718
133 784
133 809
133 815
133 954
133 957
133 961
133 996
134 197
134 221
134 268
134 279
134 387
134 415
134 485
134 537
134 552
134 594
134 792
134 805
134 955
134 973
135 219
135 220
135 225
135 270
135 454
135 476
135 501
135 519
135 624
135 647
135 683
135 691
135 709
135 857
135 861
135 869
135 962
135 974
136 150
136 155
136 183
136 280
136 315
136 346
136 421
136 424
136 455
136 549
136 587
136 714
136 741
136 771
136 784
136 815
136 869
137 196
137 307
137 357
137 395
137 430
137 436
137 494
137 546
137 605
137 645
137 654
137 665
137 684
137 788
137 846
137 918
137 993
138 196
138 207
138 321
138 332
138 337
138 384
138 406
138 441
138 443
138 555
138 576
138 577
138 651
138 706
138 821
138 885
138 992
139 213
139 296
139 300
139 328
139 451
139 470
139 511
139 551
139 613
139 694
139 722
139 864
139 938
139 981
139 1005
140 147
140 160
140 308
140 329
140 347
140 399
140 408
140 456
140 663
140 742
140 761
140 835
140 848
140 902
141 163
141 187
141 334
141 429
141 521
141 525
141 545
141 732
141 769
141 797
141 829
141 876
141 964
142 154
142 371
142 504
142 531
142 533
142 579
142 670
142 748
142 921
142 932
143 166
143 173
143 218
143 275
143 341
143 347
143 399
143 608
143 663
143 672
143 685
143 701
143 742
143 747
143 824
143 832
143 856
143 905
144 162
144 282
144 303
144 392
144 423
144 447
144 493
144 556
144 596
144 609
144 771
144 850
144 933
144 940
144 970
145 217
145 298
145 350
145 414
145 419
145 461
145 503
145 584
145 679
145 899
145 952
146 192
146 240
146 389
146 393
146 486
146 720
146 740
146 786
146 892
147 183
147 325
147 347
147 399
147 548
147 593
147 663
147 699
147 742
147 774
147 783
147 848
147 934
147 960
148 252
148 260
148 294
148 328
148 351
148 386
148 453
148 612
148 743
148 750
148 807
148 816
148 867
148 979
149 175
149 257
149 356
149 360
149 380
149 556
149 561
149 566
149 611
149 773
149 789
149 922
149 963
149 978
149 994
150 155
150 185
150 213
150 280
150 315
150 358
150 392
150 435
150 468
150 578
150 612
150 631
150 640
150 718
150 815
150 869
151 165
151 203
151 365
151 496
151 513
151 535
151 538
151 581
151 705
151 747
151 749
151 775
151 791
151 871
151 877
151 895
151 915
151 963
152 209
152 216
152 259
152 287
152 480
152 481
152 639
152 673
152 719
152 849
152 865
152 874
152 943
152 969
153 154
153 194
153 274
153 417
153 459
153 462
153 494
153 591
153 950
153 988
154 464
154 579
154 670
154 748
154 921
154 931
154 988
154 999
155 200
155 280
155 315
155 445
155 490
155 515
155 683
155 691
155 701
155 757
155 815
155 848
155 868
155 869
155 961
156 241
156 257
156 290
156 379
156 394
156 412
156 483
156 550
156 559
156 596
156 601
156 649
156 855
157 193
157 206
157 267
157 318
157 427
157 475
157 477
157 540
157 615
157 730
157 769
157 876
157 905
157 964
157 971
157 985
158 238
158 295
158 431
158 474
158 584
158 686
158 727
158 811
158 875
158 886
158 906
158 909
158 915
158 916
158 921
158 934
158 983
159 225
159 247
159 414
159 451
159 461
159 487
159 490
159 571
159 679
160 247
160 269
160 308
160 329
160 526
160 621
160 663
160 675
160 690
160 699
160 723
160 761
160 783
160 835
160 845
160 878
161 190
161 400
161 454
161 457
161 492
161 518
161 522
161 579
161 610
161 624
161 691
161 744
161 768
161 844
161 861
162 257
162 282
162 303
162 423
162 435
162 447
162 506
162 609
162 660
162 741
162 850
162 852
162 904
162 959
162 970
163 211
163 239
163 245
163 259
163 429
163 521
163 563
163 574
163 630
163 769
163 876
163 964
163 975
164 171
164 179
164 186
164 244
164 312
164 329
164 363
164 375
164 455
164 485
164 548
164 650
164 787
164 859
164 914
165 365
165 512
165 678
165 705
165 871
165 877
165 915
166 173
166 217
166 270
166 275
166 373
166 451
166 608
166 728
166 742
166 747
166 817
166 822
166 832
166 848
166 856
167 191
167 254
167 281
167 343
167 495
167 555
167 610
167 622
167 766
167 778
167 862
167 891
167 925
168 191
168 261
168 362
168 530
168 638
168 716
168 737
168 799
168 802
168 880
168 928
169 249
169 293
169 385
169 405
169 518
169 655
169 668
169 887
169 946
170 214
170 253
170 276
170 283
170 304
170 321
170 366
170 401
170 406
170 441
170 502
170 554
170 614
170 651
170 654
170 674
170 720
170 838
170 868
170 960
171 179
171 186
171 305
171 312
171 403
171 471
171 485
171 520
171 576
171 650
171 714
171 761
171 774
171 898
172 224
172 228
172 298
172 310
172 593
172 728
172 881
172 948
173 284
173 295
173 320
173 365
173 368
173 372
173 608
173 742
173 747
173 766
173 775
173 801
173 823
173 832
173 856
173 895
174 245
174 322
174 334
174 343
174 382
174 416
174 452
174 632
174 638
174 639
174 673
174 697
174 777
174 827
174 854
174 927
174 943
174 969
175 255
175 257
175 262
175 278
175 317
175 360
175 496
175 556
175 566
175 717
175 738
175 843
175 978
176 177
176 188
176 413
176 428
176 509
176 578
176 580
176 633
176 798
176 809
176 834
176 916
176 926
176 981
177 210
177 218
177 232
177 244
177 258
177 305
177 437
177 509
177 540
177 578
177 580
177 664
177 746
177 824
177 826
177 863
177 926
177 970
178 208
178 289
178 314
178 480
178 534
178 646
178 802
178 831
178 879
179 186
179 197
179 201
179 203
179 242
179 290
179 320
179 458
179 485
179 637
179 721
179 873
179 997
180 256
180 259
180 279
180 302
180 318
180 334
180 415
180 488
180 594
180 625
180 672
180 708
180 736
180 790
180 920
180 950
181 258
181 282
181 303
181 447
181 505
181 564
181 572
181 609
181 627
181 682
181 688
181 842
181 911
181 953
181 989
182 235
182 314
182 348
182 356
182 374
182 422
182 514
182 588
182 646
182 762
182 779
182 831
182 849
182 893
182 929
183 200
183 214
183 325
183 337
183 346
183 401
183 425
183 455
183 456
183 558
183 663
183 714
183 741
183 771
183 960
184 205
184 213
184 215
184 248
184 313
184 336
184 527
184 573
184 626
184 636
184 796
184 864
184 873
184 888
184 966
185 386
185 411
185 468
185 489
185 507
185 578
185 612
185 631
185 640
185 834
185 979
186 205
186 316
186 379
186 440
186 485
186 538
186 552
186 582
186 667
186 823
186 997
187 239
187 333
187 339
187 497
187 563
187 648
187 657
187 769
187 797
187 818
187 885
187 923
187 981
187 984
188 210
188 413
188 428
188 489
188 509
188 628
188 633
188 726
188 746
188 781
188 798
188 981
189 230
189 265
189 397
189 505
189 553
189 575
189 687
189 735
189 754
189 830
189 908
189 951
189 954
189 956
189 986
190 196
190 304
190 364
190 417
190 435
190 492
190 501
190 522
190 562
190 570
190 624
190 691
190 800
190 844
190 974
191 261
191 343
191 555
191 557
191 599
191 622
191 638
191 639
191 642
191 697
191 716
191 778
191 799
191 802
191 925
192 201
192 273
192 485
192 667
192 794
192 892
193 206
193 256
193 267
193 272
193 318
193 396
193 524
193 547
193 581
193 615
193 692
193 730
193 772
193 776
193 854
194 253
194 417
194 462
194 492
194 591
194 597
194 619
194 631
194 788
194 800
194 812
194 847
194 931
194 950
194 974
194 992
195 254
195 284
195 368
195 439
195 465
195 474
195 495
195 747
195 766
195 778
195 846
196 304
196 384
196 406
196 417
196 494
196 501
196 570
196 577
196 605
196 654
196 788
196 800
196 992
196 993
197 203
197 320
197 344
197 440
197 479
197 552
197 594
197 721
197 997
198 255
198 344
198 356
198 378
198 479
198 552
198 625
198 721
198 836
198 973
198 976
199 224
199 383
199 407
199 453
199 483
199 517
199 559
199 565
199 601
199 682
199 724
199 730
199 855
199 886
199 913
199 941
200 214
200 246
200 337
200 401
200 425
200 456
200 558
200 701
200 711
200 826
200 827
200 838
200 848
200 868
200 890
201 242
201 290
201 295
201 394
201 434
201 439
201 458
201 469
201 637
201 667
201 786
201 873
202 234
202 294
202 502
202 578
202 583
202 634
202 726
202 740
202 798
202 839
202 920
202 1002
203 233
203 320
203 418
203 535
203 538
203 606
203 721
203 747
203 780
203 791
203 823
203 895
203 997
204 265
204 325
204 408
204 431
204 484
204 503
204 510
204 678
204 727
204 781
204 809
204 983
205 215
205 242
205 243
205 248
205 313
205 316
205 379
205 582
205 629
205 667
205 796
205 798
205 864
205 873
205 997
206 267
206 318
206 450
206 488
206 513
206 516
206 524
206 547
206 615
206 620
206 653
206 730
206 777
206 1004
207 263
207 332
207 337
207 355
207 375
207 441
207 443
207 554
207 577
207 600
207 622
207 651
207 674
207 788
207 821
207 885
208 209
208 323
208 348
208 438
208 452
208 480
208 534
208 646
208 673
208 693
208 752
208 755
208 849
208 919
208 928
209 216
209 259
209 323
209 348
209 391
209 478
209 639
209 673
209 729
209 752
209 755
209 860
209 943
209 969
210 218
210 232
210 244
210 246
210 258
210 305
210 413
210 580
210 586
210 726
210 746
210 840
210 851
210 905
210 970
211 226
211 245
211 251
211 259
211 475
211 525
211 574
211 630
211 657
211 769
211 829
211 975
212 238
212 422
212 560
212 568
212 643
212 682
212 782
212 828
213 296
213 336
213 358
213 392
213 435
213 470
213 551
213 718
213 888
214 227
214 229
214 253
214 263
214 283
214 304
214 321
214 337
214 366
214 384
214 401
214 425
214 443
214 456
214 554
214 558
214 654
214 740
215 248
215 281
215 299
215 313
215 405
215 690
215 744
215 786
215 796
215 819
215 841
215 864
215 873
215 942
216 259
216 437
216 632
216 639
216 711
216 840
216 912
216 943
217 228
217 298
217 350
217 373
217 451
217 461
217 728
217 822
217 881
217 903
217 952
218 232
218 236
218 244
218 258
218 305
218 311
218 399
218 450
218 616
218 672
218 685
218 776
218 824
218 905
218 970
219 220
219 221
219 339
219 442
219 519
219 542
219 589
219 647
219 691
219 756
219 815
219 980
219 996
220 315
220 442
220 508
220 519
220 647
220 648
220 689
220 691
220 756
220 805
220 833
220 862
220 936
221 268
221 279
221 442
221 485
221 508
221 537
221 542
221 792
221 805
221 919
221 980
221 1006
222 247
222 328
222 345
222 379
222 386
222 487
222 511
222 523
222 551
222 637
222 750
222 822
222 867
222 938
222 945
223 238
223 297
223 331
223 338
223 352
223 498
223 583
223 704
223 767
223 858
223 901
223 918
223 937
223 952
223 989
224 228
224 248
224 310
224 389
224 407
224 434
224 855
224 913
224 941
225 241
225 407
225 451
225 476
225 487
225 490
225 568
225 624
225 631
225 656
225 679
225 709
225 757
225 857
225 869
226 427
226 475
226 525
226 672
226 824
226 889
226 910
226 971
227 229
227 260
227 263
227 286
227 366
227 384
227 393
227 433
227 443
227 502
227 641
227 720
227 740
227 767
227 813
227 839
227 1002
228 308
228 310
228 590
228 629
228 703
228 745
228 881
228 903
228 934
229 263
229 274
229 276
229 332
229 366
229 384
229 402
229 443
229 497
229 558
229 577
229 614
229 651
229 740
229 993
230 397
230 452
230 513
230 696
230 698
230 735
230 772
230 908
230 970
230 990
230 1003
231 252
231 291
231 345
231 567
231 657
231 739
231 827
231 883
231 923
232 236
232 244
232 258
232 305
232 341
232 432
232 516
232 540
232 617
232 685
232 692
232 742
232 790
232 889
232 970
233 418
233 446
233 595
233 606
233 669
233 780
233 810
233 823
233 882
234 260
234 294
234 318
234 330
234 432
234 502
234 583
234 616
234 634
234 641
234 677
234 724
234 740
234 750
234 760
234 900
234 979
235 330
235 351
235 356
235 374
235 381
235 422
235 499
235 514
235 603
235 646
235 671
235 733
235 777
235 894
235 958
235 968
236 311
236 341
236 403
236 423
236 450
236 540
236 580
236 616
236 685
236 742
236 746
236 776
236 790
236 889
237 317
237 323
237 325
237 503
237 649
237 733
237 825
237 902
237 909
237 930
237 982
237 994
238 331
238 338
238 422
238 498
238 560
238 782
238 828
238 858
238 875
238 886
238 906
238 921
238 983
239 497
239 563
239 589
239 633
239 657
239 725
239 797
239 818
239 885
239 964
240 393
240 434
240 486
240 720
240 740
240 794
240 942
241 267
241 309
241 407
241 483
241 550
241 559
241 568
241 572
241 601
241 631
241 643
241 656
241 757
241 913
241 941
242 243
242 290
242 299
242 458
242 582
242 629
242 637
242 798
242 873
242 888
242 966
242 1005
243 333
243 387
243 413
243 428
243 509
243 629
243 798
243 839
243 950
244 258
244 283
244 305
244 312
244 363
244 403
244 542
244 689
244 787
244 859
244 970
245 259
245 334
245 396
245 574
245 630
245 632
245 653
245 673
245 697
245 736
245 769
245 969
245 975
246 371
246 580
246 586
246 664
246 711
246 826
246 827
246 838
246 840
246 851
246 890
246 905
246 987
247 328
247 379
247 526
247 571
247 637
247 675
247 783
247 845
247 945
248 269
248 299
248 313
248 389
248 434
248 610
248 623
248 796
248 864
248 872
248 873
249 293
249 457
249 655
249 668
249 820
249 841
249 887
249 946
250 264
250 355
250 381
250 491
250 512
250 514
250 555
250 613
250 671
250 763
250 804
250 806
250 884
250 958
251 291
251 402
251 416
251 563
251 567
251 657
251 797
251 818
251 821
251 829
251 883
251 890
252 267
252 328
252 345
252 517
252 523
252 543
252 675
252 743
252 867
252 883
252 979
253 283
253 304
253 321
253 492
253 554
253 570
253 654
253 738
253 788
253 812
253 842
253 847
253 922
253 974
253 992
254 281
254 355
254 368
254 370
254 436
254 610
254 638
254 642
254 706
254 778
254 862
254 891
255 262
255 356
255 360
255 479
255 496
255 603
255 625
255 738
255 773
255 782
255 866
255 929
255 958
255 973
256 259
256 334
256 396
256 415
256 488
256 524
256 653
256 692
256 724
256 776
256 816
256 854
257 282
257 290
257 379
257 412
257 506
257 556
257 566
257 596
257 649
257 660
257 741
257 855
257 904
257 959
257 978
258 277
258 282
258 285
258 303
258 305
258 397
258 423
258 842
258 953
258 970
258 990
259 334
259 415
259 488
259 574
259 630
259 639
259 769
259 943
259 975
260 294
260 318
260 351
260 386
260 432
260 433
260 453
260 616
260 641
260 720
260 767
260 807
260 816
260 839
260 900
260 1002
261 534
261 598
261 638
261 716
261 799
261 802
261 831
261 837
261 879
261 893
261 1006
262 304
262 360
262 493
262 496
262 635
262 738
262 789
262 812
262 850
262 887
262 922
262 959
263 313
263 332
263 366
263 384
263 391
263 406
263 443
263 481
263 497
263 674
263 740
263 788
263 821
263 1005
264 287
264 462
264 472
264 478
264 499
264 514
264 621
264 644
264 763
264 804
264 806
264 894
264 958
265 324
265 325
265 408
265 421
265 467
265 510
265 553
265 575
265 659
265 687
265 754
265 935
265 986
266 309
266 345
266 429
266 543
266 571
266 675
266 699
266 725
266 730
266 743
266 835
266 845
266 923
266 936
266 945
266 985
267 309
267 318
267 517
267 523
267 543
267 559
267 572
267 615
267 643
267 675
267 730
267 913
267 941
268 279
268 353
268 391
268 420
268 424
268 448
268 485
268 532
268 537
268 626
268 628
268 636
268 662
268 719
268 792
268 805
268 834
269 299
269 436
269 610
269 621
269 623
269 690
269 699
269 723
269 819
269 872
269 878
269 925
270 275
270 329
270 454
270 501
270 618
270 647
270 683
270 774
270 817
270 844
270 848
270 861
270 962
270 974
271 306
271 338
271 383
271 431
271 483
271 560
271 579
271 686
271 760
271 816
271 886
271 906
271 941
272 357
272 529
272 547
272 581
272 620
272 712
272 735
272 772
272 856
273 312
273 485
273 508
273 532
273 594
273 650
273 662
273 792
273 794
273 980
273 997
274 283
274 459
274 494
274 585
274 602
274 645
274 651
274 665
274 992
274 993
275 341
275 347
275 425
275 663
275 701
275 817
275 838
275 848
275 869
275 961
276 332
276 337
276 366
276 402
276 441
276 497
276 558
276 577
276 614
276 687
276 711
276 838
276 868
276 907
276 960
276 995
277 285
277 397
277 409
277 423
277 749
277 949
277 963
277 990
277 1003
278 317
278 330
278 350
278 521
278 539
278 561
278 566
278 599
278 611
278 717
278 752
278 807
278 843
278 927
278 985
279 302
279 440
279 485
279 537
279 594
279 625
279 721
279 736
279 792
279 805
279 920
279 950
280 315
280 346
280 420
280 456
280 466
280 467
280 506
280 784
280 815
280 869
280 914
280 933
280 960
281 361
281 454
281 522
281 610
281 690
281 744
281 819
281 862
281 872
282 303
282 392
282 506
282 660
282 741
282 842
282 904
282 953
282 959
283 304
283 321
283 403
283 542
283 554
283 585
283 602
283 645
283 654
283 665
283 689
283 992
284 320
284 341
284 365
284 372
284 373
284 399
284 439
284 474
284 495
284 747
284 775
284 823
284 895
285 380
285 397
285 400
285 410
285 423
285 496
285 944
285 990
285 1003
286 293
286 393
286 398
286 445
286 476
286 486
286 502
286 813
286 841
287 478
287 481
287 613
287 673
287 719
287 860
287 865
287 894
287 1001
288 367
288 388
288 422
288 565
288 609
288 643
288 688
288 779
288 830
288 858
288 866
288 953
289 362
289 369
289 498
289 560
289 704
289 716
289 737
289 779
289 831
289 875
289 901
290 316
290 379
290 412
290 458
290 511
290 526
290 571
290 596
290 637
290 649
290 855
290 867
290 873
291 416
291 523
291 743
291 818
291 883
291 890
291 923
292 342
292 378
292 479
292 751
292 758
292 836
292 976
292 989
292 1000
293 340
293 398
293 486
293 544
293 607
293 668
293 887
294 311
294 351
294 386
294 453
294 502
294 583
294 615
294 617
294 634
294 641
294 708
294 740
294 807
294 816
295 368
295 394
295 431
295 434
295 439
295 469
295 474
295 766
295 786
295 801
295 811
295 895
295 915
295 934
296 327
296 364
296 448
296 470
296 551
296 573
296 590
296 764
297 335
297 377
297 430
297 473
297 605
297 645
297 704
297 765
297 853
297 918
297 937
297 952
297 957
297 989
298 300
298 350
298 461
298 487
298 608
298 728
298 903
298 952
299 405
299 582
299 610
299 623
299 786
299 841
299 872
299 888
299 942
299 966
299 1005
300 328
300 451
300 487
300 511
300 608
300 709
300 722
300 757
300 822
300 903
301 323
301 389
301 394
301 458
301 469
301 474
301 482
301 493
301 550
301 566
301 667
301 770
301 801
301 855
301 874
301 877
301 904
301 942
302 335
302 344
302 378
302 445
302 594
302 625
302 736
302 758
302 773
302 857
302 897
302 920
302 950
302 955
302 973
303 435
303 493
303 556
303 596
303 771
303 842
303 852
303 933
303 940
303 953
304 321
304 417
304 501
304 554
304 570
304 654
304 789
304 800
304 812
304 850
305 403
305 471
305 520
305 602
305 650
305 654
305 833
305 898
305 970
306 338
306 383
306 385
306 410
306 431
306 522
306 531
306 533
306 560
306 579
306 686
306 820
306 861
306 921
306 949
306 988
306 999
307 357
307 368
307 372
307 395
307 436
307 465
307 495
307 645
307 681
307 791
307 846
308 329
308 439
308 449
308 590
308 593
308 629
308 663
308 686
308 703
308 705
308 745
308 761
308 801
308 835
308 934
308 983
309 345
309 517
309 524
309 547
309 559
309 572
309 643
309 708
309 730
309 743
309 845
309 876
309 900
309 913
309 941
309 971
310 331
310 352
310 419
310 433
310 461
310 484
310 634
310 704
310 899
310 909
311 363
311 432
311 450
311 615
311 616
311 617
311 641
311 708
311 776
312 363
312 576
312 650
312 714
312 761
312 774
312 787
312 792
312 859
312 997
313 333
313 391
313 406
313 481
313 497
313 551
313 633
313 722
313 796
313 821
313 864
313 873
313 884
313 1001
313 1005
314 348
314 498
314 534
314 737
314 802
314 831
314 849
314 879
314 929
315 335
315 354
315 442
315 648
315 781
315 815
315 869
315 916
315 951
315 996
316 379
316 511
316 526
316 550
316 556
316 571
316 582
316 637
316 660
316 661
316 667
316 867
316 982
316 997
317 325
317 503
317 630
317 717
317 732
317 752
317 843
317 902
317 909
317 930
317 994
318 432
318 615
318 616
318 672
318 708
318 730
318 790
318 900
319 400
319 409
319 516
319 588
319 607
319 776
319 808
319 837
319 870
319 949
319 998
320 365
320 372
320 446
320 538
320 666
320 721
320 775
320 810
320 823
320 997
321 332
321 455
321 554
321 555
321 576
321 600
321 654
321 706
321 741
321 933
322 348
322 397
322 416
322 438
322 452
322 480
322 530
322 581
322 639
322 680
322 696
322 698
322 753
322 777
322 827
322 854
322 1006
323 348
323 469
323 550
323 673
323 752
323 755
323 855
323 874
324 421
324 467
324 510
324 659
324 727
324 896
324 902
324 932
324 935
324 956
324 986
324 995
325 408
325 503
325 510
325 663
325 902
325 909
325 930
325 960
325 994
326 446
326 669
326 700
326 715
326 731
326 732
326 780
326 935
326 972
326 975
327 364
327 392
327 492
327 501
327 562
327 590
327 764
327 793
327 852
328 379
328 451
328 511
328 637
328 722
328 743
328 867
328 945
328 979
329 375
329 455
329 548
329 618
329 647
329 650
329 663
329 761
329 774
329 835
329 844
329 914
330 351
330 521
330 599
330 611
330 641
330 677
330 724
330 750
330 760
330 777
330 807
330 927
330 958
330 979
330 985
331 338
331 350
331 377
331 430
331 433
331 498
331 634
331 704
331 751
331 795
331 858
331 899
331 901
332 402
332 497
332 555
332 558
332 576
332 577
332 614
332 674
332 706
332 788
333 339
333 413
333 509
333 551
333 563
333 633
333 648
333 722
333 884
333 923
333 981
333 984
333 1001
334 415
334 488
334 525
334 545
334 632
334 673
334 697
334 732
334 829
334 964
334 969
335 354
335 430
335 445
335 473
335 758
335 781
335 853
335 857
335 897
335 916
335 951
335 957
335 973
335 996
336 358
336 640
336 722
336 764
336 852
336 888
336 938
337 401
337 425
337 441
337 443
337 456
337 558
337 651
337 687
337 711
337 821
337 885
337 907
337 995
338 374
338 383
338 431
338 498
338 560
338 579
338 686
338 858
338 866
338 875
339 395
339 460
339 563
339 569
339 589
339 648
339 712
339 756
339 791
339 815
339 923
339 981
339 984
339 996
340 398
340 544
340 607
340 635
340 655
340 668
340 813
340 946
340 967
341 347
341 373
341 399
341 540
341 663
341 701
341 742
341 790
341 889
341 895
342 369
342 467
342 541
342 549
342 646
342 758
342 762
342 814
342 836
342 837
342 858
342 924
342 929
342 947
342 968
343 362
343 382
343 555
343 598
343 622
343 638
343 642
343 681
343 778
343 817
343 879
343 880
343 925
343 927
343 943
344 378
344 440
344 479
344 773
344 836
344 955
344 976
345 386
345 511
345 523
345 730
345 743
345 750
345 845
345 883
346 420
346 455
346 466
346 467
346 640
346 714
346 718
346 741
346 771
346 784
346 961
346 996
347 408
347 456
347 548
347 593
347 663
347 699
347 701
347 774
347 783
347 902
347 934
348 480
348 530
348 673
348 680
348 698
348 752
348 753
348 755
348 831
348 849
348 929
348 1006
349 417
349 464
349 468
349 597
349 656
349 748
349 847
349 931
349 988
350 377
350 430
350 461
350 539
350 561
350 566
350 751
350 752
350 795
350 901
350 952
351 382
351 386
351 429
351 453
351 477
351 557
351 561
351 677
351 777
351 807
351 816
351 843
351 958
352 419
352 461
352 484
352 583
352 767
352 881
352 899
352 901
352 909
353 391
353 444
353 448
353 471
353 473
353 527
353 626
353 636
353 662
353 707
353 719
353 796
353 859
353 888
353 917
353 939
353 991
354 377
354 444
354 476
354 515
354 528
354 625
354 713
354 781
354 916
354 918
354 951
354 955
354 957
354 996
355 370
355 375
355 436
355 554
355 555
355 577
355 600
355 613
355 622
355 638
355 642
355 671
355 706
355 884
355 891
356 374
356 380
356 422
356 479
356 514
356 625
356 646
356 773
356 789
356 922
356 963
356 973
357 372
357 395
357 436
357 535
357 589
357 620
357 645
357 648
357 710
357 712
357 846
357 856
357 965
358 392
358 435
358 718
358 722
358 764
358 796
358 938
358 966
359 442
359 519
359 528
359 536
359 548
359 564
359 618
359 624
359 647
359 683
359 756
359 758
359 761
359 887
359 962
359 967
360 496
360 539
360 561
360 596
360 611
360 660
360 738
360 770
360 994
361 426
361 454
361 522
361 753
361 768
361 805
361 872
361 878
361 980
362 498
362 530
362 598
362 642
362 681
362 716
362 817
362 879
362 880
362 928
363 367
363 432
363 520
363 553
363 627
363 787
363 859
364 435
364 562
364 590
364 764
364 793
364 842
364 850
364 974
365 372
365 380
365 409
365 705
365 772
365 775
365 823
365 871
365 877
365 915
365 944
366 384
366 401
366 441
366 443
366 570
366 600
366 602
366 740
366 812
366 838
366 868
366 960
367 388
367 411
367 420
367 505
367 520
367 553
367 565
367 587
367 609
367 627
367 643
367 830
367 953
368 495
368 766
368 778
368 801
368 895
369 388
369 541
369 560
369 646
369 704
369 737
369 779
369 837
369 858
369 875
369 901
369 924
369 929
370 436
370 465
370 605
370 623
370 638
370 642
370 665
370 690
370 706
370 712
370 891
370 925
371 504
371 533
371 664
371 687
371 803
371 896
371 987
372 465
372 535
372 589
372 648
372 681
372 710
372 775
372 791
372 823
372 965
373 399
373 451
373 608
373 681
373 701
373 728
373 799
373 822
373 844
373 895
373 962
374 388
374 422
374 514
374 646
374 688
374 782
374 866
374 875
375 455
375 475
375 548
375 554
375 576
375 577
375 600
375 622
375 650
375 790
375 910
375 914
376 444
376 449
376 469
376 482
376 539
376 564
376 652
376 678
376 775
376 811
376 853
376 871
376 877
376 940
376 959
376 978
377 430
377 444
377 605
377 645
377 713
377 751
377 765
377 795
377 901
377 918
378 479
378 552
378 721
378 773
378 955
378 1000
379 412
379 582
379 596
379 637
379 649
379 667
379 855
379 945
379 997
380 409
380 496
380 772
380 773
380 789
380 922
380 944
380 963
380 1003
381 491
381 499
381 512
381 603
381 622
381 671
381 694
381 706
381 733
381 763
381 894
381 968
381 1001
382 429
382 477
382 557
382 561
382 599
382 638
382 677
382 840
382 843
382 859
382 863
382 898
382 927
382 943
383 431
383 453
383 559
383 560
383 579
383 686
383 724
383 886
383 906
384 402
384 406
384 443
384 577
384 674
384 719
384 729
384 740
384 864
384 885
384 992
385 410
385 457
385 518
385 522
385 544
385 655
385 820
385 861
385 870
385 921
385 949
386 411
386 453
386 507
386 511
386 523
386 750
386 807
386 816
386 979
387 415
387 428
387 459
387 621
387 800
387 839
387 847
387 920
387 950
387 955
387 973
388 565
388 609
388 643
388 688
388 782
388 830
388 953
389 393
389 434
389 458
389 474
389 667
389 786
389 801
389 942
390 404
390 546
390 590
390 595
390 731
390 759
390 780
390 810
390 882
390 948
391 406
391 448
391 478
391 481
391 497
391 626
391 636
391 662
391 719
391 729
391 821
391 860
391 969
391 1005
392 435
392 492
392 501
392 718
392 793
392 852
393 502
393 786
393 794
393 813
394 434
394 439
394 469
394 482
394 493
394 566
394 770
394 786
394 877
394 904
395 436
395 460
395 569
395 645
395 712
395 791
395 832
395 846
396 453
396 488
396 524
396 653
396 692
396 736
396 760
396 776
396 854
397 423
397 438
397 581
397 696
397 735
397 908
397 990
398 486
398 604
398 635
398 655
398 668
398 870
398 946
398 967
399 672
399 685
399 742
399 824
399 848
399 895
399 905
400 410
400 454
400 457
400 516
400 518
400 579
400 588
400 776
400 808
400 837
400 949
401 406
401 425
401 456
401 502
401 558
401 570
401 600
401 602
401 614
401 651
401 674
401 720
401 812
402 497
402 558
402 563
402 567
402 577
402 614
402 674
402 719
402 729
402 797
402 821
402 864
402 885
403 423
403 471
403 520
403 542
403 580
403 650
403 685
403 689
403 746
403 898
404 595
404 658
404 684
404 715
404 745
404 765
404 780
404 810
404 882
405 486
405 515
405 786
405 813
405 841
405 857
405 942
405 946
406 481
406 497
406 502
406 577
406 614
406 651
406 674
406 720
406 821
406 992
406 1005
407 483
407 517
407 565
407 568
407 601
407 631
407 656
407 682
407 730
407 757
407 855
407 913
407 941
408 456
408 484
408 510
408 584
408 717
408 825
408 902
409 749
409 772
409 944
409 963
409 998
410 450
410 522
410 541
410 692
410 820
410 861
410 893
410 921
410 949
410 998
411 420
411 463
411 505
411 507
411 587
411 947
411 979
412 596
412 649
412 661
412 806
412 855
412 930
412 968
412 982
413 509
413 726
413 746
413 809
413 834
413 916
414 419
414 461
414 503
414 584
414 728
414 795
414 899
414 903
415 488
415 615
415 736
415 889
415 900
415 955
415 973
416 425
416 452
416 639
416 664
416 739
416 777
416 818
416 827
416 851
416 854
416 868
416 883
416 890
416 907
416 912
417 462
417 464
417 468
417 501
417 570
417 591
417 656
417 800
417 847
417 950
418 463
418 606
418 659
418 666
418 780
418 814
418 823
418 972
419 461
419 484
419 679
419 728
419 795
419 903
419 909
420 424
420 466
420 467
420 505
420 532
420 587
420 628
420 834
421 424
421 463
421 466
421 467
421 549
421 587
421 659
421 676
421 733
421 784
421 806
421 924
421 935
422 514
422 560
422 646
422 782
422 828
422 866
423 447
423 580
423 609
423 685
423 746
423 850
423 970
423 990
424 507
424 532
424 549
424 587
424 627
424 628
424 784
424 830
424 834
425 456
425 558
425 664
425 739
425 838
425 851
425 868
425 869
425 907
425 912
425 961
426 462
426 530
426 623
426 693
426 723
426 783
426 819
426 835
426 878
426 1007
427 475
427 540
427 574
427 672
427 829
427 876
427 889
427 905
427 910
428 582
428 633
428 703
428 798
428 839
428 873
428 950
428 981
429 477
429 521
429 557
429 561
429 675
429 677
429 725
429 843
429 876
429 923
429 936
429 985
430 473
430 546
430 665
430 684
430 751
430 795
430 853
430 901
430 918
430 957
431 474
431 484
431 503
431 560
431 579
431 686
431 781
431 809
431 811
431 915
431 934
431 983
432 516
432 616
432 617
432 685
432 692
432 900
433 583
433 629
433 634
433 641
433 704
433 720
433 767
433 839
433 899
433 1002
434 439
434 469
434 786
434 942
435 562
435 718
435 852
435 974
436 638
436 642
436 645
436 706
436 819
436 846
436 891
436 925
437 471
437 540
437 557
437 586
437 632
437 664
437 746
437 787
437 824
437 826
437 840
437 863
437 927
438 452
438 581
438 693
438 696
438 697
438 698
438 739
438 849
438 890
438 919
438 928
438 943
438 1004
439 449
439 469
439 474
439 495
439 593
439 686
439 705
439 747
439 786
439 801
439 983
440 479
440 538
440 552
440 721
440 823
441 443
441 558
441 651
441 754
441 821
441 838
441 868
441 885
441 896
441 912
441 960
442 542
442 618
442 624
442 648
442 683
442 756
442 980
443 494
443 585
443 614
443 651
443 740
443 821
443 885
444 471
444 473
444 527
444 564
444 652
444 707
444 713
444 853
444 859
444 877
444 918
444 939
445 476
445 490
445 515
445 683
445 691
445 757
445 758
445 841
445 857
445 897
445 961
445 973
446 538
446 595
446 666
446 700
446 780
446 810
446 882
447 505
447 536
447 572
447 609
447 627
447 652
447 682
447 688
447 751
447 850
447 937
447 953
447 970
448 573
448 626
448 636
448 662
448 719
448 796
448 888
448 917
448 991
449 472
449 482
449 593
449 678
449 686
449 702
449 705
449 775
449 801
449 811
449 915
449 983
450 488
450 516
450 541
450 547
450 616
450 653
450 692
450 776
450 777
450 893
450 998
450 1004
451 487
451 490
451 511
451 679
451 722
451 728
451 822
452 513
452 639
452 693
452 698
452 772
452 777
452 827
452 849
452 854
452 919
452 928
452 990
453 488
453 559
453 724
453 760
453 807
453 816
453 886
454 457
454 501
454 518
454 522
454 579
454 683
454 861
454 872
454 962
454 974
455 548
455 600
455 650
455 714
455 741
455 771
455 914
455 933
456 506
456 558
456 784
456 902
456 914
456 933
456 960
457 518
457 544
457 579
457 820
457 870
457 946
458 474
458 637
458 667
458 794
458 801
458 873
458 892
458 942
459 494
459 591
459 621
459 748
459 800
459 847
459 920
459 999
460 569
460 592
460 710
460 712
460 735
460 791
460 832
460 965
461 484
461 909
461 952
462 472
462 499
462 591
462 621
462 623
462 644
462 783
462 819
462 835
462 950
462 1007
463 466
463 666
463 676
463 733
463 806
463 814
463 924
463 947
464 468
464 575
464 597
464 656
464 847
464 931
464 932
464 999
465 605
465 665
465 681
465 712
465 766
465 791
465 846
465 925
466 467
466 510
466 549
466 676
466 733
466 806
466 924
466 972
466 977
466 986
467 549
467 659
467 762
467 814
467 935
467 947
467 968
468 490
468 500
468 578
468 601
468 612
468 619
468 631
468 640
468 656
468 709
468 847
468 913
469 539
469 550
469 786
469 855
469 871
469 874
469 940
469 959
469 978
470 551
470 562
470 636
470 745
470 764
470 793
470 948
470 991
471 473
471 520
471 527
471 557
471 586
471 650
471 707
471 787
471 859
471 898
471 927
471 939
472 491
472 499
472 621
472 644
472 702
472 785
472 915
473 482
473 527
473 536
473 707
473 713
473 853
473 859
473 871
473 911
473 939
473 957
474 495
474 667
474 747
474 801
474 811
474 915
474 934
474 942
475 525
475 540
475 576
475 790
475 876
475 905
475 910
476 515
476 528
476 624
476 625
476 709
476 841
476 857
476 869
476 955
476 957
477 521
477 543
477 557
477 561
477 677
477 769
477 843
477 845
477 862
477 964
477 971
477 984
477 985
478 694
478 729
478 860
478 865
478 884
478 894
478 969
479 625
479 973
479 1000
480 530
480 534
480 646
480 680
480 698
480 753
480 849
480 874
480 969
480 1006
481 497
481 527
481 532
481 537
481 573
481 673
481 719
481 729
481 821
481 865
481 917
481 991
481 1005
482 493
482 536
482 566
482 678
482 713
482 770
482 775
482 811
482 871
482 877
482 904
482 911
483 517
483 550
483 559
483 565
483 601
483 682
483 730
483 760
483 816
483 906
483 941
484 503
484 584
484 717
484 781
484 809
484 825
484 909
484 983
485 537
485 792
485 794
485 805
486 515
486 720
486 740
486 813
486 857
487 490
487 551
487 608
487 679
487 822
487 867
487 903
487 938
488 516
488 547
488 653
488 760
488 777
488 1004
489 509
489 537
489 587
489 628
489 662
489 781
489 834
490 500
490 515
490 601
490 619
490 679
490 683
490 691
490 709
490 757
490 913
490 961
491 512
491 734
491 785
492 501
492 522
492 624
492 691
492 788
492 793
492 812
492 844
492 847
492 852
492 974
492 992
493 556
493 566
493 596
493 635
493 770
493 771
493 877
493 887
493 904
493 922
493 933
493 940
493 959
494 585
494 605
494 614
494 654
494 788
494 993
495 747
495 766
495 891
496 513
496 581
496 738
496 749
496 775
496 944
496 963
496 1003
497 558
497 577
497 614
497 657
497 818
497 821
497 885
497 1005
498 534
498 716
498 737
498 858
499 603
499 621
499 644
499 671
499 733
499 804
499 860
499 865
499 894
499 968
500 568
500 601
500 619
500 649
500 661
500 709
500 828
500 913
501 570
501 683
501 793
501 800
501 852
501 861
501 962
501 974
502 583
502 614
502 634
502 651
502 674
502 720
502 740
502 813
503 584
503 781
503 809
503 899
503 902
503 909
503 930
503 983
503 994
504 533
504 754
504 803
504 826
504 851
504 987
504 995
505 572
505 587
505 627
505 682
505 688
505 830
505 951
505 954
505 956
506 554
506 660
506 714
506 741
506 771
506 784
506 904
506 914
506 933
506 959
506 960
507 627
507 676
507 814
507 830
507 979
508 532
508 594
508 662
508 689
508 756
508 805
508 833
508 862
508 919
508 936
508 980
508 1006
509 578
509 580
509 628
509 781
509 926
510 549
510 896
510 932
510 956
510 972
510 977
510 986
510 995
511 523
511 526
511 571
511 722
511 750
511 867
512 644
512 678
512 702
512 734
513 524
513 581
513 620
513 698
513 749
513 772
513 775
513 963
513 990
514 603
514 646
514 677
514 763
514 804
514 806
514 807
514 854
514 958
514 1004
515 528
515 625
515 683
515 691
515 757
515 813
515 857
515 955
515 957
515 961
516 547
516 588
516 617
516 653
516 685
516 692
516 776
516 777
516 808
516 837
516 949
516 1004
517 523
517 524
517 543
517 547
517 565
517 601
517 675
517 682
517 708
517 730
517 876
517 900
517 971
518 579
518 604
518 607
518 655
518 820
519 548
519 618
519 635
519 647
519 652
519 691
519 761
519 897
519 911
519 962
520 553
520 616
520 617
520 627
520 650
520 898
521 543
521 599
521 611
521 807
521 845
521 862
521 876
521 927
521 984
521 985
522 624
522 691
522 820
522 844
522 861
522 872
522 921
522 949
523 543
523 675
523 743
523 750
524 547
524 620
524 692
524 708
524 776
524 854
524 876
524 900
524 971
525 545
525 567
525 574
525 732
525 818
525 829
525 964
526 571
526 675
526 679
526 783
526 845
526 867
526 945
527 532
527 537
527 573
527 626
527 636
527 707
527 729
527 859
527 917
527 939
527 966
527 991
528 536
528 564
528 625
528 647
528 758
528 762
528 887
528 897
528 924
528 955
528 957
528 967
528 976
528 1000
529 553
529 569
529 592
529 696
529 710
529 735
529 908
529 956
529 990
530 680
530 693
530 698
530 723
530 753
530 928
530 1006
531 533
531 670
531 803
531 932
531 987
531 988
531 999
532 537
532 573
532 594
532 628
532 662
532 729
532 834
532 917
532 980
532 991
533 575
533 670
533 988
533 999
534 598
534 646
534 737
534 831
535 538
535 589
535 648
535 710
535 747
535 791
535 799
535 817
535 846
535 895
535 965
536 564
536 647
536 652
536 713
536 751
536 758
536 871
536 887
536 911
536 937
536 953
536 967
537 573
537 587
537 662
537 729
537 792
537 805
537 917
537 991
538 552
538 666
538 747
538 791
538 810
538 823
538 895
539 561
539 566
539 596
539 660
539 752
539 770
539 871
539 940
539 959
539 978
540 664
540 742
540 746
540 790
540 824
540 826
540 863
540 876
540 889
540 905
541 588
541 598
541 646
541 692
541 753
541 802
541 837
541 858
541 893
541 919
541 924
541 929
541 998
542 689
542 833
542 954
542 980
543 571
543 675
543 699
543 835
543 845
543 862
543 945
543 984
544 604
544 607
544 808
544 870
544 998
545 630
545 658
545 669
545 700
545 717
545 732
545 755
545 759
545 829
545 964
545 975
545 994
546 590
546 665
546 684
546 765
546 882
546 918
546 939
546 948
547 581
547 653
547 708
547 772
547 777
547 876
547 900
547 971
547 1004
548 593
548 650
548 699
548 761
548 774
548 783
548 914
548 934
548 962
549 587
549 762
549 784
549 814
549 947
549 968
549 972
549 977
549 986
550 556
550 559
550 601
550 637
550 660
550 661
550 855
550 874
550 982
551 633
551 722
551 822
551 867
551 884
551 938
551 1001
552 594
552 721
552 823
553 575
553 592
553 627
553 687
553 696
553 754
553 956
553 986
553 990
554 577
554 600
554 622
554 654
554 714
554 771
554 914
555 576
555 613
555 622
555 671
555 706
555 778
555 884
555 925
556 566
556 596
556 637
556 660
556 661
556 771
556 933
556 940
556 978
556 982
557 561
557 586
557 599
557 639
557 642
557 677
557 697
557 787
557 843
557 927
558 577
558 614
558 754
558 896
558 912
559 572
559 601
559 643
559 724
559 886
559 913
559 941
560 579
560 686
560 704
560 737
560 779
560 782
560 828
560 875
560 901
561 566
561 611
561 677
561 752
561 843
561 994
562 745
562 793
562 948
562 974
563 567
563 648
563 797
563 821
563 923
563 964
563 981
563 984
564 609
564 647
564 652
564 758
564 853
564 877
564 887
564 911
564 967
564 989
565 572
565 601
565 609
565 643
565 682
565 730
565 828
565 830
565 953
566 752
566 770
566 877
566 904
566 978
567 574
567 657
567 739
567 797
567 818
567 821
567 827
568 631
568 649
568 656
568 661
568 757
569 710
569 712
569 791
569 856
569 908
569 965
570 600
570 602
570 738
570 800
570 812
570 842
570 922
571 699
571 835
571 867
571 945
572 627
572 643
572 682
572 688
572 828
572 913
572 941
573 626
573 636
573 729
573 917
573 966
573 991
574 630
574 769
574 818
574 829
574 910
574 975
575 597
575 670
575 687
575 754
575 932
575 986
576 706
576 714
576 761
576 774
576 790
576 910
577 600
577 614
577 622
577 992
578 580
578 612
578 631
578 640
578 726
578 839
578 926
579 670
579 686
579 748
579 921
580 586
580 685
580 746
580 840
580 851
580 905
580 926
581 696
581 749
581 772
581 775
581 963
582 667
582 703
582 873
582 888
582 966
582 997
582 1005
583 629
583 634
583 740
583 767
583 901
584 686
584 717
584 727
584 825
584 899
584 909
584 916
585 591
585 602
585 614
585 645
585 665
585 992
585 993
586 787
586 840
586 851
586 863
586 905
586 927
587 662
587 784
588 598
588 753
588 762
588 776
588 779
588 802
588 808
588 837
588 893
588 919
588 949
589 633
589 648
589 710
589 725
589 756
589 797
589 815
589 965
589 996
590 629
590 703
590 745
590 764
590 882
590 934
590 948
591 748
591 950
591 993
591 999
592 620
592 696
592 735
592 908
592 956
592 965
592 990
593 686
593 699
593 705
593 774
593 783
593 801
593 881
593 934
593 948
593 983
594 625
594 662
594 736
594 920
594 950
594 980
595 684
595 731
595 745
595 759
595 765
595 882
596 649
596 660
596 770
596 771
596 855
596 933
596 940
597 619
597 631
597 748
597 800
597 931
597 932
597 988
598 642
598 681
598 753
598 802
598 817
598 831
598 879
598 880
598 919
599 611
599 639
599 642
599 697
599 807
599 840
599 859
599 863
599 898
599 927
599 985
600 602
600 622
600 741
600 812
600 933
601 619
601 682
601 709
601 730
601 913
602 645
602 654
602 665
602 812
602 833
602 992
603 671
603 677
603 733
603 773
603 782
603 807
603 854
603 866
603 894
603 929
603 958
603 968
603 1004
604 607
604 668
604 808
604 820
604 870
604 998
605 645
605 654
605 665
605 712
605 765
605 788
605 925
605 993
606 666
606 676
606 780
606 823
606 935
606 947
606 977
607 820
607 870
608 681
608 701
608 742
608 747
608 799
608 832
608 844
608 856
608 903
608 962
609 643
609 830
609 850
609 911
609 953
609 970
609 989
610 623
610 744
610 768
610 861
610 862
610 872
611 755
611 770
611 795
611 807
611 843
611 927
611 952
611 978
611 985
611 994
612 628
612 631
612 640
612 750
613 671
613 694
613 860
613 864
613 884
613 938
613 981
613 1001
613 1005
614 651
614 674
614 720
615 617
615 641
615 708
615 730
615 736
615 889
615 900
616 617
616 776
616 900
617 641
617 685
617 692
617 708
618 624
618 635
618 647
618 652
618 683
618 756
618 774
618 844
618 897
618 911
619 631
619 656
619 709
619 718
619 726
619 800
619 913
619 926
619 931
620 712
620 856
620 908
621 644
621 690
621 699
621 723
621 800
621 847
621 878
621 920
622 694
622 706
622 763
622 778
622 925
622 1001
623 690
623 783
623 819
623 835
623 872
623 1007
624 683
624 691
624 709
624 756
624 844
624 857
624 869
625 736
625 920
625 950
625 955
625 957
625 973
626 636
626 662
626 695
626 713
626 719
626 787
626 853
626 898
626 917
626 966
627 682
627 688
627 830
628 781
628 834
629 703
629 745
629 798
629 934
630 658
630 669
630 700
630 732
630 752
630 759
630 769
630 975
631 640
631 656
631 757
631 800
631 931
632 673
632 697
632 840
632 907
632 969
633 722
633 725
633 797
633 798
633 884
633 981
633 1001
634 703
634 704
634 740
634 767
634 899
635 652
635 655
635 887
635 897
635 911
635 922
635 946
635 959
635 967
636 662
636 719
636 764
636 966
636 991
637 660
637 661
637 873
637 945
637 982
638 642
638 706
638 716
638 799
638 802
638 891
638 927
638 943
639 642
639 697
639 777
639 827
639 854
639 943
640 718
640 784
640 852
640 961
640 996
641 677
641 708
641 720
641 724
641 750
641 760
641 767
641 839
641 979
641 1002
642 681
642 697
642 706
642 817
642 879
642 880
642 891
643 682
643 830
643 913
643 941
643 953
644 702
644 705
644 734
644 785
644 811
645 665
645 765
645 846
645 992
646 837
646 858
646 924
646 929
647 691
647 758
647 774
647 844
647 887
647 967
648 710
648 923
648 965
648 981
648 984
649 661
649 733
649 825
649 855
649 982
650 792
650 898
650 914
650 997
651 674
651 720
651 821
651 885
651 993
652 751
652 853
652 877
652 897
652 911
652 937
652 953
653 724
653 736
653 777
653 816
653 1004
654 788
654 833
654 993
655 841
655 946
655 967
656 718
656 726
656 757
656 847
656 926
657 739
657 818
657 827
657 829
657 885
658 669
658 695
658 700
658 715
658 731
658 759
658 882
658 939
659 700
659 935
659 972
659 977
660 661
660 741
660 770
660 904
660 959
660 982
661 806
661 930
661 968
661 982
662 719
662 980
663 701
663 761
663 835
663 960
664 739
664 746
664 824
664 826
664 851
664 863
664 868
664 907
664 912
664 987
665 684
665 712
665 918
665 925
665 992
666 810
666 814
666 935
666 977
667 801
667 942
667 997
668 813
668 870
668 887
669 700
669 759
669 810
669 935
669 972
670 748
670 803
670 921
670 987
671 733
671 734
671 763
671 884
671 894
671 968
672 685
672 708
672 790
672 824
672 889
672 905
673 697
673 719
673 752
673 755
673 865
673 969
674 719
674 720
674 729
674 788
674 864
674 885
675 725
675 783
675 845
675 923
675 936
675 985
676 733
676 806
676 814
676 924
676 947
677 724
677 750
677 760
677 807
677 843
677 854
677 979
677 1004
678 727
678 775
678 811
679 945
680 693
680 698
680 716
680 753
680 878
680 880
680 928
680 1006
680 1007
681 701
681 791
681 799
681 817
681 844
681 879
681 880
681 962
682 688
682 730
683 691
683 756
683 757
683 861
683 961
683 962
683 974
684 695
684 707
684 745
684 765
684 918
685 692
685 746
685 824
685 905
686 705
686 727
686 801
686 909
686 916
686 983
687 711
687 754
687 803
687 896
687 907
687 986
687 995
688 779
688 782
688 858
689 756
689 805
689 833
689 862
689 936
689 951
690 699
690 723
690 744
690 819
690 878
691 757
691 844
691 961
692 776
692 854
692 893
692 998
693 716
693 723
693 849
693 880
693 919
693 928
694 706
694 763
694 864
694 865
694 884
694 938
694 981
694 1001
694 1005
695 707
695 713
695 731
695 787
695 853
695 898
695 917
695 939
696 956
696 970
696 990
696 1003
697 698
697 739
697 890
697 943
697 969
697 1004
698 739
698 753
698 772
698 890
698 943
698 990
698 1004
698 1006
699 723
699 774
699 783
699 835
699 878
699 934
699 945
700 759
700 780
700 977
701 799
701 844
701 848
701 868
701 962
702 734
702 785
702 804
702 894
702 915
703 745
703 767
703 873
703 934
704 737
704 779
704 875
704 899
704 901
704 918
704 937
704 952
704 989
705 785
705 801
705 811
705 871
705 877
705 915
705 983
706 763
706 891
706 1001
707 715
707 759
707 859
707 939
708 790
708 876
708 900
708 971
709 757
709 822
709 857
709 869
709 913
710 832
710 908
710 965
711 826
711 827
711 838
711 890
711 907
711 912
711 995
712 791
712 856
712 925
713 787
713 853
713 871
713 898
713 911
713 917
713 918
714 741
714 761
714 771
714 774
714 914
715 731
715 732
715 759
715 882
715 975
716 799
716 802
716 880
717 755
717 825
717 843
717 975
717 994
718 726
718 784
718 926
718 961
718 996
719 729
719 864
719 865
719 885
720 740
720 767
720 839
720 1002
721 997
722 764
722 884
722 938
722 1001
723 768
723 878
723 1007
724 750
724 760
724 816
724 886
724 979
725 797
725 883
725 923
725 936
725 984
725 985
726 746
726 839
726 926
727 902
727 909
727 916
727 986
728 795
728 822
728 903
729 860
729 864
729 885
729 917
729 969
729 991
730 743
730 845
731 732
731 759
731 939
731 975
732 752
732 829
732 964
732 975
733 806
733 825
733 894
733 924
733 968
733 982
734 763
735 908
735 965
736 889
736 900
736 920
736 950
737 779
737 875
737 880
737 901
738 789
738 842
738 904
738 922
738 940
738 967
739 827
739 851
739 868
739 890
739 907
739 912
739 943
739 1004
741 771
741 904
741 933
741 959
742 747
742 790
742 832
742 848
742 856
742 889
743 845
743 867
743 979
744 768
744 778
744 819
744 861
744 872
744 891
744 936
745 765
745 793
745 934
745 948
746 824
746 826
746 863
747 791
747 832
747 856
747 895
748 921
748 988
748 999
749 775
749 808
749 944
749 963
750 760
750 979
751 795
751 901
751 937
751 953
751 976
751 989
752 755
753 768
753 802
753 805
753 919
753 980
753 1006
754 896
754 912
754 986
754 987
754 995
755 770
755 795
755 843
755 952
755 975
755 978
755 994
756 805
756 815
756 833
756 862
756 936
756 996
757 822
757 961
758 836
758 857
758 887
758 897
758 967
758 973
760 816
760 906
760 941
760 979
761 774
761 835
761 962
762 779
762 814
762 893
762 897
762 924
762 947
762 968
762 976
762 1000
763 804
763 806
763 958
763 1001
764 938
764 991
765 939
766 801
766 846
766 891
766 895
767 839
767 901
767 1002
768 805
768 861
768 980
768 1007
769 797
769 964
769 971
769 975
769 985
770 795
770 843
770 877
770 904
770 952
770 978
771 914
771 933
771 940
772 944
772 990
773 782
773 789
773 866
773 922
773 929
773 955
773 958
773 963
774 783
774 844
774 934
775 811
775 823
775 963
776 808
776 837
776 854
776 949
777 827
777 854
777 958
777 1004
778 872
778 891
778 925
778 936
779 858
779 875
779 893
779 901
780 810
780 823
781 809
781 916
781 951
781 983
781 996
782 828
782 866
782 929
782 958
783 819
783 835
783 845
783 934
783 1007
784 914
784 933
784 960
784 961
784 996
785 804
785 811
785 894
786 841
786 942
787 853
787 859
787 898
787 917
787 927
788 812
788 847
788 974
788 992
788 993
789 812
789 850
789 904
789 922
789 940
789 963
789 967
790 889
790 910
791 895
792 805
792 892
792 997
793 842
793 850
793 852
793 948
794 892
795 843
795 901
795 903
795 952
795 978
796 864
796 873
796 888
796 917
796 966
796 991
797 821
798 920
798 981
798 1002
799 802
799 817
799 844
799 846
799 962
800 847
800 920
800 931
801 895
801 942
801 983
802 879
802 919
803 826
803 851
803 896
803 987
804 806
804 860
804 865
804 894
804 958
805 833
805 862
805 936
805 980
806 924
806 930
806 958
806 968
807 816
807 854
807 927
807 985
807 1004
808 837
808 944
808 949
808 998
809 815
809 834
809 916
809 954
809 957
809 983
811 915
811 934
812 847
812 850
812 974
812 992
813 857
814 947
814 968
815 869
815 954
815 957
815 996
816 906
816 941
817 846
817 848
817 879
817 880
818 883
818 885
818 890
819 835
819 925
819 1007
820 861
820 921
820 946
820 949
821 885
821 1005
822 867
822 938
824 826
824 863
824 905
824 910
824 971
825 874
825 930
825 982
826 827
826 838
826 851
826 863
826 890
827 838
827 854
827 890
829 910
829 964
830 951
830 953
830 954
830 956
831 849
831 929
832 856
833 862
833 936
833 954
834 916
835 945
835 1007
836 937
836 976
836 1000
837 858
837 879
837 893
837 924
837 929
837 949
837 1006
838 868
838 869
838 890
838 960
838 961
839 950
839 1002
840 851
840 859
840 863
840 898
840 905
841 942
842 850
842 922
842 953
843 952
843 978
844 962
845 862
845 984
847 920
847 974
847 992
848 868
849 874
849 919
849 928
849 929
849 969
850 970
851 868
851 905
851 907
851 912
853 877
853 898
853 917
853 957
854 1004
855 874
855 913
855 941
856 965
857 869
857 897
857 973
858 924
858 929
859 863
859 898
859 939
860 865
860 969
860 1001
861 921
861 949
861 962
861 974
862 936
862 984
863 898
864 873
864 885
864 938
864 981
864 1005
865 884
866 875
866 929
866 958
867 938
867 979
868 907
868 912
868 960
869 961
871 877
871 911
871 915
871 940
871 959
871 978
872 891
872 936
874 930
874 969
875 886
875 901
875 906
875 921
875 983
876 900
876 905
876 971
877 904
877 915
878 928
878 1007
879 880
879 893
879 1006
881 899
881 903
881 948
882 948
883 890
883 984
884 1001
886 906
886 921
886 983
887 922
887 959
887 967
888 917
888 966
888 991
888 1005
889 900
890 943
890 1004
891 936
893 998
893 1006
894 968
896 912
896 932
896 956
896 995
897 911
897 924
897 973
897 976
897 1000
898 917
900 971
902 909
902 930
902 986
902 994
904 940
904 959
904 967
906 921
906 941
906 983
907 912
907 995
909 916
909 930
909 994
910 971
911 989
913 941
914 933
914 960
915 934
916 951
916 996
917 991
918 937
918 952
918 989
919 928
919 1006
920 950
920 1002
921 949
921 983
922 959
922 963
923 936
923 981
923 984
923 985
924 929
924 976
924 1000
926 1002
927 943
927 985
928 1007
929 958
930 968
930 994
931 999
932 956
932 995
933 940
933 960
935 972
935 977
936 985
937 952
937 953
937 989
937 1000
938 981
938 1005
940 959
940 967
940 978
943 1004
944 1003
946 967
947 968
949 1003
951 954
951 956
951 996
952 978
952 989
954 956
954 957
955 957
955 973
956 990
956 995
959 978
961 996
962 974
964 971
964 985
966 1005
970 1003
971 985
972 977
972 986
974 992
975 994
976 989
976 1000
977 986
981 984
981 1005
987 995
988 999
