624 5088
0 62
0 63
0 68
0 121
0 133
0 156
0 204
0 274
0 278
0 360
0 458
0 461
0 466
0 476
0 486
0 510
0 512
1 35
1 61
1 65
1 92
1 222
1 227
1 264
1 276
1 284
1 293
1 315
1 325
1 349
1 389
1 412
1 432
1 489
1 572
1 611
2 26
2 28
2 32
2 40
2 47
2 71
2 195
2 248
2 310
2 320
2 328
2 342
2 367
2 384
2 390
2 398
2 544
2 563
2 595
3 29
3 31
3 135
3 258
3 326
3 374
3 436
3 502
3 512
4 19
4 24
4 64
4 67
4 77
4 120
4 165
4 182
4 200
4 229
4 309
4 338
4 362
4 414
4 425
4 602
4 605
5 9
5 37
5 66
5 95
5 104
5 105
5 143
5 208
5 249
5 261
5 280
5 308
5 318
5 323
5 370
5 426
5 430
5 433
5 444
5 472
5 595
6 34
6 49
6 54
6 140
6 149
6 165
6 175
6 191
6 265
6 271
6 306
6 314
6 329
6 530
6 560
6 566
6 584
6 586
6 597
7 44
7 198
7 218
7 282
7 334
7 340
7 393
7 403
7 508
7 511
7 589
8 125
8 147
8 172
8 188
8 251
8 313
8 315
8 319
8 322
8 379
8 559
8 567
8 594
9 49
9 101
9 130
9 167
9 189
9 261
9 280
9 299
9 318
9 323
9 347
9 425
9 427
9 433
9 466
9 472
9 474
9 609
10 15
10 19
10 59
10 107
10 112
10 119
10 142
10 168
10 236
10 263
10 314
10 337
10 392
10 415
10 543
10 591
10 619
11 52
11 58
11 98
11 168
11 172
11 176
11 221
11 279
11 375
11 465
11 478
11 500
11 529
11 545
11 554
11 568
11 607
12 18
12 20
12 22
12 24
12 81
12 106
12 134
12 142
12 189
12 195
12 242
12 256
12 399
12 506
12 513
12 525
12 546
12 555
12 617
13 34
13 63
13 157
13 234
13 239
13 272
13 354
13 383
13 385
13 388
13 429
13 452
13 521
13 524
13 564
14 68
14 80
14 88
14 180
14 283
14 367
14 438
14 481
14 528
14 557
14 592
15 108
15 112
15 168
15 212
15 232
15 236
15 337
15 392
15 413
15 415
15 421
15 462
15 463
15 531
15 548
15 562
16 25
16 63
16 107
16 114
16 149
16 175
16 184
16 237
16 247
16 265
16 275
16 306
16 336
16 450
16 488
16 516
16 576
16 603
16 618
17 27
17 48
17 51
17 55
17 124
17 129
17 172
17 190
17 206
17 225
17 287
17 347
17 357
17 388
17 482
17 494
17 572
17 579
17 599
18 106
18 189
18 242
18 254
18 266
18 270
18 298
18 426
18 495
18 505
18 506
18 513
18 525
18 536
19 119
19 142
19 162
19 216
19 338
19 341
19 363
19 389
19 393
19 425
19 470
19 543
19 602
19 605
19 619
20 22
20 134
20 195
20 211
20 221
20 241
20 252
20 253
20 289
20 301
20 332
20 346
20 399
20 430
20 555
20 583
20 614
20 617
21 25
21 85
21 91
21 100
21 117
21 140
21 149
21 157
21 159
21 207
21 237
21 257
21 295
21 333
21 359
21 435
21 459
21 510
21 521
21 590
21 603
22 75
22 93
22 113
22 122
22 134
22 185
22 195
22 259
22 399
22 406
22 492
22 555
22 582
22 587
22 617
23 60
23 86
23 94
23 163
23 169
23 205
23 212
23 232
23 235
23 326
23 335
23 339
23 383
23 449
23 455
23 513
23 544
23 613
23 622
24 67
24 77
24 81
24 142
24 200
24 229
24 256
24 257
24 309
24 402
24 414
24 467
24 546
25 63
25 72
25 91
25 100
25 117
25 140
25 159
25 175
25 184
25 187
25 207
25 237
25 331
25 336
25 387
25 402
25 456
25 516
25 521
26 74
26 97
26 104
26 105
26 261
26 390
26 401
26 423
26 462
26 504
26 544
26 563
26 595
26 614
27 48
27 110
27 112
27 125
27 172
27 179
27 190
27 347
27 357
27 379
27 411
27 446
27 500
27 567
27 568
27 569
27 572
27 607
28 32
28 36
28 40
28 195
28 215
28 240
28 248
28 320
28 322
28 356
28 380
28 381
28 398
28 411
28 425
28 477
28 533
28 575
29 39
29 106
29 135
29 163
29 205
29 326
29 420
29 455
29 502
29 512
29 606
29 620
30 59
30 67
30 115
30 123
30 137
30 150
30 159
30 182
30 247
30 248
30 329
30 376
30 445
30 448
30 617
31 39
31 62
31 258
31 374
31 436
31 455
31 502
31 523
32 40
32 97
32 105
32 128
32 186
32 195
32 228
32 248
32 310
32 320
32 365
32 398
32 410
32 481
32 563
32 598
32 622
33 47
33 54
33 86
33 177
33 186
33 199
33 246
33 262
33 353
33 361
33 364
33 404
33 472
34 54
34 69
34 83
34 91
34 140
34 165
34 237
34 306
34 385
34 391
34 445
34 521
34 566
34 571
34 597
35 41
35 61
35 65
35 141
35 144
35 206
35 219
35 222
35 293
35 341
35 373
35 422
35 433
35 489
35 556
35 572
36 110
36 215
36 251
36 260
36 310
36 320
36 338
36 356
36 378
36 380
36 427
36 457
36 477
36 542
36 563
36 575
36 580
36 617
37 42
37 66
37 95
37 104
37 109
37 153
37 164
37 221
37 249
37 296
37 317
37 426
37 444
37 462
38 64
38 72
38 138
38 150
38 161
38 171
38 175
38 223
38 229
38 254
38 298
38 400
38 409
38 576
38 590
38 603
38 618
39 62
39 106
39 126
39 163
39 205
39 326
39 374
39 420
39 428
39 455
39 523
40 113
40 195
40 247
40 248
40 320
40 378
40 398
40 542
40 551
40 584
41 48
41 84
41 87
41 144
41 216
41 219
41 222
41 268
41 284
41 358
41 373
41 422
41 432
41 433
41 460
41 482
42 109
42 143
42 210
42 249
42 261
42 270
42 289
42 300
42 317
42 462
42 503
42 554
42 561
42 610
43 56
43 78
43 136
43 166
43 211
43 228
43 238
43 283
43 315
43 367
43 404
43 424
43 439
43 457
43 473
43 480
43 533
43 597
43 601
44 84
44 111
44 118
44 136
44 218
44 279
44 319
44 371
44 393
44 412
44 447
44 470
44 511
44 541
44 556
44 589
44 605
44 619
45 50
45 173
45 174
45 267
45 277
45 316
45 325
45 438
45 441
45 487
45 515
45 575
45 587
46 51
46 55
46 141
46 145
46 155
46 158
46 190
46 292
46 340
46 358
46 368
46 400
46 418
46 458
46 514
46 524
46 527
46 536
46 599
47 71
47 86
47 177
47 186
47 235
47 269
47 310
47 328
47 342
47 361
47 365
47 367
47 384
47 522
47 538
48 87
48 172
48 190
48 268
48 284
48 347
48 357
48 397
48 422
48 432
48 460
48 464
48 489
48 572
49 130
49 189
49 191
49 265
49 271
49 299
49 324
49 335
49 354
49 425
49 427
49 434
49 474
49 537
49 586
49 612
49 621
50 110
50 133
50 167
50 173
50 194
50 225
50 255
50 268
50 277
50 293
50 322
50 324
50 382
50 419
50 478
50 487
50 575
50 604
51 196
51 201
51 206
51 287
51 352
51 368
51 388
51 400
51 453
51 458
51 482
51 494
51 508
51 527
51 536
51 539
51 599
52 181
52 269
52 305
52 330
52 372
52 465
52 478
52 493
52 496
52 540
52 545
52 583
52 600
52 607
53 107
53 121
53 153
53 210
53 239
53 287
53 311
53 335
53 345
53 351
53 385
53 429
53 471
53 524
53 530
53 564
53 615
54 140
54 165
54 238
54 246
54 262
54 264
54 306
54 353
54 377
54 381
54 404
54 424
54 559
54 566
54 580
54 597
55 101
55 124
55 129
55 141
55 190
55 225
55 358
55 460
55 489
55 494
55 500
55 514
55 524
55 527
55 532
55 567
55 579
56 58
56 99
56 111
56 136
56 147
56 211
56 228
56 367
56 393
56 395
56 407
56 417
56 424
56 447
56 483
56 601
57 69
57 76
57 128
57 159
57 199
57 230
57 262
57 271
57 302
57 328
57 353
57 361
57 372
57 377
57 476
57 526
57 597
58 111
58 147
58 221
58 279
58 300
58 393
58 395
58 417
58 444
58 483
58 541
58 554
58 568
59 67
59 89
59 107
59 121
59 123
59 137
59 151
59 263
59 314
59 376
59 591
60 94
60 160
60 163
60 177
60 205
60 326
60 351
60 354
60 390
60 455
60 507
60 513
60 538
60 548
60 562
60 581
60 596
60 598
61 65
61 166
61 222
61 284
61 293
61 363
61 371
61 432
61 437
61 440
61 441
61 485
61 489
61 559
61 572
61 578
61 608
62 68
62 135
62 198
62 209
62 235
62 278
62 360
62 374
62 455
62 507
62 512
62 523
62 608
62 611
63 121
63 157
63 175
63 184
63 237
63 336
63 388
63 429
63 461
63 486
63 510
63 516
63 524
64 69
64 72
64 117
64 120
64 150
64 165
64 182
64 298
64 362
64 376
64 400
64 448
64 488
64 576
64 584
64 585
64 590
65 87
65 168
65 222
65 251
65 268
65 293
65 297
65 355
65 382
65 411
65 465
65 469
65 487
65 489
65 569
65 572
66 95
66 104
66 138
66 249
66 266
66 270
66 286
66 303
66 426
66 444
66 480
66 506
66 515
66 528
66 561
67 77
67 123
67 126
67 137
67 200
67 214
67 229
67 309
67 376
67 387
67 414
67 435
67 620
68 88
68 258
68 278
68 281
68 360
68 479
68 512
68 557
69 76
69 83
69 91
69 117
69 159
69 237
69 262
69 271
69 376
69 391
69 445
69 448
69 488
69 571
69 584
69 585
70 96
70 124
70 178
70 184
70 190
70 220
70 234
70 255
70 345
70 347
70 359
70 405
70 494
70 497
70 532
70 570
70 579
71 160
71 169
71 186
71 199
71 246
71 310
71 328
71 342
71 365
71 367
71 384
71 493
71 507
71 535
71 613
72 85
72 91
72 150
72 187
72 244
72 298
72 331
72 387
72 400
72 402
72 456
72 491
72 534
72 576
72 590
72 593
73 77
73 104
73 130
73 143
73 144
73 171
73 213
73 222
73 244
73 288
73 323
73 343
73 364
73 386
73 408
73 422
73 433
73 501
73 609
74 105
74 109
74 249
74 317
74 337
74 339
74 413
74 421
74 462
74 581
75 146
75 152
75 179
75 185
75 224
75 346
75 396
75 406
75 440
75 451
75 529
75 611
76 159
76 193
76 262
76 271
76 299
76 306
76 434
76 472
76 501
76 560
76 586
77 148
77 171
77 200
77 213
77 223
77 229
77 244
77 303
77 309
77 343
77 386
77 414
77 433
77 505
77 576
78 173
78 192
78 238
78 283
78 286
78 304
78 380
78 426
78 438
78 439
78 480
78 561
79 85
79 156
79 182
79 187
79 223
79 298
79 366
79 400
79 495
79 506
79 527
79 536
79 585
79 599
79 618
80 102
80 258
80 283
80 286
80 304
80 348
80 367
80 424
80 439
80 454
80 473
80 476
80 481
80 592
81 127
81 142
81 162
81 203
81 256
81 294
81 415
81 543
81 546
81 591
81 605
82 108
82 198
82 218
82 245
82 269
82 337
82 416
82 418
82 449
82 463
82 531
82 535
82 539
82 553
82 596
83 91
83 100
83 207
83 226
83 237
83 250
83 254
83 272
83 291
83 303
83 305
83 308
83 345
83 391
83 445
83 571
83 614
84 111
84 203
84 208
84 216
84 222
84 341
84 358
84 371
84 401
84 412
84 482
84 533
84 556
84 565
84 580
84 605
84 619
85 182
85 187
85 223
85 237
85 244
85 257
85 295
85 435
85 459
85 491
85 534
85 536
85 585
85 590
85 593
85 618
86 160
86 169
86 177
86 186
86 205
86 212
86 235
86 361
86 396
86 449
86 484
86 509
86 518
86 552
86 612
86 613
87 112
87 116
87 176
87 251
87 268
87 284
87 293
87 382
87 411
87 422
87 432
87 460
87 465
87 469
87 487
87 558
88 102
88 135
88 274
88 278
88 281
88 436
88 461
88 523
88 557
89 121
89 151
89 157
89 239
89 274
89 296
89 311
89 360
89 388
89 471
89 486
89 503
89 514
89 516
90 116
90 124
90 178
90 206
90 208
90 220
90 272
90 312
90 355
90 358
90 405
90 423
90 615
91 149
91 157
91 187
91 237
91 331
91 333
91 359
91 387
91 391
91 402
91 445
91 456
91 510
91 571
91 603
92 264
92 284
92 315
92 389
92 403
92 406
92 412
92 440
92 451
92 512
92 523
92 538
92 552
92 553
92 574
92 608
92 611
92 613
93 113
93 122
93 146
93 259
93 350
93 398
93 492
93 542
93 551
93 552
93 582
93 587
94 106
94 154
94 217
94 226
94 266
94 326
94 399
94 420
94 455
94 474
94 495
94 513
94 546
95 104
95 249
95 279
95 300
95 339
95 417
95 426
95 444
95 562
95 610
96 129
96 178
96 190
96 194
96 213
96 225
96 231
96 255
96 292
96 307
96 352
96 466
96 487
96 494
96 519
96 577
96 582
96 621
97 104
97 105
97 109
97 261
97 310
97 401
97 413
97 423
97 504
97 595
97 598
97 614
97 622
98 168
98 172
98 176
98 179
98 224
98 273
98 321
98 332
98 375
98 406
98 446
98 500
98 509
98 529
99 139
99 215
99 349
99 369
99 407
99 447
99 547
99 578
100 117
100 140
100 159
100 197
100 207
100 226
100 234
100 250
100 254
100 303
100 391
100 430
100 496
100 504
100 521
100 615
101 167
101 178
101 333
101 336
101 344
101 347
101 357
101 460
101 466
101 489
101 494
101 500
101 532
101 567
101 579
101 609
101 616
102 258
102 278
102 374
102 436
102 439
102 454
102 476
102 479
102 502
103 111
103 145
103 196
103 218
103 245
103 282
103 334
103 372
103 416
103 470
103 490
103 493
103 522
103 531
103 588
103 589
103 623
104 130
104 143
104 144
104 249
104 261
104 364
104 401
104 423
104 426
104 444
104 501
104 504
104 609
104 614
105 143
105 208
105 308
105 310
105 370
105 430
105 462
105 595
105 598
105 622
106 163
106 189
106 205
106 217
106 226
106 242
106 420
106 506
106 513
106 525
107 239
107 247
107 263
107 265
107 306
107 314
107 450
107 488
107 530
107 591
107 603
108 209
108 212
108 218
108 245
108 269
108 403
108 416
108 418
108 421
108 531
108 535
108 539
108 548
109 337
109 339
109 413
109 421
109 462
109 581
109 595
110 125
110 194
110 251
110 268
110 293
110 320
110 322
110 338
110 379
110 411
110 419
110 427
110 457
110 478
110 500
110 580
111 147
111 245
111 282
111 334
111 371
111 393
111 395
111 412
111 417
111 470
111 483
111 556
111 605
111 619
112 116
112 168
112 176
112 179
112 236
112 293
112 337
112 392
112 415
112 446
112 558
112 567
112 568
112 569
112 607
113 122
113 259
113 350
113 378
113 396
113 492
113 551
113 574
113 582
113 587
114 122
114 149
114 152
114 161
114 174
114 242
114 275
114 332
114 366
114 409
114 458
114 474
114 576
114 604
114 618
114 621
115 150
115 151
115 159
115 182
115 195
115 214
115 247
115 260
115 263
115 329
115 376
115 414
115 445
115 448
116 176
116 220
116 293
116 297
116 355
116 558
116 570
116 616
117 140
117 159
117 193
117 207
117 230
117 353
117 376
117 445
117 448
117 488
117 521
117 584
117 585
117 586
118 136
118 147
118 166
118 188
118 210
118 264
118 279
118 291
118 296
118 319
118 379
118 431
118 447
118 470
118 483
118 496
118 541
118 594
119 123
119 142
119 151
119 176
119 415
119 421
119 450
119 463
119 499
119 530
119 543
119 549
119 569
119 591
119 619
120 137
120 148
120 162
120 165
120 171
120 182
120 200
120 214
120 240
120 256
120 362
120 427
120 467
120 602
120 619
121 151
121 153
121 210
121 287
121 461
121 471
121 486
121 510
121 524
121 564
122 152
122 174
122 192
122 259
122 277
122 316
122 332
122 409
122 475
122 492
122 528
122 582
122 587
122 604
122 621
123 137
123 151
123 263
123 376
123 415
123 450
123 471
123 486
123 530
124 129
124 178
124 184
124 225
124 272
124 312
124 347
124 359
124 497
124 532
124 570
124 579
124 615
125 147
125 188
125 290
125 315
125 319
125 379
125 411
125 431
125 500
125 559
126 184
126 214
126 226
126 326
126 333
126 387
126 428
126 435
126 498
126 606
126 620
127 142
127 162
127 243
127 309
127 399
127 415
127 467
127 525
127 543
127 565
127 591
127 605
128 186
128 228
128 302
128 328
128 353
128 365
128 372
128 384
128 410
128 449
128 476
128 481
128 526
128 548
128 563
129 158
129 194
129 225
129 255
129 327
129 343
129 453
129 466
129 487
129 492
129 519
129 520
129 577
129 579
129 621
130 133
130 143
130 144
130 189
130 299
130 318
130 357
130 364
130 425
130 427
130 474
130 501
130 519
130 532
130 609
131 146
131 169
131 177
131 191
131 299
131 313
131 321
131 351
131 383
131 394
131 419
131 431
131 465
131 518
131 537
131 574
131 577
131 604
131 612
132 158
132 187
132 202
132 352
132 386
132 387
132 442
132 459
132 491
132 550
132 588
132 590
132 593
133 156
133 167
133 204
133 225
133 255
133 274
133 318
133 324
133 357
133 382
133 458
133 466
133 476
133 519
133 532
133 604
134 174
134 185
134 195
134 224
134 231
134 259
134 350
134 399
134 451
134 475
134 520
134 551
134 555
134 617
135 198
135 209
135 235
135 274
135 281
135 326
135 461
135 502
135 507
135 512
135 523
135 608
135 611
136 139
136 211
136 228
136 279
136 319
136 367
136 369
136 395
136 424
136 447
136 470
136 541
136 601
137 148
137 171
137 214
137 256
137 331
137 376
137 414
137 428
137 459
137 467
137 602
137 606
138 171
138 207
138 217
138 229
138 254
138 266
138 303
138 391
138 498
138 505
138 506
138 561
138 618
139 349
139 369
139 395
139 407
139 477
139 573
139 578
140 159
140 165
140 207
140 306
140 429
140 452
140 521
140 566
140 571
140 597
141 190
141 206
141 220
141 312
141 341
141 358
141 370
141 401
141 422
141 482
141 514
141 524
141 527
141 556
142 243
142 256
142 543
142 546
142 565
142 619
143 144
143 208
143 261
143 270
143 300
143 308
143 317
143 364
143 370
143 430
143 501
143 561
143 595
143 609
143 610
144 148
144 219
144 229
144 307
144 323
144 327
144 364
144 373
144 433
144 501
144 534
144 550
144 609
145 155
145 158
145 196
145 236
145 292
145 340
145 394
145 416
145 418
145 493
145 499
145 509
145 522
145 531
145 539
145 589
145 599
146 169
146 177
146 224
146 321
146 394
146 396
146 440
146 537
146 551
146 552
146 574
146 611
147 210
147 291
147 296
147 315
147 319
147 393
147 395
147 417
147 431
147 483
147 496
147 559
147 594
148 171
148 214
148 223
148 229
148 256
148 303
148 307
148 323
148 327
148 467
148 505
148 534
148 550
148 576
148 602
149 157
149 175
149 275
149 314
149 329
149 333
149 359
149 510
149 530
149 560
149 576
149 584
149 603
149 618
150 159
150 182
150 200
150 247
150 298
150 329
150 400
150 443
150 445
150 566
150 576
150 585
150 590
150 602
151 214
151 263
151 414
151 415
151 448
151 450
151 530
152 174
152 179
152 183
152 252
152 273
152 308
152 330
152 332
152 346
152 409
152 451
152 504
152 529
152 555
152 604
152 621
153 164
153 197
153 210
153 221
153 287
153 290
153 296
153 305
153 313
153 317
153 319
153 471
153 483
153 503
153 524
153 564
154 156
154 189
154 191
154 240
154 242
154 266
154 275
154 318
154 338
154 368
154 399
154 409
154 420
154 434
154 474
154 495
154 546
154 609
155 158
155 201
155 282
155 292
155 340
155 418
155 468
155 508
155 511
155 588
155 599
156 189
156 204
156 274
156 275
156 298
156 366
156 368
156 409
156 458
156 466
156 476
156 527
156 599
157 274
157 333
157 359
157 360
157 388
157 429
157 471
157 510
157 516
157 524
157 603
158 255
158 292
158 327
158 340
158 343
158 352
158 387
158 418
158 453
158 459
158 491
158 492
158 520
158 599
159 182
159 207
159 247
159 262
159 271
159 329
159 445
159 521
160 163
160 169
160 177
160 199
160 246
160 365
160 396
160 484
160 507
160 509
160 518
160 538
160 548
160 552
160 596
160 612
161 175
161 223
161 242
161 273
161 275
161 324
161 346
161 366
161 409
161 458
161 474
161 475
161 577
161 587
161 603
162 200
162 216
162 240
162 341
162 363
162 389
162 393
162 415
162 427
162 470
162 591
162 605
162 619
163 177
163 205
163 232
163 335
163 339
163 383
163 420
163 507
163 538
163 544
163 548
163 596
163 622
164 221
164 253
164 289
164 296
164 317
164 375
164 417
164 517
164 541
164 554
164 555
164 601
164 607
165 182
165 231
165 295
165 306
165 362
165 402
165 443
165 492
165 566
165 597
166 188
166 264
166 315
166 363
166 371
166 379
166 404
166 432
166 440
166 457
166 473
166 483
166 533
166 559
166 597
166 608
167 225
167 255
167 302
167 324
167 347
167 360
167 366
167 368
167 382
167 454
167 461
167 466
167 519
167 604
167 609
168 172
168 176
168 236
168 268
168 297
168 337
168 355
168 375
168 392
168 415
168 500
168 529
168 569
169 177
169 199
169 205
169 212
169 235
169 246
169 321
169 365
169 394
169 449
169 537
169 574
169 613
170 219
170 285
170 307
170 343
170 397
170 408
170 460
170 464
170 572
171 213
171 214
171 229
171 244
171 254
171 256
171 343
171 386
171 433
171 467
171 602
171 618
172 176
172 188
172 190
172 251
172 322
172 347
172 357
172 375
172 500
172 529
172 567
172 572
173 233
173 277
173 286
173 320
173 356
173 380
173 487
173 547
173 573
173 575
174 185
174 231
174 267
174 332
174 350
174 409
174 438
174 475
174 515
174 520
174 551
174 587
174 604
174 621
175 184
175 223
175 237
175 314
175 329
175 336
175 409
175 516
175 530
175 560
175 584
175 603
176 293
176 375
176 421
176 463
176 499
176 500
176 529
176 549
176 558
176 569
176 591
177 186
177 321
177 361
177 394
177 507
177 537
177 538
177 548
177 574
177 596
178 190
178 255
178 272
178 312
178 333
178 336
178 344
178 357
178 494
178 579
178 615
178 616
179 321
179 346
179 446
179 451
179 509
179 529
179 567
179 568
179 569
179 607
180 228
180 278
180 281
180 342
180 348
180 438
180 439
180 528
180 557
180 592
181 197
181 291
181 330
181 375
181 419
181 469
181 522
181 526
181 535
181 545
181 568
181 583
181 600
181 623
182 187
182 223
182 247
182 329
182 362
182 445
182 536
182 585
182 618
183 241
183 252
183 273
183 308
183 330
183 390
183 504
183 545
183 555
183 583
183 600
183 622
184 226
184 237
184 333
184 336
184 347
184 359
184 497
184 498
184 516
184 532
184 570
184 606
185 231
185 248
185 252
185 253
185 259
185 260
185 350
185 406
185 475
185 520
185 525
185 546
185 551
186 228
186 361
186 365
186 410
186 481
186 493
186 507
186 535
186 563
186 613
187 223
187 331
187 386
187 387
187 402
187 442
187 456
187 536
187 550
187 585
187 590
187 618
188 251
188 264
188 290
188 322
188 379
188 431
188 483
188 567
189 242
189 275
189 299
189 368
189 409
189 425
189 427
189 474
189 506
189 513
189 525
190 255
190 347
190 357
190 358
190 494
190 514
190 524
190 527
190 572
191 240
191 242
191 265
191 271
191 299
191 318
191 338
191 351
191 383
191 434
191 518
191 577
191 586
191 604
191 609
192 277
192 304
192 316
192 426
192 438
192 475
192 515
192 528
192 557
192 561
192 592
193 230
193 271
193 280
193 299
193 306
193 353
193 364
193 434
193 445
193 560
193 586
194 233
194 267
194 268
194 293
194 316
194 322
194 380
194 382
194 419
194 466
194 478
194 487
194 519
194 577
194 621
195 248
195 260
195 320
195 376
195 398
195 399
195 555
195 617
196 201
196 321
196 352
196 392
196 416
196 418
196 453
196 484
196 493
196 508
196 522
196 527
196 531
196 539
196 549
196 589
197 234
197 290
197 291
197 305
197 313
197 319
197 391
197 430
197 483
197 496
197 503
197 504
197 522
197 526
197 535
197 545
197 615
197 623
198 209
198 235
198 282
198 403
198 507
198 531
198 553
198 608
198 611
199 230
199 246
199 361
199 364
199 365
199 377
199 472
199 597
200 229
200 240
200 309
200 414
200 427
200 443
200 566
200 585
200 602
200 619
201 202
201 282
201 340
201 352
201 453
201 490
201 508
201 511
201 527
201 539
202 245
202 340
202 468
202 490
202 526
202 540
202 588
202 589
202 593
203 208
203 243
203 294
203 341
203 371
203 389
203 401
203 533
203 543
203 565
203 580
204 230
204 262
204 274
204 283
204 302
204 348
204 384
204 410
204 436
204 454
204 458
204 466
204 476
204 479
204 540
204 623
205 212
205 235
205 351
205 354
205 390
205 420
205 449
205 562
205 581
205 598
205 613
206 208
206 287
206 341
206 358
206 388
206 405
206 422
206 423
206 482
206 494
206 556
206 599
207 217
207 272
207 291
207 305
207 308
207 345
207 391
207 498
207 505
207 521
207 614
208 308
208 341
208 358
208 370
208 401
208 405
208 423
208 430
208 533
208 565
208 580
208 595
209 235
209 334
209 403
209 416
209 507
209 511
209 553
209 608
209 611
210 249
210 287
210 289
210 291
210 296
210 431
210 471
210 496
210 503
210 524
210 554
210 564
210 594
211 221
211 228
211 252
211 289
211 301
211 349
211 367
211 424
211 485
211 517
211 601
212 235
212 328
212 410
212 421
212 449
212 531
212 548
212 596
212 613
213 225
213 231
213 244
213 285
213 292
213 307
213 327
213 343
213 352
213 386
213 433
213 464
213 582
214 256
214 263
214 387
214 414
214 435
214 448
214 467
214 602
214 620
215 325
215 369
215 380
215 437
215 477
215 547
215 573
215 575
216 222
216 243
216 294
216 341
216 358
216 363
216 370
216 381
216 389
216 393
216 423
216 457
216 470
216 482
216 556
217 226
217 250
217 336
217 359
217 391
217 428
217 498
217 505
217 620
218 245
218 269
218 372
218 393
218 418
218 490
218 511
218 535
218 539
218 588
218 589
218 623
219 244
219 288
219 373
219 408
219 433
219 464
219 550
220 234
220 312
220 345
220 355
220 370
220 401
220 405
220 482
220 579
221 252
221 279
221 289
221 296
221 301
221 317
221 554
221 568
222 288
222 293
222 323
222 358
222 408
222 422
222 482
222 489
222 572
223 303
223 409
223 505
223 536
223 576
223 585
223 603
223 618
224 259
224 273
224 332
224 396
224 406
224 440
224 446
224 451
224 611
225 231
225 255
225 292
225 307
225 324
225 352
225 382
225 579
225 582
225 604
226 250
226 254
226 303
226 333
226 498
226 606
227 267
227 276
227 277
227 325
227 349
227 432
227 437
227 441
227 477
227 547
228 342
228 348
228 365
228 367
228 410
228 424
228 439
228 481
228 557
228 563
228 601
229 254
229 307
229 309
229 323
229 327
229 414
229 534
229 550
229 618
230 262
230 353
230 361
230 377
230 384
230 410
230 445
230 454
230 540
230 586
230 597
230 623
231 292
231 295
231 307
231 350
231 352
231 402
231 443
231 475
231 492
231 520
231 551
231 582
232 335
232 339
232 383
232 413
232 444
232 462
232 463
232 544
232 562
232 581
232 610
232 622
233 267
233 304
233 316
233 320
233 356
233 380
233 382
233 480
233 547
233 573
233 575
234 239
234 272
234 345
234 354
234 383
234 391
234 405
234 430
234 452
234 496
234 504
234 564
234 579
234 615
235 269
235 365
235 449
235 507
235 522
235 538
235 608
235 611
235 613
236 337
236 344
236 392
236 394
236 415
236 499
236 509
236 539
236 549
236 570
237 257
237 295
237 336
237 391
237 435
237 445
237 459
237 516
237 571
237 590
238 264
238 283
238 301
238 342
238 377
238 381
238 395
238 424
238 439
238 447
238 473
238 480
238 481
238 517
238 559
238 580
239 272
239 296
239 311
239 354
239 383
239 388
239 452
239 486
239 503
239 514
239 530
239 564
240 242
240 318
240 322
240 338
240 356
240 381
240 411
240 425
240 427
240 434
240 533
240 609
240 619
241 253
241 330
241 332
241 346
241 430
241 544
241 545
241 583
241 598
241 600
241 614
242 318
242 338
242 366
242 434
242 458
242 474
242 506
242 513
242 525
242 609
243 294
243 370
243 371
243 381
243 389
243 423
243 457
243 556
243 565
244 288
244 343
244 386
244 433
244 491
244 534
244 550
244 593
245 269
245 282
245 334
245 418
245 468
245 470
245 526
245 535
245 539
245 540
245 589
246 262
246 280
246 353
246 361
246 365
246 404
246 501
247 265
247 306
247 329
247 445
247 450
247 488
247 542
247 584
247 603
248 252
248 253
248 259
248 260
248 320
248 398
248 448
248 525
248 546
248 617
249 289
249 317
249 413
249 426
249 444
249 503
249 554
250 254
250 303
250 336
250 359
250 420
250 428
250 498
250 513
250 620
251 320
251 322
251 338
251 382
251 411
251 427
251 457
251 465
251 469
251 487
251 567
251 580
252 253
252 259
252 260
252 273
252 289
252 301
252 308
252 330
252 504
252 525
252 546
252 555
253 259
253 260
253 332
253 346
253 430
253 517
253 525
253 546
253 554
253 555
253 583
253 601
253 614
254 270
254 303
254 426
254 495
254 505
254 618
255 324
255 327
255 343
255 382
255 453
255 492
255 494
255 520
255 604
256 295
256 309
256 456
256 467
256 546
256 602
257 295
257 362
257 402
257 435
257 456
257 459
257 467
257 520
257 566
257 582
257 590
258 281
258 436
258 439
258 454
258 476
258 479
259 260
259 451
259 492
259 525
259 546
259 582
259 587
260 310
260 356
260 376
260 378
260 525
260 542
260 546
260 563
260 617
261 270
261 280
261 300
261 317
261 318
261 323
261 401
261 423
261 433
261 472
261 504
261 561
261 610
261 614
262 271
262 353
262 384
262 404
262 410
262 454
262 540
262 623
263 314
263 414
263 448
263 471
263 486
263 591
264 284
264 315
264 377
264 379
264 381
264 389
264 412
264 424
264 483
264 559
264 580
264 611
265 271
265 306
265 362
265 377
265 404
265 443
265 450
265 488
265 521
265 560
265 571
265 586
265 603
266 298
266 303
266 399
266 420
266 474
266 495
266 506
266 536
266 546
266 561
267 277
267 316
267 380
267 382
267 437
267 438
267 515
267 587
268 284
268 293
268 297
268 322
268 355
268 419
268 422
268 432
268 460
268 478
268 569
269 305
269 365
269 372
269 418
269 493
269 496
269 522
269 535
269 538
269 539
269 540
269 600
270 286
270 300
270 317
270 426
270 480
270 495
270 505
270 515
270 528
270 561
270 610
271 280
271 364
271 586
272 291
272 305
272 308
272 312
272 345
272 354
272 383
272 452
272 564
272 614
272 615
273 275
273 308
273 324
273 330
273 332
273 346
273 406
273 446
273 475
273 504
273 555
273 577
273 587
274 281
274 360
274 458
274 461
274 466
274 471
274 476
274 516
274 523
275 324
275 346
275 368
275 409
275 475
275 576
275 577
275 587
275 618
276 301
276 325
276 349
276 369
276 407
276 432
276 485
276 578
276 601
277 316
277 437
277 475
277 487
277 528
277 575
278 281
278 360
278 436
278 512
278 592
279 319
279 417
279 447
279 470
279 541
279 554
279 568
279 610
280 318
280 323
280 361
280 364
280 433
280 472
280 501
281 461
281 479
281 523
281 592
282 334
282 403
282 470
282 511
283 302
283 348
283 367
283 436
283 439
283 479
283 480
283 481
283 592
284 315
284 389
284 412
284 422
284 432
284 437
284 441
284 460
284 485
284 578
284 611
285 288
285 327
285 373
285 397
285 460
285 464
285 572
286 304
286 348
286 380
286 424
286 473
286 480
286 515
286 528
287 385
287 388
287 452
287 471
287 482
287 494
287 510
287 514
287 516
287 524
287 564
287 599
288 323
288 373
288 397
288 408
288 422
288 550
289 301
289 375
289 417
289 503
289 541
289 554
289 607
290 305
290 313
290 319
290 431
290 469
290 478
290 483
290 503
290 518
290 537
290 594
291 296
291 305
291 308
291 345
291 431
291 496
291 522
291 526
291 535
291 545
291 594
291 614
291 623
292 307
292 331
292 340
292 352
292 418
292 435
292 442
292 453
292 582
292 593
292 599
293 322
293 419
293 478
293 489
293 558
293 572
294 363
294 370
294 381
294 412
294 423
294 457
294 543
294 556
294 565
295 309
295 402
295 435
295 443
295 456
295 459
295 492
295 590
296 311
296 317
296 388
296 431
296 486
296 496
296 503
296 514
296 594
297 312
297 355
297 405
297 558
297 569
297 570
297 616
298 366
298 400
298 527
298 536
298 576
298 590
298 599
299 306
299 351
299 383
299 425
299 427
299 434
299 474
299 518
299 560
299 577
299 604
300 317
300 339
300 444
300 541
300 561
300 562
300 610
301 342
301 395
301 447
301 473
301 481
301 517
301 578
301 601
302 328
302 348
302 353
302 360
302 366
302 368
302 372
302 436
302 454
302 461
302 476
302 479
302 519
302 526
303 505
303 506
303 561
303 576
304 348
304 424
304 426
304 438
304 473
304 480
304 561
304 575
305 308
305 313
305 319
305 345
305 372
305 483
305 493
305 496
305 503
305 540
305 600
305 614
306 434
306 450
306 488
306 560
306 566
306 597
306 603
307 323
307 327
307 343
307 352
307 397
307 534
307 550
307 582
308 330
308 345
308 370
308 430
308 504
308 555
308 595
308 614
309 399
309 414
309 456
309 467
309 525
309 543
310 328
310 342
310 356
310 367
310 378
310 384
310 542
310 563
310 598
310 617
310 622
311 314
311 335
311 345
311 351
311 385
311 388
311 429
311 450
311 486
311 503
311 514
311 564
311 615
312 370
312 401
312 405
312 482
312 558
312 615
313 319
313 379
313 419
313 431
313 465
313 483
313 503
313 594
313 612
314 329
314 450
314 530
314 560
314 564
314 584
314 591
315 319
315 389
315 404
315 412
315 457
315 473
315 533
315 559
315 597
315 611
316 325
316 380
316 382
316 441
316 475
316 528
317 413
317 561
317 610
318 323
318 338
318 357
318 433
318 434
318 472
318 519
318 532
318 609
319 447
319 470
319 483
319 503
319 541
319 559
320 338
320 356
320 398
320 427
320 457
320 547
320 573
320 580
321 392
321 394
321 418
321 484
321 509
321 537
321 549
321 574
322 356
322 381
322 411
322 419
322 425
322 478
322 533
322 567
323 327
323 408
323 422
323 433
323 472
323 534
323 550
324 335
324 346
324 354
324 382
324 434
324 475
324 537
324 577
324 587
324 604
324 612
324 621
325 349
325 432
325 437
325 441
325 573
326 428
326 455
326 502
326 512
326 513
327 343
327 453
327 464
327 492
327 520
327 534
327 550
328 342
328 353
328 367
328 372
328 384
328 410
328 476
328 526
328 596
329 378
329 398
329 445
329 488
329 530
329 560
329 584
330 504
330 544
330 555
330 583
330 598
331 387
331 402
331 414
331 428
331 435
331 442
331 453
331 456
331 459
331 593
331 606
332 346
332 406
332 409
332 430
332 446
332 583
332 604
332 614
332 621
333 336
333 344
333 357
333 359
333 498
333 510
333 579
333 603
333 606
333 616
334 340
334 470
334 508
334 511
334 553
335 339
335 345
335 351
335 354
335 383
335 385
335 429
335 434
335 537
335 544
335 612
335 615
335 621
335 622
336 344
336 357
336 359
336 428
336 516
336 579
336 616
336 620
337 339
337 392
337 415
337 416
337 421
337 449
337 463
337 581
337 596
338 425
338 427
338 434
338 457
338 580
338 602
338 605
338 609
339 383
339 421
339 544
339 562
339 581
339 622
340 418
340 490
340 508
340 599
341 363
341 389
341 393
341 401
341 422
341 470
341 533
341 556
341 565
341 580
342 348
342 367
342 384
342 395
342 439
342 447
342 473
342 481
342 517
342 557
343 386
343 397
343 433
343 453
343 492
343 520
344 355
344 357
344 497
344 549
344 558
344 570
344 579
344 616
345 351
345 385
345 405
345 429
345 579
345 614
345 615
346 430
346 451
346 475
346 529
346 577
346 583
346 587
346 614
347 357
347 359
347 466
347 497
347 532
347 570
347 572
347 609
348 424
348 436
348 439
348 473
348 479
348 557
349 432
349 485
349 517
349 578
350 396
350 398
350 475
350 520
350 542
350 551
350 574
351 354
351 383
351 385
351 390
351 429
351 518
351 562
351 577
351 581
351 598
351 604
351 615
352 387
352 453
352 459
352 491
352 508
352 527
352 539
352 582
353 372
353 404
353 445
353 476
353 526
353 586
354 383
354 390
354 434
354 452
354 537
354 562
354 564
354 581
354 598
354 612
354 621
355 497
355 558
355 569
356 378
356 381
356 411
356 425
356 533
356 542
356 547
356 563
356 573
356 617
357 519
357 532
357 572
357 579
357 616
358 405
358 423
358 482
358 514
358 524
358 527
359 428
359 497
359 510
359 532
359 570
359 603
359 620
360 366
360 368
360 454
360 461
360 471
360 512
360 516
360 519
361 377
361 501
361 597
362 377
362 404
362 443
362 456
362 520
362 521
362 560
362 566
362 571
362 582
363 371
363 389
363 393
363 412
363 432
363 440
363 470
363 559
363 565
363 608
364 472
364 501
364 609
365 410
365 481
365 522
365 538
365 563
366 368
366 454
366 458
366 461
366 474
366 519
366 527
366 599
367 384
367 424
367 481
367 592
367 601
368 400
368 409
368 454
368 458
368 461
368 519
368 536
369 395
369 407
369 485
369 547
370 381
370 401
370 423
370 430
370 457
370 482
370 556
370 595
371 389
371 412
371 432
371 440
371 556
371 559
371 605
371 608
371 619
372 476
372 490
372 493
372 496
372 526
372 540
372 588
372 600
372 623
373 386
373 397
373 408
373 433
373 534
374 455
374 479
374 502
374 523
375 417
375 419
375 469
375 500
375 529
375 541
375 568
375 600
375 607
376 448
376 488
376 584
376 585
377 381
377 404
377 424
377 443
377 521
377 559
377 560
377 571
377 580
377 597
378 398
378 488
378 542
378 551
378 563
378 617
379 411
379 483
379 500
379 594
380 382
380 477
380 575
381 411
381 423
381 424
381 425
381 457
381 533
381 556
381 559
381 580
382 411
382 465
382 469
382 487
382 604
383 452
383 518
383 544
383 564
383 577
383 604
383 622
384 410
384 449
384 454
384 540
384 548
384 623
385 429
385 452
385 510
385 514
385 516
385 521
385 615
386 408
386 433
386 442
386 534
386 550
386 590
387 402
387 435
387 456
387 459
387 491
387 620
388 429
388 482
388 486
388 494
388 503
388 514
388 524
388 599
389 393
389 412
389 470
389 611
390 544
390 562
390 563
390 581
390 583
390 595
390 598
390 622
391 430
391 445
391 496
391 498
391 504
391 505
391 571
391 615
392 415
392 418
392 484
392 497
392 499
392 549
392 616
393 395
393 417
393 470
393 483
393 511
393 589
394 446
394 484
394 499
394 509
394 529
394 537
394 539
394 574
395 417
395 447
395 473
395 481
395 483
395 517
396 440
396 484
396 509
396 518
396 552
396 574
396 611
396 612
397 464
397 489
398 488
398 542
399 420
399 467
399 474
399 495
399 525
399 543
399 546
399 555
399 617
400 458
400 495
400 506
400 536
400 576
400 590
401 423
401 482
401 504
401 533
401 565
401 580
401 614
402 443
402 456
402 467
402 492
403 416
403 440
403 512
403 523
403 538
403 553
403 613
404 443
404 457
404 473
404 521
404 533
404 560
404 571
404 597
405 423
405 558
405 579
406 446
406 451
406 552
406 574
406 608
407 447
407 477
407 485
407 573
408 422
408 464
408 534
409 603
409 604
409 621
410 454
410 481
410 540
410 563
410 596
410 623
411 425
411 465
411 469
411 487
411 500
411 533
412 556
412 565
412 605
412 611
412 619
413 462
413 463
413 562
413 595
414 428
414 448
414 459
414 606
415 450
415 530
415 591
415 605
416 449
416 463
416 493
416 522
416 531
416 589
416 596
417 483
417 541
417 607
417 610
418 484
418 535
418 539
418 549
418 599
419 431
419 465
419 469
419 478
419 568
419 600
419 612
420 474
420 495
420 498
420 513
420 546
421 463
421 499
421 531
421 548
421 549
421 569
421 581
421 591
422 432
422 460
422 556
423 457
423 504
423 556
423 614
424 473
424 559
424 580
424 601
425 427
425 474
425 533
425 602
425 605
426 438
426 444
426 495
426 505
426 561
427 457
427 474
427 580
427 619
428 459
428 606
428 620
429 452
429 524
429 571
429 615
430 496
430 504
430 583
430 595
430 614
430 615
431 465
431 496
431 594
431 612
432 440
432 460
432 559
432 608
433 472
434 537
434 560
434 609
434 612
434 621
435 442
435 453
435 459
435 590
435 593
435 620
436 479
437 441
437 485
437 573
437 578
438 515
438 528
438 561
438 587
439 454
439 476
439 480
439 557
440 512
440 523
440 538
440 553
440 559
440 608
440 611
440 613
441 477
441 485
441 547
441 578
442 453
442 468
442 490
442 491
442 550
442 590
442 593
443 492
443 521
443 560
443 566
443 571
443 585
443 602
444 541
444 581
444 610
445 571
445 586
446 484
446 529
446 567
446 568
446 569
446 607
447 470
447 473
447 481
447 517
447 541
448 488
448 584
448 585
448 617
449 463
449 548
449 596
449 613
450 488
450 530
450 564
450 603
451 529
451 552
451 574
451 608
452 510
452 514
452 516
452 564
452 571
453 492
453 508
453 520
453 527
453 539
453 593
454 461
454 476
454 519
454 540
454 623
455 513
455 523
455 606
455 620
456 520
456 566
456 582
457 473
457 533
457 556
457 580
457 597
458 466
458 474
458 476
458 536
459 491
459 590
459 606
460 489
460 494
460 500
460 532
460 567
460 572
461 486
461 510
461 519
461 523
462 463
462 562
463 499
463 549
463 562
463 569
463 591
463 596
464 489
465 469
465 478
465 487
465 545
465 607
465 612
466 476
466 487
466 519
466 577
466 609
466 621
467 525
467 543
467 602
468 490
468 491
468 508
468 526
468 540
468 588
468 589
469 478
469 487
469 518
469 537
469 568
469 594
469 600
470 541
471 486
471 516
471 524
471 564
472 501
472 586
473 481
473 517
473 533
473 597
474 495
474 546
475 520
475 528
475 551
475 577
475 587
476 526
477 547
477 573
477 575
478 518
478 537
478 545
478 594
478 607
479 502
480 515
480 528
480 575
481 517
481 563
481 592
482 494
482 599
483 503
484 509
484 518
484 529
484 549
484 552
484 612
485 517
485 578
486 503
486 510
486 514
487 519
487 575
487 577
487 621
488 584
488 585
488 603
489 494
489 500
489 532
489 567
489 572
490 491
490 588
490 623
491 534
491 593
492 520
492 582
492 587
493 496
493 507
493 522
493 531
493 535
493 540
493 589
493 600
493 613
494 500
494 532
494 567
494 599
495 505
495 506
495 546
496 504
496 540
496 594
496 600
496 615
497 499
497 532
497 558
497 570
497 616
498 505
498 513
498 606
499 509
499 539
499 549
499 569
499 591
499 616
500 529
500 532
500 567
501 586
501 609
502 512
503 514
503 554
504 555
504 614
504 615
505 576
506 513
506 525
506 561
507 535
507 538
507 548
507 596
507 608
507 611
507 613
508 527
508 539
508 588
509 518
509 539
509 552
509 612
510 514
510 516
510 603
511 553
511 589
512 523
512 538
512 553
512 613
513 525
514 516
514 524
514 527
515 528
515 557
515 587
515 592
517 554
517 555
517 601
518 537
518 552
518 577
518 594
518 604
518 612
519 532
519 577
519 621
520 551
520 566
520 582
521 560
521 571
522 526
522 531
522 535
522 538
522 545
522 589
522 623
523 538
523 553
523 613
524 527
524 564
525 543
525 546
526 535
526 540
526 545
526 589
526 623
527 539
527 599
530 560
530 584
531 548
531 553
531 589
532 567
532 570
533 565
533 580
533 597
534 550
534 593
535 539
535 545
535 613
535 623
536 585
536 618
537 574
537 594
537 612
537 621
538 548
538 553
538 596
538 613
540 589
540 600
540 623
541 607
542 563
542 584
542 617
543 619
544 563
544 595
544 598
544 622
545 600
545 607
545 623
547 573
548 596
549 569
549 570
549 591
550 590
551 552
552 574
552 608
552 612
553 613
554 555
554 568
554 601
555 601
555 617
556 605
556 619
557 592
559 580
559 608
560 571
560 584
561 610
562 581
562 598
563 595
563 617
565 580
566 582
566 585
566 597
566 602
567 568
567 569
567 607
568 569
568 600
568 607
569 591
569 607
570 616
574 608
576 590
576 618
577 587
577 604
577 621
578 601
579 616
581 598
581 610
582 587
583 614
583 622
584 585
585 602
585 618
588 593
588 623
591 605
598 622
602 605
604 621
605 619
606 620
608 611
612 621
