1296 10584
0 25
0 26
0 206
0 334
0 336
0 368
0 412
0 544
0 557
0 644
0 679
0 703
0 1081
0 1083
0 1167
0 1177
1 15
1 301
1 334
1 348
1 367
1 427
1 455
1 600
1 639
1 806
1 809
1 914
1 1193
2 62
2 109
2 275
2 330
2 382
2 409
2 442
2 464
2 549
2 550
2 680
2 694
2 700
2 760
2 832
2 854
2 1101
2 1102
2 1230
3 80
3 176
3 181
3 182
3 271
3 294
3 305
3 351
3 398
3 431
3 455
3 507
3 624
3 677
3 771
3 783
3 884
3 887
3 1224
4 52
4 82
4 126
4 161
4 280
4 354
4 397
4 500
4 528
4 552
4 589
4 604
4 621
4 821
4 826
4 842
4 1035
4 1182
4 1188
4 1208
4 1294
5 38
5 59
5 174
5 245
5 315
5 457
5 526
5 560
5 646
5 661
5 888
5 910
5 1084
5 1154
5 1212
6 42
6 47
6 217
6 464
6 480
6 510
6 647
6 687
6 810
6 904
6 1057
6 1074
6 1104
6 1106
6 1160
7 94
7 171
7 198
7 282
7 319
7 357
7 425
7 439
7 469
7 478
7 510
7 537
7 565
7 815
7 948
7 1145
7 1232
7 1253
7 1266
8 51
8 274
8 302
8 348
8 392
8 498
8 569
8 641
8 827
8 892
8 903
8 1020
8 1129
8 1140
8 1233
9 218
9 337
9 342
9 572
9 837
9 881
9 886
9 978
9 1025
9 1148
9 1191
10 85
10 135
10 155
10 251
10 326
10 339
10 340
10 469
10 489
10 514
10 546
10 552
10 637
10 731
10 816
10 918
10 989
10 1128
10 1264
11 201
11 229
11 329
11 331
11 365
11 402
11 417
11 527
11 555
11 650
11 725
11 903
11 923
11 970
11 984
11 1023
11 1138
11 1221
11 1243
12 117
12 141
12 219
12 322
12 403
12 461
12 596
12 628
12 630
12 737
12 835
12 902
12 912
12 969
12 1065
12 1095
12 1109
12 1230
12 1259
13 45
13 57
13 225
13 328
13 411
13 437
13 527
13 533
13 640
13 728
13 911
13 1058
13 1175
14 16
14 20
14 96
14 132
14 345
14 407
14 505
14 772
14 925
14 984
14 987
15 126
15 149
15 398
15 524
15 551
15 638
15 744
15 806
15 914
15 1176
16 20
16 90
16 121
16 345
16 795
16 911
16 1043
16 1098
17 169
17 236
17 262
17 264
17 391
17 551
17 589
17 673
17 734
17 744
17 806
17 840
17 891
17 929
17 942
17 1176
17 1210
18 298
18 359
18 386
18 395
18 539
18 543
18 609
18 659
18 688
18 750
18 855
18 927
18 978
18 1125
18 1275
19 88
19 117
19 286
19 362
19 428
19 462
19 595
19 681
19 686
19 691
19 835
19 1101
19 1110
19 1132
19 1172
19 1240
19 1262
20 201
20 277
20 345
20 566
20 804
20 925
20 987
20 1032
20 1247
21 30
21 51
21 144
21 187
21 195
21 253
21 370
21 389
21 420
21 423
21 429
21 540
21 563
21 817
21 827
21 965
21 1129
21 1140
21 1193
22 299
22 359
22 386
22 483
22 524
22 568
22 584
22 589
22 688
22 764
22 871
22 927
22 1192
23 77
23 140
23 268
23 546
23 612
23 635
23 671
23 722
23 899
23 935
23 947
23 973
23 1291
24 72
24 160
24 256
24 676
24 722
24 799
24 954
24 968
24 1117
24 1199
24 1262
25 69
25 281
25 335
25 336
25 368
25 557
25 644
25 655
25 679
25 690
25 868
25 915
25 934
25 1139
25 1177
25 1236
26 69
26 192
26 206
26 368
26 387
26 544
26 644
26 761
26 831
26 868
26 885
26 970
26 1037
26 1083
26 1145
26 1167
26 1183
27 200
27 204
27 326
27 480
27 509
27 537
27 647
27 674
27 678
27 967
27 1107
27 1168
27 1260
28 415
28 430
28 447
28 577
28 746
28 748
28 972
28 1202
28 1269
28 1281
28 1284
29 83
29 103
29 246
29 301
29 373
29 497
29 598
29 605
29 751
29 793
29 832
29 864
29 951
29 1008
29 1150
30 108
30 114
30 141
30 187
30 389
30 429
30 547
30 550
30 553
30 563
30 577
30 700
30 756
30 817
30 1078
30 1129
30 1131
30 1256
31 92
31 99
31 224
31 320
31 401
31 517
31 628
31 660
31 705
31 723
31 739
31 752
31 782
31 870
31 913
31 1100
31 1234
32 71
32 84
32 92
32 160
32 202
32 281
32 410
32 419
32 448
32 456
32 476
32 789
32 801
32 807
32 814
32 863
32 996
32 1109
32 1254
33 53
33 72
33 162
33 452
33 722
33 762
33 864
33 889
33 1000
33 1033
33 1041
33 1173
33 1219
33 1235
33 1291
34 91
34 280
34 287
34 341
34 511
34 627
34 807
34 823
34 1094
34 1099
34 1156
35 58
35 133
35 209
35 242
35 344
35 374
35 458
35 494
35 548
35 595
35 713
35 760
35 794
35 846
35 862
35 949
35 991
35 1091
35 1170
36 44
36 63
36 200
36 450
36 559
36 662
36 672
36 724
36 1005
36 1027
36 1055
36 1146
36 1214
37 200
37 211
37 226
37 266
37 283
37 316
37 320
37 361
37 474
37 556
37 708
37 718
37 723
37 752
37 952
37 966
37 1143
37 1229
37 1234
38 113
38 188
38 315
38 457
38 506
38 512
38 513
38 561
38 646
38 661
38 663
38 888
38 1154
38 1248
39 81
39 125
39 233
39 272
39 366
39 377
39 445
39 486
39 491
39 588
39 648
39 833
39 909
39 1108
39 1147
39 1152
39 1158
39 1162
40 258
40 401
40 615
40 660
40 752
40 870
40 901
40 921
40 966
40 1093
40 1254
41 112
41 129
41 152
41 157
41 174
41 223
41 309
41 506
41 518
41 519
41 642
41 682
41 1169
41 1179
41 1195
41 1269
41 1280
42 47
42 163
42 217
42 480
42 510
42 854
42 905
42 1072
42 1074
42 1104
42 1106
42 1107
42 1160
42 1163
43 50
43 137
43 210
43 300
43 391
43 426
43 432
43 493
43 551
43 558
43 586
43 669
43 891
43 980
43 1047
43 1170
43 1210
43 1216
43 1292
44 105
44 252
44 394
44 559
44 672
44 674
44 718
44 883
44 975
44 1055
44 1146
44 1196
45 57
45 104
45 211
45 230
45 254
45 261
45 380
45 387
45 525
45 592
45 640
45 679
45 684
45 742
45 911
45 940
45 1175
45 1225
46 361
46 384
46 434
46 548
46 606
46 615
46 674
46 816
46 818
46 853
46 867
46 965
46 1010
46 1103
46 1143
46 1173
46 1214
46 1229
46 1234
47 204
47 265
47 375
47 464
47 603
47 647
47 810
47 815
47 876
47 904
47 905
47 1072
47 1160
48 108
48 164
48 209
48 278
48 333
48 358
48 485
48 534
48 578
48 908
48 1053
48 1141
48 1201
48 1215
48 1290
49 98
49 183
49 191
49 196
49 249
49 343
49 446
49 491
49 505
49 561
49 566
49 574
49 580
49 964
49 977
49 1126
49 1212
50 176
50 254
50 300
50 302
50 303
50 324
50 442
50 586
50 621
50 952
50 980
50 1151
50 1170
50 1200
50 1204
50 1210
50 1252
50 1292
51 144
51 156
51 195
51 274
51 348
51 370
51 392
51 423
51 553
51 641
51 756
51 965
51 999
51 1073
51 1129
51 1153
51 1233
52 169
52 280
52 303
52 339
52 363
52 399
52 500
52 524
52 528
52 710
52 821
52 822
52 842
52 928
52 992
52 1017
52 1035
52 1182
52 1255
52 1294
53 72
53 256
53 410
53 452
53 460
53 468
53 676
53 968
53 1000
53 1044
53 1132
53 1173
54 59
54 188
54 242
54 260
54 286
54 362
54 374
54 429
54 554
54 595
54 653
54 658
54 713
54 902
54 943
54 1153
54 1207
54 1240
54 1261
55 72
55 202
55 248
55 410
55 460
55 484
55 625
55 668
55 690
55 799
55 814
55 863
55 945
55 1044
55 1121
56 93
56 113
56 445
56 454
56 526
56 666
56 670
56 707
56 763
56 907
56 1030
56 1116
56 1242
57 104
57 151
57 192
57 230
57 369
57 385
57 640
57 685
57 898
57 911
57 952
57 959
57 976
57 1060
57 1071
57 1175
57 1177
58 109
58 133
58 153
58 209
58 227
58 374
58 382
58 547
58 757
58 759
58 760
58 802
58 848
58 862
58 1036
58 1087
58 1102
58 1170
58 1181
58 1184
59 174
59 188
59 240
59 245
59 378
59 429
59 457
59 486
59 513
59 526
59 560
59 595
59 734
59 910
59 1153
60 137
60 168
60 191
60 249
60 263
60 310
60 388
60 571
60 574
60 663
60 788
60 824
60 964
60 973
60 983
60 1065
60 1084
60 1101
60 1222
61 128
61 269
61 328
61 340
61 437
61 453
61 640
61 728
61 851
61 944
61 962
61 1036
61 1067
61 1087
61 1213
62 175
62 246
62 373
62 382
62 409
62 442
62 464
62 605
62 701
62 792
62 832
62 854
62 1164
62 1217
63 105
63 115
63 200
63 394
63 450
63 588
63 662
63 861
63 935
63 1005
63 1022
63 1055
63 1135
63 1178
63 1214
63 1239
64 215
64 231
64 293
64 582
64 667
64 758
64 805
64 838
64 841
64 932
64 1034
64 1063
64 1064
64 1169
64 1273
65 259
65 271
65 312
65 358
65 490
65 607
65 727
65 846
65 908
65 932
65 973
65 991
65 1053
65 1085
65 1185
65 1261
65 1290
66 161
66 187
66 245
66 375
66 413
66 506
66 510
66 683
66 822
66 842
66 999
66 1070
66 1205
67 127
67 225
67 229
67 291
67 297
67 331
67 340
67 365
67 439
67 717
67 828
67 1088
67 1105
67 1138
67 1293
68 313
68 330
68 392
68 395
68 444
68 488
68 540
68 562
68 617
68 656
68 759
68 773
68 900
68 926
68 936
68 1037
68 1050
68 1161
68 1220
69 192
69 281
69 387
69 530
69 544
69 557
69 626
69 655
69 690
69 740
69 831
69 868
69 1122
69 1167
69 1236
70 262
70 267
70 292
70 493
70 669
70 673
70 686
70 712
70 929
70 1026
70 1097
70 1186
70 1198
70 1227
70 1244
71 92
71 202
71 243
71 258
71 401
71 515
71 791
71 930
71 1093
71 1109
71 1171
71 1254
72 452
72 460
72 676
72 863
72 1000
72 1117
72 1173
72 1199
72 1262
73 138
73 158
73 181
73 182
73 194
73 213
73 238
73 305
73 308
73 317
73 350
73 649
73 670
73 755
73 849
73 887
73 1001
73 1082
73 1203
74 311
74 354
74 439
74 487
74 545
74 860
74 928
74 1112
74 1157
74 1192
74 1289
75 107
75 145
75 234
75 304
75 306
75 314
75 335
75 406
75 522
75 530
75 614
75 619
75 683
75 836
75 857
75 1031
75 1045
75 1083
75 1294
76 231
76 651
76 727
76 745
76 758
76 838
76 878
76 974
76 1034
76 1133
76 1258
77 162
77 251
77 268
77 571
77 618
77 635
77 931
77 947
77 954
77 1022
77 1085
77 1291
78 180
78 379
78 430
78 447
78 482
78 553
78 817
78 825
78 1078
78 1131
78 1133
79 129
79 157
79 203
79 321
79 459
79 501
79 519
79 1003
79 1120
79 1273
79 1280
80 110
80 138
80 158
80 181
80 305
80 479
80 507
80 536
80 677
80 771
80 1180
80 1224
81 125
81 156
81 312
81 429
81 587
81 648
81 706
81 716
81 772
81 804
81 812
81 911
81 1014
81 1108
81 1147
81 1154
81 1158
81 1162
82 94
82 111
82 116
82 190
82 291
82 417
82 536
82 552
82 610
82 621
82 665
82 710
82 826
82 992
82 1035
82 1052
82 1188
82 1208
83 136
83 216
83 239
83 246
83 373
83 427
83 605
83 832
83 889
83 895
83 916
83 1016
83 1021
83 1283
84 255
84 346
84 441
84 448
84 456
84 476
84 518
84 542
84 704
84 777
84 785
84 788
84 789
84 807
84 814
84 948
84 1029
84 1273
85 118
85 155
85 159
85 298
85 332
85 356
85 421
85 489
85 514
85 531
85 731
85 965
86 137
86 146
86 393
86 426
86 590
86 593
86 741
86 852
86 946
86 967
86 1194
87 91
87 133
87 178
87 179
87 228
87 278
87 285
87 358
87 428
87 762
87 779
87 894
87 957
87 1099
87 1137
87 1201
87 1215
87 1217
87 1244
88 219
88 276
88 286
88 362
88 462
88 468
88 595
88 680
88 691
88 808
88 835
88 1110
88 1199
88 1222
88 1240
88 1244
89 98
89 188
89 233
89 236
89 378
89 486
89 560
89 561
89 833
89 897
89 1084
89 1108
89 1174
90 104
90 230
90 277
90 407
90 411
90 587
90 728
90 795
90 812
90 911
90 1162
90 1175
91 100
91 124
91 179
91 228
91 278
91 280
91 341
91 485
91 762
91 823
91 894
91 1094
91 1217
92 166
92 202
92 322
92 517
92 628
92 630
92 691
92 752
92 782
92 913
92 943
92 1012
92 1100
92 1109
92 1144
92 1254
93 113
93 120
93 232
93 319
93 393
93 432
93 445
93 502
93 707
93 763
93 811
93 885
93 907
93 910
93 921
93 971
93 1056
93 1171
94 116
94 282
94 291
94 357
94 417
94 439
94 610
94 631
94 665
94 710
94 1112
94 1226
94 1232
95 143
95 253
95 327
95 392
95 416
95 463
95 466
95 602
95 714
95 782
95 981
95 1020
95 1059
96 132
96 201
96 224
96 229
96 316
96 402
96 498
96 505
96 613
96 768
96 920
96 922
96 984
96 987
96 1032
96 1080
96 1082
96 1274
97 449
97 454
97 512
97 543
97 666
97 729
97 849
97 907
97 910
97 994
97 1030
97 1136
97 1279
98 122
98 191
98 226
98 233
98 315
98 378
98 418
98 467
98 491
98 580
98 897
98 1098
98 1108
98 1126
98 1152
99 145
99 165
99 208
99 224
99 273
99 283
99 320
99 446
99 705
99 708
99 739
99 847
99 870
99 955
99 1029
99 1113
99 1130
99 1234
100 124
100 175
100 287
100 485
100 528
100 529
100 627
100 823
100 894
100 957
100 1076
100 1215
100 1235
100 1246
101 197
101 244
101 404
101 594
101 796
101 872
101 933
101 1031
101 1147
101 1182
101 1271
102 304
102 404
102 522
102 547
102 584
102 619
102 650
102 694
102 768
102 781
102 824
102 836
102 847
102 890
102 958
102 1015
102 1157
102 1250
102 1277
103 199
103 216
103 239
103 301
103 307
103 347
103 373
103 442
103 497
103 598
103 620
103 793
103 916
103 951
103 1019
103 1150
103 1237
103 1249
104 192
104 211
104 230
104 254
104 369
104 411
104 525
104 684
104 685
104 728
104 742
104 812
104 898
104 940
104 1060
104 1177
105 115
105 289
105 394
105 559
105 588
105 662
105 674
105 718
105 861
105 883
105 935
105 1022
105 1061
105 1178
105 1196
106 182
106 238
106 257
106 259
106 267
106 324
106 385
106 405
106 492
106 623
106 624
106 677
106 684
106 689
106 783
106 784
106 993
106 1048
106 1195
107 145
107 255
107 306
107 343
107 406
107 520
107 619
107 705
107 708
107 796
107 836
107 847
107 961
107 1009
107 1031
107 1277
108 114
108 139
108 141
108 223
108 358
108 472
108 485
108 501
108 534
108 547
108 550
108 553
108 578
108 604
108 657
108 700
108 928
109 153
109 347
109 382
109 547
109 549
109 605
109 680
109 700
109 701
109 759
109 802
109 904
109 1101
109 1163
109 1184
109 1200
109 1230
110 138
110 288
110 438
110 479
110 490
110 706
110 979
110 1042
110 1206
110 1250
111 171
111 190
111 468
111 521
111 535
111 536
111 580
111 665
111 920
111 924
111 992
111 1052
111 1062
111 1127
111 1149
111 1238
111 1262
111 1282
112 129
112 151
112 174
112 327
112 405
112 506
112 620
112 634
112 642
112 742
112 783
112 856
112 1048
112 1079
112 1190
112 1195
112 1218
112 1269
113 120
113 188
113 319
113 506
113 512
113 513
113 526
113 646
113 666
113 811
113 885
113 910
113 1030
113 1056
113 1116
113 1248
114 124
114 141
114 309
114 321
114 353
114 354
114 399
114 534
114 547
114 550
114 553
114 657
114 700
114 1053
114 1189
114 1201
114 1278
115 172
115 272
115 366
115 381
115 414
115 465
115 588
115 648
115 707
115 745
115 841
115 861
115 935
115 1022
115 1108
115 1178
115 1241
116 270
116 291
116 417
116 597
116 610
116 613
116 620
116 665
116 709
116 710
116 1038
116 1046
116 1052
116 1126
116 1127
116 1149
116 1265
117 141
117 219
117 322
117 495
117 503
117 808
117 912
117 969
117 1172
117 1230
117 1240
118 332
118 421
118 576
118 896
118 988
118 1040
118 1063
118 1221
118 1264
118 1286
119 189
119 269
119 328
119 379
119 601
119 636
119 760
119 828
119 858
119 878
119 882
119 918
119 962
119 1036
119 1064
119 1067
119 1092
119 1181
119 1184
120 172
120 319
120 377
120 426
120 454
120 763
120 791
120 811
120 885
120 901
120 910
120 939
120 960
120 971
120 1056
120 1111
120 1116
121 345
121 795
121 812
121 925
121 987
121 1043
121 1098
121 1175
122 226
122 315
122 337
122 418
122 431
122 457
122 467
122 639
122 643
122 646
122 765
122 792
122 888
122 953
122 1014
122 1051
122 1098
122 1152
123 164
123 194
123 257
123 297
123 405
123 417
123 624
123 693
123 875
123 993
123 1086
123 1105
123 1137
123 1186
123 1187
124 330
124 485
124 554
124 578
124 657
124 802
124 846
124 1053
124 1189
124 1201
125 233
125 259
125 294
125 366
125 377
125 381
125 445
125 588
125 648
125 909
125 1108
125 1147
125 1158
125 1162
125 1203
125 1242
126 149
126 161
126 169
126 220
126 354
126 359
126 397
126 500
126 524
126 551
126 589
126 604
126 664
126 819
126 871
126 1157
126 1176
127 151
127 178
127 226
127 654
127 684
127 864
127 993
127 1016
127 1086
127 1105
127 1118
127 1138
127 1141
127 1187
128 170
128 186
128 236
128 240
128 328
128 349
128 390
128 453
128 484
128 528
128 533
128 938
128 1067
128 1087
128 1094
128 1173
128 1211
128 1231
129 139
129 174
129 353
129 433
129 506
129 519
129 642
129 682
129 893
129 1003
129 1120
129 1195
129 1269
129 1273
130 134
130 436
130 484
130 514
130 539
130 548
130 562
130 617
130 715
130 844
130 926
130 1197
130 1220
130 1245
130 1272
131 219
131 396
131 446
131 462
131 495
131 503
131 582
131 652
131 653
131 727
131 961
131 1069
131 1076
131 1172
131 1217
132 191
132 196
132 467
132 505
132 566
132 753
132 790
132 961
132 984
132 987
132 1043
132 1130
132 1247
133 178
133 209
133 285
133 296
133 333
133 358
133 374
133 412
133 564
133 655
133 760
133 862
133 957
133 1137
133 1170
133 1201
134 155
134 173
134 390
134 436
134 539
134 562
134 617
134 625
134 721
134 818
134 926
134 941
134 1091
134 1220
135 251
135 339
135 421
135 546
135 552
135 576
135 583
135 778
135 970
135 988
135 1128
135 1264
136 216
136 239
136 373
136 409
136 497
136 599
136 632
136 793
136 889
136 1008
136 1016
136 1200
137 168
137 210
137 249
137 263
137 388
137 391
137 393
137 426
137 432
137 590
137 669
137 788
137 946
137 1047
137 1065
138 158
138 182
138 190
138 213
138 317
138 350
138 479
138 843
138 887
138 1224
139 223
139 309
139 353
139 433
139 472
139 501
139 604
139 657
139 682
139 714
139 893
139 928
139 1096
140 249
140 294
140 344
140 443
140 571
140 607
140 612
140 623
140 635
140 680
140 681
140 722
140 738
140 781
140 908
140 973
140 983
140 1085
141 219
141 322
141 382
141 547
141 549
141 550
141 553
141 681
141 700
141 912
141 969
141 1119
141 1222
141 1230
142 167
142 195
142 499
142 543
142 585
142 602
142 633
142 634
142 699
142 753
142 830
142 900
142 913
142 977
142 1046
142 1079
142 1089
142 1142
142 1190
142 1195
142 1249
143 253
143 392
143 416
143 466
143 517
143 569
143 579
143 830
143 1013
143 1018
143 1096
143 1218
144 183
144 195
144 270
144 295
144 338
144 370
144 419
144 585
144 633
144 690
144 692
144 749
144 790
144 965
144 1100
144 1190
144 1285
145 283
145 306
145 406
145 446
145 573
145 619
145 836
145 847
145 872
145 1029
145 1031
145 1113
145 1130
145 1277
146 388
146 432
146 509
146 590
146 733
146 741
146 852
146 939
146 1047
146 1194
147 221
147 339
147 546
147 579
147 626
147 903
147 931
147 1020
147 1080
147 1090
147 1139
147 1165
147 1188
147 1250
147 1287
148 462
148 611
148 645
148 652
148 692
148 866
148 901
148 912
148 982
148 1066
148 1077
148 1115
148 1171
148 1207
148 1276
149 367
149 524
149 551
149 744
149 806
149 809
149 884
149 906
149 1176
150 180
150 215
150 231
150 318
150 400
150 518
150 601
150 602
150 667
150 748
150 840
150 962
150 1003
150 1040
150 1064
150 1133
150 1181
150 1198
150 1218
151 226
151 230
151 385
151 405
151 634
151 654
151 684
151 742
151 783
151 864
151 952
151 959
151 976
151 1016
151 1071
151 1187
152 163
152 176
152 223
152 266
152 309
152 334
152 433
152 464
152 502
152 519
152 615
152 647
152 784
152 893
152 960
152 1123
152 1163
152 1179
153 310
153 382
153 534
153 547
153 550
153 619
153 657
153 664
153 694
153 738
153 756
153 759
153 802
153 817
153 1015
153 1119
153 1184
153 1192
153 1230
154 189
154 206
154 304
154 336
154 368
154 406
154 614
154 726
154 775
154 831
154 851
154 915
154 1083
154 1122
154 1167
155 390
155 489
155 514
155 562
155 603
155 625
155 721
155 731
155 818
155 1059
155 1091
155 1096
155 1104
155 1161
155 1245
155 1251
156 286
156 312
156 423
156 429
156 513
156 553
156 560
156 563
156 587
156 706
156 713
156 756
156 999
156 1014
156 1073
156 1153
156 1154
157 235
157 321
157 501
157 518
157 682
157 880
157 1120
157 1169
157 1280
158 182
158 213
158 317
158 350
158 438
158 536
158 887
158 979
158 1180
158 1224
159 164
159 178
159 208
159 298
159 352
159 356
159 436
159 444
159 531
159 570
159 609
159 645
159 688
159 965
159 1125
159 1142
159 1223
159 1279
160 248
160 281
160 383
160 410
160 419
160 755
160 799
160 801
160 863
160 968
160 996
161 193
161 354
161 397
161 413
161 500
161 589
161 599
161 604
161 822
161 835
161 943
161 1017
162 571
162 612
162 722
162 947
162 954
162 968
162 1041
162 1085
162 1117
163 334
163 502
163 647
163 678
163 810
163 854
163 893
163 960
163 1107
163 1123
163 1160
163 1163
163 1168
164 178
164 208
164 209
164 257
164 278
164 333
164 570
164 609
164 645
164 1053
164 1105
164 1137
164 1141
164 1187
164 1215
164 1223
165 208
165 247
165 273
165 450
165 616
165 622
165 708
165 776
165 955
165 1025
165 1051
165 1065
165 1196
165 1228
166 314
166 322
166 473
166 504
166 596
166 630
166 691
166 775
166 930
166 943
166 1012
166 1095
166 1144
166 1166
167 195
167 463
167 633
167 723
167 749
167 753
167 770
167 870
167 913
167 933
167 977
167 1012
167 1018
167 1068
167 1079
167 1100
167 1109
167 1158
168 228
168 249
168 263
168 388
168 476
168 541
168 573
168 704
168 777
168 788
168 796
168 1009
168 1065
168 1113
168 1235
169 220
169 359
169 399
169 524
169 589
169 664
169 744
169 806
169 819
169 822
169 871
169 891
169 928
169 1017
169 1035
169 1157
170 349
170 460
170 528
170 676
170 715
170 774
170 829
170 853
170 1000
170 1041
170 1091
170 1094
170 1103
170 1173
170 1211
170 1219
170 1229
170 1231
171 198
171 425
171 468
171 469
171 478
171 521
171 532
171 537
171 740
171 747
171 845
171 1004
171 1062
171 1082
171 1127
171 1139
171 1238
171 1253
171 1262
172 185
172 272
172 314
172 377
172 381
172 445
172 454
172 648
172 707
172 726
172 798
172 971
172 1019
172 1068
172 1108
172 1116
172 1241
173 220
173 299
173 434
173 492
173 617
173 774
173 844
173 941
173 1186
173 1197
174 245
174 389
174 413
174 457
174 506
174 526
174 560
174 642
174 910
174 1073
174 1195
174 1205
174 1248
174 1269
175 179
175 503
175 529
175 605
175 792
175 823
175 932
175 957
175 974
175 1069
175 1076
175 1110
175 1164
175 1207
175 1215
175 1217
175 1235
176 254
176 266
176 271
176 294
176 302
176 324
176 351
176 433
176 464
176 615
176 624
176 783
176 784
176 887
176 952
176 1151
176 1163
176 1252
177 318
177 372
177 435
177 449
177 502
177 649
177 659
177 695
177 733
177 769
177 797
177 813
177 850
177 900
177 967
177 1024
177 1063
177 1111
177 1237
178 208
178 285
178 358
178 570
178 609
178 645
178 957
178 993
178 1086
178 1118
178 1137
178 1141
178 1201
178 1223
179 228
179 278
179 503
179 701
179 730
179 762
179 765
179 832
179 894
179 932
179 974
179 1069
179 1076
179 1110
179 1207
179 1217
180 415
180 430
180 481
180 602
180 675
180 732
180 748
180 840
180 1064
180 1078
180 1198
180 1218
180 1281
181 194
181 238
181 305
181 350
181 383
181 507
181 649
181 670
181 677
181 747
181 771
181 834
181 849
181 922
181 1203
181 1224
182 213
182 259
182 317
182 324
182 350
182 398
182 405
182 431
182 455
182 623
182 677
182 784
182 884
182 887
183 289
183 338
183 343
183 446
183 505
183 566
183 585
183 749
183 753
183 790
183 848
183 858
183 964
183 977
183 1100
183 1135
183 1190
184 263
184 322
184 403
184 461
184 616
184 776
184 917
184 963
184 985
184 1009
184 1029
184 1089
184 1259
185 265
185 314
185 445
185 726
185 736
185 749
185 766
185 770
185 798
185 890
185 913
185 1019
185 1031
185 1068
185 1104
185 1147
186 236
186 240
186 277
186 390
186 411
186 484
186 533
186 640
186 717
186 720
186 772
186 923
186 938
186 1058
187 245
187 389
187 429
187 506
187 563
187 767
187 817
187 857
187 999
187 1070
187 1073
187 1129
188 236
188 429
188 506
188 512
188 513
188 560
188 595
188 646
188 833
188 1153
188 1174
188 1248
189 269
189 316
189 328
189 349
189 424
189 739
189 828
189 851
189 918
189 944
189 1083
189 1092
189 1181
190 425
190 536
190 843
190 992
190 1052
190 1075
190 1180
190 1224
191 196
191 491
191 580
191 663
191 753
191 790
191 961
191 964
191 983
191 1084
191 1126
191 1130
191 1247
192 222
192 237
192 369
192 387
192 451
192 544
192 679
192 685
192 831
192 868
192 898
192 1060
192 1112
192 1167
192 1177
193 239
193 325
193 599
193 621
193 632
193 835
193 937
193 943
193 1008
193 1017
193 1019
193 1255
194 238
194 405
194 624
194 649
194 669
194 670
194 689
194 693
194 741
194 849
194 875
194 1002
194 1086
194 1114
194 1186
194 1203
195 281
195 338
195 370
195 597
195 611
195 633
195 698
195 753
195 874
195 913
195 965
195 977
195 1079
195 1121
196 249
196 561
196 574
196 753
196 790
196 897
196 961
196 964
196 1038
196 1130
196 1152
196 1212
196 1247
196 1282
197 244
197 306
197 594
197 766
197 796
197 872
197 890
197 1158
197 1182
197 1271
198 425
198 469
198 478
198 537
198 538
198 608
198 626
198 820
198 922
198 924
198 934
198 1001
198 1004
198 1052
198 1132
198 1199
198 1209
198 1238
198 1253
199 216
199 293
199 307
199 475
199 620
199 695
199 699
199 797
199 803
199 813
199 886
199 1019
199 1040
199 1050
199 1237
199 1249
200 204
200 266
200 320
200 361
200 450
200 480
200 662
200 674
200 678
200 718
200 966
200 1005
200 1055
200 1214
200 1229
201 224
201 316
201 329
201 331
201 566
201 613
201 650
201 903
201 920
201 922
201 925
201 984
201 1023
201 1032
201 1082
201 1247
202 248
202 250
202 441
202 511
202 690
202 777
202 799
202 801
202 814
202 1006
202 1044
202 1109
202 1121
202 1254
202 1295
203 235
203 447
203 459
203 642
203 873
203 880
203 882
203 895
203 951
203 1087
203 1178
203 1202
203 1256
203 1280
204 265
204 375
204 480
204 481
204 504
204 603
204 608
204 674
204 678
204 815
204 876
204 972
204 1049
204 1062
204 1106
204 1160
205 211
205 302
205 335
205 351
205 424
205 532
205 538
205 579
205 586
205 641
205 784
205 892
205 976
205 981
205 1122
205 1140
205 1204
205 1211
205 1252
206 304
206 406
206 544
206 614
206 644
206 726
206 775
206 915
206 944
206 1083
206 1092
206 1122
207 465
207 588
207 651
207 659
207 667
207 805
207 841
207 877
207 879
207 1034
207 1178
207 1241
207 1263
208 273
208 396
208 532
208 570
208 609
208 645
208 708
208 820
208 955
208 997
208 1066
208 1223
209 278
209 285
209 333
209 374
209 703
209 760
209 859
209 862
209 1053
209 1141
209 1170
209 1215
209 1236
209 1268
210 238
210 292
210 391
210 426
210 432
210 669
210 712
210 852
210 875
210 1002
210 1047
210 1134
210 1227
211 226
211 254
211 351
211 474
211 525
211 586
211 684
211 742
211 784
211 892
211 940
211 952
211 976
211 1204
211 1234
212 218
212 290
212 477
212 516
212 568
212 572
212 837
212 865
212 936
212 1051
212 1148
212 1267
212 1270
213 288
213 317
213 323
213 350
213 507
213 771
213 887
213 1075
213 1253
214 234
214 364
214 389
214 406
214 522
214 643
214 767
214 842
214 857
214 999
214 1154
215 262
215 293
215 327
215 400
215 430
215 601
215 732
215 830
215 962
215 1034
215 1063
215 1064
215 1133
215 1169
215 1181
215 1273
215 1288
216 246
216 307
216 409
216 427
216 497
216 620
216 895
216 916
216 1008
216 1019
216 1021
216 1200
216 1237
216 1249
216 1283
217 265
217 306
217 404
217 480
217 488
217 510
217 514
217 603
217 714
217 721
217 736
217 1013
217 1054
217 1068
217 1074
217 1104
217 1106
218 477
218 803
218 881
218 978
218 1007
218 1051
218 1148
218 1191
218 1270
219 322
219 362
219 808
219 912
219 969
219 1069
219 1172
219 1230
220 299
220 359
220 444
220 483
220 492
220 539
220 664
220 819
220 871
220 1157
220 1186
220 1197
221 479
221 836
221 958
221 979
221 1015
221 1023
221 1165
221 1206
221 1250
221 1274
222 237
222 311
222 451
222 487
222 584
222 610
222 664
222 679
222 1112
222 1226
222 1232
222 1289
223 309
223 353
223 472
223 501
223 519
223 604
223 657
223 928
223 1013
223 1059
223 1179
224 316
224 320
224 556
224 613
224 705
224 739
224 851
224 870
224 920
224 922
224 995
224 1082
224 1092
224 1211
224 1234
225 229
225 291
225 297
225 331
225 527
225 533
225 629
225 687
225 717
225 728
225 865
225 869
225 905
225 923
225 930
225 1058
225 1088
226 315
226 418
226 467
226 474
226 654
226 684
226 864
226 952
226 1016
226 1098
226 1152
226 1187
226 1234
227 269
227 437
227 459
227 591
227 757
227 848
227 880
227 882
227 938
227 1021
227 1036
227 1067
227 1087
227 1102
227 1150
227 1181
227 1231
227 1269
228 241
228 268
228 278
228 452
228 529
228 573
228 704
228 751
228 762
228 796
228 894
228 1016
228 1041
228 1217
228 1235
229 291
229 297
229 331
229 402
229 498
229 717
229 725
229 768
229 970
229 1032
229 1080
229 1088
229 1221
229 1243
229 1274
230 261
230 380
230 385
230 387
230 411
230 592
230 679
230 728
230 812
230 952
230 959
230 976
230 1071
230 1225
231 318
231 518
231 601
231 667
231 727
231 805
231 841
231 974
231 1003
231 1034
231 1040
231 1258
232 393
232 432
232 433
232 435
232 502
232 509
232 593
232 600
232 797
232 810
232 879
232 921
232 960
232 971
232 1081
232 1107
232 1111
232 1171
232 1179
232 1275
233 272
233 366
233 377
233 378
233 381
233 445
233 587
233 588
233 716
233 766
233 897
233 909
233 933
233 1108
234 304
234 389
234 661
234 683
234 767
234 857
234 999
234 1014
234 1294
235 459
235 577
235 642
235 825
235 861
235 877
235 880
235 882
235 895
235 951
235 1087
235 1120
235 1202
236 240
236 262
236 390
236 484
236 533
236 551
236 560
236 734
236 833
236 840
236 929
236 938
236 942
236 1174
237 451
237 496
237 679
237 696
237 745
237 912
237 986
237 1112
237 1263
238 257
238 267
238 292
238 492
238 649
238 670
238 689
238 783
238 849
238 852
238 875
238 993
238 1134
238 1203
239 347
239 373
239 442
239 793
239 889
239 916
239 937
239 1008
239 1016
240 378
240 390
240 484
240 486
240 513
240 533
240 734
240 891
240 938
240 1097
240 1124
240 1174
240 1176
240 1198
240 1288
241 252
241 268
241 452
241 529
241 635
241 724
241 751
241 947
241 1016
241 1033
241 1041
241 1291
242 260
242 285
242 286
242 300
242 333
242 344
242 374
242 494
242 548
242 554
242 658
242 991
242 998
242 1091
242 1102
242 1184
242 1261
243 258
243 401
243 628
243 791
243 801
243 814
243 869
243 1012
243 1093
243 1166
243 1171
243 1254
244 364
244 500
244 508
244 542
244 629
244 683
244 754
244 796
244 811
244 821
244 872
244 956
244 1035
244 1094
244 1182
244 1246
244 1267
245 457
245 506
245 519
245 526
245 560
245 591
245 634
245 682
245 910
245 999
245 1048
245 1070
245 1202
245 1248
246 373
246 427
246 701
246 751
246 793
246 864
246 895
246 916
246 1008
246 1021
246 1283
247 263
247 283
247 337
247 570
247 616
247 622
247 705
247 737
247 883
247 955
247 997
247 1005
247 1228
247 1270
248 256
248 383
248 690
248 755
248 799
248 814
248 996
248 1044
248 1117
248 1121
249 263
249 388
249 561
249 574
249 680
249 681
249 738
249 781
249 788
249 983
249 1065
249 1085
249 1212
250 261
250 369
250 412
250 441
250 456
250 511
250 777
250 789
250 801
250 859
250 1006
250 1295
251 329
251 339
251 498
251 546
251 552
251 618
251 635
251 671
251 740
251 931
251 934
251 1022
251 1090
251 1128
251 1165
251 1264
252 724
252 899
252 975
252 1022
252 1027
252 1055
252 1291
253 274
253 392
253 420
253 423
253 540
253 656
253 827
253 919
253 926
253 1054
253 1140
253 1183
253 1193
253 1251
254 302
254 320
254 324
254 418
254 525
254 654
254 684
254 742
254 940
254 952
254 976
254 1143
254 1151
254 1252
255 343
255 441
255 499
255 704
255 705
255 708
255 788
255 961
255 985
255 1009
255 1029
255 1039
255 1113
255 1259
255 1277
256 460
256 468
256 722
256 954
256 968
256 996
256 1117
256 1132
257 267
257 291
257 492
257 555
257 689
257 783
257 993
257 1086
257 1105
257 1137
257 1187
258 515
258 628
258 660
258 801
258 814
258 901
258 921
258 930
258 1012
258 1254
259 271
259 294
259 324
259 381
259 405
259 623
259 677
259 784
259 973
259 991
259 1085
259 1185
259 1203
259 1242
259 1290
260 286
260 374
260 434
260 443
260 554
260 658
260 794
260 829
260 949
260 991
260 1062
260 1209
260 1261
261 369
261 380
261 387
261 456
261 592
261 655
261 679
261 1060
261 1225
261 1268
262 327
262 430
262 493
262 551
262 601
262 673
262 732
262 734
262 830
262 840
262 929
262 942
262 1198
262 1227
262 1288
263 322
263 337
263 388
263 403
263 737
263 776
263 788
263 883
263 955
263 985
263 1005
263 1065
263 1270
264 391
264 493
264 673
264 712
264 741
264 840
264 1026
264 1134
264 1176
264 1210
264 1216
264 1288
265 375
265 488
265 514
265 603
265 714
265 721
265 770
265 815
265 876
265 890
265 1013
265 1031
265 1054
265 1104
265 1160
266 320
266 361
266 433
266 464
266 615
266 660
266 718
266 784
266 966
266 1010
266 1093
266 1163
266 1229
267 483
267 492
267 686
267 689
267 693
267 712
267 783
267 819
267 844
267 929
267 941
267 993
267 1097
267 1186
267 1244
268 452
268 529
268 751
268 975
268 1016
268 1027
268 1033
268 1041
268 1291
269 328
269 437
269 640
269 728
269 828
269 882
269 918
269 938
269 1092
269 1181
269 1231
270 295
270 419
270 525
270 597
270 606
270 611
270 620
270 633
270 690
270 692
270 698
270 989
270 1046
270 1071
270 1149
270 1285
271 279
271 294
271 351
271 623
271 624
271 648
271 670
271 783
271 887
271 909
271 973
271 991
271 1085
271 1185
271 1290
272 381
272 486
272 491
272 587
272 648
272 707
272 716
272 766
272 833
272 909
272 933
272 1108
272 1152
272 1241
273 298
273 352
273 355
273 538
273 570
273 652
273 697
273 708
273 845
273 955
273 997
273 1115
273 1137
273 1141
274 348
274 392
274 416
274 466
274 540
274 641
274 656
274 919
274 926
274 1054
274 1129
274 1183
274 1233
274 1251
275 330
275 408
275 458
275 485
275 516
275 549
275 550
275 656
275 694
275 699
275 759
275 760
275 769
275 802
275 1102
275 1189
275 1220
275 1261
276 278
276 428
276 468
276 492
276 680
276 686
276 693
276 942
276 950
276 957
276 1026
276 1124
276 1156
276 1199
276 1222
276 1227
276 1240
276 1244
277 407
277 587
277 772
277 804
277 987
277 1058
277 1162
277 1175
278 333
278 686
278 762
278 894
278 950
278 957
278 1053
278 1141
278 1156
278 1215
278 1217
279 305
279 350
279 449
279 623
279 648
279 670
279 689
279 875
279 907
279 909
279 990
279 1116
279 1203
279 1242
280 341
280 424
280 453
280 528
280 821
280 823
280 842
280 853
280 938
280 995
280 1000
280 1094
280 1182
280 1246
280 1294
281 338
281 410
281 419
281 597
281 611
281 655
281 690
281 698
281 801
281 863
281 874
281 996
281 1121
281 1236
282 357
282 399
282 439
282 487
282 545
282 604
282 860
282 918
282 1088
282 1138
282 1213
282 1232
282 1293
283 316
283 446
283 556
283 570
283 622
283 705
283 708
283 723
283 752
283 847
283 997
283 1029
283 1113
283 1130
283 1143
284 319
284 357
284 375
284 478
284 512
284 526
284 644
284 754
284 763
284 773
284 778
284 785
284 787
284 800
284 831
284 885
284 919
284 971
284 1074
284 1145
284 1243
285 300
285 333
285 358
285 494
285 703
285 859
285 957
285 998
285 1102
285 1137
285 1184
285 1201
285 1236
285 1268
286 374
286 462
286 513
286 554
286 560
286 563
286 595
286 658
286 691
286 713
286 835
286 1110
286 1261
287 341
287 511
287 528
287 627
287 779
287 807
287 894
287 950
287 1246
288 323
288 360
288 490
288 650
288 706
288 771
288 979
288 1042
288 1274
289 662
289 672
289 719
289 753
289 848
289 858
289 1061
289 1135
289 1239
290 568
290 702
290 764
290 837
290 871
290 927
290 978
290 1028
291 297
291 331
291 417
291 555
291 610
291 665
291 710
291 717
291 1086
291 1088
292 388
292 393
292 558
292 669
292 852
292 875
292 939
292 946
292 1002
292 1026
292 1134
292 1210
293 318
293 421
293 471
293 475
293 695
293 699
293 725
293 797
293 1034
293 1040
293 1050
293 1063
293 1064
293 1169
293 1273
293 1286
294 344
294 351
294 381
294 443
294 571
294 607
294 623
294 624
294 783
294 887
294 908
294 1203
294 1242
295 419
295 597
295 633
295 665
295 690
295 692
295 698
295 709
295 816
295 856
295 874
295 940
295 959
295 1249
295 1257
295 1285
296 333
296 369
296 412
296 419
296 557
296 564
296 655
296 868
296 1121
296 1225
296 1236
296 1268
297 331
297 417
297 555
297 631
297 709
297 717
297 826
297 992
297 993
297 1088
297 1149
297 1232
298 352
298 356
298 386
298 395
298 531
298 539
298 543
298 609
298 697
298 855
298 965
298 997
298 1115
298 1137
298 1141
299 395
299 436
299 483
299 492
299 524
299 584
299 589
299 819
299 927
299 1186
299 1192
299 1197
300 310
300 333
300 450
300 494
300 586
300 781
300 862
300 883
300 980
300 998
300 1102
300 1170
300 1184
300 1210
300 1292
301 334
301 348
301 373
301 427
301 497
301 598
301 600
301 765
301 809
301 951
301 1150
301 1164
301 1193
301 1283
302 324
302 335
302 424
302 532
302 538
302 569
302 827
302 892
302 952
302 1020
302 1122
302 1151
302 1211
302 1252
303 307
303 339
303 363
303 442
303 500
303 599
303 621
303 710
303 798
303 937
303 992
303 1200
303 1204
303 1208
303 1255
304 404
304 406
304 522
304 683
304 726
304 775
304 847
304 857
304 890
304 915
304 1015
304 1122
304 1277
304 1294
305 308
305 350
305 449
305 507
305 677
305 689
305 755
305 771
305 875
305 990
305 1001
305 1082
305 1224
305 1242
306 404
306 406
306 594
306 603
306 619
306 736
306 836
306 890
306 1031
306 1068
307 325
307 377
307 599
307 620
307 707
307 736
307 770
307 775
307 798
307 937
307 1019
307 1045
307 1208
307 1237
307 1249
308 383
308 422
308 668
308 755
308 773
308 799
308 834
308 996
308 1001
308 1082
308 1183
309 321
309 353
309 354
309 399
309 519
309 534
309 714
309 1096
309 1179
309 1278
310 450
310 550
310 571
310 574
310 619
310 664
310 738
310 781
310 824
310 862
310 883
310 973
310 1015
310 1101
310 1192
310 1222
311 354
311 439
311 487
311 545
311 584
311 664
311 860
311 928
311 1226
312 323
312 360
312 429
312 438
312 479
312 490
312 581
312 587
312 706
312 727
312 846
312 908
312 932
312 1014
312 1154
312 1261
313 330
313 342
313 408
313 477
313 516
313 629
313 759
313 786
313 803
313 837
313 900
313 926
313 936
313 1050
314 335
314 445
314 522
314 530
314 596
314 614
314 726
314 775
314 798
314 930
314 1019
314 1045
314 1068
314 1083
314 1166
315 418
315 455
315 467
315 661
315 730
315 839
315 888
315 953
315 1025
315 1098
315 1152
315 1154
315 1164
315 1270
316 349
316 424
316 556
316 613
316 708
316 723
316 739
316 752
316 920
316 922
316 944
316 1082
316 1143
317 350
317 360
317 425
317 507
317 771
317 780
317 887
317 1042
318 421
318 435
318 471
318 518
318 601
318 667
318 725
318 769
318 813
318 900
318 1003
318 1040
318 1063
318 1237
318 1286
319 510
319 565
319 644
319 773
319 778
319 811
319 815
319 831
319 885
319 910
319 919
319 948
319 1056
319 1145
319 1243
319 1266
320 361
320 418
320 654
320 705
320 718
320 739
320 870
320 966
320 976
320 1143
320 1229
320 1234
321 353
321 354
321 399
321 472
321 488
321 501
321 534
321 1251
321 1278
322 403
322 630
322 691
322 776
322 912
322 943
322 969
322 985
322 1012
322 1144
322 1230
323 360
323 438
323 479
323 581
323 768
323 771
323 1023
323 1042
324 351
324 405
324 623
324 677
324 784
324 854
324 893
324 904
324 952
324 966
324 1010
324 1151
324 1179
324 1252
325 377
325 475
325 497
325 621
325 632
325 707
325 736
325 770
325 775
325 798
325 813
325 856
325 916
325 1019
325 1045
325 1046
325 1255
326 340
326 357
326 376
326 469
326 509
326 537
326 565
326 637
326 780
326 816
326 918
326 967
326 989
326 1004
326 1075
326 1168
326 1238
327 416
327 430
327 601
327 602
327 620
327 732
327 830
327 856
327 981
327 1020
327 1048
327 1079
327 1190
327 1218
327 1288
328 411
328 437
328 453
328 828
328 918
328 1067
328 1087
328 1092
328 1181
329 331
329 498
329 641
329 650
329 671
329 740
329 827
329 903
329 934
329 984
329 1023
329 1080
329 1090
329 1165
330 549
330 550
330 554
330 578
330 694
330 759
330 760
330 802
330 846
330 900
330 926
330 936
330 1050
330 1102
331 402
331 471
331 650
331 717
331 761
331 778
331 896
331 903
331 984
331 1023
331 1088
332 352
332 356
332 370
332 421
332 609
332 637
332 721
332 731
332 867
332 1128
332 1245
333 412
333 494
333 564
333 655
333 998
333 1053
333 1102
333 1141
333 1184
333 1215
334 348
334 412
334 427
334 502
334 600
334 647
334 703
334 809
334 893
334 960
334 1081
334 1123
334 1167
334 1193
335 424
335 522
335 530
335 532
335 538
335 614
335 868
335 915
335 934
335 1045
335 1083
335 1122
335 1139
335 1211
336 368
336 544
336 557
336 564
336 600
336 614
336 644
336 679
336 831
336 859
336 1123
336 1167
336 1177
337 431
337 572
337 639
337 737
337 765
337 792
337 837
337 883
337 888
337 955
337 1005
337 1025
337 1051
337 1191
337 1270
338 423
338 531
338 585
338 597
338 611
338 633
338 698
338 749
338 790
338 867
338 874
338 1100
338 1121
338 1129
338 1190
339 363
339 500
339 546
339 552
339 579
339 710
339 992
339 1020
339 1090
339 1128
339 1188
339 1255
339 1264
340 365
340 437
340 439
340 469
340 637
340 816
340 828
340 851
340 918
340 944
340 962
340 989
340 1036
340 1213
340 1293
341 448
341 627
341 779
341 823
341 950
341 1006
341 1094
342 475
342 516
342 803
342 886
342 1007
342 1148
342 1237
343 355
343 446
343 495
343 505
343 566
343 705
343 708
343 961
343 964
343 977
343 1009
343 1066
343 1069
343 1130
343 1277
344 443
344 521
344 548
344 571
344 607
344 608
344 623
344 658
344 794
344 908
344 991
344 1091
344 1185
345 440
345 467
345 795
345 812
345 1175
346 508
346 518
346 542
346 711
346 777
346 785
346 786
346 787
346 850
346 865
346 948
346 956
346 1056
346 1155
346 1182
346 1193
346 1233
346 1273
347 409
347 442
347 549
347 586
347 605
347 701
347 793
347 904
347 916
347 1151
347 1163
347 1200
347 1208
347 1255
348 392
348 420
348 427
348 542
348 575
348 600
348 641
348 809
348 1024
348 1129
348 1155
348 1193
348 1233
349 424
349 528
349 530
349 739
349 820
349 845
349 892
349 915
349 944
349 995
349 1094
349 1173
349 1211
349 1231
349 1252
350 383
350 449
350 689
350 747
350 834
350 875
350 887
350 922
350 990
350 1242
351 586
351 624
351 783
351 784
351 854
351 887
351 892
351 893
351 904
351 966
351 976
351 1010
351 1179
351 1204
352 370
352 436
352 444
352 609
352 688
352 697
352 731
352 867
352 997
352 1115
352 1125
352 1137
352 1141
352 1142
352 1279
353 354
353 399
353 433
353 534
353 682
353 893
353 1013
353 1059
353 1278
354 397
354 399
354 439
354 500
354 534
354 545
354 589
354 604
354 928
354 1278
355 396
355 495
355 496
355 538
355 570
355 652
355 791
355 845
355 921
355 969
355 982
355 1066
355 1069
355 1130
355 1276
356 531
356 576
356 637
356 721
356 731
356 965
356 1128
356 1245
356 1286
357 375
357 376
357 439
357 478
357 565
357 780
357 785
357 800
357 885
357 1004
357 1074
357 1075
357 1232
357 1238
358 485
358 534
358 578
358 607
358 957
358 1053
358 1137
358 1201
359 568
359 664
359 764
359 819
359 871
359 927
359 1125
359 1157
360 438
360 479
360 507
360 581
360 650
360 1042
360 1274
361 370
361 384
361 434
361 531
361 548
361 718
361 818
361 853
361 966
361 989
361 1103
361 1173
361 1229
361 1257
362 428
362 653
362 681
362 686
362 713
362 808
362 902
362 943
362 1101
362 1132
362 1207
362 1240
362 1262
363 489
363 500
363 552
363 569
363 583
363 637
363 671
363 710
363 931
363 981
363 988
363 992
363 1165
363 1188
363 1255
363 1287
364 406
364 413
364 500
364 508
364 522
364 683
364 767
364 815
364 842
364 1035
364 1070
364 1074
364 1094
364 1246
364 1294
365 402
365 417
365 439
365 527
365 555
365 828
365 923
365 1088
365 1118
365 1138
365 1187
365 1293
366 377
366 394
366 414
366 445
366 465
366 588
366 618
366 662
366 745
366 841
366 873
366 877
366 899
366 909
366 1241
367 420
367 455
367 598
367 639
367 744
367 809
367 914
367 1081
367 1123
367 1233
367 1283
368 557
368 614
368 644
368 679
368 761
368 831
368 885
368 970
368 1037
368 1145
368 1167
368 1177
368 1183
369 456
369 685
369 898
369 1060
369 1177
369 1225
369 1236
370 531
370 609
370 731
370 867
370 965
370 989
370 1103
370 1257
371 559
371 672
371 719
371 1055
371 1061
371 1135
371 1146
371 1159
371 1292
372 386
372 465
372 502
372 659
372 695
372 733
372 805
372 861
372 873
372 879
372 881
372 967
372 1028
372 1111
372 1125
372 1275
373 497
373 598
373 701
373 889
373 951
373 1016
373 1150
374 443
374 494
374 554
374 658
374 715
374 760
374 818
374 862
374 1170
374 1185
374 1261
375 478
375 510
375 603
375 683
375 785
375 800
375 815
375 842
375 876
375 885
375 1074
375 1160
375 1205
376 469
376 489
376 537
376 565
376 593
376 606
376 678
376 733
376 780
376 828
376 1004
376 1075
376 1128
376 1213
376 1238
376 1257
376 1260
377 445
377 454
377 588
377 707
377 736
377 770
377 775
377 909
377 971
377 1045
377 1116
378 486
378 513
378 663
378 734
378 833
378 897
378 1108
378 1212
379 400
379 601
379 758
379 878
379 1036
379 1064
379 1131
379 1133
379 1258
380 387
380 592
380 679
380 685
380 807
380 898
380 950
380 951
380 1006
380 1021
380 1099
380 1225
381 587
381 648
381 707
381 716
381 766
381 909
381 933
381 1108
381 1203
381 1241
381 1242
382 409
382 442
382 464
382 547
382 549
382 681
382 759
382 802
382 832
382 854
382 1119
382 1184
382 1222
383 422
383 668
383 747
383 755
383 773
383 834
383 922
383 1183
384 434
384 548
384 658
384 774
384 818
384 829
384 853
384 941
384 949
384 1173
384 1197
385 418
385 474
385 624
385 684
385 742
385 751
385 889
385 952
385 959
385 976
385 1048
385 1071
385 1105
385 1118
385 1195
386 395
386 539
386 543
386 609
386 688
386 855
386 871
386 879
386 881
386 1028
386 1125
387 544
387 592
387 679
387 696
387 831
387 868
387 986
387 1167
387 1177
387 1225
387 1226
387 1289
388 393
388 432
388 558
388 788
388 939
388 946
388 1002
388 1047
388 1065
388 1194
388 1210
389 413
389 429
389 563
389 817
389 999
389 1073
389 1129
389 1205
389 1248
390 422
390 484
390 523
390 533
390 562
390 625
390 721
390 818
390 863
390 938
390 1044
390 1091
390 1272
391 426
391 432
391 558
391 669
391 673
391 743
391 862
391 998
391 1047
391 1151
391 1159
391 1176
391 1204
391 1210
392 488
392 540
392 641
392 773
392 1037
392 1129
392 1161
392 1220
392 1233
393 426
393 432
393 502
393 558
393 590
393 921
393 939
393 946
393 971
393 1002
393 1171
393 1210
394 559
394 618
394 662
394 674
394 718
394 873
394 877
394 883
394 899
394 1135
394 1196
394 1239
394 1241
395 436
395 444
395 539
395 543
395 562
395 609
395 617
395 656
395 819
395 855
396 446
396 496
396 503
396 532
396 652
396 791
396 820
396 921
396 961
396 969
396 982
396 997
396 1066
396 1276
397 500
397 589
397 604
397 632
397 691
397 822
397 902
397 937
397 1017
397 1070
397 1205
398 431
398 455
398 481
398 499
398 638
398 744
398 884
398 906
398 917
398 942
398 1097
398 1284
399 487
399 524
399 534
399 604
399 822
399 860
399 928
399 1017
399 1035
399 1278
399 1293
400 482
400 758
400 878
400 962
400 1078
400 1133
400 1181
400 1258
401 615
401 660
401 723
401 791
401 966
401 1093
401 1171
402 417
402 471
402 498
402 527
402 555
402 761
402 768
402 778
402 896
402 923
402 1032
402 1080
402 1138
402 1274
403 496
403 596
403 628
403 630
403 700
403 776
403 808
403 835
403 902
403 985
403 1077
403 1095
403 1109
403 1119
403 1172
404 522
404 603
404 736
404 847
404 890
404 1015
404 1031
404 1068
404 1271
404 1277
405 623
405 624
405 634
405 677
405 693
405 742
405 783
405 784
405 875
405 1086
405 1186
406 522
406 619
406 726
406 767
406 775
406 836
406 842
406 915
406 1031
406 1122
407 533
407 587
407 720
407 772
407 804
407 925
407 1162
407 1175
408 477
408 516
408 629
408 656
408 699
408 769
408 786
408 802
408 837
408 886
408 936
408 1007
408 1220
409 442
409 464
409 497
409 586
409 832
409 854
409 1008
409 1151
409 1200
409 1208
409 1255
410 419
410 484
410 625
410 668
410 676
410 801
410 863
410 945
410 996
410 1044
411 437
411 640
411 717
411 720
411 728
411 812
411 923
412 564
412 655
412 703
412 789
412 859
412 1081
412 1167
413 815
413 822
413 1070
413 1073
413 1074
413 1205
413 1248
413 1294
414 451
414 465
414 651
414 745
414 838
414 841
414 969
414 986
414 1077
414 1258
414 1263
415 481
415 675
415 732
415 746
415 825
415 1202
415 1256
415 1269
415 1281
416 466
416 517
416 540
416 602
416 981
416 1013
416 1018
416 1020
416 1096
417 527
417 555
417 610
417 665
417 710
417 923
417 993
417 1138
418 467
418 474
418 654
418 742
418 751
418 889
418 976
418 1098
418 1105
418 1118
418 1143
418 1152
419 557
419 633
419 690
419 692
419 801
419 863
419 868
419 996
419 1121
419 1268
419 1285
420 423
420 540
420 542
420 575
420 598
420 827
420 914
420 1024
420 1081
420 1123
420 1140
420 1155
420 1193
420 1233
420 1283
421 471
421 576
421 583
421 725
421 1286
422 523
422 668
422 773
422 863
422 920
422 945
422 1044
422 1183
422 1265
422 1272
423 531
423 540
423 553
423 633
423 756
423 827
423 867
423 999
423 1073
423 1129
423 1140
423 1153
423 1193
424 453
424 532
424 538
424 739
424 853
424 938
424 944
424 995
424 1000
424 1122
424 1211
424 1246
425 469
425 478
425 537
425 771
425 780
425 1075
425 1180
425 1253
426 432
426 590
426 669
426 763
426 791
426 901
426 939
426 946
426 960
426 1047
426 1111
427 598
427 600
427 730
427 792
427 809
427 895
427 916
427 1021
427 1193
427 1283
428 492
428 681
428 686
428 693
428 779
428 942
428 1026
428 1099
428 1101
428 1124
428 1132
428 1215
428 1227
428 1244
428 1262
429 563
429 587
429 595
429 706
429 817
429 1014
429 1129
429 1153
429 1154
430 601
430 732
430 746
430 748
430 830
430 972
430 1078
430 1284
430 1288
431 455
431 639
431 765
431 792
431 809
431 839
431 884
431 888
431 914
431 1051
432 502
432 669
432 921
432 939
432 971
432 1047
432 1171
432 1194
433 464
433 600
433 615
433 682
433 784
433 810
433 893
433 1081
433 1107
433 1111
433 1163
433 1179
434 548
434 774
434 794
434 818
434 829
434 844
434 853
434 1173
435 509
435 575
435 593
435 695
435 711
435 769
435 797
435 813
435 849
435 879
435 900
435 960
435 990
435 1063
435 1237
435 1275
436 444
436 539
436 688
436 819
436 926
436 1125
436 1142
436 1220
436 1279
437 851
437 882
437 938
437 944
437 962
437 1036
437 1213
437 1231
438 479
438 581
438 979
438 1206
438 1224
438 1250
439 545
439 828
439 928
439 1232
439 1293
440 467
440 474
440 491
440 505
440 654
440 795
440 888
440 897
440 953
440 1043
440 1098
440 1247
441 476
441 511
441 704
441 777
441 788
441 800
441 801
441 956
441 1003
441 1006
441 1029
441 1155
441 1169
441 1266
441 1295
442 464
442 621
442 793
442 832
442 854
442 916
442 1200
442 1204
443 494
443 571
443 607
443 623
443 715
443 818
443 908
443 949
443 991
443 1062
443 1185
443 1209
444 483
444 539
444 562
444 617
444 656
444 688
444 1125
444 1142
444 1279
445 588
445 707
445 726
445 763
445 798
445 907
445 909
445 1019
445 1068
446 503
446 505
446 566
446 652
446 847
446 961
446 964
446 977
446 1029
446 1113
446 1130
447 482
447 553
447 577
447 817
447 825
447 873
447 880
447 1178
447 1256
447 1281
448 456
448 476
448 511
448 592
448 627
448 789
448 807
448 814
448 898
448 1006
449 543
449 649
449 689
449 797
449 849
449 850
449 875
449 990
449 1024
449 1030
449 1242
449 1279
450 622
450 662
450 776
450 781
450 862
450 883
450 1005
450 1025
450 1051
450 1055
450 1065
450 1196
450 1214
451 651
451 679
451 696
451 969
451 986
451 1077
451 1112
452 529
452 612
452 751
452 954
452 1000
452 1016
452 1041
452 1173
452 1219
453 625
453 720
453 734
453 853
453 938
453 995
453 1000
453 1058
453 1067
453 1087
453 1174
453 1231
453 1246
453 1272
454 512
454 670
454 729
454 907
454 910
454 971
454 1116
454 1242
455 639
455 730
455 839
455 884
455 953
455 1025
455 1164
455 1270
456 476
456 564
456 703
456 789
456 807
456 814
456 1295
457 526
457 560
457 561
457 643
457 646
457 663
457 910
457 953
457 1014
458 485
458 494
458 554
458 581
458 582
458 595
458 607
458 706
458 713
458 759
458 794
458 846
458 949
458 974
458 1189
458 1261
458 1290
459 577
459 591
459 825
459 861
459 877
459 880
459 1021
459 1067
459 1150
459 1269
459 1280
460 468
460 676
460 853
460 863
460 968
460 1041
460 1132
460 1219
461 470
461 630
461 737
461 917
461 985
461 1009
461 1029
461 1065
461 1089
461 1228
461 1259
462 495
462 582
462 595
462 611
462 653
462 691
462 692
462 727
462 835
462 982
462 1076
462 1110
462 1207
462 1217
463 466
463 517
463 636
463 714
463 723
463 749
463 782
463 848
463 870
463 980
463 1012
463 1018
463 1059
463 1109
463 1126
463 1159
463 1282
464 615
464 647
464 784
464 810
464 832
464 854
464 904
464 1163
465 667
465 745
465 805
465 841
465 861
465 873
465 1034
465 1275
466 540
466 569
466 579
466 714
466 782
466 830
466 1059
466 1218
467 566
467 795
467 1043
467 1098
467 1152
468 521
468 680
468 968
468 1062
468 1127
468 1132
468 1199
468 1222
468 1238
468 1240
468 1244
468 1262
469 478
469 537
469 593
469 637
469 678
469 733
469 816
469 918
469 989
469 1253
469 1260
470 616
470 622
470 955
470 963
470 985
470 1115
470 1223
470 1228
471 725
471 761
471 778
471 785
471 896
471 1221
471 1266
471 1286
472 488
472 501
472 604
472 657
472 928
472 1120
472 1251
472 1278
472 1280
473 480
473 504
473 521
473 567
473 675
473 687
473 876
473 1049
473 1072
473 1095
473 1209
473 1284
474 491
474 654
474 742
474 751
474 888
474 889
474 897
474 952
474 953
474 1043
474 1105
474 1118
474 1234
475 497
475 695
475 699
475 797
475 798
475 813
475 856
475 916
475 1007
475 1040
475 1046
475 1050
475 1237
476 541
476 777
476 789
476 800
476 807
476 814
476 956
476 1003
476 1009
476 1113
476 1155
476 1169
476 1266
477 572
477 629
477 702
477 764
477 786
477 837
477 1051
477 1148
477 1270
478 537
478 545
478 565
478 610
478 631
478 785
478 800
478 885
478 1074
478 1253
478 1293
479 581
479 958
479 979
480 510
480 521
480 567
480 674
480 675
480 678
480 876
480 1074
480 1104
480 1106
480 1209
480 1284
481 499
481 504
481 608
481 675
481 732
481 906
481 917
481 942
481 972
481 1049
481 1062
481 1097
481 1106
481 1281
481 1284
482 553
482 732
482 748
482 817
482 825
482 878
482 1078
482 1131
483 524
483 539
483 584
483 589
483 693
483 819
483 844
483 927
483 941
483 1192
484 514
484 533
484 548
484 617
484 625
484 668
484 715
484 938
484 945
484 1245
484 1272
485 534
485 578
485 759
485 1189
485 1261
486 491
486 513
486 561
486 734
486 833
486 1084
486 1152
487 584
487 604
487 664
487 860
487 1226
487 1293
488 514
488 540
488 714
488 721
488 773
488 1013
488 1037
488 1054
488 1161
488 1220
488 1251
489 514
489 537
489 583
489 606
489 637
489 671
489 731
489 828
489 931
489 988
489 1128
489 1188
489 1213
489 1257
490 563
490 581
490 643
490 661
490 706
490 716
490 727
490 846
490 908
490 932
490 979
490 1042
490 1153
490 1162
490 1261
491 580
491 654
491 833
491 888
491 897
491 953
491 1043
491 1126
491 1152
492 689
492 693
492 783
492 942
492 993
492 1026
492 1124
492 1186
492 1197
492 1227
493 551
493 558
493 673
493 741
493 891
493 1134
493 1198
493 1216
493 1227
494 595
494 713
494 715
494 794
494 818
494 846
494 949
494 998
494 1102
494 1184
494 1185
495 503
495 582
495 653
495 727
495 808
495 1066
495 1069
495 1076
495 1130
495 1217
496 630
496 696
496 700
496 745
496 791
496 808
496 912
496 921
496 969
496 982
496 1077
496 1119
496 1172
496 1263
496 1276
497 598
497 798
497 813
497 856
497 916
497 951
497 1008
497 1046
497 1150
497 1200
498 671
498 740
498 768
498 903
498 934
498 1032
498 1080
498 1090
498 1140
498 1165
498 1274
499 543
499 699
499 900
499 906
499 917
499 942
499 985
499 1039
499 1089
499 1097
499 1113
499 1142
499 1190
499 1259
499 1284
500 508
500 589
500 604
500 683
500 710
500 992
500 1035
500 1094
500 1246
500 1255
501 604
501 657
501 928
501 1054
501 1161
501 1278
502 647
502 659
502 695
502 733
502 893
502 921
502 960
502 967
502 971
502 1111
502 1123
502 1171
503 652
503 808
503 932
503 961
503 974
503 1069
503 1110
503 1207
504 567
504 608
504 905
504 972
504 1049
504 1057
504 1062
504 1095
504 1106
505 566
505 964
505 977
505 984
505 987
505 1098
505 1247
506 512
506 513
506 642
506 646
506 999
506 1070
506 1195
506 1248
506 1269
507 677
507 771
507 1042
507 1075
507 1224
507 1253
508 520
508 573
508 594
508 683
508 786
508 787
508 821
508 865
508 1035
508 1056
508 1094
508 1155
508 1182
508 1246
508 1271
509 537
509 590
509 593
509 733
509 797
509 879
509 960
509 967
509 1168
509 1275
510 565
510 683
510 815
510 842
510 948
510 1074
510 1104
510 1106
510 1145
510 1205
510 1266
511 592
511 777
511 801
511 807
511 898
511 1006
511 1295
512 513
512 526
512 646
512 729
512 754
512 763
512 787
512 907
512 910
512 971
512 1145
512 1248
513 560
513 563
513 646
513 713
513 734
513 1248
514 548
514 617
514 714
514 715
514 721
514 731
514 1013
514 1054
514 1245
514 1272
515 527
515 717
515 726
515 786
515 869
515 930
515 1045
515 1057
515 1072
515 1095
515 1144
515 1166
515 1267
516 572
516 656
516 699
516 769
516 802
516 803
516 865
516 936
516 1220
516 1267
517 628
517 636
517 752
517 782
517 848
517 913
517 980
517 1013
517 1018
517 1096
517 1100
517 1126
517 1159
517 1282
518 542
518 601
518 667
518 682
518 777
518 785
518 948
518 1003
518 1040
518 1169
518 1273
518 1280
519 591
519 634
519 682
519 1003
519 1048
519 1120
519 1179
519 1202
519 1248
519 1273
520 529
520 541
520 573
520 594
520 762
520 788
520 796
520 821
520 847
520 872
520 1271
521 567
521 608
521 658
521 675
521 794
521 876
521 1062
521 1127
521 1185
521 1209
521 1238
521 1262
521 1284
522 530
522 614
522 767
522 842
522 847
522 890
522 1015
522 1045
522 1083
522 1277
523 535
523 613
523 668
523 755
523 834
523 863
523 919
523 945
523 1037
523 1044
523 1272
524 551
524 584
524 589
524 822
524 927
524 928
524 1017
524 1035
524 1176
524 1192
525 606
525 611
525 684
525 698
525 735
525 742
525 787
525 811
525 940
525 959
525 989
525 1071
525 1136
525 1285
526 560
526 666
526 754
526 763
526 787
526 910
526 971
526 1030
526 1116
526 1145
527 533
527 555
527 717
527 728
527 786
527 923
527 1057
527 1058
527 1072
527 1138
527 1166
527 1267
528 627
528 821
528 842
528 894
528 1094
528 1173
528 1182
528 1211
528 1231
528 1246
528 1294
529 541
529 751
529 762
529 788
529 823
529 872
529 957
529 1016
529 1041
529 1076
529 1215
529 1235
530 557
530 614
530 626
530 740
530 820
530 845
530 892
530 915
530 995
530 1045
530 1083
530 1122
530 1252
531 633
531 867
531 965
531 989
531 1103
531 1129
531 1257
532 538
532 740
532 747
532 820
532 845
532 997
532 1004
532 1066
532 1082
532 1122
532 1139
532 1211
533 720
533 728
533 804
533 938
533 1058
534 578
534 657
534 694
534 756
534 817
534 1119
534 1230
534 1278
535 556
535 580
535 613
535 665
535 668
535 739
535 747
535 920
535 924
535 984
535 1001
535 1032
535 1149
535 1265
535 1282
536 780
536 843
536 992
536 1052
536 1180
536 1253
537 606
537 828
537 967
537 1128
537 1168
537 1213
537 1253
537 1257
538 570
538 626
538 652
538 820
538 845
538 922
538 934
538 1001
538 1122
538 1211
538 1238
539 543
539 609
539 855
539 926
539 1220
540 773
540 827
540 1037
540 1140
540 1161
540 1193
540 1220
541 574
541 704
541 737
541 762
541 776
541 777
541 788
541 872
541 946
541 983
541 1009
541 1047
541 1113
542 575
542 629
542 754
542 777
542 785
542 811
542 821
542 948
542 956
542 1024
542 1155
542 1267
542 1273
543 609
543 699
543 849
543 855
543 900
543 1030
543 1089
543 1142
543 1190
543 1279
544 564
544 600
544 644
544 831
544 859
544 868
544 1083
544 1123
544 1167
545 565
545 610
545 631
545 918
545 928
545 1088
545 1138
545 1213
545 1293
546 552
546 626
546 671
546 899
546 903
546 931
546 935
546 947
546 1080
546 1128
546 1139
546 1264
546 1287
547 550
547 553
547 584
547 694
547 700
547 759
547 781
547 802
547 824
547 836
547 1157
547 1184
548 617
548 715
548 818
548 853
548 991
548 1091
548 1173
548 1245
548 1272
549 550
549 605
549 681
549 694
549 701
549 760
549 904
549 1102
549 1119
549 1163
549 1200
549 1222
550 553
550 619
550 664
550 694
550 700
550 738
550 760
550 1015
550 1102
550 1192
551 558
551 734
551 840
551 891
551 929
551 942
551 1176
551 1216
552 569
552 621
552 826
552 981
552 1035
552 1128
552 1165
552 1188
552 1208
552 1264
552 1287
553 700
553 756
553 817
553 825
553 999
553 1073
553 1153
554 578
554 581
554 582
554 607
554 658
554 706
554 802
554 846
554 974
554 1261
554 1290
555 631
555 709
555 826
555 923
555 992
555 1086
555 1138
555 1149
555 1232
556 708
556 723
556 739
556 747
556 752
556 851
556 984
556 995
556 1001
556 1032
556 1092
556 1143
556 1211
556 1265
557 626
557 644
557 679
557 740
557 868
557 1121
557 1122
557 1177
557 1268
558 743
558 862
558 891
558 939
558 946
558 998
558 1002
558 1151
558 1159
558 1204
558 1210
558 1216
559 674
559 718
559 719
559 724
559 883
559 1027
559 1055
559 1196
560 563
560 713
560 833
560 910
560 1174
561 574
561 663
561 1084
561 1212
562 617
562 625
562 656
562 721
562 818
562 844
562 1091
562 1197
563 581
563 643
563 661
563 713
563 716
563 817
563 1129
563 1153
563 1162
564 600
564 655
564 703
564 859
564 1123
564 1295
565 610
565 631
565 780
565 815
565 948
565 1004
565 1075
565 1145
565 1238
565 1266
565 1293
566 925
566 964
566 977
566 1032
566 1043
566 1247
567 596
567 675
567 876
567 905
567 1049
567 1057
567 1144
567 1209
567 1284
568 702
568 750
568 764
568 837
568 881
569 579
569 827
569 830
569 892
569 981
569 1020
569 1165
569 1218
569 1287
570 609
570 622
570 645
570 652
570 705
570 845
570 997
570 1223
571 574
571 607
571 623
571 824
571 908
571 947
571 954
571 973
571 1085
571 1101
571 1222
572 702
572 764
572 837
572 865
572 936
572 1025
572 1191
572 1267
573 594
573 704
573 796
573 821
573 872
573 1235
573 1271
573 1277
574 704
574 737
574 776
574 824
574 946
574 973
574 983
574 1047
574 1101
574 1212
574 1222
575 695
575 711
575 849
575 850
575 990
575 1011
575 1024
575 1136
575 1155
576 583
576 731
576 896
576 1040
576 1063
576 1221
576 1286
577 756
577 825
577 861
577 877
577 1078
577 1131
577 1256
577 1281
578 802
578 823
578 846
578 894
578 1189
579 641
579 830
579 981
579 1020
579 1090
579 1140
579 1188
579 1218
579 1252
580 665
580 743
580 757
580 782
580 858
580 920
580 924
580 1018
580 1038
580 1126
580 1149
580 1282
580 1292
581 582
581 607
581 643
581 661
581 706
581 716
581 974
581 1153
581 1162
581 1290
582 607
582 653
582 667
582 706
582 727
582 758
582 838
582 932
582 974
582 1076
582 1217
582 1290
583 637
583 671
583 761
583 931
583 988
583 1188
583 1243
583 1264
584 589
584 664
584 694
584 781
584 824
584 836
584 927
584 1157
584 1192
584 1226
585 602
585 634
585 749
585 769
585 790
585 830
585 855
585 917
585 1039
585 1046
585 1050
585 1079
585 1100
585 1190
585 1195
585 1249
585 1279
586 784
586 892
586 976
586 980
586 1151
586 1170
586 1204
586 1208
586 1210
586 1255
586 1292
587 706
587 716
587 766
587 909
587 933
587 1014
587 1154
587 1162
587 1175
588 651
588 805
588 861
588 909
588 935
588 1022
588 1178
588 1241
588 1263
589 604
589 744
589 806
589 891
589 927
589 1192
590 733
590 946
590 1114
590 1134
590 1194
591 634
591 642
591 682
591 746
591 880
591 1021
591 1048
591 1067
591 1150
591 1202
591 1248
591 1269
591 1281
592 679
592 685
592 779
592 895
592 898
592 1150
592 1156
592 1225
593 678
593 733
593 797
593 879
593 960
593 967
593 1194
593 1260
593 1275
594 821
594 890
594 933
594 1147
594 1271
595 691
595 713
595 794
595 835
595 846
595 949
595 1110
595 1153
596 628
596 775
596 835
596 902
596 930
596 1049
596 1095
596 1109
596 1144
596 1166
597 611
597 620
597 692
597 698
597 816
597 874
597 940
597 959
597 1046
597 1121
597 1149
597 1257
598 730
598 792
598 914
598 951
598 1081
598 1123
598 1150
598 1233
598 1283
599 632
599 793
599 798
599 835
599 937
599 943
599 1017
599 1208
600 809
600 810
600 859
600 1081
600 1107
600 1111
600 1123
600 1179
600 1193
601 667
601 732
601 830
601 878
601 1003
601 1036
601 1040
601 1064
601 1288
602 634
602 748
602 830
602 840
602 981
602 1020
602 1046
602 1064
602 1195
602 1198
602 1218
602 1249
603 736
603 815
603 876
603 1059
603 1068
603 1096
603 1104
603 1160
603 1161
603 1245
603 1251
604 657
604 860
604 928
604 1293
605 701
605 792
605 832
605 904
605 1163
605 1164
605 1200
605 1217
606 611
606 698
606 816
606 828
606 867
606 965
606 989
606 1071
606 1128
606 1213
606 1229
606 1257
606 1285
607 623
607 706
607 908
607 974
607 1053
607 1290
608 658
608 794
608 924
608 972
608 1004
608 1049
608 1052
608 1062
608 1106
608 1132
608 1185
608 1199
608 1209
609 645
609 731
609 855
609 867
609 1223
610 631
610 665
610 710
610 1232
610 1289
610 1293
611 692
611 698
611 874
611 982
611 989
611 1071
611 1121
611 1207
611 1285
612 635
612 722
612 954
612 968
612 973
612 1117
612 1219
613 668
613 709
613 920
613 922
613 1038
613 1052
613 1082
613 1126
613 1127
613 1265
614 831
614 944
614 1045
614 1083
614 1092
614 1167
615 674
615 784
615 966
615 1010
615 1103
615 1143
615 1163
615 1214
615 1234
616 963
616 1115
616 1223
616 1228
616 1259
617 656
617 715
617 941
617 1245
617 1272
618 635
618 662
618 724
618 873
618 877
618 899
618 931
618 935
618 975
618 1022
618 1241
619 650
619 664
619 738
619 768
619 836
619 958
619 1015
619 1031
619 1192
619 1250
620 856
620 1019
620 1046
620 1048
620 1079
620 1149
620 1190
620 1218
620 1237
620 1249
621 632
621 826
621 1019
621 1035
621 1188
621 1200
621 1204
621 1208
621 1255
622 705
622 776
622 955
622 963
622 997
622 1025
622 1051
622 1065
622 1196
623 648
623 670
623 677
623 784
623 908
623 909
624 684
624 693
624 783
624 875
624 887
624 1048
624 1086
624 1186
624 1195
625 668
625 720
625 721
625 734
625 818
625 945
625 1058
625 1091
625 1174
625 1231
625 1272
626 740
626 820
626 903
626 922
626 931
626 934
626 1001
626 1080
626 1122
626 1139
626 1238
626 1287
627 894
627 1006
627 1099
627 1156
627 1246
628 752
628 782
628 801
628 814
628 835
628 902
628 913
628 1012
628 1095
628 1100
628 1109
629 687
629 754
629 786
629 811
629 821
629 837
629 865
629 869
629 905
629 923
629 930
629 956
629 1267
630 691
630 700
630 737
630 808
630 943
630 1012
630 1065
630 1077
630 1119
630 1144
630 1172
630 1259
631 709
631 826
631 992
631 1112
631 1149
631 1226
631 1232
631 1293
632 691
632 793
632 822
632 902
632 937
632 1019
632 1255
633 690
633 692
633 753
633 867
633 913
633 977
633 1079
633 1129
633 1285
634 682
634 742
634 783
634 830
634 1046
634 1048
634 1195
634 1202
634 1248
634 1249
635 722
635 931
635 947
635 973
635 1022
635 1033
636 757
636 760
636 790
636 848
636 858
636 882
636 962
636 977
636 980
636 1061
636 1067
636 1126
636 1159
636 1184
636 1239
636 1282
637 671
637 721
637 816
637 918
637 931
637 988
637 989
637 1128
637 1188
637 1245
638 639
638 675
638 677
638 744
638 839
638 884
638 887
638 906
638 929
638 972
638 1039
638 1089
638 1124
639 677
639 765
639 792
639 839
639 887
639 888
639 906
639 1051
640 717
640 720
640 728
640 911
640 923
640 1175
641 827
641 981
641 1080
641 1129
641 1140
641 1233
641 1252
642 746
642 882
642 895
642 951
642 1087
642 1195
642 1202
642 1269
642 1281
643 646
643 661
643 716
643 857
643 953
643 1014
643 1153
643 1154
643 1162
644 679
644 773
644 778
644 831
644 919
644 1083
644 1177
644 1243
645 697
645 963
645 1115
645 1223
645 1228
645 1276
646 953
646 1014
646 1084
646 1212
646 1248
647 810
647 893
647 904
647 960
647 1107
647 1123
647 1260
648 670
648 707
648 909
648 1108
648 1147
648 1158
648 1162
648 1241
649 666
649 670
649 729
649 797
649 849
649 850
649 855
649 990
649 1024
649 1142
649 1203
650 768
650 903
650 958
650 984
650 1023
650 1250
650 1274
651 745
651 758
651 805
651 969
651 986
651 1077
651 1241
651 1263
652 845
652 866
652 901
652 912
652 961
652 1066
652 1077
652 1171
653 713
653 727
653 866
653 874
653 902
653 943
653 1076
653 1110
653 1207
653 1217
653 1240
653 1276
653 1285
654 684
654 864
654 888
654 897
654 953
654 976
654 1016
654 1043
654 1143
654 1187
655 690
655 1060
655 1236
655 1268
656 699
656 769
656 802
656 919
656 926
656 1054
656 1183
656 1220
656 1251
657 694
657 756
657 817
657 928
657 1053
657 1119
657 1189
657 1201
657 1230
658 774
658 794
658 949
658 1185
658 1261
659 688
659 695
659 733
659 750
659 841
659 877
659 879
659 967
659 978
659 1111
659 1178
659 1275
660 723
660 901
660 921
660 1010
660 1093
660 1254
661 716
661 767
661 888
661 1014
661 1153
661 1154
661 1162
662 873
662 877
662 899
662 1005
662 1055
662 1061
662 1214
662 1241
663 833
663 964
663 983
663 1084
663 1212
664 738
664 819
664 871
664 1015
664 1157
664 1192
664 1226
665 698
665 709
665 710
665 856
665 920
665 924
665 1149
665 1249
665 1282
666 729
666 855
666 990
666 994
666 1030
666 1116
666 1136
666 1142
667 758
667 838
667 932
667 1003
667 1034
667 1040
668 773
668 945
668 1183
669 689
669 741
669 1002
669 1026
669 1047
669 1114
670 849
670 909
670 1203
670 1242
671 740
671 899
671 931
671 934
671 935
671 947
671 988
671 1090
671 1165
671 1188
672 719
672 1146
672 1159
672 1239
672 1292
673 852
673 1114
673 1176
673 1198
673 1210
673 1216
673 1227
674 678
674 718
674 883
674 1010
674 1103
674 1143
674 1196
674 1214
674 1234
675 732
675 876
675 884
675 929
675 972
675 1039
675 1089
675 1124
675 1209
675 1281
675 1284
676 853
676 1041
676 1044
676 1117
676 1199
676 1219
676 1262
677 771
677 784
677 839
677 887
677 906
677 1224
678 733
678 810
678 1168
678 1260
679 1112
679 1177
679 1225
680 681
680 700
680 738
680 781
680 983
680 1085
680 1101
680 1199
680 1222
680 1230
680 1240
680 1244
681 686
681 738
681 781
681 983
681 1085
681 1101
681 1119
681 1132
681 1222
681 1262
682 893
682 1048
682 1169
682 1202
682 1248
682 1280
683 842
683 857
683 1035
683 1094
683 1205
683 1246
683 1294
684 742
684 864
684 940
684 1016
684 1048
684 1187
684 1195
685 779
685 807
685 895
685 898
685 1006
685 1060
685 1150
685 1156
685 1177
686 712
686 929
686 950
686 957
686 1097
686 1101
686 1132
686 1156
686 1186
686 1244
686 1262
687 865
687 869
687 905
687 923
687 930
687 1049
687 1057
687 1072
687 1160
688 750
688 871
688 978
688 1125
688 1142
688 1275
688 1279
689 741
689 783
689 875
689 990
689 993
689 1002
689 1114
689 1242
690 692
690 799
690 814
690 1044
690 1121
690 1236
690 1285
691 822
691 835
691 902
691 937
691 943
691 1012
691 1110
691 1144
692 816
692 874
692 940
692 959
692 982
692 1207
692 1257
692 1285
693 819
693 844
693 875
693 941
693 942
693 1026
693 1086
693 1124
693 1186
693 1227
694 756
694 760
694 781
694 817
694 824
694 836
694 1102
694 1119
694 1157
694 1230
695 699
695 711
695 733
695 797
695 849
695 967
695 990
695 1040
695 1050
695 1111
696 745
696 912
696 986
696 1177
696 1226
696 1263
696 1289
697 866
697 963
697 982
697 997
697 1115
697 1137
697 1141
697 1223
697 1228
698 709
698 856
698 874
698 989
698 1071
698 1121
698 1249
698 1285
699 769
699 797
699 802
699 900
699 1040
699 1050
699 1089
699 1142
699 1190
699 1220
700 808
700 1077
700 1101
700 1119
700 1172
700 1230
701 730
701 765
701 832
701 904
701 1076
701 1163
701 1200
702 750
702 764
702 871
702 881
702 927
703 859
703 1081
703 1167
703 1236
703 1268
703 1295
704 737
704 776
704 788
704 796
704 946
704 983
704 1029
704 1047
704 1235
705 708
705 739
705 870
705 961
705 997
705 1009
705 1234
705 1277
706 974
706 979
706 1014
706 1042
706 1154
706 1290
707 736
707 763
707 770
707 775
707 907
707 1045
707 1108
707 1241
708 723
708 752
708 955
708 961
708 1009
708 1143
708 1277
709 826
709 856
709 992
709 1038
709 1052
709 1126
709 1127
709 1149
709 1232
709 1249
709 1265
710 826
710 843
710 924
710 992
710 1127
710 1180
710 1255
711 735
711 849
711 850
711 956
711 990
711 994
711 1024
711 1193
711 1233
712 840
712 929
712 1002
712 1026
712 1097
712 1186
712 1216
712 1227
712 1244
712 1288
713 794
713 846
713 902
713 943
713 949
713 1207
713 1240
714 721
714 782
714 1013
714 1054
714 1059
714 1096
715 774
715 818
715 829
715 1000
715 1091
715 1103
715 1185
715 1229
715 1245
715 1272
716 766
716 772
716 804
716 812
716 909
716 911
716 933
716 1153
716 1162
717 720
717 786
717 923
717 1057
717 1072
717 1088
717 1166
717 1267
718 876
718 883
718 966
718 1106
718 1168
718 1196
718 1214
718 1229
718 1260
719 743
719 980
719 1055
719 1146
719 1239
720 734
720 804
720 923
720 1058
720 1174
720 1231
720 1272
721 818
721 1013
721 1054
721 1091
721 1128
721 1245
722 954
722 973
722 1041
723 749
723 752
723 870
723 1012
723 1018
723 1109
723 1143
724 935
724 975
724 1027
724 1291
725 800
725 896
725 948
725 970
725 1221
725 1243
725 1286
726 775
726 798
726 869
726 915
726 1019
726 1045
726 1068
726 1095
726 1122
726 1144
727 846
727 908
727 932
727 974
727 1034
727 1076
727 1217
727 1258
727 1261
728 812
728 1058
729 735
729 855
729 907
729 910
729 990
729 1011
729 1030
729 1142
730 765
730 792
730 832
730 839
730 953
730 1025
730 1076
730 1164
730 1270
731 867
731 1286
732 748
732 830
732 1131
732 1281
732 1288
733 967
733 1111
733 1260
734 840
734 929
734 942
734 1058
734 1174
734 1231
734 1272
735 787
735 811
735 959
735 994
735 1011
735 1024
735 1030
735 1136
736 749
736 766
736 770
736 775
736 913
736 1045
736 1068
736 1147
737 776
737 883
737 946
737 955
737 983
737 1005
737 1047
737 1065
737 1259
737 1270
738 781
738 824
738 983
738 998
738 1005
738 1015
738 1085
738 1170
738 1192
738 1196
739 747
739 870
739 944
739 984
739 1001
739 1032
739 1234
739 1265
740 747
740 845
740 934
740 1004
740 1082
740 1090
740 1122
740 1139
740 1165
741 852
741 1002
741 1114
741 1134
742 751
742 783
742 889
742 940
742 1105
742 1118
743 757
743 782
743 858
743 862
743 980
743 998
743 1018
743 1038
743 1146
743 1151
743 1159
743 1204
743 1292
744 806
744 809
744 891
745 758
745 841
745 912
745 1263
746 748
746 825
746 972
746 1256
746 1281
746 1284
747 834
747 845
747 922
747 984
747 1001
747 1004
747 1032
747 1082
747 1139
747 1265
748 840
748 972
748 1064
748 1131
748 1198
748 1218
748 1284
749 766
749 790
749 870
749 913
749 1012
749 1018
749 1100
749 1109
749 1147
749 1190
750 881
750 978
750 1028
750 1148
750 1191
750 1275
751 793
751 864
751 889
751 1008
751 1016
751 1041
751 1105
751 1118
752 782
752 870
752 913
752 1093
752 1100
752 1143
753 790
753 848
753 858
753 913
753 961
753 977
753 1079
753 1130
753 1135
753 1247
754 763
754 787
754 811
754 821
754 940
754 956
754 971
754 994
754 1011
754 1056
754 1071
754 1145
754 1267
755 834
755 919
755 945
755 1001
755 1037
755 1082
756 817
756 999
756 1073
756 1078
756 1119
756 1131
756 1153
756 1230
756 1256
757 782
757 790
757 848
757 858
757 977
757 1018
757 1036
757 1038
757 1061
757 1087
757 1102
757 1181
757 1239
757 1292
758 838
758 932
758 1258
759 802
759 900
759 926
759 936
759 1050
759 1184
759 1189
759 1261
760 858
760 862
760 882
760 962
760 1067
760 1102
760 1170
760 1184
761 778
761 885
761 896
761 970
761 1037
761 1145
761 1183
761 1243
761 1264
762 788
762 864
762 872
762 889
762 894
762 1033
762 1217
762 1219
762 1235
762 1291
763 787
763 791
763 901
763 907
763 939
763 960
763 971
763 1111
763 1145
764 978
764 1028
765 792
765 832
765 888
765 1051
765 1076
765 1164
765 1283
766 909
766 913
766 933
766 1147
766 1158
766 1271
767 842
767 857
767 1014
767 1073
768 958
768 1023
768 1032
768 1042
768 1080
768 1250
768 1274
769 802
769 813
769 855
769 900
769 917
769 1039
769 1050
769 1063
769 1079
769 1220
769 1237
769 1279
770 775
770 890
770 933
770 1031
770 1045
770 1068
770 1100
770 1104
770 1158
771 780
771 1224
772 804
772 812
772 911
772 925
772 1058
773 778
773 831
773 919
773 1037
773 1161
773 1183
773 1220
773 1243
774 829
774 844
774 949
774 1000
774 1091
774 1103
774 1229
775 915
775 930
775 1045
775 1122
775 1166
776 946
776 983
776 985
776 1025
776 1047
776 1051
776 1065
776 1196
777 785
777 801
777 948
777 1006
777 1009
777 1113
777 1273
777 1295
778 831
778 896
778 919
778 970
778 988
778 1243
779 895
779 950
779 1099
779 1150
779 1156
779 1215
779 1244
780 843
780 1004
780 1075
780 1238
780 1253
781 824
781 836
781 862
781 883
781 983
781 1085
781 1157
782 858
782 913
782 1018
782 1038
782 1059
782 1100
782 1292
783 887
783 993
784 892
784 976
784 1163
784 1204
785 800
785 885
785 948
785 1074
785 1221
785 1266
785 1273
786 787
786 837
786 865
786 1056
786 1057
786 1072
786 1155
786 1166
786 1182
786 1267
787 811
787 865
787 959
787 971
787 1056
787 1136
787 1145
787 1155
787 1182
788 872
788 1029
788 1065
789 807
789 814
789 859
789 1060
789 1225
789 1295
790 961
790 977
790 1061
790 1100
790 1130
790 1190
790 1239
790 1247
791 901
791 921
791 939
791 960
791 969
791 982
791 1093
791 1111
791 1171
791 1276
792 888
792 1051
792 1164
792 1217
793 864
793 916
793 1008
794 829
794 846
794 949
794 1185
795 911
795 925
795 987
796 847
796 872
796 1182
796 1235
797 850
797 879
797 960
797 1024
797 1040
797 1050
797 1275
798 813
798 856
798 916
798 937
798 1019
798 1046
798 1068
798 1208
799 814
799 834
799 968
799 996
799 1044
799 1121
800 885
800 896
800 948
800 956
800 1003
800 1074
800 1155
800 1169
800 1266
801 814
801 863
801 996
801 1006
801 1012
801 1295
802 846
802 1184
802 1220
803 813
803 886
803 1007
803 1191
804 812
804 911
804 987
805 841
805 861
805 873
805 1241
805 1263
805 1275
806 884
806 891
806 906
806 914
807 814
807 1006
808 1077
808 1119
808 1172
809 839
809 914
809 1193
810 904
810 1081
810 1107
810 1111
810 1168
810 1179
811 821
811 885
811 910
811 956
811 959
811 1056
811 1136
811 1267
812 911
812 1175
813 856
813 886
813 900
813 916
813 1046
813 1063
813 1237
814 1012
814 1044
814 1121
815 876
815 948
815 1070
815 1074
815 1145
815 1160
815 1266
815 1294
816 867
816 874
816 918
816 940
816 959
816 965
816 989
816 1229
816 1257
817 825
817 1119
817 1129
817 1230
818 853
818 1091
818 1173
818 1185
819 844
819 871
819 941
819 1157
820 845
820 892
820 915
820 922
820 934
820 995
820 997
820 1001
820 1066
820 1238
820 1252
821 842
821 956
821 1182
821 1267
821 1271
821 1294
822 902
822 928
822 937
822 1017
822 1035
823 894
823 957
823 1076
823 1094
823 1189
823 1215
823 1235
824 836
824 973
824 998
824 1005
824 1101
824 1157
824 1170
824 1196
824 1222
825 861
825 877
825 1256
826 843
826 924
826 992
826 1035
826 1127
826 1149
826 1180
826 1188
826 1208
826 1232
827 892
827 1020
827 1080
827 1140
827 1193
828 918
828 1092
828 1128
828 1181
828 1213
828 1257
828 1293
829 941
829 1000
829 1091
829 1103
829 1197
829 1229
830 1046
830 1195
830 1218
830 1249
830 1288
831 868
831 919
831 1167
831 1243
832 854
832 1076
833 1152
833 1174
833 1212
834 919
834 922
834 945
834 996
834 1037
835 902
835 943
835 1017
835 1095
835 1109
835 1110
836 1015
836 1023
836 1031
836 1157
836 1206
836 1274
837 1025
837 1191
838 878
838 932
838 1133
838 1258
838 1263
839 887
839 906
839 914
839 953
839 1025
839 1164
839 1270
840 929
840 942
840 1026
840 1064
840 1198
840 1216
840 1218
840 1288
841 877
841 879
841 1178
842 1182
842 1205
842 1294
843 924
843 1127
843 1180
843 1224
843 1253
844 941
844 1197
845 892
845 915
845 995
845 1004
845 1082
845 1139
845 1252
846 908
846 932
846 949
846 1261
847 890
847 1015
847 1029
847 1113
847 1130
847 1277
848 858
848 980
848 1036
848 1087
848 1102
848 1126
848 1135
848 1159
848 1181
848 1282
849 990
849 1030
849 1203
849 1279
850 956
850 1011
850 1024
850 1136
850 1193
850 1233
851 944
851 962
851 995
851 1036
851 1083
851 1092
851 1211
851 1213
852 875
852 1114
852 1134
852 1216
853 938
853 995
853 1000
853 1041
853 1173
853 1219
853 1246
854 893
854 904
854 966
854 1010
854 1107
854 1160
854 1163
854 1179
855 917
855 990
855 1039
855 1050
855 1079
855 1142
855 1279
856 916
856 1046
856 1048
856 1079
856 1190
856 1218
856 1249
857 1073
857 1154
857 1294
858 882
858 962
858 1018
858 1038
858 1067
858 1135
858 1184
858 1292
859 1123
859 1236
859 1268
860 1112
860 1157
860 1192
860 1289
860 1293
861 873
861 877
861 935
861 1022
861 1178
861 1275
862 883
862 998
862 1151
862 1159
862 1170
862 1204
863 996
863 1044
863 1272
864 889
864 1008
864 1016
864 1033
864 1187
864 1219
864 1235
864 1291
865 869
865 905
865 923
865 930
865 936
865 1056
865 1155
865 1182
865 1267
866 874
866 901
866 912
866 982
866 1066
866 1077
866 1110
866 1171
866 1223
866 1276
866 1285
867 965
867 1129
867 1229
868 915
868 934
868 1121
868 1139
868 1167
868 1268
869 905
869 923
869 930
869 1045
869 1095
869 1144
869 1166
869 1254
870 1012
870 1018
870 1093
870 1109
870 1234
871 927
871 1157
872 1182
872 1277
873 877
873 880
873 899
873 1178
873 1241
873 1256
873 1275
874 940
874 959
874 1110
874 1121
874 1257
874 1276
874 1285
875 990
875 1086
875 1134
875 1186
875 1242
876 1106
876 1160
876 1168
876 1209
876 1214
876 1260
876 1284
877 879
877 899
877 1178
877 1241
878 1036
878 1064
878 1078
878 1133
879 881
879 960
879 1028
879 1125
879 1178
879 1275
880 1021
880 1067
880 1120
880 1150
880 1178
880 1256
880 1269
881 978
881 1028
881 1125
882 895
882 938
882 951
882 962
882 1067
882 1087
882 1184
882 1202
882 1231
883 955
883 1005
883 1196
883 1270
884 906
884 929
884 972
884 1039
884 1089
884 1124
885 910
885 970
885 1037
885 1056
885 1074
885 1145
885 1183
886 936
886 1007
886 1148
887 906
888 897
888 953
888 1043
888 1051
888 1154
889 1016
889 1033
889 1105
889 1118
889 1219
889 1235
889 1291
890 1015
890 1031
890 1104
890 1277
891 1097
891 1124
891 1174
891 1176
891 1198
891 1216
891 1288
892 915
892 976
892 995
892 1020
892 1204
892 1252
893 904
893 960
893 966
893 1010
893 1123
893 1179
894 1189
894 1217
894 1246
895 916
895 951
895 1021
895 1087
895 1150
895 1156
895 1202
895 1283
896 948
896 1040
896 1063
896 1221
897 953
897 964
897 1038
897 1043
897 1108
897 1152
897 1282
898 950
898 951
898 1021
898 1060
898 1099
898 1177
899 935
899 947
899 1022
899 1027
899 1241
900 926
900 936
900 1050
900 1063
900 1089
900 1142
900 1190
900 1237
901 912
901 921
901 939
901 960
901 1066
901 1077
901 1111
901 1171
901 1254
902 937
902 943
902 1095
902 1109
902 1207
902 1240
903 931
903 984
903 1023
903 1080
903 1139
903 1140
903 1287
904 966
904 1010
904 1163
904 1179
904 1200
905 923
905 930
905 1057
905 1072
906 917
906 942
906 1097
906 1284
907 910
907 1116
907 1203
908 932
908 1201
908 1261
908 1290
909 933
910 1056
911 1175
912 969
912 1066
912 1077
912 1171
912 1230
912 1263
913 977
913 1079
913 1100
913 1147
914 1081
914 1123
914 1233
914 1283
915 934
915 995
915 1122
915 1139
915 1252
916 1021
916 1046
916 1283
917 942
917 1009
917 1029
917 1039
917 1050
917 1079
917 1089
917 1097
917 1279
917 1284
918 989
918 1088
918 1092
918 1138
918 1181
918 1213
919 926
919 945
919 1037
919 1054
919 1183
919 1243
919 1251
920 922
920 924
920 945
920 1082
920 1149
920 1265
920 1282
921 969
921 971
921 982
921 1171
921 1254
921 1276
922 934
922 1001
922 1082
922 1238
923 930
923 1138
924 1004
924 1052
924 1127
924 1132
924 1149
924 1180
924 1199
924 1209
924 1282
925 987
925 1032
925 1247
926 936
926 1050
926 1054
926 1183
926 1220
926 1251
927 1125
927 1192
928 1017
928 1035
929 942
929 972
929 1039
929 1089
929 1097
929 1124
929 1186
929 1244
930 1166
931 988
931 1022
931 1080
931 1139
931 1188
931 1287
932 974
932 1069
932 1110
932 1207
932 1261
933 1068
933 1100
933 1147
933 1158
934 1001
934 1090
934 1139
934 1165
934 1238
935 947
935 975
935 1022
935 1178
936 1007
936 1050
936 1267
937 1008
937 1208
938 995
938 1000
938 1231
938 1246
939 946
939 960
939 1002
939 1047
939 1111
939 1194
939 1210
940 959
940 994
940 1011
940 1056
940 1071
940 1257
941 1197
942 1026
942 1097
942 1124
942 1227
942 1284
943 1012
943 1017
943 1144
943 1207
943 1240
944 962
944 1036
944 1092
944 1213
945 1037
945 1265
946 983
946 1002
946 1047
946 1210
947 954
947 1033
947 1085
948 1145
948 1266
948 1273
949 991
949 1062
949 1209
950 951
950 957
950 1021
950 1099
950 1156
951 1021
951 1087
951 1099
951 1150
951 1202
952 959
952 976
952 1071
952 1151
952 1234
952 1252
953 1014
953 1025
953 1043
953 1164
953 1270
954 1085
954 1219
955 963
955 1005
955 1270
956 1003
956 1155
956 1169
956 1193
956 1233
956 1266
956 1267
957 1076
957 1137
957 1156
957 1201
957 1215
957 1235
958 979
958 1090
958 1206
958 1250
958 1287
959 976
959 1071
959 1136
959 1257
960 1111
960 1123
960 1275
961 1009
961 1130
961 1247
961 1277
962 1036
962 1067
962 1133
962 1181
962 1184
962 1213
963 1228
963 1259
964 977
964 983
964 1038
964 1084
964 1152
964 1282
965 1229
966 1010
966 1179
966 1229
967 1111
967 1168
967 1194
968 1117
968 1132
969 982
969 986
969 1077
969 1230
969 1276
970 988
970 1037
970 1145
970 1183
970 1221
970 1243
971 1116
971 1145
971 1171
972 1039
972 1049
972 1062
972 1089
972 1106
972 1124
972 1284
973 991
973 1085
973 1101
973 1185
973 1222
973 1290
974 1034
974 1069
974 1110
974 1207
974 1258
974 1290
975 1027
975 1033
975 1055
976 1071
976 1143
976 1204
977 1061
977 1079
977 1239
978 1028
978 1275
979 1042
979 1224
980 1126
980 1146
980 1159
980 1170
980 1210
980 1282
980 1292
981 1020
981 1140
981 1165
981 1252
981 1287
982 1207
982 1223
982 1276
983 1047
983 1084
983 1085
984 987
984 1001
984 1023
984 1032
984 1265
985 1039
985 1113
985 1228
985 1259
986 1077
986 1177
986 1226
986 1289
988 1188
988 1264
988 1286
989 1071
989 1103
989 1257
989 1285
990 1142
990 1242
991 1062
991 1085
991 1091
991 1185
991 1209
991 1290
992 1052
992 1149
992 1232
992 1255
993 1086
993 1118
993 1141
994 1011
994 1024
994 1056
994 1071
994 1136
995 1000
995 1092
995 1211
995 1246
995 1252
996 1117
997 1066
997 1115
997 1137
997 1141
998 1005
998 1102
998 1151
998 1159
998 1170
998 1184
998 1196
998 1204
999 1070
999 1073
999 1153
1000 1091
1000 1103
1000 1173
1000 1229
1000 1246
1001 1032
1001 1082
1001 1238
1001 1265
1002 1114
1002 1210
1002 1227
1003 1040
1003 1120
1003 1155
1003 1169
1003 1266
1003 1273
1004 1052
1004 1075
1004 1082
1004 1132
1004 1139
1004 1199
1004 1209
1004 1238
1005 1055
1005 1170
1005 1196
1005 1214
1005 1270
1006 1295
1007 1191
1007 1237
1008 1200
1009 1029
1009 1089
1009 1113
1009 1277
1010 1093
1010 1103
1010 1143
1010 1179
1010 1214
1010 1234
1011 1030
1011 1056
1011 1071
1011 1136
1012 1018
1012 1109
1012 1144
1013 1018
1013 1054
1013 1059
1013 1096
1014 1154
1015 1023
1015 1192
1015 1206
1015 1274
1015 1277
1016 1041
1016 1187
1017 1035
1017 1070
1017 1205
1018 1038
1018 1096
1018 1109
1018 1292
1019 1068
1019 1237
1019 1249
1019 1255
1020 1090
1020 1188
1021 1067
1021 1099
1021 1150
1021 1269
1021 1283
1022 1027
1022 1178
1023 1042
1023 1206
1023 1274
1024 1155
1025 1051
1025 1065
1025 1164
1025 1191
1025 1196
1025 1270
1026 1124
1026 1216
1026 1227
1026 1288
1027 1033
1028 1125
1028 1148
1028 1191
1029 1089
1029 1113
1029 1130
1030 1116
1030 1279
1031 1104
1031 1271
1032 1080
1032 1247
1032 1265
1032 1274
1033 1219
1033 1235
1033 1291
1034 1063
1034 1064
1034 1169
1034 1258
1034 1273
1035 1094
1035 1188
1035 1208
1035 1246
1036 1064
1036 1087
1036 1102
1036 1181
1036 1213
1037 1145
1037 1161
1037 1183
1037 1220
1038 1052
1038 1126
1038 1127
1038 1152
1038 1265
1038 1282
1038 1292
1039 1050
1039 1079
1039 1089
1039 1113
1039 1124
1039 1259
1039 1279
1040 1050
1040 1063
1040 1221
1041 1219
1043 1098
1044 1121
1044 1272
1045 1083
1045 1095
1045 1144
1046 1149
1046 1195
1046 1249
1047 1194
1048 1079
1048 1190
1048 1195
1048 1202
1048 1218
1048 1248
1049 1062
1049 1072
1049 1106
1049 1144
1050 1079
1050 1279
1051 1065
1051 1148
1051 1196
1051 1270
1052 1126
1052 1127
1052 1132
1052 1199
1052 1209
1052 1265
1053 1141
1053 1189
1053 1201
1053 1215
1054 1161
1054 1183
1054 1251
1054 1278
1055 1214
1056 1071
1056 1155
1056 1182
1057 1072
1057 1160
1057 1166
1057 1267
1058 1174
1058 1231
1058 1272
1059 1096
1059 1104
1059 1161
1059 1245
1059 1251
1060 1177
1060 1225
1060 1268
1060 1295
1061 1135
1061 1146
1061 1239
1062 1106
1062 1127
1062 1209
1062 1238
1062 1262
1063 1064
1063 1169
1063 1221
1063 1237
1063 1273
1064 1169
1064 1198
1064 1218
1064 1273
1065 1196
1065 1259
1066 1069
1066 1077
1066 1130
1066 1171
1067 1087
1067 1150
1067 1184
1067 1269
1068 1100
1068 1158
1069 1110
1069 1130
1069 1172
1069 1207
1070 1074
1070 1205
1070 1294
1071 1285
1072 1166
1072 1267
1073 1153
1073 1205
1073 1248
1074 1104
1074 1106
1074 1294
1075 1180
1075 1238
1075 1253
1076 1215
1076 1217
1076 1235
1077 1119
1077 1171
1077 1172
1078 1131
1078 1256
1079 1190
1079 1218
1079 1279
1080 1139
1080 1274
1080 1287
1081 1107
1081 1111
1081 1123
1081 1167
1081 1179
1081 1233
1081 1283
1082 1139
1084 1212
1085 1185
1085 1290
1086 1118
1086 1141
1086 1186
1087 1102
1087 1181
1087 1202
1088 1118
1088 1138
1088 1187
1088 1213
1089 1124
1089 1142
1089 1190
1090 1165
1090 1188
1090 1206
1090 1287
1091 1103
1091 1229
1092 1181
1092 1211
1093 1171
1094 1173
1094 1211
1094 1231
1094 1246
1095 1109
1095 1144
1096 1104
1096 1161
1096 1245
1096 1251
1097 1124
1097 1174
1097 1176
1097 1186
1097 1198
1097 1244
1097 1284
1097 1288
1098 1152
1098 1247
1099 1156
1099 1215
1099 1244
1100 1158
1100 1190
1101 1132
1101 1222
1101 1230
1101 1262
1102 1181
1102 1184
1103 1143
1103 1214
1103 1229
1103 1234
1103 1257
1104 1106
1104 1161
1104 1245
1104 1251
1105 1118
1105 1137
1105 1138
1105 1187
1106 1168
1106 1214
1106 1260
1107 1111
1107 1160
1107 1163
1107 1179
1107 1260
1108 1147
1108 1158
1108 1162
1108 1241
1109 1254
1110 1207
1110 1276
1110 1285
1111 1179
1112 1157
1112 1192
1112 1226
1112 1289
1113 1130
1113 1259
1114 1134
1114 1194
1114 1216
1115 1137
1115 1141
1115 1223
1115 1276
1116 1203
1117 1199
1117 1262
1118 1141
1118 1187
1119 1172
1119 1222
1119 1230
1120 1273
1120 1278
1120 1280
1121 1268
1122 1211
1123 1233
1123 1283
1124 1174
1124 1176
1124 1198
1124 1227
1124 1288
1125 1142
1125 1279
1126 1127
1126 1159
1126 1265
1126 1282
1127 1180
1127 1238
1127 1262
1127 1265
1128 1213
1128 1245
1128 1257
1128 1264
1129 1233
1130 1247
1131 1133
1131 1256
1132 1199
1132 1209
1132 1262
1133 1181
1134 1194
1135 1146
1135 1239
1137 1141
1137 1187
1137 1201
1138 1213
1139 1287
1140 1193
1140 1252
1141 1215
1142 1190
1142 1279
1143 1214
1143 1234
1145 1183
1145 1266
1147 1158
1147 1162
1148 1191
1148 1270
1149 1232
1149 1282
1150 1156
1150 1269
1151 1159
1151 1204
1151 1208
1151 1252
1151 1255
1152 1282
1153 1162
1155 1169
1155 1182
1155 1266
1157 1192
1157 1289
1158 1162
1158 1271
1159 1204
1159 1282
1159 1292
1160 1163
1161 1220
1161 1245
1161 1251
1161 1278
1162 1175
1163 1200
1164 1217
1164 1270
1164 1283
1165 1250
1165 1287
1166 1254
1166 1267
1168 1214
1168 1260
1169 1266
1169 1273
1169 1280
1170 1196
1170 1210
1170 1292
1172 1240
1173 1211
1173 1231
1174 1176
1174 1198
1174 1231
1174 1272
1174 1288
1176 1198
1176 1210
1176 1288
1177 1226
1177 1289
1178 1256
1182 1294
1183 1251
1185 1290
1186 1197
1186 1244
1188 1208
1189 1201
1189 1261
1190 1218
1192 1289
1193 1233
1195 1249
1195 1269
1198 1218
1198 1227
1198 1288
1199 1209
1199 1222
1199 1240
1199 1244
1199 1262
1200 1204
1201 1290
1202 1248
1202 1269
1203 1242
1205 1248
1206 1250
1206 1274
1206 1287
1207 1240
1208 1255
1209 1284
1210 1292
1211 1231
1213 1257
1214 1234
1214 1260
1215 1235
1215 1244
1216 1288
1219 1235
1219 1291
1221 1243
1221 1266
1222 1240
1222 1244
1225 1236
1225 1295
1226 1289
1231 1272
1232 1289
1233 1283
1235 1291
1236 1268
1237 1249
1238 1262
1240 1244
1241 1263
1243 1264
1245 1251
1245 1272
1258 1263
1264 1286
1276 1285
1278 1280
