40 240
16 6
16 15
16 17
16 2
16 1
16 38
16 26
16 7
16 12
16 11
16 9
16 39
6 15
6 17
6 18
6 35
6 3
6 4
6 30
6 23
6 22
6 37
6 24
15 9
15 24
15 29
15 8
15 27
15 20
15 19
15 0
15 14
15 36
17 39
17 37
17 13
17 34
17 25
17 28
17 32
17 5
17 14
17 36
2 1
2 7
2 4
2 22
2 24
2 21
2 29
2 8
2 25
2 32
2 5
1 12
1 30
1 23
1 37
1 33
1 29
1 34
1 27
1 28
1 0
38 26
38 7
38 4
38 23
38 24
38 33
38 10
38 13
38 34
38 20
38 36
26 12
26 30
26 22
26 37
26 21
26 31
26 13
26 8
26 19
26 14
7 18
7 35
7 3
7 10
7 25
7 19
7 28
7 0
7 14
12 18
12 35
12 3
12 31
12 27
12 20
12 32
12 5
12 36
11 9
11 39
11 18
11 35
11 3
11 33
11 21
11 13
11 29
11 8
11 34
9 30
9 22
9 33
9 31
9 10
9 25
9 20
9 28
9 5
39 4
39 23
39 21
39 31
39 10
39 27
39 19
39 32
39 0
18 37
18 24
18 31
18 10
18 8
18 34
18 5
18 0
35 23
35 22
35 13
35 29
35 20
35 19
35 28
35 32
3 4
3 30
3 33
3 21
3 27
3 25
3 14
3 36
4 30
4 31
4 29
4 34
4 20
4 19
4 5
30 10
30 13
30 8
30 28
30 32
30 0
23 22
23 33
23 31
23 8
23 25
23 0
23 36
22 21
22 10
22 34
22 27
22 5
22 14
37 33
37 21
37 10
37 29
37 25
37 20
37 19
24 33
24 21
24 31
24 13
24 27
24 28
24 32
33 19
33 32
33 5
33 14
21 20
21 28
21 0
21 36
31 29
31 25
31 28
31 14
10 29
10 27
10 32
10 36
13 29
13 27
13 25
13 5
13 0
29 14
29 36
8 34
8 25
8 19
8 32
8 36
34 27
34 20
34 28
34 14
27 25
27 19
25 20
20 32
20 0
19 28
19 5
28 36
32 14
5 0
5 36
0 14
