40 240
19 15
19 24
19 6
19 34
19 39
19 29
19 18
19 36
19 33
19 25
19 12
19 10
15 24
15 6
15 4
15 21
15 11
15 37
15 1
15 23
15 20
15 2
15 31
24 12
24 31
24 13
24 30
24 0
24 16
24 28
24 3
24 38
24 22
6 10
6 2
6 32
6 9
6 26
6 17
6 27
6 14
6 38
6 22
34 39
34 36
34 37
34 20
34 31
34 8
34 13
34 30
34 26
34 27
34 14
39 33
39 1
39 23
39 2
39 35
39 13
39 9
39 0
39 17
39 3
29 18
29 36
29 37
29 23
29 31
29 35
29 7
29 32
29 9
29 16
29 22
18 33
18 1
18 20
18 2
18 8
18 5
18 32
18 30
18 28
18 38
36 4
36 21
36 11
36 7
36 26
36 28
36 17
36 3
36 38
33 4
33 21
33 11
33 5
33 0
33 16
33 27
33 14
33 22
25 12
25 10
25 4
25 21
25 11
25 35
25 8
25 32
25 13
25 30
25 9
12 1
12 20
12 35
12 5
12 7
12 26
12 16
12 17
12 14
10 37
10 23
10 8
10 5
10 7
10 0
10 28
10 27
10 3
4 2
4 31
4 5
4 7
4 30
4 9
4 14
4 3
21 23
21 20
21 32
21 13
21 16
21 28
21 17
21 27
11 37
11 1
11 35
11 8
11 0
11 26
11 38
11 22
37 1
37 5
37 13
37 9
37 16
37 28
37 14
1 7
1 32
1 30
1 17
1 27
1 3
23 20
23 35
23 5
23 30
23 26
23 3
23 22
20 8
20 7
20 9
20 0
20 14
20 38
2 35
2 8
2 7
2 13
2 26
2 16
2 28
31 35
31 8
31 5
31 32
31 0
31 17
31 27
35 28
35 27
35 14
35 38
8 16
8 17
8 3
8 22
5 13
5 26
5 17
5 38
7 13
7 0
7 27
7 22
32 13
32 0
32 26
32 14
32 3
13 38
13 22
30 9
30 26
30 28
30 27
30 22
9 0
9 16
9 17
9 38
0 26
0 28
26 16
16 27
16 3
28 17
28 14
17 22
27 38
14 3
14 22
3 38
