40 240
10 3
10 28
10 25
10 27
10 33
10 21
10 22
10 2
10 5
10 23
10 26
10 14
3 28
3 25
3 18
3 31
3 36
3 1
3 38
3 6
3 15
3 32
3 34
28 26
28 34
28 7
28 20
28 35
28 17
28 8
28 19
28 29
28 4
25 14
25 32
25 24
25 16
25 39
25 30
25 11
25 12
25 29
25 4
27 33
27 2
27 1
27 15
27 34
27 37
27 7
27 20
27 39
27 11
27 12
33 5
33 38
33 6
33 32
33 0
33 7
33 16
33 35
33 30
33 19
21 22
21 2
21 1
21 6
21 34
21 0
21 9
21 24
21 16
21 17
21 4
22 5
22 38
22 15
22 32
22 37
22 13
22 24
22 20
22 8
22 29
2 18
2 31
2 36
2 9
2 39
2 8
2 30
2 19
2 29
5 18
5 31
5 36
5 13
5 35
5 17
5 11
5 12
5 4
23 26
23 14
23 18
23 31
23 36
23 0
23 37
23 24
23 7
23 20
23 16
26 38
26 15
26 0
26 13
26 9
26 39
26 17
26 30
26 12
14 1
14 6
14 37
14 13
14 9
14 35
14 8
14 11
14 19
18 32
18 34
18 13
18 9
18 20
18 16
18 12
18 19
31 6
31 15
31 24
31 7
31 17
31 8
31 30
31 11
36 1
36 38
36 0
36 37
36 35
36 39
36 29
36 4
1 38
1 13
1 7
1 16
1 17
1 8
1 12
38 9
38 24
38 20
38 30
38 11
38 19
6 15
6 0
6 13
6 20
6 39
6 19
6 4
15 37
15 9
15 16
15 35
15 12
15 29
32 0
32 37
32 9
32 7
32 39
32 17
32 8
34 0
34 37
34 13
34 24
34 35
34 30
34 11
0 8
0 11
0 12
0 29
37 17
37 30
37 19
37 4
13 7
13 39
13 30
13 29
9 7
9 35
9 11
9 4
24 7
24 35
24 39
24 12
24 19
7 29
7 4
20 16
20 39
20 8
20 11
20 4
16 35
16 17
16 30
16 29
35 39
35 8
39 17
17 11
17 19
8 30
8 12
30 4
11 29
12 19
12 4
19 29
