40 240
37 29
37 10
37 11
37 20
37 32
37 27
37 7
37 4
37 35
37 13
37 22
37 34
29 10
29 11
29 2
29 21
29 6
29 36
29 3
29 9
29 28
29 39
29 8
10 22
10 8
10 14
10 16
10 26
10 38
10 30
10 25
10 18
10 1
11 34
11 39
11 23
11 17
11 5
11 31
11 12
11 33
11 18
11 1
20 32
20 4
20 36
20 28
20 8
20 0
20 14
20 16
20 5
20 12
20 33
32 35
32 3
32 9
32 39
32 24
32 14
32 17
32 26
32 31
32 25
27 7
27 4
27 36
27 9
27 8
27 24
27 15
27 23
27 17
27 38
27 1
7 35
7 3
7 28
7 39
7 0
7 19
7 23
7 16
7 30
7 18
4 2
4 21
4 6
4 15
4 5
4 30
4 31
4 25
4 18
35 2
35 21
35 6
35 19
35 26
35 38
35 12
35 33
35 1
13 22
13 34
13 2
13 21
13 6
13 24
13 0
13 23
13 14
13 16
13 17
22 3
22 28
22 24
22 19
22 15
22 5
22 38
22 31
22 33
34 36
34 9
34 0
34 19
34 15
34 26
34 30
34 12
34 25
2 39
2 8
2 19
2 15
2 16
2 17
2 33
2 25
21 9
21 28
21 23
21 14
21 38
21 30
21 31
21 12
6 36
6 3
6 24
6 0
6 26
6 5
6 18
6 1
36 3
36 19
36 14
36 17
36 38
36 30
36 33
3 15
3 23
3 16
3 31
3 12
3 25
9 28
9 24
9 19
9 16
9 5
9 25
9 1
28 0
28 15
28 17
28 26
28 33
28 18
39 24
39 0
39 15
39 14
39 5
39 38
39 30
8 24
8 0
8 19
8 23
8 26
8 31
8 12
24 30
24 12
24 33
24 18
0 38
0 31
0 25
0 1
19 14
19 5
19 31
19 18
15 14
15 26
15 12
15 1
23 14
23 26
23 5
23 33
23 25
14 18
14 1
16 17
16 5
16 30
16 12
16 1
17 26
17 38
17 31
17 18
26 5
26 30
5 38
38 12
38 25
30 31
30 33
31 1
12 18
33 25
33 1
25 18
