25 150
0 1
0 2
0 3
0 4
0 5
0 6
0 7
0 8
0 9
0 10
0 11
0 12
1 2
1 3
1 4
1 5
1 6
1 13
1 14
1 15
1 16
1 17
1 18
2 3
2 8
2 9
2 12
2 14
2 16
2 18
2 20
2 23
2 24
3 10
3 11
3 12
3 15
3 17
3 18
3 21
3 22
3 24
4 5
4 6
4 8
4 9
4 15
4 17
4 19
4 21
4 23
4 24
5 6
5 7
5 12
5 13
5 18
5 19
5 20
5 22
5 24
6 10
6 11
6 14
6 16
6 20
6 21
6 22
6 23
7 8
7 9
7 10
7 12
7 13
7 15
7 16
7 17
7 20
7 22
8 9
8 11
8 14
8 16
8 17
8 19
8 22
8 24
9 11
9 13
9 15
9 18
9 20
9 21
9 23
10 11
10 12
10 14
10 15
10 17
10 19
10 20
10 23
11 13
11 14
11 18
11 19
11 21
11 22
12 13
12 16
12 19
12 21
12 23
12 24
13 14
13 15
13 16
13 18
13 19
13 21
14 15
14 16
14 19
14 20
14 24
15 17
15 20
15 21
15 24
16 17
16 21
16 22
16 23
17 18
17 19
17 22
17 23
18 19
18 20
18 22
18 23
19 23
19 24
20 22
20 23
20 24
21 22
21 23
21 24
22 24
